000041 上证公用 日线
      日期	    开盘	    最高	    最低	    收盘	    成交量	    成交额
01/09/2009;1435.58;1469.94;1435.58;1450.83;2646784;1670449664.000
01/12/2009;1450.80;1475.42;1441.33;1459.44;2573719;1720632704.000
01/13/2009;1445.43;1446.38;1420.18;1423.89;2457094;1556449792.000
01/14/2009;1422.42;1467.47;1420.13;1465.56;3001021;2090538624.000
01/15/2009;1454.37;1479.06;1447.99;1466.16;3275897;2282473216.000
01/16/2009;1475.09;1507.53;1474.22;1495.85;3669374;2578825728.000
01/19/2009;1523.41;1540.96;1483.70;1503.27;4278257;2952777216.000
01/20/2009;1505.09;1509.07;1475.41;1507.19;2293691;1603904640.000
01/21/2009;1487.00;1501.70;1475.69;1490.77;2691686;1929239552.000
01/22/2009;1493.29;1503.47;1482.56;1502.41;2249594;1562273152.000
01/23/2009;1500.66;1508.56;1489.95;1495.47;2675659;1899392768.000
02/02/2009;1512.24;1557.04;1503.89;1556.67;2818704;1895053568.000
02/03/2009;1553.43;1601.28;1546.59;1598.95;4435816;2924936960.000
02/04/2009;1606.51;1619.56;1594.62;1618.79;4276314;2919305728.000
02/05/2009;1620.52;1631.55;1590.39;1601.20;5123479;3480520960.000
02/06/2009;1602.61;1670.33;1602.61;1663.60;5411040;3669647104.000
02/09/2009;1681.60;1707.79;1666.22;1698.28;5959859;4198697728.000
02/10/2009;1690.80;1708.65;1660.29;1707.97;5113343;3640212480.000
02/11/2009;1680.84;1756.46;1669.48;1734.64;6775279;4889454080.000
02/12/2009;1733.30;1744.19;1682.32;1735.86;5439233;3911150592.000
02/13/2009;1731.30;1797.08;1721.14;1791.19;6316188;4615264256.000
02/16/2009;1812.00;1828.55;1782.38;1826.26;7839766;5752064000.000
02/17/2009;1821.66;1854.57;1793.93;1795.01;8152880;6110257152.000
02/18/2009;1753.01;1776.25;1687.90;1691.87;5972745;4415251456.000
02/19/2009;1701.67;1743.21;1685.26;1741.33;3889783;2884233472.000
02/20/2009;1736.98;1810.64;1717.83;1797.18;4540492;3360221952.000
02/23/2009;1795.89;1849.75;1772.08;1842.01;5717517;4294829056.000
02/24/2009;1825.45;1857.65;1743.08;1756.77;6199626;4631496704.000
02/25/2009;1769.72;1784.40;1710.33;1750.85;5030442;3675530240.000
02/26/2009;1749.33;1788.07;1626.35;1651.16;4926528;3527796992.000
02/27/2009;1630.83;1654.31;1576.82;1586.48;3868206;2545249792.000
03/02/2009;1577.83;1636.25;1574.41;1632.62;2665608;1810679424.000
03/03/2009;1596.76;1651.99;1581.64;1639.67;2874984;2057508992.000
03/04/2009;1645.81;1723.34;1645.81;1719.21;4309401;3111824640.000
03/05/2009;1734.22;1754.42;1696.27;1738.04;5558693;4002707200.000
03/06/2009;1703.01;1724.60;1686.33;1705.61;3096803;2321239296.000
03/09/2009;1719.63;1741.35;1641.70;1652.81;3127552;2278937088.000
03/10/2009;1637.33;1673.13;1632.97;1671.65;1834400;1318248832.000
03/11/2009;1698.74;1702.66;1653.86;1663.96;2426185;1810117120.000
03/12/2009;1663.34;1673.84;1628.81;1669.72;2890860;2163902976.000
03/13/2009;1677.32;1690.88;1650.92;1659.45;2405252;1838440704.000
03/16/2009;1656.46;1661.62;1629.16;1659.38;1901468;1350353920.000
03/17/2009;1660.04;1708.20;1656.79;1706.56;3618142;2705434112.000
03/18/2009;1712.63;1732.36;1708.85;1715.57;4341077;3035758336.000
03/19/2009;1718.06;1738.84;1705.73;1738.03;4024695;2936767744.000
03/20/2009;1741.68;1743.36;1704.38;1729.32;3917353;3083080448.000
03/23/2009;1728.34;1750.01;1718.83;1748.77;4567437;3521287936.000
03/24/2009;1763.17;1787.83;1743.72;1780.73;5155533;3862960640.000
03/25/2009;1773.79;1781.16;1721.89;1724.36;4650618;3428591104.000
03/26/2009;1725.88;1771.20;1706.59;1769.98;5108261;4127053312.000
03/27/2009;1786.72;1813.85;1783.16;1806.34;6719764;5116235264.000
03/30/2009;1830.46;1857.99;1826.30;1842.59;6922564;5756167168.000
03/31/2009;1817.85;1857.83;1798.68;1855.83;6692140;6560678912.000
04/01/2009;1859.98;1869.83;1846.91;1864.90;6961666;6238606848.000
04/02/2009;1870.47;1878.99;1852.95;1861.92;6907976;6043686912.000
04/03/2009;1869.69;1874.86;1813.47;1821.33;5670654;4921264128.000
04/07/2009;1818.62;1838.37;1815.63;1837.11;3717984;3193250304.000
04/08/2009;1830.00;1831.84;1758.22;1758.67;4397584;3788668928.000
04/09/2009;1756.10;1778.61;1741.40;1777.28;3132609;2653469184.000
04/10/2009;1787.60;1824.15;1777.09;1822.67;5212607;4524974592.000
04/13/2009;1847.15;1857.38;1835.42;1853.99;6899283;5665895424.000
04/14/2009;1855.97;1885.11;1838.26;1878.01;7010219;5597883392.000
04/15/2009;1878.82;1903.11;1855.42;1902.34;8052577;6570498560.000
04/16/2009;1903.42;1903.42;1863.07;1886.41;6627962;5441922560.000
04/17/2009;1888.36;1892.28;1844.76;1864.77;5328262;4460374016.000
04/20/2009;1867.76;1922.32;1867.09;1921.31;6773553;5185980928.000
04/21/2009;1900.59;1936.93;1887.48;1936.51;6372247;5197250048.000
04/22/2009;1945.89;1969.32;1857.09;1872.90;7410449;5947354112.000
04/23/2009;1859.78;1903.92;1843.41;1896.06;4885471;3862754048.000
04/24/2009;1907.30;1912.14;1881.74;1883.58;4732681;3813807872.000
04/27/2009;1883.20;1886.95;1812.33;1813.91;4073240;3099032320.000
04/28/2009;1804.28;1823.34;1791.26;1813.35;2705350;1979173376.000
04/29/2009;1816.44;1862.92;1814.12;1859.41;3546426;2915245824.000
04/30/2009;1871.50;1890.46;1861.89;1880.28;4625185;4061472768.000
05/04/2009;1885.90;1937.02;1885.90;1935.69;5810683;4867612672.000
05/05/2009;1943.53;1980.58;1939.30;1970.37;7005958;5919226368.000
05/06/2009;1966.44;2001.63;1956.07;2000.73;6420351;5197014528.000
05/07/2009;2010.41;2014.58;1949.59;1985.86;6514457;5759454208.000
05/08/2009;1973.06;1997.86;1960.81;1985.45;6337866;5350430720.000
05/11/2009;1997.63;2003.27;1922.31;1922.62;6716951;5477736960.000
05/12/2009;1908.58;1971.72;1903.11;1970.08;4654750;3944160512.000
05/13/2009;1968.34;1995.72;1964.27;1982.12;5009737;4271393792.000
05/14/2009;1965.86;2007.26;1958.53;2005.85;5276506;4392179200.000
05/15/2009;2013.76;2018.66;1975.58;1994.70;4613689;3818153216.000
05/18/2009;1990.16;2013.22;1977.26;2009.67;4844659;3850688000.000
05/19/2009;2021.00;2026.56;1997.22;2015.30;5285113;4537081856.000
05/20/2009;2016.47;2020.56;1996.23;1999.24;4299006;3652628992.000
05/21/2009;1989.34;2007.46;1948.65;1962.80;4747013;3905904896.000
05/22/2009;1961.44;1986.86;1959.59;1970.36;3912773;3374069248.000
05/25/2009;1934.52;1997.52;1919.50;1989.09;4836053;4328749568.000
05/26/2009;1988.41;2009.92;1976.64;1979.64;4101012;3773087744.000
05/27/2009;1992.70;1997.96;1953.90;1969.57;3449512;3017898752.000
06/01/2009;1981.78;2006.70;1971.25;2002.78;4666211;4045258496.000
06/02/2009;2012.96;2023.47;1997.82;2007.16;4635186;4100427776.000
06/03/2009;2004.24;2018.01;1993.81;2017.08;4534132;4188047104.000
06/04/2009;2008.84;2029.89;1985.03;2027.59;6001844;5038395392.000
06/05/2009;2031.37;2036.58;1988.48;1990.38;5830055;4895617024.000
06/08/2009;1993.51;2005.46;1972.98;1988.50;4392065;3807918592.000
06/09/2009;1983.16;1991.46;1943.25;1978.88;3437428;2880309760.000
06/10/2009;1980.78;2000.18;1970.80;1997.11;4622068;3604220928.000
06/11/2009;1997.33;2005.54;1971.68;1981.39;4081540;3424803584.000
06/12/2009;1973.07;1976.98;1925.96;1934.26;3915260;3225706496.000
06/15/2009;1930.56;1944.50;1919.94;1943.10;2898579;2254539264.000
06/16/2009;1935.26;1946.08;1928.43;1941.77;2805906;2210061568.000
06/17/2009;1940.85;1964.84;1929.84;1964.20;3549896;2822017024.000
06/18/2009;1964.05;1967.84;1952.01;1966.04;3461448;2868548608.000
06/19/2009;1973.19;1995.58;1961.39;1994.21;5297867;4254278400.000
06/22/2009;2009.18;2030.01;1999.09;2006.72;7128502;5544898560.000
06/23/2009;1977.95;2008.61;1966.42;1993.28;5308580;4081050880.000
06/24/2009;1995.03;2023.43;1992.13;2019.87;5224317;4209085952.000
06/25/2009;2022.73;2032.34;2002.88;2009.28;4040825;3037887232.000
06/26/2009;2010.57;2016.62;1981.42;1990.80;3094379;2518920448.000
06/29/2009;1994.30;2032.08;1993.73;2030.69;4397690;3673873408.000
06/30/2009;2038.29;2044.22;2008.63;2012.99;4311044;3186105088.000
07/01/2009;2003.48;2032.73;2002.73;2030.86;4484011;3864302336.000
07/02/2009;2042.57;2049.33;2021.16;2041.80;6046512;4722562048.000
07/03/2009;2030.64;2079.84;2026.79;2076.98;6777073;5593218048.000
07/06/2009;2085.94;2104.01;2065.33;2101.31;8027192;6886753792.000
07/07/2009;2111.19;2143.77;2109.36;2122.47;9641827;7824397312.000
07/08/2009;2111.82;2118.60;2073.65;2109.77;6568541;5387064320.000
07/09/2009;2106.48;2136.76;2098.20;2136.07;6214935;5733857280.000
07/10/2009;2135.04;2152.01;2126.67;2139.27;6379704;5756677120.000
07/13/2009;2137.27;2164.63;2130.00;2148.75;5833707;5442026496.000
07/14/2009;2156.61;2210.45;2156.61;2209.94;8681216;7567399424.000
07/15/2009;2216.76;2257.01;2213.31;2238.67;8617343;8010694144.000
07/16/2009;2248.31;2257.73;2196.64;2202.02;6611936;6291273728.000
07/17/2009;2199.56;2217.13;2183.67;2208.15;5425255;5036331520.000
07/20/2009;2219.37;2270.16;2219.37;2264.98;8366600;8079931904.000
07/21/2009;2276.04;2281.03;2196.54;2204.94;8186146;8013314560.000
07/22/2009;2206.26;2235.69;2206.26;2231.88;6227409;5898887680.000
07/23/2009;2234.25;2276.00;2228.43;2275.69;7556610;6674177536.000
07/24/2009;2293.16;2299.73;2218.28;2264.81;8319690;7648471552.000
07/27/2009;2276.36;2299.92;2275.34;2294.24;7394335;6810071552.000
07/28/2009;2304.97;2322.66;2275.05;2321.86;7736550;7603245056.000
07/29/2009;2318.47;2372.09;2135.98;2227.36;10579948;9953941504.000
07/30/2009;2238.24;2267.82;2176.12;2252.00;7092531;6548152832.000
07/31/2009;2270.98;2383.15;2262.51;2361.96;10203414;9518575616.000
08/03/2009;2388.15;2439.70;2362.21;2430.49;10714423;10135802880.000
08/04/2009;2440.23;2442.09;2378.90;2436.98;8386907;8304245248.000
08/05/2009;2433.73;2447.56;2371.97;2423.19;7710353;7556594688.000
08/06/2009;2398.64;2437.17;2350.25;2386.77;7011787;7544001536.000
08/07/2009;2399.83;2415.98;2298.39;2314.16;6989413;7306534912.000
08/10/2009;2336.93;2350.67;2273.93;2315.89;4388782;4414597120.000
08/11/2009;2326.99;2336.79;2301.09;2333.88;3857264;4226277632.000
08/12/2009;2332.67;2336.19;2200.69;2216.58;5072362;4919254016.000
08/13/2009;2212.57;2226.99;2150.89;2194.31;4339852;3997861376.000
08/14/2009;2196.07;2198.84;2100.02;2102.62;4351778;3942598912.000
08/17/2009;2080.24;2090.85;1965.61;1969.57;4550269;3921687296.000
08/18/2009;1950.43;2041.32;1950.43;2035.07;4205785;3488686592.000
08/19/2009;2035.68;2036.73;1904.18;1923.78;3991001;3331378944.000
08/20/2009;1925.19;2005.94;1925.19;2005.50;4012579;3464225792.000
08/21/2009;2003.11;2053.66;1985.56;2051.70;5036161;4530014720.000
08/24/2009;2044.65;2057.93;2012.41;2047.48;4013870;3548850944.000
08/25/2009;2040.44;2040.44;1944.80;1998.41;4782955;4227665152.000
08/26/2009;1986.08;2062.72;1973.35;2038.48;4464262;3992249600.000
08/27/2009;2032.47;2087.27;2024.39;2061.81;4978012;4390697984.000
08/28/2009;2056.43;2063.26;1995.74;2002.52;3829093;3205712384.000
08/31/2009;1975.57;1975.57;1848.31;1852.68;4219501;3501813248.000
09/01/2009;1840.00;1875.00;1814.96;1836.67;3236232;2495924992.000
09/02/2009;1835.65;1865.70;1821.80;1856.25;2678260;2084251008.000
09/03/2009;1857.87;1936.66;1847.21;1932.29;3784292;3076886528.000
09/04/2009;1937.36;1967.30;1925.67;1961.11;4321435;3583328000.000
09/07/2009;1967.82;2000.82;1959.10;1981.68;4384750;3805953792.000
09/08/2009;1966.31;2007.22;1942.53;2006.64;3992253;3313950208.000
09/09/2009;2007.13;2010.61;1972.83;2004.75;3822551;3303757568.000
09/10/2009;1999.31;2008.15;1976.92;1978.28;3236761;2799957248.000
09/11/2009;1978.64;2033.16;1978.64;2024.88;4557260;4084459264.000
09/14/2009;2039.42;2085.06;2036.90;2070.44;6125241;6004629504.000
09/15/2009;2074.43;2097.93;2072.10;2090.70;5467193;5160608768.000
09/16/2009;2087.44;2087.44;2038.07;2073.07;4758636;4585961984.000
09/17/2009;2075.02;2119.97;2075.02;2117.48;5382696;4879162880.000
09/18/2009;2128.79;2138.00;2036.81;2054.91;6023223;5422671360.000
09/21/2009;2048.28;2081.81;2021.95;2079.87;3957178;3504721408.000
09/22/2009;2079.18;2106.48;2021.06;2021.53;4669489;4083600384.000
09/23/2009;2014.14;2035.33;1936.79;1954.57;4246090;3541060608.000
09/24/2009;1941.10;1962.51;1893.02;1932.12;3254518;2751642112.000
09/25/2009;1927.56;1931.99;1894.27;1909.16;2367628;1992417664.000
09/28/2009;1915.84;1934.94;1863.93;1872.17;2319578;1904094720.000
09/29/2009;1871.40;1882.57;1811.72;1840.79;2099678;1665506432.000
09/30/2009;1856.15;1878.71;1849.44;1855.54;1760714;1441262848.000
10/09/2009;1880.91;1938.60;1880.91;1938.07;2345796;1924291200.000
10/12/2009;1944.12;1946.51;1913.13;1935.28;2584621;2121831680.000
10/13/2009;1927.93;1983.64;1921.24;1982.54;3088830;2475807232.000
10/14/2009;1989.51;2014.88;1984.62;1994.03;3653623;2963574528.000
10/15/2009;2004.49;2019.93;1984.17;1997.77;2574681;2147302528.000
10/16/2009;2009.06;2014.84;1977.55;2006.13;2497524;2114898688.000
10/19/2009;2010.07;2055.35;2009.76;2054.79;4014490;3672035840.000
10/20/2009;2063.31;2067.46;2048.47;2067.11;3783545;3405496320.000
10/21/2009;2070.00;2088.34;2062.54;2063.29;4192867;3669563136.000
10/22/2009;2057.07;2062.72;2034.99;2042.94;2566423;2262171392.000
10/23/2009;2046.80;2084.37;2046.80;2069.63;3689568;3234870784.000
10/26/2009;2071.55;2078.61;2054.11;2068.34;3267754;2895933952.000
10/27/2009;2057.06;2057.06;2020.42;2021.09;3140057;2748261120.000
10/28/2009;2015.69;2055.89;2005.78;2054.90;3496263;3352569600.000
10/29/2009;2026.35;2040.48;2015.53;2021.40;2856846;2647265280.000
10/30/2009;2041.99;2051.26;2019.11;2020.54;2748243;2559402496.000
11/02/2009;1983.10;2051.14;1976.11;2048.80;3570881;3277757696.000
11/03/2009;2051.25;2102.73;2045.36;2101.99;5269421;4699339264.000
11/04/2009;2104.34;2104.34;2083.81;2097.63;4346827;3876116736.000
11/05/2009;2100.24;2122.97;2099.45;2116.22;4445888;4131900928.000
11/06/2009;2129.97;2141.50;2122.07;2126.75;5341313;4837296640.000
11/09/2009;2136.87;2179.07;2136.84;2160.71;6008474;5336710144.000
11/10/2009;2170.86;2175.69;2141.81;2144.17;3857541;3561405696.000
11/11/2009;2141.62;2141.62;2110.62;2132.30;3715995;3415910656.000
11/12/2009;2133.41;2149.10;2123.59;2133.01;3192726;2965589760.000
11/13/2009;2159.61;2166.09;2112.11;2157.92;5989284;5274839552.000
11/16/2009;2167.89;2208.51;2167.89;2208.22;7539789;6848444416.000
11/17/2009;2218.75;2220.19;2194.24;2212.33;5759262;5306072064.000
11/18/2009;2220.00;2263.14;2219.78;2239.67;7208261;6742779392.000
11/19/2009;2250.27;2272.83;2227.53;2271.31;6775374;6544257536.000
11/20/2009;2302.96;2324.61;2264.48;2265.10;11235228;10540212224.000
11/23/2009;2264.33;2270.85;2244.60;2270.13;6759637;6432655872.000
11/24/2009;2275.74;2277.66;2143.77;2149.81;8241426;7683887616.000
11/25/2009;2144.31;2195.82;2125.20;2194.91;5398892;4820149760.000
11/26/2009;2200.30;2201.06;2100.03;2105.14;5850700;5289601024.000
11/27/2009;2089.59;2121.63;2065.80;2073.20;4216937;3644873728.000
11/30/2009;2084.95;2144.48;2084.95;2143.60;4006393;3461242624.000
12/01/2009;2151.13;2187.45;2140.44;2186.64;5265006;4962892800.000
12/02/2009;2198.69;2205.70;2178.44;2198.72;5338900;4932637184.000
12/03/2009;2197.93;2207.86;2178.88;2207.36;4996391;4625991168.000
12/04/2009;2206.93;2219.32;2132.44;2185.96;7368803;6308226560.000
12/07/2009;2191.25;2208.01;2187.55;2207.46;4688722;4142343168.000
12/08/2009;2207.05;2207.27;2160.68;2181.20;4493312;3937961472.000
12/09/2009;2160.26;2164.03;2124.78;2131.11;3573325;3105502720.000
12/10/2009;2142.27;2154.29;2121.91;2141.67;2856907;2443082752.000
12/11/2009;2144.77;2150.80;2130.97;2135.37;2695709;2309961472.000
12/14/2009;2137.22;2139.77;2087.44;2138.81;2978657;2560791296.000
12/15/2009;2134.47;2145.87;2127.31;2135.24;2476123;2132427904.000
12/16/2009;2133.28;2143.07;2117.44;2124.31;2428847;2160294656.000
12/17/2009;2129.71;2134.54;2088.53;2092.76;3361842;2939757568.000
12/18/2009;2077.45;2077.45;2027.54;2035.69;2997403;2473457920.000
12/21/2009;2035.55;2055.48;2030.07;2054.55;2210909;1810869120.000
12/22/2009;2055.49;2059.11;1988.26;1995.63;1988153;1718107008.000
12/23/2009;1985.75;2011.78;1980.66;2005.58;1920919;1555411584.000
12/24/2009;2005.80;2053.01;2004.76;2050.31;2653220;2198286848.000
12/25/2009;2052.97;2052.97;2036.22;2042.32;1384617;1204820736.000
12/28/2009;2046.00;2070.95;2045.43;2066.80;2425924;1950584192.000
12/29/2009;2071.87;2077.18;2049.51;2067.85;2357729;2022934016.000
12/30/2009;2070.04;2081.06;2057.82;2080.74;3164938;2719684864.000
12/31/2009;2081.62;2094.87;2072.24;2091.30;2834631;2425574656.000
01/04/2010;2101.44;2104.91;2078.84;2079.20;2964094;2720266752.000
01/05/2010;2083.30;2088.75;2055.41;2088.19;3640904;3317076736.000
01/06/2010;2088.95;2103.59;2083.55;2086.61;4273821;3811532288.000
01/07/2010;2083.52;2084.92;2040.10;2044.63;4130448;3689664768.000
01/08/2010;2041.39;2061.60;2033.88;2059.49;3000358;2807627008.000
01/11/2010;2079.22;2090.41;2054.86;2063.45;3321154;3078647040.000
01/12/2010;2064.48;2099.08;2057.25;2098.62;4162379;3794532608.000
01/13/2010;2067.48;2094.29;2060.05;2068.92;4167003;3959501312.000
01/14/2010;2073.08;2097.60;2073.08;2097.10;4224574;3774301440.000
01/15/2010;2097.84;2102.54;2089.52;2101.76;4147727;3812233216.000
01/18/2010;2101.05;2130.14;2099.82;2129.58;4608616;4358321152.000
01/19/2010;2133.28;2135.59;2114.30;2120.50;4130005;3877396992.000
01/20/2010;2121.99;2122.82;2075.25;2078.98;4657300;4393115648.000
01/21/2010;2077.32;2101.34;2067.22;2091.38;3967644;4085684480.000
01/22/2010;2076.83;2088.27;2027.83;2055.93;4167107;4030219520.000
01/25/2010;2049.05;2063.69;2034.56;2035.96;2699664;2713602304.000
01/26/2010;2033.03;2046.11;1957.96;1970.20;3209232;3030703104.000
01/27/2010;1971.49;1986.53;1956.04;1962.25;2237808;2114142464.000
01/28/2010;1967.48;1978.28;1955.53;1970.70;1987438;1847711616.000
01/29/2010;1966.93;1988.64;1961.03;1966.32;2344151;2245415424.000
02/01/2010;1965.36;1965.67;1913.36;1933.52;2622971;2352850944.000
02/02/2010;1941.42;1952.19;1918.85;1921.34;1865677;1657033984.000
02/03/2010;1926.22;1966.31;1905.98;1965.38;3161408;2866854912.000
02/04/2010;1965.03;1992.29;1956.02;1979.99;4184843;3650419456.000
02/05/2010;1952.65;1974.04;1939.18;1955.64;4789213;4204270592.000
02/08/2010;1954.66;1959.61;1944.09;1952.94;2506818;2090676736.000
02/09/2010;1948.03;1964.88;1947.38;1964.80;2231343;1895481984.000
02/10/2010;1970.48;1977.89;1959.35;1971.29;1891572;1593402368.000
02/11/2010;1972.08;1975.19;1961.03;1966.17;1651426;1427355520.000
02/12/2010;1969.38;1982.46;1968.55;1982.13;1726971;1517733248.000
02/22/2010;1981.84;1990.00;1972.72;1980.05;2009577;1853218304.000
02/23/2010;1980.47;1990.23;1957.16;1988.84;2424312;2138656512.000
02/24/2010;1981.26;2033.75;1974.38;2033.39;3710242;3407201536.000
02/25/2010;2035.78;2051.87;2029.76;2051.30;4194048;3963377664.000
02/26/2010;2045.74;2054.43;2039.94;2045.31;3459198;3124989952.000
03/01/2010;2046.11;2070.58;2046.03;2067.78;3943844;3474160384.000
03/02/2010;2069.10;2076.76;2050.30;2059.46;3461427;3162467840.000
03/03/2010;2062.07;2093.81;2057.67;2092.52;5338455;4960652800.000
03/04/2010;2098.16;2098.92;2023.32;2031.11;4462268;4016732672.000
03/05/2010;2028.06;2041.19;2011.68;2031.46;3055311;2799955456.000
03/08/2010;2033.34;2047.12;2024.34;2040.88;2374441;2158083328.000
03/09/2010;2040.00;2046.80;2020.78;2043.23;2727522;2345825536.000
03/10/2010;2041.63;2046.66;2012.69;2025.15;2326279;2003519232.000
03/11/2010;2026.37;2034.17;2006.51;2017.57;2118177;1811022208.000
03/12/2010;2019.17;2022.95;1975.03;1988.41;2363618;2036286336.000
03/15/2010;1990.06;1996.01;1966.47;1972.36;2181019;1875881088.000
03/16/2010;1972.02;1983.15;1964.92;1982.28;1755487;1484084608.000
03/17/2010;1988.87;2018.03;1988.64;2017.40;2551861;2244049408.000
03/18/2010;2020.12;2025.53;2007.05;2014.73;2447452;2240920320.000
03/19/2010;2015.15;2030.17;2006.35;2030.03;2732074;2594603520.000
03/22/2010;2031.81;2041.02;2028.30;2038.40;3316816;2920972800.000
03/23/2010;2039.10;2039.84;2022.99;2026.87;3228371;2988341504.000
