000047 上证全指 日线
      日期	    开盘	    最高	    最低	    收盘	    成交量	    成交额
07/03/2009;2625.09;2676.98;2619.73;2676.15;124436171;148648525824.000
07/06/2009;2679.82;2709.95;2679.82;2707.24;150167531;176462987264.000
07/07/2009;2703.15;2720.52;2672.56;2682.67;142278662;158863638528.000
07/08/2009;2657.35;2702.01;2621.83;2689.78;123359616;144142008320.000
07/09/2009;2686.27;2728.62;2676.22;2728.21;131359655;154273562624.000
07/10/2009;2730.65;2750.33;2711.67;2727.30;125170573;148088602624.000
07/13/2009;2712.52;2732.09;2697.23;2699.49;121784295;143819964416.000
07/14/2009;2709.09;2771.00;2709.09;2770.81;124932474;147734577152.000
07/15/2009;2781.01;2807.56;2781.01;2804.35;156281781;183859118080.000
07/16/2009;2822.68;2841.59;2799.53;2807.67;149877946;182518661120.000
07/17/2009;2806.49;2828.01;2792.69;2822.27;126888250;154660306944.000
07/20/2009;2833.41;2882.85;2821.77;2879.41;161044652;200649261056.000
07/21/2009;2890.64;2897.41;2830.21;2836.09;155724631;195830595584.000
07/22/2009;2832.25;2892.19;2832.25;2891.52;134840302;176020176896.000
07/23/2009;2896.28;2927.28;2881.96;2926.30;132787570;165899370496.000
07/24/2009;2941.17;2953.20;2877.10;2938.15;151290824;190153703424.000
07/27/2009;2947.64;3000.61;2943.41;3000.13;158047715;205364674560.000
07/28/2009;2999.79;3010.89;2967.23;3010.26;165380122;208538042368.000
07/29/2009;2999.30;3020.01;2766.22;2849.85;189881845;228448206848.000
07/30/2009;2871.81;2926.77;2813.33;2910.46;144757201;176700620800.000
07/31/2009;2937.79;2990.44;2913.32;2988.57;146669312;183596007424.000
08/03/2009;3004.30;3032.59;2974.87;3030.70;154237706;196134502400.000
08/04/2009;3041.62;3041.62;2971.88;3030.94;164654091;210597691392.000
08/05/2009;3026.36;3033.83;2958.19;2997.95;157799810;201477013504.000
08/06/2009;2972.48;2998.12;2890.77;2937.87;137393617;183098933248.000
08/07/2009;2933.69;2958.00;2845.89;2860.02;117675559;153913278464.000
08/10/2009;2887.52;2905.66;2807.24;2855.37;97696238;128216375296.000
08/11/2009;2866.19;2870.94;2824.47;2861.97;75503986;98851323904.000
08/12/2009;2854.88;2854.88;2726.62;2731.43;102761680;131255500800.000
08/13/2009;2732.23;2767.36;2684.51;2760.13;92011082;118170968064.000
08/14/2009;2758.00;2768.08;2669.11;2674.72;97199323;123195891712.000
08/17/2009;2627.73;2655.92;2510.94;2513.12;98355174;117021302784.000
08/18/2009;2490.35;2552.07;2466.63;2540.56;82305080;95662743552.000
08/19/2009;2544.67;2550.13;2387.84;2413.07;88366941;100832837632.000
08/20/2009;2419.80;2518.47;2419.80;2517.40;84817412;101495586816.000
08/21/2009;2511.53;2576.05;2493.16;2567.05;97723574;113742045184.000
08/24/2009;2580.53;2599.15;2545.46;2589.46;93630664;113918353408.000
08/25/2009;2574.66;2574.66;2427.92;2500.65;110629615;131257286656.000
08/26/2009;2479.33;2575.29;2464.02;2550.02;97043528;115185238016.000
08/27/2009;2535.48;2583.78;2509.75;2544.61;100733588;114988564480.000
08/28/2009;2540.00;2550.97;2445.53;2460.16;94543749;110066630656.000
08/31/2009;2424.97;2424.97;2286.36;2289.60;92013293;103511621632.000
09/01/2009;2269.42;2342.88;2261.87;2297.59;74528479;83448389632.000
09/02/2009;2284.32;2344.25;2275.71;2335.20;64574477;73081864192.000
09/03/2009;2340.50;2463.69;2334.66;2457.76;99739326;115227467776.000
09/04/2009;2459.62;2493.83;2445.91;2480.93;99460230;118020694016.000
09/07/2009;2496.89;2538.92;2480.98;2502.57;98068485;118548242432.000
09/08/2009;2487.33;2553.34;2457.69;2552.91;96736584;121775521792.000
09/09/2009;2564.67;2576.99;2527.88;2567.58;100015496;126565285888.000
09/10/2009;2557.30;2575.49;2532.84;2543.76;78971106;94137237504.000
09/11/2009;2536.06;2616.57;2535.64;2607.01;95357334;113901363200.000
09/14/2009;2614.71;2654.84;2608.04;2649.16;108495096;126986551296.000
09/15/2009;2652.87;2674.97;2625.73;2657.47;108907672;128779157504.000
09/16/2009;2647.63;2651.43;2589.05;2626.57;110004599;135031619584.000
09/17/2009;2639.57;2687.22;2639.57;2680.54;119276597;142182219776.000
09/18/2009;2684.57;2690.57;2564.49;2586.78;126150292;145250762752.000
09/21/2009;2558.48;2600.10;2503.01;2597.84;91689437;110143692800.000
09/22/2009;2588.55;2617.10;2531.84;2532.00;88204225;107865333760.000
09/23/2009;2530.89;2555.49;2461.75;2476.60;77875737;92616245248.000
09/24/2009;2462.15;2523.56;2420.54;2491.37;75163424;89374285824.000
09/25/2009;2473.83;2497.64;2450.41;2473.18;54146918;64445157376.000
09/28/2009;2479.06;2496.52;2390.72;2402.27;50925060;58902683648.000
09/29/2009;2404.30;2421.08;2357.27;2397.65;53732007;59225153536.000
09/30/2009;2415.39;2446.25;2409.58;2421.13;48139236;54954479616.000
10/09/2009;2477.19;2548.32;2472.15;2547.68;64783867;76458835968.000
10/12/2009;2562.31;2573.03;2539.56;2540.15;67433208;82607431680.000
10/13/2009;2534.44;2581.73;2531.67;2580.24;59524023;71573323776.000
10/14/2009;2588.27;2640.63;2584.78;2604.38;91375744;111973179392.000
10/15/2009;2627.41;2648.94;2600.74;2613.08;69485321;85469773824.000
10/16/2009;2621.21;2634.21;2572.20;2614.78;66355817;81936941056.000
10/19/2009;2612.05;2678.85;2604.06;2678.16;88214619;112340303872.000
10/20/2009;2699.28;2718.06;2690.32;2717.88;107644808;135373594624.000
10/21/2009;2714.68;2742.55;2700.75;2707.36;101244746;124551225344.000
10/22/2009;2702.53;2716.96;2687.43;2693.23;75392330;94844510208.000
10/23/2009;2698.77;2761.91;2698.77;2744.83;104302913;127867224064.000
10/26/2009;2751.62;2760.30;2723.35;2747.32;83515101;104509448192.000
10/27/2009;2724.26;2729.26;2669.62;2670.02;88443533;111771811840.000
10/28/2009;2662.40;2685.91;2623.66;2679.44;74558864;91601190912.000
10/29/2009;2629.58;2649.27;2609.29;2616.45;71198730;89064972288.000
10/30/2009;2660.22;2682.62;2638.38;2645.83;74384396;92717678592.000
11/02/2009;2587.89;2737.74;2579.56;2736.91;100244562;124015960064.000
11/03/2009;2745.69;2783.93;2741.71;2775.60;107575928;133651464192.000
11/04/2009;2781.89;2806.56;2760.94;2792.01;106262836;130282848256.000
11/05/2009;2795.50;2810.95;2779.52;2806.75;104491102;120870699008.000
11/06/2009;2828.40;2838.08;2812.05;2819.07;118264153;141971931136.000
11/09/2009;2822.54;2832.05;2795.15;2831.33;100561548;125087703040.000
11/10/2009;2849.50;2857.94;2832.86;2835.03;104515907;129343422464.000
11/11/2009;2831.79;2843.64;2807.78;2831.36;91300785;112644030464.000
11/12/2009;2839.82;2857.14;2823.53;2834.03;100814633;119830683648.000
11/13/2009;2826.86;2854.67;2793.19;2853.88;108308194;129669013504.000
11/16/2009;2872.09;2937.16;2872.09;2936.78;147341829;182238494720.000
11/17/2009;2951.12;2954.43;2933.20;2941.59;120704471;148865941504.000
11/18/2009;2945.05;2961.23;2930.91;2945.96;113268519;136898445312.000
11/19/2009;2951.59;2964.18;2927.78;2960.71;123765161;147690176512.000
11/20/2009;2951.30;2975.19;2925.41;2952.13;123790375;150373302272.000
11/23/2009;2956.87;2984.96;2952.82;2984.16;120613935;156347596800.000
11/24/2009;2996.66;3005.28;2869.80;2877.68;180877663;226429861888.000
11/25/2009;2872.78;2948.75;2847.40;2947.98;139087695;172010881024.000
11/26/2009;2952.39;2959.17;2817.56;2828.03;156449950;197846482944.000
11/27/2009;2793.18;2829.09;2737.75;2750.90;106309384;134597001216.000
11/30/2009;2776.41;2854.08;2774.98;2853.91;101507400;125914505216.000
12/01/2009;2850.73;2901.99;2835.80;2897.97;123024395;151516839936.000
12/02/2009;2913.57;2937.74;2906.76;2929.39;127078199;158906695680.000
12/03/2009;2928.10;2934.46;2894.25;2927.31;114423682;146412437504.000
12/04/2009;2919.78;2967.09;2868.57;2956.71;159787797;204698419200.000
12/07/2009;2956.09;2980.31;2947.49;2977.95;105056830;137272197120.000
12/08/2009;2977.81;2978.05;2914.55;2942.66;98762394;126943485952.000
12/09/2009;2906.54;2927.29;2873.45;2884.10;84976857;107329191936.000
12/10/2009;2903.84;2920.02;2875.32;2903.19;68546784;87148478464.000
12/11/2009;2910.96;2930.56;2894.54;2900.34;66747983;82909003776.000
12/14/2009;2897.81;2935.25;2834.94;2926.99;90833790;112981762048.000
12/15/2009;2914.33;2935.40;2903.22;2909.43;76994908;100601716736.000
12/16/2009;2897.86;2933.18;2887.98;2897.40;69771458;89461055488.000
12/17/2009;2904.89;2912.86;2824.15;2826.85;75605192;94467735552.000
12/18/2009;2802.06;2806.81;2751.95;2757.58;74468125;91448590336.000
12/21/2009;2751.99;2766.34;2729.33;2762.79;55697607;71983120384.000
12/22/2009;2766.25;2768.65;2680.58;2689.14;61703436;77960830976.000
12/23/2009;2687.27;2717.54;2680.09;2714.67;55294456;70209748992.000
12/24/2009;2721.20;2798.86;2715.40;2794.04;74518996;97787207680.000
12/25/2009;2789.97;2798.38;2771.17;2784.73;59950156;77610852352.000
12/28/2009;2791.64;2836.90;2791.64;2828.09;66142428;86008659968.000
12/29/2009;2830.26;2847.71;2806.37;2846.99;67036554;86041862144.000
12/30/2009;2849.25;2891.32;2844.58;2889.43;97794379;128337944576.000
12/31/2009;2892.25;2910.06;2879.27;2906.22;82523517;108818137088.000
01/04/2010;2919.81;2924.03;2882.41;2882.54;83053705;108282216448.000
01/05/2010;2890.83;2919.78;2857.65;2913.19;97522725;132557078528.000
01/06/2010;2908.63;2930.36;2893.36;2894.09;94097507;127844909056.000
01/07/2010;2893.55;2905.75;2821.58;2836.42;93153863;123922284544.000
01/08/2010;2824.32;2850.83;2804.05;2849.37;73884644;98002206720.000
01/11/2010;2936.27;2937.45;2846.07;2859.66;105798579;145348804608.000
01/12/2010;2853.65;2904.45;2826.16;2903.74;109557008;142206418944.000
01/13/2010;2835.27;2872.99;2813.91;2818.28;126879597;165654855680.000
01/14/2010;2828.71;2865.07;2817.09;2864.49;101832629;133132427264.000
01/15/2010;2866.31;2889.07;2850.09;2875.17;88012579;117056831488.000
01/18/2010;2866.59;2896.40;2856.69;2895.85;102376834;134736896000.000
01/19/2010;2899.98;2915.85;2891.44;2902.65;96898202;127508447232.000
01/20/2010;2905.53;2907.70;2802.99;2809.43;117775701;150997794816.000
01/21/2010;2810.73;2838.44;2788.24;2822.96;86448998;112460824576.000
01/22/2010;2786.60;2810.37;2725.40;2788.32;106167622;131696656384.000
01/25/2010;2764.46;2794.32;2749.39;2751.07;59164665;75096039424.000
01/26/2010;2751.79;2764.32;2658.53;2677.49;70705109;86800949248.000
01/27/2010;2677.54;2687.27;2629.95;2641.56;58738352;72402935808.000
01/28/2010;2640.35;2661.99;2620.89;2651.97;53779978;67157590016.000
01/29/2010;2638.56;2687.91;2627.89;2652.87;59283825;74004938752.000
02/01/2010;2647.04;2647.06;2581.80;2613.19;67771453;83609960448.000
02/02/2010;2627.38;2659.45;2603.07;2606.59;61704708;77278101504.000
02/03/2010;2616.86;2669.47;2557.25;2668.76;77101062;95120744448.000
02/04/2010;2649.33;2685.86;2636.19;2666.79;73809743;88477179904.000
02/05/2010;2608.49;2637.18;2593.10;2613.41;72874056;86314409984.000
02/08/2010;2612.24;2627.94;2597.06;2609.29;45860621;55734370304.000
02/09/2010;2606.13;2633.18;2604.22;2624.78;46230178;53315268608.000
02/10/2010;2644.19;2659.35;2634.00;2659.04;41988638;53523906560.000
02/11/2010;2661.67;2676.10;2653.61;2660.29;42331087;51123712000.000
02/12/2010;2670.31;2689.83;2667.93;2689.43;41439169;52012482560.000
02/22/2010;2687.17;2701.68;2676.58;2678.92;49762148;60043968512.000
02/23/2010;2673.06;2673.06;2617.39;2661.37;58610996;76155084800.000
02/24/2010;2644.10;2701.50;2634.46;2700.72;68118806;80266240000.000
02/25/2010;2706.22;2741.69;2702.93;2739.93;86618636;105812926464.000
02/26/2010;2734.36;2749.42;2724.32;2733.26;70081832;86747258880.000
03/01/2010;2739.11;2774.79;2738.12;2769.76;78330754;97029570560.000
03/02/2010;2772.41;2780.29;2747.94;2758.95;74671246;92349415424.000
03/03/2010;2760.55;2784.12;2748.15;2783.50;84300833;102285983744.000
03/04/2010;2784.84;2789.80;2702.38;2707.86;91855358;109817167872.000
03/05/2010;2711.12;2730.75;2697.42;2717.71;67397493;77928456192.000
03/08/2010;2724.53;2747.26;2717.51;2740.92;58396713;68790157312.000
03/09/2010;2740.66;2766.69;2716.65;2753.75;67856594;82116362240.000
03/10/2010;2752.69;2766.06;2717.80;2730.68;61818679;74828324864.000
03/11/2010;2731.98;2747.74;2703.14;2725.38;58998840;73216925696.000
03/12/2010;2725.58;2732.91;2689.00;2689.99;51385370;63000944640.000
03/15/2010;2688.35;2692.26;2643.69;2655.46;45890217;56047370240.000
03/16/2010;2654.62;2675.38;2642.81;2674.88;39833736;49409159168.000
03/17/2010;2681.77;2735.43;2677.69;2735.33;62887647;79642992640.000
03/18/2010;2739.13;2751.91;2721.45;2731.68;66771800;82613174272.000
03/19/2010;2733.26;2753.25;2717.31;2751.21;62152056;76850962432.000
03/22/2010;2754.92;2767.74;2748.63;2762.17;67675528;83993600000.000
03/23/2010;2764.11;2766.59;2735.17;2737.87;64432300;80065650688.000
