000922 中证红利 日线
      日期	    开盘	    最高	    最低	    收盘	    成交量	    成交额
08/04/2008;2759.80;2759.80;2683.91;2687.55;5972906;5436500480.000
08/05/2008;2683.84;2695.04;2575.85;2582.16;8046384;7688378880.000
08/06/2008;2597.73;2614.61;2550.19;2590.76;6838590;5979063808.000
08/07/2008;2589.28;2612.05;2562.19;2592.37;5549979;5082008064.000
08/08/2008;2591.63;2591.63;2450.83;2455.95;6933512;6239303680.000
08/11/2008;2449.03;2451.26;2310.30;2326.84;7688190;6428604928.000
08/12/2008;2310.76;2377.00;2298.09;2360.44;6584794;5591300608.000
08/13/2008;2350.22;2398.05;2300.95;2376.10;6198864;5099921408.000
08/14/2008;2360.38;2396.96;2345.39;2375.97;4353338;3820727040.000
08/15/2008;2374.71;2400.00;2342.03;2368.55;4466511;3753341184.000
08/18/2008;2376.10;2378.26;2227.33;2228.15;5237596;4227633152.000
08/19/2008;2199.78;2267.42;2188.66;2262.47;4365054;3409381376.000
08/20/2008;2251.57;2422.51;2223.46;2418.71;10513312;8515867648.000
08/21/2008;2377.53;2413.26;2312.20;2318.93;8552673;7069864960.000
08/22/2008;2297.75;2311.75;2239.30;2273.84;5482280;4343411200.000
08/25/2008;2269.93;2290.74;2232.31;2254.34;4025363;3222877440.000
08/26/2008;2232.55;2232.65;2148.00;2167.12;5121225;3918358784.000
08/27/2008;2160.91;2191.20;2118.82;2157.40;4685519;3554079744.000
08/28/2008;2155.26;2182.46;2144.64;2173.05;4233004;3328524800.000
08/29/2008;2179.40;2256.54;2179.40;2233.28;6447928;5151943680.000
09/01/2008;2217.11;2220.77;2164.96;2177.14;4749172;4025456640.000
09/02/2008;2162.96;2190.66;2140.49;2172.64;3627366;2895667968.000
09/03/2008;2165.13;2175.86;2123.78;2142.43;4745436;3947917824.000
09/04/2008;2136.85;2173.51;2127.23;2152.82;4102837;3446045696.000
09/05/2008;2099.90;2127.47;2082.81;2088.46;4676863;3574924544.000
09/08/2008;2090.49;2100.68;2013.85;2018.23;4405386;3266988032.000
09/09/2008;2027.51;2056.31;2011.10;2042.64;3837964;2849740288.000
09/10/2008;2030.73;2086.08;2013.93;2051.70;4724506;3555286272.000
09/11/2008;2051.41;2064.94;2008.24;2011.46;4235506;3177208576.000
09/12/2008;2009.81;2043.87;2009.81;2024.08;4090545;2884099840.000
09/16/2008;2019.57;2020.58;1979.91;1997.32;5962563;4118607616.000
09/17/2008;1992.17;2016.52;1954.07;1959.53;5550682;3950243328.000
09/18/2008;1924.78;1953.86;1833.46;1914.64;8668601;6057907712.000
09/19/2008;2069.61;2079.88;2051.15;2079.88;7565353;5748766208.000
09/22/2008;2207.61;2252.23;2095.72;2163.63;22369170;18119145472.000
09/23/2008;2098.44;2125.72;2061.74;2072.69;11978864;9882688512.000
09/24/2008;2038.20;2094.32;2018.08;2094.09;7457226;5859584000.000
09/25/2008;2097.75;2196.08;2093.23;2175.20;15437232;12274718720.000
09/26/2008;2188.11;2218.44;2161.41;2203.04;11267813;9075846144.000
10/06/2008;2161.40;2161.40;2079.89;2080.21;9587319;7600420352.000
10/07/2008;2010.32;2085.88;1985.77;2053.11;8164964;6265309696.000
10/08/2008;2006.16;2032.26;1989.16;2005.10;6716075;4965366784.000
10/09/2008;2039.52;2044.90;1969.32;1969.52;6794324;4915825664.000
10/10/2008;1900.84;1903.73;1865.19;1875.45;7761575;5314041856.000
10/13/2008;1852.21;1912.23;1800.03;1911.66;8116756;5445145600.000
10/14/2008;1965.57;1973.33;1867.38;1867.38;9949212;6927349248.000
10/15/2008;1848.99;1852.91;1818.11;1839.04;6830051;4262416896.000
10/16/2008;1774.72;1790.93;1750.32;1750.46;7925179;4721646080.000
10/17/2008;1760.07;1781.71;1744.08;1774.74;5849191;3543516672.000
10/20/2008;1772.65;1831.36;1753.21;1828.09;6893154;4331101184.000
10/21/2008;1835.04;1861.16;1817.71;1817.94;8756965;6014554624.000
10/22/2008;1796.72;1821.07;1775.49;1775.59;6656964;4362953216.000
10/23/2008;1740.35;1784.18;1731.79;1783.39;6103157;3993104384.000
10/24/2008;1777.56;1790.68;1739.13;1748.09;5966341;3939702784.000
10/27/2008;1713.96;1713.96;1628.69;1629.95;7633584;4460429312.000
10/28/2008;1601.09;1671.97;1594.12;1665.35;7608616;4524440064.000
10/29/2008;1686.27;1689.66;1621.39;1621.55;6556932;4003357696.000
10/30/2008;1630.52;1668.84;1610.11;1651.19;7934144;4605869056.000
10/31/2008;1642.44;1649.08;1609.03;1615.56;6343714;3594864128.000
11/03/2008;1606.79;1620.27;1592.34;1596.10;4988712;2797298944.000
11/04/2008;1589.71;1591.91;1555.37;1568.82;5151911;3007527936.000
11/05/2008;1579.27;1633.15;1579.27;1618.69;8387698;4763769856.000
11/06/2008;1583.72;1615.28;1572.68;1603.55;7765625;3967528960.000
11/07/2008;1578.96;1625.50;1571.55;1617.39;6487917;3400153856.000
11/10/2008;1640.94;1722.40;1640.94;1722.40;14735932;8256495616.000
11/11/2008;1723.92;1755.52;1707.07;1717.48;18708345;10583751680.000
11/12/2008;1696.19;1731.12;1690.65;1730.10;10897145;6333408768.000
11/13/2008;1713.40;1822.56;1702.21;1810.39;20286656;12345803776.000
11/14/2008;1827.44;1872.43;1797.29;1872.43;22780109;14448960512.000
11/17/2008;1862.55;1922.64;1844.72;1922.54;22119563;13970256896.000
11/18/2008;1905.34;1919.70;1772.31;1776.57;22904659;13844152320.000
11/19/2008;1759.79;1878.75;1759.79;1875.00;19642878;12503678976.000
11/20/2008;1838.64;1899.69;1821.91;1851.81;19972119;14075037696.000
11/21/2008;1802.73;1877.23;1763.14;1839.84;19644939;12328317952.000
11/24/2008;1840.83;1851.10;1772.35;1775.12;12180654;7724890624.000
11/25/2008;1800.49;1814.38;1737.18;1766.74;10012642;6613794304.000
11/26/2008;1764.31;1813.00;1750.41;1791.66;13301519;7916974592.000
11/27/2008;1908.26;1912.86;1819.69;1821.41;22222734;13686403072.000
11/28/2008;1804.55;1828.86;1786.15;1798.44;12623493;7654043648.000
12/01/2008;1792.59;1828.03;1764.32;1827.94;11787778;7272155648.000
12/02/2008;1793.42;1851.57;1783.80;1837.74;14169915;9121046528.000
12/03/2008;1851.34;1919.00;1851.34;1919.00;21365507;13958416384.000
12/04/2008;1941.88;2010.66;1932.44;1943.79;33390880;21939556352.000
12/05/2008;1933.14;1970.21;1919.67;1969.90;19700979;12973953024.000
12/08/2008;1992.61;2039.21;1980.91;2039.21;28679801;19597834240.000
12/09/2008;2048.55;2061.53;2002.90;2004.64;24455076;17138699264.000
12/10/2008;1988.97;2028.66;1958.59;2028.44;21712790;14552213504.000
12/11/2008;2021.99;2039.55;1979.61;1981.51;18755003;13305321472.000
12/12/2008;1967.12;1976.91;1879.31;1902.68;16694755;11003692032.000
12/15/2008;1931.87;1943.45;1889.54;1924.41;12161953;8291649024.000
12/16/2008;1909.93;1947.84;1872.43;1947.67;11323689;7845485568.000
12/17/2008;1955.24;1987.88;1947.98;1961.41;15536680;11249747968.000
12/18/2008;1959.15;1989.79;1937.71;1988.21;13185708;9533101056.000
12/19/2008;1986.97;2021.10;1981.96;2001.14;15836796;11538575360.000
12/22/2008;1998.95;2005.63;1950.65;1973.23;13532188;9692122112.000
12/23/2008;1977.47;1977.47;1876.05;1876.42;14974532;10340258816.000
12/24/2008;1848.75;1865.30;1823.27;1838.65;10663692;7240061952.000
12/25/2008;1843.00;1853.34;1801.33;1823.21;8538010;5893385728.000
12/26/2008;1810.41;1819.02;1789.03;1804.81;7365990;5211892736.000
12/29/2008;1782.99;1791.76;1748.10;1783.93;7177554;4851192320.000
12/30/2008;1778.42;1783.35;1741.44;1746.51;7278373;4797842944.000
12/31/2008;1743.82;1751.79;1708.58;1711.02;9679981;5658318336.000
01/05/2009;1729.75;1776.25;1725.77;1776.05;13505179;8540060672.000
01/06/2009;1772.48;1839.13;1762.63;1833.28;19304586;13637913600.000
01/07/2009;1827.32;1844.51;1815.60;1821.68;16224508;11891753984.000
01/08/2009;1789.18;1803.07;1770.60;1784.42;13903659;13586231296.000
01/09/2009;1786.20;1827.18;1786.20;1822.57;12200425;10658190336.000
01/12/2009;1817.83;1862.95;1812.21;1838.33;14407859;11579829248.000
01/13/2009;1817.27;1840.77;1796.00;1797.30;13611646;9948317696.000
01/14/2009;1795.69;1867.07;1795.69;1867.07;14746257;10888190976.000
01/15/2009;1850.47;1885.22;1842.27;1861.71;17141204;12698452992.000
01/16/2009;1870.06;1910.98;1870.06;1885.97;19588689;14801216512.000
01/19/2009;1902.74;1923.52;1876.59;1895.27;17150389;13123227648.000
01/20/2009;1891.97;1908.31;1876.44;1908.31;14500042;10370753536.000
01/21/2009;1879.72;1916.30;1873.98;1896.28;14590436;11344092160.000
01/22/2009;1905.19;1924.93;1892.18;1924.44;15073356;12282465280.000
01/23/2009;1920.66;1939.91;1908.49;1918.79;15831921;12157084672.000
02/02/2009;1940.57;1959.98;1923.94;1957.42;14319283;11289251840.000
02/03/2009;1957.80;2012.54;1950.48;2012.17;21599188;16617267200.000
02/04/2009;2021.76;2062.20;2021.76;2061.96;25406798;19905744896.000
02/05/2009;2062.31;2108.59;2038.28;2055.04;30831100;24383516672.000
02/06/2009;2062.66;2149.46;2062.66;2143.17;26681514;21598310400.000
02/09/2009;2179.31;2231.90;2167.44;2227.32;34026794;28746074112.000
02/10/2009;2222.08;2279.73;2186.72;2279.73;31560720;27875872768.000
02/11/2009;2238.91;2314.31;2222.59;2269.86;38489476;34214651904.000
02/12/2009;2270.34;2283.80;2171.89;2250.85;33249906;28353050624.000
02/13/2009;2251.13;2332.33;2230.58;2328.57;35090577;29998589952.000
02/16/2009;2354.11;2404.27;2320.86;2404.27;44283449;37288370176.000
02/17/2009;2403.77;2408.52;2320.36;2320.76;41581547;35693416448.000
02/18/2009;2260.67;2304.27;2203.75;2206.94;29798322;25284128768.000
02/19/2009;2230.59;2272.18;2211.06;2255.84;25786917;20898924544.000
02/20/2009;2265.66;2330.80;2236.47;2330.67;23801926;20966995968.000
02/23/2009;2321.37;2396.57;2290.44;2386.71;28354888;25620834304.000
02/24/2009;2355.14;2395.09;2290.61;2291.96;35344021;31824760832.000
02/25/2009;2320.82;2337.13;2217.39;2277.21;27049609;24497604608.000
02/26/2009;2277.93;2311.47;2107.58;2137.43;24542408;22401869824.000
02/27/2009;2109.68;2123.25;2013.96;2038.24;22570088;18503512064.000
03/02/2009;2014.73;2078.19;2006.05;2068.41;14373824;11877109760.000
03/03/2009;2019.03;2091.13;2004.89;2069.97;18140798;14254313472.000
03/04/2009;2076.63;2210.84;2076.63;2205.13;25577252;21402198016.000
03/05/2009;2237.96;2252.91;2174.68;2220.92;29974474;26215704576.000
03/06/2009;2178.88;2213.67;2164.07;2196.22;19875381;17655808000.000
03/09/2009;2210.15;2230.05;2105.87;2107.41;19232124;16430216192.000
03/10/2009;2079.80;2147.55;2074.16;2147.55;13118307;11132073984.000
03/11/2009;2193.51;2204.44;2125.00;2135.67;19125181;15733157888.000
03/12/2009;2123.54;2141.53;2074.83;2133.84;13294148;10936626176.000
03/13/2009;2147.09;2158.48;2109.29;2111.70;11483921;9745013760.000
03/16/2009;2107.10;2144.15;2092.81;2140.61;12260896;10496443392.000
03/17/2009;2148.33;2227.63;2142.10;2222.98;22578296;20562061312.000
03/18/2009;2235.37;2296.36;2232.69;2255.13;28164918;25898031104.000
03/19/2009;2259.89;2311.17;2250.72;2309.85;25859088;24904966144.000
03/20/2009;2320.58;2353.74;2293.45;2337.32;28465485;28589391872.000
03/23/2009;2350.24;2410.85;2340.23;2392.71;30388315;30392399872.000
03/24/2009;2420.53;2425.58;2385.95;2410.78;28698367;28755773440.000
03/25/2009;2393.78;2414.88;2339.42;2339.57;24927751;24991864832.000
03/26/2009;2342.76;2408.89;2304.69;2408.63;24009356;25019969536.000
03/27/2009;2430.26;2469.65;2411.50;2437.81;38352549;34816643072.000
03/30/2009;2433.26;2433.74;2395.79;2409.32;24103931;23706140672.000
03/31/2009;2360.84;2408.20;2338.87;2407.30;21423961;20361639936.000
04/01/2009;2422.03;2476.58;2422.02;2466.31;30531600;31402549248.000
04/02/2009;2473.50;2513.58;2459.49;2489.71;33808191;33530861568.000
04/03/2009;2508.65;2515.01;2449.72;2464.08;29638518;29763899392.000
04/07/2009;2466.98;2491.68;2452.00;2480.84;22909666;23063984128.000
04/08/2009;2469.19;2470.37;2395.23;2395.23;26279364;25831254016.000
04/09/2009;2391.23;2430.40;2374.35;2430.24;20401753;20967241728.000
04/10/2009;2446.47;2501.78;2430.50;2500.34;27231846;28498313216.000
04/13/2009;2523.02;2581.23;2518.26;2575.46;38527176;38303432704.000
04/14/2009;2571.15;2607.58;2553.69;2598.09;29425405;29804048384.000
04/15/2009;2583.73;2636.42;2567.19;2626.86;35665750;35217801216.000
04/16/2009;2634.85;2664.73;2598.99;2641.09;38531840;36914380800.000
04/17/2009;2630.80;2630.81;2555.47;2587.04;29739900;30715748352.000
04/20/2009;2579.18;2642.03;2576.00;2641.19;23377213;23660877824.000
04/21/2009;2608.57;2634.86;2564.37;2614.96;28285875;28845400064.000
04/22/2009;2623.64;2645.16;2495.90;2506.66;30372380;28790513664.000
04/23/2009;2482.04;2546.74;2473.23;2533.95;19934546;20135434240.000
04/24/2009;2540.77;2544.15;2499.23;2501.48;18295298;18241472512.000
04/27/2009;2495.09;2501.18;2408.45;2420.10;17627474;16160416768.000
04/28/2009;2402.62;2445.69;2399.81;2433.68;12770891;12853264384.000
04/29/2009;2431.38;2500.61;2424.96;2493.77;17594866;18188533760.000
04/30/2009;2512.74;2528.83;2495.24;2513.34;19168440;19004739584.000
05/04/2009;2531.50;2624.72;2531.50;2624.54;25604000;25674860544.000
05/05/2009;2645.47;2653.30;2616.16;2636.42;25281702;25453469696.000
05/06/2009;2633.52;2684.78;2622.66;2681.29;25133708;26480084992.000
05/07/2009;2705.70;2720.97;2632.86;2668.45;31749690;33525651456.000
05/08/2009;2645.09;2671.91;2612.75;2657.41;24593933;26419914752.000
05/11/2009;2668.06;2680.95;2576.49;2578.07;28831250;28377665536.000
05/12/2009;2554.10;2656.31;2549.80;2656.31;22867113;21147447296.000
05/13/2009;2659.26;2694.09;2653.16;2682.98;27266358;27019935744.000
05/14/2009;2653.94;2688.57;2642.38;2680.60;21411660;21367539712.000
05/15/2009;2684.74;2693.73;2654.25;2680.08;16175367;16694028288.000
05/18/2009;2667.00;2719.91;2628.86;2715.47;17263789;18873905152.000
05/19/2009;2733.81;2752.37;2720.45;2745.82;26374325;28450414592.000
05/20/2009;2751.06;2767.80;2730.75;2732.10;22580378;25797732352.000
05/21/2009;2717.46;2732.91;2661.90;2675.00;21965180;24187359232.000
05/22/2009;2657.80;2683.72;2635.88;2659.98;16366432;17606004736.000
05/25/2009;2594.99;2678.64;2574.46;2669.27;18965560;21956585472.000
05/26/2009;2668.57;2682.71;2633.52;2637.59;17301982;19834370048.000
05/27/2009;2649.34;2665.30;2618.71;2656.95;15172954;16124809216.000
06/01/2009;2687.51;2746.40;2687.51;2738.32;23846056;26128410624.000
06/02/2009;2759.41;2785.89;2751.22;2764.97;24971622;28299851776.000
06/03/2009;2763.96;2809.50;2758.78;2809.50;26126923;26959601664.000
06/04/2009;2792.93;2830.02;2771.02;2827.82;34716978;33632311296.000
06/05/2009;2839.05;2863.83;2809.92;2812.59;29693347;31261280256.000
06/08/2009;2806.61;2814.34;2760.17;2786.86;20614802;22209921024.000
06/09/2009;2784.11;2791.53;2716.36;2779.93;22143647;22483294208.000
06/10/2009;2793.00;2825.22;2783.30;2823.90;25440095;24952008704.000
06/11/2009;2819.54;2828.14;2779.02;2789.35;21190248;21336662016.000
06/12/2009;2784.47;2797.30;2710.27;2730.47;19555361;19733942272.000
06/15/2009;2717.14;2735.43;2686.11;2735.21;15417823;16443324416.000
06/16/2009;2708.95;2748.50;2701.12;2737.19;14578568;14833235968.000
06/17/2009;2734.25;2776.17;2715.93;2774.59;17035969;17144283136.000
06/18/2009;2779.52;2805.70;2779.52;2799.83;18646658;19901427712.000
06/19/2009;2810.88;2818.59;2774.22;2807.65;23467426;23238432768.000
06/22/2009;2823.11;2837.31;2796.25;2805.28;25177182;23581272064.000
06/23/2009;2766.15;2848.88;2756.00;2821.13;29116782;27099435008.000
06/24/2009;2825.22;2901.45;2824.70;2901.45;30437169;30943199232.000
06/25/2009;2908.80;2912.21;2872.10;2889.41;21182930;22326396928.000
06/26/2009;2893.20;2902.26;2873.23;2883.28;17643345;19416414208.000
06/29/2009;2882.92;2920.32;2864.09;2920.32;20287052;22500358144.000
06/30/2009;2926.96;2929.11;2878.95;2887.43;20218741;22610808832.000
07/01/2009;2871.76;2928.78;2866.21;2928.78;20844761;22243409920.000
07/02/2009;2940.86;2956.27;2924.19;2955.36;23109539;26080743424.000
07/03/2009;2933.81;2990.22;2928.67;2981.11;24435449;27589308416.000
07/06/2009;2990.14;3065.37;2986.39;3059.13;36971152;37564067840.000
07/07/2009;3056.50;3095.97;3035.07;3051.88;35937386;35808153600.000
07/08/2009;3031.01;3090.27;3006.58;3081.03;24347934;26184658944.000
07/09/2009;3082.32;3140.06;3077.69;3140.06;27079066;29700134912.000
07/10/2009;3142.20;3162.11;3126.00;3139.72;25761902;28516745216.000
07/13/2009;3128.56;3150.65;3106.20;3109.83;21986616;24018991104.000
07/14/2009;3118.82;3192.25;3118.82;3192.25;27535768;29083359232.000
07/15/2009;3207.67;3292.68;3207.67;3283.58;38539184;44027043840.000
07/16/2009;3303.68;3329.45;3267.85;3278.04;32079765;39947132928.000
07/17/2009;3274.11;3335.53;3273.15;3330.01;25745064;31628306432.000
07/20/2009;3350.95;3427.46;3350.95;3424.19;30971680;38053142528.000
07/21/2009;3434.52;3434.98;3336.59;3346.05;29003055;35545473024.000
07/22/2009;3334.32;3442.26;3333.98;3417.05;26357536;34098020352.000
07/23/2009;3426.96;3442.47;3399.85;3442.41;24695481;30553481216.000
07/24/2009;3460.28;3475.43;3384.20;3463.41;28305817;37946912768.000
07/27/2009;3478.18;3562.64;3477.55;3562.64;31710470;40057806848.000
07/28/2009;3572.82;3618.14;3552.75;3617.76;37430724;46866001920.000
07/29/2009;3606.31;3627.08;3301.07;3419.17;40794297;47803244544.000
07/30/2009;3430.74;3496.98;3360.96;3484.70;27950293;35462557696.000
07/31/2009;3527.55;3618.04;3495.79;3618.04;31191512;40822337536.000
08/03/2009;3641.77;3759.75;3639.98;3758.84;36599131;48309022720.000
08/04/2009;3776.93;3829.61;3724.29;3817.93;37812567;51567267840.000
08/05/2009;3810.02;3810.02;3691.59;3771.13;33142267;43875700736.000
08/06/2009;3728.43;3728.43;3605.64;3642.41;26609413;35121242112.000
08/07/2009;3630.08;3674.16;3470.50;3489.27;26123781;33475692544.000
08/10/2009;3529.04;3564.96;3437.88;3523.36;20912072;27601612800.000
08/11/2009;3536.75;3544.17;3465.66;3527.79;17026002;21826015232.000
08/12/2009;3511.58;3511.58;3330.39;3338.38;22271470;27209252864.000
08/13/2009;3345.79;3383.04;3289.12;3376.01;20333833;25611448320.000
08/14/2009;3381.58;3395.25;3273.84;3274.83;22418231;29051854848.000
08/17/2009;3197.29;3223.88;3035.36;3039.82;23036657;25934622720.000
08/18/2009;3004.63;3124.64;3000.16;3110.45;22418245;23959613440.000
08/19/2009;3108.34;3108.34;2896.46;2930.22;21731313;23176491008.000
08/20/2009;2930.63;3053.18;2930.63;3048.18;19913105;22722213888.000
08/21/2009;3037.65;3135.42;3011.56;3128.59;23851418;27153967104.000
08/24/2009;3148.03;3191.98;3108.99;3175.45;20869320;25258383360.000
08/25/2009;3147.57;3147.57;2976.80;3080.72;22700624;26194616320.000
08/26/2009;3050.21;3182.92;3033.22;3149.57;18415306;21898876928.000
08/27/2009;3122.49;3192.68;3093.18;3135.69;18712792;21952454656.000
08/28/2009;3132.16;3152.55;3004.37;3019.75;18558102;21573947392.000
08/31/2009;2975.96;2975.96;2773.29;2777.81;19886637;21318197248.000
09/01/2009;2739.62;2813.99;2707.99;2750.69;16065236;17757032448.000
09/02/2009;2730.90;2800.64;2716.42;2777.47;12985252;15016134656.000
09/03/2009;2784.76;2963.15;2781.69;2956.07;22090614;24309112832.000
09/04/2009;2955.17;2999.70;2939.33;2985.74;21952786;25122560000.000
09/07/2009;3000.19;3045.18;2967.34;2993.94;20889771;24195338240.000
09/08/2009;2966.54;3071.92;2924.93;3071.92;21332760;25783250944.000
09/09/2009;3093.49;3136.64;3056.30;3133.00;26259535;32287193088.000
09/10/2009;3112.92;3147.41;3081.42;3093.76;18133460;22341795840.000
09/11/2009;3074.25;3154.29;3072.49;3130.25;18968929;22896683008.000
09/14/2009;3136.08;3198.68;3127.27;3190.23;20727649;24195012608.000
09/15/2009;3197.24;3247.19;3166.75;3218.46;23521715;27254272000.000
09/16/2009;3208.98;3210.52;3120.88;3173.87;20980710;25293619200.000
09/17/2009;3185.58;3239.67;3185.58;3232.69;21150472;24448212992.000
09/18/2009;3231.06;3239.20;3088.98;3115.92;23055203;25976604672.000
09/21/2009;3071.94;3126.50;3004.90;3125.98;16908842;19233509376.000
09/22/2009;3117.66;3146.52;3038.58;3038.58;17906499;20018987008.000
09/23/2009;3033.54;3064.17;2928.64;2949.85;14847221;17557231616.000
09/24/2009;2925.42;2969.46;2850.25;2930.88;13696461;15271848960.000
09/25/2009;2912.65;2929.89;2877.09;2894.14;10169893;11109826560.000
09/28/2009;2901.41;2929.04;2796.85;2807.81;10599875;11650018304.000
09/29/2009;2811.36;2825.33;2735.97;2788.80;11197875;11332785152.000
09/30/2009;2810.64;2860.78;2810.64;2826.99;8859375;10039973888.000
10/09/2009;2903.49;2987.35;2895.51;2987.21;13406690;16423441408.000
10/12/2009;2996.32;2996.32;2953.66;2973.69;13529253;16128460800.000
10/13/2009;2972.25;3028.25;2965.84;3027.45;13372444;15053543424.000
10/14/2009;3035.22;3103.18;3029.92;3054.79;19063125;22667939840.000
10/15/2009;3083.98;3114.06;3058.90;3078.35;16203023;18751029248.000
10/16/2009;3091.81;3106.40;3033.08;3084.12;13627076;16533736448.000
10/19/2009;3083.09;3181.62;3068.87;3178.54;19473075;24643934208.000
10/20/2009;3199.67;3212.03;3177.93;3210.06;20651535;26475423744.000
10/21/2009;3205.33;3230.56;3185.94;3195.68;20444547;24385202176.000
10/22/2009;3195.66;3210.92;3168.30;3173.63;15053104;18936643584.000
10/23/2009;3179.96;3263.77;3179.96;3238.48;21071291;27241621504.000
10/26/2009;3245.66;3259.91;3220.67;3256.79;17249592;22328133632.000
10/27/2009;3224.75;3233.08;3151.16;3151.27;18487605;23220209664.000
10/28/2009;3135.88;3182.79;3106.58;3182.43;15918171;19184928768.000
10/29/2009;3118.18;3145.07;3093.95;3102.95;16134555;20012023808.000
10/30/2009;3157.62;3180.82;3128.57;3131.57;15088020;18357848064.000
11/02/2009;3061.63;3227.95;3048.28;3227.95;19523492;23027445760.000
11/03/2009;3239.64;3288.41;3234.76;3282.50;23046635;26506500096.000
11/04/2009;3295.29;3331.87;3272.84;3307.98;23151376;27080540160.000
11/05/2009;3312.72;3340.08;3285.56;3336.09;21076566;23497689088.000
11/06/2009;3357.39;3387.45;3353.48;3362.90;26180495;29251414016.000
11/09/2009;3364.99;3397.14;3355.29;3397.14;21910219;24879962112.000
11/10/2009;3423.26;3435.70;3391.64;3393.02;20899829;24865146880.000
11/11/2009;3389.00;3405.44;3350.70;3381.18;16751041;19472848896.000
11/12/2009;3391.95;3423.70;3383.26;3397.56;22015186;24636383232.000
11/13/2009;3386.40;3407.96;3332.29;3407.42;20193212;23694909440.000
11/16/2009;3432.38;3524.51;3432.38;3524.51;29450335;37398724608.000
11/17/2009;3551.39;3555.80;3509.70;3525.33;25593222;31847888896.000
11/18/2009;3531.11;3555.98;3505.56;3533.48;22770594;28783003648.000
11/19/2009;3541.66;3561.57;3507.71;3561.46;24890381;29190281216.000
11/20/2009;3550.41;3571.08;3521.88;3547.11;25043198;28112095232.000
11/23/2009;3553.10;3608.76;3548.14;3608.12;26106649;31638624256.000
11/24/2009;3627.11;3675.63;3477.60;3495.15;45395355;52000858112.000
11/25/2009;3481.45;3630.41;3466.85;3629.85;35395167;38204432384.000
11/26/2009;3643.84;3670.66;3477.38;3492.80;37753443;45175345152.000
11/27/2009;3434.96;3483.65;3358.49;3371.14;24892242;29246986240.000
11/30/2009;3408.53;3520.23;3408.53;3520.22;22286923;27589689344.000
12/01/2009;3522.48;3606.65;3504.06;3606.65;28176159;32915691520.000
12/02/2009;3623.94;3649.13;3601.07;3633.56;25959533;32014178304.000
12/03/2009;3631.58;3667.05;3606.25;3666.50;26358931;31843954688.000
12/04/2009;3657.22;3706.73;3558.27;3652.57;30241570;37890498560.000
12/07/2009;3662.53;3684.18;3646.24;3684.18;20856230;26435373056.000
12/08/2009;3685.79;3685.79;3601.35;3649.20;21669969;25950130176.000
12/09/2009;3602.25;3634.99;3579.84;3591.62;18404658;22782820352.000
12/10/2009;3612.07;3636.25;3568.64;3604.62;14667707;17629513728.000
12/11/2009;3624.60;3645.83;3600.32;3608.57;16149965;18357088256.000
12/14/2009;3614.20;3627.07;3521.98;3625.09;18488824;21823410176.000
12/15/2009;3617.88;3658.31;3602.70;3625.37;15783356;20061366272.000
12/16/2009;3614.35;3647.44;3581.05;3591.38;13238817;17201833984.000
12/17/2009;3601.72;3613.12;3478.31;3482.57;15288217;18533531648.000
12/18/2009;3452.32;3460.83;3380.33;3384.58;13656967;16423602176.000
12/21/2009;3381.87;3402.21;3355.13;3395.59;10835062;12834617344.000
12/22/2009;3403.75;3408.50;3284.61;3284.61;11480822;14165691392.000
12/23/2009;3281.11;3321.53;3273.07;3318.34;10034154;12673421312.000
12/24/2009;3331.88;3460.37;3325.21;3452.86;15212945;19367636992.000
12/25/2009;3449.92;3463.86;3428.42;3444.69;11887510;14925017088.000
12/28/2009;3452.51;3511.13;3452.35;3504.75;12598465;16424084480.000
12/29/2009;3513.96;3519.10;3468.08;3518.88;13058152;16570974208.000
12/30/2009;3520.26;3559.30;3516.10;3555.84;18213623;22961453056.000
12/31/2009;3557.79;3566.22;3522.08;3566.12;14413090;18873915392.000
01/04/2010;3584.43;3589.03;3532.21;3532.21;16446143;19862022144.000
01/05/2010;3540.73;3578.47;3512.61;3569.85;20601793;26424858624.000
01/06/2010;3564.90;3612.67;3554.88;3559.64;20125860;26962194432.000
01/07/2010;3557.28;3579.07;3466.22;3480.28;20922570;26665621504.000
01/08/2010;3467.00;3481.42;3428.90;3478.92;15150816;19893985280.000
01/11/2010;3591.88;3591.88;3462.89;3476.13;23230580;26895165440.000
01/12/2010;3470.77;3541.68;3440.87;3541.39;24413858;30940205056.000
01/13/2010;3456.02;3497.57;3421.94;3427.69;31834607;37698564096.000
01/14/2010;3440.65;3480.75;3422.06;3478.36;21509979;27770185728.000
01/15/2010;3480.95;3505.53;3454.53;3483.32;18999787;23823542272.000
01/18/2010;3473.96;3517.72;3464.97;3515.62;21062082;26138740736.000
01/19/2010;3520.13;3549.70;3516.02;3520.88;21017709;26047291392.000
01/20/2010;3528.65;3534.40;3403.22;3407.73;24693154;29614915584.000
01/21/2010;3413.62;3433.91;3374.94;3412.38;19007989;22974027776.000
01/22/2010;3370.86;3391.83;3290.61;3370.20;25601787;28018915328.000
01/25/2010;3342.95;3377.48;3320.39;3321.61;15564815;17643438080.000
01/26/2010;3318.32;3333.36;3214.18;3238.80;15730957;17369925632.000
01/27/2010;3237.43;3248.56;3175.59;3196.60;14379741;15808204800.000
01/28/2010;3194.27;3216.10;3173.80;3197.59;12606951;14330649600.000
01/29/2010;3186.08;3238.93;3171.08;3197.70;12767969;14589772800.000
02/01/2010;3189.60;3190.72;3110.93;3139.10;14216867;16068625408.000
02/02/2010;3153.81;3191.65;3130.45;3132.73;11841054;12976241664.000
02/03/2010;3149.06;3223.81;3088.02;3222.64;17819015;20257902592.000
02/04/2010;3201.63;3231.75;3186.79;3205.03;14046046;16164141056.000
02/05/2010;3138.97;3160.27;3114.25;3135.65;14767486;16063935488.000
02/08/2010;3132.36;3154.07;3122.46;3139.11;8036811;9167972352.000
02/09/2010;3137.58;3173.16;3133.72;3162.01;11045169;11217538048.000
02/10/2010;3185.47;3196.06;3173.55;3195.42;8788902;9954928640.000
02/11/2010;3197.38;3220.50;3188.53;3205.46;9670647;10718044160.000
02/12/2010;3216.83;3242.76;3215.48;3242.19;8802585;10067968000.000
02/22/2010;3239.43;3257.00;3224.46;3225.16;9981982;11104698368.000
02/23/2010;3221.27;3221.27;3162.22;3207.47;11630018;13147504640.000
02/24/2010;3185.72;3257.62;3170.71;3256.45;15771667;16591622144.000
02/25/2010;3263.69;3292.06;3256.65;3289.60;18753694;19959709696.000
02/26/2010;3283.94;3295.29;3266.43;3270.35;14026743;16407026688.000
03/01/2010;3277.35;3316.51;3276.23;3311.51;15783882;18382295040.000
03/02/2010;3314.30;3325.86;3278.31;3291.09;13355829;16592617472.000
03/03/2010;3291.71;3318.13;3280.63;3316.44;17121292;19797743616.000
03/04/2010;3319.07;3324.00;3224.71;3234.44;18096849;20920973312.000
03/05/2010;3235.24;3256.21;3220.20;3240.11;12080958;14202753024.000
03/08/2010;3251.70;3280.26;3241.37;3272.29;13002014;15557797888.000
03/09/2010;3270.89;3310.63;3242.66;3290.52;14634474;17804224512.000
03/10/2010;3287.33;3308.98;3251.05;3264.74;13104981;15359705088.000
03/11/2010;3266.84;3283.51;3234.97;3260.34;12716638;13902521344.000
03/12/2010;3261.84;3268.82;3213.00;3216.46;11074942;12506867712.000
03/15/2010;3214.57;3216.90;3154.17;3167.84;10271742;11560962048.000
03/16/2010;3166.99;3179.79;3143.00;3170.75;8971048;9719304192.000
03/17/2010;3182.27;3235.88;3178.02;3235.27;12925463;14532708352.000
03/18/2010;3239.32;3246.90;3216.97;3227.63;11396499;12862942208.000
03/19/2010;3230.12;3254.95;3209.51;3252.42;11866642;14764244992.000
03/22/2010;3253.42;3268.67;3243.93;3259.21;12643513;14770337792.000
03/23/2010;3262.08;3269.43;3236.88;3239.65;15402288;18149617664.000
