000928 中证能源 日线
      日期	    开盘	    最高	    最低	    收盘	    成交量	    成交额
07/03/2009;4031.92;4186.83;4016.91;4185.99;11729469;20348907520.000
07/06/2009;4194.70;4303.41;4164.75;4222.16;11401039;19552415744.000
07/07/2009;4203.21;4203.21;4125.27;4141.32;9384492;15582190592.000
07/08/2009;4083.55;4245.16;4064.77;4244.32;8329439;14942084096.000
07/09/2009;4241.89;4300.09;4208.45;4292.47;9561094;16685029376.000
07/10/2009;4288.68;4315.18;4251.22;4261.10;7919050;12516886528.000
07/13/2009;4232.47;4232.47;4145.17;4152.25;8083389;13564433408.000
07/14/2009;4158.54;4266.22;4158.54;4248.10;7964947;14135067648.000
07/15/2009;4262.50;4402.73;4230.18;4377.35;11744121;20492126208.000
07/16/2009;4405.80;4481.71;4336.48;4359.54;10711467;17882249216.000
07/17/2009;4348.18;4477.42;4337.61;4475.17;10683841;19119054848.000
07/20/2009;4502.00;4723.01;4489.04;4703.08;15245122;27153461248.000
07/21/2009;4704.00;4704.00;4577.49;4591.08;12234827;20508350464.000
07/22/2009;4569.99;4902.59;4566.12;4846.98;15255186;28114915328.000
07/23/2009;4844.60;4916.64;4808.94;4882.51;10223832;19490088960.000
07/24/2009;4909.92;5130.27;4909.92;5036.46;15392330;29395580928.000
07/27/2009;5034.46;5070.90;4954.48;5059.33;11872641;23155965952.000
07/28/2009;5052.33;5057.08;4900.32;4967.81;9866969;20009500672.000
07/29/2009;4926.07;4938.79;4540.10;4687.05;12077597;22732251136.000
07/30/2009;4682.63;4757.66;4509.91;4756.27;8851871;17531822080.000
07/31/2009;4805.71;4901.51;4782.73;4890.92;8834989;17442639872.000
08/03/2009;4917.90;5019.62;4806.67;4964.46;9933135;19779868672.000
08/04/2009;4985.39;5164.16;4918.22;5163.05;12018466;26298857472.000
08/05/2009;5139.73;5139.73;4930.47;4988.88;9712326;20567443456.000
08/06/2009;4926.51;4926.51;4770.00;4796.50;8052650;16163902464.000
08/07/2009;4792.15;4851.23;4571.47;4600.99;8379850;16585719808.000
08/10/2009;4635.94;4688.09;4486.61;4586.72;7127650;14288952320.000
08/11/2009;4621.84;4666.44;4542.14;4644.75;5691420;10980686848.000
08/12/2009;4623.47;4623.47;4383.05;4391.56;6539452;12232253440.000
08/13/2009;4390.52;4484.12;4317.87;4466.35;6214244;12374220800.000
08/14/2009;4488.22;4517.77;4351.55;4383.89;6781966;12625783808.000
08/17/2009;4257.61;4298.63;4033.16;4036.77;7076994;12557588480.000
08/18/2009;3986.71;4114.83;3943.27;4103.29;6157338;10825179136.000
08/19/2009;4136.69;4152.13;3836.90;3880.15;6309042;10907407360.000
08/20/2009;3914.97;4143.88;3914.97;4138.89;8456666;16008009728.000
08/21/2009;4139.00;4264.72;4097.54;4255.15;8030265;15577856000.000
08/24/2009;4285.25;4391.91;4258.69;4351.89;8026658;16266875904.000
08/25/2009;4313.33;4313.33;4048.33;4240.60;7321827;13993434112.000
08/26/2009;4172.38;4351.63;4145.07;4271.84;5882388;10820941824.000
08/27/2009;4231.20;4291.18;4147.75;4194.66;5828980;10897580032.000
08/28/2009;4195.78;4210.48;3973.23;3996.59;6588998;12786071552.000
08/31/2009;3916.98;3916.98;3632.07;3634.24;7773933;13582858240.000
09/01/2009;3571.16;3694.69;3536.27;3603.45;5612316;10199774208.000
09/02/2009;3633.15;3726.43;3622.04;3690.45;5744406;10390743040.000
09/03/2009;3695.86;3945.41;3667.49;3926.46;7500082;13536436224.000
09/04/2009;3924.86;4000.05;3889.14;3930.80;6342244;12208516096.000
09/07/2009;3949.16;4011.17;3907.42;3937.63;5584266;9828610048.000
09/08/2009;3906.06;4071.45;3830.81;4071.11;7647704;15387881472.000
09/09/2009;4125.33;4163.95;4068.36;4135.96;7732391;15339649024.000
09/10/2009;4120.89;4161.40;4061.53;4092.80;5133723;9318919168.000
09/11/2009;4079.79;4212.82;4076.16;4186.51;6520883;11962582016.000
09/14/2009;4163.42;4257.52;4149.34;4237.58;5950516;10671381504.000
09/15/2009;4241.68;4330.66;4241.68;4276.26;7170187;13558283264.000
09/16/2009;4278.25;4288.32;4135.69;4227.03;6728705;12598913024.000
09/17/2009;4254.61;4325.84;4254.61;4307.98;6729554;11577633792.000
09/18/2009;4325.92;4351.42;4115.73;4161.90;6934452;12264849408.000
09/21/2009;4110.71;4175.58;3990.96;4168.23;4885328;9125041152.000
09/22/2009;4142.90;4160.13;4002.36;4002.42;4757818;9161520128.000
09/23/2009;4009.39;4054.97;3837.93;3865.03;4576111;8815769600.000
09/24/2009;3830.38;3941.32;3764.47;3881.34;4061170;7493329920.000
09/25/2009;3847.57;3908.11;3816.66;3859.04;2838998;5117648896.000
09/28/2009;3870.89;3898.91;3717.88;3727.66;2975016;5295174144.000
09/29/2009;3726.95;3762.52;3667.99;3723.74;3324607;5549513728.000
09/30/2009;3746.48;3831.49;3746.48;3774.31;2996675;5056379392.000
10/09/2009;3886.26;4062.85;3882.60;4062.30;5319788;9863477248.000
10/12/2009;4074.45;4074.45;3985.91;3996.12;4378428;7664223744.000
10/13/2009;4001.00;4140.68;4001.00;4091.04;4746065;9207249920.000
10/14/2009;4120.28;4257.38;4120.28;4165.79;7877441;14784209920.000
10/15/2009;4222.23;4254.82;4183.35;4204.30;4871330;9661910016.000
10/16/2009;4254.07;4296.30;4164.53;4257.18;6380309;12660876288.000
10/19/2009;4261.08;4382.88;4216.98;4373.33;7535457;15114625024.000
10/20/2009;4419.85;4456.54;4384.81;4413.56;8567660;15128694784.000
10/21/2009;4396.67;4445.74;4369.30;4379.52;6531663;11675030528.000
10/22/2009;4394.26;4424.29;4341.68;4343.90;5162745;9591326720.000
10/23/2009;4354.51;4540.87;4354.51;4507.84;9975302;19478591488.000
10/26/2009;4520.44;4523.62;4444.26;4486.57;7191280;13305717760.000
10/27/2009;4429.05;4429.05;4294.18;4295.32;6808666;12913999872.000
10/28/2009;4284.01;4384.34;4275.25;4357.62;5541358;10720354304.000
10/29/2009;4247.38;4296.35;4207.95;4218.52;4994672;9541662720.000
10/30/2009;4329.92;4344.79;4251.96;4256.39;5485515;10257969152.000
11/02/2009;4135.26;4384.49;4123.39;4383.44;6554228;12352679936.000
11/03/2009;4405.01;4445.29;4397.04;4434.56;7112208;12471957504.000
11/04/2009;4446.12;4469.61;4397.19;4448.63;5675488;10160452608.000
11/05/2009;4460.02;4492.27;4405.48;4486.98;6161372;10618063872.000
11/06/2009;4511.33;4530.47;4478.07;4490.35;6915667;11975577600.000
11/09/2009;4469.48;4484.97;4416.88;4465.22;5580691;9828457472.000
11/10/2009;4544.72;4563.31;4460.93;4463.99;7471902;12873579520.000
11/11/2009;4454.30;4454.30;4383.27;4420.25;5214183;9095365632.000
11/12/2009;4429.86;4465.51;4404.98;4417.79;5361771;8418108928.000
11/13/2009;4387.25;4404.65;4324.06;4402.87;5747253;10266155008.000
11/16/2009;4434.74;4652.63;4434.74;4652.45;12282989;23337828352.000
11/17/2009;4691.56;4698.61;4630.85;4644.21;9792293;17568698368.000
11/18/2009;4664.68;4809.11;4661.58;4737.79;11263069;21076918272.000
11/19/2009;4760.44;4782.50;4694.07;4762.30;9081062;16133073920.000
11/20/2009;4740.77;4747.43;4680.00;4708.96;8434651;14190164992.000
11/23/2009;4721.41;4764.15;4712.64;4763.41;7832668;14013768704.000
11/24/2009;4781.03;4854.84;4587.92;4602.21;11893701;22542692352.000
11/25/2009;4586.02;4726.69;4558.15;4723.57;8519293;15957856256.000
11/26/2009;4742.40;4797.03;4553.73;4566.52;9722620;18389854208.000
11/27/2009;4491.94;4563.30;4404.95;4434.74;7392883;14010543104.000
11/30/2009;4484.10;4621.69;4472.75;4620.40;6876555;13593120768.000
12/01/2009;4607.37;4661.18;4562.95;4660.29;6867563;13126033408.000
12/02/2009;4692.26;4733.92;4668.19;4705.24;7434564;14256030720.000
12/03/2009;4703.55;4740.68;4640.55;4739.70;7371203;14476394496.000
12/04/2009;4715.72;4839.55;4677.67;4822.11;14866582;26615326720.000
12/07/2009;4827.35;4871.36;4769.17;4819.46;7942751;14041632768.000
12/08/2009;4811.49;4811.49;4683.08;4743.01;7329435;13524798464.000
12/09/2009;4674.45;4737.94;4655.88;4675.23;6871957;11906767872.000
12/10/2009;4699.14;4729.28;4633.01;4675.73;4360765;7816238080.000
12/11/2009;4700.16;4727.73;4662.58;4667.70;4012404;7386917888.000
12/14/2009;4678.53;4770.44;4555.25;4739.62;8293578;13993012224.000
12/15/2009;4723.22;4778.67;4709.06;4745.44;5698740;10865296384.000
12/16/2009;4747.56;4815.43;4705.55;4716.40;5000276;9702514688.000
12/17/2009;4749.71;4762.08;4583.44;4587.72;5823124;10444039168.000
12/18/2009;4552.80;4571.97;4467.83;4475.65;5971846;10464683008.000
12/21/2009;4470.35;4494.45;4396.07;4458.19;3822726;7352017408.000
12/22/2009;4469.46;4475.65;4259.69;4275.01;5336253;9947143168.000
12/23/2009;4282.95;4341.26;4250.82;4307.45;4275775;8333441024.000
12/24/2009;4336.83;4515.76;4330.91;4514.22;5771780;11606013952.000
12/25/2009;4516.88;4516.88;4457.54;4488.56;4217607;8035840000.000
12/28/2009;4504.15;4586.29;4504.15;4561.44;4781787;8764517376.000
12/29/2009;4566.48;4586.07;4515.40;4584.84;4126521;7547581440.000
12/30/2009;4594.23;4655.86;4594.23;4647.55;6644929;12026779648.000
12/31/2009;4656.22;4662.50;4611.90;4641.88;4367410;9099729920.000
01/04/2010;4669.70;4677.90;4585.24;4585.71;5277553;8831126528.000
01/05/2010;4619.33;4719.21;4611.27;4709.99;7385530;14487063552.000
01/06/2010;4718.83;4796.18;4704.02;4705.43;7446507;14781393920.000
01/07/2010;4725.68;4778.19;4592.86;4616.11;6912201;12914338816.000
01/08/2010;4599.75;4599.75;4492.62;4568.79;5791276;11011049472.000
01/11/2010;4696.78;4713.24;4529.83;4552.03;6788926;12170925056.000
01/12/2010;4548.64;4628.50;4474.90;4627.13;8332798;16012871680.000
01/13/2010;4508.67;4530.48;4383.77;4404.96;9885826;20111101952.000
01/14/2010;4424.99;4450.88;4348.73;4449.79;6105840;12243261440.000
01/15/2010;4433.10;4468.11;4377.49;4435.78;5424613;10017570816.000
01/18/2010;4418.98;4429.72;4385.87;4428.27;6122261;10674798592.000
01/19/2010;4442.29;4522.00;4442.29;4461.30;6608230;12788579328.000
01/20/2010;4474.36;4480.93;4284.98;4293.37;7584319;13587955712.000
01/21/2010;4286.66;4310.83;4172.86;4215.79;5915289;11881007104.000
01/22/2010;4149.24;4149.24;4021.85;4108.20;6221843;11956864000.000
01/25/2010;4082.77;4128.00;4070.37;4084.96;3299978;6293767680.000
01/26/2010;4088.26;4106.14;3908.20;3925.44;4602683;7889402368.000
01/27/2010;3927.45;3992.42;3878.34;3919.96;3859181;7377756160.000
01/28/2010;3923.67;3967.03;3893.94;3943.67;3299221;6030517760.000
01/29/2010;3921.90;3986.75;3902.96;3919.36;3637594;6146032128.000
02/01/2010;3892.47;3894.45;3761.92;3784.94;4004328;6901500928.000
02/02/2010;3823.68;3862.45;3783.99;3789.97;3257231;5775181824.000
02/03/2010;3831.14;4014.17;3753.17;3999.52;5993857;11451953152.000
02/04/2010;3955.98;3987.23;3927.19;3946.19;5242559;8796945408.000
02/05/2010;3825.30;3846.31;3778.96;3811.38;5187368;8479179776.000
02/08/2010;3806.72;3867.78;3783.67;3838.40;3247100;5349469184.000
02/09/2010;3834.65;3888.93;3831.36;3864.07;2599809;4666766848.000
02/10/2010;3916.92;3938.94;3892.45;3923.18;3121990;5592232448.000
02/11/2010;3928.80;3947.57;3911.27;3925.88;2649273;4360402432.000
02/12/2010;3942.71;3997.14;3942.71;3991.15;2957642;5321863680.000
02/22/2010;4000.30;4016.92;3948.49;3949.52;2691365;4840425472.000
02/23/2010;3941.88;3941.88;3824.69;3882.71;3061365;5461441024.000
02/24/2010;3847.26;3932.34;3829.18;3931.66;3425039;5564144128.000
02/25/2010;3945.72;3997.46;3936.91;3992.38;4588574;7601767936.000
02/26/2010;3975.37;3992.43;3947.53;3952.75;3503213;5891322368.000
03/01/2010;3959.37;4018.60;3956.58;4010.93;4155294;6901165568.000
03/02/2010;4005.82;4021.59;3935.26;3951.38;4521724;7911000576.000
03/03/2010;3947.64;3992.94;3914.19;3985.97;4102996;6594292736.000
03/04/2010;3990.10;4006.20;3890.32;3892.86;4472538;7448073216.000
03/05/2010;3897.00;3915.63;3866.74;3882.03;2874399;4677650944.000
03/08/2010;3911.95;3941.92;3898.07;3923.67;2662564;4409456640.000
03/09/2010;3924.70;4028.06;3882.63;3988.45;5422913;9623841792.000
03/10/2010;3983.13;4002.90;3934.77;3951.43;4141878;6586786816.000
03/11/2010;3956.05;3980.93;3912.78;3953.09;3750325;5868855808.000
03/12/2010;3957.30;3968.50;3899.45;3901.53;3418517;5581462016.000
03/15/2010;3896.46;3896.46;3806.40;3820.54;3012748;5404749824.000
03/16/2010;3816.80;3829.69;3773.82;3810.61;2561824;4523116032.000
03/17/2010;3829.41;3887.85;3820.78;3887.55;3379618;5714356224.000
03/18/2010;3892.62;3922.34;3880.22;3901.99;3611861;5915608576.000
03/19/2010;3901.46;3951.61;3871.33;3944.87;3711974;6592667648.000
03/22/2010;3940.25;3975.95;3930.11;3962.87;3511534;6358646784.000
03/23/2010;3966.89;4018.06;3958.33;3965.67;4176113;7693722624.000
