000906 中证800 日线
      日期	    开盘	    最高	    最低	    收盘	    成交量	    成交额
01/15/2007;2084.35;2197.27;2084.35;2197.14;105156254;80703234048.000
01/16/2007;2218.70;2264.09;2205.81;2263.73;124438673;98532483072.000
01/17/2007;2270.91;2302.66;2183.06;2225.50;147848427;118384091136.000
01/18/2007;2210.60;2250.00;2166.39;2244.06;129598067;102103179264.000
01/19/2007;2249.91;2321.36;2249.91;2321.36;141259191;110490787840.000
01/22/2007;2348.66;2417.30;2348.66;2417.01;157482195;122798850048.000
01/23/2007;2431.74;2437.31;2339.58;2430.22;163417792;132412964864.000
01/24/2007;2430.25;2472.55;2410.73;2456.74;135474920;114206203904.000
01/25/2007;2435.86;2443.67;2364.44;2367.27;129230811;109414637568.000
01/26/2007;2332.14;2425.71;2268.02;2415.02;123413414;102054002688.000
01/29/2007;2431.50;2482.30;2426.16;2481.14;131098748;110333026304.000
01/30/2007;2490.99;2502.03;2441.69;2461.32;128459216;106648117248.000
01/31/2007;2454.52;2459.11;2292.92;2309.14;129956061;104773656576.000
02/01/2007;2277.57;2336.07;2238.00;2322.05;107416941;85156724736.000
02/02/2007;2324.60;2331.84;2236.18;2240.11;97987764;79287869440.000
02/05/2007;2227.58;2254.46;2201.99;2226.79;77721617;62477488128.000
02/06/2007;2228.02;2271.65;2171.47;2271.17;97886833;81921163264.000
02/07/2007;2284.72;2335.11;2284.72;2321.07;108433441;92304875520.000
02/08/2007;2327.94;2366.43;2308.84;2361.53;101710437;85078179840.000
02/09/2007;2364.09;2369.55;2332.16;2353.79;92677354;76242624512.000
02/12/2007;2355.30;2432.94;2354.80;2432.79;91180674;76722462720.000
02/13/2007;2445.07;2473.38;2437.49;2471.23;89692645;75028889600.000
02/14/2007;2475.57;2540.14;2468.93;2533.05;106842861;89685778432.000
02/15/2007;2551.26;2612.26;2551.26;2611.84;123147789;104517304320.000
02/16/2007;2633.82;2665.30;2607.56;2625.09;129965536;111554150400.000
02/26/2007;2630.92;2673.86;2596.39;2673.16;123494645;107424538624.000
02/27/2007;2683.78;2687.34;2425.65;2428.06;180141061;154021609472.000
02/28/2007;2386.63;2528.43;2386.63;2519.74;135847601;115017826304.000
03/01/2007;2527.12;2527.17;2417.80;2453.43;140987795;115887153152.000
03/02/2007;2449.49;2504.42;2438.65;2490.61;105184910;88124096512.000
03/05/2007;2488.12;2526.22;2396.08;2467.99;118053466;99459866624.000
03/06/2007;2459.49;2518.44;2442.45;2502.27;85954819;75070103552.000
03/07/2007;2514.09;2571.65;2514.09;2569.82;96951658;86572933120.000
03/08/2007;2577.76;2612.30;2547.27;2611.76;98463625;87296581632.000
03/09/2007;2616.29;2627.43;2570.95;2600.46;118443031;105323077632.000
03/12/2007;2602.09;2618.92;2557.89;2618.58;113836013;100167303168.000
03/13/2007;2623.21;2647.11;2609.99;2644.15;119385071;103865982976.000
03/14/2007;2615.91;2636.17;2548.65;2607.61;125532360;110428807168.000
03/15/2007;2605.09;2656.64;2605.09;2656.46;114788295;103841406976.000
03/16/2007;2666.32;2675.14;2582.96;2613.28;130964982;119857938432.000
03/19/2007;2539.14;2678.06;2527.89;2664.51;121633448;111672786944.000
03/20/2007;2674.50;2690.37;2658.40;2689.09;104808710;98244149248.000
03/21/2007;2701.56;2723.48;2682.57;2723.28;112889713;108975226880.000
03/22/2007;2739.26;2761.28;2721.63;2730.32;139313773;133388312576.000
03/23/2007;2729.97;2746.56;2677.50;2743.10;126184275;120651071488.000
03/26/2007;2754.13;2801.38;2747.71;2801.23;132811548;126593540096.000
03/27/2007;2807.53;2833.20;2790.56;2828.61;137682928;134454648832.000
03/28/2007;2833.23;2849.38;2716.75;2830.08;179219310;171315019776.000
03/29/2007;2833.79;2843.36;2792.18;2792.34;162562038;161839529984.000
03/30/2007;2777.36;2814.61;2761.41;2798.94;98913124;98040627200.000
04/02/2007;2810.28;2866.62;2810.28;2866.62;106921471;111051710464.000
04/03/2007;2878.20;2907.12;2869.02;2907.06;123781478;130364358656.000
04/04/2007;2912.83;2944.44;2895.52;2933.76;128633012;137912877056.000
04/05/2007;2931.50;2977.06;2917.84;2971.98;126940649;134193807360.000
04/06/2007;2949.09;3009.92;2938.20;3004.38;135354383;146143363072.000
04/09/2007;3021.13;3072.41;3021.13;3067.96;153045457;166074466304.000
04/10/2007;3082.60;3105.61;3012.50;3105.60;164444951;181408399360.000
04/11/2007;3114.95;3147.37;3081.82;3147.18;169393707;190990598144.000
04/12/2007;3154.69;3207.59;3141.02;3207.50;157242633;183291510784.000
04/13/2007;3213.85;3241.49;3179.81;3195.01;168188189;200192573440.000
04/16/2007;3202.05;3284.66;3202.05;3284.33;148325798;174785937408.000
04/17/2007;3303.34;3332.40;3220.55;3329.67;183251342;214320824320.000
04/18/2007;3341.17;3373.58;3298.42;3367.84;173040707;206041858048.000
04/19/2007;3361.26;3361.26;3116.96;3200.01;193284311;225697005568.000
04/20/2007;3216.65;3356.17;3216.65;3347.79;156721014;185218514944.000
04/23/2007;3391.89;3497.28;3391.89;3495.23;183679019;220442918912.000
04/24/2007;3526.23;3559.08;3478.44;3515.20;196457326;243280920576.000
04/25/2007;3500.75;3531.24;3436.99;3513.50;164969941;202456875008.000
04/26/2007;3528.50;3559.52;3502.62;3559.23;134431039;171992514560.000
04/27/2007;3565.90;3571.17;3503.69;3540.14;138996038;181576155136.000
04/30/2007;3549.26;3629.00;3537.69;3620.35;159874015;214809722880.000
05/08/2007;3705.39;3769.82;3682.52;3761.52;179912706;242153324544.000
05/09/2007;3775.48;3793.24;3622.77;3774.91;223700857;290653470720.000
05/10/2007;3777.68;3817.06;3743.96;3799.39;183933844;236207849472.000
05/11/2007;3771.79;3791.68;3706.59;3778.42;149204513;207189082112.000
05/14/2007;3723.63;3841.71;3694.10;3808.25;149849430;211431079936.000
05/15/2007;3813.30;3827.58;3672.54;3677.98;157580362;217952550912.000
05/16/2007;3668.88;3779.08;3625.64;3778.79;141788662;195858857984.000
05/17/2007;3797.75;3877.61;3786.76;3862.79;152965181;215847026688.000
05/18/2007;3856.72;3891.28;3830.43;3864.51;141628598;196976001024.000
05/21/2007;3734.74;3944.97;3725.91;3936.93;170100395;237979303936.000
05/22/2007;3959.54;4012.17;3959.54;3989.42;190268871;267305025536.000
05/23/2007;4002.73;4070.89;3977.86;4070.52;172813171;246813491200.000
05/24/2007;4087.53;4106.26;3983.81;4053.53;196949545;284281044992.000
05/25/2007;4041.52;4134.21;4018.92;4121.69;166625283;249808715776.000
05/28/2007;4172.28;4234.45;4165.76;4214.41;195198286;298502488064.000
05/29/2007;4233.20;4308.90;4212.59;4308.66;188901333;287877201920.000
05/30/2007;4022.74;4235.36;3966.87;4000.71;213369445;323274768384.000
05/31/2007;3926.93;4059.09;3761.31;3986.66;200523556;290741354496.000
06/01/2007;4003.92;4059.13;3797.65;3819.29;185981453;278622666752.000
06/04/2007;3805.94;3825.00;3510.14;3516.65;135697455;184168792064.000
06/05/2007;3392.73;3619.89;3244.98;3619.45;184181269;222407311360.000
06/06/2007;3637.24;3708.53;3533.63;3670.32;163087184;208394190848.000
06/07/2007;3686.65;3812.34;3676.14;3812.34;158964822;210127470592.000
06/08/2007;3829.34;3880.61;3789.44;3855.03;153646081;213930344448.000
06/11/2007;3896.87;3955.39;3892.89;3950.32;152712365;216479563776.000
06/12/2007;3975.10;4056.39;3838.53;4056.27;172959513;249591922688.000
06/13/2007;4093.99;4182.60;4086.11;4155.25;187166238;263697498112.000
06/14/2007;4142.56;4171.83;4054.12;4108.70;155570286;220468264960.000
06/15/2007;4072.21;4147.63;4051.75;4127.55;120864350;177360977920.000
06/18/2007;4207.54;4271.43;4207.54;4253.65;145758684;219081113600.000
06/19/2007;4255.48;4294.79;4211.91;4294.44;143384861;212400128000.000
06/20/2007;4308.78;4338.34;4170.19;4190.59;154144014;230292570112.000
06/21/2007;4172.12;4240.85;4129.14;4215.28;125741937;189729439744.000
06/22/2007;4220.15;4231.54;3966.49;4044.92;135241785;198831456256.000
06/25/2007;4060.11;4100.67;3822.10;3848.69;117683181;171545313280.000
06/26/2007;3766.42;3906.49;3710.70;3905.30;102512385;136810151936.000
06/27/2007;3923.14;4024.33;3880.97;4012.45;107302780;152196874240.000
06/28/2007;4009.63;4033.86;3811.23;3811.87;106827461;146126798848.000
06/29/2007;3715.44;3808.77;3650.99;3699.33;97708688;130051653632.000
07/02/2007;3682.51;3744.01;3585.80;3708.31;83252178;106640334848.000
07/03/2007;3734.55;3782.38;3684.76;3779.00;76984903;101548982272.000
07/04/2007;3786.84;3793.77;3676.45;3692.41;65073525;89246048256.000
07/05/2007;3636.31;3651.75;3477.00;3479.05;72639617;90961829888.000
07/06/2007;3459.04;3662.33;3415.29;3659.82;89321141;109930536960.000
07/09/2007;3693.90;3793.32;3671.93;3772.34;95592867;122989379584.000
07/10/2007;3779.44;3788.69;3701.22;3712.92;86644803;114864340992.000
07/11/2007;3688.90;3740.00;3670.20;3734.78;58435327;77946249216.000
07/12/2007;3743.28;3780.07;3723.07;3759.51;54966735;71361527808.000
07/13/2007;3765.74;3769.01;3709.52;3758.34;47056792;60600082432.000
07/16/2007;3761.75;3767.40;3636.22;3636.55;50777792;66806988800.000
07/17/2007;3622.02;3748.96;3591.04;3724.53;54008305;73011552256.000
07/18/2007;3712.75;3793.87;3692.87;3741.42;70935717;97185718272.000
07/19/2007;3731.36;3769.83;3712.13;3744.73;49097222;66504052736.000
07/20/2007;3746.03;3905.33;3746.03;3904.75;90503976;120296316928.000
07/23/2007;3938.89;4091.12;3938.89;4091.11;135709749;181662253056.000
07/24/2007;4120.91;4181.86;4079.45;4096.56;127180190;169845506048.000
07/25/2007;4097.69;4195.09;4097.63;4194.73;105655372;148985217024.000
07/26/2007;4222.02;4272.88;4185.41;4250.72;113110639;159412060160.000
07/27/2007;4226.81;4278.31;4172.94;4272.31;113212074;162562064384.000
07/30/2007;4273.00;4389.78;4271.80;4370.17;128451237;185911410688.000
07/31/2007;4363.45;4425.13;4314.80;4420.19;122087551;181466054656.000
08/01/2007;4438.98;4454.65;4220.81;4234.14;138760538;201740058624.000
08/02/2007;4254.95;4394.23;4247.00;4386.00;109313298;167196639232.000
08/03/2007;4423.29;4526.40;4423.29;4525.85;132086545;210959024128.000
08/06/2007;4568.52;4628.71;4547.87;4628.63;130914394;207058518016.000
08/07/2007;4638.64;4680.71;4553.14;4636.21;134945996;221411377152.000
08/08/2007;4594.39;4647.72;4485.13;4575.81;135093604;194458189824.000
08/09/2007;4573.98;4671.56;4573.85;4669.65;110833014;168506703872.000
08/10/2007;4661.22;4664.03;4512.23;4609.33;115641560;177428299776.000
08/13/2007;4606.50;4636.40;4539.90;4600.70;126265584;187380744192.000
08/14/2007;4600.93;4689.16;4587.01;4682.13;98166211;152482267136.000
08/15/2007;4692.03;4716.10;4576.48;4679.10;100467455;156620587008.000
08/16/2007;4655.32;4656.78;4566.01;4626.73;102962514;158045126656.000
08/17/2007;4601.82;4676.61;4534.25;4542.97;101657777;158167089152.000
08/20/2007;4655.98;4782.05;4653.02;4781.82;113388706;175530098688.000
08/21/2007;4811.20;4880.92;4804.73;4860.99;124032437;195423944704.000
08/22/2007;4791.84;4957.63;4777.30;4935.02;129497359;208295411712.000
08/23/2007;4958.64;5026.01;4911.74;5010.48;118067467;195429629952.000
08/24/2007;5033.98;5086.28;5022.68;5074.76;124650991;199565017088.000
08/27/2007;5113.74;5142.67;5040.19;5089.93;134873273;218043973632.000
08/28/2007;5068.49;5112.82;4987.10;5097.71;122843269;204709642240.000
08/29/2007;5065.87;5129.24;4991.39;5030.27;117836727;199568785408.000
08/30/2007;5051.59;5121.74;5039.32;5116.21;118818400;189165207552.000
08/31/2007;5133.34;5183.06;5108.51;5171.06;122368242;192881999872.000
09/03/2007;5210.48;5303.68;5210.48;5290.06;147488883;234039427072.000
09/04/2007;5297.15;5304.65;5213.06;5238.67;137688894;225182547968.000
09/05/2007;5237.70;5269.02;5147.75;5247.88;111131691;185911377920.000
09/06/2007;5273.74;5329.08;5253.66;5297.74;121638507;198691962880.000
09/07/2007;5268.90;5287.35;5171.28;5179.15;136623479;226465202176.000
09/10/2007;5113.83;5265.23;5070.45;5265.05;114320227;183556161536.000
09/11/2007;5271.17;5296.33;4981.67;4997.92;124590931;202335895552.000
09/12/2007;4975.53;5083.61;4919.13;5070.11;109516608;175125168128.000
09/13/2007;5095.48;5206.89;5076.57;5205.85;101117564;173142605824.000
09/14/2007;5219.90;5265.71;5136.94;5256.72;107197193;181961523200.000
09/17/2007;5248.51;5364.87;5245.64;5359.85;121914865;201248423936.000
09/18/2007;5383.80;5393.17;5281.44;5354.24;121396676;207024914432.000
09/19/2007;5364.73;5374.11;5265.97;5294.82;98991042;169205104640.000
09/20/2007;5311.38;5368.67;5301.33;5364.07;97936506;170068836352.000
09/21/2007;5377.71;5384.63;5223.09;5332.01;104007413;179141066752.000
09/24/2007;5344.79;5399.19;5268.16;5372.92;93811396;171700568064.000
09/25/2007;5380.58;5399.69;5286.63;5318.08;78473456;141732102144.000
09/26/2007;5301.42;5346.37;5204.13;5228.10;66942081;122458923008.000
09/27/2007;5231.20;5289.21;5202.92;5288.21;59004272;109089497088.000
09/28/2007;5336.61;5440.13;5336.61;5430.64;83887024;155595423744.000
10/08/2007;5543.81;5555.34;5460.85;5486.94;102708013;182795173888.000
10/09/2007;5476.12;5521.10;5424.67;5516.64;89076682;157822484480.000
10/10/2007;5534.87;5598.03;5484.66;5516.56;101978121;185155878912.000
10/11/2007;5524.07;5561.22;5472.17;5549.39;101535478;189396779008.000
10/12/2007;5563.00;5573.37;5260.92;5505.64;125245826;227014819840.000
10/15/2007;5525.71;5573.34;5443.06;5569.75;104927987;207106392064.000
10/16/2007;5594.64;5626.03;5552.80;5624.46;93336985;178182766592.000
10/17/2007;5612.89;5637.83;5553.60;5580.48;76828858;150411149312.000
10/18/2007;5570.73;5570.73;5378.25;5394.54;76057118;146531991552.000
10/19/2007;5425.59;5482.94;5350.59;5393.13;60643058;117775351808.000
10/22/2007;5330.55;5377.61;5250.80;5256.32;59223176;107775975424.000
10/23/2007;5252.76;5309.74;5149.44;5308.38;64858374;122383269888.000
10/24/2007;5329.68;5381.88;5312.82;5324.96;66977828;130957443072.000
10/25/2007;5288.25;5288.25;5035.40;5052.56;80919746;141836058624.000
10/26/2007;4998.21;5127.44;4973.92;5094.77;57456527;104506638336.000
10/29/2007;5125.82;5196.45;5125.62;5195.68;53314823;95546990592.000
10/30/2007;5215.65;5286.12;5159.20;5285.19;57907822;103914496000.000
10/31/2007;5345.04;5395.44;5293.29;5391.91;76639082;138824810496.000
11/01/2007;5403.55;5403.55;5301.17;5301.56;70005518;127713329152.000
11/02/2007;5218.95;5264.77;5153.07;5177.11;64914271;122829832192.000
11/05/2007;5145.72;5208.09;5071.74;5096.90;51166069;96672718848.000
11/06/2007;5075.15;5141.75;5050.58;5070.98;43478193;77525352448.000
11/07/2007;5097.10;5133.96;4984.94;5094.60;45728544;80040837120.000
11/08/2007;5069.68;5069.68;4854.06;4856.55;53270503;95310274560.000
11/09/2007;4810.37;4886.09;4731.89;4804.02;50513075;88134877184.000
11/12/2007;4694.75;4779.14;4580.59;4743.94;55671897;96662781952.000
11/13/2007;4784.64;4840.05;4649.27;4717.24;53587163;94373076992.000
11/14/2007;4782.60;4910.54;4711.37;4909.65;54722919;97146871808.000
11/16/2007;4777.40;4801.93;4707.36;4792.52;38856420;66363695104.000
11/19/2007;4802.51;4825.91;4771.48;4802.79;43516653;71502102528.000
11/20/2007;4777.95;4900.63;4740.59;4873.52;52625549;90885120000.000
11/21/2007;4889.46;4929.75;4799.88;4804.23;44311535;75864711168.000
11/22/2007;4718.99;4756.14;4576.19;4587.69;42035803;72850071552.000
11/23/2007;4551.06;4670.53;4530.64;4669.86;31571423;55555690496.000
11/26/2007;4737.99;4761.48;4612.98;4617.29;37658045;66549940224.000
11/27/2007;4580.74;4626.88;4536.73;4539.06;32882389;60418539520.000
11/28/2007;4551.43;4585.30;4457.13;4483.99;33965153;59687526400.000
11/29/2007;4536.80;4661.64;4471.36;4657.04;53271966;93313540096.000
11/30/2007;4657.12;4657.12;4549.80;4562.40;44895494;76396568576.000
12/03/2007;4542.84;4631.80;4521.02;4599.91;36308260;61161971712.000
12/04/2007;4611.73;4696.62;4611.73;4648.93;36611136;61170950144.000
12/05/2007;4648.75;4774.81;4635.63;4772.06;49468771;83682009088.000
12/06/2007;4789.73;4802.63;4738.16;4779.89;39605672;67198349312.000
12/07/2007;4787.62;4849.92;4785.44;4849.72;46329042;74364510208.000
12/10/2007;4775.53;4950.37;4759.25;4947.39;70537651;119060914176.000
12/11/2007;4972.04;4989.31;4896.13;4963.34;69688103;118593978368.000
12/12/2007;4935.94;4964.35;4875.04;4916.81;65492268;116754325504.000
12/13/2007;4894.44;4911.32;4734.09;4736.43;63403358;111384297472.000
12/14/2007;4683.06;4830.84;4659.01;4829.69;53035391;88491278336.000
12/17/2007;4831.35;4833.21;4736.10;4737.63;65968928;114188247040.000
12/18/2007;4710.75;4762.74;4681.27;4708.17;40822159;69850890240.000
12/19/2007;4750.26;4833.37;4744.09;4819.51;55658589;90612432896.000
12/20/2007;4838.66;4911.53;4811.78;4902.11;54872705;91056259072.000
12/21/2007;4882.23;4968.67;4880.78;4967.33;63452352;108470689792.000
12/24/2007;5005.63;5098.49;4997.71;5066.50;85165105;151212605440.000
12/25/2007;5076.28;5103.02;5042.10;5083.08;67530703;118425042944.000
12/26/2007;5097.93;5141.87;5071.28;5141.34;72291914;126475870208.000
12/27/2007;5162.87;5234.13;5144.07;5231.87;88046896;159796887552.000
12/28/2007;5243.03;5252.94;5191.48;5205.74;75164986;137778659328.000
01/02/2008;5217.93;5294.61;5167.08;5278.92;80014621;149336375296.000
01/03/2008;5276.88;5330.43;5235.42;5329.96;106633361;197736087552.000
01/04/2008;5338.83;5393.36;5322.53;5380.78;85055012;169192734720.000
01/07/2008;5377.21;5471.32;5354.62;5459.60;93889122;184487755776.000
01/08/2008;5477.04;5511.06;5364.55;5406.77;107372386;211889700864.000
01/09/2008;5385.36;5506.51;5370.60;5505.88;81620658;161557364736.000
01/10/2008;5523.28;5593.94;5500.49;5557.09;105079571;207281045504.000
01/11/2008;5570.73;5580.96;5507.82;5577.20;91115314;176179478528.000
01/14/2008;5592.87;5637.66;5561.82;5616.75;83696880;162720710656.000
01/15/2008;5627.26;5644.37;5548.70;5597.50;87767012;176491954176.000
01/16/2008;5549.98;5549.98;5421.84;5432.36;94834460;185549537280.000
01/17/2008;5378.70;5465.06;5150.76;5293.28;104872021;201317400576.000
01/18/2008;5287.00;5344.52;5235.25;5341.16;75151233;140005605376.000
01/21/2008;5352.06;5361.88;5062.88;5084.98;83296589;153434931200.000
01/22/2008;4957.98;4963.27;4648.08;4688.10;101147153;182479175680.000
01/23/2008;4714.44;4914.00;4679.38;4913.08;93971142;164682825728.000
01/24/2008;4967.81;5037.01;4881.29;4988.54;99386023;176638738432.000
01/25/2008;4985.23;5074.38;4940.12;5031.21;86046491;156158541824.000
01/28/2008;4995.92;4995.92;4665.29;4686.91;75959850;128402890752.000
01/29/2008;4698.97;4806.31;4654.93;4731.10;52806690;90726170624.000
01/30/2008;4782.09;4828.72;4585.26;4692.88;59003453;107751661568.000
01/31/2008;4677.03;4714.28;4578.43;4583.53;49420516;90049355776.000
02/01/2008;4583.88;4614.42;4347.47;4501.31;57639192;97124016128.000
02/04/2008;4621.42;4873.20;4621.42;4872.52;62258199;115668844544.000
02/05/2008;4866.52;4919.61;4802.62;4854.67;53570278;100671373312.000
02/13/2008;4797.18;4834.24;4732.39;4767.39;37062700;65401925632.000
02/14/2008;4806.82;4866.94;4794.98;4837.98;35951258;62835793920.000
02/15/2008;4805.88;4805.88;4707.72;4780.94;43425382;74576674816.000
02/18/2008;4843.33;4922.92;4818.99;4890.52;59512832;105279627264.000
02/19/2008;4905.26;4994.95;4867.52;4994.95;65000291;118488211456.000
02/20/2008;5008.35;5035.08;4891.28;4898.79;71034874;132204371968.000
02/21/2008;4870.83;4931.37;4797.29;4887.40;64958195;113646731264.000
02/22/2008;4865.03;4865.03;4665.98;4726.05;69117793;122107166720.000
02/25/2008;4729.69;4749.97;4540.60;4550.38;60387591;103764615168.000
02/26/2008;4664.25;4698.37;4423.35;4546.91;58563985;103801446400.000
02/27/2008;4570.68;4681.99;4532.57;4666.50;53367292;93928202240.000
02/28/2008;4677.28;4704.61;4613.52;4655.41;49515785;84549926912.000
02/29/2008;4649.83;4714.15;4633.84;4710.78;48745546;82959409152.000
03/03/2008;4688.07;4846.73;4653.13;4837.49;76680973;134534791168.000
03/04/2008;4859.06;4883.68;4723.60;4737.37;88297893;149924675584.000
03/05/2008;4716.91;4757.35;4593.64;4709.24;77997294;127634341888.000
03/06/2008;4725.24;4812.88;4684.12;4754.87;89160288;147100467200.000
03/07/2008;4715.08;4755.85;4661.97;4682.51;58644729;101946621952.000
03/10/2008;4649.48;4649.54;4472.54;4499.17;55638234;93921779712.000
03/11/2008;4460.41;4521.21;4386.06;4521.21;46716102;81111924736.000
03/12/2008;4610.97;4630.97;4389.36;4390.25;49685026;87441833984.000
03/13/2008;4345.49;4371.69;4181.54;4263.02;60376085;100364402688.000
03/14/2008;4242.97;4279.73;4161.44;4225.52;40007230;67829157888.000
03/17/2008;4206.41;4206.41;3992.94;3998.72;49293808;79636905984.000
03/18/2008;3953.33;4028.47;3712.54;3774.53;58854732;87036952576.000
03/19/2008;3848.53;3977.03;3785.09;3912.31;63415788;99951812608.000
03/20/2008;3855.45;4079.92;3686.67;4036.77;74641330;118154715136.000
03/21/2008;4033.85;4121.33;3996.68;4077.19;68332523;109109329920.000
03/24/2008;4126.12;4144.35;3917.61;3917.61;61599987;98798632960.000
03/25/2008;3840.88;3995.45;3805.86;3966.69;54632438;87060611072.000
03/26/2008;3986.55;4057.66;3942.19;3970.03;47496401;77163429888.000
03/27/2008;3906.64;3922.45;3788.63;3791.77;53748866;82141519872.000
03/28/2008;3753.64;3956.15;3687.25;3949.03;65172976;101252481024.000
03/31/2008;3835.20;3919.68;3802.55;3807.59;48493947;74232127488.000
04/01/2008;3792.30;3832.19;3560.72;3573.40;58057038;84364435456.000
04/02/2008;3607.74;3668.85;3455.87;3502.33;65841975;94771445760.000
04/03/2008;3472.66;3621.32;3409.80;3600.90;51928333;74190430208.000
04/07/2008;3561.31;3809.42;3527.24;3802.40;62339710;94779187200.000
04/08/2008;3809.47;3897.21;3779.18;3856.09;69217979;106088161280.000
04/09/2008;3825.45;3883.22;3652.51;3652.90;63317390;92821176320.000
04/10/2008;3604.90;3727.81;3573.89;3727.81;49517709;70685212672.000
04/11/2008;3764.41;3802.72;3732.75;3763.00;46236532;67839520768.000
04/14/2008;3679.45;3687.98;3505.63;3516.39;54253944;77937033216.000
04/15/2008;3494.28;3578.15;3407.47;3577.80;48794618;69704646656.000
04/16/2008;3569.02;3580.17;3476.65;3489.34;43941314;62549008384.000
04/17/2008;3488.56;3552.85;3333.16;3379.92;46755322;65770561536.000
04/18/2008;3350.59;3379.04;3239.18;3254.09;44620469;59080843264.000
04/21/2008;3494.85;3494.85;3202.98;3245.13;63200113;88257961984.000
04/22/2008;3188.17;3264.10;3085.21;3256.98;51597819;66281545728.000
04/23/2008;3228.56;3424.34;3205.68;3409.83;67050593;91489771520.000
04/24/2008;3691.97;3731.97;3611.27;3725.79;143660628;202546724864.000
04/25/2008;3730.11;3867.33;3686.38;3755.09;127606504;196578721792.000
04/28/2008;3694.18;3748.99;3668.55;3692.09;79609976;121047654400.000
04/29/2008;3670.14;3756.43;3666.75;3735.56;70426222;108849676288.000
04/30/2008;3751.16;3917.97;3751.16;3907.60;107700609;166725943296.000
05/05/2008;3959.66;4017.70;3916.43;4012.00;101706440;158410784768.000
05/06/2008;3979.82;4037.14;3923.87;3973.97;98300981;155385348096.000
05/07/2008;3949.75;4003.25;3789.37;3789.48;91928236;144186982400.000
05/08/2008;3743.19;3899.59;3731.78;3898.92;75876197;115996631040.000
05/09/2008;3932.92;3945.90;3787.00;3863.43;91105201;142999420928.000
05/12/2008;3793.20;3945.86;3759.35;3901.45;83080165;129076142080.000
05/13/2008;3782.90;3922.02;3774.73;3862.33;97319049;137478406144.000
05/14/2008;3855.54;3977.75;3855.54;3977.75;94290584;139040653312.000
05/15/2008;4005.60;4039.93;3948.28;3948.28;90508042;130401050624.000
05/16/2008;3947.24;3980.89;3870.69;3926.21;70374561;104393416704.000
05/19/2008;3915.89;3932.42;3857.94;3908.73;52515510;77867343872.000
05/20/2008;3906.59;3939.86;3682.15;3696.10;70989176;101677588480.000
05/21/2008;3650.82;3791.17;3574.35;3772.49;77996770;107870429184.000
05/22/2008;3724.38;3783.45;3695.67;3709.01;72158692;102882295808.000
05/23/2008;3695.43;3735.87;3618.26;3671.87;62685923;84326014976.000
05/26/2008;3641.52;3641.52;3557.26;3560.33;56503859;76281053184.000
05/27/2008;3549.74;3592.35;3531.85;3576.67;44871353;61803868160.000
05/28/2008;3583.47;3697.05;3562.73;3676.50;54558790;76991717376.000
05/29/2008;3667.07;3679.64;3579.99;3581.51;53681039;73960587264.000
05/30/2008;3584.11;3617.57;3548.21;3606.50;49936306;70503325696.000
06/02/2008;3596.17;3647.25;3577.23;3624.73;49261384;64990806016.000
06/03/2008;3623.95;3638.85;3583.40;3611.98;57336059;74185695232.000
06/04/2008;3599.82;3603.39;3512.64;3545.49;49935684;64969703424.000
06/05/2008;3529.52;3541.30;3485.97;3508.51;41214746;55327535104.000
06/06/2008;3514.91;3528.82;3465.57;3485.04;36050300;46887165952.000
06/10/2008;3341.91;3347.38;3180.77;3197.55;51825770;64783613952.000
06/11/2008;3144.91;3169.34;3081.53;3127.73;49536079;60107014144.000
06/12/2008;3111.16;3137.94;3015.40;3078.27;51455650;62962016256.000
06/13/2008;3081.39;3103.48;2960.54;2963.70;42906712;50014466048.000
06/16/2008;2964.49;2992.37;2877.26;2928.39;42594553;48083316736.000
06/17/2008;2926.16;2954.23;2783.30;2803.33;44976746;48121745408.000
06/18/2008;2780.89;2969.19;2716.25;2953.03;68916929;75565768704.000
06/19/2008;2929.22;2929.22;2726.24;2730.36;60300613;66291490816.000
06/20/2008;2751.14;2900.08;2645.02;2802.93;79261744;88403648512.000
06/23/2008;2755.09;2802.57;2727.53;2746.69;43308151;46621716480.000
06/24/2008;2733.67;2827.24;2729.71;2813.83;52037283;56281214976.000
06/25/2008;2808.16;2941.89;2798.77;2939.44;70875013;76194742272.000
06/26/2008;2935.24;2986.33;2898.61;2956.09;73025050;80127475712.000
06/27/2008;2860.89;2875.06;2754.21;2782.99;66952977;71869710336.000
06/30/2008;2750.75;2806.82;2718.32;2768.77;41657176;46458331136.000
07/01/2008;2775.76;2785.88;2676.40;2685.27;45869939;51108728832.000
07/02/2008;2689.39;2739.60;2665.40;2695.58;45172150;51485843456.000
07/03/2008;2653.09;2812.45;2616.98;2769.98;76411719;87600562176.000
07/04/2008;2760.62;2795.97;2729.19;2755.11;64784761;74051133440.000
07/07/2008;2761.18;2901.89;2761.18;2897.23;87224556;96732594176.000
07/08/2008;2912.56;2948.05;2854.27;2921.86;90824187;103267803136.000
07/09/2008;2942.95;3028.07;2942.95;3028.07;111455111;124998770688.000
07/10/2008;2985.29;3068.38;2963.31;2980.56;103697005;118676316160.000
07/11/2008;2968.20;2994.81;2917.61;2960.63;74441810;83960061952.000
07/14/2008;2935.66;3006.22;2925.42;2991.53;60615828;69584191488.000
07/15/2008;3002.40;3014.21;2869.00;2876.09;79938003;88763293696.000
07/16/2008;2842.27;2848.88;2714.60;2759.57;67013070;70798000128.000
07/17/2008;2803.42;2829.53;2718.85;2731.78;56616186;60442660864.000
07/18/2008;2757.70;2832.17;2697.11;2828.22;63885785;69141495808.000
07/21/2008;2807.69;2934.12;2794.81;2928.55;73783374;81522130944.000
07/22/2008;2923.85;2952.98;2910.48;2925.71;68028088;74718003200.000
07/23/2008;2942.39;2961.03;2898.86;2903.30;67216304;73280405504.000
07/24/2008;2923.40;2996.12;2921.33;2993.18;79391793;88660967424.000
07/25/2008;2956.56;2986.35;2934.96;2957.34;66969446;73158811648.000
07/28/2008;2976.69;3012.18;2968.03;2983.23;67051002;73433006080.000
07/29/2008;2944.73;2944.73;2902.31;2926.40;63065195;67053629440.000
07/30/2008;2960.42;2971.49;2886.38;2906.18;52131319;54792290304.000
07/31/2008;2915.37;2920.43;2819.78;2820.42;48820716;49881255936.000
08/01/2008;2802.10;2883.62;2764.05;2857.88;54715454;58252775424.000
08/04/2008;2835.11;2852.18;2784.57;2789.69;40610219;43614699520.000
08/05/2008;2795.32;2808.04;2708.16;2715.79;48975650;51612319744.000
08/06/2008;2735.16;2760.81;2690.03;2731.76;45460023;48158281728.000
08/07/2008;2727.70;2757.46;2695.05;2734.73;41158876;42426322944.000
08/08/2008;2734.13;2734.13;2582.79;2590.26;52204285;51969363968.000
08/11/2008;2578.47;2578.50;2429.82;2443.04;51935917;47195156480.000
08/12/2008;2414.73;2456.23;2394.69;2425.95;40475743;36356661248.000
08/13/2008;2409.07;2447.76;2346.18;2426.13;45347285;40988225536.000
08/14/2008;2411.82;2445.93;2393.94;2427.52;34677825;32620523520.000
08/15/2008;2423.94;2460.87;2396.03;2428.74;33992787;31846352896.000
08/18/2008;2432.80;2434.61;2285.18;2285.69;38959438;33433733120.000
08/19/2008;2256.92;2327.45;2244.32;2320.95;33397364;28274520064.000
08/20/2008;2306.19;2505.67;2284.74;2505.47;71374172;63142547456.000
08/21/2008;2467.73;2510.49;2411.09;2417.25;62847326;58340233216.000
08/22/2008;2395.66;2409.35;2332.07;2376.66;44173581;39093248000.000
08/25/2008;2378.43;2410.49;2345.39;2371.49;32676409;29058672640.000
08/26/2008;2342.53;2355.92;2264.12;2291.01;41434652;34330920960.000
08/27/2008;2280.92;2325.59;2246.83;2284.65;39996772;34571603968.000
08/28/2008;2283.58;2317.90;2273.55;2292.77;33663868;30819772416.000
08/29/2008;2302.94;2377.17;2297.59;2350.94;48295763;42187214848.000
09/01/2008;2332.58;2332.58;2258.72;2271.99;36608169;31631321088.000
09/02/2008;2256.32;2280.15;2231.71;2256.45;33889976;28218001408.000
09/03/2008;2250.45;2267.54;2193.54;2222.04;42615964;35901456384.000
09/04/2008;2215.43;2249.61;2195.22;2229.64;34585338;28339118080.000
09/05/2008;2171.50;2196.94;2150.08;2154.86;39116488;30712092672.000
09/08/2008;2159.49;2169.23;2080.53;2088.00;38081200;29876506624.000
09/09/2008;2095.75;2113.42;2072.63;2101.52;30379582;23471900672.000
09/10/2008;2087.61;2144.52;2063.67;2107.78;37399568;30074271744.000
09/11/2008;2100.76;2110.06;2039.57;2044.01;35352077;28935821312.000
09/12/2008;2042.79;2074.87;2039.09;2049.41;29693712;24193634304.000
09/16/2008;2027.26;2027.26;1968.74;1979.45;48504338;37633040384.000
09/17/2008;1963.22;1985.91;1909.49;1915.54;47045445;35309723648.000
09/18/2008;1866.20;1917.70;1785.47;1877.95;68968090;48422232064.000
09/19/2008;2046.77;2055.42;2027.23;2055.42;59609159;46567804928.000
09/22/2008;2203.37;2239.59;2102.82;2180.80;148238255;128514596864.000
09/23/2008;2113.76;2141.35;2083.14;2086.07;105811819;86934765568.000
09/24/2008;2038.71;2107.80;2019.47;2107.56;67094597;54115405824.000
09/25/2008;2111.98;2213.17;2107.88;2184.29;109074787;94275223552.000
09/26/2008;2194.20;2214.54;2150.78;2199.72;86234334;76466790400.000
10/06/2008;2161.66;2161.66;2092.29;2092.58;66557814;55599611904.000
10/07/2008;2013.66;2101.60;1994.26;2070.32;61771354;53595115520.000
10/08/2008;2014.54;2044.38;1975.85;1997.41;53510378;45116293120.000
10/09/2008;2034.20;2038.68;1969.09;1970.46;49331648;41407598592.000
10/10/2008;1891.92;1905.83;1854.91;1874.06;58299062;43394195456.000
10/13/2008;1855.88;1943.11;1805.43;1943.11;60785746;47132385280.000
10/14/2008;2009.37;2015.73;1891.58;1891.58;75976329;61387816960.000
10/15/2008;1869.98;1889.90;1851.02;1873.69;45896449;34241533952.000
10/16/2008;1796.69;1825.86;1777.68;1779.38;58181520;41611149312.000
10/17/2008;1795.42;1809.48;1765.94;1793.54;42526308;30265745408.000
10/20/2008;1789.55;1857.98;1765.08;1855.71;50016104;37252993024.000
10/21/2008;1860.70;1888.09;1841.85;1842.85;58972980;44312207360.000
10/22/2008;1818.29;1849.46;1797.26;1798.13;49650583;35058040832.000
10/23/2008;1761.11;1804.02;1747.12;1802.88;51225346;36963491840.000
10/24/2008;1799.90;1809.81;1742.63;1755.84;48921607;35382837248.000
10/27/2008;1722.39;1722.39;1626.32;1628.24;56007445;37347454976.000
10/28/2008;1589.86;1686.11;1582.76;1676.08;66950580;46138662912.000
10/29/2008;1693.84;1698.95;1625.04;1625.40;57533912;40123928576.000
10/30/2008;1636.39;1684.30;1614.04;1659.15;57877252;40026492928.000
10/31/2008;1651.67;1660.12;1618.29;1626.67;42068574;27611977728.000
11/03/2008;1613.12;1643.39;1607.08;1614.19;37736042;25256495104.000
11/04/2008;1607.19;1609.21;1566.98;1588.56;40312319;25543098368.000
11/05/2008;1600.47;1669.00;1600.47;1648.80;63047126;40895860736.000
11/06/2008;1607.95;1620.83;1597.16;1610.58;47559705;29019662336.000
11/07/2008;1581.36;1648.72;1574.82;1637.66;49360818;31425753088.000
11/10/2008;1671.12;1759.85;1671.12;1758.50;95840926;62038470656.000
11/11/2008;1752.47;1781.68;1735.18;1739.79;100925096;65647681536.000
11/12/2008;1718.77;1765.15;1714.45;1764.28;70913920;46862299136.000
11/13/2008;1741.08;1854.85;1734.48;1837.45;130742420;88346763264.000
11/14/2008;1856.19;1909.05;1837.75;1909.05;146219057;101376073728.000
11/17/2008;1901.38;1961.91;1887.31;1961.91;144372540;100690821120.000
11/18/2008;1949.80;1970.36;1808.66;1816.90;161254462;109638959104.000
11/19/2008;1807.81;1938.09;1802.27;1932.10;135554428;92954787840.000
11/20/2008;1897.82;1960.06;1881.69;1916.65;143009638;98156609536.000
11/21/2008;1857.57;1950.30;1816.92;1901.84;138132507;94556422144.000
11/24/2008;1896.43;1907.75;1818.53;1820.46;87763602;59722801152.000
11/25/2008;1851.39;1865.20;1779.71;1814.84;70934043;49275613184.000
11/26/2008;1812.66;1845.58;1795.36;1823.54;69528746;46996652032.000
11/27/2008;1942.55;1948.87;1849.81;1850.20;135548242;96702808064.000
11/28/2008;1831.66;1846.81;1798.82;1814.20;82332084;56339550208.000
12/01/2008;1808.33;1856.99;1786.50;1856.99;85563277;57476362240.000
12/02/2008;1815.06;1888.90;1808.02;1868.14;111566959;75125547008.000
12/03/2008;1883.77;1951.06;1883.77;1951.06;144448221;100207804416.000
12/04/2008;1977.54;2038.73;1970.52;1974.46;193468173;140620021760.000
12/05/2008;1961.38;2010.91;1956.99;2010.61;125732616;89314099200.000
12/08/2008;2038.19;2093.97;2031.51;2093.69;177418220;130302935040.000
12/09/2008;2101.96;2103.47;2035.37;2039.68;153354859;114217754624.000
12/10/2008;2027.62;2096.17;2014.58;2095.81;136137741;102243336192.000
12/11/2008;2088.69;2105.28;2040.34;2042.51;125186059;95050194944.000
12/12/2008;2023.34;2034.11;1930.38;1955.53;112897088;80765386752.000
12/15/2008;1986.55;2001.66;1938.09;1975.37;86647126;61711179776.000
12/16/2008;1958.25;1998.45;1919.01;1998.19;84040297;59477512192.000
12/17/2008;2005.66;2037.37;1999.45;2008.95;103015769;75789041664.000
12/18/2008;2008.53;2052.12;1990.43;2051.27;100301216;73203458048.000
12/19/2008;2045.25;2083.05;2040.71;2060.76;111479173;82408488960.000
12/22/2008;2059.98;2065.28;2006.27;2033.20;95509404;69130829824.000
12/23/2008;2035.40;2035.40;1926.77;1927.44;109356564;77296164864.000
12/24/2008;1900.38;1920.26;1877.10;1893.34;78515918;53423247360.000
12/25/2008;1898.03;1910.35;1854.45;1879.14;68106499;46516035584.000
12/26/2008;1877.77;1889.36;1857.71;1868.33;55849366;40659587072.000
12/29/2008;1859.37;1869.19;1820.89;1862.74;56046942;40310624256.000
12/30/2008;1861.06;1876.48;1834.34;1843.25;59853812;42246414336.000
12/31/2008;1844.96;1854.23;1821.11;1824.40;55547992;38787182592.000
01/05/2009;1854.64;1892.05;1845.04;1892.05;72905248;53488046080.000
01/06/2009;1889.57;1958.47;1881.64;1953.61;109300076;81505337344.000
01/07/2009;1953.68;1970.56;1943.46;1946.88;99858068;73778405376.000
01/08/2009;1910.86;1920.79;1887.40;1902.26;87039100;66798333952.000
01/09/2009;1900.68;1941.15;1900.68;1937.21;78992780;60555395072.000
01/12/2009;1931.42;1970.60;1925.63;1944.89;92245925;70194511872.000
01/13/2009;1918.33;1932.39;1897.19;1898.54;83174104;59917250560.000
01/14/2009;1895.88;1976.73;1895.88;1976.73;96926159;75153678336.000
01/15/2009;1957.61;2003.48;1952.22;1980.50;129056202;97039499264.000
01/16/2009;1991.05;2046.51;1991.05;2011.50;149685652;117336195072.000
01/19/2009;2030.34;2064.88;2008.76;2028.69;122729024;95198904320.000
01/20/2009;2023.14;2043.09;2003.49;2043.09;85533187;65786302464.000
01/21/2009;2012.62;2064.68;2006.66;2040.86;102881825;84100349952.000
01/22/2009;2053.82;2069.20;2034.71;2066.57;100914216;79770050560.000
01/23/2009;2061.97;2076.02;2047.19;2053.57;95285285;73124757504.000
02/02/2009;2073.27;2086.85;2053.81;2086.30;94154420;71903838208.000
02/03/2009;2086.30;2139.80;2079.52;2139.80;151522451;114112290816.000
02/04/2009;2149.62;2196.14;2147.99;2196.14;170735405;130156855296.000
02/05/2009;2194.16;2234.26;2159.84;2176.25;188844242;148684275712.000
02/06/2009;2182.99;2268.83;2182.99;2266.15;183228457;144724180992.000
02/09/2009;2300.29;2339.22;2283.62;2330.04;220357779;180522647552.000
02/10/2009;2320.39;2368.57;2295.25;2368.35;197999700;163431219200.000
02/11/2009;2328.28;2424.35;2316.28;2372.78;242650187;210277466112.000
02/12/2009;2377.81;2388.68;2293.23;2372.24;200023325;171116527616.000
02/13/2009;2376.10;2458.50;2362.72;2455.38;230449433;198570344448.000
02/16/2009;2478.48;2515.38;2448.63;2515.31;243038356;213324890112.000
02/17/2009;2511.99;2519.74;2431.15;2431.54;226084078;200682602496.000
02/18/2009;2376.83;2418.11;2321.00;2323.83;184418051;161998815232.000
02/19/2009;2345.18;2375.10;2310.69;2352.39;147864233;129847574528.000
02/20/2009;2355.71;2406.64;2331.69;2406.30;146675651;131101401088.000
02/23/2009;2396.51;2485.88;2373.33;2477.40;183045825;165434720256.000
02/24/2009;2443.98;2480.88;2360.68;2368.05;213011018;192306593792.000
02/25/2009;2391.59;2405.85;2293.36;2373.23;176535102;160769966080.000
02/26/2009;2365.84;2401.21;2218.55;2243.62;167928141;150488760320.000
02/27/2009;2214.92;2230.30;2151.53;2174.13;140256417;116410990592.000
03/02/2009;2154.46;2216.49;2149.20;2205.38;100079302;86887530496.000
03/03/2009;2149.54;2217.34;2139.02;2191.50;110299462;95118131200.000
03/04/2009;2199.58;2339.70;2199.58;2334.83;172004499;150517874688.000
03/05/2009;2363.49;2388.31;2306.99;2354.50;202319119;180125646848.000
03/06/2009;2309.55;2361.67;2303.36;2336.37;136773193;121765380096.000
03/09/2009;2350.31;2381.68;2242.33;2246.63;137161000;119882252288.000
03/10/2009;2219.11;2290.17;2212.62;2289.79;92401138;79704391680.000
03/11/2009;2336.22;2341.28;2262.47;2270.80;114707653;101639135232.000
03/12/2009;2258.07;2274.05;2204.48;2268.98;93965273;80841474048.000
03/13/2009;2281.65;2301.91;2250.86;2255.45;90118221;80730685440.000
03/16/2009;2247.65;2295.12;2231.04;2290.77;80068708;70195027968.000
03/17/2009;2293.76;2380.96;2287.63;2373.86;147230328;133303156736.000
03/18/2009;2386.47;2427.44;2380.79;2388.79;170198438;153357893632.000
03/19/2009;2393.22;2442.57;2387.68;2440.70;163168366;150295019520.000
03/20/2009;2447.05;2451.98;2397.24;2436.00;173730487;163277799424.000
03/23/2009;2440.00;2502.67;2431.79;2495.04;187065305;182997024768.000
03/24/2009;2530.81;2536.88;2495.97;2509.07;184365676;178023006208.000
03/25/2009;2493.21;2527.36;2453.29;2453.43;160742105;154503462912.000
03/26/2009;2458.41;2529.13;2429.01;2529.09;170319817;161499201536.000
03/27/2009;2549.48;2564.67;2531.59;2549.09;205047539;188373630976.000
03/30/2009;2551.50;2560.91;2525.18;2538.61;151527814;144634068992.000
03/31/2009;2489.49;2563.22;2475.73;2563.17;155129274;152955666432.000
04/01/2009;2574.80;2622.31;2574.80;2604.82;202636895;197010079744.000
04/02/2009;2615.15;2651.94;2611.79;2627.85;211522884;204529090560.000
04/03/2009;2648.39;2658.96;2600.66;2617.06;190394816;184856281088.000
04/07/2009;2618.54;2643.64;2594.17;2628.83;139107991;136538480640.000
04/08/2009;2616.60;2625.68;2531.40;2531.40;160906891;155535294464.000
04/09/2009;2528.89;2571.24;2508.63;2571.21;124464840;122120880128.000
04/10/2009;2592.39;2652.00;2583.47;2651.54;176224348;180305772544.000
04/13/2009;2676.76;2718.27;2673.74;2708.10;217009426;220229156864.000
04/14/2009;2703.35;2739.19;2689.42;2733.82;187428281;190822891520.000
04/15/2009;2719.56;2750.55;2686.28;2750.48;204440763;203676958720.000
04/16/2009;2754.68;2773.16;2707.24;2753.56;210395094;203591729152.000
04/17/2009;2743.10;2760.57;2692.35;2716.82;178393621;180338196480.000
04/20/2009;2709.73;2779.51;2707.24;2778.98;169432765;165566316544.000
04/21/2009;2742.91;2774.55;2708.36;2753.14;188053431;183043506176.000
04/22/2009;2765.80;2789.13;2628.29;2642.64;210098257;202024861696.000
04/23/2009;2620.38;2672.02;2604.65;2659.72;136206704;129489174528.000
04/24/2009;2671.46;2676.12;2636.41;2638.80;125844344;125000908800.000
04/27/2009;2633.55;2642.83;2554.51;2567.93;125169957;117076795392.000
04/28/2009;2546.68;2589.71;2543.86;2580.60;103630069;102858915840.000
04/29/2009;2581.49;2674.25;2576.36;2665.32;138084882;137569501184.000
04/30/2009;2676.33;2702.47;2664.79;2688.26;148129749;148104790016.000
05/04/2009;2699.95;2781.46;2698.51;2781.23;172108576;170585079808.000
05/05/2009;2799.71;2815.16;2780.46;2797.25;175271048;173746094080.000
05/06/2009;2792.14;2840.53;2783.84;2836.02;178793653;180371603456.000
05/07/2009;2853.64;2865.06;2792.90;2833.44;203475061;206269644800.000
05/08/2009;2818.04;2865.59;2797.72;2853.98;184587536;184248369152.000
05/11/2009;2871.27;2894.07;2779.21;2779.21;204430788;204248334336.000
05/12/2009;2755.66;2844.68;2752.70;2844.65;139523033;134627835904.000
05/13/2009;2848.46;2878.61;2832.69;2869.19;168561108;173480001536.000
05/14/2009;2838.48;2865.71;2817.97;2854.54;141763245;144163520512.000
05/15/2009;2862.61;2880.17;2837.75;2862.03;123877129;123438252032.000
05/18/2009;2850.14;2881.24;2806.60;2878.38;131149642;135251394560.000
05/19/2009;2902.45;2917.62;2888.91;2907.69;169094200;177264361472.000
05/20/2009;2910.95;2917.13;2882.21;2882.30;157942041;164117102592.000
05/21/2009;2865.19;2879.12;2805.93;2820.78;155598277;161441382400.000
05/22/2009;2804.91;2837.79;2792.34;2814.72;111136991;116586414080.000
05/25/2009;2754.53;2835.70;2742.84;2827.60;130699014;139594924032.000
05/26/2009;2831.87;2843.43;2800.55;2802.00;133395117;143563685888.000
05/27/2009;2816.22;2841.48;2792.50;2834.19;118469112;122021838848.000
06/01/2009;2870.32;2928.87;2870.32;2923.53;164997271;182038167552.000
06/02/2009;2942.27;2957.44;2922.45;2933.10;172760204;187569569792.000
06/03/2009;2933.19;2997.36;2931.56;2997.36;177250785;189702832128.000
06/04/2009;2984.00;3015.08;2954.34;3007.96;195258769;211694944256.000
06/05/2009;3018.55;3027.02;2990.28;2992.55;166641040;182891429888.000
06/08/2009;2991.25;3026.20;2965.78;2998.78;148837090;162006204416.000
06/09/2009;2998.69;3011.79;2941.16;3011.64;148312880;156781953024.000
06/10/2009;3022.27;3046.44;3016.35;3041.81;162993715;167670284288.000
06/11/2009;3035.82;3054.08;3003.72;3015.61;148080110;153122783232.000
06/12/2009;3009.55;3028.25;2933.61;2957.28;135606375;139579883520.000
06/15/2009;2960.24;3014.74;2949.09;3014.14;115296235;127648333824.000
06/16/2009;2985.43;3023.89;2977.57;3008.75;110978945;125360259072.000
06/17/2009;3005.32;3064.52;2981.46;3058.67;126275686;141766344704.000
06/18/2009;3063.03;3104.33;3063.03;3101.28;155912187;175586295808.000
06/19/2009;3105.21;3127.71;3090.33;3119.79;167255321;175964504064.000
06/22/2009;3144.26;3149.10;3105.95;3116.21;161483842;172347080704.000
06/23/2009;3071.71;3155.51;3064.39;3114.74;160559931;168951218176.000
06/24/2009;3111.75;3152.02;3100.88;3151.72;159189063;175828336640.000
06/25/2009;3156.33;3169.25;3134.70;3148.71;134179532;151908040704.000
06/26/2009;3156.54;3166.72;3141.81;3161.15;120625626;132904050688.000
06/29/2009;3164.73;3210.64;3155.56;3207.70;144343652;159922831360.000
06/30/2009;3218.31;3221.50;3184.50;3192.19;140274163;166161137664.000
07/01/2009;3180.71;3259.31;3178.03;3259.20;157799166;185070567424.000
07/02/2009;3269.84;3302.34;3266.52;3301.80;184826946;218051690496.000
07/03/2009;3275.87;3346.52;3269.52;3346.10;180863056;212271890432.000
07/06/2009;3352.54;3389.01;3350.91;3385.75;209778115;246654828544.000
07/07/2009;3379.85;3404.83;3344.83;3357.63;200923179;226250260480.000
07/08/2009;3326.23;3389.27;3289.05;3375.44;174015633;203597086720.000
07/09/2009;3372.94;3423.77;3361.08;3423.69;188321170;221150199808.000
07/10/2009;3426.68;3457.66;3406.72;3428.73;184031161;215049207808.000
07/13/2009;3414.50;3442.87;3401.72;3405.33;175292167;205344456704.000
07/14/2009;3418.75;3491.76;3418.75;3491.76;181890020;215100833792.000
07/15/2009;3503.66;3531.91;3503.66;3529.25;217843837;259372253184.000
07/16/2009;3550.35;3573.76;3521.83;3531.93;213661947;263380025344.000
07/17/2009;3530.17;3557.22;3513.69;3551.30;182634872;222146936832.000
07/20/2009;3563.49;3623.87;3548.62;3621.07;226629578;282417987584.000
07/21/2009;3631.42;3634.15;3554.87;3561.93;219971996;275050168320.000
07/22/2009;3554.94;3629.33;3554.94;3629.02;192412381;248054104064.000
07/23/2009;3635.41;3673.59;3621.54;3672.44;192996008;238939979776.000
07/24/2009;3690.96;3703.98;3605.34;3680.17;210605109;266624876544.000
07/27/2009;3692.22;3753.63;3683.21;3753.40;218091907;285153230848.000
07/28/2009;3755.20;3773.47;3715.78;3772.69;234549222;302498021376.000
07/29/2009;3759.57;3777.97;3465.53;3565.61;262043810;321378418688.000
07/30/2009;3590.10;3654.75;3510.40;3634.08;204805846;254791417856.000
07/31/2009;3666.80;3739.45;3638.91;3737.84;207499001;261244731392.000
08/03/2009;3756.60;3799.35;3724.05;3797.22;221523180;286184210432.000
08/04/2009;3810.90;3810.90;3729.27;3806.17;234686037;303186313216.000
08/05/2009;3801.25;3812.94;3715.97;3769.54;222237802;288028786688.000
08/06/2009;3737.55;3773.06;3635.38;3696.95;196831198;262902087680.000
08/07/2009;3689.44;3719.60;3571.60;3587.19;167270760;219681161216.000
08/10/2009;3622.88;3647.50;3524.60;3586.28;138681374;183801004032.000
08/11/2009;3600.07;3611.93;3552.27;3599.60;109137633;142997864448.000
08/12/2009;3589.99;3589.99;3430.61;3437.48;146368405;187067645952.000
08/13/2009;3439.15;3483.15;3378.80;3473.81;129791725;167244087296.000
08/14/2009;3471.94;3487.30;3361.50;3364.69;138975091;177034887168.000
08/17/2009;3306.03;3337.59;3151.12;3153.36;139937570;166298484736.000
08/18/2009;3123.75;3205.47;3100.69;3191.40;115469262;135426285568.000
08/19/2009;3196.89;3202.52;2999.76;3031.64;125509938;144688906240.000
08/20/2009;3036.94;3162.17;3036.94;3159.74;122480053;146846105600.000
08/21/2009;3151.01;3234.91;3129.97;3224.96;138197293;162434416640.000
08/24/2009;3240.85;3272.10;3201.61;3259.74;135021617;164241653760.000
08/25/2009;3241.30;3241.30;3061.42;3153.12;157355592;186384564224.000
08/26/2009;3127.62;3254.22;3109.83;3223.94;141704107;168489680896.000
08/27/2009;3203.79;3268.45;3172.44;3217.53;145551259;166271074304.000
08/28/2009;3211.38;3226.50;3094.93;3111.14;132294152;154732462080.000
08/31/2009;3066.20;3066.20;2885.75;2889.59;131831539;148823719936.000
09/01/2009;2862.36;2954.00;2848.72;2894.19;107928182;120977833984.000
09/02/2009;2875.83;2949.25;2865.37;2935.82;91901885;103292002304.000
09/03/2009;2942.06;3103.26;2937.12;3095.68;141103961;162336997376.000
09/04/2009;3097.54;3144.72;3081.64;3127.50;140818321;166962987008.000
09/07/2009;3146.71;3202.74;3128.01;3156.43;141110857;170135404544.000
09/08/2009;3136.26;3222.37;3100.61;3222.37;139750801;173949779968.000
09/09/2009;3237.27;3254.16;3193.66;3245.47;147070316;187950809088.000
09/10/2009;3229.99;3255.00;3199.47;3213.81;115759031;139761500160.000
09/11/2009;3203.05;3299.98;3202.68;3285.51;134211947;161020592128.000
09/14/2009;3295.91;3353.63;3289.94;3347.73;157390296;186331709440.000
09/15/2009;3353.19;3383.88;3321.76;3362.44;158455086;187317600256.000
09/16/2009;3350.60;3358.97;3277.17;3327.91;160481921;195147808768.000
09/17/2009;3341.81;3403.77;3341.81;3394.07;168996680;201875292160.000
09/18/2009;3400.02;3406.77;3243.92;3273.12;181004282;210924535808.000
09/21/2009;3237.38;3294.19;3166.31;3292.46;133896395;161016512512.000
09/22/2009;3280.36;3321.06;3212.07;3212.07;130618078;160706183168.000
09/23/2009;3208.50;3239.20;3114.75;3133.91;115948785;138593337344.000
09/24/2009;3114.89;3188.30;3054.93;3145.56;109270327;129735409664.000
09/25/2009;3123.95;3155.16;3093.71;3121.58;78971994;92759982080.000
09/28/2009;3129.67;3153.78;3020.22;3033.39;74206045;85379104768.000
09/29/2009;3034.88;3052.68;2970.11;3021.30;78571579;86111289344.000
09/30/2009;3042.60;3084.21;3038.84;3052.79;71048420;81496604672.000
10/09/2009;3122.59;3213.71;3116.51;3213.47;93307972;111027568640.000
10/12/2009;3229.62;3247.09;3203.57;3207.82;98161667;120348639232.000
10/13/2009;3200.54;3257.98;3196.54;3257.00;88645993;105828425728.000
10/14/2009;3267.21;3332.97;3263.43;3286.50;133234150;163834724352.000
10/15/2009;3314.98;3342.44;3283.40;3298.55;104814964;129622835200.000
10/16/2009;3308.55;3325.52;3248.54;3302.56;98552607;122504118272.000
10/19/2009;3300.76;3390.44;3294.81;3389.96;134277545;171706957824.000
10/20/2009;3414.65;3439.69;3404.29;3439.69;157151364;199962378240.000
10/21/2009;3436.45;3473.56;3419.26;3428.15;148960896;184419270656.000
10/22/2009;3421.62;3442.72;3403.70;3413.51;117688867;145075830784.000
10/23/2009;3420.16;3498.21;3420.16;3476.35;156165498;190235918336.000
10/26/2009;3484.29;3495.30;3446.97;3477.75;126504360;156883484672.000
10/27/2009;3448.61;3455.24;3378.15;3378.33;131832390;165206654976.000
10/28/2009;3367.10;3401.31;3324.82;3397.30;112604466;138405101568.000
10/29/2009;3334.57;3360.71;3310.33;3318.28;109214225;135498801152.000
10/30/2009;3373.82;3401.68;3346.14;3354.49;112395431;139839045632.000
11/02/2009;3280.95;3469.75;3271.89;3468.87;147931861;180792590336.000
11/03/2009;3479.44;3530.36;3474.66;3521.45;166381117;204433883136.000
11/04/2009;3528.67;3560.98;3503.10;3541.98;163977432;202025975808.000
11/05/2009;3545.86;3564.36;3521.95;3558.33;151534729;177384013824.000
11/06/2009;3583.96;3601.05;3567.32;3576.99;176136011;211129942016.000
11/09/2009;3580.89;3593.09;3547.95;3593.09;146375458;180739997696.000
11/10/2009;3616.13;3626.07;3598.38;3600.74;154103572;190804541440.000
11/11/2009;3596.27;3612.88;3566.54;3597.40;135410124;166699532288.000
11/12/2009;3607.22;3633.82;3590.78;3603.45;146788098;177274486784.000
11/13/2009;3592.69;3628.66;3550.79;3628.61;154519457;191394480128.000
11/16/2009;3651.95;3733.04;3651.95;3733.04;211532172;269572440064.000
11/17/2009;3751.63;3754.47;3727.00;3739.33;176252746;222928601088.000
11/18/2009;3743.48;3763.79;3724.33;3744.46;166997745;204550701056.000
11/19/2009;3751.76;3767.82;3723.17;3767.30;180996321;219108261888.000
11/20/2009;3755.22;3792.08;3725.91;3764.17;183021954;224069435392.000
11/23/2009;3770.10;3808.23;3763.22;3807.49;176828121;229995675648.000
11/24/2009;3822.68;3836.92;3656.43;3667.35;263653646;335570796544.000
11/25/2009;3659.46;3764.42;3630.96;3763.77;202198375;254113464320.000
11/26/2009;3770.04;3781.50;3598.89;3613.69;231611641;296026963968.000
11/27/2009;3564.82;3614.65;3492.09;3509.49;160124316;201586294784.000
11/30/2009;3542.53;3649.10;3542.53;3648.95;147354846;186968702976.000
12/01/2009;3645.73;3715.56;3629.70;3710.99;177608304;222585356288.000
12/02/2009;3729.75;3763.67;3720.62;3752.74;185679909;235786960896.000
12/03/2009;3750.72;3761.49;3710.36;3753.30;169020394;217242681344.000
12/04/2009;3744.50;3798.49;3663.56;3773.79;228116259;293681430528.000
12/07/2009;3775.18;3810.95;3765.63;3808.28;151718644;200524972032.000
12/08/2009;3810.41;3810.66;3734.48;3770.50;149344501;192962265088.000
12/09/2009;3725.71;3752.79;3687.75;3700.81;123873177;158339612672.000
12/10/2009;3724.84;3748.48;3691.05;3726.31;102981556;132608925696.000
12/11/2009;3737.97;3763.54;3715.93;3724.19;101664558;127512739840.000
12/14/2009;3721.93;3758.18;3638.49;3750.51;129878165;165183373312.000
12/15/2009;3734.65;3762.00;3720.27;3728.75;115767528;152357568512.000
12/16/2009;3714.08;3754.33;3696.60;3707.30;100381804;131227328512.000
12/17/2009;3715.66;3726.73;3612.25;3616.05;108213298;138159702016.000
12/18/2009;3583.06;3585.80;3508.71;3514.68;109098167;136263385088.000
12/21/2009;3508.76;3529.27;3483.72;3528.55;80429524;104500346880.000
12/22/2009;3533.87;3536.05;3423.58;3432.91;90791652;116465426432.000
12/23/2009;3430.57;3476.04;3426.65;3471.55;80953352;104869412864.000
12/24/2009;3480.50;3585.54;3473.91;3579.16;108737902;145366024192.000
12/25/2009;3575.00;3591.50;3554.33;3573.70;89639115;117225971712.000
12/28/2009;3582.52;3636.87;3582.52;3630.14;99125127;128993427456.000
12/29/2009;3633.82;3651.59;3598.34;3651.13;100807910;130168619008.000
12/30/2009;3652.87;3696.29;3646.85;3694.47;136518974;181840216064.000
12/31/2009;3696.14;3718.02;3678.71;3715.36;114534690;152879120384.000
01/04/2010;3733.30;3738.57;3687.94;3687.94;117357813;156091695104.000
01/05/2010;3696.44;3727.06;3653.00;3719.95;142850386;196745576448.000
01/06/2010;3714.90;3745.87;3700.11;3700.76;136349104;190664441856.000
01/07/2010;3699.93;3714.97;3607.99;3627.18;138223478;189197598720.000
01/08/2010;3611.73;3645.87;3585.21;3644.73;107363899;145088757760.000
01/11/2010;3741.58;3743.96;3633.89;3651.74;147069904;204180389888.000
01/12/2010;3646.91;3713.04;3612.92;3712.51;155804968;210343165952.000
01/13/2010;3625.08;3678.69;3604.98;3612.37;180356709;243318980608.000
01/14/2010;3623.63;3674.75;3611.45;3674.25;151271735;202669162496.000
01/15/2010;3678.20;3706.00;3657.98;3691.62;131056474;177111220224.000
01/18/2010;3682.24;3722.10;3670.60;3721.59;146138665;196095623168.000
01/19/2010;3727.77;3744.49;3713.32;3727.20;141038176;188861579264.000
01/20/2010;3731.08;3733.87;3594.58;3602.60;170581682;222740054016.000
01/21/2010;3603.82;3635.75;3571.44;3616.98;121531743;161563049984.000
01/22/2010;3571.39;3594.79;3483.95;3558.31;149120587;189186703360.000
01/25/2010;3533.04;3563.09;3514.98;3516.94;98244254;126297718784.000
01/26/2010;3514.41;3529.55;3389.35;3413.08;103272513;129053908992.000
01/27/2010;3412.57;3427.18;3354.00;3372.53;85615546;108470853632.000
01/28/2010;3369.71;3403.88;3347.55;3392.20;79118045;101495799808.000
01/29/2010;3375.35;3442.06;3361.53;3397.60;90150678;114938986496.000
02/01/2010;3391.31;3391.34;3307.60;3348.22;100096409;126101307392.000
02/02/2010;3365.08;3404.91;3334.06;3337.34;88662538;113737842688.000
02/03/2010;3348.59;3417.02;3269.16;3416.60;113325573;142900133888.000
02/04/2010;3393.29;3441.75;3376.31;3415.78;110846509;135475732480.000
02/05/2010;3340.63;3377.41;3318.46;3344.67;108776250;131022585856.000
02/08/2010;3341.70;3363.47;3324.31;3342.92;69302027;84043350016.000
02/09/2010;3338.31;3369.40;3335.11;3357.65;65849737;78273773568.000
02/10/2010;3382.58;3404.26;3371.31;3403.96;60117090;78514200576.000
02/11/2010;3406.28;3426.91;3397.00;3407.10;60276462;75560140800.000
02/12/2010;3418.81;3444.54;3416.01;3443.21;58569617;76024242176.000
02/22/2010;3440.64;3458.71;3426.50;3429.53;69753198;86923911168.000
02/23/2010;3422.13;3422.13;3352.69;3409.42;81585009;107281719296.000
02/24/2010;3388.23;3465.01;3375.10;3464.66;98014005;119680352256.000
02/25/2010;3472.60;3518.97;3470.11;3516.84;123106026;155343142912.000
02/26/2010;3509.85;3529.19;3496.95;3509.38;101637810;129076731904.000
03/01/2010;3516.29;3559.43;3514.95;3553.42;114366957;144728326144.000
03/02/2010;3556.78;3569.33;3529.29;3543.66;113663235;143927525376.000
03/03/2010;3545.12;3576.33;3528.33;3575.77;124196283;155320434688.000
03/04/2010;3579.63;3588.36;3468.12;3475.32;137817515;171014553600.000
03/05/2010;3478.23;3504.63;3459.74;3486.12;98000613;118369697792.000
03/08/2010;3495.75;3524.98;3486.27;3516.80;86580344;106241884160.000
03/09/2010;3516.07;3549.44;3484.00;3533.59;101413915;126475935744.000
03/10/2010;3532.01;3548.21;3485.05;3500.97;91220637;113708392448.000
03/11/2010;3502.11;3521.74;3463.43;3491.66;85048872;107315544064.000
03/12/2010;3491.90;3500.17;3442.54;3443.43;75357556;93575053312.000
03/15/2010;3440.57;3445.70;3381.72;3396.23;67773084;84533682176.000
03/16/2010;3396.52;3420.23;3379.71;3419.87;58512256;73444687872.000
03/17/2010;3429.77;3499.69;3424.75;3499.61;90170387;114942509056.000
03/18/2010;3505.06;3523.94;3483.89;3497.38;96739360;120999542784.000
03/19/2010;3500.32;3527.05;3480.16;3524.71;92477733;116506927104.000
03/22/2010;3528.93;3542.71;3518.32;3536.75;96639782;121399615488.000
03/23/2010;3539.10;3543.10;3504.09;3509.08;93588203;118893273088.000
