000942 内地消费 日线
      日期	    开盘	    最高	    最低	    收盘	    成交量	    成交额
01/04/2005;996.11;996.11;984.23;986.11;1018195;593183936.000
01/05/2005;985.02;1003.39;983.91;999.99;1214241;877897088.000
01/06/2005;1000.77;1000.77;991.91;995.79;889340;608452096.000
01/07/2005;995.56;1008.90;993.61;1000.75;1070806;694800192.000
01/10/2005;1000.21;1012.36;999.06;1012.36;860984;593641856.000
01/11/2005;1015.36;1023.00;1012.82;1017.77;1137691;692134400.000
01/12/2005;1014.12;1014.12;1005.96;1011.79;687472;440039936.000
01/13/2005;1011.16;1013.85;1008.54;1011.34;868333;574262720.000
01/14/2005;1012.01;1019.54;1004.14;1005.03;1045571;638060672.000
01/17/2005;996.15;997.21;984.90;986.36;901425;546668288.000
01/18/2005;986.66;998.38;985.01;998.35;892864;552438080.000
01/19/2005;997.61;997.61;989.84;995.53;737044;442050080.000
01/20/2005;992.31;992.31;981.47;987.78;980157;584443264.000
01/21/2005;985.85;1007.17;970.27;1007.17;1892529;1115088768.000
01/24/2005;1017.65;1020.31;1011.82;1019.43;1848381;1083367808.000
01/25/2005;1018.08;1021.79;1007.91;1021.79;1341171;794116416.000
01/26/2005;1017.16;1019.65;1012.30;1013.07;1158076;730635136.000
01/27/2005;1010.29;1010.29;990.82;990.93;1092899;693891648.000
01/28/2005;990.93;993.01;983.21;986.57;828693;499414240.000
01/31/2005;982.89;982.89;964.93;967.27;1101964;668540800.000
02/01/2005;965.00;973.47;959.29;960.75;1243191;636336448.000
02/02/2005;960.93;1018.29;960.93;1018.29;2548585;1445800960.000
02/03/2005;1021.31;1025.93;1004.72;1005.70;3242660;1750490112.000
02/04/2005;1004.47;1030.21;999.37;1027.37;2532903;1461935232.000
02/16/2005;1031.86;1038.94;1027.14;1029.55;1697536;997055808.000
02/17/2005;1028.95;1030.04;1018.50;1030.04;1533807;929679552.000
02/18/2005;1028.89;1028.89;1014.25;1014.25;1114746;673459136.000
02/21/2005;1015.22;1031.69;1015.22;1031.69;1136761;699627904.000
02/22/2005;1034.27;1060.50;1033.47;1059.79;2957003;1614743936.000
02/23/2005;1060.95;1066.63;1053.62;1062.23;3147986;1742117120.000
02/24/2005;1060.64;1065.30;1052.28;1065.22;2614712;1532853504.000
02/25/2005;1066.58;1078.65;1066.58;1066.83;3240018;2022315776.000
02/28/2005;1066.27;1068.64;1056.11;1059.95;2109039;1274080896.000
03/01/2005;1059.85;1062.70;1052.06;1057.81;1681752;1016960384.000
03/02/2005;1058.12;1063.69;1039.01;1039.01;1693850;1030834048.000
03/03/2005;1036.57;1042.82;1030.07;1042.48;1415963;876693056.000
03/04/2005;1041.84;1045.37;1036.58;1038.50;1311508;787929408.000
03/07/2005;1039.49;1045.17;1037.58;1040.94;1325316;851575552.000
03/08/2005;1043.28;1058.90;1041.78;1058.90;2269002;1534538624.000
03/09/2005;1061.05;1064.73;1058.25;1063.62;1995375;1326225920.000
03/10/2005;1064.46;1064.46;1038.92;1042.75;1872871;1168518784.000
03/11/2005;1042.08;1048.71;1040.37;1046.72;2012030;1270899328.000
03/14/2005;1046.14;1060.05;1034.92;1048.43;2270541;1563396224.000
03/15/2005;1048.08;1048.08;1030.29;1031.78;1597032;1014035648.000
03/16/2005;1029.73;1031.19;1019.15;1023.09;1763035;1105746944.000
03/17/2005;1019.88;1020.82;1009.84;1010.23;1639827;1065321344.000
03/18/2005;1008.14;1012.03;988.61;992.36;1418492;926560064.000
03/21/2005;988.92;993.82;984.22;991.83;1062237;642159936.000
03/22/2005;991.80;991.80;970.02;972.17;1714636;1016404160.000
03/23/2005;970.37;987.79;965.06;972.16;1699192;1087340800.000
03/24/2005;970.59;978.78;961.92;978.78;1220159;823996864.000
03/25/2005;978.77;979.48;972.87;974.61;913737;510194848.000
03/28/2005;973.31;973.31;960.65;972.83;1059202;620412608.000
03/29/2005;971.95;977.16;963.81;964.22;1097355;615056384.000
03/30/2005;962.42;962.42;943.50;943.50;1209460;664502528.000
03/31/2005;940.67;948.39;935.57;948.39;1015408;545374848.000
04/01/2005;948.03;988.66;941.03;979.80;2088755;1194250496.000
04/04/2005;971.69;971.69;960.44;960.63;1468441;887756928.000
04/05/2005;958.73;964.40;951.24;951.68;1327557;822449792.000
04/06/2005;951.68;962.70;939.20;960.56;1889979;1251063040.000
04/07/2005;961.73;993.75;961.01;978.65;3177924;1875616128.000
04/08/2005;978.22;996.28;973.69;996.28;2427938;1325134208.000
04/11/2005;995.13;1008.40;987.30;995.25;2588948;1459398912.000
04/12/2005;993.38;994.69;976.73;976.73;1683724;943631104.000
04/13/2005;984.95;1007.08;984.95;1002.94;2636631;1459278208.000
04/14/2005;1007.85;1008.22;989.20;991.23;2853927;1459340544.000
04/15/2005;987.26;987.26;974.59;975.35;1859635;966403008.000
04/18/2005;971.43;971.43;955.14;960.23;1385921;760455808.000
04/19/2005;959.45;964.27;951.92;959.18;1477706;742186944.000
04/20/2005;956.79;956.79;937.99;943.88;1547274;791013760.000
04/21/2005;943.08;944.06;928.28;932.33;1573027;871029696.000
04/22/2005;929.40;937.09;923.39;928.27;2075453;1165598848.000
04/25/2005;922.74;931.91;921.59;931.91;1727377;956377088.000
04/26/2005;929.70;947.44;929.14;947.44;1691074;947715712.000
04/27/2005;949.76;949.80;938.14;938.66;1517397;921465280.000
04/28/2005;935.22;956.86;929.01;954.69;2092910;1210231296.000
04/29/2005;953.48;953.56;941.45;942.11;1464802;758877696.000
05/09/2005;948.33;948.33;920.06;920.39;1299510;679206784.000
05/10/2005;916.38;925.21;904.90;925.21;1639434;770221888.000
05/11/2005;922.41;929.35;915.31;917.78;1697124;829941632.000
05/12/2005;914.97;917.75;904.63;908.88;1539971;895971840.000
05/13/2005;906.61;917.88;898.90;911.06;1508894;902131392.000
05/16/2005;910.84;910.84;900.66;905.29;989457;530822688.000
05/17/2005;904.43;919.99;901.82;915.65;1708282;821288128.000
05/18/2005;916.28;923.72;907.64;918.87;1303293;724491520.000
05/19/2005;919.02;920.85;908.16;917.16;1027556;520446752.000
05/20/2005;916.69;920.04;912.07;912.09;1130898;605535616.000
05/23/2005;908.58;908.58;892.72;893.61;1340227;601756800.000
05/24/2005;892.07;906.93;892.07;905.38;1359967;646038464.000
05/25/2005;904.37;913.92;900.71;907.19;1533030;730643008.000
05/26/2005;909.53;912.64;893.43;895.30;1129449;571184832.000
05/27/2005;893.01;897.72;883.56;883.64;1258592;735531520.000
05/30/2005;880.97;890.38;877.58;890.13;1170320;591742464.000
05/31/2005;890.97;897.81;885.57;888.53;1419573;662174272.000
06/01/2005;888.51;889.04;867.07;870.64;1142174;567867712.000
06/02/2005;868.90;868.90;847.13;852.32;1153897;644468736.000
06/03/2005;850.32;853.32;835.54;845.22;1006954;494134272.000
06/06/2005;843.73;863.36;834.04;863.36;1309790;621847936.000
06/07/2005;867.04;883.93;862.31;866.65;1809408;898405248.000
06/08/2005;872.11;940.01;872.11;938.62;4532745;2216726784.000
06/09/2005;938.34;956.12;928.58;946.23;4660960;2196419328.000
06/10/2005;944.33;944.33;922.52;926.16;3358762;1475425920.000
06/13/2005;926.95;935.18;915.84;932.71;2962622;1246229760.000
06/14/2005;934.30;939.40;916.46;916.52;2044068;960614400.000
06/15/2005;913.17;913.17;894.89;895.32;1775357;738524032.000
06/16/2005;893.76;908.04;889.69;908.04;1455296;699415232.000
06/17/2005;909.19;912.53;905.73;909.58;1602878;743506048.000
06/20/2005;912.46;939.54;906.65;939.54;2535032;1400108416.000
06/21/2005;941.70;941.72;928.17;931.76;1924862;929029888.000
06/22/2005;927.38;933.51;924.85;933.51;1351036;693769664.000
06/23/2005;932.79;937.19;924.81;924.82;1268253;642343296.000
06/24/2005;922.38;927.75;915.92;927.75;1128936;565920512.000
06/27/2005;932.63;955.18;932.63;952.40;2882058;1534963456.000
06/28/2005;949.08;949.08;933.52;936.60;1687892;895905792.000
06/29/2005;938.26;940.21;932.48;933.39;1171276;583818880.000
06/30/2005;930.77;930.77;911.24;911.40;1604166;836968704.000
07/01/2005;909.50;909.50;890.45;891.14;1707185;856493376.000
07/04/2005;884.53;884.99;870.08;884.90;1528927;635807232.000
07/05/2005;882.79;886.76;876.85;881.37;1064286;597291008.000
07/06/2005;882.58;886.56;869.51;873.37;889262;472487520.000
07/07/2005;872.75;876.62;868.29;875.17;809339;415272448.000
07/08/2005;872.36;872.36;860.45;864.35;1235179;579266240.000
07/11/2005;867.80;882.32;859.41;860.08;1180650;585924288.000
07/12/2005;858.94;889.33;858.93;889.26;1948274;908871680.000
07/13/2005;887.66;887.66;877.66;880.56;1536470;737906496.000
07/14/2005;877.96;887.50;877.18;881.07;1234547;596865472.000
07/15/2005;882.11;885.18;866.91;869.48;1256024;556047104.000
07/18/2005;865.68;865.68;852.60;855.64;1170655;518167552.000
07/19/2005;852.40;858.84;850.33;854.56;1067098;428211200.000
07/20/2005;854.31;862.77;850.97;860.27;1018065;444233472.000
07/21/2005;860.75;860.75;851.07;859.08;939539;413169216.000
07/22/2005;859.08;878.79;856.70;872.63;2424246;1128413312.000
07/25/2005;870.90;870.90;861.87;862.85;1738815;830699328.000
07/26/2005;861.42;881.47;861.42;879.04;2762085;1303128192.000
07/27/2005;879.45;900.45;879.45;900.45;3043271;1339767040.000
07/28/2005;899.39;903.53;893.50;896.63;2886612;1274890112.000
07/29/2005;895.58;895.74;888.06;893.08;1856896;811890176.000
08/01/2005;891.55;902.49;891.55;898.00;1454072;672377088.000
08/02/2005;898.52;910.21;896.59;910.21;2218958;940006912.000
08/03/2005;911.02;925.58;908.51;917.52;3801450;1603924864.000
08/04/2005;915.10;916.71;908.84;912.24;1820152;857341696.000
08/05/2005;921.16;938.10;921.16;937.86;3185095;1814399616.000
08/08/2005;940.27;945.00;936.17;941.55;3672611;1793714816.000
08/09/2005;938.52;945.33;929.86;945.33;3406858;1585075968.000
08/10/2005;943.79;948.80;934.09;948.80;3573726;1676378880.000
08/11/2005;951.04;962.20;950.77;962.20;4367050;2299280640.000
08/12/2005;961.86;966.84;945.12;949.51;4753068;2311398144.000
08/15/2005;948.74;965.30;944.57;965.30;3596413;1890820224.000
08/16/2005;965.38;971.05;957.21;962.85;3908701;1968028288.000
08/17/2005;961.04;972.64;947.12;972.54;3650483;1865092352.000
08/18/2005;974.40;980.72;940.86;941.45;5185032;2613927168.000
08/19/2005;938.87;948.21;933.98;947.50;3191589;1522755584.000
08/22/2005;945.89;953.98;944.20;953.98;2010836;985283200.000
08/23/2005;953.70;953.70;936.79;943.13;2128406;1043265984.000
08/24/2005;943.46;949.82;942.60;949.10;2082172;1013765120.000
08/25/2005;949.51;950.20;937.11;946.13;2235521;965216064.000
08/26/2005;946.46;946.46;939.60;944.67;2464854;1067013632.000
08/29/2005;944.50;944.50;931.37;934.16;2530479;1080504320.000
08/30/2005;932.86;937.60;931.31;933.66;2328975;1078879104.000
08/31/2005;933.00;948.39;929.69;948.39;3033826;1343023488.000
09/01/2005;948.90;965.25;947.04;965.09;4374998;1985138048.000
09/02/2005;966.35;972.20;963.92;972.20;3871751;1684698624.000
09/05/2005;973.04;980.38;971.50;978.93;2974946;1341811072.000
09/06/2005;979.72;980.64;957.17;958.85;3329717;1543692160.000
09/07/2005;957.21;981.38;957.21;981.38;3317223;1522704768.000
09/08/2005;983.15;986.68;976.58;984.07;3821145;1787669760.000
09/09/2005;984.11;985.92;975.30;978.69;2665089;1201972096.000
09/12/2005;976.58;980.60;973.84;980.60;2038539;934037504.000
09/13/2005;979.26;996.92;978.49;996.92;2614966;1249927424.000
09/14/2005;994.07;1002.96;992.40;1002.96;3003072;1447594240.000
09/15/2005;999.57;1002.08;996.31;1000.33;2582887;1231670656.000
09/16/2005;1001.40;1002.31;998.36;1000.46;2272130;1091411072.000
09/19/2005;998.43;1006.70;998.43;1006.17;2784316;1362964224.000
09/20/2005;1005.29;1005.29;990.44;996.65;3070318;1513230080.000
09/21/2005;992.83;994.69;974.59;975.10;3183871;1520606208.000
09/22/2005;971.98;971.98;943.17;952.45;2934910;1360712704.000
09/23/2005;954.47;954.47;945.64;946.61;1847339;890982144.000
09/26/2005;945.59;949.58;943.89;948.05;1553005;776560768.000
09/27/2005;948.02;951.69;934.58;935.58;1811053;998704384.000
09/28/2005;933.95;937.79;931.38;934.76;1593476;759082816.000
09/29/2005;935.34;947.88;935.34;947.88;1934746;930484736.000
09/30/2005;946.70;947.57;942.88;944.33;1431428;728027776.000
10/10/2005;944.45;944.45;931.16;931.16;1123057;552380864.000
10/11/2005;929.68;946.60;925.82;946.60;1476915;715452480.000
10/12/2005;946.09;956.16;943.94;953.06;1782019;1066769408.000
10/13/2005;953.16;957.48;948.87;949.42;1807875;1024076032.000
10/14/2005;948.35;948.77;933.04;934.31;1489239;825245120.000
10/17/2005;932.20;932.86;927.26;932.44;1776152;1003219008.000
10/18/2005;931.43;938.26;931.43;937.92;1662072;1044256128.000
10/19/2005;938.05;946.56;937.30;939.75;1798792;963550720.000
10/20/2005;939.24;939.24;925.44;934.62;1937781;1043395520.000
10/21/2005;933.77;944.88;932.97;941.71;1473208;781222592.000
10/24/2005;944.28;944.28;933.51;941.36;3318187;1513821440.000
10/25/2005;941.39;941.39;931.51;931.97;2053056;975059200.000
10/26/2005;930.54;930.54;914.08;916.21;2261839;1029308672.000
10/27/2005;914.21;914.44;903.28;906.48;2765756;1234696064.000
10/28/2005;904.89;908.90;889.70;897.40;1688060;813462144.000
10/31/2005;894.49;903.10;892.70;899.41;1515758;753208128.000
11/01/2005;898.18;898.18;886.48;897.83;1269883;635289600.000
11/02/2005;898.17;912.94;898.17;910.81;2000828;867966336.000
11/03/2005;908.76;909.21;893.32;896.05;1468591;725305216.000
11/04/2005;890.83;902.11;890.83;902.11;1345944;696939456.000
11/07/2005;901.87;905.16;893.80;905.16;1091604;500456352.000
11/08/2005;904.86;912.23;897.77;912.23;1528742;739221888.000
11/09/2005;912.06;913.95;908.80;910.10;1571462;783829952.000
11/10/2005;909.24;909.24;893.24;894.66;1495782;702989760.000
11/11/2005;892.72;897.15;887.50;895.90;1247968;584395072.000
11/14/2005;892.19;892.19;884.86;888.97;822459;363122592.000
11/15/2005;888.49;892.23;878.38;881.10;1050796;528762944.000
11/16/2005;880.52;884.69;870.73;884.69;1150000;559010688.000
11/17/2005;884.60;888.07;881.91;884.48;1269103;561896128.000
11/18/2005;885.23;906.79;884.96;903.18;2179614;980726464.000
11/21/2005;903.09;906.61;901.83;906.48;1305691;590496000.000
11/22/2005;906.39;906.39;894.88;895.41;1234717;555113536.000
11/23/2005;894.73;900.57;892.93;899.69;1052215;458832992.000
11/24/2005;898.87;905.99;898.20;903.58;1572602;754740352.000
11/25/2005;904.08;905.85;899.65;905.85;1506379;562545664.000
11/28/2005;906.35;909.51;901.19;903.10;919175;448895968.000
11/29/2005;903.20;903.20;893.23;893.23;748149;353850880.000
11/30/2005;892.48;894.53;884.79;894.53;796824;424285088.000
12/01/2005;894.67;896.34;889.91;893.15;741835;398451840.000
12/02/2005;893.53;895.02;888.38;891.67;887649;471275776.000
12/05/2005;890.87;891.33;877.94;878.45;1461738;767635520.000
12/06/2005;876.75;884.39;876.45;884.39;971206;539872000.000
12/07/2005;884.39;891.14;883.93;891.14;1046403;467321376.000
12/08/2005;892.00;893.50;887.10;889.97;1057130;467953888.000
12/09/2005;890.15;902.13;887.75;902.13;1711862;785573696.000
12/12/2005;900.91;903.26;898.86;901.96;1136432;631102912.000
12/13/2005;901.92;902.87;895.51;902.87;1210405;638057728.000
12/14/2005;902.87;915.57;900.12;915.55;1568880;831184960.000
12/15/2005;916.46;926.15;916.46;919.87;2208466;1201613696.000
12/16/2005;919.15;928.21;916.27;928.21;1701687;881212032.000
12/19/2005;925.96;927.72;924.36;927.69;978175;460213408.000
12/20/2005;927.82;929.31;923.95;929.31;1142471;582358656.000
12/21/2005;928.58;930.77;922.96;923.84;949565;474257376.000
12/22/2005;922.74;930.76;920.79;930.76;1100615;610325760.000
12/23/2005;931.32;941.06;929.90;941.06;1344682;748683264.000
12/26/2005;944.42;949.46;943.93;948.22;1707636;881742208.000
12/27/2005;946.41;946.54;941.87;945.55;1403523;664374272.000
12/28/2005;944.33;946.12;940.11;946.12;1100914;579256512.000
12/29/2005;945.43;957.79;945.43;957.79;1880759;1144613504.000
12/30/2005;960.38;960.38;947.99;949.43;1657190;1028404672.000
01/04/2006;949.80;957.72;947.16;957.72;2619233;1378766848.000
01/05/2006;957.72;974.77;957.72;974.77;3821923;1960204160.000
01/06/2006;980.67;990.02;973.35;987.94;4583477;2473856768.000
01/09/2006;988.00;998.48;983.51;996.93;3674583;1918353024.000
01/10/2006;997.48;997.48;985.44;995.14;3363438;1726940416.000
01/11/2006;993.84;1000.52;988.50;995.83;3337573;1731229056.000
01/12/2006;993.05;1006.26;991.30;1006.26;3038339;1600523520.000
01/13/2006;1011.17;1015.55;1001.92;1007.12;3632144;1867345536.000
01/16/2006;1005.97;1005.97;987.07;987.07;2793117;1353326592.000
01/17/2006;985.24;991.98;984.90;990.89;2289242;1256654336.000
01/18/2006;992.63;1012.80;992.23;1010.06;3465613;1786178816.000
01/19/2006;1011.02;1013.95;1003.87;1013.65;3420434;1724255744.000
01/20/2006;1013.63;1014.77;1009.49;1013.54;3332611;1799130368.000
01/23/2006;1013.54;1013.65;1004.64;1011.89;3706811;1798726912.000
01/24/2006;1011.60;1023.76;1009.81;1018.97;3332655;1793484544.000
01/25/2006;1017.86;1037.50;1016.70;1036.69;3214172;1717988864.000
02/06/2006;1041.03;1063.69;1040.49;1063.69;3526119;1961272704.000
02/07/2006;1065.37;1077.76;1060.67;1070.58;5759610;2982948608.000
02/08/2006;1066.08;1073.57;1062.93;1072.60;3484371;1913580544.000
02/09/2006;1073.15;1075.79;1057.75;1059.31;3556333;1802658304.000
02/10/2006;1058.58;1074.97;1056.81;1074.97;2933211;1667986944.000
02/13/2006;1082.03;1082.11;1072.30;1080.11;2446400;1393256960.000
02/14/2006;1081.56;1091.75;1080.79;1091.75;2595562;1571147520.000
02/15/2006;1093.83;1097.24;1087.35;1091.33;3251954;1883568640.000
02/16/2006;1089.42;1089.42;1062.85;1064.03;3160505;1799454592.000
02/17/2006;1064.03;1064.76;1055.02;1056.60;2874054;1409481728.000
02/20/2006;1056.01;1065.06;1056.01;1060.74;2380297;1207123456.000
02/21/2006;1059.03;1076.25;1053.70;1076.25;2077818;1064466624.000
02/22/2006;1076.31;1084.09;1075.46;1076.96;2865354;1430887680.000
02/23/2006;1076.25;1084.07;1072.45;1084.07;2296311;1154408832.000
02/24/2006;1083.98;1093.26;1083.98;1093.26;2314372;1199747456.000
02/27/2006;1097.31;1097.89;1088.22;1090.04;2971463;1594731520.000
02/28/2006;1088.32;1099.79;1079.01;1099.79;3030537;1541113600.000
03/01/2006;1102.78;1110.70;1101.12;1110.22;3223451;1897677312.000
03/02/2006;1115.63;1115.63;1097.95;1103.89;4648659;2545561856.000
03/03/2006;1100.96;1105.58;1092.09;1100.91;3000446;1809912960.000
03/06/2006;1101.55;1103.09;1094.24;1095.15;2609287;1379000448.000
03/07/2006;1092.31;1093.01;1071.78;1073.08;2752049;1377788928.000
03/08/2006;1072.14;1074.87;1063.25;1070.75;2529357;1300320512.000
03/09/2006;1068.97;1075.39;1065.69;1069.80;2214047;1224525312.000
03/10/2006;1069.98;1078.19;1069.98;1076.03;2339133;1370054656.000
03/13/2006;1074.88;1085.34;1074.88;1085.34;1741800;974326656.000
03/14/2006;1085.72;1087.65;1080.23;1083.99;1756747;963765696.000
03/15/2006;1082.69;1095.12;1082.69;1095.08;2196273;1169003520.000
03/16/2006;1093.65;1097.07;1092.53;1095.54;1838411;1043033152.000
03/17/2006;1094.58;1096.24;1089.51;1092.34;1739946;881900160.000
03/20/2006;1092.14;1100.17;1086.05;1100.17;1681126;915149568.000
03/21/2006;1100.73;1108.96;1100.22;1104.50;2661817;1402990336.000
03/22/2006;1105.99;1111.30;1102.17;1111.28;2485597;1329636992.000
03/23/2006;1111.07;1115.64;1109.64;1114.42;3012448;1552185344.000
03/24/2006;1115.11;1117.38;1107.73;1109.05;3187665;1542227712.000
03/27/2006;1107.86;1113.93;1101.62;1113.93;2862761;1416145152.000
03/28/2006;1113.51;1120.64;1112.12;1119.65;2654953;1306247936.000
03/29/2006;1118.93;1133.50;1118.93;1125.58;3145844;1718334976.000
03/30/2006;1125.00;1126.11;1113.62;1113.62;2766046;1516513792.000
03/31/2006;1108.36;1113.99;1101.82;1113.85;2804017;1707896320.000
04/03/2006;1112.89;1130.27;1112.89;1130.27;3363250;1865427968.000
04/04/2006;1132.32;1138.21;1125.93;1138.21;4174428;2362893056.000
04/05/2006;1137.73;1144.90;1135.64;1144.42;4021095;2341942272.000
04/06/2006;1144.35;1160.15;1143.59;1155.72;4255463;2645111808.000
04/07/2006;1155.08;1162.58;1150.72;1162.58;3982431;2341831424.000
04/10/2006;1161.67;1183.43;1161.67;1183.43;3803475;2334539520.000
04/11/2006;1187.17;1192.81;1181.24;1189.66;4863976;2591661568.000
04/12/2006;1189.66;1193.64;1186.00;1187.27;4675491;2273110016.000
04/13/2006;1187.66;1193.44;1161.72;1162.05;5485526;2835437824.000
04/14/2006;1158.81;1183.69;1158.81;1183.69;3969809;2131531520.000
04/17/2006;1189.57;1202.67;1187.39;1192.76;4952292;2590159360.000
04/18/2006;1204.47;1216.77;1202.66;1213.73;5000898;2957681920.000
04/19/2006;1222.64;1225.79;1210.86;1222.93;4299268;2781956608.000
04/20/2006;1226.51;1236.98;1221.22;1229.08;6238950;3602991872.000
04/21/2006;1230.01;1257.58;1230.01;1255.02;6237473;3701145088.000
04/24/2006;1276.10;1278.83;1253.33;1270.44;6743951;4646297600.000
04/25/2006;1266.03;1276.05;1251.09;1264.62;4816644;3220254720.000
04/26/2006;1268.35;1292.40;1268.35;1283.59;5427990;3360235264.000
04/27/2006;1284.55;1286.82;1270.92;1286.42;4357352;2518852096.000
04/28/2006;1274.11;1321.37;1259.57;1320.59;5342990;3506537472.000
05/08/2006;1324.39;1366.87;1324.39;1366.87;5718940;3509360128.000
05/09/2006;1381.02;1419.53;1381.02;1418.62;7769841;5032291840.000
05/10/2006;1429.53;1451.20;1414.42;1440.62;9775074;6204833280.000
05/11/2006;1447.12;1473.36;1424.55;1427.26;9219432;5836518400.000
05/12/2006;1420.56;1471.58;1420.56;1471.58;7696552;4430373376.000
05/15/2006;1498.42;1547.08;1492.76;1547.08;9513244;6364492288.000
05/16/2006;1595.75;1620.94;1537.70;1547.06;14978964;10147708928.000
05/17/2006;1548.59;1566.05;1502.64;1533.66;11037326;7214737920.000
05/18/2006;1522.97;1554.16;1502.26;1544.35;8139222;5336468992.000
05/19/2006;1547.99;1597.64;1546.23;1593.55;8142237;5479727616.000
05/22/2006;1603.46;1616.43;1595.78;1602.60;10195680;6104036864.000
05/23/2006;1596.02;1596.02;1523.37;1525.33;8774221;5754106368.000
05/24/2006;1529.73;1541.19;1458.68;1499.74;8121699;5044302336.000
05/25/2006;1511.14;1514.16;1474.07;1497.74;4836822;3714064640.000
05/26/2006;1504.22;1527.20;1499.55;1526.94;4915053;3237644800.000
05/29/2006;1537.36;1588.14;1531.99;1588.14;6500264;4753056256.000
05/30/2006;1611.24;1626.21;1599.58;1619.47;7206567;5909446656.000
05/31/2006;1618.47;1643.72;1603.47;1614.96;7846726;5861075968.000
06/01/2006;1611.91;1674.56;1611.91;1674.56;8724825;5948420096.000
06/02/2006;1677.38;1686.99;1648.40;1665.10;9754352;6936922624.000
06/05/2006;1663.12;1668.49;1619.84;1668.49;7477970;4943053312.000
06/06/2006;1661.75;1679.68;1649.26;1654.86;6967905;4744569856.000
06/07/2006;1653.58;1653.58;1551.43;1552.60;6816721;4662211072.000
06/08/2006;1536.75;1568.30;1518.50;1563.58;7030359;4222548736.000
06/09/2006;1562.04;1571.67;1528.33;1529.88;5635488;3505664768.000
06/12/2006;1514.51;1543.85;1509.52;1542.89;4103943;2887474176.000
06/13/2006;1543.82;1573.92;1543.82;1560.25;4274022;2974104832.000
06/14/2006;1551.50;1551.96;1530.52;1550.57;5716534;3062648576.000
06/15/2006;1550.41;1575.91;1550.41;1554.04;5238777;2731426048.000
06/16/2006;1568.16;1591.64;1568.16;1591.64;5018543;2800235008.000
06/19/2006;1581.33;1644.17;1581.33;1631.10;5530230;3985607424.000
06/20/2006;1629.11;1638.81;1619.13;1630.64;4787994;3118479360.000
06/21/2006;1627.26;1628.73;1600.49;1610.20;5360249;3082313728.000
06/22/2006;1608.08;1609.19;1595.80;1603.19;4237905;2461560064.000
06/23/2006;1601.55;1628.51;1595.20;1628.51;5002690;3267043584.000
06/26/2006;1630.80;1675.90;1630.80;1675.72;5932155;4124357888.000
06/27/2006;1679.41;1686.63;1673.72;1683.15;5415531;3319793920.000
06/28/2006;1681.44;1683.78;1665.06;1669.61;5591200;3351824128.000
06/29/2006;1670.60;1696.90;1670.60;1696.90;7042502;4184848128.000
06/30/2006;1705.01;1707.08;1676.46;1685.86;6935692;4188288000.000
07/03/2006;1687.50;1696.49;1680.59;1696.49;4224492;3386002688.000
07/04/2006;1694.20;1694.20;1669.73;1679.81;6115940;4707339264.000
07/05/2006;1679.07;1679.07;1650.25;1666.24;5103761;3628362240.000
07/06/2006;1665.36;1700.27;1665.36;1700.27;5679858;4298119680.000
07/07/2006;1704.35;1704.35;1683.42;1687.32;5144098;4056167680.000
07/10/2006;1686.01;1695.09;1674.28;1693.51;5206989;3880223744.000
07/11/2006;1693.39;1697.44;1686.99;1697.22;4231778;3126550528.000
07/12/2006;1698.12;1701.84;1678.61;1693.92;5137277;3816280576.000
07/13/2006;1688.62;1696.36;1611.47;1628.56;7811635;5639015936.000
07/14/2006;1610.43;1648.09;1610.43;1641.89;5239448;3776634112.000
07/17/2006;1635.02;1658.54;1635.02;1654.09;4032864;3239241472.000
07/18/2006;1650.13;1653.81;1636.56;1652.25;3506773;2583822848.000
07/19/2006;1650.35;1650.35;1606.31;1613.10;3802289;2782132224.000
07/20/2006;1611.19;1626.67;1605.73;1626.67;2814955;2061766272.000
07/21/2006;1629.94;1639.93;1626.66;1639.93;3155692;2056152448.000
07/24/2006;1626.06;1666.03;1626.06;1664.50;3763990;3020035072.000
07/25/2006;1668.09;1685.78;1668.09;1680.77;3505892;2730635520.000
07/26/2006;1689.05;1689.05;1670.93;1672.34;2927035;2184667136.000
07/27/2006;1670.10;1677.32;1638.90;1652.91;3124367;2380662016.000
07/28/2006;1649.52;1653.68;1618.28;1635.57;2754299;2029937664.000
07/31/2006;1629.41;1629.41;1581.78;1582.15;2726230;1828447232.000
08/01/2006;1581.55;1588.77;1557.93;1565.70;2623106;1816854272.000
08/02/2006;1565.89;1568.57;1531.89;1549.72;2469668;1629275776.000
08/03/2006;1549.14;1554.73;1523.93;1533.87;1570274;1220990720.000
08/04/2006;1533.60;1535.77;1485.54;1490.85;2414785;1739390720.000
08/07/2006;1479.65;1491.47;1466.65;1471.27;2112033;1403884544.000
08/08/2006;1470.84;1508.33;1470.84;1508.33;2007986;1367882240.000
08/09/2006;1509.27;1511.25;1497.29;1504.89;1630699;1118630144.000
08/10/2006;1506.57;1521.00;1506.57;1518.63;2048264;1397850368.000
08/11/2006;1525.78;1528.18;1513.00;1522.67;2386209;1708365312.000
08/14/2006;1526.14;1526.50;1476.85;1482.66;2739861;1959303296.000
08/15/2006;1479.44;1496.50;1469.72;1496.50;1956166;1328316160.000
08/16/2006;1495.64;1520.79;1492.28;1520.79;2866037;1907480576.000
08/17/2006;1518.68;1518.68;1494.78;1502.45;2127774;1329011712.000
08/18/2006;1504.55;1509.44;1494.07;1496.22;1648406;1179221504.000
08/21/2006;1455.21;1498.77;1455.21;1498.77;1899947;1217519104.000
08/22/2006;1496.85;1517.34;1495.93;1514.30;2265205;1690532864.000
08/23/2006;1514.24;1517.28;1504.21;1507.20;2427804;1661449728.000
08/24/2006;1506.64;1508.19;1492.24;1508.19;1797190;1233000192.000
08/25/2006;1508.20;1517.02;1505.65;1515.18;2651870;1880189696.000
08/28/2006;1518.37;1551.35;1518.37;1551.35;3513451;2637831936.000
08/29/2006;1555.46;1606.28;1554.99;1583.36;5751124;4019016192.000
08/30/2006;1578.56;1583.42;1570.30;1580.58;3306608;2132318592.000
08/31/2006;1583.60;1593.00;1579.00;1588.47;2928191;1929193344.000
09/01/2006;1586.11;1590.66;1564.44;1566.66;3262325;2130475264.000
09/04/2006;1566.95;1588.27;1566.95;1588.27;2520172;1777907328.000
09/05/2006;1584.33;1588.40;1573.93;1581.55;2939622;2156822272.000
09/06/2006;1584.07;1586.49;1571.41;1586.49;3225211;2040154624.000
09/07/2006;1579.31;1579.31;1556.73;1562.82;2255439;1517278592.000
09/08/2006;1560.67;1564.07;1555.89;1559.03;1630089;1035293056.000
09/11/2006;1561.57;1562.79;1546.10;1562.60;1894446;1250527232.000
09/12/2006;1563.99;1572.45;1560.30;1571.40;2724387;1729650176.000
09/13/2006;1570.87;1575.62;1551.88;1552.53;3292173;2048324864.000
09/14/2006;1551.33;1564.07;1542.99;1564.07;2541193;1881419136.000
09/15/2006;1565.71;1585.92;1565.71;1585.92;3300612;2138563072.000
09/18/2006;1588.88;1593.29;1581.74;1593.29;2761488;1933170944.000
09/19/2006;1596.96;1606.57;1590.39;1599.15;3287394;2341700352.000
09/20/2006;1596.32;1604.90;1585.93;1600.86;2879662;1960710528.000
09/21/2006;1604.60;1622.94;1604.60;1622.94;3967797;2843258880.000
09/22/2006;1625.70;1625.70;1613.02;1617.29;3430996;2539145728.000
09/25/2006;1614.83;1636.26;1614.07;1623.99;2819513;2300950016.000
09/26/2006;1621.58;1621.77;1597.58;1601.66;2769997;1974487424.000
09/27/2006;1603.86;1615.32;1597.12;1615.32;2995251;2210657024.000
09/28/2006;1615.34;1640.99;1613.36;1637.53;3143521;2426285312.000
09/29/2006;1637.48;1653.38;1637.48;1648.16;3534228;2666601728.000
10/09/2006;1662.52;1693.70;1662.52;1693.15;4402049;3698686208.000
10/10/2006;1698.60;1704.51;1683.52;1688.82;5275630;4194305280.000
10/11/2006;1689.08;1690.99;1664.38;1675.90;3706030;2965050880.000
10/12/2006;1674.92;1676.56;1660.77;1661.80;4852674;3327110144.000
10/13/2006;1658.26;1662.63;1652.29;1661.81;3545868;2740719104.000
10/16/2006;1665.05;1665.05;1636.98;1638.10;4356323;3450820864.000
10/17/2006;1636.74;1647.57;1629.87;1639.75;3088394;2272485888.000
10/18/2006;1639.85;1666.02;1639.85;1666.02;2717049;2292762112.000
10/19/2006;1667.02;1673.03;1662.68;1665.27;2899596;2102803584.000
10/20/2006;1668.38;1670.25;1657.92;1658.33;3507495;2316203776.000
10/23/2006;1658.98;1661.23;1623.16;1631.02;3608587;2720459008.000
10/24/2006;1632.42;1660.32;1632.42;1660.32;3124616;2358924032.000
10/25/2006;1665.67;1689.83;1665.67;1685.35;4116505;3481856512.000
10/26/2006;1685.35;1688.06;1667.06;1684.48;3429638;2543073280.000
10/27/2006;1682.01;1682.01;1652.57;1659.44;3204318;2385928448.000
10/30/2006;1655.87;1657.30;1640.33;1654.07;3088731;2206077440.000
10/31/2006;1654.58;1665.08;1654.58;1665.08;3457164;2276075264.000
11/01/2006;1664.79;1669.68;1654.33;1669.68;4018608;2690105856.000
11/02/2006;1668.31;1675.25;1656.14;1675.25;3674489;2752995584.000
11/03/2006;1676.81;1704.34;1676.81;1697.15;4881291;3679364608.000
11/06/2006;1687.78;1709.62;1687.78;1709.32;5549212;3892301824.000
11/07/2006;1711.50;1712.86;1687.82;1712.58;5382437;4254849792.000
11/08/2006;1712.63;1718.59;1698.54;1709.22;3844903;3553326592.000
11/09/2006;1697.44;1724.89;1697.44;1724.89;3491311;2819611904.000
11/10/2006;1716.28;1721.13;1685.13;1696.72;5462850;4307135488.000
11/13/2006;1692.89;1698.85;1662.62;1671.87;4537469;3236574720.000
11/14/2006;1670.18;1695.26;1652.44;1695.26;4384017;3459458560.000
11/15/2006;1698.71;1754.80;1697.42;1754.80;4612937;4238490880.000
11/16/2006;1756.63;1783.13;1751.71;1758.92;5266284;4470856192.000
11/17/2006;1754.59;1795.92;1754.59;1793.69;5777876;4554664960.000
11/20/2006;1792.88;1808.14;1789.06;1808.14;5987474;4544169984.000
11/21/2006;1807.82;1820.52;1773.37;1820.52;5847612;4785020928.000
11/22/2006;1816.80;1841.06;1805.76;1829.47;6062768;4894231552.000
11/23/2006;1826.48;1834.30;1814.92;1827.35;4912067;3523419136.000
11/24/2006;1823.51;1846.99;1806.25;1843.14;5676799;4411865600.000
11/27/2006;1846.93;1874.80;1846.93;1874.80;5603489;4381724160.000
11/28/2006;1874.88;1882.81;1862.18;1871.22;6307724;4684378112.000
11/29/2006;1845.81;1918.34;1845.81;1910.16;5606161;4650699264.000
11/30/2006;1916.82;1967.62;1916.82;1957.16;8703768;6260651520.000
12/01/2006;1960.37;2003.10;1960.37;1987.82;7203309;5859960832.000
12/04/2006;1995.30;2032.05;1995.30;2024.85;8492191;6626750464.000
12/05/2006;2031.51;2049.12;2010.55;2019.80;8967302;7267956224.000
12/06/2006;2014.44;2014.44;1929.60;1981.92;10031018;7316324352.000
12/07/2006;1973.24;2005.98;1967.62;1971.44;9688001;6337728512.000
12/08/2006;1949.53;1968.62;1908.58;1910.23;7159862;5138478592.000
12/11/2006;1928.14;1991.02;1926.84;1991.02;5811972;4532637696.000
12/12/2006;2001.49;2013.41;1978.31;2003.88;6109268;4983613440.000
12/13/2006;2006.65;2024.81;1994.82;2024.81;6421970;4804688384.000
12/14/2006;2029.85;2093.54;2029.85;2093.54;9324842;6931374080.000
12/15/2006;2091.66;2131.42;2086.92;2131.34;7064228;5550705152.000
12/18/2006;2150.67;2218.98;2150.67;2208.11;8111665;6925688832.000
12/19/2006;2213.76;2218.49;2160.48;2208.20;7912341;6996489216.000
12/20/2006;2201.05;2246.91;2198.32;2244.52;9011492;7013999104.000
12/21/2006;2248.82;2249.67;2196.53;2196.53;7365391;6224770560.000
12/22/2006;2199.05;2199.05;2153.52;2166.02;5764200;4957027328.000
12/25/2006;2187.45;2228.13;2187.45;2214.65;6269708;5590977024.000
12/26/2006;2221.76;2237.96;2197.09;2216.43;6476569;5349201920.000
12/27/2006;2216.43;2269.42;2216.43;2253.47;5228166;4820701696.000
12/28/2006;2254.74;2262.03;2210.87;2233.87;6500589;5461394432.000
12/29/2006;2235.64;2326.38;2235.64;2303.27;7405142;7295674368.000
01/04/2007;2340.86;2386.26;2313.35;2316.34;12412339;10561499136.000
01/05/2007;2305.65;2359.02;2305.65;2359.02;9739295;8660567040.000
01/08/2007;2362.67;2414.28;2362.67;2414.28;10082644;9111355392.000
01/09/2007;2415.46;2484.11;2411.78;2473.25;9298284;8367705088.000
01/10/2007;2478.62;2518.45;2456.60;2518.45;10878455;9160386560.000
01/11/2007;2518.60;2584.87;2500.74;2528.69;12644935;10486735872.000
01/12/2007;2512.52;2562.57;2507.14;2516.66;11065724;9659206656.000
01/15/2007;2515.36;2660.57;2515.36;2659.42;10419403;9979513856.000
01/16/2007;2664.93;2768.47;2664.93;2768.47;10661012;10486798336.000
01/17/2007;2764.16;2843.48;2696.82;2732.99;11544379;11973585920.000
01/18/2007;2711.67;2819.30;2711.67;2819.30;10528704;10111107072.000
01/19/2007;2820.31;2944.01;2820.31;2944.01;13093945;12189956096.000
01/22/2007;2963.14;3071.04;2963.14;3060.32;14059629;12818685952.000
01/23/2007;3073.95;3073.95;2921.40;2975.12;14079457;14423676928.000
01/24/2007;2968.13;3037.67;2920.20;2998.97;10749615;11279065088.000
01/25/2007;2970.29;2970.70;2882.95;2884.54;10322846;11040785408.000
01/26/2007;2852.30;2910.69;2731.51;2909.34;10146636;10143223808.000
01/29/2007;2912.04;2974.39;2912.04;2944.22;11312509;10525662208.000
01/30/2007;2954.49;2965.20;2931.65;2941.04;9635627;10025413632.000
01/31/2007;2926.71;2933.60;2723.90;2737.46;9508097;9389159424.000
02/01/2007;2691.29;2781.74;2666.62;2773.99;8947409;8601845760.000
02/02/2007;2766.73;2766.73;2668.64;2675.49;7481517;7100142080.000
02/05/2007;2651.79;2692.16;2616.19;2660.76;6671885;6712451072.000
02/06/2007;2654.50;2683.37;2581.38;2683.37;7276230;8260941312.000
02/07/2007;2694.54;2755.75;2694.54;2725.00;7748502;8792843264.000
02/08/2007;2729.40;2781.68;2718.95;2781.68;8711325;8520163328.000
02/09/2007;2780.61;2788.32;2764.21;2767.18;7956757;7207046144.000
02/12/2007;2774.08;2862.27;2774.08;2862.27;6714985;6762385920.000
02/13/2007;2875.41;2906.83;2867.32;2906.55;5903506;6138077696.000
02/14/2007;2906.55;2964.28;2906.55;2957.13;8000314;7864417280.000
02/15/2007;2971.91;3085.69;2971.91;3085.69;9671570;10015844352.000
02/16/2007;3123.50;3160.55;3110.98;3115.73;10433802;10813124608.000
02/26/2007;3124.49;3133.10;3069.37;3132.94;9655135;9659790336.000
02/27/2007;3132.27;3132.27;2830.35;2831.21;13992976;14073991168.000
02/28/2007;2770.21;2920.08;2770.05;2910.76;11584228;11590210560.000
03/01/2007;2919.18;2958.49;2836.85;2875.62;10876626;11073662976.000
03/02/2007;2872.65;2919.96;2856.81;2901.58;7645515;8390868480.000
03/05/2007;2898.74;2952.47;2819.08;2880.61;9771053;9789015040.000
03/06/2007;2867.86;2929.40;2867.86;2923.95;6775500;7165877248.000
03/07/2007;2937.55;3013.05;2937.55;3009.29;7733735;8557147648.000
03/08/2007;3013.55;3040.63;2972.52;3040.63;7324331;7629451264.000
03/09/2007;3039.11;3046.98;2979.45;2993.39;9089769;9577860096.000
03/12/2007;2991.89;3017.64;2971.14;3017.64;9306220;9734152192.000
03/13/2007;3028.99;3049.05;3015.99;3041.08;10097038;10210564096.000
03/14/2007;3015.02;3043.68;2944.18;3026.74;10332996;10994663424.000
03/15/2007;3018.04;3094.49;3018.04;3094.49;9729468;10496034816.000
03/16/2007;3101.67;3101.67;3001.81;3025.48;9927690;11210227712.000
03/19/2007;2941.79;3057.92;2941.79;3043.27;8279159;8728415232.000
03/20/2007;3051.34;3051.34;3027.05;3048.10;8306254;8581470208.000
03/21/2007;3071.53;3096.69;3050.47;3095.96;10748301;12382028800.000
03/22/2007;3108.64;3117.82;3083.70;3091.48;10995174;12337617920.000
03/23/2007;3086.83;3110.36;3036.00;3110.36;9714771;11283156992.000
03/26/2007;3118.25;3170.13;3103.78;3170.13;11495243;12642180096.000
03/27/2007;3170.94;3192.77;3156.11;3191.07;12214260;13529381888.000
03/28/2007;3193.97;3193.97;3064.62;3182.24;13557167;15120400384.000
03/29/2007;3180.38;3188.43;3155.24;3158.71;9642920;12591628288.000
03/30/2007;3147.27;3161.92;3118.89;3141.59;7046485;8861448192.000
04/02/2007;3148.56;3194.71;3134.86;3194.71;7792601;10000555008.000
04/03/2007;3200.74;3247.59;3197.48;3247.59;9960097;12763972608.000
04/04/2007;3250.35;3319.86;3245.61;3311.23;11335476;14989645824.000
04/05/2007;3304.95;3329.33;3301.29;3328.84;9386728;12258658304.000
04/06/2007;3307.85;3375.62;3307.85;3368.96;10603245;13848423424.000
04/09/2007;3398.75;3459.48;3398.75;3448.25;12293463;16302923776.000
04/10/2007;3457.16;3459.68;3400.90;3459.68;12065630;16266373120.000
04/11/2007;3463.26;3463.26;3393.12;3457.73;12587714;16260302848.000
04/12/2007;3463.86;3553.63;3455.35;3553.63;14012752;18555449344.000
04/13/2007;3560.80;3668.37;3554.45;3621.33;14428615;21859067904.000
04/16/2007;3628.61;3709.27;3628.61;3709.27;11877969;16539887616.000
04/17/2007;3722.90;3729.31;3608.38;3721.87;14636276;20759578624.000
04/18/2007;3743.25;3743.25;3692.21;3727.80;14069597;20102991872.000
04/19/2007;3707.57;3707.57;3472.48;3540.08;14957872;20279846912.000
04/20/2007;3554.89;3695.31;3554.89;3688.22;14882694;17863301120.000
04/23/2007;3736.30;3832.54;3736.30;3830.61;14043873;20409849856.000
04/24/2007;3860.52;3883.86;3825.83;3853.57;15564563;22101514240.000
04/25/2007;3847.34;3874.14;3790.33;3866.73;13640408;18456182784.000
04/26/2007;3877.72;3933.72;3877.72;3933.50;12255286;17148836864.000
04/27/2007;3942.88;3942.88;3887.86;3900.90;12021520;17742344192.000
04/30/2007;3903.40;4029.84;3903.40;4019.74;12301684;21176307712.000
05/08/2007;4038.73;4171.78;4038.73;4148.62;16699652;24799686656.000
05/09/2007;4173.64;4183.44;4011.89;4126.83;19038673;29832390656.000
05/10/2007;4115.53;4126.19;4064.18;4113.93;14693155;21650661376.000
05/11/2007;4080.65;4098.61;4025.23;4072.08;12403607;18842472448.000
05/14/2007;4007.93;4156.25;4007.93;4134.50;13200023;21832396800.000
05/15/2007;4134.50;4142.59;4004.09;4007.46;13133902;22690119680.000
05/16/2007;4001.23;4168.16;4001.23;4167.19;15114056;23858305024.000
05/17/2007;4179.25;4264.92;4179.25;4247.28;14139358;22926608384.000
05/18/2007;4232.81;4317.39;4228.62;4291.21;12918873;20514721792.000
05/21/2007;4159.37;4394.11;4159.37;4367.22;14293030;22407919616.000
05/22/2007;4385.24;4413.15;4356.94;4379.86;14244348;24329226240.000
05/23/2007;4390.29;4464.22;4375.11;4464.22;13239423;21904631808.000
05/24/2007;4475.80;4475.80;4362.77;4423.33;15901428;24788908032.000
05/25/2007;4421.42;4570.77;4421.42;4558.76;14565973;24639004672.000
05/28/2007;4604.58;4682.95;4604.58;4657.45;13796881;25828716544.000
05/29/2007;4680.75;4800.61;4680.75;4795.68;16262214;27589750784.000
05/30/2007;4479.70;4733.87;4444.12;4475.44;18288553;33482070016.000
05/31/2007;4425.31;4554.81;4238.44;4496.41;15154004;27180957696.000
06/01/2007;4536.68;4606.73;4367.83;4367.90;14059213;26037684224.000
06/04/2007;4379.10;4379.10;4043.72;4045.69;11479180;19753115648.000
06/05/2007;3998.57;4181.62;3738.94;4181.62;14876856;22480699392.000
06/06/2007;4188.05;4261.29;4130.38;4218.04;13718863;19302975488.000
06/07/2007;4217.28;4386.98;4217.28;4386.29;14018166;20769136640.000
06/08/2007;4385.79;4453.33;4357.79;4428.25;12641603;19128854528.000
06/11/2007;4505.32;4618.29;4505.32;4614.94;13429561;21618247680.000
06/12/2007;4658.11;4796.33;4569.99;4796.33;16043850;26948009984.000
06/13/2007;4843.25;4923.73;4843.25;4870.65;14481343;25134823424.000
06/14/2007;4848.16;4958.35;4840.92;4897.59;14330832;23481692160.000
06/15/2007;4871.09;4952.85;4871.09;4942.34;9984112;16978100224.000
06/18/2007;5027.58;5115.39;5027.58;5081.91;11417492;21411022848.000
06/19/2007;5106.58;5132.47;5065.34;5132.47;11606499;19691438080.000
06/20/2007;5166.21;5197.16;5059.31;5059.31;13118468;23647178752.000
06/21/2007;5027.09;5069.05;4965.50;5034.69;10275103;18487554048.000
06/22/2007;5013.51;5018.20;4756.35;4802.35;10339173;18396704768.000
06/25/2007;4794.00;4834.53;4564.29;4566.77;9175444;17563195392.000
06/26/2007;4476.68;4648.95;4451.62;4648.95;9649832;15297582080.000
06/27/2007;4685.64;4838.93;4677.43;4829.99;10643109;18625902592.000
06/28/2007;4815.70;4837.05;4554.60;4557.60;8026444;13310119936.000
06/29/2007;4505.72;4582.82;4432.94;4518.17;8356911;18103822336.000
07/02/2007;4489.24;4550.85;4374.26;4485.93;5197316;10122016768.000
07/03/2007;4521.85;4576.05;4472.35;4576.05;4696055;8907873280.000
07/04/2007;4589.89;4593.03;4493.45;4496.19;4225777;8184800256.000
07/05/2007;4427.29;4427.29;4210.30;4210.30;4793377;8642441216.000
07/06/2007;4297.87;4441.72;4164.54;4441.72;5990701;10712981504.000
07/09/2007;4498.00;4609.55;4488.82;4588.68;6664842;12010392576.000
07/10/2007;4599.01;4599.01;4472.36;4478.79;6082151;10909075456.000
07/11/2007;4436.60;4487.36;4420.22;4487.36;4151022;7549093376.000
07/12/2007;4512.39;4512.39;4462.48;4490.76;3407986;5815616000.000
07/13/2007;4486.43;4486.43;4437.76;4480.05;2745817;4694313472.000
07/16/2007;4469.62;4469.62;4328.41;4328.41;3686151;6258228224.000
07/17/2007;4315.98;4427.69;4288.07;4398.47;3243332;5947498496.000
07/18/2007;4382.98;4471.86;4366.71;4420.57;3704753;7282425856.000
07/19/2007;4417.75;4458.41;4403.11;4451.59;3166764;5774634496.000
07/20/2007;4446.39;4619.36;4446.39;4616.41;5175101;9697649664.000
07/23/2007;4643.17;4840.43;4643.17;4840.43;7650535;13835302912.000
07/24/2007;4870.28;4894.94;4815.88;4816.02;8439957;14508181504.000
07/25/2007;4809.55;4870.55;4796.91;4870.55;6996466;12380447744.000
07/26/2007;4909.38;4981.26;4905.43;4968.78;7773561;14275879936.000
07/27/2007;4940.33;4972.36;4912.21;4965.58;6878966;12739119104.000
07/30/2007;4973.61;5071.77;4973.61;5060.33;8763201;16856343552.000
07/31/2007;5063.45;5133.47;5024.72;5133.47;7626104;15737210880.000
08/01/2007;5146.72;5159.54;4943.39;4944.75;8262119;15757161472.000
08/02/2007;4954.25;5104.34;4954.25;5083.54;7524085;14866487296.000
08/03/2007;5113.07;5209.69;5086.58;5209.69;8571017;18113574912.000
08/06/2007;5263.31;5341.31;5263.31;5341.05;8780571;18281060352.000
08/07/2007;5345.05;5374.10;5232.48;5344.70;7662441;16714819584.000
08/08/2007;5311.77;5391.51;5249.19;5300.52;8391160;16239507456.000
08/09/2007;5305.81;5380.05;5305.81;5351.53;6214893;12560603136.000
08/10/2007;5337.99;5337.99;5152.83;5213.95;6697079;12645939200.000
08/13/2007;5201.13;5213.07;5118.13;5146.05;6138326;11334110208.000
08/14/2007;5158.48;5260.97;5158.48;5253.23;6524883;12115142656.000
08/15/2007;5262.81;5275.36;5170.22;5227.46;6186202;12160458752.000
08/16/2007;5211.84;5228.71;5171.14;5210.05;5825463;11460374528.000
08/17/2007;5210.05;5274.51;5167.59;5173.25;6753070;12443470848.000
08/20/2007;5273.67;5384.37;5273.67;5384.02;6920240;13582270464.000
08/21/2007;5411.82;5465.58;5408.35;5453.62;7479912;15361630208.000
08/22/2007;5382.38;5613.71;5382.38;5591.00;8424172;17789206528.000
08/23/2007;5610.47;5664.86;5576.53;5643.87;7181898;15913046016.000
08/24/2007;5667.45;5701.52;5654.40;5692.61;7550596;15508034560.000
08/27/2007;5725.26;5758.20;5674.49;5705.69;9193041;18855784448.000
08/28/2007;5685.13;5704.99;5568.43;5669.09;8165942;17113493504.000
08/29/2007;5631.89;5679.01;5551.97;5581.48;7044808;14631480320.000
08/30/2007;5598.88;5711.03;5598.88;5693.04;7687448;14053270528.000
08/31/2007;5705.48;5768.15;5705.48;5767.69;6841541;13386749952.000
09/03/2007;5803.14;5883.20;5803.14;5849.96;8499140;17237499904.000
09/04/2007;5828.83;5828.83;5731.78;5747.12;7963481;16268903424.000
09/05/2007;5776.62;5780.02;5690.01;5780.02;7303164;14947142656.000
09/06/2007;5806.89;5829.27;5798.97;5812.19;7759705;15975384064.000
09/07/2007;5807.96;5836.56;5745.52;5765.23;9289805;18800373760.000
09/10/2007;5699.15;5850.22;5699.15;5850.22;7334409;15235561472.000
09/11/2007;5841.65;5872.71;5624.89;5624.96;7227753;15526224896.000
09/12/2007;5590.19;5700.05;5550.23;5699.87;7337602;14461684736.000
09/13/2007;5705.10;5746.72;5680.87;5746.72;5991734;14293866496.000
09/14/2007;5733.83;5826.03;5638.51;5826.03;6446509;15423533056.000
09/17/2007;5807.31;5919.88;5807.31;5910.01;7704445;17840406528.000
09/18/2007;5950.60;5950.60;5793.54;5856.75;7229639;15765922816.000
09/19/2007;5858.11;5858.11;5703.08;5703.90;5779716;12513398784.000
09/20/2007;5725.31;5753.69;5670.11;5745.12;6658192;14355040256.000
09/21/2007;5766.93;5766.93;5628.04;5726.26;6170593;13969336320.000
09/24/2007;5737.32;5737.32;5647.74;5674.76;5460170;12526883840.000
09/25/2007;5691.80;5736.69;5666.86;5701.02;4442387;10600740864.000
09/26/2007;5706.02;5747.31;5646.47;5646.47;4543586;10760641536.000
09/27/2007;5655.19;5721.92;5620.05;5721.04;3189544;7923475456.000
09/28/2007;5759.44;5902.84;5759.44;5872.35;4973716;12408463360.000
10/08/2007;5887.63;5887.63;5809.06;5809.06;4427551;10557262848.000
10/09/2007;5799.45;5945.46;5768.31;5945.46;5226123;12996228096.000
10/10/2007;5969.48;6025.24;5927.26;5971.17;6014167;13890589696.000
10/11/2007;5967.59;5967.59;5918.11;5963.98;5668746;13248800768.000
10/12/2007;5981.76;6002.48;5639.10;5926.64;7806698;17755437056.000
10/15/2007;5928.38;6042.78;5860.04;6042.78;6968372;17190520832.000
10/16/2007;6065.32;6065.32;5966.23;6022.44;5359325;13686726656.000
10/17/2007;6015.61;6028.19;5937.13;5961.36;4434852;11129967616.000
10/18/2007;5930.68;5930.68;5754.30;5754.42;4785468;12059337728.000
10/19/2007;5780.20;5822.26;5746.57;5781.72;3525537;8543463936.000
10/22/2007;5706.57;5731.24;5592.60;5594.80;3606634;8110405120.000
10/23/2007;5609.87;5688.66;5555.40;5688.66;3857509;9295860736.000
10/24/2007;5706.78;5764.05;5669.54;5670.75;4057440;10088590336.000
10/25/2007;5633.59;5653.38;5435.41;5440.86;5068417;11166455808.000
10/26/2007;5379.35;5436.77;5344.36;5416.53;3487754;7513768448.000
10/29/2007;5432.77;5461.32;5406.54;5460.52;2873148;5948406784.000
10/30/2007;5474.36;5483.73;5407.12;5483.73;2831753;5917154816.000
10/31/2007;5522.06;5612.62;5522.06;5608.04;4440286;9956571136.000
11/01/2007;5612.47;5612.47;5424.89;5425.94;4137909;8878280704.000
11/02/2007;5359.92;5359.92;5262.26;5262.26;4031143;9045534720.000
11/05/2007;5240.54;5335.72;5225.16;5301.83;2555488;5344994304.000
11/06/2007;5293.98;5361.03;5293.98;5313.81;2386411;4963607040.000
11/07/2007;5328.51;5352.24;5242.48;5319.04;2277676;4554110464.000
11/08/2007;5301.57;5301.57;5109.96;5110.04;3048537;6381086208.000
11/09/2007;5076.33;5105.08;4979.20;5010.78;2934342;6120969728.000
11/12/2007;4937.67;4963.89;4793.58;4923.40;2991116;6170267648.000
11/13/2007;4961.78;5064.84;4923.35;4964.52;2580881;5617817088.000
11/14/2007;5022.41;5162.46;5001.10;5162.46;3007354;5943977984.000
11/15/2007;5165.73;5170.40;5086.57;5087.77;3094046;5928066560.000
11/16/2007;5050.11;5069.11;4983.41;5068.86;2551130;4359262720.000
11/19/2007;5089.38;5186.63;5077.52;5172.14;3048680;5444984320.000
11/20/2007;5163.06;5272.55;5163.06;5248.19;3309289;6698385408.000
11/21/2007;5264.55;5277.69;5199.16;5200.62;2576008;5396177408.000
11/22/2007;5107.34;5139.76;4953.49;4953.49;2293498;4360538624.000
11/23/2007;4921.28;5022.82;4908.31;5022.82;1558962;3139976448.000
11/26/2007;5116.59;5121.63;5014.49;5017.24;2070674;4304969216.000
11/27/2007;4992.38;5020.43;4939.05;4947.59;1711771;3662455040.000
11/28/2007;4951.47;4957.75;4833.30;4866.54;1931033;3944205312.000
11/29/2007;4902.45;4990.23;4823.55;4982.33;2934461;6044197888.000
11/30/2007;4926.02;4949.43;4865.58;4874.17;2332800;4722604032.000
12/03/2007;4861.67;4908.37;4844.78;4887.35;1453574;2875569920.000
12/04/2007;4901.45;4966.50;4901.45;4912.85;1695715;3537966592.000
12/05/2007;4915.57;5062.78;4915.57;5055.56;2492178;4879599104.000
12/06/2007;5083.53;5113.76;5048.49;5104.31;2275201;4471719936.000
12/07/2007;5113.03;5218.49;5113.03;5217.10;3049446;6101907456.000
12/10/2007;5157.84;5393.91;5157.84;5384.00;4409054;8907296768.000
12/11/2007;5417.29;5489.82;5417.29;5471.79;4201260;9424737280.000
12/12/2007;5467.46;5519.89;5452.69;5490.29;4069464;9112722432.000
12/13/2007;5453.05;5479.73;5272.55;5272.55;3855982;8801395712.000
12/14/2007;5218.78;5503.02;5218.78;5503.02;3694399;8635897856.000
12/17/2007;5509.16;5657.22;5509.16;5596.61;5611561;13758535680.000
12/18/2007;5555.75;5566.02;5454.32;5469.13;3232847;7372371968.000
12/19/2007;5486.24;5538.20;5465.50;5517.68;3347027;7592623616.000
12/20/2007;5534.14;5591.48;5523.96;5577.28;3211755;6931446784.000
12/21/2007;5565.17;5677.66;5565.17;5669.00;3572960;7684512256.000
12/24/2007;5731.47;5830.85;5731.47;5765.13;5059919;12360126464.000
12/25/2007;5786.72;5839.34;5786.72;5839.34;4514874;9841667072.000
12/26/2007;5849.80;5945.51;5849.80;5945.51;4417180;10050516992.000
12/27/2007;5964.89;5980.03;5933.95;5970.11;5115719;12029364224.000
12/28/2007;5962.82;5978.08;5881.73;5957.32;5296201;12025434112.000
01/02/2008;5960.53;6096.52;5938.36;6080.80;6387692;13840317440.000
01/03/2008;6088.44;6159.08;6088.44;6106.64;7809291;17671546880.000
01/04/2008;6107.75;6107.75;6033.65;6088.67;5911192;14112055296.000
01/07/2008;6082.17;6103.19;6070.32;6095.56;6525268;16067527680.000
01/08/2008;6103.59;6121.27;5997.26;6038.83;7500485;17403838464.000
01/09/2008;6006.36;6121.75;6001.45;6120.57;6127097;13112438784.000
01/10/2008;6120.57;6237.56;6120.57;6179.12;7284821;16592665600.000
01/11/2008;6194.56;6194.56;6096.11;6156.69;6571803;14053920768.000
01/14/2008;6176.25;6273.43;6172.40;6260.22;6714484;15081925632.000
01/15/2008;6270.61;6317.59;6248.61;6294.92;6774878;14977449984.000
01/16/2008;6259.77;6259.77;6152.27;6169.53;7992750;16213452800.000
01/17/2008;6130.02;6200.46;5881.60;6021.66;8022744;17606131712.000
01/18/2008;6015.66;6085.82;5963.52;6069.32;5140495;11015110656.000
01/21/2008;6079.23;6079.23;5802.35;5813.51;5865411;12218323968.000
01/22/2008;5672.46;5757.40;5377.29;5465.89;7462095;16166596608.000
01/23/2008;5530.67;5792.06;5530.67;5792.06;6416652;13592973312.000
01/24/2008;5848.21;5941.52;5805.40;5873.37;7182536;14202528768.000
01/25/2008;5861.78;5909.29;5829.29;5847.41;6010290;11895848960.000
01/28/2008;5807.98;5807.98;5458.29;5493.98;5270704;9746854912.000
01/29/2008;5511.96;5593.35;5472.26;5534.85;3423327;6270766592.000
01/30/2008;5603.37;5634.52;5447.32;5539.17;3709423;7386896384.000
01/31/2008;5516.37;5516.37;5363.65;5369.13;3689406;7772212224.000
02/01/2008;5367.31;5367.31;5088.10;5227.90;4112785;8057732096.000
02/04/2008;5353.76;5625.00;5353.76;5622.90;4309005;9733557248.000
02/05/2008;5621.91;5660.29;5585.60;5598.27;3232640;6729049600.000
02/13/2008;5540.08;5572.73;5487.05;5514.29;2251668;4232309248.000
02/14/2008;5556.03;5603.83;5537.27;5582.85;2145410;4134060032.000
02/15/2008;5548.29;5548.29;5447.98;5524.99;2476512;4771825152.000
02/18/2008;5590.13;5705.88;5590.13;5673.39;3863681;7667730944.000
02/19/2008;5694.05;5787.61;5666.84;5784.65;4123169;8057287168.000
02/20/2008;5798.05;5834.11;5724.81;5735.08;4313691;8503789056.000
02/21/2008;5712.52;5755.91;5653.03;5743.04;3946724;7831263744.000
02/22/2008;5725.97;5725.97;5544.42;5603.21;4459959;9100915712.000
02/25/2008;5603.13;5603.13;5405.86;5406.74;3854603;7760536064.000
02/26/2008;5506.36;5506.36;5198.36;5307.31;3850308;9043849216.000
02/27/2008;5319.41;5449.07;5289.10;5449.07;3673749;7270571520.000
02/28/2008;5456.58;5456.58;5378.38;5410.72;3895637;7579313664.000
02/29/2008;5400.98;5496.43;5400.98;5496.43;3426777;7156542976.000
03/03/2008;5505.20;5707.80;5505.20;5703.91;5861016;11727517696.000
03/04/2008;5759.47;5797.97;5669.81;5672.06;7155556;13732499456.000
03/05/2008;5641.68;5680.56;5551.40;5661.08;5378326;9443347456.000
03/06/2008;5675.14;5714.11;5614.38;5697.96;7306353;11379892224.000
03/07/2008;5672.39;5672.39;5573.18;5605.84;4071009;7942980096.000
03/10/2008;5558.14;5558.14;5399.05;5410.65;4030390;7341964288.000
03/11/2008;5361.89;5418.57;5255.27;5418.57;4639673;8465963520.000
03/12/2008;5497.23;5497.23;5261.50;5267.45;4294374;7774643712.000
03/13/2008;5214.54;5214.54;4994.32;5099.82;4379984;8505492480.000
03/14/2008;5061.11;5083.28;4978.22;5036.92;2762063;5582581248.000
03/17/2008;5002.64;5002.64;4718.81;4723.80;3483316;6319646208.000
03/18/2008;4666.74;4713.85;4353.67;4404.80;4403180;7725171200.000
03/19/2008;4486.76;4617.62;4412.24;4533.80;4830856;8615519232.000
03/20/2008;4481.11;4733.40;4299.10;4693.13;6242697;10761790464.000
03/21/2008;4699.73;4803.19;4699.73;4747.08;5775653;10173450240.000
03/24/2008;4787.87;4819.09;4590.56;4590.56;4271754;7696453120.000
03/25/2008;4499.20;4642.26;4488.10;4630.14;3873834;6865046016.000
03/26/2008;4646.18;4693.00;4593.64;4610.66;3355342;5810295808.000
03/27/2008;4558.81;4558.81;4416.42;4420.47;3853128;6392527360.000
03/28/2008;4390.24;4564.71;4328.34;4560.15;4063628;6444152832.000
03/31/2008;4470.08;4513.09;4401.33;4415.40;3348732;5653927936.000
04/01/2008;4400.66;4414.61;4109.92;4114.73;3829122;6276129280.000
04/02/2008;4113.04;4140.68;3933.45;3986.63;4539210;6965121024.000
04/03/2008;3956.93;4098.56;3896.52;4087.11;4257508;6143530496.000
04/07/2008;4039.98;4345.89;4039.98;4345.16;5003362;7961273856.000
04/08/2008;4357.73;4467.78;4357.73;4434.23;5430097;8631308288.000
04/09/2008;4403.39;4444.18;4228.19;4228.19;4448411;6845778432.000
04/10/2008;4169.00;4286.14;4131.81;4285.25;3691354;5785436160.000
04/11/2008;4306.47;4363.07;4299.17;4324.90;3426665;5396762112.000
04/14/2008;4247.40;4247.40;4067.54;4082.72;3911378;6162857984.000
04/15/2008;4046.33;4172.55;3994.79;4172.55;3978132;5979727872.000
04/16/2008;4169.00;4181.34;4106.21;4106.21;3114571;5084007424.000
04/17/2008;4098.93;4164.30;3926.48;3978.02;3542038;5803279872.000
04/18/2008;3939.92;3988.04;3859.54;3877.84;3398322;5007797760.000
04/21/2008;4156.73;4156.73;3847.85;3873.87;4957513;7016897536.000
04/22/2008;3808.34;3823.82;3652.35;3819.07;3680989;5207437312.000
04/23/2008;3796.64;4025.73;3796.64;4018.87;4704455;6711196672.000
04/24/2008;4338.54;4391.73;4233.75;4384.49;10999349;17963986944.000
04/25/2008;4353.97;4470.42;4321.95;4361.13;9786767;15515957248.000
04/28/2008;4295.15;4367.61;4272.45;4322.13;6807902;9860392960.000
04/29/2008;4292.20;4363.83;4292.20;4342.56;6212017;8787981312.000
04/30/2008;4358.92;4551.78;4358.92;4538.94;8670367;12530296832.000
05/05/2008;4594.68;4659.85;4577.02;4655.61;8679448;12728474624.000
05/06/2008;4617.40;4641.45;4535.49;4598.36;7589135;11159671808.000
05/07/2008;4571.52;4619.17;4415.09;4415.09;6869671;10023545856.000
05/08/2008;4374.10;4535.61;4374.10;4535.61;5911953;8119970304.000
05/09/2008;4558.96;4586.12;4455.94;4522.39;6614355;9535386624.000
05/12/2008;4457.93;4647.91;4418.14;4605.99;7154272;10723115008.000
05/13/2008;4466.05;4611.50;4466.05;4566.14;6617233;8764641280.000
05/14/2008;4561.95;4653.81;4561.95;4650.04;7617884;10731511808.000
05/15/2008;4680.04;4692.58;4605.27;4605.27;6448008;9836765184.000
05/16/2008;4598.15;4637.50;4496.07;4549.42;5119057;7908016640.000
05/19/2008;4540.91;4540.91;4489.34;4512.35;3635648;5441997824.000
05/20/2008;4500.91;4521.38;4263.10;4263.22;4876708;7334220800.000
05/21/2008;4215.69;4309.06;4111.90;4309.06;5286818;7459721216.000
05/22/2008;4271.26;4292.54;4223.71;4227.57;5165791;6975966720.000
05/23/2008;4210.22;4245.21;4121.14;4182.80;4267855;5583410688.000
05/26/2008;4145.20;4145.20;4066.74;4069.14;3469716;4526730752.000
05/27/2008;4048.68;4090.95;4033.41;4069.20;2885494;3929307648.000
05/28/2008;4078.12;4187.14;4055.84;4179.10;3769442;4825279488.000
05/29/2008;4171.97;4171.97;4064.13;4073.02;3276440;4267845888.000
05/30/2008;4074.18;4106.55;4027.16;4079.06;2934015;3954538752.000
06/02/2008;4067.55;4103.90;4033.10;4091.77;2701832;3419696896.000
06/03/2008;4099.46;4099.46;4040.67;4066.86;3012505;4014799360.000
06/04/2008;4046.82;4046.82;3968.57;3998.69;2686360;3390973440.000
06/05/2008;3974.84;3996.85;3957.01;3960.70;2380059;3034132224.000
06/06/2008;3967.80;3967.80;3926.85;3944.00;1883483;2420232448.000
06/10/2008;3791.85;3796.39;3629.23;3639.76;3263224;4033124352.000
06/11/2008;3595.61;3599.14;3520.10;3569.21;3455794;3949883392.000
06/12/2008;3541.17;3564.52;3446.25;3498.61;3470742;4129740288.000
06/13/2008;3493.59;3512.92;3361.92;3366.22;2881954;3177298944.000
06/16/2008;3363.25;3363.25;3266.24;3290.98;2882014;3242565376.000
06/17/2008;3286.77;3302.52;3161.03;3172.08;3029136;3282158848.000
06/18/2008;3147.96;3333.49;3090.03;3315.80;4861504;4900431360.000
06/19/2008;3293.58;3293.58;3066.27;3070.03;4379839;4218530048.000
06/20/2008;3070.78;3233.47;2994.88;3143.17;5666513;5123673088.000
06/23/2008;3097.39;3138.98;3070.17;3083.90;3986773;3743529472.000
06/24/2008;3062.07;3181.58;3062.07;3181.58;3949973;3986292224.000
06/25/2008;3183.09;3362.89;3183.09;3362.89;5979588;6100819456.000
06/26/2008;3370.03;3417.66;3335.35;3386.93;6118757;6464816128.000
06/27/2008;3278.64;3282.10;3167.37;3213.68;5839283;5651759616.000
06/30/2008;3188.70;3241.36;3167.75;3208.49;3015044;3421554944.000
07/01/2008;3219.84;3219.84;3133.21;3153.90;3790016;3823232512.000
07/02/2008;3154.77;3215.93;3139.59;3189.82;3882072;4189113088.000
07/03/2008;3144.35;3331.22;3122.66;3309.58;6936949;7575276032.000
07/04/2008;3297.48;3346.70;3292.51;3320.81;5916231;6485055488.000
07/07/2008;3327.44;3478.74;3327.44;3478.74;7291321;8242459648.000
07/08/2008;3484.58;3507.84;3440.69;3507.55;7305483;8470179328.000
07/09/2008;3522.10;3585.09;3522.10;3585.09;9325992;10147756032.000
07/10/2008;3544.21;3610.09;3527.90;3527.90;8586264;9366989824.000
07/11/2008;3506.54;3523.10;3455.03;3487.71;5692572;6166086656.000
07/14/2008;3457.53;3535.82;3457.53;3517.27;4658132;5213666816.000
07/15/2008;3532.51;3552.75;3421.44;3427.66;6001730;6803979264.000
07/16/2008;3392.35;3392.35;3309.84;3353.53;5582795;5811556864.000
07/17/2008;3396.50;3455.57;3360.34;3360.34;4868477;5777064448.000
07/18/2008;3379.51;3455.95;3335.19;3455.11;4977016;5544026624.000
07/21/2008;3449.26;3587.35;3449.26;3579.43;6005937;7033479680.000
07/22/2008;3578.54;3597.70;3557.10;3574.01;6300313;6692281856.000
07/23/2008;3583.40;3600.69;3551.13;3551.13;6600453;6425619456.000
07/24/2008;3570.28;3631.30;3570.28;3631.30;5576789;5858896384.000
07/25/2008;3606.34;3639.33;3596.35;3610.82;5993874;6097318912.000
07/28/2008;3631.80;3654.23;3600.76;3614.83;5061004;5355454976.000
07/29/2008;3577.83;3577.83;3522.68;3553.91;5063355;4899278336.000
07/30/2008;3580.39;3580.39;3506.72;3526.89;4227732;4177357824.000
07/31/2008;3527.11;3527.11;3423.81;3424.08;4387703;4333714432.000
08/01/2008;3403.15;3474.26;3379.63;3454.71;4813137;5566990848.000
08/04/2008;3438.86;3465.79;3406.01;3408.34;3400804;4630639616.000
08/05/2008;3410.37;3410.37;3323.95;3324.90;3652231;4240015104.000
08/06/2008;3348.87;3360.46;3289.82;3328.38;3338235;3770667776.000
08/07/2008;3322.42;3348.61;3283.39;3329.03;3121656;3529936640.000
08/08/2008;3332.30;3333.90;3162.73;3168.80;4320423;4570598400.000
08/11/2008;3142.71;3142.71;2956.38;2964.38;4280432;4321786368.000
08/12/2008;2932.88;2971.35;2920.20;2955.43;3240366;3147587328.000
08/13/2008;2936.25;2982.07;2895.13;2982.07;3428505;3210529024.000
08/14/2008;2974.46;3026.18;2968.92;3015.77;2742181;2567536896.000
08/15/2008;3008.06;3042.51;2994.13;3016.64;2526647;2301587712.000
08/18/2008;3022.51;3022.51;2857.65;2859.36;2867475;2484284928.000
08/19/2008;2818.59;2896.87;2818.59;2894.67;2366987;2028322816.000
08/20/2008;2880.44;3100.68;2861.45;3100.68;5191575;4743155200.000
08/21/2008;3058.28;3090.89;2997.63;2998.42;4872485;4443766272.000
08/22/2008;2975.73;2975.73;2891.57;2931.91;3161545;2821965312.000
08/25/2008;2940.65;2954.32;2904.67;2916.07;2013894;1807322240.000
08/26/2008;2891.14;2891.14;2781.90;2800.33;2990043;2641336576.000
08/27/2008;2785.39;2835.81;2730.39;2770.96;2379085;2152094208.000
08/28/2008;2788.51;2808.65;2768.25;2773.10;2273353;2053404928.000
08/29/2008;2783.77;2867.25;2783.77;2846.52;3727063;3385426688.000
09/01/2008;2835.52;2835.52;2737.86;2740.16;2777948;2858608640.000
09/02/2008;2724.07;2724.07;2662.91;2673.45;2786462;3203867392.000
09/03/2008;2657.05;2659.41;2592.26;2610.59;3214650;3768140032.000
09/04/2008;2610.20;2651.40;2603.65;2638.83;2472030;2180262144.000
09/05/2008;2573.44;2607.56;2553.73;2573.82;2625861;2215067136.000
09/08/2008;2576.15;2576.15;2483.95;2484.97;2539440;2080156928.000
09/09/2008;2493.30;2520.55;2483.69;2518.86;2513906;2058223744.000
09/10/2008;2504.40;2568.63;2485.97;2545.94;2913148;2407655680.000
09/11/2008;2542.98;2549.66;2509.33;2518.99;2694716;2119628288.000
09/12/2008;2516.11;2560.00;2513.92;2536.00;2425304;1978077824.000
09/16/2008;2521.06;2549.94;2487.11;2522.27;3971734;3407076864.000
09/17/2008;2509.30;2529.43;2458.42;2461.69;3579551;2984882176.000
09/18/2008;2412.81;2412.81;2284.52;2371.07;5016046;4254098688.000
09/19/2008;2575.47;2593.39;2564.46;2593.39;4364712;5095261696.000
09/22/2008;2742.33;2814.13;2612.93;2670.37;12591915;12949344256.000
09/23/2008;2567.61;2567.61;2480.75;2481.40;6598137;6070990336.000
09/24/2008;2421.84;2532.83;2417.13;2532.83;5802941;5118471168.000
09/25/2008;2537.44;2639.84;2537.44;2614.41;7531200;6498269696.000
09/26/2008;2635.05;2682.85;2620.01;2671.95;7429019;6556105728.000
10/06/2008;2637.16;2650.24;2582.01;2593.63;6257264;5230460416.000
10/07/2008;2505.66;2584.13;2491.97;2562.45;4721193;4174244352.000
10/08/2008;2503.25;2530.91;2478.60;2478.61;3874201;3425889536.000
10/09/2008;2531.22;2531.22;2432.76;2433.01;3569406;3080971520.000
10/10/2008;2340.65;2340.65;2286.69;2297.66;4523078;3751079168.000
10/13/2008;2278.77;2331.70;2191.18;2331.70;3825354;3372973056.000
10/14/2008;2411.79;2411.79;2275.71;2275.71;5065549;4195430144.000
10/15/2008;2248.16;2248.16;2217.96;2229.86;3129693;2548713984.000
10/16/2008;2145.36;2170.66;2127.32;2128.76;3921055;2994018816.000
10/17/2008;2141.18;2149.43;2095.79;2123.77;2789479;2368371712.000
10/20/2008;2122.87;2185.86;2100.32;2182.43;3359436;2816819200.000
10/21/2008;2197.12;2215.57;2175.62;2175.99;4293601;3466534400.000
10/22/2008;2156.16;2202.48;2148.04;2172.31;3788480;3160856576.000
10/23/2008;2128.95;2192.67;2128.95;2192.67;3170165;2627156992.000
10/24/2008;2195.84;2206.14;2130.25;2149.96;2669820;2231364352.000
10/27/2008;2103.03;2103.03;1983.76;1989.24;3716274;2806946048.000
10/28/2008;1951.46;2047.10;1948.75;2045.29;3842941;2734490880.000
10/29/2008;2071.14;2071.14;1988.77;1989.78;3272263;2263034112.000
10/30/2008;2001.24;2037.05;1974.99;2008.38;3223167;2262198016.000
10/31/2008;2004.35;2020.10;1979.57;1988.37;2731923;1903661696.000
11/03/2008;1973.49;2000.19;1966.40;1971.55;2933827;1956768640.000
11/04/2008;1967.48;1969.27;1930.16;1942.80;3053010;2024381952.000
11/05/2008;1951.45;2024.11;1951.45;2002.45;3842986;2632427520.000
11/06/2008;1959.58;1959.58;1939.28;1940.76;2746134;1811339008.000
11/07/2008;1912.28;1932.00;1904.25;1931.63;3294142;2400615936.000
11/10/2008;1961.70;2066.42;1961.70;2066.42;6785798;4834193920.000
11/11/2008;2053.78;2071.07;2030.74;2030.74;6421861;4360331264.000
11/12/2008;2001.37;2036.93;1998.16;2034.49;4735763;3336631552.000
11/13/2008;2009.55;2129.39;2001.59;2115.05;8262886;6077019648.000
11/14/2008;2130.79;2253.05;2130.79;2253.05;10888896;8502840832.000
11/17/2008;2250.40;2327.51;2231.15;2327.51;10303369;8002660352.000
11/18/2008;2304.80;2313.30;2138.92;2140.24;10310421;7349377024.000
11/19/2008;2134.49;2286.46;2134.49;2286.10;8865223;6122483712.000
11/20/2008;2258.69;2345.69;2258.69;2305.91;11549558;8509143040.000
11/21/2008;2241.07;2323.11;2189.94;2280.53;8611020;6466535424.000
11/24/2008;2289.43;2305.16;2226.56;2228.07;6155125;4808634368.000
11/25/2008;2261.82;2261.96;2178.25;2211.36;4918398;3902754048.000
11/26/2008;2216.60;2227.08;2190.88;2212.02;3480105;2672730368.000
11/27/2008;2352.68;2352.68;2275.09;2275.90;8528395;6988818432.000
11/28/2008;2252.93;2290.36;2252.93;2272.77;5279844;4623302144.000
12/01/2008;2265.01;2335.19;2252.60;2331.03;6420201;5105358848.000
12/02/2008;2281.58;2384.45;2281.58;2373.56;9270651;6888175616.000
12/03/2008;2406.86;2454.28;2404.13;2454.28;9544147;7361824256.000
12/04/2008;2483.80;2562.06;2478.83;2478.86;12682766;9805259776.000
12/05/2008;2462.31;2535.66;2462.31;2533.14;8029008;6240251904.000
12/08/2008;2566.21;2623.31;2566.21;2620.00;10424816;8323923968.000
12/09/2008;2626.75;2626.75;2534.26;2538.57;8961480;6968084992.000
12/10/2008;2520.96;2590.61;2506.56;2588.71;8039817;6224800768.000
12/11/2008;2585.96;2606.21;2538.02;2538.17;7705905;6013184000.000
12/12/2008;2510.03;2510.03;2391.02;2424.32;6352784;4914981888.000
12/15/2008;2447.36;2474.12;2413.87;2449.64;4456482;3433397248.000
12/16/2008;2437.07;2487.87;2400.66;2487.87;4669979;3605006080.000
12/17/2008;2496.42;2544.14;2496.42;2513.38;5470679;4468705280.000
12/18/2008;2513.93;2555.02;2501.21;2555.02;6056768;4437397504.000
12/19/2008;2561.04;2590.58;2555.48;2573.26;7348470;5425744896.000
12/22/2008;2573.30;2575.22;2520.83;2554.63;5655134;4537353216.000
12/23/2008;2555.22;2555.22;2420.38;2421.27;6223581;5109347328.000
12/24/2008;2391.01;2420.36;2376.54;2395.32;4938175;3591573760.000
12/25/2008;2410.59;2420.05;2352.67;2375.24;4964490;3710299904.000
12/26/2008;2377.67;2382.89;2345.29;2359.46;3231352;2474179072.000
12/29/2008;2349.02;2362.03;2296.92;2355.35;3199483;2746316288.000
12/30/2008;2355.09;2369.30;2334.95;2343.04;3654779;3111054080.000
12/31/2008;2344.55;2350.42;2322.83;2330.02;3384229;3007571968.000
01/05/2009;2362.79;2367.16;2333.06;2367.16;4819032;3960842240.000
01/06/2009;2359.50;2411.57;2340.75;2405.80;7073184;6344016384.000
01/07/2009;2402.22;2418.42;2388.99;2397.27;5874094;4919145472.000
01/08/2009;2356.79;2377.14;2335.75;2355.12;4679965;3975344640.000
01/09/2009;2349.13;2386.55;2349.02;2386.55;5550317;4962014720.000
01/12/2009;2379.09;2419.79;2375.19;2400.69;7116062;5967777280.000
01/13/2009;2376.19;2385.05;2335.88;2336.27;6349744;5114784256.000
01/14/2009;2332.60;2394.29;2327.35;2394.29;7005140;6025228800.000
01/15/2009;2379.05;2408.13;2367.79;2386.11;9401685;7431395328.000
01/16/2009;2398.86;2471.07;2398.86;2435.99;11189132;10656586752.000
01/19/2009;2456.61;2474.63;2421.19;2440.63;8852958;8093889536.000
01/20/2009;2435.77;2440.27;2397.90;2440.27;6135391;5543604224.000
01/21/2009;2403.55;2424.85;2389.48;2402.68;8543987;8502898688.000
01/22/2009;2412.86;2424.42;2394.17;2423.30;7151013;6425988096.000
01/23/2009;2416.86;2436.48;2403.30;2413.95;7257182;6588407296.000
02/02/2009;2440.88;2470.13;2421.59;2470.13;8893821;7836022272.000
02/03/2009;2472.31;2544.28;2472.31;2544.28;13532547;12069189632.000
02/04/2009;2553.32;2606.81;2553.32;2606.81;13218367;11689657344.000
02/05/2009;2603.54;2637.82;2568.37;2574.03;12851802;11525895168.000
02/06/2009;2585.45;2698.21;2585.45;2698.21;12941449;12606544896.000
02/09/2009;2738.76;2808.16;2717.10;2800.62;16480136;15985486848.000
02/10/2009;2784.89;2842.10;2763.62;2842.10;14245877;13453204480.000
02/11/2009;2794.98;2933.42;2794.98;2874.28;18111352;18648064000.000
02/12/2009;2880.13;2937.43;2819.84;2937.43;16335036;16588442624.000
02/13/2009;2947.99;3051.60;2947.99;3044.66;18579900;17834549248.000
02/16/2009;3070.04;3089.44;2994.44;3056.56;15267986;15834987520.000
02/17/2009;3053.85;3067.13;2959.56;2959.56;14116384;14897204224.000
02/18/2009;2901.02;2942.06;2839.85;2840.00;13184493;13294129152.000
02/19/2009;2859.19;2890.80;2837.46;2872.61;9672771;10061517824.000
02/20/2009;2887.02;2955.96;2882.50;2955.96;10756234;11039497216.000
02/23/2009;2945.78;3058.38;2926.92;3050.71;14577106;14817048576.000
02/24/2009;3022.15;3085.58;2963.03;2966.51;17952801;17250392064.000
02/25/2009;2991.78;2991.78;2877.82;2948.11;13583967;13643366400.000
02/26/2009;2942.62;2966.52;2743.54;2774.84;12041158;11905620992.000
02/27/2009;2731.55;2757.17;2649.06;2687.56;10363377;9993913344.000
03/02/2009;2664.30;2744.04;2664.30;2734.10;7663541;7477334528.000
03/03/2009;2673.20;2731.82;2661.86;2714.24;8130147;8248856576.000
03/04/2009;2720.94;2884.90;2720.94;2876.07;12046677;12057515008.000
03/05/2009;2898.89;2904.79;2821.04;2856.51;11764430;11722724352.000
03/06/2009;2810.87;2868.90;2809.20;2860.13;9352253;9687441408.000
03/09/2009;2870.90;2890.52;2738.50;2738.50;8567991;8629989376.000
03/10/2009;2705.64;2785.33;2695.97;2785.33;5733820;5604379648.000
03/11/2009;2831.39;2831.39;2739.60;2745.34;6429986;6346526720.000
03/12/2009;2728.30;2728.30;2646.84;2708.59;6894978;6544410112.000
03/13/2009;2719.16;2740.83;2682.16;2682.56;6233871;6168160256.000
03/16/2009;2677.25;2727.00;2671.07;2727.00;5385271;4987015680.000
03/17/2009;2729.59;2837.13;2727.64;2831.62;9460484;9282320384.000
03/18/2009;2843.70;2899.43;2843.70;2849.40;10261893;10386881536.000
03/19/2009;2854.67;2924.95;2854.67;2924.95;10765605;10694327296.000
03/20/2009;2933.85;2933.85;2862.47;2911.45;11073142;11113564160.000
03/23/2009;2915.70;2987.37;2910.67;2983.04;13446419;13416830976.000
03/24/2009;3019.59;3045.32;3006.35;3012.24;12447154;12983491584.000
03/25/2009;2992.84;2997.48;2921.75;2921.75;10388085;11141921792.000
03/26/2009;2921.79;2966.71;2874.34;2966.71;9693276;10002824192.000
03/27/2009;2983.06;2999.34;2967.08;2990.77;10238271;11425233920.000
03/30/2009;2995.22;3003.65;2974.44;2976.15;9659297;9604836352.000
03/31/2009;2921.93;3007.79;2915.35;3007.79;10209947;9928867840.000
04/01/2009;3020.15;3075.65;3020.15;3057.18;14546815;14359569408.000
04/02/2009;3067.49;3111.66;3067.49;3084.25;12899972;13746162688.000
04/03/2009;3099.92;3110.55;3056.28;3068.85;11444170;12076515328.000
04/07/2009;3075.90;3086.78;3047.71;3072.23;8379249;9014646784.000
04/08/2009;3065.19;3065.19;2970.82;2970.82;9967232;9983298560.000
04/09/2009;2966.74;3013.71;2949.25;3013.71;8651301;8805941248.000
04/10/2009;3031.02;3106.48;3024.71;3106.17;12818896;13320794112.000
04/13/2009;3127.23;3179.61;3127.23;3166.96;13897468;14803695616.000
04/14/2009;3165.55;3213.74;3164.16;3209.12;15205204;15148027904.000
04/15/2009;3189.14;3226.62;3148.62;3226.62;14935398;14748462080.000
04/16/2009;3229.33;3248.04;3202.94;3232.42;14585846;14785558528.000
04/17/2009;3224.90;3295.97;3224.90;3257.83;14612183;15932619776.000
04/20/2009;3255.38;3376.89;3255.38;3376.89;12700115;14380938240.000
04/21/2009;3347.82;3397.30;3334.33;3371.01;14670698;16133499904.000
04/22/2009;3390.12;3415.98;3222.88;3223.35;14489971;16160700416.000
04/23/2009;3202.86;3270.74;3194.11;3264.49;10869157;10921444352.000
04/24/2009;3288.16;3332.54;3277.21;3285.56;14423038;14840692736.000
04/27/2009;3275.55;3275.55;3158.33;3162.58;11223203;11223696384.000
04/28/2009;3129.26;3171.59;3110.53;3143.56;6847149;7459718656.000
04/29/2009;3146.36;3239.49;3146.36;3239.49;9478564;10125904896.000
04/30/2009;3252.44;3308.70;3252.44;3287.37;10083302;10975270912.000
05/04/2009;3297.95;3377.63;3297.95;3377.25;10499462;11911050240.000
05/05/2009;3392.72;3404.80;3364.84;3393.28;11641098;12554534912.000
05/06/2009;3389.54;3460.36;3389.54;3459.85;12457226;14203385856.000
05/07/2009;3479.71;3492.94;3386.53;3428.50;13935033;15593237504.000
05/08/2009;3403.32;3416.09;3344.24;3397.40;10075010;11872691200.000
05/11/2009;3406.07;3420.28;3288.58;3288.58;11704108;12857364480.000
05/12/2009;3266.38;3392.88;3266.38;3392.88;9798317;10943421440.000
05/13/2009;3400.30;3431.11;3385.03;3420.62;11750914;13420602368.000
05/14/2009;3392.09;3416.74;3374.14;3404.57;8299981;9450458112.000
05/15/2009;3423.68;3430.84;3397.31;3422.17;8797741;8768286720.000
05/18/2009;3413.94;3454.27;3372.92;3452.73;8804153;10063824896.000
05/19/2009;3474.10;3474.10;3433.84;3451.46;11220499;11728656384.000
05/20/2009;3472.53;3481.34;3415.30;3415.30;11878540;11258657792.000
05/21/2009;3398.87;3405.07;3333.77;3338.27;8959453;9633678336.000
05/22/2009;3327.88;3359.69;3323.97;3341.09;7208588;8009945088.000
05/25/2009;3272.70;3338.77;3258.80;3331.54;8153751;9265984512.000
05/26/2009;3338.55;3380.09;3338.55;3342.47;10633176;11064216576.000
05/27/2009;3352.00;3368.40;3345.17;3365.53;6603632;7261084672.000
06/01/2009;3384.69;3422.97;3384.69;3422.11;9483187;10646427648.000
06/02/2009;3433.10;3458.51;3428.11;3438.08;11043911;12176992256.000
06/03/2009;3437.99;3443.68;3415.37;3441.69;10045409;11446133760.000
06/04/2009;3444.97;3454.16;3384.28;3412.38;10288123;11674699776.000
06/05/2009;3417.19;3499.11;3406.10;3469.13;13755152;17380814848.000
06/08/2009;3469.76;3471.10;3430.46;3446.72;9714061;11515997184.000
06/09/2009;3461.92;3518.65;3451.62;3518.65;9623311;13016229888.000
06/10/2009;3541.58;3589.35;3541.58;3578.81;12312077;14527345664.000
06/11/2009;3577.33;3610.30;3557.21;3559.15;10229147;12281158656.000
06/12/2009;3552.98;3559.83;3453.38;3474.16;9098444;10354126848.000
06/15/2009;3479.60;3586.62;3479.60;3583.30;7394040;10089718784.000
06/16/2009;3553.58;3603.75;3553.58;3594.21;8503606;11065295872.000
06/17/2009;3599.55;3634.61;3588.04;3633.20;7859022;9936268288.000
06/18/2009;3643.91;3655.19;3633.06;3647.66;9567072;12056946688.000
06/19/2009;3652.11;3662.52;3624.79;3660.64;11157481;13022745600.000
06/22/2009;3681.27;3681.27;3606.60;3610.85;9811469;11546139648.000
06/23/2009;3569.40;3612.88;3554.05;3593.23;8870859;10709656576.000
06/24/2009;3593.98;3642.02;3593.98;3642.02;8603652;9858253824.000
06/25/2009;3657.43;3677.19;3643.68;3655.81;8569780;10287446016.000
06/26/2009;3669.16;3673.52;3643.29;3650.95;7260348;8364574208.000
06/29/2009;3658.60;3727.61;3658.60;3727.61;9278994;10814145536.000
06/30/2009;3741.21;3741.21;3691.31;3709.18;8566667;10530105344.000
07/01/2009;3703.36;3733.30;3703.36;3733.30;7973423;10460821504.000
07/02/2009;3738.80;3755.57;3726.14;3754.73;10188681;13095824384.000
07/03/2009;3732.67;3790.07;3732.67;3790.07;11707702;14338468864.000
07/06/2009;3797.48;3814.27;3759.92;3814.27;11184974;14870076416.000
07/07/2009;3802.83;3873.00;3791.58;3844.40;13463888;16791839744.000
07/08/2009;3816.47;3864.34;3796.40;3852.37;11788924;14770223104.000
07/09/2009;3851.95;3954.03;3851.95;3954.03;14137037;17669019648.000
07/10/2009;3965.30;4026.20;3965.30;4005.65;11978438;15882078208.000
07/13/2009;4026.13;4068.64;4026.13;4039.35;10991203;14551105536.000
07/14/2009;4075.43;4117.94;4071.86;4117.94;12135248;17185896448.000
07/15/2009;4127.39;4155.86;4099.13;4112.45;12711402;17163803648.000
07/16/2009;4126.27;4126.27;4062.16;4071.25;11663017;16141278208.000
07/17/2009;4062.50;4079.40;4020.48;4050.76;10713093;13656860672.000
07/20/2009;4055.83;4116.31;4036.22;4115.10;14087122;19545264128.000
07/21/2009;4119.76;4119.76;4045.34;4046.24;12698617;18149945344.000
07/22/2009;4043.38;4087.19;4043.38;4087.19;11038937;15080096768.000
07/23/2009;4098.35;4122.41;4089.89;4122.41;11583702;15464691712.000
07/24/2009;4135.03;4142.48;4042.67;4092.49;11450179;16025137152.000
07/27/2009;4095.76;4150.48;4088.65;4150.48;11701904;17593057280.000
07/28/2009;4158.98;4180.38;4130.70;4169.80;15463326;20584335360.000
07/29/2009;4167.53;4177.45;3925.74;3963.24;17115386;22115756032.000
07/30/2009;3989.69;4011.89;3897.94;3976.88;12113257;15421731840.000
07/31/2009;4003.44;4061.80;3975.80;4061.80;11508732;15011854336.000
08/03/2009;4093.84;4123.03;4071.85;4123.03;14029222;19971061760.000
08/04/2009;4132.05;4166.85;4072.21;4166.85;16848373;21780127744.000
08/05/2009;4170.06;4240.83;4147.18;4215.06;15901353;23561283584.000
08/06/2009;4183.95;4226.16;4138.58;4174.16;12928273;18586212352.000
08/07/2009;4174.26;4194.94;4050.33;4052.66;11079935;16016142336.000
08/10/2009;4097.16;4102.82;4007.71;4063.71;9099438;13167269888.000
08/11/2009;4081.97;4146.78;4068.90;4130.87;7435976;11819355136.000
08/12/2009;4123.80;4144.98;3974.38;3975.76;9836745;14226797568.000
08/13/2009;3973.07;3982.36;3922.29;3973.37;7290844;10516897792.000
08/14/2009;3979.06;3979.06;3821.04;3821.04;8434251;11548576768.000
08/17/2009;3773.60;3787.22;3599.68;3602.53;8433034;10748691456.000
08/18/2009;3578.35;3663.97;3578.35;3657.93;5821669;7626580480.000
08/19/2009;3668.49;3684.38;3506.14;3533.55;6877830;9065012224.000
08/20/2009;3518.32;3650.40;3518.32;3648.61;7152474;9558607872.000
08/21/2009;3651.57;3742.66;3651.57;3738.81;7142178;9657020416.000
08/24/2009;3750.12;3815.15;3736.95;3810.43;7559132;9353003008.000
08/25/2009;3804.39;3804.39;3700.53;3778.07;10770963;13039039488.000
08/26/2009;3754.94;3923.04;3754.94;3905.78;9518563;12567504896.000
08/27/2009;3894.88;3960.61;3877.63;3926.38;8637850;11855073280.000
08/28/2009;3915.35;3928.37;3832.92;3832.92;7798625;10361804800.000
08/31/2009;3786.04;3786.04;3589.28;3590.01;8600766;11274876928.000
09/01/2009;3572.32;3659.27;3565.08;3590.18;6058729;7958498816.000
09/02/2009;3569.70;3628.64;3569.70;3623.21;4837343;6396382720.000
09/03/2009;3622.81;3792.18;3622.81;3790.18;7244561;9563721728.000
09/04/2009;3789.18;3855.30;3789.18;3843.46;8406128;10700120064.000
09/07/2009;3865.51;3986.33;3865.51;3930.00;9642791;14441136128.000
09/08/2009;3909.89;4017.20;3900.80;4016.52;8814344;13321293824.000
09/09/2009;4027.82;4039.88;3961.91;3994.81;10108780;16095844352.000
09/10/2009;3971.71;3980.41;3928.31;3941.92;7047361;10267571200.000
09/11/2009;3933.42;4006.55;3933.42;3988.10;7522843;10543765504.000
09/14/2009;4017.92;4084.83;4009.07;4078.04;10656862;14360828928.000
09/15/2009;4085.96;4100.54;4052.93;4083.97;9584410;12935518208.000
09/16/2009;4071.00;4078.44;4007.52;4057.83;8692003;11594299392.000
09/17/2009;4090.13;4139.32;4075.86;4132.28;10145643;13780080640.000
09/18/2009;4149.15;4151.39;3991.20;4008.89;12409588;15987179520.000
09/21/2009;3980.06;4094.95;3922.32;4094.95;8543718;12183132160.000
09/22/2009;4085.97;4198.79;4085.97;4091.21;9670771;15420994560.000
09/23/2009;4073.29;4089.58;3967.97;3981.43;7690609;11328959488.000
09/24/2009;3955.82;3962.75;3851.95;3928.47;5665749;7751307776.000
09/25/2009;3922.93;3976.29;3902.85;3938.92;4489358;5910199296.000
09/28/2009;3950.52;3993.29;3858.79;3863.85;4504792;5855951872.000
09/29/2009;3865.26;3866.10;3774.38;3820.05;4271521;5514832896.000
09/30/2009;3832.01;3879.98;3832.01;3849.89;4095506;6006739456.000
10/09/2009;3917.90;4020.42;3917.90;4018.14;5586439;7964227072.000
10/12/2009;4032.25;4090.33;4020.14;4044.00;6527572;9067996160.000
10/13/2009;4039.94;4061.62;4030.62;4060.43;4835836;6735055360.000
10/14/2009;4073.25;4095.80;4033.85;4043.08;7673433;11573012480.000
10/15/2009;4059.53;4068.02;4013.38;4036.61;7071968;11006618624.000
10/16/2009;4043.28;4055.24;3987.79;4031.67;5962294;8910583808.000
10/19/2009;4032.87;4117.85;4032.87;4117.85;8001103;12781057024.000
10/20/2009;4132.84;4194.01;4124.14;4194.01;10230924;16123973632.000
10/21/2009;4203.90;4211.25;4147.06;4147.06;8665323;13369293824.000
10/22/2009;4138.68;4161.15;4112.35;4146.62;8206889;11265985536.000
10/23/2009;4148.04;4212.23;4148.04;4197.06;9765732;13611608064.000
10/26/2009;4204.30;4204.54;4150.00;4193.36;8192556;12332689408.000
10/27/2009;4166.53;4189.98;4122.95;4123.02;9030638;13039792128.000
10/28/2009;4111.62;4182.08;4098.42;4182.08;7816085;9920310272.000
10/29/2009;4130.47;4185.57;4107.39;4135.28;8854916;11504380928.000
10/30/2009;4186.98;4233.27;4160.96;4187.78;8818407;12464339968.000
11/02/2009;4115.83;4325.36;4100.54;4324.19;11528996;15272723456.000
11/03/2009;4327.32;4397.52;4315.32;4369.15;11423128;15229821952.000
11/04/2009;4371.09;4418.17;4357.86;4391.14;10178212;14622315520.000
11/05/2009;4397.83;4411.79;4354.12;4411.79;9123893;13143430144.000
11/06/2009;4428.92;4451.24;4407.52;4417.51;10144028;14516470784.000
11/09/2009;4425.60;4431.07;4388.08;4428.32;8186459;11695149056.000
11/10/2009;4442.54;4493.07;4433.01;4472.26;8973541;13988018176.000
11/11/2009;4483.11;4511.32;4454.66;4497.69;8170061;12983772160.000
11/12/2009;4507.35;4621.88;4507.35;4571.86;12527525;18883166208.000
11/13/2009;4565.31;4650.57;4544.58;4650.57;12317743;18714949632.000
11/16/2009;4680.29;4788.51;4680.29;4750.52;14256067;22183817216.000
11/17/2009;4759.00;4759.00;4694.69;4738.96;9747439;14631753728.000
11/18/2009;4749.18;4763.57;4698.44;4732.39;12988449;15535695872.000
11/19/2009;4734.98;4757.87;4697.13;4745.03;13814716;17598902272.000
11/20/2009;4726.52;4765.72;4704.63;4746.73;11508109;15956770816.000
11/23/2009;4747.69;4872.79;4742.49;4872.52;13487435;19350267904.000
11/24/2009;4890.38;4916.04;4652.04;4669.11;17497978;24584239104.000
11/25/2009;4653.88;4833.35;4652.86;4832.41;12843884;19481466880.000
11/26/2009;4843.69;4848.23;4582.39;4603.51;14257782;20867710976.000
11/27/2009;4547.34;4631.49;4483.05;4513.51;10231589;15259984896.000
11/30/2009;4556.09;4772.81;4556.09;4771.94;11685635;18011744256.000
12/01/2009;4769.92;4882.78;4754.54;4862.66;12958267;19345573888.000
12/02/2009;4877.13;4894.04;4843.91;4879.89;10324012;15550353408.000
12/03/2009;4879.23;4879.23;4815.91;4869.10;11464124;16150724608.000
12/04/2009;4858.41;4880.33;4690.00;4796.65;12840039;18481707008.000
12/07/2009;4847.56;4871.51;4815.68;4867.05;9536311;14993451008.000
12/08/2009;4872.04;4887.89;4797.79;4844.19;8701340;13290158080.000
12/09/2009;4809.52;4853.61;4783.21;4814.48;8365588;12827424768.000
12/10/2009;4842.43;4890.15;4828.10;4863.60;8485388;12638926848.000
12/11/2009;4875.39;4916.98;4850.92;4870.36;7628882;11131735040.000
12/14/2009;4871.15;4873.87;4780.19;4865.48;7280960;10805084160.000
12/15/2009;4856.72;4902.29;4832.25;4860.38;6238745;10291016704.000
12/16/2009;4846.31;4871.10;4796.69;4807.84;6349564;10062282752.000
12/17/2009;4806.76;4821.25;4664.83;4674.07;6757977;10475997184.000
12/18/2009;4638.08;4639.75;4538.28;4540.66;6273588;9748531200.000
12/21/2009;4543.80;4616.56;4543.80;4616.30;4677576;7726042624.000
12/22/2009;4627.76;4639.15;4513.63;4530.80;5214391;8043322880.000
12/23/2009;4520.70;4629.79;4520.70;4628.24;4970026;8398105088.000
12/24/2009;4641.13;4796.82;4634.78;4781.15;6975457;12435333120.000
12/25/2009;4783.04;4808.13;4755.49;4787.61;5365939;9561335808.000
12/28/2009;4800.87;4865.03;4800.87;4863.23;7583484;11321871360.000
12/29/2009;4869.19;4888.83;4806.31;4887.88;7973006;12498510848.000
12/30/2009;4883.49;4883.49;4810.97;4864.40;8020751;13902281728.000
12/31/2009;4868.52;4910.40;4843.62;4909.50;8600662;13797414912.000
01/04/2010;4939.75;4947.37;4886.96;4888.17;9023040;15154438144.000
01/05/2010;4887.52;4897.74;4814.42;4847.67;9555452;15454495744.000
01/06/2010;4847.69;4848.28;4777.13;4785.94;10454487;17513582592.000
01/07/2010;4776.57;4777.79;4614.49;4651.62;11075310;19241107456.000
01/08/2010;4631.19;4679.32;4582.51;4678.74;8419641;14566795264.000
01/11/2010;4717.43;4742.21;4611.41;4630.26;9915199;16536895488.000
01/12/2010;4629.13;4746.39;4612.28;4746.20;10338456;16756982784.000
01/13/2010;4651.71;4775.34;4631.30;4705.87;12066370;19788627968.000
01/14/2010;4721.57;4860.46;4721.51;4853.13;13020443;20805918720.000
01/15/2010;4865.44;4893.58;4844.21;4869.97;10413922;16646704128.000
01/18/2010;4878.20;4948.61;4866.93;4944.06;10804369;17591257088.000
01/19/2010;4954.20;4956.44;4892.98;4911.05;8847406;14586399744.000
01/20/2010;4909.29;4910.01;4726.27;4742.63;10884157;17091449856.000
01/21/2010;4737.93;4767.21;4693.96;4755.69;7879999;12577572864.000
01/22/2010;4704.26;4725.91;4576.69;4646.87;8639740;13745366016.000
01/25/2010;4628.97;4650.66;4595.84;4597.86;6719834;10939293696.000
01/26/2010;4607.28;4629.95;4477.48;4507.02;6952012;11027140608.000
01/27/2010;4506.01;4534.07;4435.51;4466.60;6326461;9820865536.000
01/28/2010;4462.27;4542.49;4444.94;4539.86;4590257;8147464704.000
01/29/2010;4529.64;4623.95;4509.07;4559.98;6092752;9727351808.000
02/01/2010;4563.96;4570.80;4481.43;4534.73;6985188;10854381568.000
02/02/2010;4543.49;4576.51;4489.81;4492.65;6312964;9375866880.000
02/03/2010;4498.51;4538.60;4389.75;4538.56;6938260;10723650560.000
02/04/2010;4526.41;4585.70;4496.35;4549.81;6896832;10236792832.000
02/05/2010;4468.50;4508.31;4441.23;4475.98;5887009;8559548416.000
02/08/2010;4473.20;4507.33;4469.34;4487.50;4425292;6592095232.000
02/09/2010;4487.32;4509.08;4455.00;4478.25;4092847;5804830720.000
02/10/2010;4508.66;4532.06;4495.43;4531.87;3753865;5622858752.000
02/11/2010;4534.94;4586.23;4525.02;4557.83;4005169;6362488320.000
02/12/2010;4571.21;4615.36;4563.31;4607.55;4094300;6026400256.000
02/22/2010;4602.37;4606.07;4561.91;4562.50;4688844;6796427264.000
02/23/2010;4555.78;4571.16;4486.72;4570.62;5827683;8716604416.000
02/24/2010;4552.56;4641.51;4531.34;4641.17;6041833;8873105408.000
02/25/2010;4646.36;4707.86;4645.89;4703.22;8417886;12540713984.000
02/26/2010;4701.10;4732.65;4681.96;4695.52;6705654;9935398912.000
03/01/2010;4691.21;4723.58;4683.84;4707.24;7141399;10733170688.000
03/02/2010;4717.66;4739.60;4676.08;4691.62;9395416;11773899776.000
03/03/2010;4696.33;4744.52;4667.20;4744.15;12224508;15756324864.000
03/04/2010;4749.65;4779.15;4603.06;4617.62;13321316;16884448256.000
03/05/2010;4619.47;4660.74;4599.61;4639.11;7008324;9622083584.000
03/08/2010;4651.82;4664.76;4641.80;4657.26;6861443;9884102656.000
03/09/2010;4658.59;4671.85;4630.35;4660.75;6986122;10076228608.000
03/10/2010;4658.78;4663.79;4589.80;4612.03;7907568;10592176128.000
03/11/2010;4610.70;4620.61;4550.06;4570.67;6149531;8089726976.000
03/12/2010;4572.86;4584.18;4513.58;4517.19;5062085;6953062912.000
03/15/2010;4513.87;4520.49;4431.23;4445.42;4925914;6795729920.000
03/16/2010;4455.79;4476.02;4421.52;4464.68;3960606;5367157248.000
03/17/2010;4477.66;4565.26;4471.46;4565.26;5925882;8217730560.000
03/18/2010;4577.85;4600.48;4551.05;4568.06;6674934;9348404224.000
03/19/2010;4579.38;4600.83;4556.96;4598.64;5229419;7837319168.000
03/22/2010;4607.98;4625.24;4587.15;4621.97;6599242;9060333568.000
03/23/2010;4623.28;4633.36;4590.03;4600.46;6529920;9606285312.000
