000908 300能源 日线
      日期	    开盘	    最高	    最低	    收盘	    成交量	    成交额
07/02/2007;3912.57;3993.11;3866.63;3958.04;175473231;2889192960.000
07/03/2007;3986.10;4037.51;3963.09;4026.54;1739241;3093882368.000
07/04/2007;4038.32;4108.89;3960.42;3986.77;1558670;2871435264.000
07/05/2007;3926.12;3942.71;3798.76;3803.90;2080914;3302573824.000
07/06/2007;3787.01;3989.52;3720.36;3971.38;2236566;3659162880.000
07/09/2007;3993.13;4154.87;3977.84;4136.04;2762755;5250100224.000
07/10/2007;4124.88;4170.26;4040.62;4052.27;2127113;4267047424.000
07/11/2007;4024.95;4103.63;4003.34;4092.83;1815223;3339269376.000
07/12/2007;4098.31;4131.45;4058.84;4121.28;2534486;3996889600.000
07/13/2007;4116.24;4141.59;4058.65;4108.18;1680347;2757948416.000
07/16/2007;4112.86;4127.44;3994.99;3999.45;1494285;2469751040.000
07/17/2007;3977.00;4096.99;3940.75;4067.55;1262772;2193139456.000
07/18/2007;4069.41;4096.19;4006.12;4045.22;1617171;2672889856.000
07/19/2007;4034.59;4044.85;3973.93;4001.44;1394707;2380233984.000
07/20/2007;4004.88;4109.41;4002.22;4108.44;2026886;3527551488.000
07/23/2007;4129.28;4341.31;4129.28;4339.85;3460275;6165939200.000
07/24/2007;4371.96;4389.12;4314.36;4316.77;2791761;5011170816.000
07/25/2007;4314.69;4507.16;4313.99;4496.13;3270794;6663126528.000
07/26/2007;4536.99;4570.86;4476.26;4520.92;2882587;5510087168.000
07/27/2007;4490.52;4674.80;4433.12;4636.59;3128241;6243004928.000
07/30/2007;4634.17;4880.73;4631.46;4871.08;3767324;7448056832.000
07/31/2007;4875.49;4978.91;4802.51;4868.09;2966257;6410885632.000
08/01/2007;4876.61;4894.96;4652.43;4684.53;3366865;6738112512.000
08/02/2007;4705.25;4877.19;4705.25;4869.21;2811547;5701884416.000
08/03/2007;4930.22;5018.83;4930.22;5014.25;4231911;8211982848.000
08/06/2007;5052.89;5079.74;4935.86;5016.87;2989866;6124060160.000
08/07/2007;5026.27;5226.02;4966.66;5140.27;4883456;9933404160.000
08/08/2007;5080.92;5080.92;4910.26;5024.68;2781262;6107165184.000
08/09/2007;4989.23;5071.07;4989.23;5048.43;2563215;5378258432.000
08/10/2007;5042.03;5055.67;4900.98;4981.35;1237106;3101407232.000
08/13/2007;4982.61;5012.04;4853.12;4938.52;4179849;7808061952.000
08/14/2007;4948.32;5103.89;4945.73;5056.63;3005514;6037422592.000
08/15/2007;5074.99;5088.86;4921.99;5019.45;2544115;5006024704.000
08/16/2007;4988.97;4988.97;4864.68;4936.00;2550991;4937641472.000
08/17/2007;4919.24;4976.44;4810.71;4832.58;2427505;4813452800.000
08/20/2007;4939.56;5112.17;4932.56;5109.99;2766000;5879060480.000
08/21/2007;5137.42;5149.17;5042.51;5083.54;2941706;6026689536.000
08/22/2007;5005.86;5136.93;4981.69;5115.03;2435647;5083443200.000
08/23/2007;5126.41;5266.33;5100.44;5264.87;2823181;6242811392.000
08/24/2007;5317.39;5471.88;5315.95;5387.06;3361210;7576373248.000
08/27/2007;5416.44;5481.79;5392.26;5424.08;3370401;7323497472.000
08/28/2007;5396.28;5557.79;5322.00;5465.59;3405829;7331448832.000
08/29/2007;5409.69;5481.31;5342.04;5375.00;2856586;6513503232.000
08/30/2007;5381.26;5458.19;5330.77;5417.06;2116706;4749091328.000
08/31/2007;5431.19;5629.11;5417.29;5625.35;2574034;6042930176.000
09/03/2007;5702.74;6010.61;5702.74;6005.38;3717747;9728937984.000
09/04/2007;6030.51;6093.43;5931.08;5983.14;4194298;9542988800.000
09/05/2007;5962.42;6224.14;5941.40;6151.52;3623649;8437095936.000
09/06/2007;6173.30;6277.62;6117.75;6219.07;2751156;6355766272.000
09/07/2007;6210.20;6211.62;6065.57;6093.22;3247620;7599288832.000
09/10/2007;6010.80;6068.85;5904.36;6059.21;2308266;5169114624.000
09/11/2007;6077.98;6284.13;5767.81;5789.24;2806126;6749514752.000
09/12/2007;5786.67;6004.54;5778.69;6003.84;2883131;6789826048.000
09/13/2007;6068.17;6402.26;6068.17;6401.08;2669067;7226609664.000
09/14/2007;6499.05;6559.77;6413.59;6501.17;2881450;7748366848.000
09/17/2007;6493.70;6638.99;6468.82;6613.00;2747298;7039534592.000
09/18/2007;6636.23;6680.78;6494.12;6591.10;2397782;6064393728.000
09/19/2007;6600.19;6960.89;6573.44;6876.96;4555467;10834376704.000
09/20/2007;6853.95;7040.22;6808.79;6982.91;2887015;7693217280.000
09/21/2007;6990.14;7216.04;6959.62;7164.97;3616394;9172195328.000
09/24/2007;7225.64;7406.12;7225.64;7271.33;3398446;9272498176.000
09/25/2007;7250.21;7250.21;6878.55;6916.19;2244175;6774074880.000
09/26/2007;6842.57;6976.20;6660.55;6703.15;1829343;4999562752.000
09/27/2007;6695.38;6927.63;6695.38;6926.74;1435082;4281401600.000
09/28/2007;7017.88;7254.29;7017.88;7193.46;2262760;6348939264.000
10/08/2007;7353.36;7374.22;7039.81;7184.98;2368509;6737454080.000
10/09/2007;7168.05;7168.05;6907.36;6963.03;2214800;6515757056.000
10/10/2007;6982.52;7224.71;6936.19;6984.41;2629691;7957449216.000
10/11/2007;7008.68;7190.00;6885.63;7178.47;3558277;10028932096.000
10/12/2007;7266.94;7347.59;6931.29;7293.93;5973492;15857211392.000
10/15/2007;7315.87;7594.55;7282.29;7511.78;4521459;13076333568.000
10/16/2007;7522.44;7699.97;7403.45;7630.04;4072157;13066585088.000
10/17/2007;7624.68;7813.90;7422.95;7740.52;3602218;10685187072.000
10/18/2007;7704.82;7759.18;7354.91;7359.63;3206271;9250355200.000
10/19/2007;7459.48;7546.46;7164.03;7323.69;2105976;6032049664.000
10/22/2007;7174.76;7225.23;6914.55;6932.20;1986702;5724854784.000
10/23/2007;6889.66;6987.28;6621.06;6915.35;3071830;11660613632.000
10/24/2007;6973.33;7339.53;6928.47;7269.33;3712080;13550057472.000
10/25/2007;7201.02;7201.02;6775.94;6814.86;3768727;12635707392.000
10/26/2007;6684.93;7029.21;6595.85;6934.82;2491118;8151578624.000
10/29/2007;6972.65;7100.82;6876.23;7058.14;2314824;8444517888.000
10/30/2007;7107.21;7388.66;7028.80;7365.85;2853538;10413060096.000
10/31/2007;7515.53;7562.63;7255.44;7314.68;3330684;11365099520.000
11/01/2007;7524.06;7711.52;7524.06;7568.77;4195945;13838277632.000
11/02/2007;7410.99;7637.01;7310.39;7514.51;3808100;12963178496.000
11/05/2007;7536.23;7570.58;6976.92;7027.23;3919753;12722603008.000
11/06/2007;6855.31;6939.83;6624.37;6678.45;2643824;8187189248.000
11/07/2007;6687.63;6900.06;6677.98;6857.60;1947632;6366092288.000
11/08/2007;6816.25;6816.25;6478.06;6484.89;1978052;6319696384.000
11/09/2007;6376.11;6624.02;6203.69;6516.29;2591149;7629193728.000
11/12/2007;6232.86;6355.54;5972.77;6134.53;2273796;7567399424.000
11/13/2007;6200.75;6418.78;6057.00;6173.88;2564507;7671655936.000
11/14/2007;6286.81;6559.78;6126.08;6508.37;2851429;10035613696.000
11/16/2007;6232.04;6443.51;6176.54;6384.76;1462884;4515545600.000
11/19/2007;6404.69;6418.89;6262.73;6311.73;1835508;6108042240.000
11/20/2007;6272.62;6390.88;6136.30;6329.88;2104881;6788978176.000
11/21/2007;6359.82;6468.98;6257.19;6278.21;2098909;7431587840.000
11/22/2007;6127.18;6288.58;6033.02;6052.27;2183565;7142002688.000
11/23/2007;6009.82;6137.95;5940.25;6129.57;1725049;5821872128.000
11/26/2007;6215.58;6254.72;6043.41;6049.39;2012212;6693440000.000
11/27/2007;5981.30;6012.02;5877.95;5884.14;2125421;6500816384.000
11/28/2007;5889.24;5963.33;5776.52;5804.70;2336947;7607389184.000
11/29/2007;5894.11;6121.76;5846.96;6119.22;3207009;10223433728.000
11/30/2007;6103.71;6103.71;5933.80;5939.68;2668699;8717295616.000
12/03/2007;5907.75;5935.45;5812.52;5863.16;1844359;6074426368.000
12/04/2007;5888.82;6018.94;5888.68;5925.79;1702763;5105920512.000
12/05/2007;5923.81;6113.59;5884.43;6089.88;2134827;7103056384.000
12/06/2007;6112.21;6172.57;6037.83;6115.70;1587840;5463203840.000
12/07/2007;6119.33;6228.35;6080.09;6208.27;1589127;5243762176.000
12/10/2007;6108.96;6359.00;6067.88;6330.74;2338979;8037604352.000
12/11/2007;6357.73;6462.36;6261.50;6357.32;2107220;7058586624.000
12/12/2007;6311.81;6389.00;6230.11;6309.90;1742137;5699257856.000
12/13/2007;6291.75;6296.68;6032.94;6044.37;1879812;6243791360.000
12/14/2007;5970.35;6055.58;5879.26;6052.38;1737204;5793260544.000
12/17/2007;6056.14;6070.49;5880.30;5912.86;2014684;6565682688.000
12/18/2007;5899.59;5971.70;5819.06;5845.11;1685663;5254062592.000
12/19/2007;5886.04;6009.63;5886.04;5971.15;1367302;4271764736.000
12/20/2007;5996.45;6244.35;5935.72;6213.84;2196492;6642334208.000
12/21/2007;6197.95;6279.45;6175.80;6255.52;2171571;6536985600.000
12/24/2007;6276.38;6560.31;6261.25;6433.85;3753111;12201629696.000
12/25/2007;6432.48;6482.23;6358.82;6375.98;1835930;5985408000.000
12/26/2007;6386.30;6485.18;6321.21;6435.70;1881400;6268000768.000
12/27/2007;6462.25;6559.95;6372.12;6535.27;2882487;9678969856.000
12/28/2007;6567.67;6607.81;6423.77;6431.81;2489907;8498859520.000
01/02/2008;6439.56;6465.06;6318.23;6367.33;2609003;8284030464.000
01/03/2008;6386.28;6482.71;6258.76;6474.49;3812649;12193213440.000
01/04/2008;6488.49;6582.49;6459.79;6513.98;3716262;12407845888.000
01/07/2008;6515.48;6635.77;6486.06;6612.89;3605611;13835814912.000
01/08/2008;6675.53;6773.93;6558.00;6624.55;4310836;16048391168.000
01/09/2008;6576.24;6745.07;6529.28;6732.58;3214360;12986517504.000
01/10/2008;6742.86;6846.86;6650.17;6791.65;4697165;17035411456.000
01/11/2008;6796.00;6821.19;6686.44;6734.08;3157062;11401418752.000
01/14/2008;6748.68;6788.80;6661.61;6706.43;2568237;9364397056.000
01/15/2008;6704.52;6713.70;6585.19;6627.92;3345760;12523014144.000
01/16/2008;6590.90;6593.21;6466.42;6488.18;2383841;10169156608.000
01/17/2008;6345.04;6482.54;6101.80;6281.19;4046421;13131294720.000
01/18/2008;6249.10;6376.12;6164.57;6334.63;3381561;11182260224.000
01/21/2008;6339.29;6356.57;6005.13;6051.49;2898991;9571632128.000
01/22/2008;5917.05;5917.05;5498.27;5560.28;4103342;12505384960.000
01/23/2008;5540.19;5777.28;5538.02;5764.08;3127175;9558720512.000
01/24/2008;5835.62;5962.23;5805.04;5875.04;3214416;10844693504.000
01/25/2008;5890.42;5978.33;5850.70;5888.68;2799124;9647740928.000
01/28/2008;5855.08;5866.25;5532.56;5593.98;2553599;7937658880.000
01/29/2008;5617.13;5753.58;5544.45;5614.46;1895170;5785947136.000
01/30/2008;5694.82;5710.37;5366.02;5461.89;2658593;9311027200.000
01/31/2008;5438.39;5478.19;5296.76;5318.29;3398455;9658931200.000
02/01/2008;5300.17;5366.67;5131.71;5279.54;2831174;7137832448.000
02/04/2008;5393.16;5724.76;5393.16;5720.60;3574653;9344855040.000
02/05/2008;5682.81;5709.03;5521.69;5573.30;5193204;13654712320.000
02/13/2008;5494.18;5494.18;5386.44;5447.94;2191988;5456845312.000
02/14/2008;5480.18;5562.05;5454.20;5518.55;1710242;4292159488.000
02/15/2008;5479.19;5491.25;5354.03;5403.45;1922229;4996800512.000
02/18/2008;5470.51;5503.49;5432.62;5463.68;1763250;4918029312.000
02/19/2008;5476.32;5630.25;5454.08;5627.48;3083744;8108402176.000
02/20/2008;5662.80;5723.42;5550.76;5551.35;1970443;6099697664.000
02/21/2008;5508.57;5629.18;5441.79;5556.51;2313729;6070585344.000
02/22/2008;5514.15;5514.15;5275.57;5317.38;2702024;7123438592.000
02/25/2008;5324.40;5359.59;4973.78;4983.23;2286711;6269087232.000
02/26/2008;5079.38;5112.35;4783.14;4939.97;2046756;5743436288.000
02/27/2008;4986.09;5092.09;4929.85;5054.61;1609180;4434237440.000
02/28/2008;5069.04;5084.17;4977.73;5024.82;1368163;3813561088.000
02/29/2008;5009.66;5092.51;4975.31;5047.91;1268741;3698788864.000
03/03/2008;5019.35;5179.17;4936.15;5160.69;2361741;6465029632.000
03/04/2008;5192.33;5245.49;5032.45;5060.06;2126030;5851975680.000
03/05/2008;5039.73;5066.01;4882.22;4958.49;2458733;5866036736.000
03/06/2008;4965.33;5137.81;4911.05;5024.19;2362542;6456907776.000
03/07/2008;4983.85;5056.01;4942.33;4995.85;1838390;4938566144.000
03/10/2008;4950.80;4950.80;4813.22;4831.29;2059070;5106919936.000
03/11/2008;4809.96;4959.99;4775.51;4957.39;1895775;5393426944.000
03/12/2008;5069.38;5102.00;4924.38;4931.60;2226998;7030113792.000
03/13/2008;4899.74;5094.81;4873.11;4981.67;3180921;9133217792.000
03/14/2008;4967.41;5010.25;4846.35;4954.29;2501734;6469031424.000
03/17/2008;4929.86;4934.64;4739.10;4760.44;2459117;6069170176.000
03/18/2008;4704.82;4791.63;4476.73;4560.74;3258139;7531011584.000
03/19/2008;4662.19;4730.58;4553.28;4650.56;2901747;7022211584.000
03/20/2008;4585.55;4684.61;4249.19;4606.22;3369218;7879053824.000
03/21/2008;4581.24;4639.81;4507.42;4555.05;2679764;6491392512.000
03/24/2008;4594.69;4610.13;4345.03;4348.65;2747772;6302524416.000
03/25/2008;4257.81;4327.49;4180.91;4269.48;2187298;4671047680.000
03/26/2008;4303.69;4392.84;4253.92;4279.49;1809606;4202977024.000
03/27/2008;4208.35;4208.35;4001.31;4006.80;2799490;5872410112.000
03/28/2008;3932.98;4201.20;3914.70;4194.14;2925803;6177813504.000
03/31/2008;4059.93;4170.61;4032.53;4070.48;2252769;4457640448.000
04/01/2008;4055.24;4139.55;3944.08;3979.01;2260860;5160992256.000
04/02/2008;4012.71;4099.92;3895.93;3958.12;2583782;5123593216.000
04/03/2008;3939.40;4108.56;3852.90;4083.17;2049785;4047308032.000
04/07/2008;4052.89;4291.36;4007.87;4260.37;2551446;5249680384.000
04/08/2008;4286.86;4395.24;4263.29;4295.76;2507090;5650883584.000
04/09/2008;4277.73;4310.91;4091.26;4100.73;2299442;4631490560.000
04/10/2008;4047.92;4258.90;4025.08;4220.30;2164252;4812931072.000
04/11/2008;4245.31;4281.31;4186.39;4243.25;1703406;3587180032.000
04/14/2008;4152.77;4224.93;4043.72;4065.08;2055011;4097541632.000
04/15/2008;4051.31;4140.24;3981.06;4139.89;1421553;2978219008.000
04/16/2008;4159.13;4291.00;4144.03;4195.98;1719154;4381412352.000
04/17/2008;4185.78;4263.63;4014.26;4060.51;1939051;4104739840.000
04/18/2008;4032.26;4050.00;3873.85;3902.96;1771315;3590929664.000
04/21/2008;4180.82;4190.26;3896.18;3937.38;2272950;4753239552.000
04/22/2008;3896.87;3965.82;3794.81;3964.30;1921679;4103914496.000
04/23/2008;3956.62;4195.90;3917.58;4169.13;2857698;5714398208.000
04/24/2008;4515.56;4567.33;4383.18;4560.69;6066810;14357963776.000
04/25/2008;4552.27;4648.86;4457.61;4502.66;4436419;10434861056.000
04/28/2008;4440.97;4484.67;4387.02;4399.75;2695916;5869327360.000
04/29/2008;4379.35;4533.26;4372.92;4487.07;2350762;6034068480.000
04/30/2008;4500.68;4652.12;4488.80;4641.46;4735809;10502612992.000
05/05/2008;4711.65;4747.40;4658.24;4733.34;4642669;10635533312.000
05/06/2008;4714.84;4860.71;4660.17;4758.43;4248208;10713903104.000
05/07/2008;4747.65;4878.23;4642.74;4646.30;3664469;9467020288.000
05/08/2008;4597.30;4926.17;4579.75;4924.01;3722345;10968322048.000
05/09/2008;4962.45;5018.12;4822.02;4911.04;3632989;11126895616.000
05/12/2008;4836.06;4978.03;4796.72;4823.79;2917166;9028783104.000
05/13/2008;4706.20;4869.12;4678.41;4779.28;2607786;7211984896.000
05/14/2008;4771.36;4956.34;4770.52;4925.49;2532878;7021626880.000
05/15/2008;4941.47;4985.26;4888.53;4891.03;1928350;5243197440.000
05/16/2008;4891.94;4908.08;4807.32;4852.11;1681929;4188228096.000
05/19/2008;4852.96;4971.14;4816.73;4966.69;1839243;5430533120.000
05/20/2008;4971.38;4982.34;4732.15;4737.40;2160745;5857658368.000
05/21/2008;4694.98;4975.31;4660.18;4970.88;3593573;8202430464.000
05/22/2008;4919.11;5143.23;4894.35;5016.81;4544672;11680705536.000
05/23/2008;4991.02;5090.50;4964.56;5001.05;3448830;7724528640.000
05/26/2008;4990.36;4990.36;4758.14;4764.87;1559993;4901856256.000
05/27/2008;4742.47;4793.04;4619.12;4681.22;2294970;5452638208.000
05/28/2008;4687.97;4816.62;4627.79;4775.19;2208593;4890090496.000
05/29/2008;4754.04;4876.92;4732.13;4735.53;3889151;7353858560.000
05/30/2008;4749.40;4780.93;4620.14;4665.79;3564546;7694807040.000
06/02/2008;4662.66;4740.04;4643.42;4693.27;2505861;4798679040.000
06/03/2008;4705.55;4755.30;4670.03;4725.44;1820826;3967081216.000
06/04/2008;4715.99;4715.99;4549.35;4582.97;1792087;4027156992.000
06/05/2008;4535.49;4535.49;4401.85;4413.93;2679450;5936491520.000
06/06/2008;4443.40;4465.40;4362.83;4394.02;1810608;3705982720.000
06/10/2008;4263.58;4384.25;4105.84;4196.65;2837331;5798512128.000
06/11/2008;4173.63;4236.23;4138.48;4198.84;2183162;4525153280.000
06/12/2008;4206.05;4245.41;4040.47;4111.78;2362301;4793656320.000
06/13/2008;4115.53;4146.12;3985.31;3991.37;1686830;3256197888.000
06/16/2008;4000.22;4033.49;3854.06;3914.61;1982103;3624506368.000
06/17/2008;3907.39;3957.96;3769.18;3838.50;1922356;3504188672.000
06/18/2008;3819.42;4103.47;3762.34;4097.71;3309526;5871164928.000
06/19/2008;4084.18;4167.08;3901.01;3931.08;3236369;6218829312.000
06/20/2008;4040.80;4134.44;3748.36;3941.52;7053397;11854131200.000
06/23/2008;3855.17;3936.78;3759.34;3783.30;2775171;4443310080.000
06/24/2008;3763.14;3863.18;3726.61;3842.05;2775686;4381684736.000
06/25/2008;3832.15;3995.84;3815.40;3990.07;2564777;4479613440.000
06/26/2008;3987.51;4072.32;3951.53;4030.30;2597040;4573857792.000
06/27/2008;3920.08;3986.79;3853.89;3881.07;2763268;4948026368.000
06/30/2008;3843.61;3905.22;3777.23;3844.86;1637703;2764570112.000
07/01/2008;3864.34;3881.22;3763.06;3770.48;1642922;2763590400.000
07/02/2008;3783.88;3820.04;3718.02;3735.68;1800654;3369878528.000
07/03/2008;3683.33;3832.03;3572.48;3735.76;3658187;7276047872.000
07/04/2008;3692.27;3709.25;3467.01;3513.18;3381883;7076719104.000
07/07/2008;3513.71;3645.89;3513.71;3623.77;3152950;6013269504.000
07/08/2008;3676.54;3800.02;3667.38;3731.52;4113347;8091784192.000
07/09/2008;3758.35;3851.15;3688.14;3851.15;4715569;8904536064.000
07/10/2008;3788.23;3921.52;3761.32;3813.11;3876315;7558906880.000
07/11/2008;3800.54;3855.61;3786.36;3825.62;2316509;4615642624.000
07/14/2008;3819.40;3876.33;3803.14;3840.18;1909705;4103758336.000
07/15/2008;3858.13;3876.81;3674.89;3706.27;2157387;3995186688.000
07/16/2008;3668.64;3682.57;3543.21;3623.96;2454311;4245500416.000
07/17/2008;3662.24;3694.89;3549.74;3557.15;1936366;3363356928.000
07/18/2008;3576.13;3614.38;3431.17;3606.99;3570324;6002576896.000
07/21/2008;3558.01;3715.14;3531.21;3711.48;3339899;5728969728.000
07/22/2008;3698.06;3713.44;3663.93;3687.95;2162386;3761535232.000
07/23/2008;3705.14;3715.13;3606.60;3612.58;2417412;4415724032.000
07/24/2008;3637.35;3674.47;3597.53;3666.39;2931303;5489062400.000
07/25/2008;3628.05;3628.05;3556.39;3574.99;2070216;3885756416.000
07/28/2008;3592.03;3651.49;3592.03;3648.95;2311598;4077451264.000
07/29/2008;3623.22;3684.76;3606.22;3682.98;2882732;5437486592.000
07/30/2008;3698.98;3706.08;3611.33;3617.89;2267657;4101989376.000
07/31/2008;3644.52;3646.37;3525.34;3526.59;1698154;3032982528.000
08/01/2008;3485.88;3505.22;3389.95;3456.87;2340515;4447033856.000
08/04/2008;3448.68;3448.68;3377.57;3380.56;1269444;2274614784.000
08/05/2008;3375.14;3388.73;3209.91;3216.27;2257300;4169061120.000
08/06/2008;3234.06;3256.57;3164.02;3220.98;1951048;3395376384.000
08/07/2008;3217.81;3240.94;3193.31;3227.38;1675225;2626251520.000
08/08/2008;3228.20;3272.14;3118.70;3129.40;2096613;3364881920.000
08/11/2008;3114.45;3128.72;2953.39;2976.36;2150570;3254015744.000
08/12/2008;2948.69;3036.16;2934.05;3009.42;1673018;2608050176.000
08/13/2008;2988.99;3064.32;2940.11;3052.17;1814511;2744972032.000
08/14/2008;3033.78;3087.44;3014.27;3045.13;1355200;2152613888.000
08/15/2008;3036.36;3074.26;2997.54;3042.80;1026465;1566056448.000
08/18/2008;3031.22;3031.22;2844.01;2844.01;1571504;2356988160.000
08/19/2008;2807.23;2871.51;2784.09;2844.54;1230715;1727560064.000
08/20/2008;2839.03;3074.08;2818.50;3070.04;2479944;3753926656.000
08/21/2008;3014.25;3054.56;2918.64;2920.58;1728334;2531053568.000
08/22/2008;2901.92;2939.05;2853.35;2902.38;1225348;1738311424.000
08/25/2008;2900.00;2930.05;2851.82;2895.65;1006302;1464719872.000
08/26/2008;2873.67;2873.67;2782.10;2799.26;1115531;1555412480.000
08/27/2008;2786.71;2812.73;2715.44;2754.44;1184211;1548011136.000
08/28/2008;2741.26;2790.86;2726.84;2768.29;1636406;2227145472.000
08/29/2008;2774.30;2864.82;2765.57;2829.44;1676214;2375147520.000
09/01/2008;2814.50;2814.50;2740.38;2752.08;1047421;1519048448.000
09/02/2008;2730.25;2746.74;2693.29;2703.88;1005702;1351211904.000
09/03/2008;2683.53;2700.54;2568.32;2594.97;1660035;2377945088.000
09/04/2008;2576.09;2617.49;2552.36;2587.71;1257145;1737643264.000
09/05/2008;2513.59;2541.09;2483.73;2498.16;1385327;1816318720.000
09/08/2008;2504.20;2515.19;2420.79;2431.26;1466378;1733651072.000
09/09/2008;2434.47;2448.57;2377.87;2414.43;1297298;1505573504.000
09/10/2008;2389.25;2434.13;2342.27;2393.54;1334399;1601695616.000
09/11/2008;2391.06;2401.56;2282.91;2291.70;1231508;1526491008.000
09/12/2008;2278.15;2324.54;2269.64;2299.24;1112762;1271070464.000
09/16/2008;2268.22;2270.09;2158.04;2164.92;1893051;2011242496.000
09/17/2008;2164.44;2213.35;2142.82;2159.64;1792295;1909258240.000
09/18/2008;2108.15;2192.29;2047.30;2160.05;2623307;2738512128.000
09/19/2008;2362.64;2369.25;2323.68;2369.25;2153566;2575498496.000
09/22/2008;2584.37;2602.23;2501.03;2593.78;7490631;9366990848.000
09/23/2008;2600.16;2720.22;2562.06;2617.18;7059040;9756272640.000
09/24/2008;2544.35;2646.57;2478.48;2645.81;3610780;4597203968.000
09/25/2008;2638.88;2836.35;2632.38;2767.75;6131886;8387454464.000
09/26/2008;2782.94;2786.68;2687.93;2741.11;3473832;4702353920.000
10/06/2008;2670.92;2670.92;2503.67;2508.39;3464849;4548471808.000
10/07/2008;2377.37;2459.72;2326.83;2417.08;3482579;4241971968.000
10/08/2008;2355.60;2381.82;2314.09;2354.56;2357935;2773284352.000
10/09/2008;2388.74;2395.41;2275.48;2300.15;2486263;2836691456.000
10/10/2008;2199.86;2207.71;2149.38;2176.42;2974399;3097948928.000
10/13/2008;2132.67;2203.94;2048.51;2201.42;3452899;3599964928.000
10/14/2008;2282.99;2301.65;2154.66;2158.63;4030641;4401761792.000
10/15/2008;2121.62;2121.62;2058.66;2086.14;2955978;2982772992.000
10/16/2008;1971.65;1997.40;1927.53;1936.63;3771104;3781407744.000
10/17/2008;1950.92;1977.00;1932.43;1975.93;2366956;2302798336.000
10/20/2008;1979.66;2058.88;1943.02;2055.11;2777682;2732275968.000
10/21/2008;2067.24;2133.70;2056.50;2086.28;3242693;3394163200.000
10/22/2008;2043.37;2086.13;2006.51;2006.91;2493848;2519770112.000
10/23/2008;1936.69;2022.10;1928.16;2018.03;2408461;2388886784.000
10/24/2008;2013.46;2051.54;1956.97;1971.60;2542969;2632285696.000
10/27/2008;1926.92;1926.92;1791.25;1793.51;2642250;2388766720.000
10/28/2008;1749.20;1864.80;1724.13;1838.02;2875607;2580319488.000
10/29/2008;1861.87;1877.18;1783.19;1784.40;2643314;2443091968.000
10/30/2008;1805.37;1879.48;1786.21;1859.53;3696867;3368089600.000
10/31/2008;1848.14;1867.50;1829.72;1840.15;2052447;1848125184.000
11/03/2008;1827.46;1869.09;1812.24;1837.91;1675477;1474368896.000
11/04/2008;1823.54;1823.98;1763.86;1785.11;1938789;1674876928.000
11/05/2008;1813.28;1883.29;1813.28;1850.64;2808826;2459095552.000
11/06/2008;1800.49;1800.49;1770.16;1782.78;1817129;1535367808.000
11/07/2008;1745.23;1818.81;1734.09;1803.65;1874841;1608828672.000
11/10/2008;1839.17;1965.92;1839.17;1965.00;3944577;3649470208.000
11/11/2008;1966.53;1996.71;1942.32;1946.68;3723685;3528978944.000
11/12/2008;1912.67;1954.07;1902.33;1951.43;2893341;2626692352.000
11/13/2008;1924.45;2070.91;1906.90;2054.46;5888193;5819314688.000
11/14/2008;2070.39;2133.60;2039.77;2123.13;6455050;6784606208.000
11/17/2008;2108.97;2152.47;2082.82;2151.80;5105984;5163324416.000
11/18/2008;2141.22;2161.24;1978.31;1982.33;5477798;5398274048.000
11/19/2008;1969.13;2123.98;1967.60;2118.83;6041908;5799025152.000
11/20/2008;2076.53;2123.65;2035.67;2070.14;5003925;4875741184.000
11/21/2008;2016.05;2082.90;1956.70;2026.56;4388295;4305671168.000
11/24/2008;2027.07;2044.49;1950.72;1954.40;2688088;2585507584.000
11/25/2008;1994.17;2011.58;1924.16;1959.23;2598112;2486758656.000
11/26/2008;1950.81;1972.45;1925.49;1957.74;2364146;2303124736.000
11/27/2008;2078.95;2093.92;1972.99;1974.97;4180067;4245257472.000
11/28/2008;1962.32;1973.47;1917.98;1940.09;2387391;2277170176.000
12/01/2008;1930.94;1969.68;1904.70;1968.66;2466562;2333355776.000
12/02/2008;1928.00;1980.38;1915.14;1959.58;3677890;3448474368.000
12/03/2008;1970.79;2083.29;1970.41;2082.77;6315685;6390459392.000
12/04/2008;2105.38;2197.45;2105.38;2126.55;9575420;10252295168.000
12/05/2008;2101.22;2148.91;2091.93;2140.33;5044745;5358517248.000
12/08/2008;2182.55;2232.54;2148.23;2231.27;8170748;8710422528.000
12/09/2008;2245.93;2296.93;2211.33;2212.13;7531825;8685483008.000
12/10/2008;2191.45;2232.63;2149.18;2230.58;5581243;6107078656.000
12/11/2008;2230.90;2286.01;2203.01;2205.55;5539391;6436259840.000
12/12/2008;2190.16;2211.23;2075.89;2109.17;4868667;5094130688.000
12/15/2008;2136.59;2152.64;2072.27;2108.55;3431239;3849459968.000
12/16/2008;2087.24;2150.04;2039.62;2148.53;3454746;3811310336.000
12/17/2008;2152.37;2182.56;2133.24;2141.70;3663966;4134286848.000
12/18/2008;2135.53;2207.63;2124.66;2204.59;4018351;4516088320.000
12/19/2008;2188.73;2230.99;2167.35;2197.40;4685190;5232866304.000
12/22/2008;2194.63;2194.63;2127.22;2163.72;4295255;4494669312.000
12/23/2008;2163.11;2163.11;2069.69;2071.24;5726010;5414124032.000
12/24/2008;2037.00;2047.14;2009.24;2029.74;3694024;3584931328.000
12/25/2008;2029.00;2045.85;1983.04;2002.55;3207937;3073657088.000
12/26/2008;2002.16;2027.66;1992.59;2009.73;2280705;2182469632.000
12/29/2008;2000.95;2003.66;1952.34;1979.88;2441001;2313480192.000
12/30/2008;1980.97;2000.20;1959.46;1974.40;2559411;2508860928.000
12/31/2008;1975.99;1986.34;1942.53;1953.52;2055854;2007911552.000
01/05/2009;1993.66;2040.43;1993.66;2040.10;3030165;3144086016.000
01/06/2009;2038.09;2159.04;2029.91;2153.64;5692194;6353700864.000
01/07/2009;2159.63;2167.02;2131.31;2135.85;4354038;4914440704.000
01/08/2009;2086.44;2127.09;2076.60;2119.53;4150133;4766799872.000
01/09/2009;2114.74;2168.31;2114.74;2147.35;3749431;4554013696.000
01/12/2009;2135.93;2172.46;2113.39;2129.22;3547272;4086842624.000
01/13/2009;2105.53;2106.61;2066.37;2067.63;2662931;2876515072.000
01/14/2009;2063.90;2170.61;2063.90;2170.22;3876933;4387363840.000
01/15/2009;2146.19;2177.36;2129.49;2148.14;4480025;5187941888.000
01/16/2009;2163.90;2220.82;2163.90;2191.65;5747284;6488785920.000
01/19/2009;2207.62;2265.65;2191.40;2220.74;5640191;6121943552.000
01/20/2009;2217.84;2238.09;2184.01;2232.07;3207620;3440729344.000
01/21/2009;2199.88;2246.88;2193.29;2214.92;3759753;4212239872.000
01/22/2009;2237.44;2314.59;2227.25;2298.27;6020302;6891800576.000
01/23/2009;2289.95;2304.80;2267.12;2271.21;4566350;5279398400.000
02/02/2009;2290.25;2296.77;2246.68;2273.87;3379036;3899471104.000
02/03/2009;2267.95;2313.11;2251.27;2312.71;5209948;6060713472.000
02/04/2009;2324.11;2358.38;2324.11;2349.58;6508523;7851381760.000
02/05/2009;2346.66;2441.93;2335.59;2370.56;8310138;10758071296.000
02/06/2009;2375.79;2470.87;2375.79;2460.58;7440608;9269569536.000
02/09/2009;2494.11;2564.29;2492.68;2539.26;8151185;10690932736.000
02/10/2009;2530.25;2589.04;2501.12;2588.12;7103183;9379690496.000
02/11/2009;2541.33;2590.99;2508.94;2542.85;8538762;11131812864.000
02/12/2009;2538.53;2550.71;2409.87;2468.13;7375602;9997076480.000
02/13/2009;2460.32;2545.87;2437.09;2544.82;7983020;10599365632.000
02/16/2009;2570.12;2642.86;2558.87;2641.58;9286857;12821803008.000
02/17/2009;2646.25;2697.96;2584.18;2587.38;10191554;14830828544.000
02/18/2009;2521.30;2534.81;2415.75;2418.02;7794577;10394938368.000
02/19/2009;2431.83;2461.31;2392.30;2431.24;5611190;7474461696.000
02/20/2009;2449.22;2468.82;2413.85;2467.72;5372956;6770182656.000
02/23/2009;2451.78;2516.91;2418.78;2507.63;6455403;8255596032.000
02/24/2009;2462.33;2486.78;2365.86;2374.59;7498158;9580839936.000
02/25/2009;2401.70;2414.27;2288.38;2342.15;5430722;6870993920.000
02/26/2009;2342.15;2391.75;2233.39;2260.77;6215145;7315666944.000
02/27/2009;2251.38;2266.83;2179.23;2205.23;6290997;7018007552.000
03/02/2009;2185.05;2215.20;2172.34;2207.01;4091654;4435262976.000
03/03/2009;2151.94;2180.93;2119.65;2163.27;4710259;5322845696.000
03/04/2009;2175.03;2313.86;2175.03;2309.05;7345450;8882182144.000
03/05/2009;2340.92;2365.03;2280.49;2321.50;8612433;10521399296.000
03/06/2009;2275.09;2347.82;2262.42;2309.18;5555162;6666339328.000
03/09/2009;2331.14;2360.84;2233.88;2241.21;5209288;6391952384.000
03/10/2009;2224.56;2311.64;2218.42;2310.91;4541957;5389806080.000
03/11/2009;2350.71;2355.00;2276.60;2280.41;4487403;5634149376.000
03/12/2009;2262.60;2269.17;2209.65;2257.07;3191844;3771977472.000
03/13/2009;2292.90;2304.38;2253.89;2258.87;3244415;3899220224.000
03/16/2009;2241.76;2276.53;2224.56;2269.79;2352638;2829433856.000
03/17/2009;2273.91;2368.85;2273.22;2360.19;5612396;7327522304.000
03/18/2009;2378.37;2435.80;2372.02;2392.09;7627324;10370300928.000
03/19/2009;2395.29;2512.75;2395.29;2500.43;9335481;13463229440.000
03/20/2009;2528.57;2595.13;2519.14;2563.18;12024749;17310838784.000
03/23/2009;2570.19;2628.08;2544.65;2600.63;8236051;11870073856.000
03/24/2009;2641.38;2650.81;2585.81;2605.03;7624719;10973959168.000
03/25/2009;2606.88;2650.01;2549.13;2549.93;7228508;10473905152.000
03/26/2009;2539.07;2619.12;2478.47;2618.00;7256235;10574231552.000
03/27/2009;2634.22;2646.96;2593.77;2614.42;6717574;9833049088.000
03/30/2009;2620.82;2620.82;2560.41;2567.50;4917316;7035417088.000
03/31/2009;2507.56;2583.25;2493.01;2576.51;4529236;6197329408.000
04/01/2009;2589.37;2730.90;2589.37;2699.55;9469916;14940283904.000
04/02/2009;2711.40;2763.67;2686.40;2733.02;9212516;14436458496.000
04/03/2009;2760.70;2817.83;2702.12;2719.99;8142487;13250988032.000
04/07/2009;2721.80;2811.25;2721.80;2811.11;6438205;9928182784.000
04/08/2009;2796.22;2805.91;2717.79;2718.86;7564488;11817843712.000
04/09/2009;2713.41;2742.92;2653.93;2728.13;5415430;8530583552.000
04/10/2009;2754.46;2858.83;2739.73;2857.47;8003665;12631058432.000
04/13/2009;2901.30;3069.99;2897.99;3069.12;13249150;21467764736.000
04/14/2009;3063.10;3096.00;3016.43;3071.80;8659359;15044305920.000
04/15/2009;3044.82;3178.59;3026.92;3119.83;8646868;15334450176.000
04/16/2009;3127.77;3128.45;3014.49;3047.05;7043415;11652689920.000
04/17/2009;3027.11;3027.11;2910.96;2949.71;7351290;12101977088.000
04/20/2009;2937.00;3051.33;2928.47;3033.63;6208235;10086856704.000
04/21/2009;2976.13;3007.35;2920.25;2969.77;6977296;11292533760.000
04/22/2009;2987.03;3000.54;2823.36;2837.22;8089290;12533918720.000
04/23/2009;2811.95;2912.44;2809.13;2901.20;6284219;10763726848.000
04/24/2009;2919.29;2932.09;2871.12;2901.41;5033110;8754806784.000
04/27/2009;2891.25;2909.72;2836.52;2892.35;4666648;7506960384.000
04/28/2009;2857.14;2929.54;2852.07;2910.88;5129276;9204591616.000
04/29/2009;2918.69;3000.04;2900.46;2982.59;6368063;11479475200.000
04/30/2009;3004.13;3028.72;2959.87;2987.99;4819400;8332931584.000
05/04/2009;3012.19;3184.21;3012.19;3179.48;7573886;14044796928.000
05/05/2009;3203.53;3207.66;3137.95;3157.43;6397904;11782135808.000
05/06/2009;3159.83;3264.95;3152.40;3222.45;7439229;14560550912.000
05/07/2009;3252.56;3267.85;3171.97;3257.45;8025549;14446445568.000
05/08/2009;3224.28;3316.15;3209.91;3269.94;8674108;15313234944.000
05/11/2009;3293.22;3305.77;3158.46;3158.46;8499318;14828721152.000
05/12/2009;3129.73;3249.82;3123.43;3246.33;5136512;10082562048.000
05/13/2009;3269.26;3371.89;3260.82;3371.89;9123962;16893886464.000
05/14/2009;3314.87;3387.37;3295.90;3373.09;7196053;13525054464.000
05/15/2009;3379.49;3406.82;3338.43;3399.48;6017168;11663323136.000
05/18/2009;3367.98;3535.40;3296.81;3511.21;7404851;15079627776.000
05/19/2009;3543.41;3581.34;3513.95;3533.04;8025717;16625632256.000
05/20/2009;3535.74;3637.85;3532.06;3580.13;7281083;15110521856.000
05/21/2009;3572.06;3618.92;3451.31;3463.55;8216719;16581621760.000
05/22/2009;3424.57;3444.10;3354.45;3390.61;6408745;12716530688.000
05/25/2009;3297.71;3430.32;3249.89;3416.22;8210483;15187738624.000
05/26/2009;3408.07;3408.07;3282.09;3296.11;6918717;13352766464.000
05/27/2009;3314.91;3345.58;3289.97;3331.02;6129954;10806013952.000
06/01/2009;3407.57;3519.73;3401.38;3515.81;10398390;18239707136.000
06/02/2009;3551.08;3555.79;3467.54;3486.72;9392237;15065729024.000
06/03/2009;3481.02;3536.13;3465.92;3520.04;6970170;11273335808.000
06/04/2009;3478.41;3508.97;3417.07;3505.48;8053510;13446064128.000
06/05/2009;3531.23;3553.21;3507.13;3515.22;7061291;12739779584.000
06/08/2009;3510.58;3518.17;3448.96;3470.28;6246349;10791089152.000
06/09/2009;3469.45;3502.22;3374.43;3446.19;6185350;10419022848.000
06/10/2009;3480.55;3504.36;3447.63;3502.93;5911809;10317668352.000
06/11/2009;3496.65;3503.23;3442.92;3448.30;5026900;8583880704.000
06/12/2009;3442.44;3490.37;3374.58;3390.65;5434235;9353323520.000
06/15/2009;3387.15;3395.47;3303.52;3376.62;4870761;9134912512.000
06/16/2009;3329.72;3404.04;3316.87;3370.60;4047063;7276153344.000
06/17/2009;3372.14;3423.93;3328.84;3417.44;4470272;7945122304.000
06/18/2009;3431.28;3547.50;3431.25;3547.23;8132002;15587396608.000
06/19/2009;3563.93;3568.02;3492.33;3516.40;5299115;10078564352.000
06/22/2009;3521.78;3527.01;3453.78;3480.28;6041600;10006557696.000
06/23/2009;3422.62;3459.60;3374.96;3411.81;5940803;10367172608.000
06/24/2009;3416.42;3547.35;3414.92;3543.40;7278271;13883229184.000
06/25/2009;3551.45;3577.97;3497.63;3511.35;6225570;10822984704.000
06/26/2009;3535.15;3579.04;3535.15;3546.77;4887436;10657269760.000
06/29/2009;3548.75;3697.02;3516.39;3689.85;7939465;15048253440.000
06/30/2009;3731.58;3774.39;3677.46;3694.95;8804187;16661433344.000
07/01/2009;3670.44;3761.37;3664.82;3752.33;6455906;12622086144.000
07/02/2009;3764.32;3886.28;3763.59;3886.10;9640468;17788602368.000
07/03/2009;3847.03;4007.72;3833.33;4006.05;8832775;17672685568.000
07/06/2009;4013.18;4128.30;3986.11;4043.06;8959620;17220712448.000
07/07/2009;4025.32;4025.32;3948.45;3963.02;7303230;13721633792.000
07/08/2009;3904.88;4069.96;3887.79;4069.17;6800684;13527164928.000
07/09/2009;4067.18;4115.33;4034.29;4104.93;7556698;14646843392.000
07/10/2009;4099.29;4125.67;4057.58;4069.22;5243222;10069237760.000
07/13/2009;4038.91;4038.91;3945.88;3953.18;5767162;11321558016.000
07/14/2009;3958.39;4066.23;3958.39;4045.92;5759258;12064651264.000
07/15/2009;4060.95;4197.06;4028.57;4168.66;8326143;17297901568.000
07/16/2009;4198.58;4275.11;4130.46;4151.09;7086453;14448626688.000
07/17/2009;4140.68;4266.52;4130.35;4264.23;7717079;16101348352.000
07/20/2009;4288.43;4504.00;4272.51;4482.25;11049168;22748465152.000
07/21/2009;4482.86;4482.86;4366.17;4378.57;9006689;17145228288.000
07/22/2009;4358.55;4679.43;4354.23;4622.85;12023449;24604545024.000
07/23/2009;4620.62;4703.10;4590.54;4666.57;8039980;16867418112.000
07/24/2009;4694.80;4918.74;4694.80;4828.59;11871338;25652357120.000
07/27/2009;4825.56;4859.61;4749.99;4847.54;8918718;19892041728.000
07/28/2009;4842.25;4852.55;4689.00;4752.82;7204654;16988549120.000
07/29/2009;4710.40;4720.43;4343.97;4488.18;9319497;19802343424.000
07/30/2009;4484.43;4554.15;4318.01;4552.01;6792908;15362058240.000
07/31/2009;4602.37;4690.07;4577.39;4678.64;6518018;14871691264.000
08/03/2009;4707.77;4798.71;4588.40;4740.68;7448771;16919337984.000
08/04/2009;4761.47;4944.19;4706.31;4943.10;9068794;22890629120.000
08/05/2009;4922.03;4922.03;4721.12;4776.17;7124525;17693743104.000
08/06/2009;4713.79;4713.79;4568.77;4589.88;6306867;14204397568.000
08/07/2009;4586.27;4641.71;4369.21;4399.40;6473857;14335059968.000
08/10/2009;4429.10;4483.18;4280.25;4376.35;5236981;11973342208.000
08/11/2009;4410.67;4455.35;4335.14;4433.86;4025108;9053440000.000
08/12/2009;4412.60;4412.60;4185.68;4194.08;4876879;10379736064.000
08/13/2009;4192.57;4285.78;4121.76;4265.53;4884279;10852642816.000
08/14/2009;4286.63;4317.44;4155.48;4187.36;5528311;11240421376.000
08/17/2009;4063.14;4108.81;3862.93;3865.60;5739450;11219664896.000
08/18/2009;3818.83;3933.57;3774.84;3923.93;5094409;9776532480.000
08/19/2009;3960.00;3971.71;3669.41;3709.68;5182922;9774797824.000
08/20/2009;3744.37;3966.97;3744.37;3961.87;6966642;14359240704.000
08/21/2009;3960.56;4081.07;3919.88;4071.79;6498299;13734404096.000
08/24/2009;4102.32;4210.94;4081.58;4172.19;6657028;14651568128.000
08/25/2009;4135.91;4135.91;3877.81;4062.30;5997912;12517771264.000
08/26/2009;3995.10;4166.76;3970.88;4088.53;4526912;9400177664.000
08/27/2009;4047.20;4101.02;3960.72;4004.59;4593736;9619218432.000
08/28/2009;4007.49;4019.55;3788.33;3811.01;5547737;11767395328.000
08/31/2009;3733.92;3733.92;3461.78;3463.90;6660811;12484875264.000
09/01/2009;3406.00;3528.32;3374.91;3443.25;4755336;9376844800.000
09/02/2009;3470.10;3562.36;3456.70;3528.48;4771181;9434456064.000
09/03/2009;3535.85;3776.84;3505.28;3756.72;6056180;12137190400.000
09/04/2009;3755.66;3828.61;3719.81;3758.87;5328280;11116405760.000
09/07/2009;3775.89;3837.18;3738.54;3766.32;4334276;8619031552.000
09/08/2009;3736.60;3898.31;3661.70;3897.99;6241971;13989843968.000
09/09/2009;3953.58;3990.38;3895.77;3961.50;6103833;13655263232.000
09/10/2009;3948.37;3989.19;3891.60;3921.65;4024686;8279972352.000
09/11/2009;3909.24;4039.84;3904.14;4013.01;5016171;10492207104.000
09/14/2009;3989.35;4077.53;3974.29;4057.44;4402739;9123829760.000
09/15/2009;4060.79;4146.11;4060.79;4092.84;5429620;11801506816.000
09/16/2009;4095.32;4106.45;3955.70;4043.48;5073220;10948047872.000
09/17/2009;4071.56;4142.29;4071.56;4123.28;5015018;9928245248.000
09/18/2009;4138.34;4164.01;3936.80;3981.46;4958805;10372216832.000
09/21/2009;3930.84;3991.72;3815.09;3982.41;3568454;7822775808.000
09/22/2009;3958.38;3975.77;3823.93;3824.42;3652712;8085004288.000
09/23/2009;3832.85;3875.56;3667.53;3692.71;3624080;7865540608.000
09/24/2009;3657.25;3766.15;3597.44;3709.49;3187320;6676503040.000
09/25/2009;3674.72;3738.73;3649.83;3693.01;2229618;4531250176.000
09/28/2009;3703.85;3729.74;3555.67;3564.28;2389852;4756209664.000
09/29/2009;3564.22;3596.89;3512.32;3562.42;2386216;4707372544.000
09/30/2009;3584.50;3667.11;3584.50;3611.54;2133783;4257725440.000
10/09/2009;3720.05;3890.96;3716.76;3890.01;4084992;8632780800.000
10/12/2009;3901.89;3901.89;3813.53;3820.93;3158653;6442950656.000
10/13/2009;3827.07;3960.84;3827.07;3910.84;3465028;7851482624.000
10/14/2009;3938.65;4079.34;3938.65;3985.70;5847872;12549352448.000
10/15/2009;4043.53;4076.70;4007.22;4027.01;3423440;8061898752.000
10/16/2009;4075.49;4119.62;3988.26;4078.37;4926297;11089917952.000
10/19/2009;4081.18;4204.90;4037.56;4194.93;5777068;13172670464.000
10/20/2009;4242.60;4279.44;4203.34;4230.59;6539445;12917371904.000
10/21/2009;4216.02;4265.31;4189.18;4198.80;4764798;9760001024.000
10/22/2009;4213.87;4243.13;4159.04;4161.45;4012674;8382027264.000
10/23/2009;4172.62;4349.91;4172.62;4319.88;7344520;16753675264.000
10/26/2009;4333.06;4334.93;4257.02;4297.24;5289266;11295409152.000
10/27/2009;4241.98;4241.98;4110.08;4111.94;5261767;11246548992.000
10/28/2009;4101.60;4196.60;4089.15;4168.87;4172047;9282560000.000
10/29/2009;4061.26;4112.43;4028.39;4037.63;3904277;8446556160.000
10/30/2009;4150.08;4162.60;4065.82;4069.97;4142214;8571851264.000
11/02/2009;3951.70;4192.20;3941.38;4191.21;4965958;10347571200.000
11/03/2009;4211.96;4251.70;4204.13;4237.72;5107659;10070935552.000
11/04/2009;4249.33;4271.81;4202.82;4252.66;4198859;8482386944.000
11/05/2009;4262.96;4287.00;4209.22;4281.53;4183197;8525140480.000
11/06/2009;4307.04;4326.40;4274.13;4289.04;4850853;9898614784.000
11/09/2009;4268.42;4284.42;4215.90;4263.31;4041061;8295996928.000
11/10/2009;4338.59;4356.98;4258.10;4261.17;5457423;10695885824.000
11/11/2009;4253.76;4253.76;4187.54;4220.60;3794835;7585436160.000
11/12/2009;4230.51;4265.82;4205.84;4218.08;3832571;6921753088.000
11/13/2009;4187.40;4202.33;4124.68;4197.15;4494199;8993906688.000
11/16/2009;4226.76;4436.93;4226.76;4436.67;8907129;19643154432.000
11/17/2009;4472.88;4480.19;4415.47;4426.24;6489267;13646224384.000
11/18/2009;4446.70;4580.13;4440.98;4509.98;7750449;17035171840.000
11/19/2009;4528.77;4550.92;4460.41;4522.18;5802927;12029359104.000
11/20/2009;4501.47;4505.28;4440.35;4466.42;5057747;10067192832.000
11/23/2009;4478.43;4515.35;4465.34;4514.90;4992392;10503857152.000
11/24/2009;4530.32;4602.72;4352.72;4366.50;7928115;17657567232.000
11/25/2009;4353.05;4485.67;4323.75;4480.16;5669308;12446932992.000
11/26/2009;4498.45;4552.12;4323.14;4331.94;6766846;15010395136.000
11/27/2009;4262.03;4326.27;4176.93;4205.21;5117692;11458808832.000
11/30/2009;4254.50;4379.07;4239.48;4377.63;4821409;11252423680.000
12/01/2009;4366.69;4408.73;4318.52;4408.32;4371131;10241339392.000
12/02/2009;4440.87;4475.03;4414.00;4448.45;4482019;10867934208.000
12/03/2009;4447.42;4481.44;4386.40;4480.50;5113585;11829357568.000
12/04/2009;4455.67;4570.06;4422.89;4561.29;10097033;21581031424.000
12/07/2009;4567.62;4609.17;4510.51;4555.77;5444109;11414514688.000
12/08/2009;4547.27;4547.27;4422.90;4479.24;5423371;11429907456.000
12/09/2009;4414.23;4475.33;4397.67;4417.67;5272371;10180244480.000
12/10/2009;4441.33;4468.34;4377.74;4416.96;3211611;6636020224.000
12/11/2009;4440.31;4464.80;4403.89;4407.98;2928212;6120917504.000
12/14/2009;4418.07;4511.36;4301.66;4480.12;7124301;12743064576.000
12/15/2009;4462.96;4516.22;4451.05;4482.38;4456421;9361548288.000
12/16/2009;4484.80;4549.39;4443.46;4453.97;3809654;8266013184.000
12/17/2009;4485.47;4496.77;4325.23;4329.61;4044697;8092530176.000
12/18/2009;4299.97;4316.27;4220.21;4230.05;4258682;8352090112.000
12/21/2009;4226.52;4249.37;4151.69;4208.80;2963710;6345201152.000
12/22/2009;4222.64;4228.01;4020.39;4035.86;4415812;8926827520.000
12/23/2009;4044.78;4094.91;4010.32;4061.46;3389003;7228233216.000
12/24/2009;4090.89;4258.63;4085.21;4256.83;4486741;9945431040.000
12/25/2009;4259.91;4259.91;4198.62;4226.72;3105832;6573832704.000
12/28/2009;4241.15;4321.62;4241.15;4295.51;3491300;7116536832.000
12/29/2009;4300.45;4322.13;4256.50;4320.78;2995844;6153806336.000
12/30/2009;4331.83;4400.98;4331.39;4392.05;5498233;10570913792.000
12/31/2009;4401.69;4409.77;4359.85;4384.30;3446317;7903384064.000
01/04/2010;4411.06;4419.20;4325.05;4325.64;4325976;7651028480.000
01/05/2010;4357.75;4454.16;4349.08;4442.55;5907675;12640358400.000
01/06/2010;4451.74;4528.79;4437.95;4439.71;6003370;12888196096.000
01/07/2010;4460.99;4511.33;4331.96;4352.80;5520723;11317089280.000
01/08/2010;4336.46;4336.46;4233.14;4303.34;4690955;9534832640.000
01/11/2010;4435.21;4452.98;4272.57;4293.06;5358742;10275435520.000
01/12/2010;4289.87;4366.88;4220.05;4365.42;7225774;14347619328.000
01/13/2010;4254.67;4274.54;4129.66;4151.62;8141162;17731885056.000
01/14/2010;4174.00;4192.28;4097.45;4191.10;4945682;10737819648.000
01/15/2010;4172.49;4207.73;4121.33;4174.26;4390977;8695888896.000
01/18/2010;4156.11;4164.31;4123.09;4161.55;4871221;9131252736.000
01/19/2010;4175.37;4252.04;4175.37;4193.81;5292195;11126490112.000
01/20/2010;4206.93;4213.33;4027.20;4035.84;6059753;11753202688.000
01/21/2010;4029.74;4052.36;3918.67;3959.93;4957683;10589285376.000
01/22/2010;3895.47;3895.47;3781.52;3862.11;5282846;10790998016.000
01/25/2010;3838.45;3883.00;3828.70;3843.01;2819388;5696463872.000
01/26/2010;3846.70;3862.41;3684.29;3700.21;3964159;7106116096.000
01/27/2010;3701.94;3765.48;3657.10;3697.88;3278721;6641071616.000
01/28/2010;3701.50;3741.65;3672.83;3717.03;2746101;5374681088.000
01/29/2010;3696.15;3755.84;3678.15;3691.79;3011312;5421232640.000
02/01/2010;3664.82;3668.25;3544.24;3563.28;3249542;6072520704.000
02/02/2010;3601.19;3635.69;3562.44;3568.34;2673062;5103398400.000
02/03/2010;3607.52;3778.70;3538.14;3764.80;4547999;9869402112.000
02/04/2010;3723.08;3746.23;3692.64;3706.92;3458348;6999787520.000
02/05/2010;3594.63;3611.53;3552.55;3582.40;3588229;6784480768.000
02/08/2010;3577.62;3634.75;3555.93;3605.38;2360159;4415740928.000
02/09/2010;3603.00;3654.49;3599.39;3633.18;1873056;3853092096.000
02/10/2010;3682.72;3705.30;3660.27;3688.48;2359631;4676113920.000
02/11/2010;3694.72;3712.65;3677.34;3691.42;2040360;3632595712.000
02/12/2010;3707.96;3755.94;3707.96;3750.66;2387427;4627660288.000
02/22/2010;3760.07;3778.21;3709.58;3710.76;2129469;4161022464.000
02/23/2010;3703.63;3703.63;3588.85;3639.73;2277695;4577495552.000
02/24/2010;3605.67;3682.95;3588.90;3682.23;2368825;4363034624.000
02/25/2010;3696.74;3744.28;3687.78;3738.99;3491067;6404660224.000
02/26/2010;3722.19;3737.73;3696.67;3702.24;2744441;4970617344.000
03/01/2010;3709.38;3764.13;3706.00;3756.07;3031884;5624144384.000
03/02/2010;3749.50;3764.00;3684.50;3699.08;3517721;6752836096.000
03/03/2010;3694.33;3734.15;3662.49;3727.45;2910175;5245841920.000
03/04/2010;3730.88;3748.92;3645.62;3646.78;3252092;6136995328.000
03/05/2010;3650.56;3667.91;3623.32;3637.41;2090100;3843100160.000
03/08/2010;3665.19;3693.60;3651.45;3675.01;1785747;3512182528.000
03/09/2010;3676.99;3770.93;3636.09;3730.18;3549933;7664300032.000
03/10/2010;3725.76;3745.58;3683.60;3698.94;2708926;5129083904.000
03/11/2010;3704.33;3728.41;3666.02;3703.64;2916490;4961923584.000
03/12/2010;3707.89;3719.98;3656.80;3658.38;2532410;4517922304.000
03/15/2010;3651.96;3651.96;3564.51;3577.35;2289810;4493400576.000
03/16/2010;3573.67;3585.99;3530.64;3563.18;1929202;3791431424.000
03/17/2010;3580.99;3633.19;3572.49;3632.71;2308689;4502490112.000
03/18/2010;3637.74;3664.30;3627.89;3645.74;2298216;4223580928.000
03/19/2010;3645.29;3694.32;3617.57;3687.60;2755053;5416313856.000
03/22/2010;3682.87;3716.78;3673.96;3701.67;2507909;5093398528.000
03/23/2010;3705.98;3753.67;3697.39;3704.73;3084375;6301483520.000
