600031 三一重工 日线
      日期	    开盘	    最高	    最低	    收盘	    成交量	    成交额
07/03/2003;2.37;2.37;2.01;2.16;33816715;718871488.000
07/04/2003;2.16;2.26;2.12;2.22;7697544;167054240.000
07/07/2003;2.23;2.24;2.18;2.22;3951205;85964280.000
07/08/2003;2.22;2.27;2.21;2.23;2117357;46384284.000
07/09/2003;2.21;2.32;2.21;2.30;3440447;76869584.000
07/10/2003;2.28;2.35;2.28;2.32;3137640;70923904.000
07/11/2003;2.32;2.42;2.31;2.39;3212906;74251120.000
07/14/2003;2.40;2.51;2.38;2.47;4681766;111602400.000
07/15/2003;2.47;2.50;2.45;2.48;2033502;48545936.000
07/16/2003;2.45;2.51;2.45;2.49;2074379;49763544.000
07/17/2003;2.49;2.65;2.49;2.63;3482404;86808416.000
07/18/2003;2.63;2.73;2.58;2.59;5282277;134105168.000
07/21/2003;2.57;2.66;2.57;2.64;2849398;71501776.000
07/22/2003;2.67;2.69;2.49;2.58;2514686;62304432.000
07/23/2003;2.58;2.61;2.53;2.59;801440;19777060.000
07/24/2003;2.59;2.72;2.58;2.69;2382980;60929696.000
07/25/2003;2.74;2.78;2.61;2.64;2824652;72886616.000
07/28/2003;2.61;2.68;2.54;2.60;1237491;30703840.000
07/29/2003;2.56;2.64;2.55;2.60;1312353;32588880.000
07/30/2003;2.60;2.61;2.57;2.58;774000;19216208.000
07/31/2003;2.58;2.58;2.49;2.55;2525690;61402220.000
08/01/2003;2.54;2.54;2.44;2.48;3738299;89591032.000
08/04/2003;2.49;2.62;2.46;2.60;1759275;43232708.000
08/05/2003;2.61;2.63;2.58;2.60;810562;20210388.000
08/06/2003;2.59;2.60;2.55;2.59;598625;14785939.000
08/07/2003;2.58;2.62;2.57;2.59;406520;10111284.000
08/08/2003;2.65;2.66;2.60;2.65;1641504;41327744.000
08/11/2003;2.64;2.66;2.60;2.62;532447;13389425.000
08/12/2003;2.70;2.70;2.62;2.63;609984;15379762.000
08/13/2003;2.62;2.63;2.57;2.57;826260;20491486.000
08/14/2003;2.57;2.61;2.55;2.57;706448;17575132.000
08/15/2003;2.56;2.60;2.55;2.58;382886;9447946.000
08/18/2003;2.60;2.60;2.48;2.49;1810536;43594396.000
08/19/2003;2.49;2.53;2.48;2.53;504589;12201530.000
08/20/2003;2.53;2.54;2.48;2.50;494879;11879751.000
08/21/2003;2.48;2.52;2.47;2.48;433272;10388776.000
08/22/2003;2.49;2.51;2.46;2.47;441744;10572948.000
08/25/2003;2.46;2.46;2.42;2.43;1100828;25906368.000
08/26/2003;2.42;2.46;2.42;2.44;241352;5686050.000
08/27/2003;2.44;2.47;2.43;2.46;155285;3683449.000
08/28/2003;2.46;2.46;2.44;2.45;248503;5887964.000
08/29/2003;2.37;2.54;2.37;2.51;1129796;26918056.000
09/01/2003;2.51;2.63;2.48;2.58;1482705;36669032.000
09/02/2003;2.58;2.65;2.53;2.57;1676913;41769376.000
09/03/2003;2.56;2.58;2.49;2.54;1151454;27985356.000
09/04/2003;2.53;2.55;2.51;2.52;339774;8236467.000
09/05/2003;2.53;2.54;2.46;2.49;976221;23374288.000
09/08/2003;2.45;2.48;2.45;2.47;209182;4981136.000
09/09/2003;2.45;2.49;2.45;2.46;417123;9913344.000
09/10/2003;2.44;2.48;2.43;2.46;250818;5948731.000
09/11/2003;2.46;2.51;2.46;2.50;322799;7762663.000
09/12/2003;2.46;2.49;2.46;2.47;223916;5340979.000
09/15/2003;2.46;2.49;2.42;2.45;132521;3130462.000
09/16/2003;2.45;2.49;2.43;2.48;324859;7727832.000
09/17/2003;2.50;2.50;2.43;2.45;267301;6329362.000
09/18/2003;2.44;2.46;2.43;2.44;87331;2060923.000
09/19/2003;2.43;2.46;2.43;2.46;127740;3018048.000
09/22/2003;2.46;2.47;2.44;2.45;254900;6047224.000
09/23/2003;2.44;2.46;2.44;2.46;147221;3476665.000
09/24/2003;2.46;2.48;2.44;2.45;123225;2917245.000
09/25/2003;2.45;2.45;2.39;2.39;651154;15226478.000
09/26/2003;2.39;2.43;2.39;2.40;644096;14991243.000
09/29/2003;2.40;2.42;2.40;2.40;209324;4884129.000
09/30/2003;2.40;2.49;2.40;2.49;702898;16575514.000
10/08/2003;2.48;2.48;2.43;2.44;95100;2248486.000
10/09/2003;2.44;2.46;2.43;2.43;164700;3889406.000
10/10/2003;2.43;2.50;2.42;2.48;305861;7289767.000
10/13/2003;2.46;2.49;2.45;2.45;301892;7188469.000
10/14/2003;2.42;2.49;2.42;2.44;1609203;37826840.000
10/15/2003;2.45;2.46;2.42;2.43;189578;4465449.000
10/16/2003;2.43;2.43;2.41;2.41;891093;20838266.000
10/17/2003;2.41;2.44;2.41;2.42;240190;5626221.000
10/20/2003;2.41;2.43;2.37;2.38;394300;9163931.000
10/21/2003;2.38;2.43;2.33;2.42;806933;18444292.000
10/22/2003;2.39;2.49;2.38;2.45;235918;5589596.000
10/23/2003;2.43;2.47;2.37;2.42;492290;11520990.000
10/24/2003;2.41;2.43;2.40;2.43;162300;3804067.000
10/27/2003;2.42;2.54;2.42;2.53;989170;23838088.000
10/28/2003;2.54;2.56;2.49;2.54;799730;19457608.000
10/29/2003;2.55;2.58;2.50;2.55;831774;20234904.000
10/30/2003;2.50;2.56;2.50;2.52;394240;9628514.000
10/31/2003;2.54;2.54;2.50;2.52;136680;3318969.000
11/03/2003;2.52;2.56;2.49;2.54;436575;10615446.000
11/04/2003;2.55;2.69;2.54;2.64;2484621;62509548.000
11/05/2003;2.64;2.65;2.59;2.61;589325;14768294.000
11/06/2003;2.61;2.69;2.60;2.60;1030777;26031808.000
11/07/2003;2.60;2.62;2.56;2.56;916843;22757196.000
11/10/2003;2.53;2.55;2.49;2.53;1135501;27575864.000
11/11/2003;2.53;2.55;2.50;2.53;220037;5326047.000
11/12/2003;2.52;2.53;2.46;2.46;477980;11543574.000
11/13/2003;2.43;2.46;2.41;2.44;470428;11125396.000
11/14/2003;2.49;2.54;2.44;2.50;208807;4993536.000
11/17/2003;2.49;2.52;2.46;2.46;149000;3560755.000
11/18/2003;2.44;2.49;2.44;2.45;132742;3152464.000
11/19/2003;2.44;2.45;2.42;2.43;589188;13887221.000
11/20/2003;2.43;2.45;2.30;2.34;1820690;42178296.000
11/21/2003;2.32;2.34;2.13;2.25;4230247;91642096.000
11/24/2003;2.25;2.29;2.21;2.28;1011857;22397198.000
11/25/2003;2.28;2.34;2.23;2.32;1170448;26082514.000
11/26/2003;2.32;2.39;2.32;2.38;495823;11350770.000
11/27/2003;2.38;2.40;2.32;2.33;358667;8186650.000
11/28/2003;2.32;2.38;2.32;2.38;316245;7205958.000
12/01/2003;2.38;2.40;2.35;2.37;817633;18896068.000
12/02/2003;2.37;2.37;2.27;2.34;1022779;23120788.000
12/03/2003;2.31;2.32;2.29;2.31;793541;17889844.000
12/04/2003;2.30;2.40;2.30;2.37;664503;15264208.000
12/05/2003;2.37;2.44;2.37;2.43;1024107;23794820.000
12/08/2003;2.43;2.46;2.41;2.43;436300;10261590.000
12/09/2003;2.43;2.43;2.42;2.42;352733;8281763.000
12/10/2003;2.42;2.43;2.41;2.43;534291;12543806.000
12/11/2003;2.43;2.47;2.43;2.46;286886;6791760.000
12/12/2003;2.46;2.46;2.41;2.42;286405;6733701.000
12/15/2003;2.42;2.42;2.39;2.39;511123;11880065.000
12/16/2003;2.39;2.39;2.35;2.35;441065;10131087.000
12/17/2003;2.38;2.38;2.35;2.35;163696;3754505.000
12/18/2003;2.35;2.38;2.35;2.37;131965;3027793.000
12/19/2003;2.38;2.46;2.38;2.38;1018964;23834126.000
12/22/2003;2.38;2.41;2.28;2.34;759812;17264036.000
12/23/2003;2.34;2.45;2.33;2.41;572573;13348674.000
12/24/2003;2.41;2.54;2.40;2.51;1938652;46910384.000
12/25/2003;2.53;2.55;2.44;2.46;675002;16306012.000
12/26/2003;2.48;2.58;2.47;2.52;1047914;25363692.000
12/29/2003;2.52;2.59;2.48;2.58;1803839;44261116.000
12/30/2003;2.57;2.59;2.54;2.56;381883;9397255.000
12/31/2003;2.56;2.62;2.56;2.58;1365954;34110568.000
01/02/2004;2.58;2.67;2.56;2.61;2499925;62488040.000
01/05/2004;2.61;2.69;2.59;2.67;1686944;42549300.000
01/06/2004;2.71;2.71;2.61;2.64;997585;25256066.000
01/07/2004;2.65;2.67;2.63;2.66;1102074;27977260.000
01/08/2004;2.68;2.98;2.65;2.98;5608847;154730160.000
01/09/2004;2.98;3.04;2.86;2.90;2843550;78775888.000
01/13/2004;3.04;3.04;2.92;2.94;2600311;72957456.000
01/14/2004;2.95;3.12;2.95;3.03;2399731;68599488.000
01/15/2004;3.01;3.04;2.92;2.92;1378453;38448640.000
01/16/2004;2.92;3.01;2.92;2.96;925441;25732386.000
01/29/2004;2.97;3.09;2.97;3.08;1410586;40314804.000
01/30/2004;3.08;3.11;2.92;2.93;903439;25338920.000
02/02/2004;3.27;3.27;2.93;2.97;1535872;43395496.000
02/03/2004;2.96;2.99;2.90;2.93;732285;20180698.000
02/04/2004;2.96;3.03;2.93;3.01;1392873;39122896.000
02/05/2004;3.03;3.09;2.96;2.96;1473804;41816004.000
02/06/2004;2.96;3.06;2.96;2.98;913021;25723324.000
02/09/2004;2.98;3.10;2.98;3.06;1011938;28981178.000
02/10/2004;3.04;3.25;3.04;3.14;1756810;51911120.000
02/11/2004;3.16;3.20;3.06;3.10;585550;16947416.000
02/12/2004;3.11;3.17;3.05;3.07;470654;13602977.000
02/13/2004;3.10;3.12;3.04;3.09;615222;17721364.000
02/16/2004;3.08;3.20;3.08;3.20;766256;22615000.000
02/17/2004;3.21;3.23;3.14;3.20;815446;24146560.000
02/18/2004;3.19;3.33;3.17;3.23;934917;28425132.000
02/19/2004;3.20;3.28;3.18;3.19;693731;20741276.000
02/20/2004;3.19;3.19;3.07;3.11;862057;25078108.000
02/23/2004;3.10;3.13;2.98;2.99;835453;23854956.000
02/24/2004;2.98;3.03;2.94;3.02;813982;22768086.000
02/25/2004;3.02;3.04;2.94;2.94;686203;19278574.000
02/26/2004;2.95;2.95;2.87;2.93;457838;12546823.000
02/27/2004;2.93;3.01;2.93;3.01;603524;16894682.000
03/01/2004;3.05;3.05;2.98;3.01;445628;12526346.000
03/02/2004;3.01;3.10;2.99;3.07;639379;18257138.000
03/03/2004;3.08;3.10;3.03;3.08;1552347;44633136.000
03/04/2004;3.08;3.10;3.05;3.08;1275666;36741840.000
03/05/2004;3.09;3.10;3.01;3.07;618014;17728868.000
03/08/2004;3.06;3.10;3.03;3.10;851246;24524410.000
03/09/2004;3.11;3.17;3.08;3.13;890467;26042558.000
03/10/2004;3.13;3.13;3.06;3.07;559046;16118797.000
03/11/2004;3.07;3.18;3.07;3.14;628174;18371652.000
03/12/2004;3.12;3.17;3.07;3.08;938369;27146522.000
03/15/2004;3.07;3.09;2.97;3.06;2484324;70413896.000
03/16/2004;2.98;3.03;2.90;2.92;5273990;146086656.000
03/17/2004;2.90;2.98;2.88;2.98;1709519;47297236.000
03/18/2004;2.94;3.00;2.86;2.91;1717556;47503636.000
03/19/2004;2.91;2.98;2.91;2.97;538899;14921209.000
03/22/2004;2.99;2.99;2.95;2.97;530990;14820820.000
03/23/2004;2.99;2.99;2.93;2.95;387548;10756657.000
03/24/2004;2.95;3.05;2.93;3.01;1296602;36446016.000
03/25/2004;3.01;3.04;3.01;3.03;502640;14231042.000
03/26/2004;3.02;3.12;3.02;3.11;1480329;42740320.000
03/29/2004;3.12;3.14;3.08;3.12;1127043;32770664.000
03/30/2004;3.11;3.13;3.08;3.10;446525;12947526.000
03/31/2004;3.10;3.12;3.07;3.12;666097;19295608.000
04/01/2004;3.12;3.21;3.09;3.20;1443390;42431960.000
04/02/2004;3.19;3.25;3.17;3.17;995013;29730684.000
04/05/2004;3.17;3.23;3.16;3.23;718896;21319330.000
04/06/2004;3.23;3.43;3.22;3.35;1041976;32398602.000
04/07/2004;3.37;3.43;3.35;3.40;697710;21809832.000
04/08/2004;3.40;3.64;3.40;3.54;1321597;42927484.000
04/09/2004;3.53;3.56;3.39;3.42;959896;30497200.000
04/12/2004;3.37;3.43;3.33;3.37;581744;18136842.000
04/13/2004;3.37;3.45;3.37;3.44;443670;13963689.000
04/14/2004;3.44;3.47;3.29;3.30;1181395;36607104.000
04/15/2004;3.30;3.41;3.24;3.30;1258626;38571836.000
04/16/2004;3.33;3.35;3.29;3.34;383999;11786070.000
04/19/2004;3.35;3.35;3.22;3.24;1018483;30649320.000
04/21/2004;3.21;3.25;3.11;3.13;718287;21350496.000
04/22/2004;3.11;3.14;3.10;3.14;657490;19118416.000
04/23/2004;3.09;3.23;3.09;3.12;617120;18139862.000
04/26/2004;3.12;3.19;3.11;3.17;404113;11826520.000
04/27/2004;3.17;3.22;3.12;3.21;545175;16105508.000
04/28/2004;3.21;3.21;3.08;3.09;857819;25070444.000
04/29/2004;3.11;3.11;2.93;2.95;1092456;30500648.000
04/30/2004;2.98;3.01;2.93;2.99;1814250;50668096.000
05/10/2004;3.00;3.00;2.87;2.92;454190;12448437.000
05/11/2004;2.93;2.96;2.87;2.90;966700;26073552.000
05/12/2004;2.91;2.92;2.87;2.90;663593;17815648.000
05/13/2004;2.91;2.97;2.88;2.88;233234;6288141.000
05/14/2004;2.88;2.90;2.70;2.72;569400;14707195.000
05/17/2004;2.69;2.72;2.64;2.66;472426;11788834.000
05/18/2004;2.66;2.79;2.64;2.74;189982;4747156.000
05/19/2004;2.74;2.77;2.68;2.75;126118;3230762.000
05/20/2004;2.75;2.78;2.67;2.72;221200;5603152.000
05/21/2004;2.72;2.77;2.64;2.71;63785;1619787.000
05/24/2004;2.74;2.74;2.67;2.68;173740;4373175.000
05/25/2004;2.67;2.69;2.49;2.53;2262538;54097424.000
05/26/2004;2.59;2.64;2.52;2.62;564409;13774398.000
05/27/2004;2.62;2.72;2.58;2.70;593850;14830069.000
05/28/2004;2.70;2.76;2.67;2.72;741790;18873378.000
05/31/2004;2.71;2.77;2.69;2.76;333380;8494382.000
06/01/2004;2.76;2.82;2.76;2.80;730306;19019512.000
06/02/2004;2.79;2.83;2.75;2.75;677786;17640948.000
06/03/2004;2.77;2.77;2.62;2.63;674700;16885178.000
06/04/2004;2.71;2.71;2.56;2.66;210179;5166712.000
06/07/2004;2.63;2.67;2.60;2.65;135610;3335119.000
06/08/2004;2.62;2.69;2.59;2.64;127800;3175520.000
06/09/2004;2.65;2.65;2.61;2.62;899041;22157138.000
06/10/2004;2.55;2.62;2.55;2.61;360136;8806698.000
06/11/2004;2.65;2.65;2.55;2.56;293400;7137966.000
06/14/2004;2.56;2.56;2.48;2.52;812480;19379962.000
06/15/2004;2.50;2.58;2.49;2.52;279644;6649926.000
06/16/2004;2.52;2.55;2.50;2.51;575618;13697453.000
06/17/2004;2.55;2.59;2.48;2.48;151080;3617149.000
06/18/2004;2.48;2.50;2.38;2.41;215935;4953929.000
06/21/2004;2.41;2.45;2.32;2.43;697230;15667692.000
06/22/2004;2.41;2.43;2.38;2.43;402000;9215138.000
06/23/2004;2.46;2.46;2.40;2.43;325584;7474517.000
06/24/2004;2.42;2.43;2.41;2.43;138427;3178185.000
06/25/2004;2.46;2.47;2.40;2.42;331441;7619526.000
06/28/2004;2.42;2.42;2.33;2.41;76092;1719787.000
06/29/2004;2.40;2.42;2.36;2.42;511847;11595757.000
06/30/2004;2.39;2.44;2.38;2.41;411814;9457727.000
07/01/2004;2.38;2.49;2.38;2.48;1816577;42223952.000
07/02/2004;2.48;2.52;2.45;2.50;293030;6888861.000
07/05/2004;2.48;2.50;2.42;2.48;423869;9800861.000
07/06/2004;2.49;2.52;2.45;2.45;328300;7674127.000
07/07/2004;2.44;2.48;2.43;2.48;185835;4316695.000
07/08/2004;2.48;2.48;2.39;2.42;245660;5629798.000
07/09/2004;2.42;2.43;2.39;2.40;229850;5262716.000
07/12/2004;2.40;2.40;2.25;2.34;278400;6169363.000
07/13/2004;2.33;2.33;2.13;2.18;963739;20253544.000
07/14/2004;2.19;2.19;2.14;2.16;288330;6000081.000
07/15/2004;2.14;2.20;2.10;2.13;530330;10949262.000
07/16/2004;2.15;2.30;2.11;2.24;1365896;28786062.000
07/19/2004;2.24;2.27;2.22;2.25;237309;5128691.000
07/20/2004;2.25;2.25;2.19;2.23;323107;6873599.000
07/21/2004;2.23;2.23;2.04;2.08;1725788;34879968.000
07/22/2004;2.08;2.08;2.00;2.03;1981474;39208052.000
07/23/2004;2.03;2.04;2.01;2.03;474800;9366658.000
07/26/2004;2.04;2.04;1.91;1.93;1562500;29979148.000
07/27/2004;1.93;1.93;1.80;1.87;1081818;19991804.000
07/28/2004;2.00;2.01;1.92;1.95;802299;15398498.000
07/29/2004;1.96;2.04;1.95;2.00;687923;13420785.000
07/30/2004;2.00;2.00;1.92;1.95;346000;6631321.000
08/02/2004;1.95;1.95;1.91;1.93;115981;2194747.000
08/03/2004;1.95;2.00;1.92;1.99;327102;6277432.000
08/04/2004;1.99;2.06;1.96;2.01;970420;19067686.000
08/05/2004;2.01;2.02;1.98;1.98;297400;5789784.000
08/06/2004;1.98;2.00;1.91;1.95;384006;7302230.000
08/09/2004;1.91;1.96;1.88;1.95;110000;2099665.000
08/10/2004;1.97;1.97;1.93;1.94;94000;1792086.000
08/11/2004;1.95;1.95;1.89;1.92;147699;2778245.000
08/12/2004;1.89;1.92;1.87;1.92;84123;1569494.000
08/13/2004;1.88;1.93;1.88;1.93;77612;1468041.000
08/16/2004;1.90;1.90;1.83;1.88;340400;6262419.000
08/17/2004;1.93;1.93;1.84;1.88;159940;2936522.000
08/18/2004;1.90;1.90;1.86;1.88;84491;1564429.000
08/19/2004;1.87;1.87;1.80;1.84;427594;7722364.000
08/20/2004;1.84;1.84;1.79;1.82;96656;1736613.000
08/23/2004;1.81;1.83;1.80;1.82;129239;2329150.000
08/24/2004;1.80;1.85;1.80;1.83;133179;2416973.000
08/25/2004;1.81;1.86;1.81;1.85;314717;5755990.000
08/26/2004;1.87;1.91;1.86;1.88;568970;10563354.000
08/27/2004;1.88;1.94;1.87;1.87;305777;5712453.000
08/30/2004;1.90;1.90;1.84;1.86;198775;3650106.000
08/31/2004;1.91;1.93;1.87;1.91;776455;14535296.000
09/01/2004;1.89;1.90;1.87;1.87;116160;2151774.000
09/02/2004;1.86;1.88;1.83;1.86;137248;2518718.000
09/03/2004;1.87;1.88;1.86;1.86;96116;1776715.000
09/06/2004;1.86;1.90;1.86;1.88;106098;1965603.000
09/07/2004;1.89;1.89;1.87;1.89;56560;1051276.000
09/08/2004;1.89;1.89;1.86;1.88;74624;1385140.000
09/09/2004;1.86;1.86;1.81;1.81;252800;4568831.000
09/10/2004;1.81;1.83;1.80;1.83;118782;2135772.000
09/13/2004;1.81;1.82;1.75;1.75;171182;3021422.000
09/14/2004;1.78;1.86;1.76;1.80;154556;2769705.000
09/15/2004;1.80;1.92;1.78;1.89;1283065;23835278.000
09/16/2004;1.93;1.93;1.88;1.91;986136;18486014.000
09/17/2004;1.92;2.02;1.91;2.00;1362673;26195984.000
09/20/2004;2.04;2.17;2.03;2.13;2336564;47690032.000
09/21/2004;2.13;2.13;2.06;2.09;1471144;29850396.000
09/22/2004;2.07;2.10;2.03;2.06;1147453;22988016.000
09/23/2004;2.06;2.26;2.05;2.26;2093043;43688640.000
09/24/2004;2.29;2.35;2.16;2.16;3975587;86907664.000
09/27/2004;2.18;2.24;2.09;2.10;924232;19187180.000
09/28/2004;2.09;2.16;2.07;2.13;537346;10974575.000
09/29/2004;2.13;2.23;2.11;2.18;920135;19320404.000
09/30/2004;2.17;2.24;2.14;2.18;567800;11940754.000
10/08/2004;2.19;2.36;2.16;2.35;1532898;33565108.000
10/11/2004;2.37;2.43;2.29;2.31;1629257;36800096.000
10/12/2004;2.30;2.36;2.23;2.26;900979;19577318.000
10/13/2004;2.27;2.30;2.23;2.28;407281;8812838.000
10/14/2004;2.28;2.28;2.04;2.05;1034861;21252444.000
10/15/2004;2.00;2.08;1.96;2.03;716751;14115017.000
10/18/2004;2.02;2.07;1.99;2.02;567193;11158438.000
10/19/2004;2.06;2.13;2.04;2.06;875441;17805516.000
10/20/2004;2.04;2.05;2.01;2.03;581175;11460764.000
10/21/2004;2.03;2.06;2.00;2.03;402602;7968853.000
10/22/2004;2.03;2.16;2.03;2.12;821814;16821388.000
10/26/2004;2.11;2.12;1.99;2.04;932240;18505870.000
10/27/2004;2.12;2.18;2.05;2.10;2027997;40813552.000
10/28/2004;2.13;2.13;2.05;2.06;858181;17368904.000
10/29/2004;2.00;2.03;1.92;1.98;2412898;46881464.000
11/01/2004;1.98;1.98;1.91;1.96;977293;18687034.000
11/02/2004;1.96;2.02;1.96;1.98;913170;17753138.000
11/03/2004;1.99;2.02;1.97;1.98;1261125;24535816.000
11/04/2004;2.01;2.01;1.90;1.92;632300;12005158.000
11/05/2004;1.92;1.93;1.89;1.90;371306;6949759.000
11/08/2004;1.89;1.90;1.85;1.86;264200;4882110.000
11/09/2004;1.88;1.88;1.85;1.86;217425;4008610.000
11/10/2004;1.87;1.98;1.86;1.95;1092220;20721372.000
11/11/2004;1.96;2.01;1.93;1.94;914513;17739762.000
11/12/2004;1.94;1.97;1.91;1.92;337215;6405476.000
11/15/2004;1.92;2.00;1.92;1.98;418924;8044620.000
11/16/2004;2.00;2.00;1.95;1.97;328546;6339180.000
11/17/2004;1.96;1.96;1.93;1.93;357192;6799502.000
11/18/2004;1.96;1.96;1.93;1.95;250291;4765174.000
11/19/2004;1.96;1.96;1.94;1.95;326903;6260288.000
11/22/2004;1.96;2.01;1.95;2.00;1206505;23493832.000
11/23/2004;2.01;2.01;1.98;1.99;457115;8908878.000
11/24/2004;1.99;1.99;1.93;1.93;391400;7508844.000
11/25/2004;1.93;1.96;1.92;1.94;241273;4584728.000
11/26/2004;1.94;1.96;1.93;1.96;138252;2639389.000
11/29/2004;1.96;1.96;1.90;1.90;208300;3942709.000
11/30/2004;1.90;1.93;1.89;1.90;175272;3300632.000
12/01/2004;1.91;1.93;1.89;1.90;119130;2235993.000
12/02/2004;1.89;1.90;1.87;1.88;257545;4785273.000
12/03/2004;1.89;1.91;1.88;1.88;213722;3984248.000
12/06/2004;1.88;1.92;1.88;1.89;177800;3315160.000
12/07/2004;1.91;1.91;1.86;1.86;194070;3598443.000
12/08/2004;1.86;1.91;1.86;1.88;176162;3288661.000
12/09/2004;1.87;1.97;1.87;1.93;428584;8109757.000
12/10/2004;1.93;1.93;1.87;1.88;149611;2801064.000
12/13/2004;1.88;1.92;1.88;1.91;250299;4686645.000
12/14/2004;1.91;1.91;1.89;1.89;210686;3949537.000
12/15/2004;1.89;1.90;1.87;1.89;185690;3458969.000
12/16/2004;1.89;1.89;1.84;1.84;409193;7512146.000
12/17/2004;1.84;1.86;1.82;1.82;264687;4799230.000
12/21/2004;1.81;1.81;1.77;1.79;354185;6348281.000
12/22/2004;1.81;1.83;1.80;1.82;841318;15163013.000
12/23/2004;1.83;1.84;1.78;1.79;376543;6763331.000
12/24/2004;1.80;1.81;1.77;1.78;436894;7746291.000
12/27/2004;1.77;1.79;1.77;1.77;186364;3300605.000
12/28/2004;1.77;1.77;1.75;1.76;280400;4933038.000
12/29/2004;1.76;1.79;1.75;1.76;253800;4464341.000
12/30/2004;1.76;1.76;1.72;1.73;235535;4104403.000
12/31/2004;1.72;1.74;1.71;1.71;229225;3961169.000
01/04/2005;1.72;1.72;1.58;1.59;606710;9963113.000
01/05/2005;1.56;1.62;1.56;1.60;649035;10569290.000
01/06/2005;1.60;1.61;1.45;1.47;1822823;28042516.000
01/07/2005;1.45;1.47;1.40;1.43;1593886;23744564.000
01/10/2005;1.43;1.46;1.40;1.46;998144;14820612.000
01/11/2005;1.45;1.47;1.44;1.45;467710;7074938.000
01/12/2005;1.45;1.64;1.45;1.61;2014177;32357992.000
01/13/2005;1.61;1.63;1.58;1.60;926145;15114253.000
01/14/2005;1.61;1.61;1.53;1.53;1194335;19025716.000
01/17/2005;1.53;1.53;1.47;1.52;528488;8217108.000
01/18/2005;1.52;1.60;1.52;1.59;494747;7961826.000
01/19/2005;1.60;1.60;1.54;1.55;425830;6841707.000
01/20/2005;1.55;1.57;1.49;1.54;417972;6566986.000
01/21/2005;1.52;1.67;1.52;1.65;1218036;20027402.000
01/24/2005;1.69;1.72;1.64;1.66;566762;9562966.000
01/25/2005;1.65;1.68;1.60;1.66;399380;6701855.000
01/26/2005;1.67;1.68;1.61;1.63;333800;5542423.000
01/27/2005;1.63;1.63;1.57;1.58;319614;5197392.000
01/28/2005;1.56;1.59;1.53;1.56;222121;3529040.000
01/31/2005;1.55;1.55;1.51;1.53;212387;3329215.000
02/01/2005;1.53;1.58;1.53;1.54;384490;6103508.000
02/02/2005;1.57;1.67;1.53;1.66;610820;10108222.000
02/03/2005;1.69;1.70;1.63;1.67;1632723;27555920.000
02/04/2005;1.66;1.71;1.65;1.71;558637;9513324.000
02/16/2005;1.72;1.85;1.72;1.80;1622100;29213464.000
02/17/2005;1.82;1.83;1.78;1.83;574294;10337675.000
02/18/2005;1.84;1.84;1.77;1.78;610180;10913939.000
02/21/2005;1.77;1.83;1.77;1.80;389951;6996845.000
02/22/2005;1.82;1.88;1.80;1.87;635315;11627431.000
02/23/2005;1.88;1.88;1.81;1.83;854900;15553790.000
02/24/2005;1.81;1.83;1.78;1.81;735588;13209122.000
02/25/2005;1.80;1.83;1.80;1.81;1338487;24098836.000
02/28/2005;1.80;1.87;1.80;1.85;887854;16278861.000
03/01/2005;1.85;1.86;1.81;1.82;364702;6587178.000
03/02/2005;1.82;1.83;1.76;1.76;601417;10757060.000
03/03/2005;1.75;1.76;1.73;1.76;405037;7090702.000
03/04/2005;1.76;1.78;1.74;1.75;264020;4635566.000
03/07/2005;1.77;1.78;1.75;1.77;297909;5273874.000
03/08/2005;1.77;1.86;1.77;1.85;793922;14484375.000
03/09/2005;1.87;2.00;1.87;1.97;2702690;52064736.000
03/10/2005;1.97;2.01;1.92;1.94;2223741;43061108.000
03/11/2005;1.93;2.00;1.90;2.00;1771840;33962464.000
03/14/2005;2.00;2.12;1.98;2.06;2108113;41954448.000
03/15/2005;2.06;2.09;1.97;1.98;1534011;30386952.000
03/16/2005;1.98;1.99;1.89;1.92;994125;18799688.000
03/17/2005;1.88;1.90;1.81;1.83;1451495;26443686.000
03/18/2005;1.83;1.84;1.80;1.81;687799;12418412.000
03/21/2005;1.81;1.87;1.77;1.87;492191;8893553.000
03/22/2005;1.86;1.91;1.80;1.83;1167085;21303536.000
03/23/2005;1.79;1.86;1.79;1.80;566383;10226005.000
03/24/2005;1.79;1.80;1.63;1.67;1159025;19863432.000
03/25/2005;1.68;1.70;1.65;1.67;563382;9505083.000
03/28/2005;1.66;1.70;1.66;1.69;337624;5724434.000
03/29/2005;1.74;1.74;1.65;1.65;464017;7850537.000
03/30/2005;1.65;1.65;1.50;1.52;1082545;17205268.000
03/31/2005;1.51;1.52;1.48;1.51;631050;9793151.000
04/01/2005;1.51;1.68;1.49;1.62;1141651;18184756.000
04/04/2005;1.59;1.62;1.54;1.58;610848;9887771.000
04/05/2005;1.57;1.61;1.54;1.57;325310;5228600.000
04/06/2005;1.57;1.66;1.56;1.64;794481;12991849.000
04/07/2005;1.64;1.78;1.64;1.73;1493756;25785604.000
04/08/2005;1.74;1.75;1.69;1.74;636515;11032748.000
04/11/2005;1.75;1.82;1.72;1.76;871129;15401234.000
04/12/2005;1.75;1.79;1.72;1.72;510637;8895512.000
04/13/2005;1.77;1.85;1.77;1.82;1968966;35545124.000
04/14/2005;1.82;1.96;1.80;1.84;3361985;62285272.000
04/15/2005;1.81;1.85;1.75;1.79;1009799;18137832.000
04/18/2005;1.79;1.79;1.68;1.69;850684;14725199.000
04/19/2005;1.69;1.73;1.65;1.71;630931;10719639.000
04/20/2005;1.70;1.72;1.68;1.69;488946;8321561.000
04/21/2005;1.70;1.71;1.59;1.62;810745;13505242.000
04/22/2005;1.62;1.66;1.59;1.61;863965;14140641.000
04/25/2005;1.59;1.60;1.52;1.54;1418063;22481714.000
04/26/2005;1.54;1.66;1.53;1.64;1008244;16708158.000
04/27/2005;1.64;1.71;1.64;1.69;690575;11728359.000
04/28/2005;1.69;1.73;1.66;1.71;672566;11516312.000
04/29/2005;1.69;1.72;1.68;1.68;663622;11314711.000
05/11/2005;1.89;1.89;1.89;1.89;303658;5663222.000
05/12/2005;2.12;2.12;1.93;1.99;6719126;131046448.000
05/13/2005;1.96;1.96;1.83;1.87;3680695;68181680.000
05/16/2005;2.00;2.04;1.92;1.95;4194565;81229560.000
05/17/2005;1.93;1.96;1.87;1.95;1522606;28856948.000
05/18/2005;1.93;1.95;1.88;1.92;1546866;29132628.000
05/19/2005;1.92;1.94;1.91;1.93;1015138;19265642.000
05/20/2005;1.93;2.01;1.92;2.01;1741774;33766652.000
05/23/2005;1.98;2.03;1.94;2.00;1335513;25981924.000
05/24/2005;1.98;2.02;1.95;2.01;1826146;35550872.000
05/25/2005;2.18;2.18;2.03;2.06;1701306;34201108.000
05/26/2005;2.06;2.09;2.04;2.06;1169092;23390148.000
05/27/2005;2.06;2.12;2.04;2.05;1178893;23833954.000
05/31/2005;2.05;2.08;1.92;1.95;4205358;80259304.000
06/01/2005;1.93;2.02;1.91;2.02;3188611;61388348.000
06/14/2005;2.26;2.26;2.21;2.26;5627085;121780648.000
06/15/2005;2.39;2.53;2.34;2.53;12158483;286410176.000
06/17/2005;2.60;2.67;2.32;2.45;13832915;232651488.000
06/20/2005;2.42;2.42;2.18;2.28;8585375;131702880.000
06/21/2005;2.25;2.39;2.21;2.33;7564984;120213424.000
06/22/2005;2.30;2.30;2.22;2.25;3747849;57685168.000
06/23/2005;2.24;2.29;2.22;2.25;2988680;46124584.000
06/24/2005;2.25;2.34;2.24;2.31;4916303;77320168.000
06/27/2005;2.36;2.42;2.32;2.37;5960174;95997488.000
06/28/2005;2.35;2.35;2.27;2.30;3700631;58049716.000
06/29/2005;2.31;2.35;2.28;2.30;3116061;49204700.000
06/30/2005;2.30;2.37;2.25;2.28;3277048;25639646.000
07/01/2005;2.25;2.26;2.05;2.05;7850876;55917928.000
07/04/2005;2.00;2.18;1.91;2.14;8536060;60310548.000
07/05/2005;2.11;2.17;2.08;2.09;4722441;34130996.000
07/06/2005;2.12;2.16;2.08;2.11;3277764;23561396.000
07/07/2005;2.11;2.15;2.09;2.11;2932205;21135060.000
07/08/2005;2.10;2.13;1.99;2.00;4350030;29941240.000
07/11/2005;2.05;2.09;1.92;1.94;3689768;25243956.000
07/12/2005;1.92;2.04;1.89;2.01;5547008;37645036.000
07/13/2005;2.00;2.00;1.92;1.93;3721960;24881836.000
07/14/2005;1.94;1.97;1.93;1.93;2265312;15124157.000
07/15/2005;1.93;1.95;1.84;1.87;5295653;34468108.000
07/18/2005;1.85;1.92;1.76;1.91;5940927;37892832.000
07/19/2005;1.91;1.92;1.87;1.91;3067817;20021012.000
07/20/2005;1.90;1.91;1.87;1.89;2168520;14118536.000
07/21/2005;1.89;1.89;1.83;1.87;2128670;13657842.000
07/22/2005;1.87;1.95;1.85;1.91;4406003;28931378.000
07/25/2005;1.90;1.90;1.85;1.89;2614084;16866040.000
07/26/2005;1.88;1.94;1.86;1.92;3615602;23824004.000
07/27/2005;1.92;2.14;1.89;2.14;11124570;78508800.000
07/28/2005;2.19;2.32;2.18;2.19;23349761;176793552.000
07/29/2005;2.19;2.27;2.16;2.23;10252004;76977296.000
08/01/2005;2.25;2.33;2.20;2.27;12612328;96193968.000
08/02/2005;2.27;2.28;2.20;2.27;8437414;63943212.000
08/03/2005;2.27;2.50;2.24;2.41;24817955;198056352.000
08/04/2005;2.38;2.42;2.32;2.36;14529729;115391224.000
08/05/2005;2.35;2.41;2.33;2.38;11517923;91640616.000
08/08/2005;2.39;2.41;2.34;2.36;8676848;68745200.000
08/09/2005;2.35;2.35;2.26;2.31;9691361;74629840.000
08/10/2005;2.31;2.40;2.28;2.35;8957353;70597000.000
08/11/2005;2.35;2.35;2.28;2.30;8653571;67126080.000
08/12/2005;2.30;2.41;2.30;2.40;16153937;128555704.000
08/15/2005;2.40;2.47;2.36;2.42;12207102;98657664.000
08/16/2005;2.42;2.43;2.29;2.30;10079102;79103216.000
08/17/2005;2.30;2.30;2.20;2.27;8312332;62653056.000
08/18/2005;2.26;2.34;2.16;2.18;11555735;87896104.000
08/19/2005;2.14;2.20;2.04;2.10;8161862;58122636.000
08/22/2005;2.09;2.10;2.05;2.07;4769017;33571660.000
08/23/2005;2.07;2.15;2.05;2.12;5981908;42663840.000
08/24/2005;2.11;2.12;2.07;2.08;4095399;29086148.000
08/25/2005;2.05;2.07;1.99;2.01;5623458;38662292.000
08/26/2005;2.00;2.08;1.99;2.03;3776691;26262312.000
08/29/2005;2.03;2.03;1.94;1.95;4218150;28408104.000
08/30/2005;1.95;2.10;1.95;2.02;7108487;49389924.000
08/31/2005;2.01;2.03;1.98;2.02;3512251;24042798.000
09/01/2005;2.02;2.03;1.98;2.02;5767409;39517888.000
09/02/2005;2.02;2.05;2.01;2.02;3965554;27393112.000
09/05/2005;2.02;2.02;1.99;2.02;3355567;22991046.000
09/06/2005;2.02;2.08;2.01;2.02;6421169;44877844.000
09/07/2005;2.02;2.03;1.96;2.02;3881647;26503456.000
09/08/2005;2.03;2.12;2.01;2.10;8819653;62142432.000
09/09/2005;2.10;2.11;2.03;2.05;4142392;29168152.000
09/12/2005;2.05;2.09;2.04;2.06;2264231;15934307.000
09/13/2005;2.05;2.08;2.04;2.08;2893651;20356220.000
09/14/2005;2.08;2.10;2.06;2.09;4582848;32501246.000
09/15/2005;2.08;2.10;2.05;2.06;3601390;25432520.000
09/16/2005;2.06;2.07;2.01;2.03;4286556;29731482.000
09/19/2005;2.02;2.07;2.01;2.06;3350417;23405004.000
09/20/2005;2.05;2.20;2.05;2.13;13418723;97525888.000
09/21/2005;2.13;2.14;2.07;2.08;5948702;42319724.000
09/22/2005;2.07;2.08;1.92;1.95;4895296;33275584.000
09/23/2005;1.94;1.97;1.92;1.93;2446680;16289974.000
09/27/2005;1.94;1.99;1.85;1.85;3298355;21662400.000
09/28/2005;1.85;1.88;1.81;1.82;2040766;12974014.000
09/29/2005;1.82;1.87;1.80;1.84;2429646;15360380.000
09/30/2005;1.84;1.85;1.81;1.82;2317292;14622971.000
10/10/2005;1.82;1.90;1.81;1.89;2758613;17797272.000
10/11/2005;1.87;1.92;1.86;1.90;2174720;14221730.000
10/12/2005;1.90;1.91;1.85;1.89;2301993;14920888.000
10/13/2005;1.89;1.90;1.87;1.87;1666539;10814302.000
10/14/2005;1.86;1.87;1.82;1.83;1888460;11987688.000
10/17/2005;1.82;1.82;1.77;1.79;2424737;15002666.000
10/18/2005;1.79;1.82;1.77;1.80;2474206;15354795.000
10/19/2005;1.80;1.80;1.75;1.76;2810149;17279630.000
10/20/2005;1.74;1.75;1.68;1.70;3689525;21872652.000
10/21/2005;1.70;1.74;1.68;1.73;2093970;12545033.000
10/24/2005;1.73;1.73;1.68;1.69;1698820;10077970.000
10/25/2005;1.69;1.69;1.64;1.65;2295159;13377468.000
10/26/2005;1.64;1.64;1.57;1.58;3249547;18194728.000
10/27/2005;1.58;1.60;1.57;1.59;1713526;9600671.000
10/28/2005;1.59;1.61;1.57;1.57;1924690;10764418.000
10/31/2005;1.57;1.64;1.55;1.63;2673371;15038956.000
11/01/2005;1.62;1.64;1.56;1.59;2127103;11904679.000
11/02/2005;1.60;1.65;1.59;1.63;2957135;16836904.000
11/03/2005;1.63;1.63;1.58;1.60;1924654;10898558.000
11/04/2005;1.59;1.64;1.56;1.63;2680513;15166207.000
11/07/2005;1.61;1.62;1.59;1.61;1355759;7657211.000
11/08/2005;1.62;1.64;1.60;1.63;1575585;8986840.000
11/09/2005;1.63;1.68;1.61;1.64;2929172;17011928.000
11/10/2005;1.64;1.65;1.57;1.58;1987500;11227948.000
11/11/2005;1.57;1.60;1.56;1.59;1146206;6399983.000
11/14/2005;1.59;1.59;1.52;1.55;1622380;8889753.000
11/15/2005;1.55;1.57;1.52;1.54;1186374;6497779.000
11/16/2005;1.53;1.57;1.52;1.57;972735;5327307.000
11/17/2005;1.57;1.59;1.56;1.57;1237174;6891350.000
11/18/2005;1.56;1.71;1.56;1.68;4904547;28545136.000
11/21/2005;1.68;1.70;1.65;1.67;2539805;14871951.000
11/22/2005;1.68;1.68;1.61;1.61;1783082;10247919.000
11/23/2005;1.61;1.64;1.61;1.63;1505261;8630698.000
11/24/2005;1.62;1.68;1.62;1.67;2109635;12291421.000
11/25/2005;1.66;1.73;1.66;1.72;4248270;25207942.000
11/28/2005;1.73;1.73;1.69;1.70;2038187;12119298.000
11/29/2005;1.67;1.72;1.66;1.67;2277343;13450019.000
11/30/2005;1.66;1.72;1.65;1.71;1570179;9273662.000
12/01/2005;1.69;1.74;1.69;1.72;2613456;15686142.000
12/02/2005;1.72;1.72;1.67;1.67;1516120;8993660.000
12/05/2005;1.67;1.67;1.62;1.63;1240080;7168882.000
12/06/2005;1.62;1.65;1.61;1.63;754013;4330921.000
12/07/2005;1.64;1.69;1.64;1.68;1546090;9047278.000
12/08/2005;1.67;1.72;1.66;1.69;1219728;7211197.000
12/09/2005;1.69;1.74;1.69;1.73;2930149;17625552.000
12/12/2005;1.74;1.74;1.70;1.72;1675523;10060017.000
12/13/2005;1.72;1.78;1.71;1.78;3670751;22372500.000
12/14/2005;1.78;1.84;1.74;1.84;6720675;42127864.000
12/15/2005;1.84;1.86;1.81;1.81;3950438;25016550.000
12/16/2005;1.80;1.93;1.79;1.92;5607545;36232672.000
12/19/2005;1.92;1.93;1.88;1.92;3693115;24308916.000
12/20/2005;1.91;1.93;1.86;1.93;2763802;18100944.000
12/21/2005;1.92;2.02;1.91;1.94;3082524;20591352.000
12/22/2005;1.93;1.96;1.89;1.94;1924549;12706088.000
12/23/2005;1.93;2.00;1.93;1.94;2824051;19052298.000
12/26/2005;1.95;2.00;1.95;1.99;3271727;22189898.000
12/27/2005;2.01;2.01;1.96;1.99;2235104;15136526.000
12/28/2005;1.99;1.99;1.94;1.95;2116112;14148204.000
12/29/2005;1.95;1.97;1.94;1.95;1966883;13143510.000
12/30/2005;1.95;1.97;1.89;1.93;2055243;13665591.000
01/04/2006;1.93;2.03;1.90;2.00;3043740;20657424.000
01/05/2006;2.00;2.00;1.95;1.98;2236420;15143390.000
01/06/2006;1.98;2.02;1.95;2.00;4051688;27692892.000
01/09/2006;1.99;2.02;1.96;1.99;4008532;27170262.000
01/10/2006;1.99;2.00;1.93;1.96;2888189;19351552.000
01/11/2006;1.96;1.96;1.87;1.87;4997943;32785648.000
01/12/2006;1.87;1.91;1.84;1.89;7069474;45474680.000
01/13/2006;1.89;1.92;1.87;1.88;4097281;26657980.000
01/16/2006;1.88;1.88;1.80;1.80;3840634;24223836.000
01/17/2006;1.80;1.84;1.78;1.79;3048127;19081600.000
01/18/2006;1.79;1.85;1.79;1.84;4668442;29470684.000
01/19/2006;1.84;1.86;1.83;1.84;3410243;21713548.000
01/20/2006;1.85;1.94;1.84;1.94;6550087;42849244.000
01/23/2006;1.93;1.95;1.89;1.91;2662226;17551984.000
01/24/2006;1.91;1.92;1.86;1.87;2918176;18853608.000
01/25/2006;1.86;1.88;1.83;1.87;1808354;11583631.000
02/06/2006;1.88;1.93;1.85;1.91;3749502;24470688.000
02/07/2006;1.91;1.95;1.89;1.95;5691262;37783452.000
02/08/2006;1.95;1.95;1.90;1.94;2585096;17042944.000
02/09/2006;1.94;1.94;1.90;1.90;2574390;16891334.000
02/10/2006;1.90;1.90;1.86;1.87;2600516;16848806.000
02/13/2006;1.87;1.90;1.84;1.89;3527622;22722018.000
02/14/2006;1.89;1.91;1.87;1.91;3075224;19984794.000
02/15/2006;1.91;1.93;1.90;1.92;3281385;21637254.000
02/16/2006;1.93;1.93;1.82;1.83;4037710;25914052.000
02/17/2006;1.82;1.83;1.75;1.78;3054568;18893628.000
02/20/2006;1.77;1.80;1.76;1.79;2357126;14590109.000
02/21/2006;1.78;1.81;1.75;1.80;2064298;12705095.000
02/22/2006;1.79;1.79;1.74;1.75;3901050;23902340.000
02/23/2006;1.75;1.78;1.74;1.77;1195937;7322756.000
02/24/2006;1.77;1.78;1.76;1.77;1574739;9667176.000
02/27/2006;1.76;1.77;1.75;1.76;1731019;10618412.000
02/28/2006;1.76;1.76;1.71;1.74;2835429;17098376.000
03/01/2006;1.74;1.77;1.72;1.76;3775079;22917528.000
03/02/2006;1.76;1.76;1.69;1.70;4482965;26931498.000
03/03/2006;1.69;1.71;1.67;1.67;3239917;19044194.000
03/06/2006;1.67;1.70;1.67;1.69;1052703;6220758.000
03/07/2006;1.70;1.70;1.64;1.64;1900200;11055572.000
03/08/2006;1.64;1.66;1.63;1.63;1580862;9103602.000
03/09/2006;1.63;1.67;1.63;1.63;1413500;8160486.000
03/10/2006;1.64;1.65;1.63;1.64;1137751;6565347.000
03/13/2006;1.65;1.72;1.65;1.71;3020600;17903368.000
03/14/2006;1.71;1.73;1.68;1.73;2486954;14823366.000
03/15/2006;1.72;1.80;1.71;1.79;7350287;45224912.000
03/16/2006;1.79;1.80;1.76;1.80;2559624;15842724.000
03/17/2006;1.80;1.82;1.78;1.80;2439747;15189266.000
03/20/2006;1.80;1.82;1.76;1.81;2487786;15482547.000
03/21/2006;1.83;1.84;1.80;1.82;3040075;19162830.000
03/22/2006;1.85;2.03;1.84;2.03;14076282;94022192.000
03/23/2006;2.09;2.15;1.97;1.98;15731311;111620280.000
03/24/2006;1.97;2.21;1.95;2.18;24964424;181352976.000
03/27/2006;2.16;2.35;2.11;2.22;16660918;125576768.000
03/28/2006;2.22;2.27;2.19;2.24;8676400;65168480.000
03/29/2006;2.24;2.28;2.19;2.21;6685761;50345892.000
03/30/2006;2.20;2.25;2.08;2.12;5423152;40035256.000
03/31/2006;2.09;2.14;2.05;2.12;5887286;41946152.000
04/03/2006;2.12;2.36;2.08;2.30;11579045;87878176.000
04/04/2006;2.29;2.55;2.27;2.54;14471851;116764936.000
04/05/2006;2.54;2.61;2.46;2.52;9891991;83283968.000
04/06/2006;2.52;2.80;2.47;2.60;12807083;113199384.000
04/07/2006;2.59;2.82;2.56;2.72;11506026;102837832.000
04/10/2006;2.71;2.77;2.65;2.72;5575792;49808632.000
04/11/2006;2.73;2.75;2.53;2.59;9405324;81081376.000
04/12/2006;2.58;2.58;2.48;2.53;8428213;70488200.000
04/13/2006;2.50;2.53;2.27;2.32;11919591;95392840.000
04/14/2006;2.29;2.44;2.27;2.42;11121218;87288552.000
04/17/2006;2.38;2.50;2.35;2.41;7569606;61789784.000
04/18/2006;2.42;2.42;2.29;2.31;9008798;70651048.000
04/19/2006;2.29;2.43;2.29;2.43;8458917;66718836.000
04/20/2006;2.45;2.62;2.43;2.58;14106426;119860368.000
04/21/2006;2.59;2.72;2.51;2.59;8068180;69915040.000
04/24/2006;2.58;2.58;2.35;2.40;8060486;65976680.000
04/25/2006;2.40;2.57;2.33;2.48;7409259;60614000.000
04/26/2006;2.47;2.57;2.39;2.54;9350001;78061112.000
04/27/2006;2.54;2.68;2.51;2.60;8812204;76389608.000
04/28/2006;2.59;2.63;2.44;2.58;7855326;65953248.000
05/08/2006;2.56;2.73;2.51;2.72;9557319;84652872.000
05/09/2006;2.72;2.99;2.69;2.92;12333117;116350792.000
05/10/2006;2.93;3.24;2.92;3.15;16759070;170405920.000
05/11/2006;3.15;3.35;3.03;3.04;12425332;130009880.000
05/12/2006;3.01;3.35;2.97;3.34;9255994;95125112.000
05/15/2006;3.34;3.46;3.22;3.40;12108270;131263464.000
05/16/2006;3.38;3.38;3.03;3.03;12818093;133257320.000
05/17/2006;3.00;3.13;2.90;2.93;6240590;60991480.000
05/18/2006;2.92;2.97;2.75;2.89;6462921;60485892.000
05/19/2006;2.88;3.14;2.85;3.06;6082921;60769020.000
05/22/2006;3.05;3.22;3.05;3.08;5261397;53579640.000
05/23/2006;3.05;3.06;2.89;2.89;5196433;50428312.000
05/24/2006;2.89;3.00;2.62;2.76;4766104;43696092.000
05/25/2006;2.77;2.83;2.69;2.80;2125086;19463234.000
05/29/2006;2.89;3.11;2.89;3.11;5020078;50354820.000
05/30/2006;3.23;3.45;3.22;3.45;12049685;133297720.000
05/31/2006;3.55;3.71;3.30;3.38;10681470;120993592.000
06/01/2006;3.32;3.52;3.27;3.52;6124296;68777280.000
06/02/2006;3.52;3.67;3.45;3.55;6420450;73622976.000
06/05/2006;3.49;3.61;3.30;3.45;3630128;40432184.000
06/06/2006;3.45;3.46;3.30;3.35;3443950;37602752.000
06/07/2006;3.35;3.45;3.11;3.15;4383796;46656548.000
06/08/2006;3.15;3.36;3.11;3.35;3704404;38560600.000
06/09/2006;3.39;3.41;3.14;3.15;3537319;37657300.000
06/12/2006;3.12;3.36;3.05;3.34;2845752;29897704.000
06/13/2006;3.38;3.70;3.35;3.64;14119489;166504576.000
06/14/2006;3.61;3.61;3.44;3.53;5686244;64671316.000
06/15/2006;3.45;3.54;3.34;3.37;3431933;38111744.000
06/16/2006;3.38;3.65;3.38;3.54;4526382;51742792.000
06/19/2006;3.55;3.68;3.37;3.58;5400390;61390312.000
06/20/2006;3.56;3.57;3.45;3.47;2474841;27969642.000
06/21/2006;3.46;3.74;3.46;3.59;6327790;74356824.000
06/22/2006;3.55;3.65;3.49;3.62;2526069;29186890.000
06/23/2006;3.62;3.62;3.49;3.58;2264634;26026136.000
06/26/2006;3.57;3.79;3.56;3.70;3781529;45207552.000
06/27/2006;3.71;4.10;3.64;4.10;6974928;87490848.000
06/28/2006;4.13;4.18;3.97;4.10;4543571;59441616.000
06/29/2006;4.31;4.50;4.22;4.32;6219411;85995416.000
06/30/2006;4.32;4.59;4.18;4.52;5906327;82834880.000
07/03/2006;4.49;4.79;4.39;4.61;4683809;69174192.000
07/04/2006;4.59;4.75;4.53;4.67;3472124;51203308.000
07/05/2006;4.72;4.84;4.48;4.60;2204469;32147068.000
07/06/2006;4.58;4.82;4.56;4.76;3913798;59091160.000
07/07/2006;4.76;4.82;4.62;4.65;2521363;37733356.000
07/10/2006;4.59;4.59;4.49;4.49;3955407;56952656.000
07/11/2006;4.45;4.45;4.29;4.34;3870959;53880224.000
07/12/2006;4.39;4.72;4.38;4.62;3034863;44107156.000
07/13/2006;4.62;4.62;4.18;4.23;5220092;72066840.000
07/14/2006;4.22;4.31;4.15;4.20;1767503;24003380.000
07/17/2006;4.20;4.38;4.10;4.24;1681618;22886972.000
07/18/2006;4.25;4.38;4.17;4.38;1646349;22691068.000
07/19/2006;4.38;4.43;4.15;4.19;2364813;32162890.000
07/20/2006;4.19;4.22;4.09;4.17;1392455;18498254.000
07/21/2006;4.16;4.26;4.16;4.22;488443;6591092.000
07/24/2006;4.15;4.23;3.99;4.22;1841721;24273278.000
07/25/2006;4.22;4.30;4.16;4.20;2646133;35656164.000
07/26/2006;4.23;4.24;4.05;4.11;2357042;31173076.000
07/27/2006;4.09;4.15;3.99;4.02;1870327;24314220.000
07/28/2006;4.01;4.05;3.79;3.91;1820125;22716356.000
07/31/2006;3.82;3.89;3.57;3.58;2546726;30356882.000
08/01/2006;3.55;3.73;3.51;3.71;2426644;28742204.000
08/02/2006;3.69;3.73;3.55;3.72;1521340;18080884.000
08/03/2006;3.72;3.79;3.59;3.64;1029589;12220540.000
08/04/2006;3.65;3.69;3.46;3.47;1531100;17637820.000
08/07/2006;3.44;3.44;3.24;3.29;2508892;27159402.000
08/08/2006;3.29;3.47;3.29;3.45;1201110;13205796.000
08/09/2006;3.43;3.50;3.37;3.50;766456;8545860.000
08/10/2006;3.44;3.54;3.44;3.50;523703;5930689.000
08/11/2006;3.50;3.71;3.47;3.62;1165318;13578990.000
08/14/2006;3.60;3.67;3.44;3.45;1367602;15789220.000
08/15/2006;3.45;3.55;3.39;3.53;912226;10244591.000
08/16/2006;3.52;3.67;3.49;3.66;2297666;26866124.000
08/17/2006;3.66;3.66;3.55;3.65;841693;9825877.000
08/18/2006;3.64;3.70;3.61;3.63;1610577;18991272.000
08/21/2006;3.39;3.69;3.32;3.68;2237048;25664664.000
08/22/2006;3.68;3.74;3.62;3.67;1193075;14218944.000
08/23/2006;3.67;3.74;3.62;3.64;990505;11761201.000
08/24/2006;3.64;3.66;3.56;3.63;407987;4777167.000
08/25/2006;3.65;3.71;3.63;3.65;777653;9220849.000
08/28/2006;3.66;3.93;3.62;3.89;2809030;34451856.000
08/29/2006;3.92;4.13;3.89;4.01;3261831;42199220.000
08/30/2006;4.01;4.04;3.92;4.00;1129643;14446885.000
08/31/2006;4.00;4.09;3.91;3.94;1499676;19153810.000
09/01/2006;3.95;4.00;3.81;3.85;1060210;13260153.000
09/05/2006;3.97;4.13;3.92;4.09;3827323;50052508.000
09/06/2006;4.10;4.12;4.02;4.04;1306000;17025686.000
09/07/2006;4.07;4.07;3.93;3.98;877212;11173795.000
09/08/2006;3.97;4.22;3.95;4.13;3095672;41034904.000
09/11/2006;4.15;4.20;4.03;4.15;1054902;13863621.000
09/12/2006;4.18;4.22;4.07;4.16;1798628;24037612.000
09/13/2006;4.15;4.25;4.15;4.16;2800033;37714808.000
09/14/2006;4.15;4.15;3.96;4.02;2282729;29495844.000
09/15/2006;4.02;4.08;3.98;4.02;1118184;14407342.000
09/18/2006;4.04;4.12;4.04;4.07;1063281;13931842.000
09/19/2006;4.08;4.25;4.05;4.21;2189825;29225722.000
09/20/2006;4.20;4.35;4.12;4.33;2957491;40499212.000
09/21/2006;4.25;4.41;4.25;4.39;2805689;39172640.000
09/22/2006;4.39;4.51;4.30;4.47;2595016;36852524.000
09/25/2006;4.46;4.49;4.25;4.38;2972750;41850392.000
09/26/2006;4.37;4.47;4.30;4.45;1342635;18826516.000
09/27/2006;4.45;4.50;4.39;4.44;850446;12098892.000
09/28/2006;4.44;4.92;4.44;4.92;5566330;85680944.000
09/29/2006;4.92;5.32;4.89;5.15;4516485;73374936.000
10/09/2006;5.17;5.51;5.06;5.29;3353063;56006120.000
10/10/2006;5.22;5.41;5.12;5.39;3446818;58089040.000
10/11/2006;5.24;5.65;5.24;5.57;3438319;59600648.000
10/12/2006;5.62;5.76;5.37;5.48;3939635;68967128.000
10/13/2006;5.46;5.47;5.15;5.33;2390516;40148164.000
10/16/2006;5.33;5.64;5.25;5.52;2249016;38446100.000
10/17/2006;5.52;5.79;5.39;5.70;2735604;48915108.000
10/18/2006;5.82;5.82;5.59;5.71;1933708;34718064.000
10/19/2006;5.65;5.85;5.59;5.60;2146305;38615064.000
10/20/2006;5.60;5.78;5.55;5.62;1523482;27050696.000
10/23/2006;5.65;5.69;5.32;5.41;2004037;34437988.000
10/24/2006;5.57;5.69;5.48;5.63;2623453;45985120.000
10/25/2006;5.63;5.92;5.62;5.91;4591550;83910888.000
10/26/2006;5.92;5.97;5.76;5.82;1965979;36446176.000
10/27/2006;5.72;6.12;5.72;6.09;2713835;50770168.000
10/30/2006;6.05;6.22;5.89;6.05;1484902;28105524.000
10/31/2006;6.05;6.14;5.95;6.08;828505;15657733.000
11/01/2006;6.09;6.11;5.86;5.95;988475;18444854.000
11/02/2006;5.92;5.98;5.72;5.91;1510979;27863300.000
11/03/2006;5.82;6.01;5.77;5.88;1123350;20869320.000
11/06/2006;5.79;5.88;5.73;5.77;1782843;32331536.000
11/07/2006;5.69;5.72;5.51;5.69;1734117;30567988.000
11/08/2006;5.68;5.68;5.57;5.61;541099;9583511.000
11/09/2006;5.60;5.95;5.58;5.78;963236;17535488.000
11/10/2006;5.79;5.89;5.55;5.61;1078472;19395468.000
11/13/2006;5.55;5.58;5.29;5.45;1733951;29669286.000
11/14/2006;5.42;5.62;5.25;5.28;4038917;68615184.000
11/15/2006;5.28;5.77;5.28;5.69;2119992;36818172.000
11/16/2006;5.72;5.88;5.59;5.61;1497716;27194120.000
11/17/2006;5.59;5.84;5.46;5.76;1124813;19923632.000
11/20/2006;5.75;6.05;5.68;6.01;2231200;41110624.000
11/21/2006;6.02;6.45;5.92;6.39;3216921;62537036.000
11/22/2006;6.39;6.81;6.25;6.49;3967802;81222520.000
11/23/2006;6.35;6.55;6.30;6.39;1540141;30888148.000
11/24/2006;6.38;6.73;6.33;6.72;1496488;30730052.000
11/27/2006;6.75;7.05;6.62;6.95;1871359;40026056.000
11/28/2006;6.95;7.05;6.72;6.80;2691901;58100736.000
12/01/2006;7.51;7.51;7.22;7.51;3656259;85078936.000
12/04/2006;7.66;8.29;7.66;7.85;4762581;117768424.000
12/05/2006;7.85;8.15;7.72;7.85;2538209;62546720.000
12/06/2006;8.02;8.02;7.56;7.95;3190723;77540904.000
12/07/2006;7.82;8.09;7.55;7.67;2884604;70982504.000
12/08/2006;7.55;7.71;7.39;7.65;2621646;61572872.000
12/11/2006;7.53;8.32;7.53;8.29;2881657;71243488.000
12/12/2006;8.39;8.42;7.99;8.22;1274578;32546052.000
12/13/2006;8.22;8.52;8.06;8.51;1376667;35458784.000
12/14/2006;8.51;9.12;8.48;8.86;1838122;50887232.000
12/15/2006;8.85;9.55;8.81;9.44;1572677;44670848.000
12/18/2006;9.47;9.89;9.45;9.53;2833341;83816792.000
12/19/2006;9.56;9.56;9.12;9.44;1386259;40060888.000
12/20/2006;9.41;9.71;9.12;9.46;1353593;39325836.000
12/21/2006;9.55;9.60;9.19;9.33;2393960;69961176.000
12/22/2006;9.19;9.42;8.98;9.16;1999688;56787280.000
12/25/2006;9.05;10.11;9.05;10.11;2979974;90999152.000
12/26/2006;10.11;10.48;9.90;10.37;2265804;71757232.000
12/27/2006;10.22;10.55;9.98;10.43;2203314;70156160.000
12/28/2006;10.43;10.72;10.39;10.44;2980523;96321584.000
12/29/2006;10.46;10.59;10.38;10.46;1524022;49178860.000
01/04/2007;10.85;11.24;10.49;10.72;2675498;88746296.000
01/05/2007;10.72;11.42;10.59;11.15;1674560;57505776.000
01/08/2007;11.00;11.02;10.02;10.70;6923307;221137968.000
01/09/2007;10.42;11.02;10.05;10.91;5420805;174048304.000
01/10/2007;10.85;10.89;10.39;10.62;3966434;129018304.000
01/11/2007;10.62;10.71;10.12;10.18;5342372;169850544.000
01/12/2007;10.05;10.48;10.04;10.38;3310771;105085856.000
01/15/2007;10.32;11.45;10.25;11.42;5111564;172274864.000
01/16/2007;11.41;12.15;11.32;12.13;3362400;120774408.000
01/17/2007;12.02;12.71;11.07;11.95;2722779;101420888.000
01/18/2007;11.72;11.99;11.07;11.74;2737119;96569552.000
01/19/2007;11.55;12.49;11.55;12.38;2267036;85401904.000
01/22/2007;12.36;13.19;12.36;12.54;2950084;115062960.000
01/23/2007;12.52;12.89;12.05;12.29;2585411;98584960.000
01/24/2007;12.29;12.89;12.06;12.59;2513771;97480816.000
01/25/2007;12.53;12.59;12.05;12.13;4431312;168184032.000
01/26/2007;11.72;12.20;11.39;12.09;1429494;51551872.000
01/29/2007;12.15;12.39;11.95;12.14;1916149;71166168.000
01/30/2007;12.25;13.09;12.14;12.58;4189313;161641728.000
01/31/2007;12.59;13.01;11.70;11.73;3683310;141178368.000
02/01/2007;11.56;11.95;11.49;11.67;2472830;89181288.000
02/02/2007;11.65;11.88;10.52;10.70;2331956;79609488.000
02/05/2007;10.59;11.05;9.72;10.69;4007406;125990816.000
02/06/2007;10.62;10.95;9.99;10.72;3881654;124229928.000
02/07/2007;10.75;11.39;10.75;11.35;1708551;58898000.000
02/08/2007;11.35;12.00;11.35;11.84;2442736;88645504.000
02/09/2007;11.89;12.33;11.79;11.95;1690878;62606864.000
02/12/2007;11.99;12.22;11.63;12.05;1462474;53646512.000
02/13/2007;12.13;12.45;11.72;12.00;1304991;48343496.000
02/14/2007;12.12;12.25;11.92;12.07;1939398;71780176.000
02/15/2007;12.17;12.39;12.04;12.17;7963166;296550528.000
02/16/2007;12.35;13.41;12.32;13.41;9062682;354622624.000
02/26/2007;13.45;13.45;12.39;12.77;5726446;227509200.000
02/27/2007;12.61;12.61;11.46;11.46;5379651;195684032.000
02/28/2007;11.05;11.85;10.32;11.23;3612275;123079736.000
03/01/2007;11.13;11.44;10.99;11.44;2470052;84920048.000
03/02/2007;11.49;11.85;11.25;11.80;1945738;69522480.000
03/05/2007;11.89;12.85;11.81;12.75;4259133;165089616.000
03/06/2007;12.79;12.85;12.30;12.76;3153476;122137944.000
03/07/2007;12.97;13.88;12.76;13.84;3092219;126704184.000
03/08/2007;14.34;14.91;13.85;14.32;4072120;178787088.000
03/09/2007;14.49;14.55;13.45;13.75;2513906;106785520.000
03/12/2007;13.75;13.90;13.19;13.46;1923708;78917712.000
03/13/2007;13.45;13.71;13.18;13.62;2407414;98779832.000
03/14/2007;13.39;13.59;13.05;13.35;1028395;42270200.000
03/15/2007;13.35;13.62;13.09;13.42;1415142;58056384.000
03/16/2007;13.64;13.71;13.19;13.24;1825012;74822416.000
03/19/2007;12.77;13.78;12.70;13.53;2230806;92123240.000
03/20/2007;13.55;13.78;13.25;13.38;1542209;63517776.000
03/21/2007;13.42;13.52;12.88;12.99;2995249;119712176.000
03/22/2007;13.02;13.29;12.86;13.04;2088585;83565600.000
03/23/2007;13.04;13.19;12.87;13.00;1462599;58274040.000
03/26/2007;13.09;13.15;12.86;12.98;2121669;84103752.000
03/27/2007;12.95;13.24;12.89;13.22;3495366;139886000.000
03/28/2007;13.33;13.52;12.88;13.29;2985354;120886944.000
03/30/2007;13.35;13.52;13.01;13.28;2575681;104178984.000
04/02/2007;13.39;14.25;13.39;14.12;4088785;173829216.000
04/03/2007;14.14;14.21;13.77;14.14;3862063;164012048.000
04/04/2007;14.02;14.55;13.99;14.35;3245970;141636688.000
04/05/2007;14.35;14.35;13.99;14.30;2718338;117480640.000
04/06/2007;14.05;14.92;14.01;14.80;3138291;140798000.000
04/09/2007;15.01;16.30;15.01;15.75;5158852;248567328.000
04/10/2007;15.77;17.35;14.99;17.24;6537918;322456672.000
04/11/2007;17.05;18.37;16.72;17.96;8355007;447732160.000
04/12/2007;18.90;19.78;18.49;19.06;15942377;940740416.000
04/13/2007;19.05;19.32;18.05;18.25;8888686;506348544.000
04/16/2007;18.15;20.10;18.12;20.10;8190088;485398720.000
04/17/2007;21.19;22.14;20.72;22.14;14641683;967660672.000
04/18/2007;23.23;23.32;21.82;22.36;11044873;756319872.000
04/19/2007;22.19;22.19;20.09;20.09;10847697;683421632.000
04/20/2007;20.75;21.72;20.39;21.38;10977850;705648448.000
04/24/2007;22.13;22.32;20.51;20.59;23362775;744643392.000
04/25/2007;20.49;20.51;19.51;19.99;14659773;441477248.000
04/26/2007;19.99;20.45;19.57;19.87;17414884;521353056.000
04/27/2007;20.13;20.64;19.79;20.06;15721210;481604032.000
04/30/2007;19.89;20.69;19.05;20.41;21467052;648394048.000
05/08/2007;20.67;21.13;20.65;20.81;17346352;549770304.000
05/09/2007;20.79;20.79;19.39;20.16;15804610;480353888.000
05/10/2007;20.14;20.14;19.65;19.93;15059125;451669536.000
05/11/2007;19.79;19.79;19.33;19.57;12259722;362935232.000
05/14/2007;19.18;19.45;18.84;19.27;14462007;418833088.000
05/15/2007;19.25;20.05;19.15;19.72;15811604;473699296.000
05/16/2007;19.73;21.03;19.73;20.89;22074051;686610432.000
05/17/2007;21.11;22.97;21.11;22.03;25117892;842283968.000
05/18/2007;22.06;22.78;21.66;21.71;20152256;676693248.000
05/21/2007;21.04;22.76;20.60;22.61;25723095;858094592.000
05/23/2007;23.13;24.71;23.13;24.26;24374132;887209088.000
05/24/2007;24.43;24.99;23.35;23.75;22846949;822158016.000
05/25/2007;23.72;24.71;23.22;24.49;18763192;680136256.000
05/28/2007;25.12;25.44;24.32;24.68;18875560;710660736.000
05/29/2007;25.09;25.42;24.57;25.11;20071594;757021120.000
05/30/2007;23.59;24.69;22.57;22.57;26795708;949308416.000
05/31/2007;22.12;23.82;20.29;23.45;26710945;901607360.000
06/01/2007;23.45;24.55;22.99;23.45;21073459;763156096.000
06/04/2007;23.24;23.82;21.79;21.92;16522422;565660608.000
06/05/2007;21.89;23.79;20.79;23.72;20668339;702002880.000
06/06/2007;24.19;25.85;23.12;25.32;29637192;1114999040.000
06/07/2007;25.79;27.79;25.35;26.75;32882163;1328110336.000
06/08/2007;27.12;27.24;25.91;26.99;21786319;880320064.000
06/11/2007;27.12;28.45;27.12;27.79;19305488;816470336.000
06/12/2007;27.79;28.89;27.12;28.67;18719879;795401408.000
06/13/2007;29.11;29.25;28.39;28.87;15125916;657685760.000
06/14/2007;28.32;28.78;27.79;27.97;12813918;545796480.000
06/15/2007;27.52;28.52;27.25;27.91;10759283;455648320.000
06/18/2007;28.12;28.59;27.79;28.06;14299402;609510336.000
06/19/2007;28.05;28.23;26.92;28.18;15824838;656002304.000
06/20/2007;28.17;28.18;26.75;27.11;10408529;434304768.000
06/21/2007;27.05;28.11;26.79;27.77;11256795;472606336.000
06/22/2007;27.79;28.59;27.12;28.21;16104238;681559104.000
06/25/2007;28.82;30.92;28.45;30.55;27018884;1224912768.000
06/26/2007;30.59;30.65;28.32;29.77;17952934;793335808.000
06/27/2007;29.72;30.44;29.07;30.25;12630113;572695872.000
06/28/2007;30.25;31.58;29.79;30.21;16901898;789037376.000
06/29/2007;29.12;30.82;28.59;29.27;13351512;600884288.000
07/02/2007;29.34;30.11;26.99;28.01;15072413;646372224.000
07/03/2007;28.19;28.92;27.62;28.80;7719786;328588480.000
07/04/2007;29.13;30.11;28.45;28.67;8202085;362424928.000
07/05/2007;28.12;28.44;26.21;26.47;9253279;381991072.000
07/06/2007;26.27;28.03;24.75;27.79;12587046;503801888.000
07/09/2007;27.99;28.45;27.52;27.98;9871682;417472224.000
07/10/2007;27.99;28.47;27.11;27.21;8494958;354102400.000
07/11/2007;26.95;28.05;26.49;28.00;6169108;255969600.000
07/12/2007;28.99;29.18;27.96;28.03;9374722;403672896.000
07/13/2007;28.05;28.79;27.45;27.87;4046658;169488112.000
07/16/2007;27.71;27.71;26.46;26.59;6415216;261222288.000
07/17/2007;26.45;27.12;25.79;27.03;5802256;232878720.000
07/18/2007;27.02;27.45;26.45;26.89;3770380;153448432.000
07/19/2007;26.85;27.32;26.53;26.87;2646520;108041008.000
07/20/2007;26.93;27.78;26.59;27.64;12977377;534121728.000
07/23/2007;27.67;29.65;27.67;29.31;15920958;693570240.000
07/24/2007;29.71;29.78;28.72;28.73;12771536;561489856.000
07/25/2007;28.72;28.97;28.33;28.79;11645393;503461568.000
07/26/2007;29.18;30.37;29.18;29.91;15616861;708169920.000
07/27/2007;29.85;30.43;29.25;30.13;9501045;427949536.000
07/30/2007;30.22;31.51;30.16;30.33;11683474;540764224.000
07/31/2007;30.31;30.31;29.27;30.17;10180299;458010656.000
08/01/2007;30.23;31.08;28.85;28.92;10421755;469100192.000
08/02/2007;28.99;29.65;28.59;29.45;11580761;508323712.000
08/03/2007;29.95;32.42;29.13;32.42;29086171;1379973632.000
08/06/2007;34.12;35.04;33.45;33.85;26320052;1353493632.000
08/07/2007;33.98;36.44;32.79;35.11;18397931;965171456.000
08/08/2007;34.46;36.51;33.85;35.71;17946866;961435264.000
08/09/2007;35.20;36.12;35.11;35.23;12298779;658534656.000
08/10/2007;35.39;35.45;33.29;33.79;13298655;682769792.000
08/13/2007;33.79;34.52;32.50;32.99;11177095;561034880.000
08/14/2007;33.19;34.22;33.05;33.60;7104353;358932416.000
08/15/2007;33.69;34.45;32.77;33.18;9668986;485331520.000
08/16/2007;32.74;33.79;32.46;33.22;8479469;422708288.000
08/17/2007;33.09;33.65;32.32;32.41;8123268;401295680.000
08/20/2007;33.12;34.25;33.04;33.75;10808690;549052160.000
08/21/2007;33.93;34.12;33.19;33.89;11482726;583726784.000
08/22/2007;33.59;36.45;33.26;35.97;15190218;802095104.000
08/23/2007;35.99;37.12;35.59;35.75;10938925;597977088.000
08/24/2007;35.91;36.32;34.90;35.33;12146114;650855616.000
08/27/2007;35.79;36.11;34.05;34.35;16324646;854671168.000
08/28/2007;34.24;34.78;33.13;34.12;11487578;590248960.000
08/29/2007;33.78;34.71;33.32;33.91;8520546;436638016.000
08/30/2007;34.12;34.65;33.53;34.25;9800951;505207520.000
08/31/2007;34.45;35.57;34.34;34.59;8219154;432239296.000
09/03/2007;34.93;35.79;34.25;35.17;12649390;670794944.000
09/04/2007;35.39;37.12;35.25;36.33;18791782;1029700416.000
09/05/2007;36.39;36.79;34.65;35.02;11553446;614609728.000
09/06/2007;35.26;35.84;34.65;34.85;9622688;509179456.000
09/07/2007;34.50;34.79;33.64;33.67;11473004;589788544.000
09/10/2007;33.32;34.03;32.45;33.45;8129154;407736288.000
09/11/2007;33.45;34.11;31.33;31.50;10151307;500984224.000
09/12/2007;31.52;32.78;31.52;32.47;8535372;413155616.000
09/13/2007;32.47;32.71;31.92;32.53;6479197;315503008.000
09/14/2007;32.58;33.79;32.52;33.21;7978655;400171680.000
09/18/2007;34.45;34.78;32.99;33.45;7107872;360730592.000
09/19/2007;33.65;33.77;32.20;32.37;6100436;299068352.000
09/20/2007;32.45;33.59;32.36;33.30;9651352;482038592.000
09/21/2007;33.47;33.75;32.51;32.76;6091983;302071008.000
09/24/2007;33.11;33.52;32.17;32.62;6721010;330519968.000
09/25/2007;32.42;33.54;32.25;33.13;7266044;362032768.000
09/26/2007;33.17;34.37;32.79;33.75;10062250;511931008.000
09/27/2007;33.79;34.08;32.84;33.26;4685871;235457632.000
09/28/2007;33.49;34.11;33.11;33.82;7529250;382806624.000
10/08/2007;34.45;35.25;33.92;34.99;13007660;680597248.000
10/09/2007;35.13;38.45;34.49;37.41;19575794;1092329728.000
10/10/2007;37.79;38.85;36.65;36.95;17597134;1004405952.000
10/11/2007;36.95;38.45;36.61;37.47;10915174;619990272.000
10/12/2007;37.82;38.12;34.65;36.67;11538254;630975808.000
10/15/2007;36.43;39.45;36.32;39.09;18060226;1045665920.000
10/16/2007;39.05;40.94;38.59;40.76;16824689;1012501824.000
10/17/2007;40.12;41.49;39.19;39.76;12283637;749088768.000
10/18/2007;39.85;40.42;38.03;38.45;12151209;714956608.000
10/19/2007;38.49;41.45;38.49;40.29;12322497;748027776.000
10/22/2007;40.47;43.24;40.12;42.05;14064894;893457088.000
10/23/2007;42.31;43.59;41.12;41.96;10752446;685819648.000
10/24/2007;42.12;42.91;41.45;42.01;7542036;479911488.000
10/25/2007;45.12;45.12;38.12;39.59;10660111;660605184.000
10/26/2007;39.12;42.79;38.46;42.11;9832241;602206272.000
10/29/2007;41.79;43.59;39.99;40.64;7807906;491607392.000
10/30/2007;40.79;42.79;39.13;42.48;7477560;461535872.000
10/31/2007;42.99;43.55;41.57;42.39;9876194;630167616.000
11/01/2007;41.96;41.99;39.75;39.77;10636690;648380992.000
11/02/2007;38.92;39.70;37.71;37.75;8390065;485528416.000
11/05/2007;36.60;38.85;36.57;37.11;5181431;293188288.000
11/06/2007;37.79;38.04;35.85;35.95;5285228;291011584.000
11/07/2007;36.32;36.64;34.25;35.89;6929666;368506144.000
11/08/2007;35.29;35.71;33.39;33.43;5462576;285650560.000
11/09/2007;33.08;33.73;32.32;32.75;5801615;288772352.000
11/12/2007;32.09;34.82;31.65;34.44;8345487;416998464.000
11/13/2007;34.71;35.56;33.33;33.81;5516234;288067872.000
11/14/2007;34.45;35.12;32.99;34.83;4556830;234844192.000
11/15/2007;34.75;35.12;33.79;33.92;3106192;161272912.000
11/16/2007;33.17;33.77;32.44;33.00;3857615;191505616.000
11/19/2007;33.12;33.69;32.84;33.27;2376990;119188384.000
11/20/2007;33.05;34.39;32.99;33.99;3762983;193038464.000
11/21/2007;34.19;35.44;33.65;34.06;4938051;258174992.000
11/22/2007;33.12;33.77;31.71;31.86;4147163;205592896.000
11/23/2007;31.85;32.64;31.75;32.59;3663032;177514032.000
11/26/2007;33.19;33.85;31.99;32.24;4748575;237529936.000
11/27/2007;32.05;32.05;30.45;30.47;5668881;267323568.000
11/28/2007;30.71;31.04;27.85;29.11;8121207;361057376.000
11/29/2007;29.19;30.27;27.96;29.82;10261489;452986752.000
11/30/2007;29.81;29.99;28.89;29.08;5009526;221769856.000
12/03/2007;29.11;30.45;28.49;29.81;3646948;163469360.000
12/04/2007;29.79;30.52;29.79;30.11;3126002;142476112.000
12/05/2007;30.37;31.35;30.12;31.35;4680583;218931360.000
12/06/2007;31.69;33.12;31.69;32.43;6615249;324670560.000
12/07/2007;32.43;32.79;32.11;32.45;4256231;209453984.000
12/10/2007;31.85;33.31;31.59;33.10;4716885;233608256.000
12/11/2007;33.19;34.24;32.86;33.77;5467300;277501504.000
12/12/2007;33.73;33.73;32.65;33.01;4887554;244093840.000
12/13/2007;32.71;32.79;30.92;31.04;7059722;338052768.000
12/14/2007;30.52;32.12;30.14;32.10;4826707;230322304.000
12/17/2007;32.15;33.09;32.15;32.40;3641934;179026704.000
12/18/2007;31.79;32.67;31.45;32.23;2905065;140583632.000
12/19/2007;32.45;33.77;32.45;33.75;5118243;257975760.000
12/20/2007;33.76;34.44;33.19;34.32;4183839;214816720.000
12/21/2007;33.86;34.85;33.86;34.70;4047715;210975648.000
12/24/2007;34.84;37.46;34.84;36.03;7215094;393384864.000
12/25/2007;36.03;37.25;35.99;36.82;4724003;261215072.000
12/26/2007;37.12;37.29;36.39;36.83;4198455;232867040.000
12/27/2007;36.99;38.23;36.91;38.17;6141842;350412128.000
12/28/2007;37.91;38.19;37.39;37.81;6954781;395920544.000
01/02/2008;37.87;38.22;36.79;37.35;4757848;269447200.000
01/03/2008;37.13;38.85;36.82;38.23;5547652;316117984.000
01/04/2008;38.39;38.52;37.72;37.95;3888850;222923088.000
01/07/2008;38.33;39.34;37.98;38.96;4483785;261887200.000
01/08/2008;39.01;39.57;37.45;37.75;4791865;278685664.000
01/09/2008;37.65;37.79;36.90;37.49;5332417;299460480.000
01/10/2008;37.60;38.42;36.99;37.97;4821090;274387072.000
01/11/2008;37.98;38.64;37.65;38.44;3813136;220117904.000
01/14/2008;38.55;39.75;37.79;38.07;6994382;411126720.000
01/15/2008;38.11;39.25;38.11;38.45;6060433;352152672.000
01/16/2008;38.25;38.25;36.95;36.98;4859644;274995232.000
01/17/2008;36.57;37.35;34.72;35.12;9157104;491212992.000
01/18/2008;35.04;35.71;34.65;35.52;3299684;175599776.000
01/21/2008;35.70;35.99;32.99;33.51;5150004;270789216.000
01/22/2008;32.12;34.41;30.46;31.79;9388770;459359264.000
01/23/2008;32.60;34.99;32.60;34.99;6986218;356766944.000
01/24/2008;35.76;37.19;35.33;37.11;7323972;406541760.000
01/25/2008;37.12;38.08;36.13;37.59;7540776;426991808.000
01/28/2008;37.79;37.79;35.66;36.12;6021413;329262848.000
01/29/2008;35.89;37.24;35.89;36.31;3713144;204763856.000
01/30/2008;36.52;37.89;36.52;36.88;6101366;342821952.000
01/31/2008;36.72;37.11;34.99;35.03;3199592;172983680.000
02/01/2008;35.39;35.92;34.12;35.05;4462885;236538848.000
02/04/2008;36.12;38.57;35.89;38.57;4654666;266359648.000
02/05/2008;38.39;38.87;37.45;38.47;7113290;411882176.000
02/13/2008;38.12;39.04;37.47;37.69;2969126;171869376.000
02/14/2008;37.75;39.48;37.75;39.43;6160657;363071648.000
02/15/2008;39.09;39.76;38.46;39.45;4410200;260917856.000
02/18/2008;40.25;40.58;38.99;39.08;6249735;377184192.000
02/19/2008;39.12;39.45;38.39;39.18;4723219;275522048.000
02/20/2008;39.25;39.45;37.99;38.04;3374523;196240176.000
02/21/2008;38.03;38.59;37.32;38.08;1984907;113383480.000
02/22/2008;37.89;37.89;35.93;35.99;3592156;199607808.000
02/25/2008;36.19;36.57;33.39;33.99;4743440;249200832.000
02/26/2008;35.42;35.92;33.12;34.45;4273057;220934368.000
02/27/2008;34.65;36.63;34.59;35.79;2996896;161887008.000
02/28/2008;35.79;36.96;35.69;36.49;2601023;142425408.000
02/29/2008;36.45;36.85;36.13;36.57;2135263;117963152.000
03/03/2008;36.40;37.79;35.79;37.78;2318805;130080304.000
03/04/2008;38.09;38.17;36.02;36.48;2834640;157223904.000
03/05/2008;36.39;36.85;34.76;35.14;2614558;139702832.000
03/06/2008;35.79;36.19;34.38;35.04;3894208;205915312.000
03/07/2008;34.88;35.12;33.07;33.65;7655275;388995328.000
03/10/2008;33.65;33.65;31.79;32.12;4569036;223205856.000
03/11/2008;31.65;33.12;31.45;32.10;4226621;204412944.000
03/12/2008;33.11;33.25;30.92;31.20;3522542;168111968.000
03/13/2008;30.79;30.82;29.45;30.13;6250226;283584448.000
03/14/2008;30.11;30.58;29.52;30.38;2184210;99639728.000
03/17/2008;30.43;30.43;27.79;27.91;2720678;118814160.000
03/18/2008;27.79;28.05;25.24;25.92;4433644;176714000.000
03/19/2008;26.85;27.77;26.02;27.31;4498029;183489600.000
03/20/2008;27.01;29.12;25.83;28.65;2657309;110007432.000
03/21/2008;28.79;29.35;28.12;28.49;2572956;111697072.000
03/24/2008;28.79;29.12;26.72;26.76;1944923;81898280.000
03/25/2008;26.05;27.22;25.65;26.13;3466503;139352608.000
03/26/2008;26.79;27.06;26.02;26.45;2218978;89186624.000
03/27/2008;26.39;26.45;25.65;25.67;1536136;60164568.000
03/28/2008;25.14;26.82;24.85;26.77;3386317;132062992.000
03/31/2008;25.79;26.37;25.12;25.66;1910589;74697000.000
04/01/2008;25.52;26.05;23.39;23.41;3617353;133077776.000
04/02/2008;23.65;24.45;21.85;22.64;3012503;104837240.000
04/03/2008;22.79;23.52;22.31;23.34;2475982;86854016.000
04/07/2008;23.10;24.89;22.83;24.78;3164984;116635824.000
04/08/2008;24.85;26.42;24.85;26.17;4759378;186879152.000
04/09/2008;26.05;26.75;24.91;25.13;4919300;193726096.000
04/10/2008;24.59;25.25;24.39;25.01;3009204;112698496.000
04/11/2008;25.24;25.95;24.71;24.79;2619355;99872296.000
04/14/2008;24.52;24.52;22.41;22.44;3713942;130488632.000
04/15/2008;22.46;23.12;21.05;22.78;6051449;200490896.000
04/16/2008;22.77;22.77;21.32;21.38;2850026;94064464.000
04/17/2008;21.52;21.85;19.61;20.12;4489703;139765008.000
04/18/2008;19.72;19.99;18.69;18.73;3695840;107138344.000
04/21/2008;20.46;20.63;18.73;19.13;5948583;177424880.000
04/22/2008;18.99;19.15;17.79;19.13;3242880;90418008.000
04/23/2008;19.12;21.06;18.59;21.06;6905217;210691568.000
04/24/2008;23.19;23.19;22.68;23.19;8763600;307285440.000
04/25/2008;23.59;25.25;23.25;24.44;9932683;369911296.000
04/28/2008;24.04;24.93;23.12;23.46;7660804;276099488.000
04/29/2008;22.79;23.81;22.57;23.59;5650641;199468608.000
04/30/2008;23.61;25.71;23.45;25.25;8246418;309013152.000
05/05/2008;25.89;27.25;25.89;27.13;8083555;324821472.000
05/06/2008;27.12;27.71;26.12;27.11;8024160;329164160.000
05/07/2008;26.85;27.45;25.75;25.78;5997206;242169040.000
05/08/2008;25.22;26.85;24.92;26.81;4465300;176690256.000
05/09/2008;26.92;27.12;26.32;26.78;5360236;216554832.000
05/12/2008;26.27;27.92;25.79;27.36;5431956;220256448.000
05/13/2008;26.43;29.28;26.32;28.33;7840472;335918592.000
05/14/2008;28.25;28.92;28.12;28.35;4058224;174496336.000
05/15/2008;28.79;30.35;28.79;29.33;6491836;290311552.000
05/16/2008;29.12;30.59;29.12;29.78;6264610;284021920.000
05/19/2008;29.79;30.45;28.79;29.42;6025310;269080192.000
05/20/2008;29.39;29.82;27.76;27.89;4684603;205183472.000
05/21/2008;27.33;28.45;26.02;27.91;6914484;280982656.000
05/22/2008;27.52;27.59;26.27;26.29;7403940;297386400.000
05/23/2008;26.25;26.79;25.37;25.58;2960983;115375440.000
05/26/2008;25.44;25.99;24.65;25.66;2798090;107683344.000
05/27/2008;25.76;26.28;25.65;25.95;1551476;60768388.000
05/28/2008;26.13;26.89;25.79;26.70;2889428;114510624.000
05/29/2008;26.55;26.55;25.05;25.19;4129812;161948592.000
05/30/2008;25.08;25.63;24.83;25.14;3063347;116775800.000
06/02/2008;24.99;24.99;23.79;24.45;3330598;123181288.000
06/03/2008;24.44;24.59;23.46;23.54;3404307;122716248.000
06/04/2008;23.54;24.01;23.15;23.67;2194175;78151352.000
06/05/2008;23.64;23.65;22.66;22.85;2029349;70727368.000
06/06/2008;22.81;22.85;22.09;22.49;1898069;64413860.000
06/10/2008;21.52;21.52;20.22;20.22;4034972;126223184.000
06/11/2008;20.17;20.17;19.09;19.15;5446338;159130256.000
06/12/2008;19.15;19.22;18.22;18.89;4632092;130219024.000
06/13/2008;18.98;19.05;18.19;18.25;4115305;115936672.000
06/16/2008;17.92;18.52;17.85;18.37;3958421;109274448.000
06/18/2008;20.21;20.23;18.53;20.23;15521498;468105568.000
06/19/2008;21.12;21.84;19.79;20.07;28261041;900371712.000
06/20/2008;20.06;21.52;18.53;20.51;16505441;510037440.000
06/24/2008;20.05;21.19;19.79;20.92;8004444;250024096.000
06/25/2008;20.92;21.52;20.31;21.32;11715719;374095456.000
06/26/2008;21.33;21.33;20.35;20.79;7104240;224389728.000
06/27/2008;19.93;20.11;18.80;19.10;8557012;251741680.000
06/30/2008;18.45;19.07;17.79;18.33;5576465;155374592.000
07/01/2008;18.33;18.95;18.15;18.45;4316939;121253848.000
07/02/2008;18.51;18.79;18.31;18.48;4424604;124293728.000
07/03/2008;18.25;19.32;17.12;18.94;9036265;252415584.000
07/04/2008;19.00;19.78;18.99;19.21;6265808;183874016.000
07/07/2008;19.64;20.65;19.59;20.51;8979788;275053120.000
07/08/2008;20.69;21.33;20.52;20.96;8515262;270286112.000
07/09/2008;21.01;21.25;20.54;21.21;8585117;274033504.000
07/10/2008;21.33;23.35;21.32;23.35;13581622;312536960.000
07/11/2008;23.42;24.62;22.32;22.63;23735418;559050176.000
07/14/2008;22.11;23.22;21.60;22.54;11719123;263365776.000
07/15/2008;22.67;23.10;21.20;21.50;12308524;271845536.000
07/16/2008;21.21;21.33;19.82;20.35;9075901;189008016.000
07/17/2008;20.94;21.30;20.25;20.50;6209786;129760248.000
07/18/2008;20.84;21.75;20.32;21.63;8572225;182390080.000
07/21/2008;21.66;22.81;21.33;22.72;12751296;286752256.000
07/22/2008;22.77;23.02;22.33;22.45;7986055;181920288.000
07/23/2008;22.52;22.80;21.97;22.09;5387212;121715312.000
07/24/2008;22.37;22.72;22.21;22.54;7259730;164638496.000
07/25/2008;22.27;22.46;21.93;22.09;5767757;128709464.000
07/28/2008;22.24;22.78;22.22;22.48;6079814;138209952.000
07/29/2008;22.11;22.32;21.45;21.73;6507313;143019424.000
07/30/2008;22.00;22.27;21.13;21.30;3941647;85781680.000
07/31/2008;21.30;21.52;20.67;20.68;4588279;96436456.000
08/01/2008;20.60;21.07;20.16;20.96;4110345;85411224.000
08/04/2008;20.72;20.72;20.12;20.17;4273647;87818544.000
08/05/2008;20.26;20.47;19.33;19.45;4657918;92827536.000
08/06/2008;19.59;19.81;18.90;19.10;4470602;86535520.000
08/07/2008;19.20;19.62;18.93;19.44;3624360;70302672.000
08/08/2008;19.50;19.52;18.23;18.25;3995153;75591912.000
08/11/2008;18.25;18.25;16.53;16.61;6062733;105271744.000
08/12/2008;16.61;16.61;15.60;15.65;5988968;96264016.000
08/13/2008;15.42;16.32;14.23;15.54;6956238;105874408.000
08/14/2008;15.12;15.82;14.98;15.51;2646284;41612704.000
08/15/2008;15.56;16.05;15.25;15.64;3854219;61247360.000
08/18/2008;15.62;15.92;14.14;14.17;6632122;99207632.000
08/19/2008;14.00;14.50;13.69;14.35;5866565;84508976.000
08/20/2008;14.36;15.80;14.06;15.80;11555388;180431712.000
08/21/2008;15.70;16.92;15.28;16.38;14293077;230911184.000
08/22/2008;15.97;16.49;15.82;16.09;6715870;109341040.000
08/25/2008;16.17;16.37;15.57;15.69;3697872;59706488.000
08/26/2008;15.47;15.47;14.22;14.44;6361564;94869272.000
08/27/2008;14.47;14.90;14.05;14.35;4147571;60712248.000
08/28/2008;14.33;14.72;14.22;14.47;3198536;46952216.000
08/29/2008;14.60;15.48;14.47;15.16;8210551;125200552.000
09/01/2008;15.02;15.12;14.60;14.70;4270044;64210536.000
09/02/2008;14.35;14.96;14.35;14.67;2139910;31704620.000
09/03/2008;14.72;15.02;14.47;14.78;3850309;57672808.000
09/04/2008;14.85;15.07;14.63;14.80;2381769;35897224.000
09/05/2008;14.40;14.61;13.90;13.92;4409201;63244672.000
09/08/2008;13.94;14.12;12.65;12.82;7335971;97419512.000
09/09/2008;12.69;13.01;12.47;12.91;2772629;35923156.000
09/10/2008;12.85;13.38;12.57;12.97;3458369;45618340.000
09/11/2008;12.82;13.07;12.62;12.72;2691273;34815560.000
09/12/2008;12.67;13.07;12.67;12.92;2392785;31307484.000
09/16/2008;13.02;13.31;12.77;13.09;6046318;80179728.000
09/17/2008;13.12;13.77;13.12;13.73;8174416;111907528.000
09/18/2008;13.52;13.57;12.34;13.04;8854480;115799824.000
09/19/2008;14.36;14.36;14.08;14.36;5186045;75313824.000
09/22/2008;15.81;15.81;14.92;15.81;25573556;403641184.000
09/23/2008;15.18;15.92;14.83;15.51;15014550;238154304.000
09/24/2008;15.09;16.07;14.90;16.07;10143543;161614144.000
10/10/2008;14.47;16.32;14.45;14.46;18263547;274996928.000
10/13/2008;14.19;15.19;13.00;15.09;17991991;246087104.000
10/14/2008;15.60;15.90;14.47;14.53;10494779;163708272.000
10/15/2008;14.42;14.76;14.08;14.34;3503130;51077444.000
10/16/2008;13.72;14.02;13.43;13.82;4333464;60366156.000
10/17/2008;13.72;14.70;13.72;14.42;4771365;69206704.000
10/20/2008;14.62;15.82;14.43;15.78;8346624;126755776.000
10/21/2008;15.72;16.02;15.10;15.20;16111345;256087232.000
10/22/2008;14.82;15.31;14.65;14.87;12273998;186394624.000
10/23/2008;14.58;15.22;14.42;15.02;6500408;98270640.000
10/24/2008;15.10;15.16;13.50;13.67;18516373;261894528.000
10/27/2008;13.41;13.41;12.29;12.29;13777739;176594624.000
10/28/2008;11.72;12.82;11.44;12.20;11827448;144875984.000
10/29/2008;12.43;12.57;11.32;11.35;7992158;97156888.000
10/30/2008;11.33;11.91;10.62;11.45;14366827;165370944.000
10/31/2008;11.45;11.51;10.97;11.02;6034967;68901288.000
11/03/2008;11.07;11.36;10.70;10.94;3922469;44369000.000
11/04/2008;10.82;11.21;10.72;11.11;4772436;53227644.000
11/05/2008;11.17;12.03;11.17;11.82;12295050;146617952.000
11/06/2008;11.52;11.76;11.32;11.35;5452599;63924512.000
11/07/2008;11.12;11.87;11.02;11.76;6856352;80256016.000
11/10/2008;12.38;12.95;12.38;12.95;7629730;99407896.000
11/11/2008;13.87;14.26;13.70;14.01;54020229;768939328.000
11/12/2008;13.72;14.69;13.58;14.60;30958760;442857280.000
11/13/2008;14.28;16.08;13.95;15.54;44765950;693575104.000
11/14/2008;15.72;17.01;15.55;16.81;40465756;670851008.000
11/17/2008;16.77;17.57;16.30;17.03;38591995;661617792.000
11/18/2008;16.72;16.78;15.31;15.79;38471976;624513408.000
11/19/2008;15.62;17.39;15.50;17.39;33427841;561510720.000
11/21/2008;16.60;17.82;15.63;16.98;42617902;715369216.000
11/24/2008;15.92;16.60;15.26;15.30;27153617;434265184.000
11/25/2008;15.61;15.79;14.32;14.98;19558118;295673312.000
11/26/2008;14.96;15.52;14.73;15.16;11122312;170935760.000
11/27/2008;16.52;16.69;16.08;16.18;40475431;673652096.000
11/28/2008;15.82;16.66;15.70;16.13;18439981;301900128.000
12/01/2008;16.00;16.79;15.59;16.50;14914662;245545312.000
12/02/2008;15.92;17.07;15.92;16.46;16110654;269813344.000
12/03/2008;16.60;17.80;16.60;17.69;29077236;503204768.000
12/04/2008;18.02;18.21;17.24;17.36;26773877;481574688.000
12/05/2008;17.10;17.54;17.00;17.39;14636188;254863648.000
12/08/2008;17.72;18.19;17.54;17.94;22684665;409112576.000
12/09/2008;17.82;18.32;17.47;17.52;17632341;317908736.000
12/10/2008;17.39;17.77;16.70;17.59;17572665;307224704.000
12/11/2008;17.60;17.60;16.74;16.89;17217513;296501216.000
12/12/2008;16.72;16.89;15.59;15.81;14775929;241318688.000
12/15/2008;16.23;16.40;15.62;16.07;13251650;214945504.000
12/16/2008;15.95;16.29;15.35;16.22;9896014;158127680.000
12/17/2008;16.32;16.82;16.22;16.32;11568622;193838960.000
12/18/2008;16.33;16.52;15.97;16.51;9553178;157210576.000
12/19/2008;16.52;16.84;16.42;16.56;9464191;159546400.000
12/22/2008;16.58;16.77;16.02;16.25;8591109;142246864.000
12/23/2008;16.32;16.34;15.08;15.18;13709225;215723584.000
12/24/2008;15.02;15.36;14.58;14.88;9247430;139897952.000
12/25/2008;14.92;15.10;14.30;14.48;8808775;130208008.000
12/26/2008;14.55;14.60;13.82;14.03;13377785;191104880.000
12/29/2008;13.81;14.32;13.62;14.03;11177940;158637952.000
12/30/2008;14.10;14.37;13.79;13.84;10772933;153841328.000
12/31/2008;13.87;14.09;13.55;13.83;7817944;109173712.000
01/05/2009;14.11;14.87;14.09;14.82;16318953;240926416.000
01/06/2009;14.82;16.32;14.72;16.32;21605090;350551232.000
01/07/2009;16.89;17.12;16.33;16.67;42827945;722385088.000
01/08/2009;16.36;16.69;15.97;16.23;21662374;358886496.000
01/09/2009;16.23;17.08;16.23;16.94;23933687;405730304.000
01/12/2009;16.92;17.75;16.42;17.50;23531234;408487968.000
01/13/2009;17.10;17.22;16.47;16.48;14547477;247642384.000
01/14/2009;16.42;17.38;16.37;17.24;16680963;286425216.000
01/15/2009;16.97;18.27;16.82;18.05;34509322;623849792.000
01/16/2009;18.24;19.07;18.02;18.29;28188702;531781888.000
01/19/2009;18.38;18.95;17.94;18.30;18838171;351029472.000
01/20/2009;18.26;19.07;18.07;19.04;15539096;292597248.000
01/21/2009;18.75;19.80;18.62;19.41;16626524;325273632.000
01/22/2009;19.42;19.61;18.82;19.38;11894691;231848928.000
01/23/2009;19.41;19.77;19.17;19.40;8664126;170397744.000
02/02/2009;19.85;21.36;19.84;20.61;17835225;372406304.000
02/03/2009;20.80;20.82;20.22;20.70;15008993;310962816.000
02/04/2009;20.72;20.81;20.02;20.59;28554365;585822208.000
02/05/2009;20.68;21.52;20.06;20.19;30767556;640086656.000
02/06/2009;19.93;20.80;19.91;20.61;33215821;679307392.000
02/09/2009;20.67;21.16;20.10;20.87;39592818;824327168.000
02/10/2009;20.63;20.84;20.15;20.75;26996009;556877952.000
02/11/2009;20.36;21.77;20.17;21.31;37835857;807180672.000
02/12/2009;21.31;21.62;20.17;20.55;24495693;508284512.000
02/13/2009;20.70;22.62;20.49;22.62;45751560;991797312.000
02/16/2009;23.22;23.55;22.48;23.22;38802913;898954624.000
02/17/2009;23.21;23.72;22.23;22.62;25950532;600443456.000
02/18/2009;22.10;24.28;21.82;22.77;33771114;792253888.000
02/19/2009;23.17;24.17;22.99;23.82;30585742;727345792.000
02/20/2009;24.10;24.22;23.30;23.53;30049227;716783360.000
02/23/2009;23.54;24.05;22.72;23.94;25632511;608165824.000
02/24/2009;24.05;25.11;23.71;24.03;30353676;743050304.000
02/25/2009;24.12;24.53;22.21;23.02;22682301;531852768.000
02/26/2009;22.72;22.78;20.70;21.22;32743671;718689984.000
02/27/2009;20.77;20.85;19.71;20.30;18721802;384396576.000
03/02/2009;20.07;21.63;19.88;21.29;19446597;416423488.000
03/03/2009;20.77;22.30;20.52;21.78;20750088;454896992.000
03/04/2009;21.81;23.78;21.81;23.52;18538093;429399168.000
03/05/2009;23.97;24.22;22.61;23.05;23548919;551984192.000
03/06/2009;22.77;23.27;22.24;22.51;12885534;293687616.000
03/09/2009;22.46;22.96;20.72;20.97;22854778;493355680.000
03/10/2009;20.81;21.62;20.63;21.46;11415221;244877296.000
03/11/2009;21.97;22.42;21.52;21.61;18818953;417591456.000
03/12/2009;21.63;21.86;21.02;21.82;6683608;144577616.000
03/13/2009;22.02;22.37;21.52;21.69;8741534;193735424.000
03/16/2009;21.35;21.82;20.82;21.78;6090349;131622104.000
03/17/2009;21.90;22.86;21.80;22.82;15405874;349309056.000
03/18/2009;22.92;23.70;22.82;22.86;16480266;387281408.000
03/19/2009;22.87;23.30;22.70;23.09;12389523;287668896.000
03/20/2009;23.29;23.29;22.53;23.20;10997908;254228016.000
03/23/2009;23.17;24.62;22.84;24.51;24052942;578004928.000
03/24/2009;24.55;25.02;23.97;24.19;19839370;487820960.000
03/25/2009;24.05;24.10;23.17;23.19;14207654;337474464.000
03/26/2009;23.04;23.62;22.67;23.52;11610650;271153472.000
03/27/2009;23.82;23.90;23.21;23.52;9109441;215908704.000
03/30/2009;23.50;23.54;23.02;23.13;7507391;175381360.000
03/31/2009;22.67;23.32;22.48;23.31;9083734;210057808.000
04/01/2009;23.50;24.56;23.50;24.21;17685878;430148928.000
04/02/2009;24.62;25.17;23.96;24.74;24167704;600391616.000
04/03/2009;24.82;24.92;24.21;24.24;15187371;376652000.000
04/07/2009;24.29;24.82;24.02;24.32;10028953;246344848.000
04/08/2009;24.12;24.36;23.07;23.10;11401852;270576224.000
04/09/2009;23.04;23.33;22.56;23.02;16007028;369447200.000
04/10/2009;23.23;24.12;22.97;23.94;18432876;438223648.000
04/13/2009;24.32;24.93;23.62;24.68;24766808;604772224.000
04/14/2009;24.68;26.57;24.37;25.81;33827119;883758016.000
04/15/2009;25.40;25.77;24.93;25.51;14044353;358654656.000
04/16/2009;25.43;25.99;25.24;25.48;11702714;301956736.000
04/17/2009;25.43;25.43;24.49;24.63;10334821;258306304.000
04/20/2009;24.65;25.04;24.55;25.00;10827663;270186944.000
04/21/2009;24.67;24.67;23.61;24.12;19132591;462652352.000
04/22/2009;24.12;24.39;22.62;23.06;15218740;361626368.000
04/23/2009;22.82;23.66;22.65;23.52;12506666;293650528.000
04/24/2009;23.66;23.98;23.34;23.41;13028630;312253760.000
04/27/2009;23.12;23.62;23.02;23.32;7843205;184294976.000
04/28/2009;23.19;24.16;23.07;24.02;8008396;191935568.000
04/29/2009;24.04;24.60;24.02;24.50;9874650;242372304.000
04/30/2009;24.92;26.73;24.92;25.94;38704135;1021925376.000
05/04/2009;25.94;26.87;25.62;26.44;19040711;505494880.000
05/05/2009;26.46;27.83;26.46;27.15;17436972;477916608.000
05/06/2009;27.08;28.12;26.82;27.95;15765999;439544096.000
05/07/2009;27.98;28.37;26.97;27.67;16138079;451375264.000
05/08/2009;27.20;27.71;26.57;26.88;12132104;329229056.000
05/11/2009;26.93;27.28;25.67;25.70;11551689;307582496.000
05/12/2009;25.45;26.62;25.45;26.62;7167055;189227152.000
05/13/2009;26.70;27.13;26.60;26.64;7204832;194157312.000
05/14/2009;26.42;26.90;26.32;26.80;4349516;117089072.000
05/15/2009;26.81;26.98;26.52;26.53;7160891;192861152.000
05/18/2009;26.42;26.42;25.72;26.33;7931599;207580528.000
05/19/2009;26.60;27.35;26.20;26.35;13178826;354903904.000
05/20/2009;26.35;26.97;26.25;26.35;6479175;173223872.000
05/21/2009;26.23;26.62;25.93;26.10;4568181;120410960.000
05/25/2009;25.72;25.72;24.79;25.46;18733634;473487360.000
05/26/2009;25.46;25.46;24.81;24.82;11871828;299126208.000
05/27/2009;25.02;25.20;24.73;25.19;5419375;136555008.000
06/01/2009;25.45;26.16;25.23;26.04;12619397;326666240.000
06/02/2009;26.21;26.30;25.50;25.56;13531419;349490880.000
06/03/2009;25.56;25.56;24.83;25.28;18151491;458462976.000
06/04/2009;25.28;25.28;24.57;25.27;18281379;458411808.000
06/05/2009;25.32;26.00;25.29;25.31;14666642;378693504.000
06/08/2009;25.32;25.52;24.78;24.92;10779933;271107072.000
06/09/2009;24.89;25.08;24.07;24.43;15138868;371895488.000
06/10/2009;24.52;25.94;24.42;25.90;22542179;576848064.000
06/11/2009;25.82;25.87;24.98;25.12;10447050;267446160.000
06/12/2009;25.07;25.07;24.62;24.73;8862310;221299568.000
06/15/2009;24.57;24.96;24.40;24.82;5778092;143877072.000
06/16/2009;24.61;25.66;24.47;25.03;7960787;202256176.000
06/17/2009;25.03;26.63;24.97;26.51;30550275;804044928.000
06/18/2009;26.83;28.32;26.83;27.81;37953380;1063380672.000
06/19/2009;27.81;27.81;26.92;27.20;18106098;498381472.000
06/22/2009;27.33;27.80;26.92;27.27;11911981;328678944.000
06/23/2009;26.92;28.11;26.62;27.68;13649738;379484448.000
06/24/2009;27.78;30.47;27.78;30.03;30098974;899994944.000
06/25/2009;29.92;30.40;29.34;29.67;8864743;265936400.000
06/26/2009;29.60;30.39;29.41;29.56;8028738;239209104.000
06/29/2009;29.50;30.12;29.48;29.69;7584653;225823344.000
06/30/2009;29.81;29.81;28.61;28.77;15199301;438501760.000
07/01/2009;28.60;30.10;28.43;29.23;9075445;266300672.000
07/02/2009;29.50;29.70;28.51;28.91;11095566;320238496.000
07/03/2009;28.91;28.94;28.00;28.80;16532898;470815040.000
07/06/2009;28.85;30.68;28.60;30.33;19737780;585429184.000
07/07/2009;30.03;30.61;29.80;29.93;9518846;286273696.000
07/08/2009;29.19;30.90;29.19;30.78;12213817;369569632.000
07/09/2009;30.75;31.95;30.24;31.70;11726068;369624096.000
07/10/2009;31.58;32.36;31.40;31.88;8871745;283238720.000
07/13/2009;31.61;34.50;31.51;33.66;13496868;452035296.000
07/14/2009;33.70;34.56;33.08;34.55;11487933;387590080.000
07/15/2009;34.54;34.54;33.70;33.90;7202839;244864720.000
07/16/2009;33.90;34.18;32.80;32.94;12048563;399307328.000
07/17/2009;32.90;33.50;32.70;33.00;5057737;166699600.000
07/20/2009;33.16;33.32;32.50;33.08;9525424;312117632.000
07/21/2009;33.08;33.08;31.95;31.99;10111464;328623744.000
07/22/2009;32.00;32.86;32.00;32.74;7465283;243022720.000
07/23/2009;33.11;33.20;32.10;32.45;6945349;225288240.000
07/24/2009;33.00;33.95;32.70;33.50;13709421;460251264.000
07/27/2009;33.58;34.40;33.58;33.85;9426613;320146560.000
07/28/2009;33.85;34.05;33.15;33.62;9062061;303314400.000
07/29/2009;33.49;33.55;30.50;31.99;10632501;342005408.000
07/30/2009;32.10;32.50;30.90;31.99;7252749;228152688.000
07/31/2009;32.70;33.75;32.70;33.29;14228053;474007904.000
08/03/2009;34.00;34.24;33.49;33.99;14123671;479054336.000
08/04/2009;34.02;36.36;33.98;36.19;19721305;701779648.000
08/05/2009;36.26;36.37;34.30;34.87;10471077;367517792.000
08/06/2009;34.75;34.75;32.50;33.54;9113425;305357152.000
08/07/2009;33.72;34.88;33.35;33.77;16898968;580122240.000
08/10/2009;34.01;35.30;33.88;34.40;15212214;526896672.000
08/11/2009;34.60;35.10;33.79;33.89;7397134;254019952.000
08/12/2009;33.96;33.96;32.00;32.80;7380128;241228368.000
08/13/2009;32.41;33.00;30.98;32.81;6520236;209815936.000
08/14/2009;32.79;33.75;31.98;32.20;5924288;194372512.000
08/17/2009;31.90;32.10;30.00;30.58;5551077;170589712.000
08/18/2009;30.42;30.79;29.10;30.55;5207096;155069968.000
08/19/2009;30.70;31.30;29.05;29.45;5812090;176227744.000
08/20/2009;29.50;30.40;29.00;30.35;5616350;167466336.000
08/21/2009;30.10;31.56;30.00;31.53;6510272;202962208.000
08/24/2009;31.85;32.00;31.10;31.68;5208349;163971408.000
08/25/2009;31.65;31.65;29.86;30.46;4884784;148933248.000
08/26/2009;30.40;32.52;30.20;32.51;11565120;369238880.000
08/27/2009;32.65;32.86;31.80;32.09;5454455;175877488.000
08/28/2009;32.09;32.42;31.09;31.19;6410981;202123792.000
08/31/2009;31.11;31.11;28.40;28.51;6272800;183924048.000
09/01/2009;28.57;29.27;28.08;28.51;5286620;150768848.000
09/02/2009;28.06;28.86;27.39;28.56;5178121;145389216.000
09/03/2009;28.48;30.10;27.90;29.88;6913820;202248912.000
09/04/2009;30.63;30.63;29.56;30.12;4678460;140188000.000
09/07/2009;30.36;30.59;29.80;30.28;5940687;179927888.000
09/08/2009;30.01;31.15;29.80;31.08;5909700;180849936.000
09/09/2009;31.20;33.96;31.20;33.47;16208892;531887968.000
09/15/2009;35.00;36.10;33.48;33.68;17472124;602565760.000
09/16/2009;33.30;34.98;32.60;34.28;10880704;366968064.000
09/17/2009;34.28;34.93;33.87;34.34;6224871;214596512.000
09/18/2009;34.58;34.80;32.85;32.98;6100666;205621312.000
09/21/2009;32.86;33.54;31.82;33.50;7708227;249569136.000
09/22/2009;33.50;35.38;33.10;34.29;11472489;398151936.000
09/23/2009;34.33;35.30;33.50;34.76;10160790;351669120.000
09/24/2009;34.90;34.90;33.45;33.88;7910770;267615840.000
09/25/2009;33.88;33.99;33.00;33.18;4441741;148821824.000
09/28/2009;33.18;33.50;32.55;32.82;2733892;90608000.000
09/29/2009;32.45;33.27;32.00;32.41;2423302;78966272.000
09/30/2009;32.55;33.63;32.55;33.18;2985619;99515216.000
10/09/2009;33.70;35.01;33.50;34.94;4178171;144022464.000
10/12/2009;35.05;36.65;34.65;35.55;9384909;337104288.000
10/13/2009;35.40;35.88;35.25;35.62;4368211;155622384.000
10/14/2009;35.45;35.89;34.82;34.90;6003198;212443232.000
10/15/2009;34.97;36.28;34.97;35.68;5159775;184760256.000
10/16/2009;35.75;36.68;35.58;35.99;3664555;132469312.000
10/19/2009;36.00;37.20;36.00;37.09;6661926;245631200.000
10/20/2009;37.11;37.40;36.72;36.99;5397445;199743248.000
10/21/2009;37.02;37.10;35.91;36.17;6206257;226879728.000
10/22/2009;36.18;36.40;35.40;35.74;7507923;267646592.000
10/23/2009;35.65;36.25;35.24;35.58;7085245;253191408.000
10/26/2009;35.95;36.07;35.00;35.50;7122875;252057616.000
10/27/2009;35.50;36.17;35.05;35.39;8022152;285221856.000
10/28/2009;35.41;36.25;35.05;36.24;6815216;242928384.000
10/29/2009;35.91;36.62;35.00;35.41;7772118;279526944.000
10/30/2009;35.66;36.40;35.50;36.01;5745808;207103024.000
11/02/2009;35.55;37.30;35.11;37.03;6670601;243403456.000
11/03/2009;37.00;37.60;36.80;37.11;5606863;208217440.000
11/04/2009;37.45;37.45;36.14;36.40;7613177;277906336.000
11/05/2009;36.80;36.80;36.00;36.49;4748767;172316352.000
11/06/2009;36.63;36.80;36.24;36.35;5690125;206960000.000
11/09/2009;36.37;36.56;35.48;35.85;7058105;253018560.000
11/10/2009;36.02;37.95;36.02;37.71;21286855;790926784.000
11/11/2009;37.59;39.15;37.25;38.32;11987486;459919040.000
11/12/2009;38.32;39.00;37.98;38.17;6528323;251324736.000
11/13/2009;38.79;38.79;37.47;38.03;3659943;138524160.000
11/16/2009;38.19;39.08;38.19;38.79;5034149;194703328.000
11/17/2009;38.93;38.93;38.14;38.33;3958380;151955856.000
11/18/2009;38.45;38.59;37.68;37.74;5099282;194224912.000
11/19/2009;37.88;38.19;37.01;37.85;5644030;212092144.000
11/20/2009;37.92;38.19;37.66;37.79;4403206;167031632.000
11/23/2009;37.94;38.73;37.81;38.25;6737829;258957904.000
11/24/2009;38.30;38.57;36.65;36.88;6466498;242631264.000
11/25/2009;36.80;37.31;34.90;37.28;8223777;301822464.000
11/26/2009;37.31;37.31;35.28;35.40;6831039;247166544.000
11/27/2009;35.40;35.48;34.90;35.10;7473964;262599824.000
11/30/2009;35.30;36.30;35.21;36.28;7626830;272326304.000
12/01/2009;36.33;36.42;35.51;36.38;9729930;350179296.000
12/02/2009;36.38;37.00;36.18;36.42;4535349;165544000.000
12/03/2009;36.75;36.86;36.28;36.43;4712195;172282432.000
12/04/2009;36.43;36.44;35.50;36.02;6880085;246652928.000
12/07/2009;36.25;37.89;36.25;37.02;7715485;286533696.000
12/08/2009;37.18;37.58;36.75;36.94;6970501;258140752.000
12/09/2009;36.50;36.92;36.00;36.14;3428326;124848832.000
12/10/2009;36.30;36.80;35.30;35.98;5080092;182166688.000
12/11/2009;36.10;36.40;35.60;36.16;2861767;103548080.000
12/14/2009;35.81;36.16;35.50;35.85;4761164;170510112.000
12/15/2009;36.00;36.70;35.73;36.29;6527680;236768336.000
12/16/2009;36.27;36.35;35.95;36.21;2716558;98100536.000
12/17/2009;36.50;37.25;35.88;36.20;4663699;168524320.000
12/18/2009;36.10;36.10;34.45;34.90;5519829;193530576.000
12/21/2009;34.86;35.29;33.95;34.37;3619797;124236744.000
12/22/2009;34.45;34.55;32.45;32.59;5088414;169647840.000
12/23/2009;32.67;33.58;32.67;33.49;6120155;204094976.000
12/24/2009;34.33;35.81;34.25;35.65;8244491;290069088.000
12/25/2009;35.59;36.25;35.51;36.20;9003352;323259392.000
12/28/2009;36.48;37.00;36.02;36.46;5680346;206984768.000
12/29/2009;36.23;37.30;36.00;37.14;9445496;348232544.000
12/30/2009;37.15;37.41;36.59;36.95;6595740;243031680.000
12/31/2009;36.95;36.95;36.06;36.81;11573216;422750784.000
01/04/2010;36.80;36.89;36.11;36.41;6169426;226602368.000
01/05/2010;36.40;36.69;35.80;36.44;7558238;273567552.000
01/06/2010;36.44;38.70;36.14;37.44;12888943;489761088.000
01/07/2010;37.44;38.23;36.65;37.07;14150504;534057888.000
01/08/2010;37.07;37.07;35.80;36.40;7675482;278403552.000
01/11/2010;36.84;37.28;34.88;35.25;15979829;565337792.000
01/12/2010;35.30;35.36;33.80;35.16;19158969;658668928.000
01/13/2010;34.28;34.30;33.50;33.96;17409268;590390080.000
01/14/2010;34.10;34.94;34.00;34.82;8815967;304276800.000
01/15/2010;35.00;35.98;34.50;35.62;13497689;478030432.000
01/18/2010;35.58;36.84;35.36;36.40;11813680;430071872.000
01/19/2010;36.54;36.77;35.30;35.80;11728761;419067968.000
01/20/2010;35.80;35.83;33.70;34.00;15765220;540365696.000
01/21/2010;34.00;34.03;32.30;33.28;20280676;665550272.000
01/26/2010;32.30;32.99;30.50;30.85;18442153;577478016.000
01/27/2010;30.70;31.50;29.98;30.30;14378474;436525664.000
01/28/2010;30.10;31.24;30.00;31.09;9704127;298539104.000
01/29/2010;30.90;31.67;30.48;30.84;8690965;270334080.000
02/01/2010;31.00;31.00;29.08;29.69;7428048;220211712.000
02/02/2010;30.00;31.40;29.80;30.04;9349028;287889344.000
02/03/2010;30.01;31.85;29.30;31.53;10861678;334742848.000
02/04/2010;31.17;31.96;30.90;30.98;8598882;269612992.000
02/05/2010;30.28;30.60;29.51;29.89;7853278;235604016.000
02/08/2010;30.10;30.48;29.70;29.99;3969779;119150648.000
02/09/2010;29.99;30.56;29.80;30.11;3709515;112001736.000
02/10/2010;30.40;30.55;30.28;30.54;3609443;109755656.000
02/11/2010;30.60;31.35;30.42;31.01;5440180;169013424.000
02/12/2010;31.03;32.02;30.87;31.86;5714224;181026336.000
02/22/2010;31.77;31.77;31.23;31.34;2804869;88089024.000
02/23/2010;31.34;31.60;30.60;31.10;4173015;129143560.000
02/24/2010;31.00;31.58;30.70;31.56;4671787;146375408.000
02/25/2010;31.85;32.90;31.57;32.64;8894323;288386272.000
02/26/2010;32.50;33.06;32.23;32.70;5191870;170657600.000
03/01/2010;32.70;33.30;32.60;33.12;5112077;169159376.000
03/02/2010;32.90;33.45;32.76;32.77;5691546;188588640.000
03/03/2010;32.90;33.21;32.71;32.80;5324349;175274352.000
03/04/2010;32.80;33.20;31.60;31.76;7606167;247143056.000
03/05/2010;31.81;32.13;31.39;31.44;3923678;124336544.000
03/08/2010;31.58;32.16;31.50;31.87;5073870;161488032.000
03/09/2010;31.80;32.57;31.50;32.29;3788670;121850464.000
03/10/2010;32.29;32.41;31.58;31.81;2552203;81718744.000
03/11/2010;31.70;31.86;30.99;31.63;4076052;128256240.000
03/12/2010;31.59;31.61;31.18;31.23;2054063;64393444.000
03/15/2010;31.09;31.09;30.28;30.40;3461611;105655416.000
03/16/2010;30.40;30.78;29.88;30.08;4711407;142247728.000
03/17/2010;30.25;31.54;30.00;31.48;8979252;275297984.000
03/18/2010;31.53;31.53;30.98;31.10;4335660;135578672.000
03/19/2010;31.03;31.55;30.50;31.46;3690807;115084248.000
03/22/2010;31.50;32.33;31.50;32.24;8500344;272930656.000
03/23/2010;32.23;32.53;32.00;32.27;6240700;201563024.000
