601106 中国一重 日线
      日期	    开盘	    最高	    最低	    收盘	    成交量	    成交额
02/09/2010;5.48;5.67;5.34;5.52;168348984;929111360.000
02/10/2010;5.50;5.58;5.42;5.55;67665301;371751936.000
02/11/2010;5.52;5.54;5.47;5.51;43408672;238836256.000
02/12/2010;5.54;5.58;5.49;5.52;50412479;279067168.000
02/22/2010;5.49;5.57;5.47;5.52;35470632;195828864.000
02/23/2010;5.50;5.55;5.48;5.54;30834976;170101488.000
02/24/2010;5.50;5.62;5.45;5.60;52665378;292397600.000
02/25/2010;5.59;5.80;5.56;5.68;141919037;806230976.000
02/26/2010;5.60;5.64;5.53;5.56;60360310;336501312.000
03/01/2010;5.57;5.63;5.54;5.61;31155082;173834544.000
03/02/2010;5.62;5.65;5.53;5.56;28868744;161470144.000
03/03/2010;5.56;5.69;5.49;5.68;63483123;357052288.000
03/04/2010;5.79;5.80;5.56;5.58;81102111;462527360.000
03/05/2010;5.58;5.64;5.54;5.58;31859876;177861904.000
03/08/2010;5.57;5.61;5.53;5.57;23768397;132357752.000
03/09/2010;5.55;5.59;5.51;5.55;22040909;122377824.000
03/10/2010;5.54;5.58;5.48;5.51;24034509;132580848.000
03/11/2010;5.52;5.53;5.46;5.49;17214044;94516736.000
03/12/2010;5.49;5.49;5.41;5.42;17957855;97901672.000
03/15/2010;5.43;5.44;5.35;5.37;15604453;83943176.000
03/16/2010;5.36;5.39;5.35;5.39;12079648;64874140.000
03/17/2010;5.40;5.46;5.31;5.46;31170643;167770816.000
03/18/2010;5.43;5.48;5.41;5.46;19480988;106034888.000
03/19/2010;5.45;5.50;5.41;5.47;17608627;96155096.000
03/22/2010;5.45;5.49;5.42;5.43;15710465;85710888.000
03/23/2010;5.42;5.43;5.36;5.37;14191805;76476136.000
