600529 山东药玻 日线
      日期	    开盘	    最高	    最低	    收盘	    成交量	    成交额
06/03/2002;6.30;6.36;5.38;5.46;21090480;449217504.000
06/04/2002;5.44;5.53;5.38;5.40;3796495;76407704.000
06/05/2002;5.39;5.39;5.19;5.29;2451992;47730000.000
06/06/2002;5.26;5.62;5.23;5.55;3389390;68361632.000
06/07/2002;5.53;5.61;5.48;5.54;1746499;35657448.000
06/10/2002;5.52;5.53;5.43;5.48;823995;16621365.000
06/11/2002;5.48;5.67;5.42;5.65;1295319;26581716.000
06/12/2002;5.61;5.74;5.59;5.65;1086071;22666112.000
06/13/2002;5.63;5.65;5.54;5.54;580900;11953424.000
06/14/2002;5.53;5.54;5.38;5.39;582409;11735544.000
06/17/2002;5.36;5.46;5.33;5.44;320605;6409367.000
06/18/2002;5.45;5.56;5.42;5.51;416707;8463263.000
06/19/2002;5.50;5.51;5.43;5.46;293729;5913455.000
06/20/2002;5.48;5.52;5.43;5.47;207495;4192093.000
06/21/2002;5.53;5.71;5.46;5.70;1520755;31523616.000
06/24/2002;6.32;6.32;6.07;6.32;5988255;137765936.000
06/25/2002;6.32;6.59;6.06;6.10;3672081;85010568.000
06/26/2002;6.07;6.27;5.97;6.22;1198484;26879356.000
06/27/2002;6.15;6.24;6.05;6.21;873227;19570964.000
06/28/2002;6.25;6.25;6.04;6.12;873920;19574226.000
07/02/2002;6.00;6.10;5.91;5.98;665829;14586841.000
07/03/2002;6.00;6.00;5.86;5.88;786101;17050482.000
07/04/2002;5.88;5.91;5.83;5.85;581630;12538307.000
07/05/2002;5.89;6.09;5.86;5.96;883858;19408376.000
07/08/2002;6.00;6.00;5.86;5.99;317360;6925405.000
07/09/2002;6.00;6.01;5.91;5.95;335590;7331326.000
07/10/2002;6.00;6.00;5.88;5.88;363200;7868337.000
07/11/2002;5.94;5.99;5.85;5.93;347138;7523550.000
07/12/2002;6.00;6.00;5.90;5.94;115211;2505730.000
07/15/2002;6.00;6.05;5.95;5.99;372700;8133658.000
07/16/2002;5.99;6.03;5.86;5.90;395608;8524281.000
07/17/2002;6.00;6.00;5.85;5.90;290400;6211508.000
07/18/2002;5.97;5.97;5.87;5.88;234600;5021537.000
07/19/2002;5.88;5.89;5.85;5.86;218400;4661876.000
07/22/2002;5.94;5.94;5.73;5.73;354829;7461894.000
07/23/2002;5.77;5.77;5.68;5.73;238904;4968142.000
07/24/2002;5.76;5.76;5.67;5.74;315515;6547133.000
07/25/2002;5.77;5.82;5.71;5.76;214590;4504016.000
07/26/2002;5.83;5.83;5.71;5.76;110720;2319532.000
07/29/2002;5.79;5.79;5.68;5.75;177827;3700678.000
07/30/2002;5.78;5.78;5.71;5.76;223880;4680894.000
07/31/2002;5.76;5.81;5.72;5.79;377432;7926156.000
08/01/2002;5.82;5.82;5.74;5.80;128420;2700582.000
08/02/2002;5.83;5.99;5.77;5.96;701038;15106175.000
08/05/2002;5.97;6.00;5.93;5.94;213650;4624732.000
08/06/2002;6.00;6.06;5.95;5.98;504255;10994548.000
08/07/2002;6.01;6.09;5.98;6.03;1083590;23784874.000
08/08/2002;6.06;6.21;6.05;6.18;2513923;56107584.000
08/09/2002;6.18;6.20;6.06;6.14;845675;18766668.000
08/12/2002;6.12;6.12;5.97;6.03;428006;9389202.000
08/13/2002;6.01;6.14;5.48;6.02;590259;12899238.000
08/14/2002;5.96;6.05;5.96;6.05;209648;4574229.000
08/15/2002;6.09;6.09;5.95;5.98;254313;5529012.000
08/16/2002;5.80;6.00;5.80;5.96;340936;7314879.000
08/19/2002;6.00;6.05;5.86;6.00;227589;4939115.000
08/20/2002;5.99;6.09;5.99;6.05;358173;7848712.000
08/21/2002;6.09;6.12;5.93;6.06;904485;19830660.000
08/22/2002;6.09;6.36;6.07;6.25;2327955;52886156.000
08/23/2002;6.30;6.30;6.21;6.25;625236;14128117.000
08/26/2002;6.27;6.45;6.25;6.31;1863750;43022284.000
08/27/2002;6.31;6.41;6.28;6.33;1025062;23522652.000
08/28/2002;6.36;6.42;6.32;6.36;686472;15809943.000
08/29/2002;6.41;6.41;6.19;6.22;539401;12242948.000
08/30/2002;6.26;6.26;6.18;6.20;306050;6883603.000
09/02/2002;6.22;6.34;6.15;6.33;394019;8935371.000
09/03/2002;6.35;6.44;6.30;6.38;877733;20327976.000
09/04/2002;6.39;6.42;6.30;6.34;542500;12488806.000
09/05/2002;6.34;6.34;6.18;6.20;654410;14767416.000
09/06/2002;6.23;6.25;6.15;6.19;359589;8072971.000
09/09/2002;6.18;6.23;6.13;6.22;297545;6675495.000
09/10/2002;6.23;6.25;6.18;6.21;168280;3786274.000
09/11/2002;6.18;6.20;6.04;6.15;709829;15695353.000
09/12/2002;6.17;6.24;6.09;6.21;195222;4367766.000
09/13/2002;6.24;6.31;6.14;6.28;363273;8228539.000
09/16/2002;6.32;6.32;6.11;6.19;615416;13760437.000
09/17/2002;6.18;6.25;6.15;6.20;284500;6398058.000
09/18/2002;6.25;6.29;6.18;6.25;641000;14486336.000
09/19/2002;6.26;6.29;6.19;6.26;316071;7128122.000
09/20/2002;6.28;6.35;6.22;6.25;426939;9722376.000
09/23/2002;6.27;6.27;6.18;6.25;236679;5329676.000
09/24/2002;6.25;6.25;6.13;6.15;416725;9327213.000
09/25/2002;6.15;6.15;6.07;6.12;695558;15429462.000
09/26/2002;6.12;6.17;6.09;6.13;355265;7891274.000
09/27/2002;6.15;6.16;5.96;5.98;761700;16701018.000
10/08/2002;5.96;5.96;5.83;5.91;406370;8664790.000
10/09/2002;5.91;5.92;5.82;5.90;582677;12387823.000
10/10/2002;5.89;5.92;5.82;5.90;190842;4078613.000
10/11/2002;5.90;5.90;5.71;5.82;504565;10616393.000
10/14/2002;5.77;5.84;5.72;5.79;160427;3368300.000
10/15/2002;5.74;5.86;5.74;5.75;188400;3970553.000
10/16/2002;5.75;5.90;5.75;5.83;156198;3318609.000
10/17/2002;5.85;5.85;5.64;5.70;365953;7613871.000
10/18/2002;5.67;5.70;5.50;5.63;357753;7283401.000
10/21/2002;5.62;5.63;5.53;5.62;158135;3217375.000
10/22/2002;5.60;5.73;5.58;5.71;221423;4569196.000
10/23/2002;5.65;5.70;5.62;5.67;181700;3741222.000
10/24/2002;5.65;5.70;5.58;5.61;134539;2756988.000
10/25/2002;5.62;5.68;5.60;5.63;205950;4230411.000
10/28/2002;5.56;5.62;5.42;5.47;360178;7194305.000
10/29/2002;5.45;5.48;5.34;5.45;312856;6177671.000
10/30/2002;5.47;5.47;5.37;5.44;137238;2722721.000
10/31/2002;5.45;5.50;5.39;5.45;96200;1919436.000
11/01/2002;5.45;5.46;5.38;5.42;178950;3532067.000
11/04/2002;5.56;5.61;5.45;5.56;216000;4344064.000
11/05/2002;5.58;5.73;5.53;5.65;569668;11734232.000
11/06/2002;5.70;5.70;5.55;5.56;498358;10156085.000
11/07/2002;5.59;5.62;5.53;5.56;218959;4449460.000
11/08/2002;5.60;5.68;5.39;5.40;388200;7772453.000
11/11/2002;5.40;5.44;5.33;5.33;241400;4746131.000
11/12/2002;5.33;5.39;5.20;5.21;348680;6691396.000
11/13/2002;5.18;5.29;5.15;5.26;214254;4082047.000
11/14/2002;5.26;5.38;5.18;5.20;261690;5038482.000
11/15/2002;5.17;5.33;5.17;5.21;153525;2951002.000
11/18/2002;5.23;5.26;5.18;5.26;130466;2493859.000
11/19/2002;5.26;5.31;5.22;5.30;113163;2179943.000
11/20/2002;5.30;5.31;5.15;5.19;284314;5413038.000
11/21/2002;5.20;5.21;5.08;5.08;362350;6826372.000
11/22/2002;5.10;5.18;5.01;5.08;186514;3481191.000
11/25/2002;5.03;5.11;5.03;5.07;81900;1521621.000
11/26/2002;5.08;5.12;4.89;4.89;513993;9402044.000
11/27/2002;4.89;4.91;4.79;4.86;320625;5736277.000
11/28/2002;4.91;5.09;4.83;5.08;293300;5334267.000
11/29/2002;5.06;5.18;4.99;5.12;414672;7786480.000
12/02/2002;5.11;5.11;4.89;4.89;212256;3879257.000
12/03/2002;4.86;4.94;4.86;4.94;96100;1739658.000
12/04/2002;4.95;5.06;4.89;4.96;264515;4839017.000
12/05/2002;4.96;4.99;4.90;4.97;112212;2030147.000
12/06/2002;4.98;5.00;4.92;4.94;73360;1337064.000
12/09/2002;4.94;4.98;4.90;4.94;44779;813046.000
12/10/2002;4.93;4.96;4.86;4.88;286700;5168304.000
12/11/2002;4.88;4.88;4.81;4.85;81300;1451842.000
12/12/2002;4.85;4.88;4.81;4.83;162729;2913240.000
12/13/2002;4.77;4.83;4.71;4.82;319600;5601346.000
12/16/2002;4.82;4.83;4.74;4.76;413648;7303365.000
12/17/2002;4.80;4.86;4.80;4.83;160439;2853667.000
12/18/2002;4.86;4.97;4.81;4.97;466868;8411281.000
12/19/2002;5.02;5.02;4.87;4.91;351517;6373170.000
12/20/2002;4.92;4.95;4.89;4.95;125614;2277454.000
12/23/2002;4.95;4.99;4.93;4.94;171493;3123262.000
12/24/2002;4.94;4.95;4.87;4.92;119000;2149402.000
12/25/2002;4.92;4.94;4.88;4.91;225731;4072564.000
12/26/2002;4.89;4.90;4.73;4.74;288100;5091118.000
12/27/2002;4.73;4.80;4.71;4.76;225223;3946692.000
12/30/2002;4.75;4.75;4.63;4.68;292206;5058997.000
12/31/2002;4.66;4.71;4.59;4.61;181100;3107058.000
01/02/2003;4.56;4.62;4.51;4.53;123800;2098044.000
01/03/2003;4.50;4.53;4.48;4.49;78100;1302925.000
01/06/2003;4.46;4.53;4.43;4.51;95360;1587821.000
01/07/2003;4.51;4.59;4.48;4.51;65300;1098289.000
01/08/2003;4.51;4.64;4.50;4.64;128310;2183282.000
01/09/2003;4.62;4.80;4.62;4.76;508166;8803160.000
01/10/2003;4.76;4.77;4.67;4.67;229950;4009594.000
01/13/2003;4.66;4.68;4.60;4.64;192078;3293553.000
01/14/2003;4.64;4.93;4.62;4.87;641708;11399980.000
01/15/2003;4.86;5.00;4.81;4.86;549951;9929931.000
01/16/2003;4.86;5.03;4.83;4.98;592788;10760349.000
01/17/2003;4.98;5.00;4.89;4.90;297571;5392037.000
01/20/2003;4.89;5.05;4.59;4.98;519052;9427148.000
01/21/2003;5.47;5.47;4.92;4.93;580103;10778580.000
01/22/2003;4.89;4.95;4.86;4.88;256468;4619430.000
01/23/2003;4.88;4.91;4.81;4.81;283010;5040534.000
01/24/2003;4.80;4.87;4.78;4.87;180758;3209504.000
01/27/2003;4.95;4.95;4.89;4.91;258760;4683986.000
01/28/2003;4.92;5.02;4.92;5.01;285813;5240289.000
01/29/2003;5.01;5.02;4.96;5.00;368200;6769825.000
02/10/2003;4.97;4.97;4.90;4.90;119900;2169060.000
02/11/2003;4.91;4.93;4.89;4.93;138498;2508715.000
02/12/2003;4.91;4.96;4.89;4.96;227645;4124192.000
02/13/2003;4.95;4.98;4.92;4.93;198258;3604995.000
02/14/2003;4.93;4.97;4.92;4.97;129678;2361596.000
02/17/2003;4.96;4.96;4.89;4.90;170840;3092943.000
02/18/2003;4.90;4.94;4.88;4.92;171440;3093644.000
02/19/2003;4.90;4.95;4.88;4.95;72200;1308261.000
02/20/2003;4.95;4.96;4.92;4.92;132030;2402281.000
02/21/2003;4.92;4.92;4.83;4.86;346140;6210891.000
02/24/2003;4.85;4.96;4.83;4.92;881751;15935316.000
02/25/2003;4.96;5.12;4.96;5.09;918378;17058860.000
02/26/2003;5.09;5.23;5.09;5.21;1310750;24840118.000
02/27/2003;5.21;5.26;5.18;5.22;715549;13691192.000
02/28/2003;5.20;5.36;5.14;5.33;1040644;20036424.000
03/03/2003;5.41;5.60;5.33;5.48;2866018;57465192.000
03/04/2003;5.50;5.62;5.43;5.56;1234993;24935060.000
03/05/2003;5.56;5.66;5.48;5.50;2165569;44218028.000
03/06/2003;5.48;5.50;5.38;5.47;1033440;20503680.000
03/07/2003;5.45;5.53;5.39;5.48;1023560;20429636.000
03/10/2003;5.48;5.53;5.37;5.37;558700;11061400.000
03/11/2003;5.35;5.39;5.24;5.25;563716;10925166.000
03/12/2003;5.26;5.32;5.23;5.31;306900;5934250.000
03/13/2003;5.28;5.40;5.23;5.25;498908;9690767.000
03/14/2003;5.25;5.36;5.25;5.32;313509;6097962.000
03/17/2003;5.33;5.36;5.26;5.36;251871;4889325.000
03/18/2003;5.33;5.44;5.31;5.35;396309;7811277.000
03/19/2003;5.32;5.50;5.32;5.50;543911;10829894.000
03/20/2003;5.50;5.59;5.42;5.48;753584;15189451.000
03/21/2003;5.48;5.79;5.48;5.76;1767393;36523912.000
03/24/2003;5.78;5.84;5.32;5.40;2761969;55806496.000
03/25/2003;5.53;5.64;5.44;5.51;1759370;35537296.000
03/26/2003;5.49;5.54;5.37;5.41;720206;14290346.000
03/27/2003;5.38;5.50;5.28;5.46;892146;17569240.000
03/28/2003;5.48;5.49;5.33;5.33;520464;10257147.000
03/31/2003;5.33;5.40;5.32;5.36;391048;7661658.000
04/01/2003;5.40;5.41;5.31;5.38;632745;12391198.000
04/02/2003;5.36;5.43;5.34;5.42;249356;4919735.000
04/03/2003;5.42;5.52;5.39;5.49;391562;7828483.000
04/04/2003;5.49;5.52;5.45;5.48;385305;7723129.000
04/07/2003;5.50;5.52;5.33;5.34;470408;9355084.000
04/08/2003;5.34;5.37;5.21;5.25;664979;12846404.000
04/09/2003;5.21;5.33;5.21;5.31;409973;7874654.000
04/10/2003;5.30;5.36;5.23;5.31;534250;10321390.000
04/11/2003;5.31;5.36;5.24;5.33;631462;12193119.000
04/14/2003;5.34;5.49;5.32;5.46;830500;16505840.000
04/15/2003;5.49;5.92;5.48;5.77;2246578;46668980.000
04/16/2003;5.83;5.85;5.53;5.57;1569690;32413522.000
04/17/2003;5.57;5.70;5.55;5.60;829942;16956456.000
04/18/2003;5.62;5.68;5.51;5.52;681984;13890575.000
04/21/2003;5.49;5.52;5.39;5.42;532957;10608237.000
04/22/2003;5.39;5.47;5.39;5.44;166285;3301290.000
04/23/2003;5.37;5.45;5.31;5.33;401727;7875937.000
04/24/2003;5.30;5.42;5.21;5.21;556579;10754930.000
04/25/2003;5.21;5.29;5.19;5.24;348609;6687364.000
04/29/2003;5.36;5.44;5.15;5.15;573700;11085748.000
04/30/2003;5.15;5.24;5.06;5.15;663864;12500630.000
05/12/2003;5.15;5.26;5.10;5.17;259296;4927076.000
05/13/2003;5.15;5.15;4.81;4.81;679828;12254549.000
05/14/2003;4.78;4.89;4.77;4.84;762512;13546988.000
05/15/2003;4.95;5.09;4.91;5.09;1120183;20616228.000
05/16/2003;5.09;5.14;5.01;5.06;436477;8127720.000
05/19/2003;5.06;5.13;5.04;5.09;722017;13492213.000
05/20/2003;5.12;5.13;5.05;5.08;400255;7466468.000
05/21/2003;5.09;5.14;5.06;5.08;445930;8334052.000
05/22/2003;5.00;5.07;4.96;5.02;200670;2450214.000
05/23/2003;5.01;5.01;4.87;4.90;1169228;14061613.000
05/26/2003;4.90;4.92;4.84;4.87;832995;9907381.000
05/27/2003;4.88;4.98;4.86;4.93;805734;9667263.000
05/28/2003;4.97;5.02;4.91;4.92;533165;6451216.000
05/29/2003;4.91;4.97;4.88;4.94;405020;4866602.000
05/30/2003;4.93;5.18;4.92;5.12;928832;11493968.000
06/02/2003;5.14;5.18;5.08;5.14;509662;6367687.000
06/03/2003;5.14;5.17;5.04;5.05;524580;6493081.000
06/04/2003;5.06;5.08;4.98;5.05;389049;4768763.000
06/05/2003;5.07;5.13;5.01;5.01;430700;5314429.000
06/06/2003;5.01;5.06;4.97;4.99;359648;4391102.000
06/09/2003;4.96;5.01;4.93;4.95;316958;3835056.000
06/10/2003;4.95;5.01;4.93;4.99;199444;2413699.000
06/11/2003;4.99;5.02;4.96;5.01;249360;3038615.000
06/12/2003;5.04;5.05;4.98;5.01;184900;2255516.000
06/13/2003;5.01;5.17;4.99;5.13;735925;9171100.000
06/16/2003;5.16;5.16;5.08;5.09;192140;2384840.000
06/17/2003;5.10;5.10;5.01;5.04;209550;2575900.000
06/18/2003;5.01;5.04;5.00;5.01;164308;2009482.000
06/19/2003;4.96;5.01;4.91;4.96;182450;2206600.000
06/20/2003;4.93;4.98;4.93;4.93;107911;1301697.000
06/23/2003;4.88;4.93;4.87;4.88;163575;1951812.000
06/24/2003;4.88;4.91;4.86;4.90;189001;2251405.000
06/25/2003;4.90;4.90;4.81;4.82;195050;2308969.000
06/26/2003;4.78;4.85;4.75;4.83;241594;2827244.000
06/27/2003;4.83;4.83;4.68;4.72;182500;2117224.000
06/30/2003;4.70;4.72;4.61;4.61;278300;3182208.000
07/01/2003;4.61;4.68;4.61;4.61;127700;1452022.000
07/02/2003;4.62;4.68;4.56;4.65;154805;1747080.000
07/03/2003;4.64;4.70;4.63;4.65;98160;1121794.000
07/04/2003;4.69;4.74;4.64;4.72;201600;2318413.000
07/07/2003;4.67;4.73;4.65;4.67;75060;860000.000
07/08/2003;4.69;4.73;4.67;4.71;54250;623578.000
07/09/2003;4.70;4.70;4.63;4.66;95916;1095981.000
07/10/2003;4.65;4.78;4.65;4.71;591715;6816667.000
07/11/2003;4.74;4.78;4.67;4.74;218511;2525982.000
07/14/2003;4.90;4.90;4.75;4.77;247710;2915983.000
07/15/2003;4.75;4.78;4.72;4.75;74360;863122.000
07/16/2003;4.71;4.74;4.68;4.71;100518;1157790.000
07/17/2003;4.70;4.74;4.64;4.71;306510;3516667.000
07/18/2003;4.73;4.75;4.63;4.64;210125;2410488.000
07/21/2003;4.65;4.72;4.59;4.70;289058;3312956.000
07/22/2003;4.74;4.89;4.74;4.87;1027001;12143383.000
07/23/2003;4.87;4.93;4.83;4.89;418823;5014439.000
07/24/2003;4.89;4.90;4.81;4.83;197519;2342130.000
07/25/2003;4.81;4.86;4.75;4.85;336521;3958900.000
07/28/2003;4.83;4.96;4.82;4.94;633676;7586344.000
07/29/2003;4.94;4.94;4.89;4.92;215510;2587850.000
07/30/2003;4.91;4.95;4.87;4.95;210200;2519032.000
07/31/2003;4.92;4.97;4.91;4.92;456800;5511424.000
08/01/2003;4.91;4.92;4.86;4.86;221300;2637884.000
08/04/2003;4.85;4.91;4.83;4.89;674922;8005435.000
08/05/2003;4.87;4.94;4.86;4.91;245836;2949782.000
08/06/2003;4.91;4.93;4.86;4.86;127399;1516969.000
08/07/2003;4.87;4.88;4.83;4.88;122611;1455077.000
08/08/2003;4.86;4.89;4.83;4.86;173198;2056065.000
08/11/2003;4.86;4.87;4.83;4.86;84600;1003251.000
08/12/2003;4.87;4.94;4.87;4.93;159750;1918079.000
08/13/2003;4.91;4.98;4.89;4.93;419405;5048901.000
08/14/2003;4.92;5.01;4.90;4.97;394720;4776202.000
08/15/2003;4.97;4.99;4.92;4.96;214715;2596554.000
08/18/2003;4.92;5.01;4.92;4.93;201486;2439670.000
08/19/2003;4.95;5.04;4.95;4.98;224725;2746361.000
08/20/2003;4.97;5.00;4.93;4.98;118543;1431930.000
08/21/2003;4.94;5.06;4.94;5.03;240271;2938188.000
08/22/2003;5.03;5.06;4.98;5.01;228025;2800189.000
08/25/2003;4.99;4.99;4.93;4.94;315015;3799273.000
08/26/2003;4.92;4.98;4.92;4.96;173816;2099634.000
08/27/2003;4.97;4.98;4.89;4.92;108320;1301315.000
08/28/2003;4.93;4.94;4.86;4.92;141840;1701503.000
08/29/2003;4.91;4.93;4.86;4.93;145765;1737988.000
09/01/2003;4.93;4.99;4.87;4.98;185410;2234674.000
09/02/2003;4.96;5.01;4.96;4.99;202355;2461203.000
09/03/2003;5.00;5.00;4.93;4.96;162363;1962188.000
09/04/2003;4.95;5.00;4.90;4.93;150650;1813509.000
09/05/2003;4.91;4.95;4.86;4.86;180679;2154614.000
09/08/2003;4.84;4.86;4.83;4.83;147900;1750932.000
09/09/2003;4.83;4.92;4.82;4.86;138043;1642284.000
09/10/2003;4.83;4.87;4.83;4.86;80663;955336.000
09/11/2003;4.86;4.87;4.85;4.85;103787;1230798.000
09/12/2003;4.85;4.87;4.81;4.81;129730;1531208.000
09/15/2003;4.78;4.86;4.78;4.82;141152;1658837.000
09/16/2003;4.82;4.88;4.81;4.88;157506;1865643.000
09/17/2003;4.81;4.87;4.81;4.82;94720;1120121.000
09/18/2003;4.83;4.86;4.82;4.84;83860;991074.000
09/19/2003;4.82;4.87;4.82;4.87;93900;1113414.000
09/22/2003;4.94;4.94;4.81;4.83;83100;980166.000
09/23/2003;4.81;4.88;4.81;4.88;201469;2388191.000
09/24/2003;4.83;4.91;4.83;4.91;75553;902826.000
09/25/2003;4.94;4.94;4.89;4.92;254153;3045240.000
09/26/2003;4.91;4.96;4.91;4.95;225593;2719331.000
09/29/2003;4.92;4.95;4.87;4.94;230767;2778033.000
09/30/2003;4.94;4.96;4.90;4.94;206525;2485805.000
10/08/2003;4.92;4.94;4.88;4.94;91030;1094496.000
10/09/2003;4.92;4.95;4.92;4.95;150950;1818741.000
10/10/2003;4.88;5.00;4.88;4.98;201054;2430502.000
10/13/2003;4.98;5.00;4.93;4.93;114800;1392737.000
10/14/2003;4.95;5.06;4.93;5.05;217595;2649579.000
10/15/2003;5.05;5.09;5.01;5.01;105615;1295314.000
10/16/2003;5.01;5.03;4.99;5.01;260386;3179470.000
10/17/2003;4.74;5.10;4.74;5.06;257685;3171517.000
10/20/2003;5.06;5.16;5.06;5.14;490956;6127135.000
10/21/2003;5.12;5.16;5.06;5.09;160150;1984702.000
10/22/2003;5.05;5.19;5.05;5.13;201855;2520178.000
10/23/2003;5.13;5.23;5.12;5.23;495929;6255231.000
10/24/2003;5.22;5.34;5.18;5.30;579572;7431538.000
10/27/2003;5.31;5.33;5.12;5.16;415592;5273174.000
10/28/2003;5.16;5.22;5.12;5.20;310135;3892749.000
10/29/2003;5.19;5.23;5.10;5.14;460092;5757197.000
10/30/2003;5.06;5.12;5.05;5.09;287862;3564153.000
10/31/2003;5.04;5.16;5.04;5.09;119400;1484138.000
11/03/2003;5.05;5.19;5.05;5.18;98950;1240952.000
11/04/2003;5.18;5.33;5.12;5.24;625867;7989949.000
11/05/2003;5.25;5.27;5.17;5.21;370400;4693792.000
11/06/2003;5.19;5.22;5.04;5.08;332282;4121457.000
11/07/2003;5.06;5.08;4.86;4.90;497121;5984184.000
11/10/2003;4.81;5.00;4.78;4.99;244927;2942666.000
11/11/2003;4.98;4.98;4.91;4.94;155935;1874273.000
11/12/2003;4.88;5.03;4.88;4.91;129084;1548798.000
11/13/2003;4.92;4.94;4.87;4.90;139230;1667077.000
11/14/2003;4.91;4.91;4.86;4.89;87460;1044321.000
11/17/2003;4.85;4.90;4.85;4.88;60600;721607.000
11/18/2003;4.89;4.89;4.70;4.73;325350;3795516.000
11/19/2003;4.73;4.81;4.73;4.78;303617;3526159.000
11/20/2003;4.81;4.94;4.75;4.89;283035;3367813.000
11/21/2003;4.78;4.89;4.78;4.79;194950;2311262.000
11/24/2003;4.76;4.92;4.76;4.91;364806;4324328.000
11/25/2003;4.92;4.94;4.85;4.91;376724;4504376.000
11/26/2003;4.91;4.91;4.86;4.89;102106;1216349.000
11/27/2003;4.83;4.89;4.76;4.78;233190;2739451.000
11/28/2003;4.83;4.83;4.77;4.82;119210;1400008.000
12/01/2003;4.80;4.90;4.79;4.87;181865;2156019.000
12/02/2003;4.90;4.95;4.83;4.90;124850;1490396.000
12/03/2003;4.89;4.98;4.84;4.93;204916;2465439.000
12/04/2003;4.93;5.00;4.89;5.00;236650;2861820.000
12/05/2003;5.01;5.01;4.92;4.94;175830;2122413.000
12/09/2003;4.91;4.91;4.85;4.87;164910;1954967.000
12/10/2003;4.85;4.89;4.84;4.89;234955;2787637.000
12/11/2003;4.89;4.93;4.83;4.86;168470;2006291.000
12/12/2003;4.84;4.92;4.83;4.90;161215;1917759.000
12/15/2003;4.90;4.92;4.86;4.92;285310;3412624.000
12/16/2003;4.86;4.92;4.85;4.87;386550;4598709.000
12/17/2003;4.87;4.92;4.82;4.83;196700;2333270.000
12/18/2003;4.83;4.87;4.80;4.81;229450;2702625.000
12/19/2003;4.83;4.86;4.69;4.81;509855;5929184.000
12/22/2003;4.78;4.78;4.60;4.70;1285447;14736762.000
12/23/2003;4.70;4.74;4.63;4.69;722581;8309687.000
12/24/2003;4.50;4.80;4.50;4.79;454233;5164992.000
12/25/2003;4.85;4.85;4.75;4.80;563021;6640129.000
12/26/2003;4.81;4.91;4.80;4.84;241305;2869044.000
12/29/2003;4.84;4.86;4.81;4.81;101050;1192476.000
12/30/2003;4.81;4.85;4.71;4.84;370630;4315996.000
12/31/2003;4.89;4.89;4.78;4.81;207855;2449532.000
01/02/2004;4.80;4.84;4.72;4.81;246025;2894151.000
01/05/2004;4.82;4.98;4.76;4.92;638747;7653112.000
01/06/2004;4.96;5.45;4.96;5.37;4292252;55115708.000
01/07/2004;5.37;5.44;5.33;5.38;937797;12245200.000
01/08/2004;5.39;5.64;5.38;5.43;959803;12825932.000
01/09/2004;5.45;5.57;5.32;5.33;911224;12028496.000
01/12/2004;5.35;5.38;5.18;5.38;712795;9135284.000
01/13/2004;5.39;5.61;5.38;5.49;1315938;17505124.000
01/14/2004;5.53;5.58;5.35;5.52;1812030;23716830.000
01/15/2004;5.50;5.57;5.38;5.41;496951;6578763.000
01/16/2004;5.41;5.53;5.36;5.50;577446;7619091.000
01/29/2004;5.57;5.71;5.48;5.68;873973;11814943.000
01/30/2004;5.70;5.70;5.45;5.45;593900;7969902.000
02/02/2004;5.56;5.64;5.44;5.62;1190521;15993107.000
02/03/2004;5.60;5.75;5.58;5.62;1442090;19704232.000
02/04/2004;5.61;5.71;5.59;5.63;1244754;16938040.000
02/05/2004;5.66;5.83;5.66;5.79;1000443;13952216.000
02/06/2004;5.81;5.81;5.62;5.64;1025893;14153314.000
02/09/2004;5.67;5.82;5.63;5.75;746858;10342565.000
02/10/2004;5.75;5.76;5.64;5.72;796101;10930977.000
02/11/2004;5.71;5.71;5.58;5.62;529355;7195192.000
02/12/2004;5.61;5.64;5.56;5.62;476285;6447534.000
02/13/2004;5.64;5.78;5.62;5.69;618492;8509177.000
02/16/2004;5.70;5.80;5.70;5.80;803212;11200872.000
02/17/2004;5.80;6.24;5.79;6.23;2171787;31779392.000
02/18/2004;6.24;6.41;6.13;6.30;2771726;41848400.000
02/19/2004;6.46;6.50;6.17;6.20;2801516;42447192.000
02/20/2004;6.24;6.27;6.13;6.24;1354564;20104758.000
02/23/2004;6.23;6.23;6.04;6.05;978650;14403360.000
02/24/2004;6.02;6.04;5.90;6.01;945995;13631833.000
02/25/2004;6.02;6.10;5.79;5.84;898298;12879280.000
02/26/2004;5.83;6.00;5.76;5.88;994901;14078547.000
02/27/2004;5.91;6.00;5.84;6.00;608295;8692314.000
03/01/2004;6.01;6.05;5.92;6.01;697329;10048003.000
03/02/2004;6.02;6.02;5.94;5.97;436929;6270757.000
03/03/2004;5.95;6.03;5.90;6.00;608174;8768424.000
03/04/2004;5.95;6.03;5.93;6.02;454482;6550061.000
03/05/2004;6.05;6.14;6.02;6.05;415202;6072036.000
03/08/2004;6.02;6.04;5.58;5.87;820243;11507470.000
03/09/2004;5.83;5.88;5.75;5.75;609300;8547962.000
03/10/2004;5.76;5.85;5.75;5.84;354196;4964530.000
03/11/2004;6.00;6.00;5.85;5.92;380532;5426267.000
03/12/2004;5.93;5.94;5.85;5.88;201838;2865849.000
03/15/2004;5.87;5.99;5.80;5.97;739467;10561987.000
03/16/2004;5.95;6.13;5.94;6.06;668871;9746641.000
03/17/2004;6.06;6.07;5.93;6.01;659540;9486271.000
03/18/2004;6.02;6.05;5.94;5.98;429181;6198643.000
03/19/2004;5.96;6.13;5.96;6.12;608187;8904915.000
03/23/2004;6.12;6.12;5.97;5.98;647453;9365524.000
03/24/2004;5.98;6.01;5.90;5.94;377958;5431333.000
03/25/2004;5.93;6.00;5.92;5.99;476497;6845049.000
03/26/2004;6.00;6.03;5.95;5.98;623700;8992474.000
03/29/2004;6.00;6.10;5.97;6.04;675092;9845030.000
03/30/2004;6.09;6.25;6.09;6.24;1840953;27498558.000
03/31/2004;6.25;6.30;6.20;6.28;1208695;18166172.000
04/01/2004;6.26;6.36;6.26;6.28;1290341;19600302.000
04/02/2004;6.28;6.90;6.28;6.76;6004243;94992120.000
04/05/2004;6.91;6.96;6.58;6.70;2348194;25060538.000
04/06/2004;6.63;6.83;6.55;6.74;2332273;24784562.000
04/07/2004;6.70;6.85;6.62;6.81;3432316;36853852.000
04/08/2004;6.85;7.25;6.79;7.08;5439648;60658500.000
04/09/2004;7.06;7.13;6.65;6.69;3242127;35212892.000
04/12/2004;6.68;6.68;6.43;6.65;1805508;18785600.000
04/13/2004;6.68;6.78;6.48;6.50;1380648;14559029.000
04/14/2004;6.49;6.56;6.38;6.43;1238788;12734020.000
04/15/2004;6.45;6.58;6.40;6.41;931777;9592543.000
04/16/2004;6.47;6.54;6.28;6.54;1075585;10969314.000
04/19/2004;6.55;6.55;6.38;6.40;979985;10057669.000
04/20/2004;6.42;6.43;6.32;6.35;325601;3297406.000
04/21/2004;6.40;6.46;6.34;6.40;512699;5213251.000
04/22/2004;6.43;6.49;6.36;6.48;346451;3530454.000
04/23/2004;6.52;6.61;6.38;6.46;774015;7925771.000
04/26/2004;6.48;6.63;6.48;6.63;1046059;10885479.000
04/27/2004;6.64;6.65;6.52;6.58;680499;7100225.000
04/28/2004;6.58;6.58;6.35;6.36;596264;6096282.000
04/29/2004;6.38;6.44;6.05;6.10;1023174;10110228.000
04/30/2004;6.09;6.20;5.99;6.11;590511;5747654.000
05/10/2004;6.12;6.18;5.92;5.93;321772;3091055.000
05/11/2004;5.93;5.95;5.66;5.89;540673;4989704.000
05/12/2004;5.89;6.03;5.82;5.99;317275;3008773.000
05/13/2004;6.02;6.02;5.89;5.99;308050;2924963.000
05/14/2004;5.97;5.97;5.81;5.81;557315;5215986.000
05/17/2004;5.70;5.89;5.70;5.79;200375;1855863.000
05/18/2004;5.70;5.87;5.70;5.86;200700;1850909.000
05/19/2004;5.87;5.95;5.85;5.86;478325;4493773.000
05/20/2004;5.88;5.89;5.68;5.68;351850;3248712.000
05/21/2004;5.70;5.81;5.70;5.72;360851;3320672.000
05/24/2004;5.73;5.81;5.69;5.79;173888;1595056.000
05/25/2004;5.73;5.79;5.66;5.66;244945;2234390.000
05/26/2004;5.63;5.72;5.56;5.69;205664;1855715.000
05/27/2004;5.63;5.75;5.62;5.73;365147;3345249.000
05/28/2004;5.74;5.81;5.66;5.68;175650;1607930.000
05/31/2004;5.71;5.73;5.44;5.50;580237;5180623.000
06/01/2004;5.52;5.72;5.44;5.64;758860;6785577.000
06/02/2004;5.69;5.77;5.56;5.72;1479579;13360228.000
06/03/2004;5.75;5.80;5.66;5.66;1103481;10121566.000
06/04/2004;5.66;5.74;5.62;5.71;419463;3800986.000
06/07/2004;5.72;5.72;5.58;5.60;330365;2974463.000
06/08/2004;5.56;5.62;5.56;5.59;170134;1524356.000
06/09/2004;5.57;5.62;5.42;5.42;266171;2348142.000
06/10/2004;5.39;5.56;5.23;5.34;445075;3836413.000
06/11/2004;5.31;5.46;5.26;5.28;348050;2997819.000
06/14/2004;5.28;5.28;4.99;5.04;545951;4449129.000
06/15/2004;5.03;5.11;4.96;5.04;571430;4618722.000
06/16/2004;5.05;5.08;4.96;4.99;697388;5625045.000
06/17/2004;4.99;5.01;4.70;4.87;569909;4462785.000
06/18/2004;4.83;4.96;4.79;4.89;266635;2097121.000
06/21/2004;4.89;4.95;4.83;4.95;121105;954074.000
06/22/2004;4.95;5.09;4.95;5.06;459028;3736068.000
06/23/2004;5.08;5.08;4.97;5.07;180007;1457355.000
06/24/2004;4.99;5.16;4.99;5.11;253741;2089173.000
06/25/2004;5.11;5.12;4.97;4.98;225726;1837897.000
06/28/2004;4.87;4.96;4.86;4.96;242682;1924923.000
06/29/2004;4.95;5.08;4.88;4.99;344444;2772405.000
06/30/2004;5.31;5.31;5.03;5.05;413300;3415926.000
07/01/2004;5.12;5.21;5.05;5.21;419245;3490094.000
07/02/2004;5.21;5.23;5.10;5.17;129875;1081153.000
07/06/2004;5.15;5.32;5.15;5.23;234310;1986432.000
07/07/2004;5.21;5.23;5.09;5.20;135600;1118812.000
07/08/2004;5.55;5.55;5.20;5.30;320460;2741688.000
07/09/2004;5.29;5.31;5.17;5.23;96175;808379.000
07/12/2004;5.13;5.13;4.98;5.05;130410;1058420.000
07/13/2004;5.01;5.05;4.98;5.05;85595;690948.000
07/14/2004;5.02;5.03;4.84;5.02;197340;1569953.000
07/15/2004;4.96;5.07;4.96;5.03;222199;1791531.000
07/16/2004;5.03;5.27;5.03;5.22;324949;2711877.000
07/19/2004;5.29;5.39;5.17;5.36;707635;6000365.000
07/20/2004;5.29;5.44;5.23;5.32;755236;6459657.000
07/21/2004;5.32;5.51;5.28;5.48;811901;6994591.000
07/22/2004;5.48;5.50;5.38;5.40;1039550;9030876.000
07/23/2004;5.36;5.44;5.27;5.42;252025;2153883.000
07/26/2004;5.42;5.42;5.29;5.42;239300;2058461.000
07/27/2004;5.39;5.40;5.09;5.15;353401;2947844.000
07/28/2004;5.08;5.25;5.08;5.24;150970;1250592.000
07/29/2004;5.23;5.36;5.21;5.35;253179;2145205.000
07/30/2004;5.34;5.39;5.33;5.36;294074;2527438.000
08/02/2004;5.23;5.33;5.23;5.31;121395;1032793.000
08/03/2004;5.31;5.31;5.29;5.31;48775;415051.000
08/04/2004;5.29;5.42;5.23;5.41;515325;4440850.000
08/05/2004;5.44;5.44;5.27;5.31;142200;1220311.000
08/06/2004;5.29;5.36;5.19;5.25;258650;2176680.000
08/09/2004;5.21;5.29;5.16;5.29;62530;527480.000
08/10/2004;5.32;5.32;5.21;5.22;216850;1826192.000
08/11/2004;5.21;5.21;4.95;4.96;499100;4050536.000
08/12/2004;4.96;4.99;4.88;4.89;203800;1621502.000
08/13/2004;4.89;4.98;4.87;4.91;129171;1021845.000
08/16/2004;4.97;4.97;4.76;4.85;150143;1172511.000
08/17/2004;4.83;4.83;4.60;4.63;1002100;7632206.000
08/18/2004;4.63;4.84;4.60;4.83;896063;6891784.000
08/19/2004;4.83;4.93;4.82;4.89;520802;4095409.000
08/20/2004;4.89;5.01;4.83;4.99;342137;2731383.000
08/23/2004;4.91;4.99;4.89;4.90;462475;3682057.000
08/24/2004;4.89;4.97;4.89;4.97;331388;2643004.000
08/25/2004;4.97;5.00;4.95;4.99;165433;1329170.000
08/26/2004;4.96;4.99;4.93;4.93;113950;913171.000
08/27/2004;4.84;4.99;4.76;4.83;210450;1663944.000
08/30/2004;4.84;4.88;4.70;4.70;284700;2197944.000
08/31/2004;4.82;4.94;4.78;4.82;309250;2405534.000
09/01/2004;4.74;4.81;4.74;4.78;54200;418719.000
09/02/2004;4.72;4.82;4.72;4.82;78825;609086.000
09/03/2004;4.80;4.89;4.78;4.83;150950;1175649.000
09/06/2004;4.76;4.83;4.76;4.80;25410;196768.000
09/07/2004;4.83;4.88;4.74;4.77;128455;989730.000
09/08/2004;4.83;4.83;4.77;4.80;77600;600468.000
09/09/2004;4.76;4.78;4.73;4.74;94675;726116.000
09/10/2004;4.70;4.79;4.64;4.70;93631;715564.000
09/13/2004;4.68;4.68;4.61;4.62;108795;817511.000
09/14/2004;4.63;4.80;4.63;4.75;109250;837056.000
09/15/2004;4.75;5.07;4.73;4.96;490195;3911902.000
09/16/2004;4.97;4.99;4.88;4.98;328724;2626415.000
09/17/2004;4.99;5.16;4.93;5.15;1539100;12495578.000
09/20/2004;5.15;5.34;5.11;5.32;1861818;15604410.000
09/21/2004;5.41;5.72;5.34;5.45;2327684;20559474.000
09/22/2004;5.44;5.44;5.17;5.25;935160;7943174.000
09/23/2004;5.23;5.38;5.16;5.36;470899;3988114.000
09/24/2004;5.49;5.61;5.33;5.36;2077022;18403016.000
09/27/2004;5.29;5.48;5.29;5.31;607900;5227888.000
09/28/2004;5.34;5.34;5.21;5.32;360846;3056042.000
09/29/2004;5.32;5.32;5.24;5.25;173480;1469017.000
09/30/2004;5.29;5.38;5.19;5.21;361525;3064272.000
10/08/2004;5.21;5.32;5.09;5.29;266925;2239944.000
10/11/2004;5.32;5.53;5.25;5.50;924240;8050245.000
10/12/2004;5.42;5.68;5.42;5.49;903350;7940206.000
10/13/2004;5.48;5.51;5.33;5.42;670903;5844661.000
10/14/2004;5.42;5.58;5.19;5.19;684350;5890800.000
10/15/2004;5.07;5.23;5.03;5.10;256824;2110022.000
10/18/2004;5.19;5.19;5.05;5.10;231672;1899619.000
10/19/2004;5.18;5.22;5.03;5.03;216250;1785703.000
10/20/2004;5.04;5.04;4.86;4.93;393575;3118648.000
10/21/2004;4.93;4.99;4.86;4.90;269415;2139976.000
10/22/2004;4.89;5.03;4.86;5.02;552178;4414551.000
10/25/2004;5.06;5.21;5.04;5.11;682020;5647769.000
10/26/2004;5.15;5.15;4.95;5.07;267000;2165377.000
10/27/2004;5.08;5.18;5.01;5.17;819020;6729251.000
10/28/2004;5.19;5.27;5.17;5.17;506642;4245550.000
10/29/2004;4.96;5.09;4.88;4.89;809760;6490965.000
11/01/2004;4.86;5.01;4.86;4.95;474425;3793431.000
11/02/2004;4.87;4.99;4.70;4.97;163996;1306553.000
11/03/2004;4.93;5.07;4.93;5.07;270662;2187816.000
11/04/2004;5.11;5.13;5.03;5.11;548075;4490806.000
11/05/2004;5.09;5.16;5.07;5.13;294300;2431083.000
11/08/2004;5.09;5.11;5.00;5.09;130250;1065746.000
11/09/2004;5.03;5.11;5.03;5.07;77550;634644.000
11/10/2004;5.08;5.26;5.04;5.23;374339;3126048.000
11/11/2004;5.24;5.30;5.19;5.19;402750;3398258.000
11/12/2004;5.19;5.23;5.13;5.23;453670;3782821.000
11/15/2004;5.29;5.29;5.20;5.25;224683;1887621.000
11/16/2004;4.96;5.29;4.96;5.17;270952;2252796.000
11/17/2004;5.17;5.17;5.03;5.06;167448;1370844.000
11/18/2004;5.15;5.15;5.03;5.07;312790;2551903.000
11/19/2004;5.08;5.20;5.06;5.19;261880;2158851.000
11/22/2004;5.25;5.40;5.21;5.37;1173984;10064126.000
11/23/2004;5.36;5.36;5.28;5.34;442549;3774941.000
11/24/2004;5.32;5.46;5.32;5.36;896725;7794498.000
11/25/2004;5.36;5.58;5.36;5.56;1807051;15960167.000
11/26/2004;5.57;5.58;5.46;5.50;863430;7642058.000
11/30/2004;5.39;5.47;5.32;5.46;644589;5609797.000
12/01/2004;5.49;5.58;5.43;5.53;564755;4991328.000
12/02/2004;5.53;5.53;5.46;5.46;379866;3336121.000
12/03/2004;5.41;5.53;5.34;5.52;369100;3250283.000
12/06/2004;5.50;5.52;5.42;5.45;230925;2016281.000
12/07/2004;5.46;5.46;5.27;5.32;575509;4942500.000
12/08/2004;5.31;5.43;5.31;5.42;367970;3180772.000
12/09/2004;5.31;5.52;5.31;5.48;376510;3300470.000
12/10/2004;5.44;5.53;5.30;5.46;491508;4307879.000
12/13/2004;5.53;5.53;5.34;5.51;402511;3512375.000
12/14/2004;5.51;5.74;5.50;5.66;939973;8486027.000
12/15/2004;5.66;5.71;5.58;5.68;519886;4691461.000
12/16/2004;5.62;5.66;5.56;5.60;570490;5121764.000
12/17/2004;5.57;5.64;5.50;5.64;344974;3080358.000
12/20/2004;5.52;5.63;5.51;5.59;235799;2108932.000
12/21/2004;5.59;5.68;5.56;5.59;251500;2249725.000
12/22/2004;5.60;5.82;5.60;5.81;700164;6425971.000
12/23/2004;5.82;5.84;5.73;5.75;805300;7451486.000
12/24/2004;5.73;5.79;5.71;5.76;228050;2101958.000
12/27/2004;5.76;5.92;5.76;5.87;753402;7076165.000
12/28/2004;5.89;5.91;5.79;5.89;301104;2816197.000
12/29/2004;5.83;5.91;5.66;5.82;626198;5782159.000
12/30/2004;5.69;5.94;5.65;5.88;952248;8882994.000
12/31/2004;5.82;5.89;5.69;5.87;302050;2822470.000
01/04/2005;5.80;5.81;5.61;5.61;500946;4558997.000
01/05/2005;5.60;5.62;5.46;5.55;870471;7717564.000
01/06/2005;5.53;5.64;5.52;5.56;730559;6539116.000
01/07/2005;5.56;5.59;5.46;5.49;1473271;12986978.000
01/10/2005;5.50;5.57;5.40;5.56;252052;2209658.000
01/11/2005;5.53;5.64;5.51;5.60;176200;1576239.000
01/12/2005;5.62;5.62;5.57;5.62;140400;1261804.000
01/13/2005;5.62;5.62;5.48;5.50;205984;1824412.000
01/14/2005;5.46;5.60;5.43;5.56;497475;4399595.000
01/17/2005;5.50;5.50;5.36;5.40;203500;1776469.000
01/18/2005;5.39;5.54;5.29;5.52;335475;2899770.000
01/19/2005;5.40;5.52;5.36;5.51;124870;1091688.000
01/20/2005;5.51;5.56;5.36;5.54;296255;2604726.000
01/21/2005;5.51;5.58;5.40;5.56;353100;3128629.000
01/24/2005;5.64;5.69;5.54;5.60;400045;3568889.000
01/25/2005;5.53;5.64;5.46;5.60;204374;1819608.000
01/26/2005;5.56;5.69;5.56;5.64;229975;2076208.000
01/27/2005;5.66;5.68;5.56;5.61;281423;2528388.000
01/28/2005;5.62;5.67;5.46;5.59;287550;2559121.000
01/31/2005;5.46;5.61;5.46;5.58;330626;2936827.000
02/01/2005;5.56;5.66;5.50;5.50;287950;2578157.000
02/02/2005;5.52;5.77;5.48;5.75;665945;6007843.000
02/03/2005;5.70;5.85;5.69;5.79;835995;7712389.000
02/04/2005;5.78;5.89;5.66;5.83;668794;6166318.000
02/16/2005;5.70;5.94;5.70;5.83;626284;5780585.000
02/17/2005;5.83;5.83;5.68;5.81;556497;5098241.000
02/18/2005;5.70;5.73;5.62;5.72;444786;4037307.000
02/21/2005;5.70;5.75;5.64;5.75;313750;2864507.000
02/22/2005;5.75;5.81;5.68;5.79;1037772;9533602.000
02/23/2005;5.77;5.77;5.64;5.70;981105;8930956.000
02/24/2005;5.66;5.68;5.52;5.62;941244;8391589.000
02/25/2005;5.56;5.68;5.53;5.65;2182169;19594328.000
02/28/2005;5.66;5.72;5.56;5.65;1166676;10511530.000
03/01/2005;5.72;5.72;5.53;5.57;827618;7378706.000
03/02/2005;5.54;5.62;5.40;5.42;521982;4588099.000
03/03/2005;5.41;5.48;5.37;5.44;383875;3336885.000
03/04/2005;5.46;5.47;5.38;5.40;721221;6260576.000
03/07/2005;5.42;5.56;5.42;5.54;489076;4294422.000
03/08/2005;5.53;5.72;5.53;5.69;1568115;14187266.000
03/09/2005;5.69;5.77;5.60;5.69;1226838;11157428.000
03/10/2005;5.68;5.68;5.52;5.61;540600;4830819.000
03/11/2005;5.54;5.62;5.47;5.55;327983;2902834.000
03/14/2005;5.60;6.02;5.53;5.97;2713061;25355580.000
03/15/2005;6.01;6.01;5.75;5.82;1384033;13005791.000
03/16/2005;5.82;5.95;5.74;5.77;1505479;14056745.000
03/17/2005;5.77;5.82;5.61;5.62;1171954;10752353.000
03/18/2005;5.62;5.62;5.03;5.54;2079916;17895042.000
03/21/2005;5.35;5.61;5.19;5.55;1397520;12020511.000
03/22/2005;5.53;5.62;5.32;5.60;1361693;11968576.000
03/23/2005;5.56;5.56;5.37;5.48;750600;6594353.000
03/24/2005;5.36;5.46;5.32;5.40;391551;3384109.000
03/25/2005;5.41;5.41;5.21;5.25;401296;3415759.000
03/28/2005;5.25;5.41;5.20;5.32;397496;3375968.000
03/29/2005;5.29;5.40;5.29;5.33;276757;2387923.000
03/30/2005;5.29;5.45;5.25;5.44;464655;3997304.000
03/31/2005;5.34;5.42;5.29;5.40;126221;1083113.000
04/01/2005;5.41;5.67;5.36;5.60;471050;4182526.000
04/04/2005;5.58;5.63;5.46;5.56;227649;2026292.000
04/05/2005;5.56;5.62;5.50;5.51;199100;1772389.000
04/06/2005;5.50;5.62;5.34;5.54;857192;7521895.000
04/07/2005;5.54;5.73;5.49;5.59;1050848;9508859.000
04/08/2005;5.56;5.74;5.53;5.73;651697;5920841.000
04/11/2005;5.73;5.75;5.54;5.57;825127;7430496.000
04/13/2005;5.53;5.74;5.53;5.61;625713;5632850.000
04/14/2005;5.61;5.62;5.42;5.52;760274;6698251.000
04/15/2005;5.44;5.52;5.44;5.48;395597;3476707.000
04/18/2005;5.41;5.42;5.24;5.29;896162;7614681.000
04/19/2005;5.31;5.44;5.31;5.43;1111187;9650478.000
04/20/2005;5.44;5.44;5.39;5.42;318274;2767745.000
04/21/2005;5.46;5.46;5.31;5.33;1165687;10057796.000
04/22/2005;5.36;5.42;5.02;5.13;1067114;8773842.000
04/25/2005;5.09;5.12;4.96;5.10;516683;4188438.000
04/26/2005;5.09;5.17;5.03;5.13;182407;1505545.000
04/27/2005;5.09;5.25;5.09;5.22;286975;2385195.000
04/28/2005;5.22;5.41;5.08;5.32;554541;4658332.000
04/29/2005;5.32;5.35;5.24;5.29;154255;1311124.000
05/09/2005;5.35;5.36;5.13;5.28;202115;1698109.000
05/10/2005;5.18;5.28;5.18;5.23;245499;2060831.000
05/11/2005;5.13;5.22;5.04;5.05;222850;1847912.000
05/12/2005;5.03;5.03;4.51;4.51;481100;3615069.000
05/13/2005;4.37;4.37;4.07;4.21;2382195;16352109.000
05/16/2005;4.21;4.40;4.15;4.31;981774;6887739.000
05/17/2005;4.29;4.78;4.24;4.74;3040649;22636958.000
05/18/2005;4.68;4.76;4.52;4.65;2403622;18161060.000
05/19/2005;4.64;4.73;4.58;4.63;2308611;17346492.000
05/20/2005;4.60;4.70;4.50;4.66;1066861;7953921.000
05/23/2005;4.60;4.76;4.60;4.68;1045050;7951754.000
05/24/2005;4.66;4.70;4.60;4.63;678580;5093484.000
05/25/2005;4.63;4.67;4.53;4.62;619439;4627880.000
05/26/2005;4.50;4.60;4.43;4.50;442450;3245196.000
05/27/2005;4.43;4.61;4.38;4.55;395640;2893435.000
05/30/2005;4.55;4.58;4.45;4.51;377057;2759688.000
05/31/2005;4.59;4.59;4.43;4.51;425502;3102464.000
06/01/2005;4.51;4.63;4.37;4.58;497555;3633957.000
06/02/2005;4.56;4.56;4.30;4.34;642690;4570121.000
06/03/2005;4.23;4.37;4.23;4.33;200136;1395532.000
06/06/2005;4.33;4.37;4.27;4.36;684270;4828539.000
06/07/2005;4.40;4.46;4.18;4.29;630155;3646975.000
06/08/2005;4.22;4.74;4.22;4.66;3001440;18162054.000
06/09/2005;4.62;4.86;4.48;4.79;2984922;18267488.000
06/10/2005;4.82;5.04;4.66;4.67;3363333;21788562.000
06/13/2005;4.66;4.70;4.59;4.66;542178;3353064.000
06/14/2005;4.66;4.73;4.20;4.55;1348748;8164674.000
06/15/2005;4.47;4.47;4.28;4.29;744240;4298309.000
06/16/2005;4.28;4.41;4.26;4.35;742368;4285357.000
06/17/2005;4.35;4.40;4.26;4.38;727110;4201607.000
06/20/2005;4.38;4.51;4.28;4.50;1416335;8419695.000
06/21/2005;4.50;4.63;4.47;4.59;699509;4249279.000
06/22/2005;4.56;4.59;4.47;4.55;349165;2107242.000
06/23/2005;4.55;4.57;4.44;4.47;440911;2640314.000
06/24/2005;4.45;4.55;4.35;4.53;604074;3594722.000
06/27/2005;4.57;4.64;4.47;4.63;1222531;7487809.000
06/28/2005;4.56;4.63;4.48;4.52;694514;4202225.000
06/29/2005;4.50;4.61;4.47;4.53;1173910;7107628.000
06/30/2005;4.48;4.51;4.42;4.47;561492;3356019.000
07/01/2005;4.43;4.43;4.34;4.36;497819;2906780.000
07/04/2005;4.31;4.36;4.22;4.32;1360686;7786530.000
07/05/2005;4.35;4.35;4.28;4.33;393400;2263272.000
07/06/2005;4.26;4.34;3.88;4.23;457370;2568622.000
07/07/2005;4.10;4.31;4.06;4.28;484992;2782362.000
07/08/2005;4.22;4.26;4.10;4.15;136326;756137.000
07/11/2005;4.14;4.24;4.14;4.14;223616;1253095.000
07/12/2005;4.10;4.20;4.04;4.11;807976;4471610.000
07/13/2005;4.11;4.13;3.93;3.96;633898;3408341.000
07/14/2005;3.94;4.05;3.63;3.84;1874978;9487384.000
07/15/2005;3.86;3.97;3.71;3.74;666857;3411953.000
07/18/2005;3.72;3.78;3.68;3.70;418098;2091255.000
07/19/2005;3.66;3.74;3.63;3.63;361215;1785302.000
07/20/2005;3.64;3.73;3.63;3.70;291379;1457236.000
07/21/2005;3.71;3.76;3.69;3.74;321951;1616718.000
07/22/2005;3.75;3.89;3.74;3.89;716945;3699541.000
07/25/2005;3.86;3.93;3.77;3.90;487544;2517743.000
07/26/2005;3.90;4.02;3.84;4.01;800218;4251854.000
07/27/2005;3.95;4.09;3.93;4.05;861968;4612463.000
07/28/2005;3.99;4.13;3.90;4.06;2160066;11597455.000
07/29/2005;4.02;4.20;4.00;4.19;1738038;9598908.000
08/01/2005;4.18;4.20;4.12;4.18;440334;2450062.000
08/02/2005;4.13;4.34;4.13;4.32;1210927;6845875.000
08/03/2005;4.22;4.34;4.20;4.24;1125081;6407819.000
08/04/2005;4.20;4.22;4.10;4.20;814573;4520461.000
08/05/2005;4.13;4.26;4.13;4.22;1126638;6328729.000
08/08/2005;4.16;4.26;4.16;4.21;1043829;5888769.000
08/09/2005;4.20;4.20;4.03;4.08;2727825;14918990.000
08/10/2005;4.07;4.21;4.07;4.16;4595349;25489294.000
08/11/2005;4.18;4.44;4.17;4.41;6173758;35976020.000
08/12/2005;4.43;4.45;4.18;4.26;3152939;18310648.000
08/15/2005;4.25;4.48;4.22;4.47;2709295;15891419.000
08/16/2005;4.48;4.62;4.37;4.40;3877376;23241876.000
08/17/2005;4.40;4.49;4.35;4.47;2291813;13494861.000
08/18/2005;4.46;4.63;4.30;4.30;3559314;21485892.000
08/19/2005;4.30;4.40;4.09;4.19;2414234;13637583.000
08/22/2005;4.20;4.24;4.16;4.20;1531077;8597731.000
08/23/2005;4.32;4.32;4.18;4.23;1206830;6864531.000
08/24/2005;4.20;4.30;4.16;4.23;1219934;6909258.000
08/25/2005;4.23;4.37;4.20;4.36;2229142;12876162.000
08/26/2005;4.36;4.40;4.27;4.36;1086960;6307710.000
08/29/2005;4.36;4.39;4.13;4.17;2475218;13954928.000
08/30/2005;4.15;4.18;4.06;4.10;1163667;6417639.000
08/31/2005;4.09;4.24;4.09;4.23;1207864;6752176.000
09/01/2005;4.22;4.44;4.17;4.43;2916655;16944324.000
09/02/2005;4.43;4.50;4.37;4.48;2778078;16504240.000
09/05/2005;4.50;4.62;4.47;4.59;3327920;20191886.000
09/06/2005;4.59;4.67;4.47;4.47;4443999;27215002.000
09/07/2005;4.47;4.62;4.44;4.61;1783906;10818010.000
09/08/2005;4.62;4.66;4.54;4.59;1615001;9893946.000
09/09/2005;4.59;4.63;4.47;4.50;1198437;7245004.000
09/12/2005;4.50;4.65;4.45;4.63;993625;5997082.000
09/13/2005;4.58;4.73;4.58;4.72;2392052;14859809.000
09/14/2005;4.72;4.76;4.70;4.75;1983902;12495069.000
09/15/2005;4.75;4.77;4.66;4.70;1672582;10482651.000
09/16/2005;4.70;4.73;4.64;4.70;1081057;6721021.000
09/19/2005;4.70;4.73;4.66;4.71;1629361;10191226.000
09/20/2005;4.70;4.73;4.52;4.67;2380318;14621560.000
09/21/2005;4.64;4.66;4.53;4.54;1447222;8803972.000
09/22/2005;4.50;4.55;4.36;4.46;1460846;8665607.000
09/23/2005;4.41;4.48;4.36;4.37;868582;5109170.000
09/26/2005;4.40;4.47;4.37;4.43;1176937;6985636.000
09/27/2005;4.42;4.47;4.37;4.45;1739148;10345013.000
09/28/2005;4.42;4.53;4.42;4.51;1059922;6345685.000
09/29/2005;4.51;4.62;4.50;4.62;774617;4721533.000
09/30/2005;4.62;4.62;4.53;4.58;509872;3108679.000
10/10/2005;4.54;4.55;4.37;4.37;491600;2915955.000
10/11/2005;4.36;4.43;4.34;4.42;608450;3564628.000
10/12/2005;4.42;4.45;4.35;4.43;794697;4658936.000
10/13/2005;4.43;4.43;4.32;4.37;1200449;6998961.000
10/14/2005;4.34;4.40;4.34;4.39;717311;4195460.000
10/17/2005;4.35;4.44;4.33;4.44;473142;2776672.000
10/18/2005;4.43;4.59;4.43;4.59;875693;5271813.000
10/19/2005;4.62;4.64;4.48;4.50;767040;4661849.000
10/20/2005;4.47;4.53;4.39;4.52;407195;2425252.000
10/21/2005;4.53;4.78;4.50;4.76;4131969;25824560.000
10/24/2005;4.80;4.86;4.70;4.79;3216088;20514596.000
10/25/2005;4.74;4.83;4.64;4.65;2149663;13609860.000
10/26/2005;4.62;4.85;4.60;4.75;4312036;27255508.000
10/27/2005;4.74;4.84;4.63;4.74;2454914;15430532.000
10/28/2005;4.74;4.77;4.50;4.53;2208444;13569820.000
10/31/2005;4.51;4.63;4.50;4.59;1076387;6537531.000
11/01/2005;4.56;4.59;4.24;4.26;1982587;11587849.000
11/02/2005;4.26;4.40;4.20;4.40;2083432;11964772.000
11/03/2005;4.42;4.42;4.26;4.32;1130640;6518734.000
11/04/2005;4.26;4.36;4.26;4.35;512047;2964806.000
11/07/2005;4.36;4.36;4.30;4.34;410417;2368403.000
11/08/2005;4.32;4.40;4.28;4.40;576514;3346298.000
11/09/2005;4.38;4.46;4.36;4.39;809940;4767670.000
11/10/2005;4.62;4.62;4.35;4.36;1459928;8603152.000
11/11/2005;4.30;4.41;4.24;4.36;1052500;6073818.000
11/14/2005;4.30;4.36;4.26;4.35;471510;2721958.000
11/15/2005;4.34;4.39;4.29;4.39;1216800;7062040.000
11/16/2005;4.43;4.43;4.34;4.41;457480;2679866.000
11/17/2005;4.41;4.46;4.36;4.45;510730;3018221.000
11/18/2005;4.42;4.61;4.42;4.56;1248470;7524204.000
11/21/2005;4.56;4.59;4.52;4.55;500191;3034773.000
11/22/2005;4.54;4.59;4.43;4.48;615100;3694153.000
11/23/2005;4.43;4.51;4.43;4.49;319318;1908304.000
11/24/2005;4.49;4.54;4.46;4.50;454259;2732680.000
11/25/2005;4.50;4.59;4.50;4.58;948712;5772300.000
11/28/2005;4.59;4.61;4.54;4.59;511310;3119786.000
11/29/2005;4.58;4.59;4.55;4.56;647470;3947603.000
11/30/2005;4.52;4.61;4.48;4.59;554645;3365425.000
12/01/2005;4.56;4.61;4.55;4.57;539522;3294978.000
12/02/2005;4.55;4.59;4.48;4.50;666714;4020951.000
12/05/2005;4.49;4.49;4.36;4.39;2074954;12143737.000
12/06/2005;4.37;4.46;4.34;4.42;413624;2441728.000
12/07/2005;4.42;4.47;4.38;4.43;721860;4267540.000
12/08/2005;4.44;4.53;4.42;4.48;1782317;10631344.000
12/09/2005;4.43;4.52;4.41;4.51;2266433;13424563.000
12/12/2005;4.51;4.66;4.50;4.59;1173823;7169372.000
12/13/2005;4.62;4.62;4.54;4.58;944110;5754958.000
12/14/2005;4.59;4.74;4.56;4.70;2378189;14814838.000
12/15/2005;4.68;4.72;4.62;4.63;1949308;12100254.000
12/16/2005;4.63;4.70;4.63;4.65;780414;4843073.000
12/19/2005;4.65;4.70;4.64;4.67;452506;2809523.000
12/20/2005;4.65;4.66;4.63;4.65;688220;4257442.000
12/21/2005;4.66;4.68;4.52;4.59;2164879;13221855.000
12/22/2005;4.54;4.85;4.50;4.79;3585999;22178950.000
01/06/2006;5.27;5.28;4.90;5.04;6106718;40572760.000
01/09/2006;5.05;5.12;5.00;5.11;2843154;19034964.000
01/10/2006;5.13;5.27;5.13;5.20;4200732;28860936.000
01/11/2006;5.20;5.23;5.09;5.17;3098546;21127814.000
01/12/2006;5.13;5.39;5.11;5.34;5163730;35817156.000
01/13/2006;5.36;5.48;5.30;5.33;4607866;32772888.000
02/17/2006;5.14;5.14;4.74;4.80;8526003;43480304.000
02/20/2006;4.78;4.79;4.69;4.72;6040428;30195596.000
02/21/2006;4.72;4.77;4.54;4.72;7755261;37907688.000
02/22/2006;4.72;4.80;4.66;4.75;3362987;16828726.000
02/23/2006;4.73;4.76;4.57;4.68;2078341;10216700.000
02/24/2006;4.73;4.81;4.64;4.78;3007241;15095999.000
02/27/2006;4.78;4.81;4.68;4.72;2568566;12834778.000
02/28/2006;4.69;4.71;4.55;4.66;3064590;14927898.000
03/01/2006;4.66;4.76;4.61;4.75;2934417;14526095.000
03/02/2006;4.75;4.85;4.68;4.74;4033124;20268072.000
03/03/2006;4.72;4.74;4.57;4.62;3790309;18524136.000
03/06/2006;4.62;4.64;4.49;4.52;2691101;12980282.000
03/07/2006;4.52;4.54;4.32;4.34;2835135;13226057.000
03/08/2006;4.33;4.40;4.28;4.33;2358772;10858410.000
03/09/2006;4.38;4.41;4.34;4.39;1568767;7274586.000
03/10/2006;4.37;4.42;4.28;4.31;1744051;8012568.000
03/13/2006;4.31;4.35;4.23;4.35;2037009;9256880.000
03/14/2006;4.35;4.38;4.29;4.37;1242029;5686571.000
03/15/2006;4.36;4.47;4.34;4.43;2528563;11795389.000
03/16/2006;4.43;4.43;4.36;4.36;2571296;11957815.000
03/17/2006;4.39;4.49;4.36;4.47;3527121;16581637.000
03/20/2006;4.47;4.50;4.40;4.48;2274757;10718905.000
03/21/2006;4.50;4.60;4.47;4.53;5465919;26227176.000
03/22/2006;4.54;4.62;4.44;4.60;5907956;28159380.000
03/23/2006;4.59;4.68;4.55;4.65;4132220;20172040.000
03/24/2006;4.65;4.66;4.53;4.54;2518301;12196097.000
03/27/2006;4.54;4.56;4.44;4.51;2568978;12238170.000
03/28/2006;4.52;4.59;4.51;4.52;1803922;8670571.000
03/29/2006;4.52;4.59;4.46;4.53;4896804;23532370.000
03/30/2006;4.51;4.51;4.35;4.36;4707820;21908570.000
03/31/2006;4.40;4.42;4.29;4.39;1950102;8973119.000
04/03/2006;4.40;4.52;4.38;4.52;3493512;16509451.000
04/04/2006;4.52;4.67;4.52;4.64;6917829;33594572.000
04/05/2006;4.62;4.69;4.57;4.64;5396781;26373824.000
04/06/2006;4.68;4.69;4.57;4.59;4584022;22308580.000
04/07/2006;4.59;4.66;4.47;4.65;6369452;30685254.000
04/10/2006;4.69;5.06;4.69;4.89;18037338;93165112.000
04/11/2006;4.90;5.07;4.84;5.05;15494808;80427704.000
04/12/2006;5.08;5.10;4.91;4.91;7756483;40580232.000
04/13/2006;4.91;4.94;4.64;4.65;7788186;39306904.000
04/14/2006;4.64;4.79;4.58;4.76;5429436;26904824.000
04/17/2006;4.77;4.89;4.74;4.83;6020354;30574568.000
04/18/2006;4.82;4.86;4.71;4.75;5110223;25658708.000
04/19/2006;4.74;4.79;4.67;4.77;5420755;27014522.000
04/20/2006;4.79;5.01;4.79;4.91;13142014;67988608.000
04/21/2006;4.87;4.97;4.80;4.94;9049319;46878616.000
04/24/2006;4.94;5.19;4.89;5.12;14714961;78301240.000
04/25/2006;5.11;5.11;4.82;5.00;8265851;43250732.000
04/26/2006;5.00;5.51;5.00;5.24;16094062;89071232.000
04/27/2006;5.24;5.49;5.20;5.45;12927532;73133120.000
04/28/2006;5.40;5.61;5.24;5.47;10767671;61482024.000
05/09/2006;5.64;6.04;5.50;5.53;15990573;94732920.000
05/10/2006;5.59;5.81;5.24;5.55;15434729;87841456.000
05/11/2006;5.49;5.68;5.30;5.32;12229236;70594240.000
05/12/2006;5.29;5.59;5.25;5.50;11856048;67116376.000
05/15/2006;5.54;5.84;5.34;5.83;18134981;106643688.000
05/16/2006;5.84;5.84;5.54;5.59;17572021;104102568.000
05/17/2006;5.59;6.18;5.59;6.18;29110386;180757088.000
05/18/2006;6.07;6.22;5.87;6.04;10613529;66848304.000
05/19/2006;6.04;6.20;5.96;6.13;8343361;53318240.000
05/22/2006;6.14;6.22;6.04;6.10;9168147;58687252.000
05/23/2006;6.03;6.04;5.46;5.46;13775349;81914648.000
05/25/2006;5.42;5.42;5.15;5.33;6573829;36363900.000
05/26/2006;5.33;5.47;5.29;5.44;5228377;29519200.000
05/29/2006;5.44;5.63;5.32;5.58;6476982;37116976.000
05/30/2006;5.59;5.69;5.51;5.66;5744205;33702524.000
05/31/2006;5.64;5.64;5.37;5.43;5770126;33276352.000
06/01/2006;5.43;5.73;5.37;5.67;7967723;46606224.000
06/02/2006;5.68;5.89;5.67;5.71;8617233;51879580.000
06/05/2006;5.72;5.89;5.65;5.88;5870202;35537840.000
06/06/2006;5.88;6.01;5.77;5.84;6459461;39779160.000
06/07/2006;5.79;5.80;5.23;5.23;8759445;50084620.000
06/08/2006;5.20;5.29;4.99;5.21;5271098;28367700.000
06/09/2006;5.20;5.25;5.03;5.07;3944706;21306188.000
06/12/2006;5.02;5.15;4.99;5.06;2007624;10708940.000
06/13/2006;5.06;5.27;5.06;5.25;3896677;21191848.000
06/14/2006;5.22;5.41;5.08;5.34;5202320;28710538.000
06/15/2006;5.42;5.47;5.11;5.16;9257654;51594944.000
06/16/2006;5.20;5.30;5.17;5.27;4241313;23376004.000
06/19/2006;5.26;5.35;5.19;5.29;3411900;18628692.000
06/20/2006;5.28;5.41;5.28;5.35;3814683;20968364.000
06/21/2006;5.37;5.37;5.22;5.28;4196114;22928544.000
06/22/2006;5.30;5.32;5.20;5.23;2552700;13828148.000
06/23/2006;5.21;5.38;5.21;5.35;4355417;23912694.000
06/26/2006;5.35;5.59;5.35;5.52;5069337;28733016.000
06/27/2006;5.54;5.58;5.42;5.52;3373452;19054314.000
06/28/2006;5.52;5.57;5.39;5.54;2941135;16591401.000
06/29/2006;5.55;5.72;5.53;5.70;6660849;38701664.000
06/30/2006;5.72;6.14;5.66;5.97;18541908;113597832.000
07/03/2006;5.99;6.13;5.96;6.04;9517144;58892472.000
07/04/2006;6.02;6.07;5.87;5.94;7481280;45657532.000
07/05/2006;5.94;6.12;5.90;6.02;8540803;52768368.000
07/06/2006;6.04;6.38;6.04;6.29;10957702;69642680.000
07/07/2006;6.34;6.40;6.12;6.19;7363988;47055564.000
07/10/2006;6.24;6.28;5.96;6.08;6827705;42535752.000
07/11/2006;6.07;6.29;6.01;6.20;11026383;69933072.000
07/12/2006;6.20;6.34;6.04;6.05;8991987;57103724.000
07/13/2006;6.02;6.02;5.43;5.43;13965439;81516872.000
07/14/2006;5.32;5.56;5.26;5.47;5970329;33562984.000
07/17/2006;5.44;5.56;5.39;5.55;4297453;24247284.000
07/18/2006;5.54;5.58;5.44;5.57;3147907;17822968.000
07/19/2006;5.57;5.57;5.34;5.38;3530548;19727444.000
07/20/2006;5.38;5.46;5.30;5.39;3152547;17458396.000
07/21/2006;5.41;5.50;5.38;5.43;2437563;13669337.000
07/24/2006;5.33;5.46;5.24;5.46;2085466;11526404.000
07/25/2006;5.44;5.67;5.43;5.64;4596474;26411074.000
07/26/2006;5.64;5.66;5.55;5.58;2823545;16261618.000
07/27/2006;5.59;5.66;5.50;5.55;2893348;16551510.000
07/28/2006;5.52;5.59;5.36;5.46;2308956;12957727.000
07/31/2006;5.36;5.44;5.12;5.16;3352295;18119024.000
08/01/2006;5.12;5.22;5.09;5.14;1745957;9267137.000
08/02/2006;5.04;5.21;4.94;5.18;1881436;9952558.000
08/03/2006;5.19;5.27;5.14;5.21;1303932;6994099.000
08/04/2006;5.21;5.24;4.99;5.01;1989422;10483410.000
08/07/2006;5.01;5.02;4.84;4.88;2042412;10396890.000
08/08/2006;4.87;5.01;4.87;5.01;1550361;7916211.000
08/09/2006;5.01;5.02;4.94;4.99;1016229;5219936.000
08/10/2006;4.99;5.08;4.96;5.06;1435499;7461024.000
08/11/2006;5.06;5.11;5.00;5.08;1164145;6065910.000
08/14/2006;5.08;5.12;4.88;4.92;1650209;8443077.000
08/15/2006;4.96;5.06;4.93;5.05;1515111;7827643.000
08/16/2006;5.07;5.18;5.04;5.17;2204491;11666606.000
08/17/2006;5.12;5.12;5.01;5.07;1464298;7650330.000
08/22/2006;5.09;5.27;5.09;5.17;2438163;13053509.000
08/23/2006;5.14;5.22;5.13;5.14;1570296;8358786.000
08/24/2006;5.17;5.19;5.07;5.15;1013162;5355029.000
08/25/2006;5.16;5.16;5.09;5.12;1797801;9491679.000
08/28/2006;5.12;5.24;5.12;5.23;2439650;13057958.000
08/29/2006;5.24;5.34;5.17;5.18;3325125;18048404.000
08/30/2006;5.18;5.24;5.14;5.22;1283196;6861324.000
08/31/2006;5.24;5.26;5.16;5.26;1986402;10663391.000
09/01/2006;5.29;5.31;5.11;5.12;2249619;11992392.000
09/04/2006;5.10;5.20;5.08;5.20;1857359;9831958.000
09/05/2006;5.18;5.19;5.12;5.14;2096211;11129167.000
09/06/2006;5.17;5.37;5.17;5.34;7869690;43039228.000
09/07/2006;5.38;5.42;5.24;5.41;5584403;30714188.000
09/08/2006;5.40;5.42;5.33;5.40;2854568;15818369.000
09/11/2006;5.41;5.42;5.27;5.37;2922602;16088820.000
09/12/2006;5.35;5.48;5.30;5.48;3477143;19264198.000
09/13/2006;5.47;5.60;5.38;5.38;4777243;27050456.000
09/14/2006;5.36;5.44;5.30;5.38;2050622;11331992.000
09/15/2006;5.37;5.62;5.34;5.59;4468181;25387806.000
09/18/2006;5.62;5.76;5.52;5.71;5827669;33986848.000
09/19/2006;5.74;5.76;5.59;5.62;4543974;26492120.000
09/20/2006;5.62;5.76;5.54;5.73;4216884;24493456.000
09/21/2006;5.73;5.77;5.62;5.65;2313567;13519750.000
09/22/2006;5.64;5.76;5.55;5.65;4095892;23802240.000
09/25/2006;5.61;5.94;5.61;5.86;7526815;44995032.000
09/26/2006;5.84;6.11;5.84;6.00;11432084;70468400.000
09/27/2006;5.99;6.26;5.90;6.21;11463246;72357264.000
09/28/2006;6.19;6.43;6.15;6.39;13060934;84776000.000
09/29/2006;6.34;6.50;6.28;6.46;9135283;59900768.000
10/09/2006;6.62;6.72;6.51;6.62;8424614;57192596.000
10/10/2006;6.59;7.10;6.50;7.04;11399523;80922672.000
10/11/2006;7.05;7.07;6.89;7.01;4841297;34484928.000
10/12/2006;6.99;7.01;6.62;6.73;8594300;59654972.000
10/13/2006;6.73;6.94;6.68;6.73;5379294;37563664.000
10/16/2006;6.74;6.98;6.69;6.89;4745717;33277884.000
10/17/2006;6.87;7.60;6.80;7.46;13717878;104147384.000
10/18/2006;7.34;7.59;7.27;7.43;4201035;31790048.000
10/19/2006;7.39;7.98;7.34;7.86;6887377;54767636.000
10/20/2006;7.88;7.89;7.64;7.73;3513057;27809930.000
10/23/2006;7.72;7.78;7.04;7.13;6639968;49714752.000
10/24/2006;7.14;7.44;7.14;7.42;4785436;35928836.000
10/25/2006;7.42;7.69;7.18;7.27;4057859;30636592.000
10/26/2006;7.27;7.30;6.99;7.09;3661206;26754344.000
10/27/2006;7.09;7.24;7.05;7.12;2508273;18336006.000
10/30/2006;7.14;7.38;7.01;7.15;4001577;29379360.000
10/31/2006;7.17;7.37;7.08;7.36;3998079;29586090.000
11/01/2006;7.39;7.57;7.19;7.49;4910202;37070148.000
11/02/2006;7.47;7.47;7.17;7.34;3824082;28511822.000
11/03/2006;7.33;7.44;7.21;7.32;2601831;19523264.000
11/06/2006;7.24;7.32;7.05;7.14;4237565;30920132.000
11/07/2006;7.16;7.24;6.88;7.16;5409136;38844184.000
11/08/2006;7.12;7.14;6.94;6.98;2390511;17166296.000
11/09/2006;6.97;7.10;6.92;7.03;2534315;18125878.000
11/10/2006;7.04;7.04;6.70;6.72;3863000;27067166.000
11/13/2006;6.65;6.86;6.42;6.54;4093411;27683796.000
11/14/2006;6.59;6.79;6.53;6.78;3115624;21346984.000
11/15/2006;6.78;7.05;6.78;6.88;4375145;30954400.000
11/16/2006;6.89;6.94;6.70;6.78;4178673;29176596.000
11/17/2006;6.71;7.00;6.70;6.96;2674735;18829906.000
11/20/2006;6.96;7.00;6.71;6.74;3506713;24449150.000
11/21/2006;6.73;7.22;6.73;7.20;7836161;56132496.000
11/22/2006;7.21;7.56;7.15;7.41;7462102;56540592.000
11/23/2006;7.42;7.48;7.26;7.39;4594417;34528536.000
11/24/2006;7.40;7.49;7.17;7.44;4271368;31995612.000
11/27/2006;7.46;7.63;7.40;7.57;4279141;32883120.000
11/28/2006;7.57;7.65;7.32;7.44;5202546;39672748.000
11/29/2006;7.34;7.92;7.20;7.79;6418011;50153768.000
11/30/2006;7.78;8.00;7.76;7.80;7764048;62310204.000
12/01/2006;7.80;8.04;7.74;8.04;6036554;48743100.000
12/04/2006;8.19;8.86;8.19;8.84;10010298;88074600.000
12/05/2006;8.72;8.82;8.46;8.54;6840618;59876272.000
12/06/2006;8.52;8.61;7.79;8.13;6859338;57186116.000
12/07/2006;8.14;8.42;8.03;8.04;4640857;38841404.000
12/08/2006;7.84;7.92;7.54;7.62;5046519;40056604.000
12/11/2006;7.62;8.05;7.62;8.02;4377076;35160592.000
12/12/2006;7.98;8.11;7.76;7.84;3694658;29727232.000
12/13/2006;7.84;8.04;7.71;7.78;5078310;40660756.000
12/14/2006;7.76;8.03;7.74;7.99;3272034;26553260.000
12/15/2006;8.04;8.39;8.04;8.24;3632516;30529072.000
12/18/2006;8.23;8.63;8.14;8.56;5060700;43686800.000
12/19/2006;8.63;8.64;8.05;8.26;5135644;43283732.000
12/20/2006;8.24;8.57;8.01;8.45;6763453;57534544.000
12/21/2006;8.46;8.61;8.16;8.20;4834527;41305544.000
12/22/2006;8.09;8.30;7.94;8.04;5597254;45892236.000
12/25/2006;8.02;8.17;8.02;8.08;4156643;34217652.000
12/26/2006;8.16;8.19;7.79;7.90;4736619;38195196.000
12/27/2006;7.88;8.11;7.84;7.96;3141566;25573292.000
12/28/2006;7.96;8.08;7.72;7.74;3945233;31871260.000
12/29/2006;7.73;7.90;7.70;7.77;5856561;46433680.000
01/04/2007;7.84;8.09;7.84;7.92;4864349;39681592.000
01/05/2007;7.90;8.31;7.84;8.28;4349116;36316192.000
01/08/2007;8.43;8.72;8.34;8.60;8481476;74126312.000
01/09/2007;8.64;9.48;8.64;9.32;13490524;125938784.000
01/10/2007;9.24;9.44;8.97;9.34;6134337;57153624.000
01/11/2007;9.34;9.67;9.09;9.15;4998176;47751508.000
01/12/2007;9.04;9.21;8.55;8.60;6262009;56290336.000
01/15/2007;8.57;9.48;8.57;9.47;10129782;94974472.000
01/16/2007;9.49;10.10;9.49;9.93;10964788;109420336.000
01/17/2007;9.94;10.11;9.34;9.59;8997739;89611872.000
01/18/2007;9.59;10.44;9.46;10.37;9252370;94378872.000
01/19/2007;10.54;11.14;10.40;10.99;8009638;88443872.000
01/22/2007;10.88;11.89;10.88;11.83;7281119;84859472.000
01/23/2007;12.04;12.04;10.84;11.42;6618205;76488984.000
01/24/2007;11.34;12.58;11.12;12.58;9499421;117210888.000
01/25/2007;12.82;12.94;11.84;12.13;8534829;108488832.000
01/26/2007;11.96;12.18;11.01;11.77;6416480;76231552.000
01/29/2007;11.77;12.84;11.77;12.50;3932201;49149300.000
01/30/2007;12.50;12.59;11.74;11.85;4141425;50456480.000
01/31/2007;11.82;12.04;11.00;11.04;5715793;65965516.000
02/01/2007;10.84;11.40;10.64;11.19;3670414;41678616.000
02/02/2007;11.15;11.20;10.83;10.84;3103323;34580228.000
02/05/2007;10.76;11.36;10.65;10.88;3263106;36145400.000
02/06/2007;10.94;11.33;10.69;11.32;4367156;48727936.000
02/07/2007;11.29;12.39;11.22;11.83;6124619;74009784.000
02/08/2007;11.94;12.59;11.64;12.23;4317325;53240092.000
02/09/2007;12.22;12.35;11.59;11.68;4851454;57990384.000
02/12/2007;11.66;11.92;11.66;11.81;3548196;42522976.000
02/13/2007;11.80;12.38;11.75;12.36;3207523;39203892.000
02/14/2007;12.25;12.64;12.24;12.39;2693975;33974796.000
02/15/2007;12.40;12.61;12.24;12.59;4165365;52543400.000
02/16/2007;12.67;12.99;12.36;12.68;4753569;61023224.000
02/26/2007;12.69;13.16;12.34;13.07;6950331;90142392.000
02/27/2007;13.11;13.11;11.75;11.75;4901568;61804756.000
02/28/2007;11.34;11.84;10.79;11.72;7476374;84989696.000
03/01/2007;11.72;11.84;10.72;10.92;4120445;46404788.000
03/02/2007;11.02;11.24;10.83;11.02;2766370;30972084.000
03/05/2007;11.19;11.44;10.72;10.93;4213288;47139592.000
03/06/2007;10.84;11.19;10.75;11.15;2930399;32726082.000
03/07/2007;11.15;12.28;11.14;12.04;7483102;90042200.000
03/08/2007;11.97;12.92;11.81;12.17;8469803;106343728.000
03/09/2007;12.25;12.84;12.01;12.40;5459041;68919672.000
03/12/2007;12.50;12.81;12.39;12.75;5553566;71246544.000
03/13/2007;12.76;12.80;12.33;12.51;3864408;48770024.000
03/14/2007;12.37;12.37;11.82;12.02;5349962;64915408.000
03/15/2007;12.06;12.64;12.06;12.58;3509868;43765132.000
03/16/2007;12.64;12.69;12.08;12.11;3911327;49179664.000
03/19/2007;11.82;12.50;11.65;12.49;2968069;36857300.000
03/20/2007;12.44;13.29;12.44;13.24;9938538;129699360.000
03/21/2007;13.25;13.94;13.24;13.55;10369499;143054544.000
03/22/2007;13.61;13.82;13.34;13.44;4846314;66361028.000
03/23/2007;13.43;13.60;12.95;13.43;3525014;47184432.000
03/26/2007;13.44;14.04;13.44;13.59;5186411;71536256.000
03/27/2007;13.35;13.84;13.32;13.64;3925219;53736544.000
03/28/2007;13.64;13.83;12.85;13.39;5237548;71339128.000
03/29/2007;13.44;13.54;12.74;12.82;4159080;55190048.000
03/30/2007;12.72;12.84;12.50;12.63;3254577;41718104.000
04/02/2007;12.75;13.21;12.75;13.01;5099122;67020388.000
04/03/2007;13.04;13.40;12.84;13.39;7006963;92649952.000
04/04/2007;13.41;13.99;13.19;13.80;8846996;122292712.000
04/05/2007;13.82;14.01;13.62;13.84;5913250;82817432.000
04/06/2007;13.80;14.29;13.63;14.11;5031484;71681712.000
04/09/2007;14.11;14.50;13.92;14.48;6221597;89309608.000
04/10/2007;14.51;14.69;13.72;14.53;6489754;94317272.000
04/11/2007;14.53;14.64;14.04;14.34;6076603;87594592.000
04/12/2007;14.32;14.52;14.04;14.47;7421505;106753624.000
04/13/2007;14.41;14.62;14.08;14.13;6057320;87934144.000
04/16/2007;14.09;14.24;14.00;14.21;6091983;86972136.000
04/17/2007;14.21;14.92;14.05;14.81;7522646;110575448.000
04/18/2007;14.81;15.54;14.54;15.24;7826576;119777944.000
04/19/2007;15.21;15.21;13.70;13.88;7265285;105228184.000
04/20/2007;14.19;14.64;13.96;14.49;4509981;65482744.000
04/24/2007;15.04;15.29;14.74;15.14;9933398;150331488.000
04/25/2007;15.18;15.18;14.34;14.60;5958786;88396400.000
04/26/2007;14.67;14.82;14.34;14.58;5886751;86320720.000
04/27/2007;14.65;14.73;14.24;14.28;5503617;80619008.000
04/30/2007;14.04;14.70;14.04;14.62;6429563;94543280.000
05/08/2007;14.82;15.33;14.74;15.09;10014764;152759984.000
05/09/2007;15.19;15.43;14.44;14.84;10502737;159225456.000
05/10/2007;14.85;15.23;14.66;15.12;9612320;145257984.000
05/11/2007;15.02;15.02;14.49;15.00;7290981;108997544.000
05/14/2007;14.72;15.73;14.55;15.62;10764540;166388512.000
05/15/2007;15.69;16.08;14.86;14.96;12144210;190587632.000
05/16/2007;14.85;15.52;14.54;15.51;6714552;102262512.000
05/17/2007;15.62;16.19;15.55;15.75;9832638;158329232.000
05/18/2007;15.77;16.55;15.66;16.40;10849214;178441312.000
05/21/2007;15.70;17.22;15.69;17.01;9199608;155033408.000
05/22/2007;17.02;17.70;16.69;16.99;8489595;146099808.000
05/23/2007;17.19;17.19;16.56;17.01;6707301;113550832.000
05/24/2007;17.23;17.23;15.84;16.25;8111277;134246224.000
05/25/2007;16.17;16.44;16.04;16.37;6084451;99825216.000
05/28/2007;16.58;16.79;16.34;16.65;6948304;116556416.000
05/29/2007;16.58;17.11;16.44;16.89;8386540;142569024.000
05/30/2007;15.74;16.54;15.19;15.19;8363977;132754984.000
05/31/2007;14.83;15.14;13.66;14.22;11196723;162038384.000
06/01/2007;14.26;14.99;12.86;13.39;8031952;115694000.000
06/04/2007;13.54;13.94;12.05;12.15;7273785;94692776.000
06/05/2007;12.14;13.19;11.73;13.14;9900411;123917240.000
06/06/2007;13.21;13.54;12.74;13.23;6158656;82628464.000
06/07/2007;13.52;13.95;13.29;13.87;5365861;74085600.000
06/08/2007;13.87;13.98;13.39;13.75;5560123;77303048.000
06/11/2007;13.78;14.14;13.78;13.94;4799335;67765496.000
06/12/2007;14.00;14.44;13.62;14.33;6172750;87931328.000
06/13/2007;14.56;15.02;14.56;14.77;7081663;106030200.000
06/14/2007;14.69;14.74;14.19;14.23;6181873;90078896.000
06/15/2007;14.14;14.62;13.94;14.46;4148477;59705864.000
06/18/2007;14.64;15.09;14.54;14.72;5091738;75833712.000
06/19/2007;14.77;15.42;14.77;15.27;8824107;133830688.000
06/20/2007;15.23;15.54;14.54;14.59;9098394;138546352.000
06/21/2007;14.59;15.74;14.54;15.53;10320231;157917968.000
06/22/2007;15.61;15.84;14.74;14.98;9532314;145646784.000
06/25/2007;15.14;15.14;13.94;14.09;6889559;99879648.000
06/26/2007;13.94;14.23;13.44;14.21;3242806;44958756.000
06/27/2007;14.29;14.52;13.89;14.39;3723351;53130744.000
06/28/2007;14.39;14.42;12.99;13.11;4460076;61904416.000
06/29/2007;13.07;13.42;12.52;12.57;3494297;45332740.000
07/02/2007;12.60;12.99;12.06;12.52;2686896;33189028.000
07/03/2007;12.63;13.75;12.57;13.32;4558732;60856564.000
07/04/2007;13.27;13.52;12.99;13.00;1879630;24901788.000
07/05/2007;12.66;12.99;12.15;12.16;1491474;18893648.000
07/06/2007;12.01;12.84;11.90;12.81;1894215;23507160.000
07/09/2007;12.87;13.24;12.87;13.04;1763364;23127976.000
07/10/2007;13.09;13.19;12.40;12.51;1428875;18263144.000
07/11/2007;12.44;12.79;12.34;12.52;987818;12443689.000
07/12/2007;12.44;12.93;12.43;12.66;1277462;16164048.000
07/13/2007;12.66;12.90;12.35;12.75;919694;11607709.000
07/16/2007;12.74;12.81;12.09;12.50;1560232;19381642.000
07/17/2007;12.44;12.92;12.17;12.75;1594200;20210842.000
07/18/2007;12.64;13.30;12.59;12.76;2494433;32440120.000
07/19/2007;12.65;13.04;12.44;12.81;1291323;16467729.000
07/20/2007;12.65;13.18;12.65;13.16;2147986;28129456.000
07/23/2007;13.19;13.92;13.17;13.67;6929656;94356832.000
07/24/2007;13.82;13.99;13.39;13.68;9047906;124020128.000
07/25/2007;13.54;14.02;13.32;13.97;9154318;125613896.000
07/26/2007;14.00;14.44;13.84;14.12;5466974;78030592.000
07/27/2007;13.89;14.41;13.64;13.96;4866495;68794048.000
07/30/2007;13.95;14.54;13.94;14.38;5373435;77080000.000
07/31/2007;14.43;14.89;14.38;14.78;6266515;92271032.000
08/01/2007;14.82;14.84;13.64;13.68;5086038;72687808.000
08/02/2007;13.79;14.24;13.52;14.11;4173850;58549916.000
08/03/2007;14.16;14.19;13.74;14.04;5364658;75164736.000
08/06/2007;14.07;14.34;13.74;14.28;4377633;62185700.000
08/07/2007;14.29;14.64;14.02;14.39;4652292;67194320.000
08/08/2007;14.28;14.28;13.40;13.76;4431369;61783940.000
08/09/2007;13.69;13.94;13.65;13.78;3217755;44541460.000
08/10/2007;13.76;13.76;13.04;13.22;3251419;43584412.000
08/13/2007;13.19;13.48;12.74;13.36;5641216;73689160.000
08/14/2007;13.36;13.74;13.14;13.74;4353917;59406680.000
08/15/2007;13.83;14.11;13.69;14.04;5223582;72942192.000
08/16/2007;14.13;14.13;13.69;14.02;5732644;79762648.000
08/17/2007;13.94;14.49;13.94;14.22;9623337;137911328.000
08/20/2007;14.54;14.72;14.24;14.70;13287013;193518096.000
08/21/2007;14.79;15.23;14.76;14.82;9716424;146134640.000
08/22/2007;14.54;15.00;14.44;14.53;6643156;98674896.000
08/23/2007;14.77;15.43;14.69;15.24;8068888;122760416.000
08/24/2007;15.32;15.34;14.84;14.92;6017987;90692768.000
08/27/2007;14.86;15.19;14.44;14.60;5765318;84802984.000
08/28/2007;14.60;14.73;14.24;14.39;5819591;84449184.000
08/29/2007;14.43;14.94;14.24;14.93;6969697;102181160.000
08/30/2007;15.04;15.49;14.79;15.31;9347428;142229088.000
08/31/2007;15.40;15.41;14.99;15.08;5351558;81383200.000
09/03/2007;15.34;15.76;15.12;15.72;9954452;153740816.000
09/04/2007;15.84;15.84;15.22;15.32;5856525;91530264.000
09/05/2007;15.35;15.44;14.60;15.10;5136037;77461520.000
09/06/2007;15.19;15.39;15.06;15.21;4535931;69116368.000
09/07/2007;15.06;15.06;14.58;14.64;5486797;81348472.000
09/10/2007;14.54;14.90;13.90;14.88;6440846;92804256.000
09/11/2007;15.02;15.54;14.54;14.64;11619025;177408496.000
09/12/2007;15.00;15.31;13.96;15.20;8921193;132262752.000
09/13/2007;15.34;16.29;15.32;16.14;19959800;319208096.000
09/14/2007;16.12;16.21;15.53;15.94;9371750;148845696.000
09/17/2007;15.85;16.69;15.79;16.28;10706948;176632576.000
09/18/2007;16.19;16.61;15.64;16.42;7326636;118306248.000
09/19/2007;16.41;16.41;15.65;15.73;4449644;71187744.000
09/20/2007;15.79;16.23;15.44;15.85;5050042;79736800.000
09/21/2007;15.88;15.92;15.07;15.27;4436129;68459824.000
09/24/2007;15.28;15.66;14.83;15.61;5056031;76707032.000
09/25/2007;15.69;16.28;15.69;15.85;6279743;100957896.000
09/26/2007;15.89;16.13;15.09;15.24;3759620;58703336.000
09/27/2007;15.21;15.74;15.00;15.71;2686947;41424364.000
09/28/2007;15.71;16.12;15.56;15.71;6197530;98504672.000
10/08/2007;15.91;16.07;15.71;15.79;3927815;62711296.000
10/09/2007;15.90;16.43;15.79;16.14;7741385;124449200.000
10/10/2007;16.29;16.39;15.79;15.90;4241489;68165536.000
10/11/2007;15.84;15.84;14.94;15.14;5477198;84322848.000
10/12/2007;15.21;15.21;13.89;14.24;8669119;125151208.000
10/15/2007;14.49;14.49;13.92;14.09;5855788;82606448.000
10/16/2007;13.95;14.34;13.92;14.23;5023628;71202816.000
10/17/2007;14.19;14.33;13.99;14.12;3010144;42625796.000
10/18/2007;14.14;14.34;13.89;14.05;2651628;37665920.000
10/19/2007;14.14;14.30;13.72;13.79;2705551;38049984.000
10/22/2007;13.71;13.71;13.00;13.15;3525923;47327656.000
10/23/2007;13.20;13.34;12.79;13.33;2374605;31137492.000
10/24/2007;13.46;13.49;12.85;12.89;2720291;35887812.000
10/25/2007;13.12;13.42;12.83;12.98;6123773;80983216.000
10/26/2007;12.84;13.14;12.34;12.77;3170029;40266052.000
10/29/2007;12.94;13.19;12.54;13.17;2071376;26669136.000
10/30/2007;13.14;13.22;12.84;13.17;2068194;27019250.000
10/31/2007;13.24;13.91;13.14;13.83;6450437;87252352.000
11/01/2007;13.89;13.89;13.07;13.12;3538580;47598228.000
11/02/2007;13.04;13.42;12.73;12.84;2789788;36611976.000
11/05/2007;12.68;13.12;12.58;12.98;1510352;19583508.000
11/06/2007;13.04;13.36;12.94;13.14;1527837;20230168.000
11/07/2007;13.14;13.34;12.84;13.06;1392421;18346964.000
11/08/2007;13.06;13.06;12.42;12.52;1749397;22486896.000
11/09/2007;12.49;12.66;12.22;12.24;1614668;20068340.000
11/13/2007;12.14;12.51;12.05;12.18;2011530;24896790.000
11/14/2007;12.26;12.65;12.26;12.60;1434533;18007468.000
11/15/2007;12.60;12.65;12.24;12.31;1968355;24471934.000
11/16/2007;12.31;12.33;12.14;12.23;1601297;19620528.000
11/19/2007;12.43;12.63;12.22;12.56;1534787;19274928.000
11/20/2007;12.59;12.94;12.59;12.79;2502406;32164948.000
11/21/2007;12.96;12.99;12.52;12.53;1717200;21914362.000
11/22/2007;12.38;12.43;12.05;12.07;1514849;18665954.000
11/23/2007;11.96;12.36;11.96;12.34;997889;12201621.000
11/26/2007;12.49;12.58;12.13;12.31;1486897;18538364.000
11/27/2007;12.38;12.90;12.38;12.79;4821417;61823680.000
11/28/2007;12.76;12.92;12.44;12.54;1727553;21981036.000
11/29/2007;12.66;13.02;12.52;12.98;2723639;35049832.000
11/30/2007;12.89;12.89;12.69;12.76;1278613;16388403.000
12/03/2007;12.76;12.86;12.49;12.69;1230613;15653052.000
12/04/2007;12.79;12.84;12.64;12.69;898629;11496158.000
12/05/2007;12.66;12.97;12.64;12.95;1678679;21645176.000
12/06/2007;13.02;13.02;12.79;12.87;1132768;14683069.000
12/07/2007;12.92;13.26;12.84;13.10;1909524;25136368.000
12/10/2007;12.90;13.43;12.84;13.34;3344534;44460328.000
12/11/2007;13.35;13.66;13.29;13.54;3395982;45915508.000
12/12/2007;13.52;13.96;13.30;13.77;5121239;70376528.000
12/13/2007;13.77;14.28;13.69;13.95;7320015;103329000.000
12/14/2007;13.92;14.42;13.65;14.38;5590923;79269224.000
12/17/2007;14.54;14.71;14.19;14.44;6355171;92685664.000
12/18/2007;14.43;14.69;14.15;14.59;3282874;47550900.000
12/19/2007;14.64;14.73;14.30;14.34;4679056;68174040.000
12/20/2007;14.44;14.58;14.26;14.35;3095837;44726936.000
12/21/2007;14.34;14.91;14.29;14.70;3753728;54902164.000
12/24/2007;14.64;15.01;14.62;14.73;3969234;58963024.000
12/25/2007;14.68;15.01;14.57;14.99;3015327;44756348.000
12/26/2007;15.09;15.17;14.82;15.10;2877713;43394504.000
12/27/2007;15.16;15.52;14.76;14.85;6015702;91184936.000
12/28/2007;14.82;14.92;14.40;14.52;5267521;77426632.000
01/02/2008;14.40;15.13;14.21;15.11;5947549;87566192.000
01/03/2008;14.94;15.37;14.84;15.21;4986757;75995672.000
01/04/2008;15.14;15.21;14.85;15.00;5033475;75575328.000
01/07/2008;15.04;15.54;14.96;15.54;5962252;91695760.000
01/08/2008;15.59;15.60;14.95;15.03;4989733;76335816.000
01/09/2008;15.03;15.42;14.97;15.41;3666666;56023280.000
01/10/2008;15.49;15.74;15.25;15.54;4792210;74619680.000
01/11/2008;15.60;15.88;15.44;15.79;3888917;61124680.000
01/14/2008;15.80;15.91;15.54;15.80;3546984;56013600.000
01/15/2008;15.74;16.12;15.72;15.90;4446718;71035920.000
01/16/2008;15.83;15.99;15.50;15.54;3539293;55685236.000
01/17/2008;15.50;15.64;14.54;14.86;5072002;76684264.000
01/18/2008;14.63;14.96;14.54;14.94;2655454;39382088.000
01/21/2008;14.94;15.04;14.12;14.18;2627123;38521436.000
01/22/2008;13.89;13.89;12.76;12.76;4339362;57343116.000
01/23/2008;12.93;13.60;12.64;13.53;3481222;46374760.000
01/24/2008;13.56;13.92;13.34;13.79;3632188;49937204.000
01/25/2008;13.83;13.89;13.49;13.57;2696127;36942160.000
01/28/2008;13.73;13.75;12.74;12.81;3992247;53077312.000
01/29/2008;13.13;13.41;12.76;13.12;1366189;17933268.000
01/30/2008;13.24;13.52;12.82;13.40;1810676;24095950.000
01/31/2008;13.27;13.73;13.13;13.18;1457195;19726038.000
02/01/2008;13.28;13.43;12.79;13.29;1748877;23000352.000
02/04/2008;13.59;14.31;13.59;14.22;3683283;51903292.000
02/05/2008;14.04;14.34;13.99;14.07;1719245;24401000.000
02/13/2008;13.92;14.11;13.64;13.98;1425869;19919868.000
02/14/2008;14.09;14.14;13.90;14.03;2112637;29711428.000
02/15/2008;14.00;14.02;13.74;13.94;1739921;24210816.000
02/18/2008;14.08;14.69;14.06;14.47;4241765;61525216.000
02/19/2008;14.37;14.58;14.34;14.57;2606941;37891608.000
02/20/2008;14.62;14.67;14.06;14.13;3890981;55864220.000
02/21/2008;14.00;14.14;13.65;13.96;3870107;53967616.000
02/22/2008;13.84;13.92;13.09;13.34;3644462;49366072.000
02/25/2008;13.24;13.34;12.98;13.10;2772861;36527612.000
02/26/2008;13.37;13.62;12.75;13.13;2550627;33524330.000
02/27/2008;13.19;13.51;13.02;13.27;3778616;50577112.000
02/28/2008;13.34;13.59;13.24;13.44;2630401;35386148.000
02/29/2008;13.41;13.82;13.33;13.78;3483809;47741716.000
03/03/2008;13.64;15.16;13.56;15.12;13570562;199177312.000
03/04/2008;14.90;15.14;14.59;14.63;9920867;147645664.000
03/05/2008;14.44;15.21;14.40;15.13;6742996;100828848.000
03/06/2008;15.14;15.44;14.90;14.96;4773136;72478736.000
03/07/2008;14.97;15.09;14.42;14.54;3957065;57992000.000
03/10/2008;14.44;14.51;13.54;13.72;4284015;60031512.000
03/11/2008;13.59;13.79;13.29;13.74;4923648;66987736.000
03/12/2008;14.02;14.12;13.25;13.26;2631340;36036052.000
03/13/2008;13.05;13.16;12.35;12.60;4471110;57602160.000
03/14/2008;12.69;12.92;12.54;12.84;1948129;24973392.000
03/17/2008;12.88;12.88;11.96;11.99;2660026;32936022.000
03/18/2008;11.94;12.07;10.79;10.94;5593558;63315516.000
03/19/2008;11.23;11.49;10.92;11.35;3332032;37706240.000
03/20/2008;11.04;11.68;10.59;11.59;5579066;63419152.000
03/21/2008;11.57;12.24;11.45;12.17;3849783;45748136.000
03/24/2008;12.42;12.64;11.82;11.84;6857232;84781536.000
03/25/2008;11.64;12.32;11.54;12.18;5722748;69248032.000
03/26/2008;11.94;12.34;11.42;11.64;6549920;77285784.000
03/27/2008;11.33;11.44;10.74;10.84;5490849;60915288.000
03/28/2008;10.82;11.40;10.50;11.35;3935653;43479112.000
03/31/2008;10.94;11.10;10.74;10.75;2356363;25876588.000
04/01/2008;10.64;10.84;9.67;9.73;3884295;39254216.000
04/02/2008;9.93;10.02;9.14;9.27;2919204;27996664.000
04/03/2008;9.27;9.82;9.14;9.61;2483168;23729412.000
04/07/2008;9.44;10.29;9.42;10.24;3052468;30842254.000
04/08/2008;10.30;10.45;10.06;10.24;3637425;37491692.000
04/09/2008;10.20;10.38;9.62;9.65;3594466;36193560.000
04/10/2008;9.48;10.04;9.29;10.01;4589598;44214028.000
04/11/2008;9.98;10.42;9.98;10.28;5020812;51493116.000
04/14/2008;10.26;10.26;9.57;9.67;5237456;52046208.000
04/15/2008;9.67;9.83;9.29;9.81;3790410;36594048.000
04/16/2008;9.81;9.84;9.35;9.47;3180574;30583608.000
04/17/2008;9.47;9.64;9.03;9.09;2433571;22853944.000
04/18/2008;9.07;9.07;8.54;8.56;2596725;22860200.000
04/22/2008;8.45;8.54;7.70;8.39;6685870;54098600.000
04/23/2008;8.14;8.98;8.14;8.84;4550828;39496496.000
04/24/2008;9.69;9.73;9.43;9.73;10125534;98144816.000
04/25/2008;9.63;10.33;9.56;9.89;7702456;77434952.000
04/28/2008;9.77;10.17;9.60;9.97;4539477;45477928.000
04/29/2008;9.89;10.12;9.87;9.97;3189820;32067768.000
04/30/2008;10.02;10.45;9.95;10.44;6329200;65578884.000
05/05/2008;10.56;10.74;10.34;10.70;4860151;51552088.000
05/06/2008;10.69;10.69;10.30;10.36;5620919;59151796.000
05/07/2008;10.33;10.67;9.90;9.95;5250387;54598768.000
05/08/2008;9.79;10.22;9.79;10.21;3263114;32823116.000
05/09/2008;10.32;10.45;9.84;10.12;4806056;49102416.000
05/12/2008;9.89;10.71;9.84;10.52;5538482;57615824.000
05/13/2008;10.17;11.38;10.15;11.20;13359471;147087840.000
05/14/2008;11.19;11.31;10.85;11.15;7999083;88954656.000
05/15/2008;11.19;11.19;10.80;10.81;5120787;56537004.000
05/16/2008;10.77;11.01;10.34;10.55;4607708;49287764.000
05/19/2008;10.54;10.89;10.50;10.63;3606562;38855376.000
05/20/2008;10.53;10.71;9.76;9.84;4405031;45461072.000
05/21/2008;9.74;10.20;9.34;10.13;4876409;47774284.000
05/22/2008;9.94;10.12;9.82;9.94;3819706;38256144.000
05/23/2008;9.82;10.00;9.68;9.93;2765455;27470148.000
05/26/2008;9.92;10.02;9.69;9.95;3056086;30310300.000
05/27/2008;10.15;10.51;10.03;10.33;5132479;53185512.000
05/28/2008;10.19;10.60;10.09;10.53;4678227;48882016.000
05/29/2008;10.52;10.55;10.00;10.01;3276130;33958852.000
05/30/2008;10.12;10.14;9.94;10.09;2180439;22015836.000
06/02/2008;9.99;10.09;9.75;9.98;2548330;25431400.000
06/03/2008;9.98;10.05;9.82;9.92;2626485;26262302.000
06/04/2008;9.92;9.93;9.64;9.75;2196803;21623236.000
06/05/2008;9.73;10.04;9.72;9.94;2110199;21037894.000
06/06/2008;10.02;10.02;9.73;9.81;1704474;16987228.000
06/10/2008;9.42;9.42;8.82;8.82;2822139;25452448.000
06/11/2008;8.74;9.07;8.55;8.87;2498800;22307604.000
06/12/2008;8.84;9.29;8.25;9.15;3906311;34645856.000
06/13/2008;9.01;9.13;8.44;8.46;2516124;22495736.000
06/16/2008;8.49;8.74;8.24;8.37;1577431;13391032.000
06/17/2008;8.37;8.45;7.80;7.82;2097101;17053244.000
06/18/2008;7.82;8.38;7.69;8.27;2452734;19945336.000
06/19/2008;8.27;8.27;7.44;7.46;2328280;18238680.000
06/20/2008;7.44;8.10;7.14;7.62;2628393;20345216.000
06/23/2008;7.49;7.72;7.20;7.32;1733075;13057754.000
06/24/2008;7.34;7.61;7.24;7.55;1482467;11164946.000
06/25/2008;7.59;8.06;7.54;8.03;2725645;21615196.000
06/26/2008;7.99;8.19;7.88;8.08;2576632;20830506.000
06/27/2008;7.81;7.82;7.32;7.49;2438583;18753720.000
06/30/2008;7.44;7.62;7.23;7.44;1264352;9449081.000
07/01/2008;7.51;7.52;7.26;7.34;884928;6587591.000
07/02/2008;7.39;7.62;7.34;7.52;1121923;8465828.000
07/03/2008;7.49;7.94;7.34;7.82;2634548;20608020.000
07/04/2008;7.84;7.94;7.69;7.74;1642161;12924001.000
07/07/2008;7.75;8.20;7.75;8.18;2728797;22200676.000
07/08/2008;8.20;8.29;8.00;8.21;2519845;20666200.000
07/09/2008;8.25;8.52;8.19;8.47;3544027;29780500.000
07/10/2008;8.39;8.52;8.26;8.29;3243646;27406100.000
07/11/2008;8.21;8.31;8.00;8.11;2536612;20663388.000
07/14/2008;8.04;8.34;7.96;8.29;2355255;19438324.000
07/15/2008;8.29;8.54;8.21;8.51;6017478;50999320.000
07/16/2008;8.44;8.59;7.84;8.00;6650197;55889972.000
07/17/2008;8.12;8.38;7.92;8.05;4542904;37217608.000
07/18/2008;8.12;8.27;7.60;8.15;3074227;24710990.000
07/21/2008;8.19;8.76;8.04;8.69;4704871;39833576.000
07/22/2008;8.63;8.99;8.55;8.82;5107507;45039640.000
07/23/2008;8.82;8.91;8.56;8.68;2995635;26343932.000
07/24/2008;8.71;8.94;8.71;8.89;4022092;35796736.000
07/25/2008;8.84;8.93;8.62;8.86;3776502;33267612.000
07/28/2008;9.05;9.12;8.90;8.97;5264328;47606924.000
07/29/2008;8.82;8.96;8.75;8.84;2607702;23177500.000
07/30/2008;8.97;8.99;8.64;8.66;1871873;16601321.000
07/31/2008;8.81;8.81;8.22;8.24;2232554;19048650.000
08/01/2008;8.16;8.49;8.05;8.42;2030913;16839348.000
08/04/2008;8.34;8.42;8.12;8.14;1408613;11779006.000
08/05/2008;8.17;8.19;7.83;7.90;1637319;13210582.000
08/06/2008;7.94;8.09;7.77;7.95;1139331;9112776.000
08/07/2008;7.95;8.09;7.90;8.01;1042692;8405885.000
08/08/2008;8.04;8.09;7.49;7.52;1763300;13781405.000
08/11/2008;7.44;7.52;6.85;6.91;2214917;15998579.000
08/12/2008;6.81;7.06;6.74;6.94;1101572;7700094.000
08/13/2008;6.89;7.09;6.74;7.01;1321798;9198634.000
08/14/2008;6.99;7.26;6.86;7.17;1339699;9607168.000
08/15/2008;7.17;7.22;7.01;7.12;875346;6302664.000
08/18/2008;7.24;7.24;6.66;6.72;1058328;7369013.000
08/19/2008;6.66;6.89;6.60;6.79;762157;5198680.000
08/20/2008;6.79;7.43;6.67;7.39;2646793;19211676.000
08/21/2008;7.24;7.38;7.05;7.07;1595560;11590446.000
08/22/2008;7.04;7.08;6.77;6.88;1213636;8413127.000
08/25/2008;6.85;7.05;6.84;6.92;816085;5732295.000
08/26/2008;6.93;6.93;6.48;6.57;1322409;8847379.000
08/27/2008;6.65;6.88;6.64;6.76;1472491;10048859.000
08/28/2008;6.74;7.01;6.70;6.92;1037349;7193873.000
08/29/2008;6.94;7.20;6.89;7.11;1457727;10371628.000
09/01/2008;6.99;7.06;6.80;6.84;1024266;7160048.000
09/02/2008;6.80;6.99;6.73;6.90;587235;4070414.000
09/03/2008;6.84;7.06;6.79;7.01;967736;6774219.000
09/04/2008;7.01;7.13;6.89;7.04;936205;6622763.000
09/05/2008;6.83;6.92;6.62;6.72;1484564;10161615.000
09/08/2008;6.76;6.79;6.54;6.60;809876;5428096.000
09/09/2008;6.72;6.76;6.56;6.69;712749;4790331.000
09/10/2008;6.64;6.96;6.63;6.86;1125374;7777258.000
09/11/2008;6.86;6.99;6.76;6.83;1397747;9685799.000
09/12/2008;6.80;6.91;6.75;6.80;604460;4165507.000
09/16/2008;6.79;6.79;6.54;6.71;1518130;10199620.000
09/17/2008;6.66;6.74;6.59;6.65;1318999;8856972.000
09/18/2008;6.54;6.59;6.07;6.42;1927017;12370360.000
09/19/2008;7.04;7.07;6.89;7.07;4021362;28532368.000
09/22/2008;7.34;7.77;6.89;7.21;8047080;59174632.000
09/23/2008;6.98;7.04;6.75;6.76;2862619;19962488.000
09/24/2008;6.72;6.88;6.54;6.87;1670045;11231045.000
09/25/2008;6.90;7.09;6.83;7.02;3102295;21891046.000
09/26/2008;7.08;7.10;6.90;6.99;1774985;12502842.000
10/06/2008;6.83;6.93;6.74;6.83;1693448;11704486.000
10/07/2008;6.64;7.24;6.56;7.11;4464138;31731678.000
10/08/2008;6.92;7.23;6.92;7.20;3420890;24453570.000
10/09/2008;7.34;7.36;7.08;7.14;3003461;21878142.000
10/10/2008;6.90;7.69;6.81;7.42;11064211;82261176.000
10/13/2008;7.34;7.91;7.25;7.87;10526332;80334512.000
10/14/2008;8.04;8.05;7.55;7.57;8174505;63994608.000
10/15/2008;7.49;7.77;7.40;7.62;4602297;35156312.000
10/16/2008;7.40;7.43;6.86;6.98;5783470;41657640.000
10/17/2008;7.05;7.10;6.75;6.84;3754564;26190000.000
10/20/2008;6.74;7.36;6.73;7.24;3876137;27881548.000
10/21/2008;7.32;7.61;7.24;7.35;4158145;31214604.000
10/22/2008;7.31;7.60;7.24;7.33;3193853;23911876.000
10/23/2008;7.19;7.77;7.14;7.69;4773961;36349112.000
10/24/2008;7.59;7.90;7.50;7.75;5148038;40114584.000
10/27/2008;7.60;8.02;7.25;7.32;6665789;51571480.000
10/28/2008;7.23;8.01;7.17;7.97;9009256;69735512.000
10/29/2008;8.03;8.09;7.66;7.84;8492036;67095176.000
10/30/2008;7.83;7.94;7.59;7.75;4473234;35075128.000
10/31/2008;7.84;8.04;7.63;7.78;6091553;48517340.000
11/03/2008;7.74;8.02;7.43;7.96;5644373;44196460.000
11/04/2008;7.89;7.89;7.56;7.73;6293547;49117076.000
11/05/2008;7.77;8.09;7.77;8.02;6201907;49609272.000
11/06/2008;7.83;7.96;7.72;7.80;3699176;29147400.000
11/07/2008;7.72;7.89;7.61;7.80;3178533;25000772.000
11/10/2008;7.92;8.31;7.92;8.30;6070405;49935256.000
11/11/2008;8.32;8.48;8.12;8.16;6112437;50923288.000
11/12/2008;8.09;8.32;8.02;8.31;2968525;24501712.000
11/13/2008;8.25;8.82;8.14;8.61;7329641;63423496.000
11/14/2008;8.71;8.97;8.55;8.86;9226384;81632264.000
11/17/2008;8.79;9.09;8.64;9.00;9865222;88156112.000
11/18/2008;8.92;9.39;8.65;8.71;14739789;134656688.000
11/19/2008;8.84;9.36;8.35;9.22;9832612;87463760.000
11/20/2008;8.94;9.06;8.49;8.71;9968963;88000160.000
11/21/2008;8.34;8.78;8.23;8.40;7816240;66648672.000
11/24/2008;8.49;8.93;8.42;8.50;6751782;58973224.000
11/25/2008;8.62;8.69;7.99;8.25;6181848;51441180.000
11/26/2008;8.22;8.46;8.15;8.28;2962054;24835144.000
11/27/2008;8.79;8.79;8.29;8.30;5825240;50193584.000
11/28/2008;8.23;8.56;8.19;8.35;4448775;37712584.000
12/01/2008;8.37;8.97;8.32;8.96;8468730;75118024.000
12/02/2008;8.74;9.23;8.66;8.94;7520810;67915616.000
12/03/2008;9.03;9.29;8.94;9.18;5816706;53481096.000
12/04/2008;9.24;9.33;8.89;8.93;8150496;74884264.000
12/05/2008;8.78;9.15;8.78;9.12;3855530;35012736.000
12/08/2008;9.21;9.38;9.11;9.21;8560799;79485328.000
12/09/2008;9.22;9.39;8.90;9.03;6457572;59545488.000
12/10/2008;8.95;9.13;8.76;9.11;5009426;45195492.000
12/11/2008;9.04;9.15;8.74;8.77;4826823;43159872.000
12/12/2008;8.73;8.73;8.26;8.31;4647447;39709472.000
12/15/2008;8.44;8.57;8.29;8.56;3126465;26516156.000
12/16/2008;8.46;8.81;8.24;8.79;4084218;35148088.000
12/17/2008;8.79;9.03;8.67;8.90;5764426;51399024.000
12/18/2008;8.90;9.80;8.88;9.67;18801701;179275296.000
12/19/2008;9.59;9.89;9.47;9.77;11695605;114448704.000
12/22/2008;9.91;10.14;9.70;10.06;11320647;113524624.000
12/23/2008;9.97;10.13;9.64;9.72;7655175;75396112.000
12/24/2008;9.65;9.74;9.27;9.53;4678186;44583700.000
12/25/2008;9.64;10.01;9.54;9.73;5870730;57655400.000
12/26/2008;9.65;9.81;9.45;9.52;3340828;32128664.000
12/29/2008;9.50;9.89;9.30;9.79;3453047;33330752.000
12/30/2008;9.80;10.19;9.78;9.85;5639282;56679692.000
12/31/2008;9.84;10.12;9.45;9.47;5201166;51646400.000
01/05/2009;9.65;9.76;9.47;9.69;3282290;31758460.000
01/06/2009;9.69;10.09;9.62;10.04;3989815;39852276.000
01/07/2009;10.03;10.31;9.94;10.08;3804237;38706664.000
01/08/2009;9.92;10.03;9.76;9.88;2360051;23484796.000
01/09/2009;9.94;10.51;9.78;10.47;6916331;70148152.000
01/12/2009;10.32;10.72;10.27;10.32;4357056;45948748.000
01/13/2009;10.19;10.20;9.85;9.87;4654705;46948792.000
01/14/2009;9.82;10.09;9.80;10.08;5826632;58370420.000
01/15/2009;10.02;10.08;9.82;9.92;5368705;53707424.000
01/16/2009;9.95;10.12;9.71;9.77;8619879;85630528.000
01/19/2009;9.82;10.12;9.74;10.10;4931064;49339104.000
01/20/2009;10.04;10.12;9.89;10.12;2490728;25070162.000
01/21/2009;9.93;10.03;9.77;9.85;3759408;37409040.000
01/22/2009;10.04;10.39;9.95;9.97;4925045;49925784.000
01/23/2009;9.97;10.22;9.94;10.10;4702184;47778572.000
02/02/2009;10.15;10.42;10.01;10.37;5131434;52508544.000
02/03/2009;10.34;10.84;10.26;10.60;6567317;70080784.000
02/04/2009;10.59;10.65;10.34;10.52;4679499;49162860.000
02/05/2009;10.47;10.52;10.21;10.28;4968856;51728632.000
02/06/2009;10.28;10.74;10.28;10.67;5676049;60451560.000
02/09/2009;10.72;10.89;10.62;10.77;6249277;67601872.000
02/10/2009;10.75;11.28;10.69;11.09;8193828;90843624.000
02/11/2009;10.79;11.31;10.76;11.25;6812964;75996832.000
02/12/2009;11.29;11.60;11.04;11.28;5039096;57252496.000
02/13/2009;11.33;11.60;11.19;11.52;7542590;86502672.000
02/16/2009;11.60;11.64;11.11;11.55;7065549;80688720.000
02/17/2009;11.40;11.59;11.09;11.49;5592272;63886656.000
02/18/2009;11.29;11.43;10.70;10.78;5895336;65470944.000
02/19/2009;10.75;11.16;10.70;11.11;4625439;50985440.000
02/20/2009;11.04;11.39;10.95;11.34;3317706;37403768.000
02/23/2009;11.29;11.77;11.15;11.69;4529599;52677748.000
02/24/2009;11.58;11.91;11.15;11.19;5881788;68249488.000
02/25/2009;11.31;11.43;10.82;11.13;4666957;52118368.000
02/26/2009;11.15;11.56;10.25;10.45;4306578;47685240.000
02/27/2009;10.39;10.59;10.02;10.17;5501457;56931232.000
03/02/2009;10.04;10.40;10.04;10.30;2232898;23072472.000
03/03/2009;10.09;10.57;9.99;10.36;3032040;31559968.000
03/04/2009;10.39;10.94;10.37;10.90;4343476;46796424.000
03/05/2009;10.98;11.12;10.62;10.95;4599809;50141100.000
03/06/2009;10.80;10.92;10.69;10.77;2274694;24619892.000
03/09/2009;10.77;10.92;10.04;10.10;4441677;46479144.000
03/10/2009;10.05;10.34;10.04;10.29;2439327;25060620.000
03/11/2009;10.49;10.54;10.00;10.06;5045371;51768012.000
03/12/2009;10.06;10.26;9.97;10.24;4437742;45122660.000
03/13/2009;10.19;10.29;10.01;10.06;3293873;33594232.000
03/16/2009;10.10;10.16;9.99;10.14;1909542;19339660.000
03/17/2009;10.22;10.53;10.17;10.40;7729799;81125784.000
03/18/2009;10.54;10.69;10.44;10.50;6659104;70879456.000
03/19/2009;10.52;10.91;10.41;10.89;5987944;64042604.000
03/20/2009;10.83;11.03;10.65;10.95;7607733;82938064.000
03/23/2009;10.98;11.21;10.82;11.19;6113466;67527072.000
03/24/2009;11.29;11.36;10.94;10.98;6299891;69978640.000
03/25/2009;10.89;11.00;10.57;10.58;5974233;64697216.000
03/26/2009;10.61;10.80;10.44;10.79;4278180;45723804.000
03/27/2009;10.80;10.97;10.64;10.75;4718059;51334384.000
03/30/2009;10.78;11.04;10.72;10.90;4126317;45237360.000
03/31/2009;10.70;10.86;10.58;10.84;3892742;41968276.000
04/01/2009;10.84;11.33;10.74;11.29;10530471;117240472.000
04/02/2009;11.38;11.40;11.07;11.11;8283789;93567736.000
04/03/2009;11.16;11.62;11.03;11.49;10703324;122239408.000
04/07/2009;11.82;11.93;11.38;11.51;8751279;102196952.000
04/08/2009;11.44;11.48;10.82;10.85;8625258;96095032.000
04/09/2009;10.84;11.02;10.79;11.01;3385985;37167680.000
04/10/2009;11.13;11.53;11.02;11.37;8171759;93208344.000
04/13/2009;11.46;11.74;11.35;11.44;7856427;91186400.000
04/14/2009;11.45;11.54;11.33;11.41;5316547;61063016.000
04/15/2009;11.29;12.56;11.26;12.56;20509998;246467360.000
04/16/2009;12.42;12.59;11.94;12.56;12599606;155174928.000
04/17/2009;12.29;12.87;12.24;12.57;19261227;243728944.000
04/21/2009;12.62;12.97;12.34;12.76;15496403;197615648.000
04/22/2009;12.74;12.94;12.44;12.67;17985245;230479088.000
04/23/2009;12.94;13.94;12.67;12.70;20497111;268281776.000
04/24/2009;12.65;13.04;12.64;12.70;17213063;221839680.000
04/27/2009;12.90;12.92;11.72;11.83;12341357;151125712.000
04/28/2009;11.75;12.12;11.63;12.00;12293726;147331568.000
04/29/2009;11.99;12.27;11.77;12.23;8947572;107648448.000
04/30/2009;12.19;12.38;12.04;12.19;5983637;73316736.000
05/04/2009;12.22;12.60;12.18;12.58;6154063;76984152.000
05/05/2009;12.64;12.78;12.35;12.49;5988488;75249152.000
05/06/2009;12.50;12.54;12.24;12.44;7170084;89238888.000
05/07/2009;12.44;12.53;11.86;12.01;9066695;110546992.000
05/08/2009;12.01;12.23;11.92;12.06;6532748;79284048.000
05/11/2009;12.09;12.30;11.84;11.85;6654993;80949136.000
05/12/2009;11.84;12.02;11.59;11.99;5112693;60395056.000
05/13/2009;11.99;12.14;11.87;12.12;5200836;62765888.000
05/14/2009;12.01;12.37;11.95;12.23;6056582;74249816.000
05/15/2009;12.26;12.34;12.04;12.14;3985037;48734192.000
05/18/2009;12.14;12.14;11.80;11.97;3452276;41376336.000
05/19/2009;12.05;12.12;11.92;12.05;6039868;72795240.000
05/20/2009;12.05;12.05;11.84;11.90;4362616;52275920.000
05/21/2009;11.87;11.92;11.43;11.49;6565200;76560688.000
05/22/2009;11.44;11.68;11.42;11.54;3117096;36169872.000
05/25/2009;11.30;11.44;11.04;11.37;4232395;47852264.000
05/26/2009;11.35;11.69;11.34;11.51;4858201;56269500.000
05/27/2009;11.56;11.89;11.47;11.72;5426292;63624848.000
06/01/2009;11.72;12.00;11.69;11.83;7723239;91407272.000
06/02/2009;11.83;11.86;11.55;11.62;5712811;66913072.000
06/03/2009;11.62;11.67;11.49;11.62;5769160;67092344.000
06/04/2009;11.63;11.70;11.44;11.47;5419959;63004352.000
06/05/2009;11.51;11.59;11.34;11.50;5236849;60324628.000
06/08/2009;11.48;11.69;11.45;11.58;4172255;48623060.000
06/09/2009;11.63;11.63;11.29;11.47;3395587;38693492.000
06/10/2009;11.52;11.74;11.43;11.72;5324309;61743336.000
06/11/2009;11.76;11.95;11.66;11.85;8936429;105500344.000
06/12/2009;11.86;12.03;11.55;11.74;8779514;104105928.000
06/15/2009;11.76;11.94;11.64;11.90;6574766;77581856.000
06/16/2009;11.84;12.34;11.75;12.27;13933125;169224800.000
06/17/2009;12.20;12.30;12.05;12.26;7281629;88614944.000
06/18/2009;12.20;12.28;11.96;12.06;8606015;104044840.000
06/19/2009;12.09;12.36;12.09;12.29;10337799;126716992.000
06/22/2009;12.36;12.43;11.90;11.94;7317957;88338736.000
06/23/2009;11.80;11.85;11.55;11.63;6677617;78112376.000
06/24/2009;11.68;11.84;11.61;11.75;4221626;49406304.000
06/25/2009;11.79;11.87;11.71;11.73;4286124;50530388.000
06/26/2009;11.75;11.86;11.71;11.80;2836069;33375108.000
06/29/2009;11.71;11.95;11.71;11.90;4151954;49117444.000
06/30/2009;11.91;12.23;11.90;12.09;7190756;87036232.000
07/01/2009;12.10;12.28;11.98;12.08;5281887;63851812.000
07/02/2009;12.09;12.18;11.85;11.99;6214078;74440136.000
07/03/2009;11.92;12.29;11.80;12.28;8042137;96897440.000
07/06/2009;12.42;12.73;12.28;12.57;17762207;222252080.000
07/07/2009;12.50;13.15;12.30;12.82;20872886;265818272.000
07/08/2009;12.76;13.06;12.60;12.93;15035044;193140048.000
07/09/2009;12.98;13.13;12.77;12.95;8496155;109543968.000
07/10/2009;13.00;13.04;12.69;12.70;8135320;104382984.000
07/13/2009;12.66;12.77;12.55;12.66;7039921;89124048.000
07/14/2009;12.67;12.87;12.66;12.84;8492608;108384576.000
07/15/2009;12.84;13.13;12.76;12.84;13369858;172606320.000
07/16/2009;12.91;12.97;12.56;12.62;11143395;141163920.000
07/17/2009;12.60;12.68;12.52;12.63;5791311;72872864.000
07/20/2009;12.67;12.98;12.61;12.90;9348737;120101032.000
07/21/2009;12.92;13.49;12.92;13.12;23238760;308743040.000
07/22/2009;13.14;14.09;13.14;13.81;24908364;340380640.000
07/23/2009;13.80;13.88;13.51;13.69;9654204;131608024.000
07/24/2009;13.71;13.94;13.17;13.47;13541672;182820128.000
07/27/2009;13.41;13.64;13.24;13.47;10002576;133935088.000
07/28/2009;13.40;13.57;13.25;13.48;7618023;102026736.000
07/29/2009;13.50;13.50;12.15;12.41;12652870;163285712.000
07/30/2009;12.32;13.00;12.32;12.92;11719645;149668064.000
07/31/2009;12.84;13.33;12.84;13.23;6860990;90446008.000
08/03/2009;13.30;13.49;13.24;13.45;8375807;111981016.000
08/04/2009;13.43;13.94;13.17;13.80;12118715;164358032.000
08/05/2009;13.77;14.17;13.58;13.81;10908084;151712992.000
08/06/2009;13.78;13.78;13.25;13.38;8571033;115541848.000
08/07/2009;13.30;13.78;13.18;13.26;8508553;114702096.000
08/10/2009;13.66;14.10;13.46;14.07;13963420;193633648.000
08/11/2009;14.19;14.20;13.70;13.95;8984130;125271656.000
08/12/2009;13.98;14.28;13.61;13.62;11321515;157732448.000
08/13/2009;13.57;13.69;13.21;13.46;4495009;60309504.000
08/14/2009;13.40;13.55;12.75;12.93;6098333;80109424.000
08/17/2009;12.85;13.16;12.00;12.19;6183811;78288128.000
08/18/2009;12.27;12.76;12.12;12.75;3887100;48452444.000
08/19/2009;12.59;12.59;11.48;11.61;9046379;109360360.000
08/20/2009;11.61;11.90;11.31;11.86;6739981;78678632.000
08/21/2009;11.78;12.07;11.58;12.06;6328119;74933632.000
08/24/2009;12.05;12.42;11.80;12.29;7770214;94039736.000
08/25/2009;12.18;12.44;11.78;12.15;7623100;92680128.000
08/26/2009;12.09;12.55;12.02;12.48;5633657;69784656.000
08/27/2009;12.37;13.15;12.37;12.98;10960897;140511280.000
08/28/2009;12.80;13.20;12.63;12.80;9792712;126238992.000
08/31/2009;12.62;12.71;11.90;12.18;8320471;101719888.000
09/01/2009;12.18;12.43;12.08;12.17;4318743;52835916.000
09/02/2009;12.12;12.35;12.00;12.29;2634954;32184964.000
09/03/2009;12.28;12.74;12.20;12.70;5751574;72398176.000
09/04/2009;12.70;12.79;12.50;12.69;7316369;92717040.000
09/07/2009;12.70;13.21;12.70;13.13;10215127;132806480.000
09/08/2009;13.03;13.36;12.81;13.14;7382265;96989120.000
09/09/2009;13.19;13.19;12.77;12.92;4223872;54635376.000
09/10/2009;12.93;12.94;12.61;12.63;3331179;42422332.000
09/11/2009;12.65;12.86;12.58;12.77;3242768;41281584.000
09/14/2009;12.85;13.29;12.80;13.22;6576956;86269680.000
09/15/2009;13.19;13.36;13.09;13.18;4327525;57189420.000
09/16/2009;13.18;13.44;13.05;13.25;3954270;52298176.000
09/17/2009;13.23;13.42;13.20;13.41;6126904;81624480.000
09/18/2009;13.45;13.46;12.80;12.86;5336059;70218144.000
09/21/2009;12.78;13.19;12.68;13.11;3431374;44448248.000
09/22/2009;13.05;13.26;12.75;12.79;3623231;47362404.000
09/23/2009;12.80;12.92;12.10;12.18;4887096;60881136.000
09/24/2009;12.26;12.28;11.84;12.07;3715238;44698420.000
09/25/2009;12.06;12.20;11.95;12.13;1949671;23593308.000
09/28/2009;12.20;12.25;11.69;11.74;3273977;39231816.000
09/29/2009;11.82;11.85;11.51;11.70;3121984;36388088.000
09/30/2009;11.75;11.85;11.70;11.75;2012279;23698960.000
10/09/2009;11.90;12.17;11.85;12.16;2525666;30487996.000
10/12/2009;12.15;12.27;12.07;12.22;2077313;25314772.000
10/13/2009;12.19;12.37;12.15;12.37;2214161;27131608.000
10/14/2009;12.35;12.51;12.22;12.31;3038590;37656832.000
10/15/2009;12.38;12.47;12.31;12.42;2590852;32103484.000
10/16/2009;12.48;12.54;12.21;12.40;2120098;26227672.000
10/19/2009;12.42;12.68;12.41;12.64;3721383;46863704.000
10/20/2009;12.70;13.00;12.65;12.91;6333422;81255008.000
10/21/2009;12.98;13.11;12.80;12.81;6178136;79946048.000
10/22/2009;12.78;13.00;12.73;12.76;3369709;43298444.000
10/23/2009;12.85;13.02;12.82;12.99;5137454;66447648.000
10/26/2009;13.01;13.07;12.87;13.00;4113914;53331312.000
10/27/2009;12.90;12.98;12.65;12.81;4146725;53217624.000
10/28/2009;12.80;12.95;12.70;12.92;3757914;48277504.000
10/29/2009;12.33;12.76;12.33;12.63;3320909;41896796.000
10/30/2009;12.76;13.04;12.67;12.93;5203408;67353616.000
11/02/2009;12.76;13.50;12.71;13.40;10474189;139403776.000
11/03/2009;13.49;13.50;13.31;13.41;7621503;102067808.000
11/04/2009;13.37;13.54;13.33;13.44;5092969;68436664.000
11/05/2009;13.47;13.75;13.37;13.55;6752681;91758720.000
11/06/2009;13.35;13.69;13.25;13.27;10463811;140173360.000
11/09/2009;13.36;13.55;13.20;13.53;6991238;93192056.000
11/10/2009;13.60;13.65;13.35;13.36;6339558;85300456.000
11/11/2009;13.34;13.40;13.14;13.29;5255815;69713624.000
11/12/2009;13.29;13.58;13.20;13.48;14693317;197245152.000
11/13/2009;13.41;13.69;13.18;13.68;9518195;127961880.000
11/16/2009;13.70;13.97;13.70;13.84;9986840;138290800.000
11/17/2009;13.90;14.04;13.69;13.90;6677883;92518280.000
11/18/2009;13.90;14.16;13.78;14.09;7753531;108531800.000
11/19/2009;14.11;14.70;14.00;14.55;15111086;217708224.000
11/20/2009;14.43;14.58;14.30;14.44;7542714;109096800.000
11/23/2009;14.51;14.68;14.42;14.62;6150100;89360104.000
11/24/2009;14.65;14.99;13.67;13.80;11416537;163580032.000
11/25/2009;13.78;14.28;13.70;14.23;6967682;97531464.000
11/26/2009;14.22;14.84;13.93;14.01;12452475;178806800.000
11/27/2009;13.86;14.55;13.67;14.26;12430965;176783632.000
11/30/2009;14.40;15.59;14.40;15.20;18602490;279429216.000
12/01/2009;15.15;15.45;14.90;15.35;11601803;176426368.000
12/02/2009;15.34;15.85;15.20;15.44;10964090;170522640.000
12/03/2009;15.15;15.75;15.15;15.65;9172244;142413408.000
12/04/2009;15.64;15.71;14.73;14.95;13111023;198027200.000
12/07/2009;14.93;15.29;14.85;15.22;4952940;74920008.000
12/08/2009;15.20;15.35;14.91;15.02;5902960;89257944.000
12/09/2009;14.81;15.44;14.80;15.19;8526122;129223664.000
12/10/2009;15.25;15.56;14.96;15.19;5027739;76857232.000
12/11/2009;15.27;15.55;15.17;15.30;4289694;65833248.000
12/14/2009;15.35;15.48;14.80;15.14;4377516;65686440.000
12/15/2009;15.13;15.53;15.02;15.50;6151674;94728080.000
12/16/2009;15.58;15.95;15.38;15.50;8735002;137511040.000
12/17/2009;15.45;15.50;14.80;14.86;7370785;110644256.000
12/18/2009;14.80;14.80;14.10;14.22;6486459;92940144.000
12/21/2009;14.25;14.47;14.05;14.46;3658263;52212500.000
12/22/2009;14.46;14.52;14.05;14.10;3431293;48971880.000
12/23/2009;14.08;14.40;14.08;14.38;2673654;38177696.000
12/24/2009;14.31;14.84;14.31;14.79;4301466;62977012.000
12/25/2009;14.76;14.88;14.67;14.80;2639870;39040956.000
12/28/2009;14.82;15.18;14.82;14.94;4334501;64928120.000
12/29/2009;14.91;15.12;14.49;14.90;5205734;76976312.000
12/30/2009;14.95;14.96;14.60;14.76;5576080;81846864.000
12/31/2009;14.75;14.99;14.70;14.94;6130391;91258256.000
01/04/2010;15.02;15.05;14.58;14.71;5858830;86263408.000
01/05/2010;14.70;14.87;14.60;14.82;6543212;96534144.000
01/06/2010;14.82;15.12;14.74;14.99;8753268;131109408.000
01/07/2010;14.93;15.48;14.91;15.21;11851688;180460064.000
01/08/2010;15.25;15.47;15.03;15.38;6421933;98097576.000
01/11/2010;15.40;15.50;15.13;15.31;6893251;105672168.000
01/12/2010;15.30;15.72;15.16;15.68;7819436;121291184.000
01/13/2010;15.33;16.08;15.20;15.80;10868055;171013328.000
01/14/2010;15.82;16.37;15.80;16.25;9244858;149848752.000
01/15/2010;16.34;16.45;16.01;16.13;6465405;104699752.000
01/18/2010;16.09;16.66;16.03;16.59;6023354;98880320.000
01/19/2010;16.55;17.08;16.44;16.99;7727145;130223256.000
01/20/2010;17.08;17.15;15.58;15.71;14514970;235498928.000
01/21/2010;15.85;16.30;15.65;16.01;7778223;124389248.000
01/22/2010;15.79;15.97;15.28;15.57;6620671;102949184.000
01/25/2010;15.49;15.86;15.40;15.65;3760570;58962468.000
01/26/2010;15.52;15.78;15.10;15.14;4535968;69933576.000
01/27/2010;15.12;15.34;15.00;15.13;2932420;44484400.000
01/28/2010;15.20;15.63;15.10;15.58;4334234;66607460.000
01/29/2010;15.52;15.79;15.42;15.59;4473685;69994864.000
02/01/2010;15.55;16.16;15.31;16.08;7663409;121637072.000
02/02/2010;16.04;16.15;15.71;15.75;3406400;54342392.000
02/03/2010;15.80;16.14;15.60;15.99;6830077;108602672.000
02/04/2010;16.09;16.32;15.83;15.92;6184486;99702088.000
02/05/2010;15.60;15.66;15.18;15.39;5404912;83078856.000
02/08/2010;15.35;15.40;15.03;15.14;2509262;38004360.000
02/09/2010;15.07;15.23;15.01;15.10;2205782;33292180.000
02/10/2010;15.20;15.39;15.13;15.28;2703914;41243268.000
02/11/2010;15.29;15.47;15.13;15.28;2846773;43612872.000
02/12/2010;15.33;15.38;15.20;15.30;2311767;35321368.000
02/22/2010;15.33;15.50;15.26;15.47;2399233;37054928.000
02/23/2010;15.49;15.80;15.32;15.79;3275218;50983408.000
02/24/2010;15.70;16.12;15.61;16.10;4535057;72413952.000
02/25/2010;16.18;16.25;15.95;16.16;4311507;69489520.000
02/26/2010;16.16;16.32;16.03;16.29;4178719;67817600.000
03/01/2010;16.29;16.36;16.12;16.18;4392269;71268512.000
03/02/2010;16.23;16.23;15.86;15.99;4370606;69839000.000
03/03/2010;15.98;16.34;15.93;16.27;3594356;58236112.000
03/04/2010;16.22;16.51;15.58;15.59;5798204;93206520.000
03/05/2010;15.75;15.78;15.44;15.57;4165246;64972256.000
03/08/2010;15.61;15.74;15.52;15.66;1921056;30071524.000
03/09/2010;15.68;15.68;15.35;15.49;2996455;46354000.000
03/10/2010;15.45;15.63;15.26;15.30;3035505;46811764.000
03/11/2010;15.35;15.37;15.12;15.30;3034559;46315832.000
03/12/2010;15.25;15.41;15.07;15.09;2362920;35994272.000
03/15/2010;15.08;15.24;15.03;15.20;2409054;36473344.000
03/16/2010;15.16;15.34;15.16;15.33;1514520;23140860.000
03/17/2010;15.38;15.53;15.26;15.50;3362145;51947132.000
03/18/2010;15.57;15.57;15.41;15.54;2371214;36716040.000
03/19/2010;15.50;15.61;15.43;15.57;2304723;35814348.000
03/22/2010;15.76;15.76;15.48;15.62;2351841;36617252.000
03/23/2010;15.61;15.68;15.14;15.34;5374300;82268168.000
