600340 *ST国祥 日线
      日期	    开盘	    最高	    最低	    收盘	    成交量	    成交额
12/30/2003;4.19;4.42;4.18;4.30;16666958;149550896.000
12/31/2003;4.24;4.41;4.15;4.32;7232059;64340016.000
01/02/2004;4.28;4.59;4.27;4.47;6532701;60108492.000
01/05/2004;4.55;4.78;4.54;4.66;7561144;72513616.000
01/06/2004;4.65;4.82;4.49;4.80;6917632;66536672.000
01/07/2004;4.77;4.85;4.63;4.71;4539922;44594348.000
01/08/2004;4.71;5.19;4.68;5.07;6679610;69340576.000
01/09/2004;5.08;5.18;4.83;4.84;4785376;49210868.000
01/12/2004;4.77;5.01;4.74;4.95;2885876;28819060.000
01/13/2004;4.96;5.01;4.84;4.88;2532381;25631064.000
01/14/2004;4.87;4.89;4.72;4.73;1969900;19438280.000
01/15/2004;4.70;4.78;4.65;4.66;2153619;20899972.000
01/16/2004;4.68;4.77;4.65;4.69;1476645;14399580.000
01/29/2004;4.73;4.84;4.72;4.79;1197276;11819687.000
01/30/2004;4.78;4.78;4.55;4.57;1877724;18057424.000
02/02/2004;4.57;4.74;4.43;4.68;2259088;21587158.000
02/03/2004;4.71;4.92;4.69;4.89;4449862;44646712.000
02/04/2004;4.91;5.00;4.85;4.92;3076160;31254716.000
02/05/2004;4.93;4.99;4.80;4.97;3003770;30382636.000
02/06/2004;5.02;5.17;4.94;4.95;5265853;54934936.000
02/09/2004;4.93;5.01;4.89;4.98;1955532;19988538.000
02/10/2004;4.98;5.02;4.87;4.90;1904124;19323344.000
02/11/2004;4.92;5.01;4.90;5.01;2177913;22313500.000
02/12/2004;5.02;5.10;4.93;4.96;1560192;16074809.000
02/13/2004;4.94;5.15;4.90;5.04;3342591;34744260.000
02/16/2004;5.08;5.24;5.05;5.22;3792809;40470872.000
02/17/2004;5.22;5.33;5.17;5.22;2886253;31129676.000
02/18/2004;5.23;5.26;5.14;5.22;2092096;22325772.000
02/19/2004;5.22;5.42;5.22;5.35;2904261;31904948.000
02/20/2004;5.42;5.44;5.26;5.33;1550625;16924388.000
02/23/2004;5.39;5.40;5.08;5.12;2127430;22938648.000
02/24/2004;5.10;5.12;4.90;5.02;2067362;21324856.000
02/25/2004;5.02;5.12;4.85;4.88;1477602;15237298.000
02/26/2004;4.88;4.97;4.84;4.94;1298524;13174940.000
02/27/2004;4.94;4.99;4.88;4.97;906112;9218603.000
03/01/2004;4.97;4.99;4.83;4.94;1022516;10308850.000
03/02/2004;4.93;5.07;4.86;5.00;1445304;14873413.000
03/03/2004;5.00;5.10;4.90;4.94;949342;9767722.000
03/04/2004;4.94;5.06;4.92;5.05;1087147;11203306.000
03/05/2004;5.07;5.07;4.96;4.97;744696;7689859.000
03/08/2004;4.97;4.99;4.78;4.81;1224935;12274849.000
03/09/2004;4.77;4.84;4.69;4.69;675689;6653839.000
03/10/2004;4.66;4.81;4.65;4.81;653139;6387739.000
03/11/2004;4.80;4.87;4.74;4.82;671356;6665535.000
03/12/2004;4.82;4.83;4.72;4.77;668014;6582125.000
03/15/2004;4.74;4.86;4.70;4.85;691228;6876480.000
03/16/2004;4.85;4.90;4.83;4.87;705943;7076138.000
03/17/2004;4.89;4.92;4.80;4.85;635968;6359819.000
03/18/2004;4.87;4.89;4.77;4.80;739324;7359537.000
03/19/2004;4.84;4.94;4.79;4.94;970422;9795956.000
03/22/2004;4.98;5.12;4.98;5.05;2243625;23372100.000
03/23/2004;5.00;5.02;4.93;4.98;1010830;10337985.000
03/24/2004;4.94;5.00;4.88;4.91;756440;7707157.000
03/25/2004;4.91;4.92;4.79;4.82;1021810;10184594.000
03/26/2004;4.82;4.84;4.76;4.84;868419;8602593.000
03/29/2004;4.79;4.90;4.79;4.80;491330;4903458.000
03/30/2004;4.79;4.87;4.79;4.86;449342;4488314.000
03/31/2004;4.89;4.96;4.87;4.93;739758;7507527.000
04/01/2004;4.93;4.97;4.92;4.94;617746;6301010.000
04/02/2004;4.93;5.00;4.92;4.97;941938;9647645.000
04/05/2004;4.98;5.12;4.97;5.12;2117149;22088710.000
04/06/2004;5.13;5.20;5.06;5.11;1470012;15508503.000
04/07/2004;5.14;5.22;5.11;5.13;2013582;21403370.000
04/08/2004;5.14;5.14;5.01;5.02;1044204;10862451.000
04/09/2004;5.05;5.05;4.89;4.91;1156489;11876217.000
04/12/2004;4.94;4.94;4.89;4.92;607489;6160158.000
04/13/2004;4.92;4.98;4.84;4.87;703569;7132170.000
04/14/2004;4.87;4.92;4.72;4.75;944253;9323972.000
04/15/2004;4.75;4.79;4.59;4.62;697250;6784281.000
04/16/2004;4.62;4.66;4.43;4.66;752751;7115300.000
04/19/2004;4.69;4.69;4.53;4.54;361038;3424504.000
04/20/2004;4.54;4.58;4.52;4.54;284300;2677728.000
04/21/2004;4.56;4.61;4.52;4.57;252150;2379945.000
04/22/2004;4.56;4.64;4.54;4.64;284360;2689357.000
04/23/2004;4.63;4.64;4.48;4.49;320400;3022500.000
04/27/2004;4.47;4.47;4.34;4.36;795200;7242102.000
04/28/2004;4.28;4.41;4.18;4.39;455557;4098901.000
04/29/2004;4.37;4.40;4.32;4.32;346600;3138155.000
04/30/2004;4.34;4.40;4.24;4.32;228850;2048696.000
05/10/2004;4.31;4.31;4.21;4.22;213126;1876617.000
05/11/2004;4.24;4.27;4.19;4.24;166185;1462385.000
05/12/2004;4.26;4.40;4.24;4.39;331777;2990881.000
05/13/2004;4.40;4.45;4.37;4.45;458284;4202523.000
05/14/2004;4.45;4.53;4.39;4.50;924085;8570930.000
05/17/2004;4.48;4.50;4.43;4.50;247034;2278553.000
05/18/2004;4.48;4.56;4.43;4.49;218892;2032270.000
05/19/2004;4.49;4.52;4.39;4.41;314700;2909316.000
05/20/2004;4.39;4.44;4.31;4.33;306068;2770725.000
05/21/2004;4.36;4.43;4.34;4.37;145911;1321344.000
05/24/2004;4.48;4.48;4.34;4.35;87700;778292.000
05/25/2004;4.31;4.37;4.28;4.29;200700;1757665.000
05/26/2004;4.28;4.33;4.10;4.14;420851;3573125.000
05/27/2004;4.16;4.30;4.02;4.24;442468;3736150.000
05/28/2004;4.28;4.28;4.19;4.20;230270;1974718.000
05/31/2004;4.19;4.24;4.16;4.20;184209;1563181.000
06/01/2004;4.25;4.48;4.19;4.39;839235;7442768.000
06/02/2004;4.41;4.59;4.39;4.55;1586810;14477609.000
06/03/2004;4.49;4.52;4.40;4.45;490313;4415081.000
06/04/2004;4.44;4.50;4.40;4.42;263200;2373371.000
06/07/2004;4.44;4.44;4.35;4.37;222200;1979897.000
06/08/2004;4.34;4.47;4.34;4.36;198800;1774256.000
06/09/2004;4.34;4.43;4.14;4.19;426520;3672131.000
06/10/2004;4.17;4.20;4.08;4.14;315801;2644814.000
06/11/2004;4.14;4.28;4.14;4.17;262394;2248077.000
06/14/2004;4.17;4.19;4.06;4.15;227839;1896368.000
06/15/2004;4.14;4.24;4.06;4.21;157510;1327362.000
06/16/2004;4.21;4.27;4.17;4.23;234369;2001882.000
06/17/2004;4.25;4.28;4.12;4.13;172250;1463304.000
06/18/2004;4.13;4.21;4.06;4.15;133909;1120557.000
06/21/2004;4.14;4.28;4.10;4.27;224357;1914438.000
06/22/2004;4.27;4.33;4.23;4.26;278401;2429401.000
06/23/2004;4.26;4.28;4.07;4.14;443100;3712702.000
06/24/2004;4.15;4.22;4.14;4.17;210150;1782487.000
06/25/2004;4.17;4.17;3.91;3.92;571774;4658609.000
06/28/2004;3.92;3.94;3.83;3.84;205754;1618544.000
06/29/2004;3.86;3.96;3.84;3.96;384834;3063537.000
06/30/2004;3.99;4.21;3.99;4.16;1388154;11628874.000
07/01/2004;4.09;4.18;4.05;4.16;464778;3890787.000
07/02/2004;4.06;4.13;4.06;4.12;220040;1827522.000
07/05/2004;4.14;4.14;4.00;4.02;174190;1423949.000
07/06/2004;4.02;4.08;4.00;4.01;143100;1171877.000
07/07/2004;4.02;4.03;3.94;3.94;164401;1323267.000
07/08/2004;3.96;3.97;3.93;3.95;159200;1275492.000
07/09/2004;3.94;3.99;3.93;3.96;125857;1010732.000
07/12/2004;3.96;3.96;3.76;3.80;249731;1930766.000
07/13/2004;3.81;3.81;3.77;3.78;110900;854055.000
07/14/2004;3.78;3.82;3.45;3.73;411215;3025155.000
07/15/2004;3.55;3.72;3.55;3.63;162100;1197173.000
07/16/2004;3.68;3.76;3.62;3.72;311422;2341465.000
07/19/2004;3.72;3.73;3.61;3.63;265030;1972107.000
07/20/2004;3.63;3.67;3.54;3.58;254356;1854354.000
07/21/2004;3.57;3.66;3.54;3.57;112800;825975.000
07/22/2004;3.58;3.63;3.49;3.52;175679;1271723.000
07/23/2004;3.50;3.51;3.45;3.49;258270;1830353.000
07/26/2004;3.46;3.49;3.34;3.34;274940;1895833.000
07/27/2004;3.34;3.42;3.29;3.29;155146;1054811.000
07/28/2004;3.33;3.36;3.23;3.29;163885;1097985.000
07/29/2004;3.30;3.44;3.29;3.44;298554;2047956.000
07/30/2004;3.43;3.46;3.34;3.34;171100;1183154.000
08/03/2004;3.22;3.36;3.22;3.31;92742;621531.000
08/04/2004;3.29;3.42;3.27;3.41;278740;1919968.000
08/05/2004;3.42;3.42;3.29;3.32;145495;998351.000
08/06/2004;3.26;3.33;3.25;3.32;147375;991648.000
08/09/2004;3.32;3.32;3.24;3.26;168200;1121792.000
08/10/2004;3.28;3.30;3.26;3.30;71618;480712.000
08/11/2004;3.29;3.29;3.18;3.19;163105;1075890.000
08/12/2004;3.18;3.18;3.02;3.05;256700;1612640.000
08/13/2004;3.05;3.09;3.00;3.05;196100;1223605.000
08/16/2004;3.03;3.07;2.95;2.95;172464;1051723.000
08/17/2004;2.94;2.98;2.93;2.95;142108;857106.000
08/18/2004;2.95;2.98;2.93;2.97;116440;705780.000
08/19/2004;2.94;2.94;2.77;2.82;210224;1222971.000
08/20/2004;2.82;2.93;2.78;2.88;245482;1431256.000
08/23/2004;2.82;2.83;2.75;2.82;117662;674217.000
08/24/2004;2.83;2.96;2.79;2.90;230791;1375056.000
08/25/2004;2.89;2.97;2.89;2.91;129346;774051.000
08/26/2004;2.89;2.89;2.83;2.84;88702;519557.000
08/27/2004;2.81;2.89;2.80;2.83;127290;738971.000
08/30/2004;2.75;2.85;2.72;2.83;148900;854232.000
08/31/2004;3.03;3.07;2.89;2.91;283244;1701147.000
09/01/2004;2.89;2.89;2.83;2.87;92942;542723.000
09/02/2004;2.82;2.93;2.79;2.89;132748;777578.000
09/03/2004;2.87;2.93;2.83;2.91;126482;750782.000
09/06/2004;2.91;2.93;2.88;2.91;61700;367224.000
09/07/2004;2.91;2.92;2.85;2.89;39800;235538.000
09/08/2004;2.85;2.90;2.85;2.86;75550;444126.000
09/09/2004;2.84;2.87;2.78;2.79;64600;375682.000
09/10/2004;2.80;2.83;2.77;2.83;63245;364994.000
09/13/2004;2.75;2.88;2.72;2.78;100275;570016.000
09/14/2004;2.77;2.98;2.77;2.91;412013;2463342.000
09/15/2004;2.91;3.14;2.88;3.05;878607;5499355.000
09/16/2004;3.08;3.17;3.05;3.14;803706;5120583.000
09/17/2004;3.13;3.22;3.09;3.20;832984;5404933.000
09/20/2004;3.15;3.36;3.15;3.36;1422319;9503220.000
09/21/2004;3.36;3.41;3.26;3.34;1232578;8373118.000
09/22/2004;3.28;3.51;3.25;3.40;2151128;14785693.000
09/23/2004;3.48;3.68;3.46;3.55;4579077;33330776.000
09/24/2004;3.55;3.60;3.42;3.43;1630622;11673052.000
09/27/2004;3.43;3.52;3.23;3.28;976310;6634488.000
09/28/2004;3.28;3.32;3.18;3.26;612417;4037816.000
09/29/2004;3.26;3.26;3.17;3.19;437651;2861887.000
09/30/2004;3.18;3.20;3.11;3.12;302900;1963356.000
10/08/2004;3.11;3.27;3.08;3.26;252301;1639797.000
10/11/2004;3.26;3.35;3.21;3.26;486710;3259587.000
10/12/2004;3.26;3.27;3.18;3.18;255400;1683555.000
10/13/2004;3.18;3.23;3.13;3.22;249092;1613959.000
10/14/2004;3.22;3.25;2.90;2.92;414301;2582615.000
10/15/2004;2.93;2.99;2.88;2.89;358701;2146512.000
10/18/2004;2.95;2.99;2.93;2.93;245177;1480913.000
10/19/2004;2.97;2.99;2.89;2.90;254900;1541904.000
10/20/2004;2.89;2.92;2.82;2.82;244106;1431080.000
10/21/2004;2.84;2.84;2.73;2.74;323800;1852126.000
10/22/2004;2.70;2.76;2.52;2.65;538190;2900667.000
10/25/2004;2.64;2.67;2.55;2.57;479824;2570830.000
10/26/2004;2.53;2.67;2.52;2.66;414064;2226892.000
10/27/2004;2.66;2.74;2.61;2.73;568041;3125552.000
10/28/2004;2.73;2.78;2.69;2.73;534256;3012903.000
10/29/2004;2.65;2.70;2.58;2.65;278728;1521601.000
11/01/2004;2.64;2.67;2.58;2.61;196978;1060323.000
11/02/2004;2.57;2.63;2.57;2.62;120745;648096.000
11/03/2004;2.66;2.72;2.63;2.71;334211;1847730.000
11/04/2004;2.72;2.75;2.60;2.62;298399;1648060.000
11/05/2004;2.63;2.67;2.62;2.67;171345;932023.000
11/08/2004;2.67;2.68;2.60;2.66;86796;472141.000
11/09/2004;2.66;2.69;2.65;2.67;130435;717252.000
11/10/2004;2.70;2.80;2.66;2.79;507694;2865718.000
11/11/2004;2.81;2.85;2.75;2.75;637009;3662228.000
11/12/2004;2.73;2.79;2.72;2.75;298591;1687980.000
11/15/2004;2.75;2.81;2.74;2.80;251310;1432448.000
11/16/2004;2.82;2.84;2.75;2.78;265601;1520642.000
11/17/2004;2.78;2.78;2.70;2.72;330520;1859204.000
11/18/2004;2.72;2.80;2.71;2.78;589501;3334442.000
11/19/2004;2.78;2.87;2.75;2.86;832470;4813253.000
11/22/2004;2.86;2.90;2.85;2.90;743511;4386219.000
11/23/2004;2.90;2.92;2.88;2.91;580555;3451268.000
11/24/2004;2.90;2.92;2.82;2.82;350300;2060640.000
11/25/2004;2.81;2.97;2.77;2.96;1144949;6810030.000
11/26/2004;2.95;2.97;2.90;2.91;807591;4858279.000
11/29/2004;2.92;3.02;2.87;2.96;1369063;8306285.000
11/30/2004;2.94;2.99;2.89;2.92;575797;3462632.000
12/01/2004;2.93;2.97;2.87;2.87;426395;2536152.000
12/02/2004;2.85;2.89;2.83;2.87;294550;1726406.000
12/03/2004;2.87;2.95;2.87;2.92;313344;1867352.000
12/06/2004;2.92;2.96;2.89;2.95;373616;2242496.000
12/07/2004;2.94;2.99;2.91;2.98;929867;5609772.000
12/08/2004;3.00;3.03;2.96;2.98;956634;5842063.000
12/09/2004;2.96;2.99;2.91;2.96;432349;2614385.000
12/10/2004;2.94;2.94;2.79;2.81;468768;2753509.000
12/13/2004;2.79;2.79;2.71;2.74;320427;1805151.000
12/14/2004;2.73;2.77;2.69;2.71;144819;814329.000
12/15/2004;2.71;2.72;2.63;2.70;256508;1414967.000
12/16/2004;2.70;2.72;2.67;2.70;100900;560160.000
12/17/2004;2.66;2.72;2.66;2.68;164215;908532.000
12/20/2004;2.66;2.66;2.59;2.65;127700;691958.000
12/21/2004;2.63;2.79;2.63;2.66;76100;420411.000
12/22/2004;2.65;2.77;2.65;2.77;165848;929504.000
12/23/2004;2.76;2.77;2.67;2.70;135899;762819.000
12/24/2004;2.71;2.75;2.69;2.70;78900;440118.000
12/27/2004;2.67;2.72;2.67;2.69;36200;200328.000
12/28/2004;2.69;2.71;2.64;2.65;113400;622219.000
12/29/2004;2.62;2.73;2.62;2.67;102400;563101.000
12/30/2004;2.70;2.73;2.64;2.65;74150;406279.000
12/31/2004;2.66;2.69;2.62;2.65;134894;733450.000
01/04/2005;2.62;2.62;2.57;2.61;123921;664576.000
01/05/2005;2.61;2.67;2.61;2.65;77000;418649.000
01/06/2005;2.64;2.64;2.60;2.61;91200;491155.000
01/07/2005;2.59;2.66;2.52;2.64;110600;593020.000
01/10/2005;2.62;2.67;2.62;2.66;71082;387385.000
01/11/2005;2.65;2.66;2.62;2.64;114600;622002.000
01/12/2005;2.64;2.66;2.60;2.65;104448;563935.000
01/13/2005;2.64;2.65;2.61;2.63;53306;289433.000
01/14/2005;2.63;2.65;2.60;2.60;90500;489669.000
01/17/2005;2.57;2.62;2.51;2.52;156706;821404.000
01/18/2005;2.55;2.57;2.51;2.53;148801;774251.000
01/19/2005;2.53;2.57;2.52;2.55;119700;630589.000
01/20/2005;2.52;2.52;2.45;2.46;229703;1172298.000
01/21/2005;2.46;2.52;2.43;2.52;174820;894058.000
01/24/2005;2.61;2.61;2.55;2.57;206079;1092560.000
01/25/2005;2.57;2.57;2.50;2.52;138650;720675.000
01/26/2005;2.52;2.52;2.48;2.49;149742;771605.000
01/27/2005;2.47;2.49;2.44;2.46;144552;732596.000
01/28/2005;2.46;2.46;2.37;2.39;187719;930087.000
01/31/2005;2.37;2.37;2.28;2.28;145100;690673.000
02/01/2005;2.28;2.34;2.23;2.23;139079;653434.000
02/02/2005;2.25;2.37;2.25;2.37;278816;1339709.000
02/03/2005;2.40;2.40;2.33;2.34;162296;789415.000
02/04/2005;2.32;2.38;2.32;2.37;171660;833525.000
02/16/2005;2.39;2.42;2.38;2.42;143824;713216.000
02/17/2005;2.41;2.41;2.38;2.40;89900;444687.000
02/18/2005;2.38;2.46;2.37;2.44;211950;1056187.000
02/21/2005;2.47;2.53;2.44;2.52;496235;2543355.000
02/22/2005;2.52;2.59;2.50;2.57;561270;2939114.000
02/23/2005;2.57;2.60;2.55;2.58;367879;1948338.000
02/24/2005;2.57;2.58;2.54;2.57;283804;1498653.000
02/25/2005;2.55;2.61;2.55;2.57;384450;2049223.000
02/28/2005;2.56;2.57;2.50;2.50;269432;1403946.000
03/01/2005;2.50;2.53;2.49;2.52;213524;1105201.000
03/02/2005;2.52;2.57;2.51;2.52;335415;1753598.000
03/03/2005;2.49;2.53;2.47;2.52;159520;823038.000
03/04/2005;2.52;2.57;2.50;2.56;210039;1101229.000
03/07/2005;2.56;2.59;2.52;2.54;135780;712854.000
03/08/2005;2.54;2.61;2.53;2.60;314142;1664140.000
03/09/2005;2.60;2.65;2.58;2.65;499635;2699573.000
03/10/2005;2.67;2.72;2.54;2.56;425700;2291784.000
03/11/2005;2.58;2.59;2.50;2.53;268640;1401035.000
03/14/2005;2.53;2.53;2.47;2.49;312760;1610816.000
03/15/2005;2.50;2.50;2.42;2.42;185900;947685.000
03/16/2005;2.40;2.44;2.39;2.41;205763;1025333.000
03/17/2005;2.42;2.42;2.37;2.38;116239;574307.000
03/18/2005;2.37;2.38;2.31;2.32;169490;821193.000
03/21/2005;2.31;2.37;2.31;2.32;64815;311513.000
03/22/2005;2.32;2.33;2.24;2.26;152940;719095.000
03/23/2005;2.25;2.29;2.25;2.28;161950;760351.000
03/24/2005;2.27;2.29;2.20;2.27;179851;834983.000
03/25/2005;2.28;2.28;2.23;2.24;108199;503748.000
03/28/2005;2.22;2.26;2.19;2.22;94900;436824.000
03/29/2005;2.21;2.24;2.20;2.23;129800;597533.000
03/30/2005;2.23;2.24;2.17;2.19;212290;962628.000
03/31/2005;2.21;2.43;2.21;2.43;1889256;9271049.000
04/01/2005;2.45;2.52;2.34;2.50;1865382;9369244.000
04/04/2005;2.47;2.47;2.36;2.41;739321;3676240.000
04/05/2005;2.41;2.41;2.33;2.40;569299;2776833.000
04/06/2005;2.37;2.45;2.34;2.42;446890;2214236.000
04/07/2005;2.42;2.51;2.40;2.46;1032401;5230423.000
04/08/2005;2.45;2.48;2.40;2.48;638818;3214605.000
04/11/2005;2.48;2.55;2.43;2.54;770751;3973806.000
04/12/2005;2.52;2.53;2.43;2.43;414003;2110816.000
04/13/2005;2.42;2.54;2.42;2.45;467603;2378727.000
04/14/2005;2.47;2.47;2.34;2.35;477600;2367444.000
04/15/2005;2.34;2.34;2.28;2.31;313808;1493506.000
04/18/2005;2.30;2.30;2.21;2.22;290901;1348799.000
04/19/2005;1.99;2.12;1.99;1.99;645400;2686067.000
04/20/2005;1.92;1.98;1.89;1.95;691246;2783056.000
04/21/2005;1.94;1.99;1.92;1.98;539098;2185235.000
04/22/2005;1.96;2.00;1.87;1.89;584800;2347638.000
04/25/2005;1.88;2.03;1.83;2.03;949117;3868078.000
04/26/2005;2.03;2.05;1.97;2.01;973700;4077908.000
04/27/2005;2.03;2.10;1.98;1.99;953861;4064044.000
04/28/2005;1.99;2.02;1.87;2.00;591492;2400200.000
04/29/2005;1.99;1.99;1.91;1.92;497070;2017222.000
05/09/2005;1.95;1.99;1.88;1.89;229100;914761.000
05/10/2005;1.87;1.91;1.71;1.81;512100;1931666.000
05/11/2005;1.77;1.84;1.76;1.81;335098;1262717.000
05/12/2005;1.82;1.83;1.77;1.80;159198;596763.000
05/13/2005;1.79;1.85;1.79;1.85;283820;1079664.000
05/16/2005;1.87;2.02;1.87;1.92;606390;2439112.000
05/17/2005;1.92;1.95;1.88;1.94;317862;1273478.000
05/18/2005;1.92;1.94;1.90;1.93;182508;732066.000
05/19/2005;1.92;1.96;1.90;1.95;207400;835175.000
05/20/2005;1.93;1.96;1.91;1.92;140400;565167.000
05/23/2005;1.92;1.92;1.82;1.84;179003;691863.000
05/24/2005;1.83;1.90;1.83;1.88;154800;605521.000
05/25/2005;1.86;1.92;1.86;1.91;203817;805839.000
05/27/2005;1.91;1.93;1.89;1.90;209594;834317.000
05/30/2005;1.89;1.92;1.87;1.92;133354;529103.000
05/31/2005;1.93;1.93;1.89;1.90;185104;734932.000
06/01/2005;1.90;1.90;1.86;1.88;173151;675926.000
06/02/2005;1.86;1.88;1.84;1.85;185300;719320.000
06/03/2005;1.88;1.88;1.83;1.87;111200;431935.000
06/06/2005;1.87;1.91;1.84;1.90;89340;350538.000
06/07/2005;1.91;1.94;1.87;1.91;351579;1406346.000
06/08/2005;1.93;2.09;1.93;2.05;774641;3241871.000
06/09/2005;2.05;2.07;2.00;2.06;792804;3360996.000
06/10/2005;2.06;2.07;1.99;2.00;312900;1316268.000
06/13/2005;2.01;2.03;1.96;2.01;298661;1239559.000
06/14/2005;2.01;2.04;1.97;1.97;164900;689414.000
06/15/2005;1.92;1.97;1.91;1.92;185437;744581.000
06/16/2005;1.93;1.93;1.87;1.92;149083;590950.000
06/17/2005;1.93;1.94;1.89;1.92;156801;626270.000
06/20/2005;1.94;2.01;1.92;2.01;392277;1614368.000
06/21/2005;2.03;2.03;1.96;1.99;220300;911804.000
06/22/2005;1.97;2.00;1.96;2.00;163516;675664.000
06/23/2005;1.97;2.01;1.97;1.99;208400;863804.000
06/24/2005;2.01;2.01;1.95;2.00;184551;764475.000
06/27/2005;2.04;2.07;2.00;2.07;554362;2361618.000
06/28/2005;2.06;2.06;2.02;2.05;423573;1797158.000
06/29/2005;2.08;2.08;2.02;2.04;188692;762151.000
06/30/2005;2.02;2.02;1.96;1.96;209400;820874.000
07/01/2005;1.96;1.96;1.82;1.83;192900;721805.000
07/04/2005;1.83;1.84;1.79;1.82;223548;806306.000
07/05/2005;1.83;1.84;1.82;1.84;127524;462349.000
07/06/2005;1.87;1.87;1.80;1.81;138225;499576.000
07/07/2005;1.84;1.85;1.82;1.84;74725;271968.000
07/08/2005;1.82;1.83;1.79;1.79;126200;452672.000
07/11/2005;1.85;1.85;1.70;1.72;145664;502564.000
07/12/2005;1.73;1.79;1.72;1.78;142836;493552.000
07/13/2005;1.82;1.92;1.81;1.85;906659;3350722.000
07/14/2005;1.83;1.85;1.79;1.84;271809;982635.000
07/15/2005;1.87;1.87;1.74;1.76;334450;1181893.000
07/18/2005;1.74;1.77;1.72;1.73;269300;925230.000
07/19/2005;1.72;1.74;1.68;1.74;158700;540119.000
07/20/2005;1.72;1.74;1.71;1.73;70400;240351.000
07/21/2005;1.73;1.75;1.71;1.73;83519;283881.000
07/22/2005;1.73;1.81;1.73;1.79;211526;742251.000
07/25/2005;1.78;1.81;1.78;1.80;88258;314177.000
07/26/2005;1.80;1.84;1.78;1.84;327844;1179302.000
07/27/2005;1.89;1.89;1.81;1.85;188959;688286.000
07/28/2005;1.84;1.88;1.82;1.84;155234;567720.000
07/29/2005;1.82;1.84;1.80;1.83;192700;694863.000
08/01/2005;1.84;1.85;1.82;1.84;170437;618116.000
08/02/2005;1.83;1.87;1.82;1.87;227362;833815.000
08/03/2005;1.87;1.93;1.86;1.91;694584;2621152.000
08/04/2005;1.97;1.97;1.89;1.91;766100;2927652.000
08/05/2005;1.89;1.99;1.89;1.97;417111;1607533.000
08/08/2005;1.99;2.01;1.96;1.99;598216;2349920.000
08/09/2005;1.99;1.99;1.95;1.99;347672;1354922.000
08/10/2005;1.99;2.01;1.95;2.00;534404;2100534.000
08/11/2005;1.99;2.04;1.97;2.04;821357;3266254.000
08/12/2005;2.02;2.06;1.96;1.97;583789;2316551.000
08/15/2005;1.96;2.04;1.96;2.03;454772;1797956.000
08/16/2005;2.05;2.09;2.03;2.09;1265818;5187819.000
08/17/2005;2.10;2.21;2.07;2.18;2328913;9856749.000
08/18/2005;2.17;2.20;2.07;2.07;1459493;6217582.000
08/19/2005;2.02;2.08;1.97;2.03;706017;2838236.000
08/22/2005;2.02;2.05;2.00;2.05;262401;1057270.000
08/23/2005;2.05;2.05;1.99;2.01;254167;1017286.000
08/24/2005;2.01;2.04;2.00;2.04;233549;938575.000
08/25/2005;2.02;2.07;2.00;2.07;398780;1608108.000
08/26/2005;2.11;2.18;2.10;2.14;1221307;5191247.000
08/29/2005;2.14;2.16;2.06;2.07;462600;1921891.000
08/30/2005;2.07;2.07;2.03;2.04;252513;1022593.000
08/31/2005;2.05;2.08;2.02;2.07;218996;892907.000
09/01/2005;2.05;2.13;2.05;2.12;592562;2469053.000
09/02/2005;2.14;2.21;2.11;2.20;1347912;5805845.000
09/05/2005;2.22;2.29;2.20;2.25;1521359;6777065.000
09/06/2005;2.23;2.24;2.12;2.13;1017094;4402289.000
09/07/2005;2.12;2.21;2.11;2.21;631584;2711445.000
09/08/2005;2.30;2.33;2.21;2.26;1652462;7442343.000
09/09/2005;2.23;2.27;2.19;2.20;500670;2200178.000
09/12/2005;2.15;2.23;2.15;2.23;321178;1398318.000
09/13/2005;2.23;2.28;2.22;2.27;656170;2933251.000
09/14/2005;2.28;2.31;2.25;2.30;1125577;5096495.000
09/15/2005;2.30;2.31;2.26;2.29;420537;1897915.000
09/16/2005;2.29;2.29;2.26;2.29;320027;1440458.000
09/19/2005;2.27;2.31;2.27;2.31;627768;2851526.000
09/20/2005;2.32;2.39;2.27;2.37;1438328;6622027.000
09/21/2005;2.37;2.37;2.27;2.29;1043201;4788334.000
09/22/2005;2.29;2.30;2.12;2.16;589263;2557931.000
09/23/2005;2.14;2.27;2.10;2.25;588774;2506279.000
09/26/2005;2.17;2.22;2.12;2.22;345280;1494451.000
09/27/2005;2.19;2.20;2.13;2.14;134600;577146.000
09/28/2005;2.14;2.16;2.04;2.10;184080;773207.000
09/29/2005;2.10;2.15;2.02;2.13;285251;1194263.000
09/30/2005;2.11;2.18;2.09;2.15;317700;1329525.000
10/10/2005;2.12;2.15;2.10;2.14;128710;542884.000
10/11/2005;2.13;2.17;2.10;2.17;147308;625067.000
10/12/2005;2.14;2.20;2.14;2.20;423805;1835197.000
10/13/2005;2.17;2.22;2.15;2.19;293000;1266765.000
10/14/2005;2.16;2.17;2.12;2.12;303300;1294842.000
10/17/2005;2.07;2.07;1.95;1.98;631000;2489398.000
10/18/2005;1.97;2.03;1.96;2.01;423519;1677936.000
10/19/2005;2.01;2.04;1.95;2.01;502010;1986165.000
10/20/2005;1.98;2.02;1.97;2.00;255380;1008079.000
10/21/2005;2.04;2.05;2.00;2.02;413046;1649980.000
10/24/2005;2.02;2.06;2.01;2.05;338157;1361521.000
10/25/2005;2.04;2.04;1.97;1.97;271200;1077703.000
10/26/2005;1.99;2.00;1.92;1.92;236861;922029.000
10/27/2005;1.92;1.94;1.90;1.92;154760;590776.000
10/28/2005;1.92;1.93;1.84;1.86;203100;754871.000
10/31/2005;1.88;1.88;1.84;1.87;128499;473323.000
11/01/2005;2.00;2.01;1.90;1.93;1361198;5295203.000
11/02/2005;1.89;1.96;1.88;1.95;609360;2328659.000
11/03/2005;1.92;1.97;1.92;1.93;237067;913321.000
11/04/2005;1.93;2.09;1.91;2.08;1171886;4684677.000
11/07/2005;2.04;2.04;1.99;2.03;649477;2587047.000
11/08/2005;2.00;2.03;1.97;2.02;456091;1809606.000
11/09/2005;2.00;2.04;1.99;2.00;373349;1490524.000
11/10/2005;2.00;2.00;1.89;1.90;321119;1229983.000
11/11/2005;1.89;1.94;1.88;1.92;197400;746557.000
11/14/2005;1.92;1.94;1.90;1.94;113000;431425.000
11/15/2005;1.94;1.96;1.91;1.92;108380;414955.000
11/16/2005;1.90;2.01;1.84;2.00;910181;3541392.000
11/17/2005;1.99;1.99;1.95;1.96;395030;1543434.000
11/18/2005;1.94;2.01;1.94;2.00;413178;1618797.000
11/21/2005;1.96;2.01;1.96;2.00;227799;899863.000
11/22/2005;1.98;2.00;1.96;1.96;166482;655591.000
11/23/2005;1.97;2.04;1.94;2.02;298049;1184181.000
11/24/2005;2.02;2.11;2.02;2.03;1089288;4449409.000
11/25/2005;2.03;2.05;1.98;2.03;214400;859350.000
11/28/2005;2.02;2.05;2.00;2.03;216400;866696.000
11/29/2005;2.03;2.04;1.96;1.96;182000;718603.000
11/30/2005;1.95;1.99;1.93;1.98;275200;1064989.000
12/01/2005;1.99;2.03;1.96;2.03;358637;1429316.000
12/02/2005;2.02;2.05;2.00;2.02;347443;1390231.000
12/05/2005;2.01;2.02;1.95;1.99;270437;1069331.000
12/06/2005;2.00;2.07;1.98;2.06;559087;2248691.000
12/07/2005;2.04;2.07;2.03;2.06;518237;2106292.000
12/08/2005;2.06;2.06;2.00;2.03;287000;1151091.000
12/09/2005;2.01;2.06;1.98;2.04;271800;1095513.000
12/12/2005;2.03;2.11;2.01;2.09;998116;4109567.000
12/13/2005;2.09;2.11;2.06;2.10;651996;2703747.000
12/14/2005;2.07;2.12;2.06;2.09;527603;2192535.000
12/15/2005;2.08;2.09;2.06;2.09;303297;1249018.000
12/16/2005;2.05;2.09;2.05;2.09;335082;1373729.000
12/19/2005;2.07;2.09;2.05;2.09;312154;1283403.000
12/20/2005;2.07;2.08;2.06;2.07;151419;621864.000
12/21/2005;2.06;2.08;2.02;2.03;221050;897636.000
12/22/2005;2.02;2.06;2.00;2.06;359919;1450288.000
12/23/2005;2.05;2.07;2.04;2.06;297686;1212244.000
12/26/2005;2.05;2.08;2.02;2.07;419996;1709758.000
12/27/2005;2.07;2.09;2.06;2.07;266578;1096618.000
12/28/2005;2.07;2.07;2.02;2.03;457769;1845652.000
12/29/2005;2.03;2.04;2.02;2.03;367689;1478221.000
12/30/2005;2.03;2.04;1.95;1.96;693965;2727951.000
01/04/2006;1.96;2.01;1.96;2.00;652882;2557057.000
01/05/2006;1.99;2.03;1.98;2.00;495051;1965456.000
01/06/2006;2.01;2.02;1.98;2.02;619904;2455076.000
01/09/2006;2.02;2.07;1.99;2.06;766460;3080977.000
01/10/2006;2.06;2.08;2.05;2.07;603839;2468973.000
01/11/2006;2.06;2.06;2.02;2.03;459561;1855899.000
01/12/2006;2.04;2.09;2.01;2.09;737320;3020762.000
01/13/2006;2.08;2.10;2.06;2.08;709648;2932576.000
01/16/2006;2.08;2.15;2.06;2.11;1088400;4547740.000
01/17/2006;2.09;2.10;2.06;2.07;489801;2018003.000
01/18/2006;2.07;2.12;2.07;2.11;563178;2343298.000
01/19/2006;2.11;2.13;2.09;2.11;514055;2142046.000
01/20/2006;2.10;2.11;2.04;2.05;880202;3605666.000
01/23/2006;1.91;2.00;1.90;1.96;981259;3829552.000
01/24/2006;1.95;1.98;1.94;1.96;458862;1786089.000
01/25/2006;1.95;1.98;1.94;1.96;273499;1063549.000
02/06/2006;1.95;1.99;1.94;1.98;243531;951129.000
02/07/2006;1.98;2.01;1.96;2.00;266756;1050707.000
02/08/2006;2.00;2.04;1.98;2.00;419220;1669247.000
02/09/2006;2.01;2.03;1.98;2.00;257138;1021633.000
02/10/2006;1.99;2.01;1.97;1.99;299899;1180911.000
02/13/2006;1.98;2.01;1.98;2.01;252660;1001408.000
02/14/2006;2.00;2.02;2.00;2.01;195919;781459.000
02/15/2006;2.02;2.04;2.01;2.02;402811;1614983.000
02/16/2006;2.02;2.02;1.95;1.96;463885;1818167.000
02/17/2006;1.96;1.98;1.92;1.94;389438;1502012.000
03/09/2006;1.94;2.05;1.94;2.02;1125261;4491527.000
03/10/2006;2.02;2.03;1.99;2.01;607510;2420351.000
03/13/2006;2.01;2.02;1.96;1.98;515730;2034258.000
03/14/2006;1.99;1.99;1.93;1.95;756168;2929252.000
06/12/2006;2.68;2.89;2.63;2.77;10815036;45828276.000
06/13/2006;2.75;2.77;2.66;2.73;4324327;17852192.000
06/14/2006;2.73;2.74;2.62;2.68;2598107;10634602.000
06/15/2006;2.68;2.75;2.66;2.72;1984028;8185851.000
06/16/2006;2.72;2.81;2.72;2.78;2707038;11468181.000
06/19/2006;2.77;2.82;2.73;2.79;4315985;18263152.000
06/20/2006;2.81;2.83;2.74;2.81;2330328;9913321.000
06/21/2006;2.80;3.10;2.79;3.02;8470022;38956440.000
06/22/2006;2.94;3.18;2.93;3.11;4867290;22471004.000
06/23/2006;3.08;3.26;3.06;3.13;4716707;22832794.000
06/26/2006;3.13;3.22;3.07;3.20;3515894;16875148.000
06/27/2006;3.21;3.21;3.09;3.09;2797419;13383361.000
06/28/2006;3.08;3.11;3.02;3.04;2140607;9933587.000
06/30/2006;3.12;3.35;3.10;3.35;4756195;23270246.000
07/03/2006;3.33;3.44;3.29;3.32;4297693;22044958.000
07/04/2006;3.33;3.59;3.33;3.47;4343552;22863048.000
07/05/2006;3.52;3.63;3.40;3.54;3542148;18932728.000
07/06/2006;3.56;3.71;3.51;3.63;2598696;14263070.000
07/07/2006;3.63;3.67;3.56;3.57;2182223;12003049.000
07/10/2006;3.54;3.77;3.53;3.71;2873641;16101622.000
07/11/2006;3.79;4.08;3.76;4.05;5732460;22855586.000
07/12/2006;3.95;4.23;3.78;4.01;12073664;48708596.000
07/13/2006;3.61;3.90;3.61;3.61;5327669;19685248.000
07/14/2006;3.40;3.55;3.31;3.42;6511160;22269348.000
07/17/2006;3.32;3.53;3.30;3.48;3624852;12387359.000
07/18/2006;3.44;3.56;3.38;3.51;2950465;10288141.000
07/19/2006;3.50;3.51;3.31;3.35;3149398;10683633.000
07/20/2006;3.35;3.43;3.32;3.38;1671141;5662383.000
07/21/2006;3.38;3.42;3.32;3.36;2114652;7089024.000
07/24/2006;3.35;3.36;3.15;3.24;2278167;7359919.000
07/25/2006;3.22;3.56;3.20;3.56;5836374;20253532.000
07/26/2006;3.58;3.87;3.56;3.65;9298325;34347840.000
07/27/2006;3.65;3.65;3.47;3.57;3102488;11032396.000
07/28/2006;3.57;3.57;3.35;3.47;2387374;8210191.000
07/31/2006;3.50;3.50;3.32;3.34;1828450;6176042.000
08/01/2006;3.34;3.39;3.27;3.28;1090549;3610012.000
08/02/2006;3.28;3.34;3.18;3.30;870868;2838267.000
08/03/2006;3.30;3.33;3.21;3.26;752722;2463438.000
08/04/2006;3.26;3.28;3.03;3.08;1318226;4195079.000
08/07/2006;2.98;3.03;2.90;2.95;1498696;4482232.000
08/08/2006;2.95;3.13;2.86;3.08;2683952;8004435.000
08/09/2006;3.02;3.10;2.99;3.01;1651077;5003585.000
08/10/2006;3.01;3.12;3.00;3.08;1185187;3633623.000
08/11/2006;3.08;3.13;3.05;3.09;873582;2702414.000
08/14/2006;3.08;3.10;2.95;2.96;1123909;3369145.000
08/15/2006;2.96;3.03;2.93;3.01;630434;1884335.000
08/16/2006;3.01;3.19;3.00;3.12;1436816;4453456.000
08/17/2006;3.07;3.43;3.03;3.26;1603497;5095773.000
08/18/2006;3.20;3.27;3.08;3.14;1569525;4987457.000
08/21/2006;3.02;3.15;2.96;3.11;885835;2715772.000
08/22/2006;3.08;3.20;3.08;3.15;986941;3109363.000
08/23/2006;3.15;3.22;3.11;3.15;896385;2841896.000
08/24/2006;3.11;3.18;3.08;3.12;1335875;4148858.000
08/25/2006;3.12;3.21;3.12;3.19;2418688;7675492.000
08/28/2006;3.20;3.38;3.20;3.34;3313321;10971963.000
08/29/2006;3.37;3.42;3.26;3.27;4535574;15213665.000
08/30/2006;3.26;3.33;3.22;3.29;1255169;4111184.000
08/31/2006;3.25;3.30;3.22;3.25;1407513;4571095.000
09/01/2006;3.25;3.28;3.11;3.15;1309602;4166387.000
09/04/2006;3.15;3.22;3.13;3.20;1009249;3210718.000
09/05/2006;3.19;3.20;3.14;3.16;1300799;4115325.000
09/06/2006;3.17;3.25;3.17;3.24;1170215;3761870.000
09/07/2006;3.24;3.28;3.18;3.21;895867;2874658.000
09/08/2006;3.21;3.33;3.20;3.28;2456485;8055690.000
09/11/2006;3.28;3.30;3.20;3.27;1136627;3694937.000
09/12/2006;3.28;3.32;3.14;3.25;1263682;4124335.000
09/13/2006;3.26;3.33;3.22;3.30;3551895;11667623.000
09/14/2006;3.27;3.28;3.18;3.22;1396962;4503786.000
09/15/2006;3.21;3.26;3.19;3.23;1311166;4224100.000
09/18/2006;3.25;3.40;3.12;3.32;2527658;8336737.000
09/19/2006;3.31;3.49;3.27;3.46;4229833;14255208.000
09/20/2006;3.51;3.53;3.37;3.40;8814898;30515622.000
09/21/2006;3.39;3.42;3.34;3.38;2058394;6936461.000
09/22/2006;3.39;3.39;3.26;3.29;2115672;6999498.000
09/25/2006;3.23;3.29;3.21;3.26;1366877;4440191.000
09/27/2006;3.23;3.32;3.21;3.26;618902;2018982.000
09/28/2006;3.24;3.30;3.24;3.29;852167;2795277.000
09/29/2006;3.31;3.33;3.28;3.30;1039541;3426884.000
10/09/2006;3.30;3.36;3.30;3.34;1119187;3730507.000
10/10/2006;3.32;3.43;3.32;3.41;1791764;6069192.000
10/11/2006;3.41;3.42;3.33;3.38;1314611;4438925.000
10/12/2006;3.38;3.46;3.33;3.43;2265264;7722022.000
10/13/2006;3.44;3.52;3.34;3.51;3219317;11103962.000
10/16/2006;3.53;3.81;3.53;3.68;11261364;41136312.000
10/17/2006;3.70;3.70;3.55;3.58;3342203;12060009.000
10/18/2006;3.57;3.62;3.53;3.59;1477447;5300030.000
10/19/2006;3.59;3.74;3.58;3.67;4239291;15573762.000
10/20/2006;3.63;3.74;3.63;3.67;3021875;11194841.000
10/23/2006;3.67;3.90;3.63;3.77;8268250;31364434.000
10/24/2006;3.73;3.90;3.65;3.90;5787540;22123660.000
10/25/2006;3.90;3.91;3.75;3.85;3343727;12778134.000
10/26/2006;3.83;3.84;3.64;3.71;2673163;9922357.000
10/27/2006;3.70;3.72;3.43;3.46;3193104;11241210.000
10/30/2006;3.42;3.47;3.31;3.44;1975773;6635886.000
10/31/2006;3.42;3.47;3.34;3.43;1482381;5062580.000
11/01/2006;3.42;3.53;3.42;3.50;1184951;4113708.000
11/02/2006;3.49;3.50;3.39;3.44;765016;2619109.000
11/03/2006;3.40;3.49;3.37;3.47;1093609;3745884.000
11/06/2006;3.43;3.49;3.39;3.41;1281495;4397167.000
11/07/2006;3.41;3.45;3.31;3.37;1384450;4663282.000
11/08/2006;3.35;3.38;3.27;3.36;1164107;3859169.000
11/09/2006;3.33;3.40;3.33;3.38;764712;2584396.000
11/10/2006;3.36;3.36;3.22;3.24;1372164;4529287.000
11/13/2006;3.25;3.25;3.01;3.11;1366295;4298323.000
11/14/2006;3.10;3.11;2.97;3.10;1325605;4028211.000
11/15/2006;3.10;3.15;3.01;3.14;934049;2880026.000
11/16/2006;3.10;3.18;3.03;3.09;1240655;3849744.000
11/17/2006;3.08;3.11;3.05;3.08;784187;2409389.000
11/20/2006;3.08;3.09;3.00;3.03;1145200;3472973.000
11/21/2006;3.03;3.06;2.97;3.05;1198333;3594541.000
11/22/2006;3.06;3.14;3.01;3.09;864761;2670694.000
11/23/2006;3.08;3.13;3.04;3.10;920446;2836128.000
11/24/2006;3.10;3.15;3.04;3.14;822091;2552783.000
11/27/2006;3.14;3.39;3.14;3.31;2244597;7383114.000
11/28/2006;3.31;3.32;3.24;3.25;1031295;3365124.000
11/29/2006;3.19;3.29;3.17;3.27;932452;3015732.000
11/30/2006;3.25;3.32;3.24;3.31;1306222;4289426.000
12/01/2006;3.35;3.35;3.24;3.27;1187812;3875743.000
12/04/2006;3.25;3.30;3.20;3.29;1761953;5736258.000
12/05/2006;3.30;3.49;3.25;3.46;4796128;16038983.000
12/06/2006;3.40;3.45;3.26;3.44;3272184;11007362.000
12/07/2006;3.46;3.56;3.40;3.44;3231377;11273099.000
12/08/2006;3.48;3.52;3.37;3.47;3987753;13828887.000
12/11/2006;3.48;3.50;3.37;3.48;2088717;7183335.000
12/12/2006;3.50;3.50;3.36;3.41;1547957;5280159.000
12/13/2006;3.41;3.41;3.28;3.29;1533254;5129627.000
12/14/2006;3.28;3.37;3.27;3.32;1189861;3938862.000
12/15/2006;3.31;3.31;3.24;3.28;2350261;7664955.000
12/18/2006;3.28;3.31;3.26;3.30;1924685;6318536.000
12/19/2006;3.30;3.37;3.23;3.36;3692378;12230538.000
12/20/2006;3.32;3.38;3.27;3.36;2253231;7508403.000
12/21/2006;3.35;3.70;3.35;3.70;11096211;39664920.000
12/22/2006;3.69;3.69;3.48;3.65;7822603;28051380.000
12/26/2006;3.76;3.80;3.52;3.66;5565042;20236500.000
12/27/2006;3.66;3.72;3.45;3.51;5268199;18708108.000
12/28/2006;3.45;3.52;3.31;3.35;3133797;10602227.000
12/29/2006;3.38;3.45;3.32;3.37;1920110;6448517.000
01/04/2007;3.39;3.44;3.31;3.34;2036265;6802811.000
01/05/2007;3.36;3.41;3.30;3.39;1147332;3862262.000
01/08/2007;3.38;3.55;3.37;3.52;2372793;8232408.000
01/09/2007;3.52;3.59;3.49;3.55;3019535;10708751.000
01/10/2007;3.53;3.65;3.53;3.64;3595573;12999567.000
01/11/2007;3.64;3.77;3.59;3.68;4822903;17821032.000
01/12/2007;3.67;3.71;3.43;3.47;4123515;14723955.000
01/15/2007;3.45;3.60;3.44;3.60;2794078;9889437.000
01/16/2007;3.60;3.65;3.54;3.64;3172427;11432213.000
01/17/2007;3.67;3.90;3.63;3.86;9646747;36140940.000
01/18/2007;3.78;4.07;3.77;4.00;9806328;38667332.000
01/19/2007;4.00;4.04;3.90;4.02;7903636;31435710.000
01/22/2007;4.07;4.28;4.01;4.18;7447920;30483932.000
01/23/2007;4.18;4.42;3.94;4.31;8418678;35053520.000
01/24/2007;4.28;4.45;4.23;4.28;4782333;20759912.000
01/25/2007;4.10;4.27;4.01;4.03;4901304;20266716.000
01/26/2007;4.01;4.29;3.85;4.25;5450404;22420156.000
01/29/2007;4.26;4.42;4.23;4.39;4411169;19040796.000
01/30/2007;4.45;4.60;4.22;4.26;6392039;28164990.000
01/31/2007;4.24;4.26;3.91;3.93;6914995;28254326.000
02/01/2007;3.88;4.02;3.71;3.93;5898203;22820608.000
02/02/2007;3.94;4.03;3.86;3.86;3125689;12303403.000
02/05/2007;3.89;4.01;3.83;3.98;2774541;10954622.000
02/06/2007;4.03;4.17;3.98;4.11;3833263;15579596.000
02/07/2007;4.11;4.16;4.04;4.15;4520054;18584340.000
02/08/2007;4.17;4.23;4.12;4.21;4493974;18787608.000
02/09/2007;4.22;4.24;4.13;4.15;3347709;13954275.000
02/12/2007;4.18;4.27;4.14;4.23;4012021;16904724.000
02/13/2007;4.26;4.30;4.19;4.29;4123915;17485264.000
02/14/2007;4.29;4.45;4.25;4.38;5204320;22716684.000
02/15/2007;4.37;4.60;4.37;4.57;6013047;26917102.000
02/16/2007;4.61;4.84;4.46;4.75;8136019;37742736.000
02/26/2007;4.75;4.95;4.67;4.92;6981981;33676688.000
02/27/2007;4.92;5.05;4.43;4.43;9312442;43841216.000
02/28/2007;4.35;4.71;4.28;4.68;7053514;31827286.000
03/01/2007;4.73;5.15;4.52;5.15;13204073;63666080.000
03/02/2007;5.10;5.58;5.00;5.18;17674682;93668272.000
03/05/2007;5.18;5.40;4.97;5.25;7885863;40735360.000
03/06/2007;5.21;5.39;5.12;5.23;4727500;24702524.000
03/07/2007;5.23;5.44;5.18;5.38;6641450;35152956.000
03/08/2007;5.40;5.77;5.27;5.63;7836532;42956328.000
03/09/2007;5.60;5.62;5.40;5.46;5532760;30450420.000
03/12/2007;5.46;5.66;5.41;5.59;6673841;37074700.000
03/13/2007;5.50;5.85;5.48;5.66;5624208;31891480.000
03/14/2007;5.59;5.79;5.20;5.62;6168594;34182028.000
03/15/2007;5.63;5.87;5.45;5.75;5902560;33943944.000
03/16/2007;5.70;6.15;5.66;5.94;9207842;54248108.000
03/19/2007;5.79;6.40;5.70;6.25;10765590;66023120.000
03/20/2007;6.32;6.51;6.17;6.43;6132215;39158484.000
03/21/2007;6.42;6.57;6.21;6.44;5519960;35135116.000
03/22/2007;6.46;7.08;6.40;7.08;13285366;91910160.000
03/23/2007;6.99;7.14;6.60;7.07;7908667;54922680.000
03/26/2007;7.08;7.25;6.96;7.14;5614182;39908152.000
03/27/2007;7.16;7.55;7.00;7.51;6597559;47323688.000
03/28/2007;7.49;7.97;6.78;7.94;10267437;76421792.000
03/29/2007;7.90;8.73;7.80;8.02;16423861;136680256.000
03/30/2007;7.70;8.24;7.55;7.91;7180317;57018392.000
04/02/2007;7.98;8.70;7.91;8.70;12395486;105285168.000
04/03/2007;8.70;9.57;8.65;9.57;19800834;185591616.000
04/04/2007;9.30;10.31;9.21;9.99;23670313;231583072.000
04/05/2007;9.90;9.99;9.40;9.55;13001630;125130112.000
04/06/2007;9.44;9.88;8.95;9.61;16832896;157224288.000
04/09/2007;9.49;9.54;9.24;9.44;11339031;106474368.000
04/10/2007;9.56;9.56;8.96;9.33;11492332;107357344.000
04/11/2007;9.43;9.43;9.00;9.31;8996239;82826200.000
04/12/2007;9.24;9.79;8.99;9.68;15474503;145539600.000
04/13/2007;9.57;9.82;9.33;9.36;10948409;104556880.000
04/16/2007;9.27;9.57;9.15;9.39;7109054;66365080.000
04/17/2007;9.68;10.33;9.48;10.33;19295702;190835616.000
04/18/2007;10.25;10.38;9.80;10.08;11827517;119760744.000
04/19/2007;10.03;10.03;9.07;9.07;10975977;103321232.000
04/20/2007;8.97;9.48;8.97;9.30;8192628;75882112.000
04/23/2007;9.40;9.85;9.22;9.65;11103814;105527808.000
04/24/2007;9.65;10.20;9.31;10.09;16182853;157113552.000
04/25/2007;9.90;9.97;9.42;9.67;8171031;79448248.000
04/26/2007;9.70;10.08;9.67;9.80;9466068;93637424.000
04/27/2007;9.70;10.05;9.25;9.31;7516318;71214240.000
04/30/2007;9.23;9.23;8.45;8.80;12289304;107544984.000
05/08/2007;8.80;9.20;8.62;9.06;9798491;87299120.000
05/09/2007;9.07;9.08;8.50;8.89;8912262;78192224.000
05/10/2007;8.90;9.50;8.71;9.29;10762194;98474016.000
05/11/2007;9.39;9.58;9.10;9.36;10280635;96410792.000
05/14/2007;9.34;9.79;9.10;9.62;9701715;92730056.000
05/15/2007;9.65;9.77;9.00;9.12;6820601;64674640.000
05/16/2007;9.02;9.30;8.66;9.27;5739550;51601928.000
05/17/2007;9.25;9.50;9.20;9.34;5734215;53624536.000
05/18/2007;9.30;9.78;9.30;9.66;11080725;106405216.000
05/21/2007;9.50;10.63;9.35;10.63;18272626;189464736.000
05/22/2007;11.00;11.29;10.51;10.73;24909833;273394912.000
05/23/2007;10.65;11.25;10.48;10.88;11294941;123661360.000
05/24/2007;10.90;11.00;10.15;10.46;9935478;103837704.000
05/25/2007;10.43;10.50;10.10;10.25;8675571;89212104.000
05/29/2007;10.70;11.28;10.51;11.28;7051933;77755000.000
05/30/2007;10.84;12.41;10.30;12.08;35800108;422204672.000
05/31/2007;11.00;12.27;10.87;11.56;15998048;182027376.000
06/01/2007;11.57;11.75;10.40;10.40;10019147;108032920.000
06/04/2007;9.36;9.98;9.36;9.36;2462386;23172116.000
06/05/2007;8.42;8.42;8.42;8.42;1455900;12258678.000
06/06/2007;8.40;8.97;7.58;8.04;9248673;77599136.000
06/07/2007;8.00;8.50;7.45;8.35;10537598;84774360.000
06/08/2007;8.30;8.79;8.10;8.50;10084161;85301744.000
06/11/2007;8.48;8.58;8.10;8.27;8468570;70420256.000
06/12/2007;8.25;8.25;7.44;7.78;12306122;95048712.000
06/13/2007;7.70;8.56;7.61;8.56;11737457;96526064.000
06/14/2007;8.56;8.59;8.18;8.22;7610238;63820892.000
06/15/2007;8.10;8.16;7.58;8.04;6714640;53369120.000
06/18/2007;8.08;8.50;8.08;8.32;7268725;60098884.000
06/19/2007;8.29;8.49;8.15;8.31;6787190;56455296.000
06/20/2007;8.39;8.74;8.20;8.23;8993904;76645608.000
06/21/2007;8.11;8.34;7.72;7.96;5292430;42175144.000
06/22/2007;7.97;8.07;7.16;7.16;6330901;47178456.000
06/25/2007;6.95;7.05;6.44;6.44;6362532;41783284.000
06/26/2007;5.87;6.38;5.80;6.37;7708034;46624096.000
06/27/2007;6.28;6.45;6.01;6.40;5269053;33189592.000
06/28/2007;6.41;6.72;5.99;6.00;5302833;33961852.000
06/29/2007;5.75;5.98;5.40;5.59;4746196;26856684.000
07/02/2007;5.59;5.98;5.52;5.94;3794016;21869856.000
07/03/2007;6.03;6.05;5.68;5.90;3186490;18708360.000
07/04/2007;5.96;6.00;5.75;5.79;2567100;14970103.000
07/05/2007;5.69;5.82;5.50;5.69;2700707;15299456.000
07/06/2007;5.75;6.26;5.75;6.26;6567119;39797208.000
07/09/2007;6.35;6.50;6.03;6.32;4782550;29973528.000
07/10/2007;6.26;6.26;5.97;6.00;3220635;19556748.000
07/11/2007;5.90;6.08;5.89;6.07;1862690;11158239.000
07/12/2007;6.05;6.25;6.04;6.07;1621501;9895782.000
07/13/2007;6.07;6.13;5.83;5.95;1270749;7530920.000
07/16/2007;5.94;5.94;5.58;5.60;1723723;9829244.000
07/17/2007;5.60;5.79;5.57;5.74;1324459;7535883.000
07/18/2007;5.70;6.02;5.67;5.87;2289023;13422689.000
07/19/2007;5.86;5.95;5.70;5.92;1231877;7174159.000
07/20/2007;5.92;6.13;5.91;6.06;2970871;17967638.000
07/23/2007;6.00;6.49;6.00;6.43;4658818;29307866.000
07/24/2007;6.43;6.78;6.26;6.54;6172937;40345400.000
07/25/2007;6.54;7.18;6.54;7.12;7108162;48671508.000
07/26/2007;7.12;7.36;7.00;7.21;6141118;44086352.000
07/27/2007;7.18;7.47;6.95;7.38;6206682;44345772.000
07/30/2007;7.18;7.55;7.18;7.34;5271280;39176112.000
07/31/2007;7.30;7.39;6.91;7.17;5253636;37440332.000
08/01/2007;7.19;7.29;6.66;6.76;5565274;38926528.000
08/02/2007;6.71;7.06;6.70;6.94;3712384;25561176.000
08/03/2007;6.94;7.14;6.90;6.93;3548036;24841664.000
08/06/2007;6.91;7.62;6.90;7.62;8526984;63334244.000
08/07/2007;8.00;8.38;7.65;8.38;15086280;122579816.000
08/08/2007;8.20;8.20;7.54;7.78;11892960;93053704.000
08/09/2007;7.81;7.82;7.50;7.69;5531795;42307656.000
08/10/2007;7.60;7.61;7.10;7.25;5404234;39486904.000
08/13/2007;7.15;7.39;7.08;7.25;2260046;16329750.000
08/14/2007;7.24;7.77;7.24;7.67;3434796;25890428.000
08/15/2007;7.65;7.85;7.30;7.59;3465115;26144336.000
08/16/2007;7.51;7.78;7.25;7.69;2839638;21423302.000
08/17/2007;7.68;8.46;7.48;8.42;10505715;86770656.000
08/20/2007;8.45;8.80;8.02;8.46;10118683;86013200.000
08/21/2007;8.46;8.52;8.10;8.34;4430195;36646360.000
08/22/2007;8.12;8.83;8.00;8.39;5191004;44003868.000
08/23/2007;8.55;8.60;8.15;8.21;4435138;36718168.000
08/24/2007;8.40;8.60;8.10;8.40;6099408;50607048.000
08/27/2007;8.43;9.24;8.29;9.21;11755703;102956592.000
08/28/2007;9.00;9.08;8.70;9.00;7938535;70539808.000
08/29/2007;8.85;9.20;8.67;8.77;4777471;42448872.000
08/30/2007;8.73;9.45;8.70;9.17;4994609;45548140.000
08/31/2007;9.18;9.80;8.95;9.21;5625704;52819796.000
09/03/2007;9.21;9.40;9.04;9.39;5701618;52459848.000
09/04/2007;9.39;9.40;9.10;9.15;4301483;39578764.000
09/05/2007;9.14;9.34;8.60;8.75;5092749;45264376.000
09/06/2007;8.82;9.07;8.74;8.87;5122646;45332124.000
09/07/2007;8.83;8.83;8.30;8.37;6153603;52033376.000
09/10/2007;8.25;8.69;7.98;8.61;4204022;34941628.000
09/11/2007;8.59;8.85;8.00;8.23;5087249;43561964.000
09/12/2007;8.01;8.55;7.93;8.54;4379033;35776480.000
09/13/2007;8.50;9.09;8.30;8.78;6657663;58065720.000
09/14/2007;8.78;8.78;8.41;8.61;3227243;27796704.000
09/17/2007;8.53;9.47;8.40;9.47;10658730;98924560.000
09/18/2007;9.80;10.42;9.61;10.42;19157081;194839616.000
09/19/2007;10.62;10.69;10.00;10.64;10467745;108747016.000
09/20/2007;11.70;11.70;9.80;10.29;14320003;146731328.000
09/21/2007;10.18;10.20;9.50;9.64;5441654;53200576.000
09/24/2007;9.65;9.66;9.15;9.39;4601890;43062176.000
09/25/2007;9.38;9.80;9.21;9.52;3206505;30588854.000
09/26/2007;9.65;9.65;9.03;9.05;2986509;27567304.000
09/27/2007;9.05;9.22;8.63;8.82;3100377;27474520.000
09/28/2007;8.82;9.06;8.79;8.93;3546648;31602640.000
10/08/2007;9.01;9.44;8.93;8.95;4502653;41136136.000
10/09/2007;8.90;9.10;8.78;8.97;1920736;17128644.000
10/10/2007;8.89;9.07;8.80;8.94;2181918;19435350.000
10/11/2007;8.94;8.94;8.38;8.49;3810475;32559700.000
10/12/2007;8.59;8.59;7.64;7.90;4596354;36167892.000
10/15/2007;7.92;7.93;7.55;7.69;2357371;18154092.000
10/16/2007;7.65;8.10;7.63;8.09;1907485;15027741.000
10/17/2007;8.05;8.05;7.74;7.82;1855025;14591901.000
10/18/2007;7.81;8.09;7.80;7.87;1748417;13876613.000
10/19/2007;7.90;8.05;7.60;7.66;1283710;9956847.000
10/22/2007;7.63;7.85;7.31;7.50;1347428;10236638.000
10/23/2007;7.46;7.60;7.01;7.36;1621290;11795274.000
10/24/2007;7.46;7.50;7.02;7.06;1415478;10179001.000
10/25/2007;7.05;7.28;6.35;6.35;2625147;17550140.000
10/26/2007;6.28;6.56;6.21;6.50;1765149;11329249.000
10/29/2007;6.60;6.88;6.50;6.65;1624690;10816615.000
10/30/2007;6.70;6.95;6.60;6.94;1182087;8016263.000
10/31/2007;7.06;7.44;6.98;7.33;1293017;9298104.000
11/01/2007;7.34;7.39;7.10;7.25;1376827;9978661.000
11/02/2007;7.20;7.80;7.10;7.36;1670185;12454804.000
11/05/2007;7.20;7.54;7.11;7.33;894661;6506628.000
11/06/2007;7.33;7.58;7.13;7.45;827532;6164725.000
11/07/2007;7.45;7.98;7.38;7.69;1607408;12325807.000
11/08/2007;7.56;7.95;7.56;7.69;1641458;12707167.000
11/09/2007;7.71;7.80;7.51;7.75;1129895;8684160.000
11/12/2007;7.75;8.25;7.71;7.98;2922774;23203276.000
11/13/2007;7.98;8.08;7.83;7.94;2221680;17644592.000
11/14/2007;7.94;8.10;7.70;8.09;2365698;18673486.000
11/15/2007;8.12;8.22;7.63;7.73;2131066;16966592.000
11/16/2007;7.63;7.73;7.43;7.60;1092834;8237503.000
11/19/2007;7.46;7.85;7.46;7.83;1207281;9266601.000
11/20/2007;7.83;7.95;7.68;7.90;1126207;8895229.000
11/21/2007;7.81;8.00;7.74;7.76;589158;4616054.000
11/22/2007;7.75;8.16;7.55;7.92;2643741;21152740.000
11/23/2007;8.00;8.71;7.94;8.59;8628772;73141936.000
11/26/2007;8.63;8.80;8.38;8.64;6231534;53484556.000
11/27/2007;8.62;8.64;8.25;8.27;2135884;18010864.000
11/28/2007;8.10;8.42;8.07;8.13;1778615;14599041.000
11/29/2007;8.13;8.42;8.11;8.33;1441652;11956797.000
11/30/2007;8.33;8.50;7.95;7.99;1892174;15409397.000
12/03/2007;7.93;7.94;7.63;7.69;2029529;15689923.000
12/04/2007;7.69;7.81;7.65;7.76;1740837;13421133.000
12/05/2007;7.71;7.89;7.68;7.88;1222598;9495082.000
12/06/2007;7.88;7.88;7.70;7.80;973689;7588356.000
12/07/2007;7.88;8.40;7.80;8.38;3617398;29803794.000
12/10/2007;8.35;8.62;8.32;8.53;3588042;30410140.000
12/11/2007;8.59;8.59;8.30;8.48;1690000;14253828.000
12/12/2007;8.48;8.90;8.38;8.66;3698226;32294296.000
12/14/2007;8.38;8.65;7.80;8.60;1794147;15068980.000
12/17/2007;8.60;8.75;8.45;8.57;1416812;12231496.000
12/18/2007;8.56;8.65;8.20;8.28;1401099;11814618.000
12/19/2007;8.40;8.55;8.29;8.38;1447669;12164108.000
12/20/2007;8.34;8.72;8.29;8.70;2690917;23160772.000
12/21/2007;8.70;9.02;8.61;8.98;3810336;33949180.000
12/24/2007;8.81;9.09;8.81;8.91;3522233;31587802.000
12/25/2007;8.90;9.04;8.68;8.69;4758971;41989372.000
12/26/2007;8.73;9.02;8.52;9.00;3736512;32899328.000
12/27/2007;9.02;9.36;9.00;9.25;4200316;38747424.000
12/28/2007;9.28;9.51;9.15;9.51;6146156;57798440.000
01/02/2008;10.28;10.46;10.18;10.46;3597272;37540828.000
01/16/2008;9.41;10.40;9.41;9.70;25064914;240739200.000
01/17/2008;9.36;10.67;9.26;10.67;30216786;304916736.000
01/18/2008;10.67;11.19;9.88;10.18;22463592;237768496.000
01/21/2008;10.00;10.28;9.42;9.47;9656355;95466880.000
01/22/2008;9.20;9.45;8.52;8.52;10606650;91585288.000
01/23/2008;8.35;8.70;7.71;8.52;9080220;74859656.000
01/24/2008;8.45;8.87;8.10;8.51;9409130;80268904.000
01/25/2008;8.63;9.09;8.41;8.84;8017691;70485792.000
01/28/2008;8.78;8.78;7.96;7.96;5263031;43064608.000
01/29/2008;8.28;8.30;7.79;8.07;3278692;26338744.000
01/30/2008;8.10;8.88;8.03;8.53;8155990;70428776.000
01/31/2008;8.28;8.37;7.97;7.98;3988880;32440630.000
02/01/2008;7.98;8.01;7.18;7.24;3760343;27701564.000
02/04/2008;7.36;7.96;7.36;7.95;4497623;35285704.000
02/05/2008;8.00;8.29;7.75;8.10;2098634;17034078.000
02/13/2008;8.00;8.48;7.81;8.24;1760748;14509786.000
02/14/2008;8.33;8.50;8.20;8.37;1844484;15441782.000
02/15/2008;8.28;8.77;8.20;8.38;3505025;30156412.000
02/18/2008;8.60;8.75;8.41;8.70;2506521;21621708.000
02/19/2008;8.83;8.89;8.64;8.79;2708016;23743664.000
02/20/2008;8.81;8.91;8.51;8.59;2477154;21436828.000
02/21/2008;8.69;9.10;8.30;9.01;4336557;37733912.000
02/22/2008;9.00;9.14;8.71;8.94;3299085;29416604.000
02/25/2008;8.95;9.19;8.77;8.84;2969612;26699424.000
02/26/2008;8.95;9.19;8.50;8.77;2657702;23394448.000
02/27/2008;8.75;9.37;8.70;9.26;3907771;35581632.000
02/28/2008;9.21;9.36;9.03;9.17;2112150;19392828.000
02/29/2008;9.09;9.33;9.07;9.17;1811113;16673749.000
03/03/2008;9.17;9.65;9.10;9.51;3324776;31605176.000
03/04/2008;9.51;10.10;9.51;9.73;4483709;44404172.000
03/05/2008;9.85;10.26;9.62;10.23;6077757;61121524.000
03/06/2008;10.23;10.60;9.80;10.00;5086200;51518496.000
03/07/2008;9.99;10.18;9.55;9.79;4130656;40611540.000
03/10/2008;9.80;10.14;9.61;9.73;3143395;31081840.000
03/11/2008;9.97;10.70;9.68;10.70;19029877;201695584.000
03/12/2008;10.78;11.02;10.30;10.71;13450622;143495488.000
03/13/2008;10.61;10.80;9.86;9.89;7010678;71894744.000
03/14/2008;9.84;10.05;9.60;9.75;4178086;41055656.000
03/17/2008;9.75;10.29;9.65;9.87;4887564;48779068.000
03/18/2008;9.49;10.60;9.49;10.29;10513246;106611440.000
03/19/2008;10.45;11.24;10.00;11.00;14836344;159071120.000
03/20/2008;10.90;11.63;10.48;11.01;14779966;164001120.000
03/21/2008;10.80;12.11;10.68;12.11;21064326;244244256.000
03/24/2008;12.30;12.60;11.59;11.73;21576837;260757504.000
03/25/2008;11.28;11.28;10.56;10.56;18645703;200189072.000
03/26/2008;10.48;10.85;10.31;10.72;10526751;111866248.000
03/27/2008;10.36;10.50;9.65;9.75;10518701;104920528.000
03/28/2008;9.50;10.17;9.40;10.03;7154328;70644528.000
03/31/2008;9.82;9.86;9.03;9.03;8214667;76310704.000
04/01/2008;9.03;9.38;8.56;9.01;7142078;64310716.000
04/02/2008;9.18;9.30;8.60;8.70;6177655;54894816.000
04/03/2008;8.30;9.00;7.83;8.61;7161921;59107036.000
04/07/2008;8.38;9.28;8.20;9.12;6256209;55342976.000
04/08/2008;8.99;9.64;8.80;9.22;7217342;66534600.000
04/09/2008;9.15;9.42;8.60;8.62;6783927;60859640.000
04/10/2008;8.27;8.77;8.27;8.68;4368906;37165912.000
04/11/2008;8.88;8.98;8.69;8.77;2777650;24483738.000
04/14/2008;8.52;8.75;8.15;8.40;3235843;27203112.000
04/15/2008;8.25;9.00;8.21;8.94;2857761;24704200.000
04/16/2008;8.87;9.19;8.66;9.08;3686619;33129240.000
04/17/2008;9.08;9.59;8.99;9.48;7569135;70686560.000
04/18/2008;9.46;9.60;8.68;8.86;5075175;46531096.000
04/21/2008;9.35;9.48;8.43;8.62;4637665;41386584.000
04/22/2008;8.48;8.85;8.23;8.84;2451776;20996192.000
04/23/2008;8.78;9.18;8.64;9.02;3487615;31319944.000
04/24/2008;9.70;9.88;9.31;9.70;12138366;116699320.000
04/25/2008;9.40;9.79;9.15;9.32;8974605;85075312.000
04/28/2008;9.14;9.45;8.96;9.29;4746865;43412024.000
04/30/2008;8.80;9.90;8.80;9.54;5865344;55572592.000
05/05/2008;9.55;10.16;9.41;10.00;7153909;70225480.000
05/06/2008;10.01;10.35;9.70;10.30;7702100;76803120.000
05/07/2008;10.19;10.55;10.08;10.10;9191801;94785936.000
05/08/2008;9.96;10.59;9.86;10.36;6938701;71799896.000
05/09/2008;10.40;11.20;10.25;11.03;12829356;137467280.000
05/12/2008;10.73;11.12;10.61;10.87;9573182;104179752.000
05/13/2008;10.62;10.75;9.90;9.98;9005913;92217048.000
05/14/2008;9.99;10.46;9.80;10.41;5597623;56872968.000
05/15/2008;10.32;10.80;10.20;10.36;4143794;43662612.000
05/16/2008;10.15;10.45;9.90;10.23;3535584;35711060.000
05/19/2008;10.00;10.45;9.92;10.40;2251465;23221180.000
05/20/2008;10.37;10.78;9.90;10.01;4796256;49891236.000
05/21/2008;9.90;10.28;9.66;10.08;4908235;48649764.000
05/22/2008;10.03;10.90;9.90;10.58;8214219;87128976.000
05/23/2008;10.58;11.40;10.45;11.20;11633692;127298936.000
05/26/2008;11.20;11.20;10.08;10.08;7834512;83126168.000
05/27/2008;9.89;9.90;9.12;9.50;6653548;62888688.000
05/28/2008;9.35;9.74;9.23;9.62;2898142;27845356.000
05/29/2008;9.67;9.73;9.05;9.08;4866641;45216192.000
05/30/2008;8.96;9.30;8.93;9.22;3007790;27398304.000
06/02/2008;9.02;9.36;9.00;9.09;2236816;20472686.000
06/04/2008;8.98;9.14;8.70;8.86;2123625;18937260.000
06/05/2008;8.80;9.13;8.76;9.10;1616394;14455937.000
06/06/2008;9.10;9.15;8.71;8.77;1360994;12122219.000
06/10/2008;8.50;8.60;7.89;7.89;2324100;18767480.000
06/11/2008;7.52;7.90;7.18;7.24;2709062;20385108.000
06/12/2008;7.22;7.49;7.20;7.45;2705668;19820222.000
06/13/2008;7.47;7.87;7.32;7.75;3547435;26976902.000
06/16/2008;7.70;8.50;7.58;8.31;5599091;45794824.000
06/17/2008;8.18;8.35;7.81;8.02;3378163;27502934.000
06/18/2008;7.25;8.66;7.25;8.57;3071682;25341716.000
06/19/2008;8.45;9.10;8.20;8.22;3718656;32358044.000
06/20/2008;8.58;8.85;8.10;8.83;2644759;22747038.000
06/23/2008;8.79;9.24;8.55;8.84;2319727;20580098.000
06/24/2008;8.71;8.90;8.41;8.69;2057019;17776834.000
06/25/2008;8.69;9.19;8.52;8.92;2921930;26210360.000
07/28/2008;9.81;9.81;9.81;9.81;1187478;11649159.000
07/29/2008;10.48;10.48;9.29;9.33;13085312;129582144.000
07/30/2008;9.27;9.76;8.88;9.55;8818274;81398952.000
07/31/2008;9.39;9.46;8.77;8.95;5332089;48567104.000
08/01/2008;8.71;9.05;8.58;8.92;3059536;27054792.000
08/04/2008;8.98;8.98;8.55;8.58;1912200;16859938.000
08/05/2008;8.65;8.75;7.82;7.92;2345957;19262168.000
08/06/2008;8.00;8.28;7.38;7.73;2644936;20353876.000
08/07/2008;7.69;7.99;7.51;7.98;2544242;19926192.000
08/08/2008;8.00;8.00;7.18;7.18;2840565;21293472.000
08/11/2008;7.25;7.59;6.46;6.46;2131380;14383792.000
08/12/2008;6.38;6.38;5.83;6.00;2360318;14284478.000
08/13/2008;6.03;6.10;5.55;5.98;1856542;10804154.000
08/14/2008;5.87;6.10;5.81;5.90;1233618;7317627.000
08/15/2008;6.00;6.49;5.90;6.49;3164576;20102020.000
08/18/2008;6.71;6.71;5.86;5.91;4573926;29223786.000
08/19/2008;5.65;5.99;5.62;5.92;2235419;12983644.000
08/20/2008;5.90;6.51;5.81;6.42;2911220;18329484.000
08/21/2008;6.35;6.42;6.02;6.02;2578340;15965359.000
08/22/2008;6.05;6.19;5.70;5.85;1594105;9464527.000
08/25/2008;5.85;5.98;5.76;5.80;938000;5485807.000
08/26/2008;5.75;5.76;5.22;5.23;2543628;13576024.000
08/27/2008;5.05;5.27;4.75;5.02;1867288;9341217.000
08/28/2008;5.24;5.24;4.81;4.89;1705736;8469529.000
08/29/2008;4.90;5.15;4.82;5.03;1693175;8412544.000
09/01/2008;4.95;4.98;4.75;4.79;1229018;5983665.000
09/02/2008;4.81;4.97;4.60;4.91;1354223;6520331.000
09/03/2008;4.78;5.06;4.76;5.01;1543599;7641344.000
09/04/2008;5.00;5.09;4.88;4.99;1203289;5995728.000
09/05/2008;4.80;4.83;4.49;4.49;2126999;9827057.000
09/08/2008;4.39;4.50;4.04;4.04;2639700;10921204.000
09/09/2008;3.93;4.10;3.93;4.09;2008813;8058630.000
09/10/2008;4.05;4.21;3.95;4.18;1981341;8122397.000
09/11/2008;4.12;4.18;3.98;4.12;1307099;5312950.000
09/12/2008;4.10;4.18;4.03;4.07;813778;3348867.000
09/16/2008;4.10;4.11;3.88;3.95;1053540;4164482.000
09/17/2008;3.95;4.01;3.90;4.01;916862;3630806.000
09/18/2008;3.89;3.96;3.61;3.80;1573082;5919569.000
09/19/2008;4.07;4.18;4.05;4.18;1776051;7374020.000
09/22/2008;4.40;4.60;4.19;4.34;3996460;17361760.000
09/23/2008;4.29;4.29;3.91;4.17;4352415;17794360.000
09/24/2008;4.09;4.37;3.96;4.37;3080918;13005090.000
09/25/2008;4.33;4.54;4.30;4.46;3317435;14702552.000
09/26/2008;4.40;4.53;4.40;4.42;2189459;9764832.000
10/06/2008;4.30;4.68;4.15;4.56;2467530;11031788.000
10/07/2008;4.34;4.74;4.33;4.66;1594279;7342766.000
10/08/2008;4.50;4.86;4.49;4.68;2533417;11809728.000
10/09/2008;4.75;4.77;4.43;4.59;1899601;8730594.000
10/10/2008;4.45;4.47;4.14;4.18;2244320;9702756.000
10/13/2008;4.08;4.60;4.05;4.60;2570221;11434047.000
10/14/2008;4.74;4.80;4.50;4.51;2726903;12653582.000
10/15/2008;4.43;4.53;4.28;4.47;1280292;5622111.000
10/16/2008;4.28;4.41;4.03;4.07;1635969;7027497.000
10/17/2008;4.10;4.29;3.95;4.13;1392567;5712087.000
10/20/2008;4.13;4.25;4.03;4.21;982767;4119935.000
10/21/2008;4.24;4.24;3.96;4.00;2227895;9059039.000
10/22/2008;3.96;3.99;3.60;3.75;3471360;12946709.000
10/23/2008;3.63;3.74;3.53;3.69;1426073;5229871.000
10/24/2008;3.41;3.58;3.32;3.35;5142184;17606652.000
10/27/2008;3.22;3.22;3.02;3.02;2670490;8225784.000
10/28/2008;2.91;3.02;2.81;2.95;2990376;8661905.000
10/29/2008;2.96;2.99;2.66;2.66;3064384;8592952.000
10/30/2008;2.68;2.72;2.58;2.64;2387878;6363136.000
10/31/2008;2.65;2.82;2.58;2.80;2877741;7794127.000
11/03/2008;2.71;2.78;2.61;2.66;1647114;4417716.000
11/04/2008;2.63;2.67;2.39;2.44;2615007;6404391.000
11/05/2008;2.41;2.55;2.41;2.51;2456841;6111643.000
11/06/2008;2.47;2.56;2.32;2.54;2313748;5652909.000
11/07/2008;2.45;2.67;2.45;2.58;2600198;6747365.000
11/10/2008;2.58;2.84;2.58;2.77;4264063;11656524.000
11/11/2008;2.77;2.85;2.67;2.81;3553165;9787971.000
11/12/2008;2.77;2.93;2.73;2.93;4145076;11834960.000
11/13/2008;2.88;3.09;2.83;3.00;4406446;13066046.000
11/14/2008;3.00;3.22;2.95;3.18;4743963;14653618.000
11/17/2008;3.20;3.50;3.15;3.50;6320819;21383778.000
11/18/2008;3.51;3.69;3.15;3.54;8988809;30813784.000
11/19/2008;3.58;3.89;3.57;3.89;11902174;45179976.000
11/20/2008;3.89;4.14;3.80;3.85;10773467;42825896.000
11/21/2008;3.62;3.82;3.47;3.57;6649400;23697900.000
11/24/2008;3.50;3.56;3.30;3.34;3569380;12295626.000
11/25/2008;3.40;3.44;3.10;3.23;3250304;10585426.000
11/26/2008;3.24;3.40;3.17;3.27;2943312;9734909.000
11/27/2008;3.48;3.56;3.32;3.43;5907728;20312838.000
11/28/2008;3.39;3.40;3.18;3.24;2560054;8471216.000
12/01/2008;3.30;3.48;3.15;3.47;2613547;8835376.000
12/02/2008;3.43;3.55;3.35;3.50;3260373;11298689.000
12/03/2008;3.54;3.67;3.51;3.64;4362455;15708884.000
12/04/2008;3.70;3.95;3.62;3.90;8672265;33012620.000
12/05/2008;3.81;4.18;3.80;4.01;9197386;36737808.000
12/08/2008;4.05;4.10;3.89;4.08;7910633;31689658.000
12/09/2008;4.09;4.12;3.87;4.01;4844558;19241784.000
12/10/2008;3.97;4.28;3.93;4.24;7409731;30796728.000
12/11/2008;4.20;4.37;3.98;4.00;5273999;21825708.000
12/12/2008;3.94;4.01;3.60;3.68;4399637;16568742.000
12/15/2008;3.78;3.84;3.62;3.82;2430200;9082602.000
12/16/2008;3.80;3.83;3.64;3.78;1890444;7055002.000
12/17/2008;3.81;3.93;3.76;3.83;3035114;11636929.000
12/18/2008;3.85;3.95;3.74;3.94;2922798;11298677.000
12/19/2008;3.94;4.10;3.88;4.01;4564509;18386748.000
12/22/2008;4.24;4.41;4.22;4.41;3297589;14478016.000
12/23/2008;4.60;4.85;4.26;4.29;20494809;94647000.000
12/24/2008;4.07;4.21;3.86;4.04;9609439;38675288.000
12/25/2008;3.96;4.04;3.74;3.85;5083687;19770920.000
12/26/2008;3.85;3.86;3.67;3.80;3690162;13915565.000
12/29/2008;3.80;3.92;3.60;3.73;2239510;8315542.000
12/30/2008;3.72;3.88;3.70;3.76;2118342;7962604.000
12/31/2008;3.81;3.87;3.70;3.76;1645517;6218008.000
01/05/2009;3.80;3.93;3.75;3.90;2415518;9295336.000
01/06/2009;3.85;4.06;3.82;4.05;4615358;18139544.000
01/07/2009;4.05;4.09;3.92;4.05;3645216;14631496.000
01/08/2009;4.00;4.00;3.72;3.74;3837021;14815983.000
01/09/2009;3.79;3.85;3.72;3.79;1968091;7466213.000
01/12/2009;3.81;4.02;3.74;3.96;2653638;10398488.000
01/13/2009;3.92;4.08;3.89;4.00;3214276;12822109.000
01/14/2009;4.00;4.12;3.90;4.11;5276403;21221840.000
01/15/2009;4.14;4.27;4.05;4.16;5912045;24561714.000
01/16/2009;4.20;4.20;4.10;4.12;4452014;18483750.000
01/19/2009;4.10;4.16;4.02;4.05;2421594;9851482.000
01/20/2009;4.05;4.12;4.01;4.11;1446838;5906034.000
01/21/2009;4.05;4.14;4.05;4.07;1701855;6960693.000
01/22/2009;4.06;4.41;4.06;4.37;3421104;14326733.000
01/23/2009;4.39;4.39;4.21;4.25;3875473;16584783.000
02/02/2009;4.28;4.39;4.22;4.38;3069319;13238518.000
02/03/2009;4.37;4.65;4.37;4.58;3988352;18216952.000
02/04/2009;4.50;4.70;4.50;4.65;5011209;23198620.000
02/05/2009;4.65;4.84;4.51;4.70;5957344;27752784.000
02/06/2009;4.68;5.05;4.64;5.00;6694130;33088156.000
02/09/2009;5.03;5.50;5.03;5.32;8268755;44190704.000
02/10/2009;5.29;5.38;5.10;5.37;5148752;27088840.000
02/11/2009;5.30;5.91;5.16;5.91;12750409;71703584.000
02/12/2009;5.88;5.93;5.50;5.81;9540254;54661024.000
02/13/2009;5.85;6.17;5.66;6.07;7218995;43267068.000
02/16/2009;6.02;6.21;5.68;5.92;9086026;53896672.000
02/17/2009;5.89;5.89;5.33;5.40;10902403;60222976.000
02/18/2009;5.28;5.42;5.13;5.20;4912581;25661824.000
02/19/2009;5.21;5.45;5.20;5.40;3962477;21089316.000
02/20/2009;5.40;5.53;5.25;5.52;4331153;23591778.000
02/23/2009;5.53;5.84;5.40;5.72;5617080;31649586.000
02/24/2009;5.65;5.67;5.20;5.29;5094585;27871484.000
02/25/2009;5.30;5.44;5.09;5.27;2920933;15327061.000
02/26/2009;5.27;5.38;4.77;4.81;3774212;19297994.000
02/27/2009;4.78;4.82;4.45;4.69;3533236;16394917.000
03/02/2009;4.62;4.90;4.60;4.90;2244680;10818694.000
03/03/2009;4.80;5.02;4.73;4.91;2352300;11604465.000
03/04/2009;4.92;5.17;4.90;5.13;3651194;18500056.000
03/05/2009;5.18;5.46;5.06;5.40;8279532;43636328.000
03/06/2009;5.25;5.52;5.21;5.34;4155250;22289288.000
03/09/2009;5.28;5.42;4.91;4.91;2888088;14934793.000
03/10/2009;4.85;5.13;4.85;5.09;1513507;7575050.000
03/11/2009;5.12;5.23;5.02;5.12;1624937;8300104.000
03/12/2009;5.08;5.18;4.90;5.16;1259247;6322196.000
03/13/2009;5.16;5.20;5.05;5.05;1274531;6534561.000
03/16/2009;4.96;5.22;4.96;5.18;1653887;8548096.000
03/17/2009;5.13;5.36;5.11;5.29;2287869;12058056.000
03/18/2009;5.31;5.44;5.30;5.34;2328668;12521734.000
03/19/2009;5.29;5.66;5.29;5.57;4421695;24370654.000
03/20/2009;5.57;5.60;5.39;5.52;3186316;17524760.000
03/23/2009;5.56;5.72;5.50;5.63;4516473;25312948.000
03/24/2009;5.63;5.70;5.50;5.54;3406405;18922284.000
03/25/2009;5.50;5.56;5.22;5.24;3374228;18203540.000
03/26/2009;5.25;5.37;5.08;5.28;3612886;18894688.000
03/27/2009;5.24;5.66;5.22;5.59;7175825;38706104.000
03/30/2009;5.58;6.13;5.52;5.99;13316045;77979192.000
03/31/2009;5.80;6.00;5.71;5.98;5955184;35061448.000
04/01/2009;6.08;6.08;5.88;5.99;5061003;30246250.000
04/02/2009;5.99;6.14;5.86;5.87;5237196;31479124.000
04/03/2009;5.90;6.04;5.85;5.97;4316894;25739808.000
04/07/2009;6.02;6.40;5.90;6.25;6981931;42882920.000
04/08/2009;6.20;6.47;6.12;6.16;6064027;37928696.000
04/09/2009;6.11;6.45;6.11;6.32;7854945;49437536.000
04/10/2009;6.37;6.63;6.25;6.54;8174264;52987060.000
04/13/2009;6.63;6.63;6.35;6.46;6973928;44967588.000
04/14/2009;6.34;6.56;6.10;6.50;6989193;44251136.000
04/15/2009;6.30;6.46;6.23;6.40;3931297;24923984.000
04/16/2009;6.40;6.50;6.18;6.34;6293209;39785228.000
04/17/2009;6.28;6.40;5.99;6.04;5518666;33801752.000
04/20/2009;6.09;6.21;5.91;6.16;4226154;25953892.000
04/21/2009;6.10;6.47;6.08;6.45;7604738;47962944.000
04/22/2009;6.38;6.46;5.86;5.88;5827055;36159204.000
04/23/2009;5.86;5.98;5.66;5.77;3993716;23084094.000
04/24/2009;5.80;5.98;5.68;5.86;3082304;17960446.000
04/27/2009;5.84;5.87;5.40;5.41;2951119;16414749.000
04/28/2009;5.41;5.53;5.27;5.46;1688287;9167072.000
04/29/2009;5.45;5.60;5.41;5.55;2956745;16403979.000
05/04/2009;5.31;5.69;5.27;5.61;10509808;56981368.000
05/05/2009;5.55;5.89;5.47;5.89;8354675;47803660.000
05/06/2009;5.93;6.09;5.84;5.94;6187242;36917388.000
05/07/2009;5.98;5.98;5.69;5.73;4547108;26439520.000
05/08/2009;5.68;5.88;5.55;5.78;4373498;24913932.000
05/11/2009;5.79;6.07;5.72;6.06;8096441;48756020.000
05/12/2009;5.94;6.36;5.92;6.18;8478347;52310208.000
05/13/2009;6.18;6.46;6.01;6.30;6921269;43035148.000
05/14/2009;6.21;6.62;6.21;6.40;6399411;41423228.000
05/15/2009;6.35;6.58;6.35;6.44;4180247;26906940.000
05/18/2009;6.44;6.44;6.17;6.24;4426683;27762120.000
05/19/2009;6.27;6.40;6.10;6.21;4259828;26547562.000
05/20/2009;6.21;6.30;6.15;6.17;3590118;22309580.000
05/21/2009;6.15;6.24;5.92;6.00;3533334;21342668.000
05/22/2009;5.98;6.09;5.92;6.01;2050777;12334310.000
05/25/2009;5.99;6.10;5.85;6.09;2047394;12226997.000
05/26/2009;6.06;6.39;6.06;6.23;3850096;24264300.000
05/27/2009;6.21;6.28;6.16;6.26;1608049;9993953.000
06/01/2009;6.29;6.36;6.14;6.18;3200000;19790696.000
06/02/2009;6.16;6.22;6.07;6.13;2873712;17642412.000
06/03/2009;6.14;6.18;6.03;6.08;3316458;20129724.000
06/04/2009;6.12;6.38;6.12;6.38;7582926;48222464.000
06/05/2009;6.70;6.70;6.70;6.70;840635;5632255.000
06/08/2009;6.99;7.04;6.60;7.04;15490917;107815632.000
07/09/2009;7.39;7.39;7.39;7.39;27134;200520.000
07/10/2009;7.76;7.76;7.76;7.76;44684;346748.000
07/13/2009;8.15;8.15;8.15;8.15;47801;389578.000
07/14/2009;8.56;8.56;8.56;8.56;89984;770263.000
07/15/2009;8.99;8.99;8.99;8.99;58608;526886.000
07/16/2009;9.44;9.44;9.44;9.44;612350;5780584.000
07/20/2009;9.91;9.91;9.91;9.91;197205;1954302.000
07/21/2009;10.24;10.24;9.41;9.41;22326006;214660704.000
07/22/2009;9.25;9.88;9.11;9.88;8964609;85084176.000
07/23/2009;10.00;10.08;9.51;9.67;9148629;89192920.000
07/24/2009;9.60;9.98;9.28;9.67;6906544;66656384.000
07/27/2009;9.66;10.15;9.60;10.15;10140248;102537968.000
07/28/2009;10.39;10.66;10.31;10.66;2130407;22588240.000
07/29/2009;11.10;11.19;10.20;10.97;19073633;211059440.000
07/30/2009;11.30;11.40;10.42;10.42;10734626;113896184.000
07/31/2009;10.30;10.39;9.91;10.36;6503057;66136540.000
08/03/2009;10.28;10.40;9.99;10.00;5102965;51603300.000
08/04/2009;10.08;10.38;9.70;9.84;3950529;39616028.000
08/05/2009;9.89;9.90;9.38;9.40;5570427;53249496.000
08/06/2009;9.41;9.87;9.35;9.86;4897486;47441368.000
08/07/2009;9.68;10.18;9.66;9.82;4513523;44720152.000
08/10/2009;9.83;10.00;9.33;9.49;2852605;27402840.000
08/11/2009;9.62;9.68;9.42;9.64;2065094;19739952.000
08/12/2009;9.66;9.67;9.16;9.16;3619640;33468172.000
08/13/2009;8.80;9.17;8.70;8.75;4360466;38410620.000
08/14/2009;8.89;9.09;8.61;8.78;3188684;28264296.000
08/17/2009;8.72;9.22;8.70;9.22;8278245;76171000.000
08/18/2009;9.28;9.68;9.22;9.68;8680377;82560032.000
08/19/2009;10.16;10.16;9.20;9.20;7308585;69667712.000
08/20/2009;8.85;9.66;8.85;9.50;5195399;49086360.000
08/21/2009;9.43;9.97;9.43;9.96;7575067;74424856.000
08/24/2009;10.01;10.20;9.73;10.08;5146012;51667256.000
08/25/2009;10.05;10.35;9.71;10.07;4098589;40784680.000
08/26/2009;10.15;10.49;10.00;10.29;4350483;44623696.000
08/27/2009;10.33;10.45;10.08;10.16;3520504;36157664.000
08/28/2009;10.13;10.42;10.01;10.34;4117005;42299080.000
08/31/2009;10.10;10.38;9.82;9.94;5861511;58238936.000
09/01/2009;10.00;10.18;9.76;10.01;3821715;38223156.000
09/02/2009;9.85;10.15;9.85;10.07;3068429;30789152.000
09/03/2009;10.18;10.57;10.18;10.57;4050484;42518564.000
09/04/2009;11.09;11.10;10.80;11.10;5208241;57345824.000
09/07/2009;11.39;11.66;11.10;11.46;6912001;79692368.000
09/09/2009;12.03;12.03;12.03;12.03;252808;3041280.000
09/10/2009;12.63;12.63;12.40;12.63;6537657;82537176.000
09/11/2009;13.20;13.20;12.58;12.72;10557409;135804192.000
09/14/2009;12.61;13.36;12.41;13.36;9060998;117785152.000
09/15/2009;13.58;13.88;13.30;13.48;4526001;61421440.000
09/16/2009;13.26;13.61;12.95;13.50;4814954;63716608.000
09/17/2009;13.49;13.80;13.10;13.14;4201299;56306440.000
09/18/2009;13.08;13.19;12.48;12.48;4441992;57072528.000
09/21/2009;12.10;12.48;11.86;12.05;7037202;84417160.000
09/22/2009;12.05;12.40;11.87;12.10;3808268;46256364.000
09/23/2009;12.26;12.27;11.90;12.19;3701492;44803252.000
09/25/2009;12.38;12.38;11.58;11.58;6715354;78326784.000
09/28/2009;11.50;11.66;11.00;11.00;3490273;38935784.000
09/29/2009;10.89;11.10;10.45;10.49;2526973;26989064.000
09/30/2009;10.70;10.78;10.38;10.60;2148200;22733064.000
10/09/2009;10.82;11.13;10.67;11.13;2164038;23806546.000
10/12/2009;11.49;11.49;11.14;11.28;2744948;31164496.000
10/13/2009;11.28;11.84;11.28;11.65;4489155;52217032.000
10/14/2009;11.65;12.02;11.50;11.76;2716369;32082260.000
10/15/2009;11.89;11.89;11.51;11.64;1134021;13273349.000
10/16/2009;11.80;11.80;11.20;11.43;2013277;22996612.000
10/19/2009;11.36;12.00;11.33;12.00;8247359;98005296.000
10/20/2009;12.05;12.60;12.05;12.22;4416322;54541928.000
10/21/2009;12.12;12.83;12.12;12.83;7313572;93354352.000
10/22/2009;12.70;13.13;12.56;12.88;3846544;49642484.000
10/23/2009;13.00;13.29;12.53;12.74;3834735;49266344.000
10/26/2009;12.65;12.87;12.40;12.55;2554419;32171264.000
10/27/2009;12.40;12.58;12.10;12.17;2776978;34271676.000
10/28/2009;12.14;12.52;12.13;12.40;2317364;28520362.000
10/29/2009;12.30;12.30;11.79;11.86;2430470;29192664.000
10/30/2009;12.08;12.12;11.80;11.80;1722362;20589358.000
11/02/2009;11.21;12.39;11.21;12.36;2889495;34938744.000
11/03/2009;12.60;12.74;12.26;12.64;2997832;37357648.000
11/04/2009;12.66;12.88;12.53;12.66;2300462;29178388.000
11/05/2009;12.69;12.77;12.42;12.53;1837199;23154548.000
11/06/2009;12.50;12.80;12.50;12.58;2561046;32266034.000
11/09/2009;12.61;13.21;12.35;13.21;4003790;51908152.000
11/10/2009;13.21;13.29;12.89;13.02;3270193;42677548.000
11/11/2009;13.20;13.20;12.67;12.88;2171169;27935848.000
11/12/2009;12.87;13.21;12.81;12.96;2943733;38322704.000
11/13/2009;12.90;12.95;12.55;12.69;3709432;47102064.000
11/16/2009;13.12;13.32;12.72;13.26;4493622;58903168.000
11/17/2009;13.12;13.92;13.12;13.92;3156389;43143092.000
11/18/2009;14.05;14.62;14.05;14.33;8736404;126119536.000
11/19/2009;14.30;14.67;14.00;14.31;4325545;61785404.000
11/20/2009;14.31;14.55;14.03;14.30;3992276;57422868.000
11/23/2009;14.26;14.65;14.21;14.47;4679144;67315760.000
11/24/2009;14.56;14.65;13.75;13.75;6174358;88057856.000
11/25/2009;13.30;13.70;13.06;13.58;6035150;80522648.000
11/27/2009;12.90;13.09;12.90;12.90;3729091;48191864.000
11/30/2009;12.90;13.25;12.61;13.23;3370864;43731592.000
12/01/2009;13.15;13.60;13.08;13.34;2269860;30292492.000
12/02/2009;13.38;14.01;13.38;14.01;6353724;88366704.000
12/03/2009;14.30;14.67;14.01;14.56;5725019;81931136.000
12/07/2009;14.48;15.00;14.05;14.51;3456230;49974752.000
12/08/2009;14.55;14.79;14.31;14.53;2610507;37811464.000
12/09/2009;14.00;14.60;14.00;14.37;2018042;29021552.000
12/10/2009;14.35;14.63;14.18;14.32;1498141;21496548.000
12/11/2009;14.28;14.44;13.60;13.69;4149157;57453704.000
12/14/2009;13.60;14.04;13.45;14.00;1867020;25649216.000
12/15/2009;14.00;14.05;13.62;13.97;1671018;23189032.000
12/16/2009;13.99;14.00;13.69;13.75;913633;12624404.000
12/17/2009;13.60;13.90;13.06;13.19;2247570;29936092.000
12/18/2009;12.99;13.08;12.70;13.00;2049094;26408172.000
12/21/2009;13.10;13.46;13.00;13.26;1529140;20160316.000
12/22/2009;13.26;13.54;12.80;12.83;1474662;19294770.000
12/23/2009;12.90;13.06;12.73;12.96;1237501;15907532.000
12/24/2009;13.00;13.34;12.91;13.30;2533078;33258688.000
12/25/2009;13.01;13.94;13.01;13.89;3135065;42488708.000
12/28/2009;13.89;14.18;13.69;13.85;2139947;29753752.000
12/29/2009;13.76;13.94;13.57;13.73;1719082;23567346.000
12/30/2009;13.70;13.95;13.51;13.85;1635560;22552288.000
12/31/2009;13.60;13.94;13.60;13.91;1212640;16812670.000
01/04/2010;13.91;14.25;13.87;14.08;1851812;26102908.000
01/05/2010;14.00;14.18;13.66;13.95;2136051;29733928.000
01/06/2010;13.85;13.99;13.68;13.72;2153633;29818216.000
01/07/2010;13.70;13.85;13.40;13.49;1511725;20548528.000
01/08/2010;13.40;13.61;13.35;13.57;1068231;14412243.000
01/11/2010;13.59;13.74;13.32;13.55;1538258;20687664.000
01/12/2010;13.40;13.68;13.34;13.64;1709213;23067668.000
01/13/2010;13.49;13.55;12.96;13.04;2927856;38662100.000
01/14/2010;13.04;13.22;12.80;13.06;2551929;33212028.000
01/15/2010;13.18;13.59;13.00;13.53;2578484;34497272.000
01/18/2010;13.50;14.21;13.50;14.21;6793244;96205384.000
01/19/2010;14.38;14.92;13.96;14.92;8857314;129431608.000
01/20/2010;14.90;15.24;14.50;14.54;5925178;88036992.000
01/21/2010;14.51;14.64;14.00;14.56;3050952;43799324.000
01/22/2010;14.40;14.40;13.83;14.09;2572067;36246032.000
01/25/2010;14.09;14.28;14.01;14.10;1387772;19629480.000
01/26/2010;14.08;14.40;13.66;14.00;3126500;44019944.000
01/27/2010;14.00;14.26;13.76;14.06;1383222;19382804.000
01/28/2010;14.00;14.00;13.36;13.36;2014600;27036432.000
01/29/2010;12.69;12.98;12.69;12.69;5213968;66323364.000
02/01/2010;12.63;13.21;12.63;13.07;3079359;39511056.000
02/02/2010;13.15;13.25;12.71;12.79;1949523;25375882.000
02/03/2010;12.75;12.96;12.50;12.86;2248019;28624502.000
02/04/2010;12.86;13.09;12.61;12.99;2092746;27107734.000
02/05/2010;12.70;12.90;12.50;12.71;1346105;17080260.000
02/08/2010;12.73;12.73;12.36;12.69;983608;12397044.000
02/09/2010;12.70;12.90;12.56;12.68;802096;10156198.000
02/10/2010;12.78;12.85;12.62;12.79;975080;12434357.000
02/11/2010;12.80;13.43;12.79;13.43;1744361;23274208.000
02/12/2010;13.67;14.10;13.52;13.80;3168348;44121852.000
02/22/2010;13.68;13.68;13.41;13.58;1406769;19025180.000
02/23/2010;13.60;14.16;13.60;13.81;1440409;19961466.000
02/24/2010;13.81;14.43;13.67;14.31;2036053;28999714.000
02/25/2010;14.32;15.03;14.22;14.71;4193517;61224992.000
02/26/2010;14.61;15.31;14.53;14.90;4004441;60463264.000
03/01/2010;15.03;15.40;14.91;15.10;3041332;46089044.000
03/02/2010;15.10;15.15;14.88;15.04;2548248;38281908.000
03/03/2010;15.00;15.79;14.90;15.79;5741705;88538320.000
03/04/2010;15.90;16.28;15.40;15.89;4884351;78159200.000
03/05/2010;15.91;16.30;15.81;16.22;3106709;50015140.000
03/08/2010;16.23;16.38;15.90;16.07;2253032;36174848.000
03/09/2010;16.12;16.12;15.35;15.92;2191142;34697868.000
03/10/2010;15.95;15.98;15.57;15.98;1370693;21582978.000
03/11/2010;15.82;16.00;15.76;15.93;1433101;22801764.000
03/12/2010;15.72;15.90;15.15;15.23;2660550;41019376.000
03/15/2010;15.80;15.80;15.10;15.22;1045120;15970086.000
03/16/2010;15.42;15.98;15.20;15.98;2070534;32720140.000
03/17/2010;16.50;16.78;16.00;16.61;4464458;73690008.000
03/18/2010;16.60;17.38;16.45;16.92;2913620;49469044.000
03/19/2010;16.81;17.20;16.81;17.05;1496063;25445542.000
03/22/2010;16.89;17.90;16.89;17.83;2286697;40357072.000
03/23/2010;18.00;18.18;17.61;17.97;2004000;35902124.000
