600491 龙元建设 日线
      日期	    开盘	    最高	    最低	    收盘	    成交量	    成交额
05/24/2004;4.04;4.17;3.92;3.95;10250097;208277120.000
05/25/2004;3.91;3.91;3.64;3.66;4428156;84178888.000
05/26/2004;3.62;3.72;3.59;3.63;2109333;39292824.000
05/27/2004;3.63;3.76;3.55;3.70;2225341;41544644.000
05/28/2004;3.70;3.71;3.63;3.63;1374773;25713756.000
05/31/2004;3.63;3.70;3.60;3.66;839669;15703244.000
06/01/2004;3.64;3.88;3.64;3.83;3324488;64378732.000
06/02/2004;3.84;3.92;3.77;3.78;2381225;46351812.000
06/03/2004;3.76;3.99;3.75;3.94;2565646;50583608.000
06/04/2004;3.94;3.95;3.82;3.85;1530396;30085060.000
06/07/2004;3.97;4.17;3.96;3.97;3874006;79034424.000
06/08/2004;3.95;3.96;3.85;3.87;1483872;29356056.000
06/09/2004;3.84;3.91;3.70;3.73;1149922;22292340.000
06/10/2004;3.68;3.75;3.58;3.61;1131924;21066960.000
06/11/2004;3.61;3.80;3.60;3.67;1141017;21570476.000
06/14/2004;3.66;3.66;3.51;3.55;1147322;20948724.000
06/15/2004;3.53;3.63;3.51;3.61;580577;10578142.000
06/16/2004;3.61;3.62;3.53;3.56;386069;7070265.000
06/17/2004;3.56;3.64;3.53;3.54;481278;8806115.000
06/18/2004;3.57;3.61;3.28;3.45;815919;14631375.000
06/21/2004;3.43;3.60;3.40;3.60;733233;13205113.000
06/22/2004;3.60;3.65;3.55;3.60;706969;13044854.000
06/23/2004;3.59;3.61;3.50;3.56;499981;9074917.000
06/24/2004;3.57;3.68;3.51;3.65;764058;14135275.000
06/25/2004;3.64;3.74;3.49;3.50;1217608;22528474.000
06/28/2004;3.46;3.46;3.31;3.33;662911;11491438.000
06/29/2004;3.32;3.37;3.25;3.35;570186;9770737.000
07/01/2004;3.33;3.43;3.29;3.39;588425;10253229.000
07/02/2004;3.41;3.41;3.30;3.33;451936;7771058.000
07/05/2004;3.33;3.36;3.30;3.33;277548;4758229.000
07/06/2004;3.33;3.37;3.31;3.36;394614;6816103.000
07/07/2004;3.36;3.36;3.29;3.30;339354;5798088.000
07/08/2004;3.29;3.31;3.27;3.28;318108;5403339.000
07/09/2004;3.28;3.30;3.18;3.18;673600;11277706.000
07/12/2004;3.17;3.17;2.84;2.94;773150;12128645.000
07/13/2004;2.91;2.94;2.85;2.91;309837;4736755.000
07/14/2004;2.89;2.94;2.77;2.86;417957;6248727.000
07/15/2004;2.86;2.93;2.84;2.89;452812;6882006.000
07/16/2004;2.88;3.09;2.88;3.09;941065;14799671.000
07/19/2004;3.11;3.16;3.04;3.09;652303;10565869.000
07/20/2004;3.06;3.08;3.01;3.02;374282;5939089.000
07/21/2004;3.01;3.13;3.00;3.10;376117;6029756.000
07/22/2004;3.11;3.14;3.02;3.03;405513;6471199.000
07/23/2004;3.06;3.08;2.98;3.06;263519;4168819.000
07/26/2004;3.05;3.08;2.94;2.97;312400;4886329.000
07/27/2004;2.97;3.00;2.91;2.92;197097;3054960.000
07/28/2004;2.93;2.98;2.86;2.97;237600;3645993.000
07/29/2004;2.97;3.08;2.94;3.07;259468;4121385.000
07/30/2004;3.06;3.19;3.00;3.10;733813;11939655.000
08/02/2004;3.08;3.18;3.04;3.15;479534;7848666.000
08/03/2004;3.17;3.29;3.14;3.24;1105669;18555296.000
08/04/2004;3.22;3.29;3.20;3.28;813019;13760171.000
08/05/2004;3.28;3.32;3.22;3.29;553588;9357012.000
08/06/2004;3.28;3.31;3.18;3.25;467651;7849824.000
08/09/2004;3.23;3.29;3.18;3.28;293884;4940164.000
08/10/2004;3.62;3.62;3.25;3.28;634374;11083407.000
08/11/2004;3.27;3.27;3.17;3.18;632800;10597282.000
08/12/2004;3.15;3.17;3.08;3.16;305748;4978251.000
08/13/2004;3.15;3.28;3.15;3.24;292421;4903633.000
08/16/2004;3.23;3.23;3.12;3.21;303950;5011595.000
08/17/2004;3.18;3.24;3.14;3.15;186995;3088922.000
08/18/2004;3.12;3.26;3.12;3.17;487760;8169002.000
08/19/2004;3.20;3.24;3.02;3.08;556699;8988703.000
08/20/2004;3.04;3.21;2.96;3.16;289932;4622818.000
08/23/2004;3.12;3.14;3.05;3.13;103981;1679176.000
08/24/2004;3.11;3.40;3.07;3.35;1969640;32741818.000
08/25/2004;3.35;3.42;3.16;3.20;778260;13021023.000
08/26/2004;3.21;3.21;3.04;3.05;389568;6291333.000
08/27/2004;3.04;3.07;3.02;3.06;157061;2497167.000
08/30/2004;3.04;3.10;2.98;3.08;122850;1961649.000
08/31/2004;3.21;3.24;3.08;3.08;403600;6572028.000
09/01/2004;3.04;3.06;2.93;3.00;319694;4994647.000
09/02/2004;2.99;3.03;2.95;3.02;158101;2471482.000
09/03/2004;3.03;3.04;3.00;3.02;97250;1538285.000
09/06/2004;3.02;3.24;2.96;3.06;240590;3962667.000
09/07/2004;3.04;3.15;3.04;3.09;145460;2356169.000
09/08/2004;3.07;3.14;3.05;3.06;158575;2546244.000
09/09/2004;3.04;3.12;2.97;2.99;118455;1861315.000
09/10/2004;3.16;3.16;2.99;3.05;342978;5581454.000
09/13/2004;3.05;3.05;2.95;2.99;149600;2329188.000
09/14/2004;3.02;3.11;2.99;3.06;488766;7795765.000
09/15/2004;3.06;3.25;3.02;3.19;977988;16222641.000
09/16/2004;3.19;3.26;3.17;3.25;497998;8344654.000
09/17/2004;3.25;3.32;3.19;3.32;916698;15515371.000
09/20/2004;3.32;3.52;3.30;3.51;2464669;43148232.000
09/21/2004;3.51;3.55;3.40;3.51;1514980;27080240.000
09/22/2004;3.51;3.59;3.46;3.51;1759194;31795754.000
09/23/2004;3.51;3.63;3.51;3.60;2763293;50747812.000
09/27/2004;3.52;3.62;3.28;3.38;1319802;23493388.000
09/28/2004;3.38;3.41;3.33;3.38;414271;7190047.000
09/29/2004;3.40;3.42;3.32;3.36;369372;6408520.000
09/30/2004;3.36;3.37;3.29;3.30;322299;5534347.000
10/08/2004;3.31;3.53;3.26;3.51;780011;13826288.000
10/11/2004;3.54;3.62;3.48;3.49;1192126;21761844.000
10/12/2004;3.47;3.55;3.43;3.48;1131743;20232946.000
10/13/2004;3.49;3.50;3.36;3.41;912249;16075026.000
10/14/2004;3.41;3.41;3.15;3.21;850937;14371699.000
10/15/2004;3.24;3.24;3.09;3.18;207220;2275092.000
10/18/2004;3.14;3.17;3.07;3.17;453902;4927569.000
10/19/2004;3.17;3.27;3.07;3.08;499886;5522600.000
10/20/2004;3.07;3.08;2.81;2.89;720304;7354408.000
10/21/2004;2.90;2.90;2.61;2.69;1409453;13535150.000
10/22/2004;2.78;2.92;2.75;2.92;878101;8779134.000
10/25/2004;2.97;3.17;2.96;3.08;1255743;13321164.000
10/26/2004;3.07;3.27;3.02;3.24;1077277;11839341.000
10/27/2004;3.27;3.29;3.15;3.24;754779;8387279.000
10/28/2004;3.23;3.34;3.14;3.16;809260;9116563.000
10/29/2004;3.04;3.27;2.93;3.12;670325;7254298.000
11/01/2004;3.11;3.14;3.08;3.11;506782;5481366.000
11/02/2004;3.11;3.23;3.08;3.18;560883;6178069.000
11/03/2004;3.21;3.23;3.11;3.20;297250;3273524.000
11/04/2004;3.21;3.21;3.13;3.14;461611;5066139.000
11/05/2004;3.21;3.21;3.12;3.17;363687;3975529.000
11/08/2004;3.17;3.17;3.07;3.11;218117;2360890.000
11/09/2004;3.09;3.12;3.03;3.07;302629;3235026.000
11/10/2004;3.07;3.27;3.04;3.23;479197;5260832.000
11/11/2004;3.23;3.26;3.15;3.15;679918;7582254.000
11/12/2004;3.13;3.20;3.07;3.08;336450;3638535.000
11/15/2004;3.13;3.24;3.08;3.24;747156;8225600.000
11/16/2004;3.26;3.34;3.26;3.31;1027197;11713971.000
11/17/2004;3.30;3.31;3.25;3.27;383853;4345356.000
11/18/2004;3.26;3.32;3.26;3.32;521683;5913361.000
11/19/2004;3.33;3.37;3.29;3.32;556297;6379542.000
11/22/2004;3.31;3.34;3.29;3.30;306430;3496172.000
11/23/2004;3.30;3.33;3.26;3.26;335604;3799483.000
11/24/2004;3.26;3.30;3.25;3.25;128765;1451232.000
11/25/2004;3.25;3.27;3.17;3.21;159005;1784043.000
11/26/2004;3.35;3.35;3.22;3.26;268598;3047098.000
11/29/2004;3.24;3.24;3.15;3.15;178725;1966054.000
11/30/2004;3.12;3.20;3.12;3.13;153890;1674539.000
12/01/2004;3.13;3.13;3.04;3.06;254850;2734328.000
12/02/2004;3.04;3.10;3.03;3.05;164140;1741991.000
12/03/2004;3.05;3.11;3.04;3.06;147225;1576272.000
12/06/2004;3.06;3.16;3.06;3.13;115166;1247783.000
12/07/2004;3.15;3.15;3.03;3.03;151200;1617868.000
12/08/2004;3.04;3.10;3.04;3.05;67880;720986.000
12/09/2004;3.04;3.13;3.03;3.09;158340;1696977.000
12/10/2004;3.09;3.10;3.01;3.01;189175;2004249.000
12/13/2004;3.01;3.04;2.96;2.97;155000;1621738.000
12/14/2004;3.00;3.00;2.94;2.94;346400;3579881.000
12/15/2004;2.97;3.01;2.92;2.99;205561;2133184.000
12/16/2004;2.99;2.99;2.91;2.92;78610;811263.000
12/17/2004;2.91;2.91;2.83;2.85;189850;1909965.000
12/20/2004;2.84;2.84;2.77;2.83;73290;726577.000
12/21/2004;2.91;2.91;2.83;2.84;57537;577878.000
12/22/2004;2.87;2.96;2.87;2.96;574869;5874215.000
12/23/2004;2.98;3.18;2.97;3.05;1009796;10861860.000
12/24/2004;3.05;3.10;2.97;3.00;291070;3056696.000
12/27/2004;3.01;3.10;2.99;3.07;131858;1398995.000
12/28/2004;3.04;3.04;2.99;3.02;118655;1251370.000
12/29/2004;3.00;3.02;2.98;2.99;59600;624333.000
12/30/2004;2.99;3.01;2.94;3.00;91520;950118.000
12/31/2004;2.97;3.07;2.96;3.07;164792;1737539.000
01/04/2005;3.03;3.04;2.94;2.96;61370;637145.000
01/05/2005;2.97;3.01;2.95;3.00;55809;581324.000
01/06/2005;2.91;3.03;2.86;2.91;116775;1197913.000
01/07/2005;2.91;2.94;2.87;2.89;145047;1471391.000
01/10/2005;2.87;2.95;2.87;2.94;50500;517925.000
01/11/2005;2.91;2.94;2.91;2.93;62450;639957.000
01/12/2005;3.01;3.01;2.90;2.94;55028;564018.000
01/13/2005;2.96;2.96;2.90;2.90;67712;691775.000
01/14/2005;2.91;2.95;2.88;2.88;110400;1128324.000
01/17/2005;2.86;2.89;2.80;2.83;125715;1253390.000
01/18/2005;2.87;2.91;2.82;2.88;151483;1516734.000
01/19/2005;2.87;2.88;2.81;2.84;110342;1099510.000
01/20/2005;2.80;2.80;2.72;2.76;126234;1233928.000
01/21/2005;2.76;2.94;2.67;2.91;386070;3854527.000
01/24/2005;2.97;3.02;2.84;2.91;236361;2419846.000
01/25/2005;2.89;2.89;2.81;2.84;151500;1509594.000
01/26/2005;2.82;2.84;2.78;2.80;90039;890127.000
01/27/2005;2.76;2.80;2.72;2.74;131663;1279984.000
01/28/2005;2.73;2.74;2.68;2.73;89100;859502.000
01/31/2005;2.74;2.75;2.69;2.73;68830;663768.000
02/01/2005;2.71;2.76;2.71;2.72;59900;580903.000
02/02/2005;2.73;2.87;2.73;2.86;304740;3043287.000
02/03/2005;2.86;2.88;2.80;2.87;281775;2817769.000
02/04/2005;2.85;2.92;2.85;2.90;261541;2648212.000
02/16/2005;2.92;2.96;2.89;2.95;268251;2746393.000
02/17/2005;2.91;2.99;2.87;2.95;195590;2004837.000
02/18/2005;2.92;3.01;2.89;2.98;249700;2579194.000
02/21/2005;2.97;3.02;2.96;3.02;260450;2726929.000
02/22/2005;2.94;3.33;2.94;3.30;1550645;17210924.000
02/23/2005;3.31;3.37;3.21;3.30;1399456;15807188.000
02/24/2005;3.28;3.33;3.24;3.32;516327;5856712.000
02/25/2005;3.30;3.42;3.26;3.30;762087;8818710.000
02/28/2005;3.29;3.37;3.21;3.26;435911;4933904.000
03/01/2005;3.24;3.29;3.21;3.25;290870;3252130.000
03/02/2005;3.22;3.27;3.02;3.06;1281117;13896204.000
03/03/2005;3.04;3.21;3.04;3.13;477699;5152280.000
03/04/2005;3.11;3.13;3.05;3.07;198928;2132675.000
03/07/2005;3.07;3.14;3.06;3.13;186950;2006693.000
03/08/2005;3.14;3.23;3.12;3.22;707548;7806918.000
03/09/2005;3.22;3.33;3.21;3.32;1309148;14820647.000
03/10/2005;3.32;3.34;3.07;3.25;916725;10305337.000
03/11/2005;3.25;3.33;3.19;3.32;604178;6835626.000
03/14/2005;3.33;3.67;3.31;3.49;3664401;43807292.000
03/15/2005;3.50;3.61;3.46;3.48;1478814;17826310.000
03/16/2005;3.48;3.49;3.34;3.39;749831;8761243.000
03/17/2005;3.31;3.39;3.28;3.29;653045;7482118.000
03/18/2005;3.27;3.34;3.24;3.32;529045;6000755.000
03/21/2005;3.30;3.33;3.24;3.31;346330;3923178.000
03/22/2005;3.30;3.36;3.18;3.35;584372;6589473.000
03/23/2005;3.35;3.42;3.30;3.37;421152;4868038.000
03/24/2005;3.36;3.43;3.32;3.39;602911;7007573.000
03/25/2005;3.43;3.56;3.36;3.37;837210;9836941.000
03/28/2005;3.30;3.37;3.20;3.34;537893;6064112.000
03/29/2005;3.28;3.34;3.25;3.26;256650;2917674.000
03/30/2005;3.21;3.27;3.07;3.14;468698;5131300.000
03/31/2005;3.15;3.15;2.99;3.05;435310;4627531.000
04/01/2005;3.07;3.22;3.01;3.21;466678;5122443.000
04/04/2005;3.17;3.17;3.09;3.13;284810;3094815.000
04/05/2005;3.15;3.17;3.07;3.07;168859;1819268.000
04/06/2005;3.03;3.25;3.02;3.21;616384;6764106.000
04/07/2005;3.21;3.34;3.20;3.29;865641;9848393.000
04/08/2005;3.27;3.37;3.26;3.34;526560;6035155.000
04/11/2005;3.34;3.34;3.26;3.27;254595;2888619.000
04/12/2005;3.30;3.33;3.22;3.27;196700;2213372.000
04/13/2005;3.26;3.36;3.26;3.34;288010;3302380.000
04/14/2005;3.37;3.37;3.17;3.29;232750;2647274.000
04/15/2005;3.26;3.28;3.17;3.18;306200;3399801.000
04/18/2005;3.11;3.19;3.10;3.13;221329;2404992.000
04/19/2005;3.13;3.19;3.11;3.15;67901;743656.000
04/20/2005;3.18;3.22;3.13;3.18;191221;2103204.000
04/21/2005;3.28;3.33;3.22;3.31;724196;8231203.000
04/22/2005;3.32;3.41;3.31;3.37;727561;8439764.000
04/25/2005;3.37;3.47;3.30;3.37;661049;7692638.000
04/27/2005;3.37;3.54;3.33;3.52;1307181;15588260.000
04/28/2005;3.51;3.57;3.45;3.54;1048711;12638175.000
04/29/2005;3.54;3.57;3.44;3.44;760512;9129237.000
05/09/2005;3.54;3.54;3.33;3.37;430660;5007000.000
05/10/2005;3.36;3.38;3.24;3.37;493906;5650905.000
05/11/2005;3.36;3.39;3.29;3.30;191700;2211796.000
05/12/2005;3.28;3.34;3.23;3.30;366463;4175512.000
05/13/2005;3.27;3.34;3.24;3.30;346499;3941779.000
05/16/2005;3.31;3.31;3.16;3.29;360000;4034263.000
05/17/2005;3.26;3.29;3.20;3.26;317840;3574001.000
05/18/2005;3.19;3.28;3.15;3.19;143940;1033550.000
05/19/2005;3.20;3.20;2.84;3.11;1340321;9069030.000
05/20/2005;3.01;3.18;2.96;3.11;565280;3930109.000
05/23/2005;3.04;3.16;3.02;3.08;168389;1165620.000
05/24/2005;3.15;3.18;3.07;3.15;200821;1412686.000
05/25/2005;3.16;3.18;3.07;3.08;237250;1657354.000
05/26/2005;3.08;3.18;2.98;3.15;735766;5127341.000
05/27/2005;3.11;3.15;3.06;3.13;212223;1483941.000
05/30/2005;3.10;3.11;3.01;3.04;379528;2616696.000
05/31/2005;3.04;3.08;3.03;3.07;213262;1467986.000
06/01/2005;3.07;3.09;2.93;2.96;215250;1457036.000
06/02/2005;2.98;3.01;2.70;2.73;668125;4226888.000
06/03/2005;2.71;2.71;2.61;2.69;332964;2030470.000
06/06/2005;2.62;2.81;2.62;2.79;211725;1321001.000
06/07/2005;2.79;2.85;2.75;2.77;366575;2346402.000
06/08/2005;2.76;3.08;2.76;3.06;1137368;7658975.000
06/09/2005;3.03;3.17;3.01;3.09;1389711;9704406.000
06/10/2005;3.08;3.08;2.98;3.00;456482;3111052.000
06/13/2005;2.99;3.05;2.91;2.97;548920;3667831.000
06/14/2005;3.05;3.06;2.81;2.87;1044865;6862817.000
06/15/2005;2.82;2.87;2.80;2.82;206898;1330716.000
06/16/2005;2.82;2.87;2.75;2.85;351902;2266158.000
06/17/2005;2.88;2.93;2.81;2.92;452084;2954995.000
06/20/2005;2.92;3.07;2.82;3.04;651295;4421421.000
06/21/2005;3.06;3.06;2.98;3.03;414605;2826779.000
06/22/2005;3.03;3.03;2.94;2.98;277046;1865365.000
06/23/2005;3.02;3.02;2.96;2.98;201006;1357144.000
06/24/2005;2.98;3.01;2.83;3.00;195900;1318304.000
06/27/2005;3.04;3.24;3.04;3.21;1612195;11455045.000
06/28/2005;3.26;3.41;3.21;3.28;3622075;26988366.000
06/29/2005;3.30;3.30;3.21;3.27;849903;6204734.000
06/30/2005;3.27;3.27;3.11;3.14;828796;5907191.000
07/01/2005;3.14;3.24;3.11;3.21;1055201;7528779.000
07/04/2005;2.98;3.18;2.98;3.16;587177;4106636.000
07/05/2005;3.16;3.18;3.07;3.18;380895;2695017.000
07/06/2005;3.18;3.20;3.10;3.16;376308;2656541.000
07/07/2005;3.16;3.17;3.11;3.13;234400;1658131.000
07/08/2005;3.11;3.16;3.05;3.07;369649;2569046.000
07/11/2005;3.11;3.19;3.05;3.08;516330;3639907.000
07/12/2005;3.07;3.25;3.03;3.24;732999;5236435.000
07/13/2005;3.23;3.23;3.15;3.18;493706;3528448.000
07/14/2005;3.18;3.22;3.15;3.18;415855;2968510.000
07/15/2005;3.18;3.20;3.13;3.16;346900;2464701.000
07/18/2005;3.16;3.16;2.99;3.08;673440;4652673.000
07/19/2005;3.08;3.08;3.01;3.07;231285;1592234.000
07/20/2005;3.10;3.10;3.00;3.04;386940;2656928.000
07/21/2005;3.08;3.08;2.95;3.01;401200;2715264.000
07/22/2005;3.01;3.19;2.98;3.17;1077115;7567378.000
07/25/2005;3.17;3.18;3.11;3.18;379500;2695667.000
07/26/2005;3.18;3.31;2.83;3.25;1373964;9983387.000
07/27/2005;3.25;3.37;3.20;3.29;892141;6535833.000
07/28/2005;3.26;3.28;3.19;3.22;934040;6751372.000
07/29/2005;3.21;3.32;3.21;3.27;822192;6016503.000
08/01/2005;3.27;3.32;3.24;3.28;367587;2696173.000
08/02/2005;3.27;3.30;3.24;3.29;599638;4389418.000
08/03/2005;3.29;3.43;3.28;3.37;2091431;15742923.000
08/04/2005;3.37;3.43;3.32;3.43;1161803;8783343.000
08/05/2005;3.42;3.50;3.40;3.50;2493803;19250962.000
08/08/2005;3.50;3.57;3.46;3.48;1846052;14420536.000
08/09/2005;3.48;3.59;3.48;3.56;1626922;12766673.000
08/10/2005;3.56;3.63;3.54;3.62;1618045;12841313.000
08/11/2005;3.61;3.62;3.50;3.53;2517516;19887364.000
08/12/2005;3.54;3.59;3.47;3.49;1830690;14323242.000
08/15/2005;3.49;3.80;3.49;3.76;2826986;23025860.000
08/16/2005;3.75;3.79;3.62;3.66;2719530;22345784.000
08/17/2005;3.66;3.85;3.59;3.80;1441842;11882033.000
08/18/2005;3.81;3.81;3.55;3.57;1715390;14054062.000
08/19/2005;3.57;3.64;3.47;3.53;1224751;9636963.000
08/22/2005;3.51;3.60;3.51;3.56;536646;4240225.000
08/23/2005;3.56;3.56;3.45;3.52;460086;3571455.000
08/24/2005;3.51;3.62;3.51;3.58;764180;6058221.000
08/25/2005;3.56;3.62;3.56;3.62;777087;6198240.000
08/26/2005;3.63;3.63;3.48;3.58;886732;6990695.000
08/29/2005;3.58;3.58;3.49;3.55;588921;4591059.000
08/30/2005;3.51;3.52;3.46;3.48;302314;2343826.000
08/31/2005;3.46;3.60;3.46;3.57;644792;5075789.000
09/01/2005;3.53;3.73;3.52;3.69;1362970;11026643.000
09/02/2005;3.72;3.72;3.66;3.70;996254;8128529.000
09/05/2005;3.68;3.70;3.63;3.69;556789;4514591.000
09/06/2005;3.69;3.76;3.63;3.66;1024693;8358816.000
09/07/2005;3.65;3.72;3.61;3.71;815161;6626852.000
09/08/2005;3.71;3.80;3.69;3.73;1426052;11845553.000
09/09/2005;3.76;3.91;3.76;3.80;1649595;13933837.000
09/12/2005;3.79;3.93;3.69;3.83;1150031;9720205.000
09/13/2005;3.85;4.04;3.84;4.02;2345605;20477860.000
09/14/2005;4.05;4.08;3.97;4.02;1881770;16561593.000
09/15/2005;4.01;4.02;3.93;3.98;1275355;11134809.000
09/16/2005;3.98;4.00;3.88;3.98;1320529;11428457.000
09/19/2005;3.96;4.03;3.96;3.98;636053;5583349.000
09/20/2005;3.96;4.00;3.86;3.93;1244506;10674656.000
09/21/2005;3.91;3.91;3.80;3.84;1107994;9418115.000
09/22/2005;3.83;3.83;3.61;3.71;1178700;9754178.000
09/23/2005;3.63;3.71;3.62;3.68;1558354;12625462.000
10/12/2005;3.60;3.71;3.51;3.69;1421137;11364035.000
10/13/2005;3.65;3.83;3.63;3.81;1403053;11703990.000
10/14/2005;3.81;3.84;3.77;3.80;976839;8200408.000
10/17/2005;3.80;3.81;3.71;3.72;506188;4168088.000
10/18/2005;3.79;3.79;3.71;3.76;961104;7932817.000
10/19/2005;3.77;3.77;3.70;3.72;936948;7723761.000
10/20/2005;3.73;3.82;3.67;3.79;1126641;9291151.000
10/21/2005;3.83;3.90;3.65;3.68;1638567;13688656.000
11/15/2005;3.45;3.45;3.14;3.14;2215310;12913016.000
11/16/2005;3.13;3.13;2.87;3.02;3226848;17369932.000
11/17/2005;2.98;3.09;2.95;3.04;598079;3277643.000
11/18/2005;2.99;3.15;2.99;3.09;1752027;9815986.000
11/21/2005;3.13;3.13;3.09;3.11;874660;4895321.000
11/22/2005;3.09;3.19;3.07;3.17;971094;5479932.000
11/23/2005;3.17;3.21;3.06;3.12;2411242;13532927.000
11/24/2005;3.05;3.13;3.05;3.11;430330;2409674.000
11/25/2005;3.22;3.22;3.04;3.13;1450083;8117099.000
11/28/2005;3.05;3.11;3.05;3.08;756583;4197637.000
11/29/2005;3.08;3.11;2.99;2.99;625934;3416150.000
11/30/2005;2.99;2.99;2.93;2.96;741987;3968475.000
12/01/2005;2.93;2.99;2.91;2.96;740369;3968069.000
12/02/2005;2.95;2.99;2.93;2.95;735740;3948568.000
12/05/2005;2.93;2.98;2.83;2.90;675301;3540376.000
12/06/2005;2.86;2.97;2.83;2.96;378686;2009754.000
12/07/2005;2.96;2.98;2.92;2.96;227751;1220927.000
12/08/2005;2.96;2.98;2.86;2.89;282823;1491311.000
12/09/2005;2.87;2.98;2.87;2.98;926171;4956641.000
12/12/2005;3.01;3.10;3.01;3.03;1638086;9019482.000
12/13/2005;3.01;3.12;3.01;3.10;1625094;9024320.000
12/14/2005;3.11;3.13;3.06;3.12;1689191;9434917.000
12/15/2005;3.09;3.21;3.06;3.14;3554422;20155284.000
12/16/2005;3.12;3.16;3.08;3.16;805471;4532937.000
12/19/2005;3.16;3.16;3.06;3.13;643427;3611762.000
12/20/2005;3.11;3.13;3.09;3.12;377866;2115486.000
12/21/2005;3.12;3.19;3.11;3.13;833715;4728758.000
12/22/2005;3.16;3.16;3.08;3.13;590056;3308648.000
12/23/2005;3.15;3.21;3.13;3.20;1118632;6391469.000
12/26/2005;3.22;3.26;3.18;3.24;1391858;8047303.000
12/27/2005;3.23;3.25;3.20;3.24;694009;4022820.000
12/28/2005;3.23;3.26;3.20;3.24;414971;2403342.000
12/29/2005;3.23;3.28;3.22;3.28;1690950;9868152.000
12/30/2005;3.27;3.27;3.14;3.14;1520100;8718202.000
01/04/2006;3.13;3.23;3.13;3.18;787318;4504304.000
01/05/2006;3.23;3.26;3.18;3.24;1278907;7395324.000
01/06/2006;3.26;3.31;3.19;3.24;1807827;10556693.000
01/09/2006;3.23;3.31;3.23;3.30;1380729;8109307.000
01/10/2006;3.30;3.41;3.27;3.39;2301198;13740735.000
01/11/2006;3.38;3.49;3.34;3.41;3185100;19482372.000
01/12/2006;3.39;3.53;3.38;3.52;3177417;19594696.000
01/13/2006;3.52;3.54;3.44;3.48;1347049;8358338.000
01/16/2006;3.47;3.48;3.36;3.38;1248774;7607252.000
01/17/2006;3.37;3.46;3.37;3.41;910041;5539381.000
01/18/2006;3.41;3.51;3.39;3.48;1179851;7293313.000
01/19/2006;3.48;3.51;3.44;3.50;1035482;6426224.000
01/20/2006;3.52;3.64;3.49;3.58;1759606;11169875.000
01/23/2006;3.58;3.61;3.46;3.51;1559747;9739556.000
01/24/2006;3.51;3.51;3.42;3.43;1777376;10933929.000
01/25/2006;3.42;3.46;3.39;3.44;1072398;6556299.000
02/06/2006;3.45;3.54;3.43;3.53;1474371;9180808.000
02/07/2006;3.50;3.61;3.45;3.51;2358814;14858761.000
02/08/2006;3.51;3.51;3.40;3.46;1861661;11381705.000
02/09/2006;3.48;3.48;3.39;3.40;1108987;6748807.000
02/10/2006;3.40;3.47;3.35;3.45;1678998;10225591.000
02/13/2006;3.45;3.45;3.37;3.41;1076322;6513947.000
02/14/2006;3.41;3.47;3.38;3.46;1151358;7035911.000
02/15/2006;3.49;3.52;3.44;3.48;1295924;8014442.000
02/16/2006;3.48;3.50;3.27;3.30;1562306;9375699.000
02/17/2006;3.29;3.33;3.24;3.25;960112;5618934.000
02/20/2006;3.24;3.27;3.21;3.22;621143;3599526.000
02/21/2006;3.20;3.37;3.17;3.36;1354632;7932371.000
02/22/2006;3.33;3.36;3.29;3.30;860100;5124747.000
02/23/2006;3.29;3.29;3.23;3.24;740594;4318240.000
02/24/2006;3.24;3.33;3.24;3.33;759443;4472497.000
02/27/2006;3.31;3.33;3.26;3.27;441850;2603577.000
02/28/2006;3.23;3.31;3.20;3.30;651280;3798453.000
03/01/2006;3.30;3.44;3.23;3.43;1974434;11866822.000
03/02/2006;3.45;3.45;3.26;3.28;2043693;12260308.000
03/03/2006;3.27;3.32;3.17;3.24;935775;5431449.000
03/06/2006;3.22;3.28;3.19;3.23;721400;4176470.000
03/07/2006;3.23;3.23;3.07;3.08;1242369;6988361.000
03/08/2006;3.08;3.11;3.03;3.05;1074812;5925684.000
03/09/2006;3.09;3.09;3.01;3.01;677312;3715121.000
03/10/2006;3.04;3.06;3.01;3.03;815430;4448394.000
03/13/2006;3.04;3.04;2.99;3.03;1206437;6574849.000
03/14/2006;3.03;3.14;3.03;3.09;838826;4669487.000
03/15/2006;3.11;3.13;3.06;3.12;667372;3736860.000
03/16/2006;3.12;3.13;3.06;3.08;652481;3638200.000
03/17/2006;3.09;3.18;3.09;3.15;1039098;5892490.000
03/20/2006;3.15;3.26;3.11;3.23;1096317;6315993.000
03/21/2006;3.22;3.28;3.21;3.24;778110;4529208.000
03/22/2006;3.24;3.26;3.19;3.25;695578;4023449.000
03/23/2006;3.24;3.31;3.23;3.30;797108;4673531.000
03/24/2006;3.29;3.30;3.21;3.23;1217098;7068092.000
03/27/2006;3.29;3.43;3.29;3.41;3696301;22258912.000
03/28/2006;3.39;3.51;3.36;3.46;3115093;19138776.000
03/29/2006;3.46;3.50;3.38;3.41;5694773;34976888.000
03/30/2006;3.41;3.41;3.24;3.28;2835609;16839002.000
03/31/2006;3.28;3.34;3.24;3.33;829059;4882403.000
04/03/2006;3.33;3.70;3.31;3.70;4811401;31005192.000
04/04/2006;3.89;4.03;3.72;3.92;10910677;74800912.000
04/05/2006;3.89;4.00;3.81;3.96;4688976;32223452.000
04/06/2006;3.96;4.18;3.91;4.01;6739129;48158060.000
04/07/2006;3.99;4.29;3.95;4.20;4670007;33445572.000
04/10/2006;4.21;4.29;4.08;4.26;4478079;32723216.000
04/11/2006;4.24;4.32;4.13;4.14;7339843;54396232.000
04/12/2006;4.11;4.14;4.01;4.03;2671448;19048344.000
04/13/2006;4.02;4.12;3.93;3.96;2517802;17741468.000
04/14/2006;3.96;4.39;3.93;4.39;6989768;52033040.000
04/17/2006;4.43;4.53;4.33;4.34;6023364;46312780.000
04/18/2006;4.33;4.39;4.19;4.23;4150058;30851238.000
04/19/2006;4.24;4.48;4.19;4.38;6232243;47143144.000
04/20/2006;4.51;4.65;4.37;4.52;7258026;56996408.000
04/21/2006;4.48;4.84;4.38;4.78;6578312;52494204.000
04/24/2006;4.81;5.03;4.73;4.85;5877994;49598816.000
04/25/2006;4.83;5.03;4.63;5.02;5616292;46998128.000
04/26/2006;5.01;5.08;4.79;4.81;4894578;41534304.000
04/27/2006;4.89;4.95;4.71;4.91;2743293;22998498.000
04/28/2006;4.79;5.04;4.66;4.76;4141814;34250800.000
05/08/2006;4.82;4.98;4.79;4.86;4139599;34931196.000
05/09/2006;4.92;5.36;4.89;5.33;5761066;49743016.000
05/10/2006;5.23;5.34;5.10;5.16;3727747;33375744.000
05/11/2006;5.34;5.55;5.13;5.16;6772633;62582504.000
05/12/2006;5.14;5.29;5.05;5.22;4406612;39129224.000
05/15/2006;5.23;5.26;4.68;5.14;6944188;60140840.000
05/16/2006;5.09;5.09;4.73;4.79;4570375;38522696.000
05/17/2006;4.79;4.95;4.76;4.84;2519752;21106556.000
05/18/2006;4.84;4.86;4.66;4.76;2433766;19993356.000
05/19/2006;4.77;4.93;4.74;4.88;3000285;25270788.000
05/22/2006;4.89;5.17;4.88;5.12;4687490;40568524.000
05/23/2006;5.09;5.09;4.77;4.78;2154111;18295834.000
05/24/2006;4.78;4.89;4.48;4.61;3065005;24861608.000
05/25/2006;4.61;4.68;4.49;4.58;1304971;10379824.000
05/26/2006;4.61;4.71;4.58;4.68;1496539;12100673.000
05/30/2006;4.85;4.95;4.73;4.86;3410332;28858672.000
05/31/2006;4.83;4.91;4.70;4.72;2784512;23186160.000
06/01/2006;4.72;4.96;4.71;4.94;3318544;28034876.000
06/02/2006;4.98;5.11;4.94;5.03;3207012;27820966.000
06/05/2006;5.02;5.28;4.98;5.24;3653208;32334378.000
06/06/2006;5.23;5.29;5.13;5.23;2688747;24069672.000
06/07/2006;5.41;5.49;5.01;5.03;5566288;50690120.000
06/08/2006;4.98;5.09;4.80;5.05;2376368;20422016.000
06/09/2006;5.10;5.11;4.89;4.96;1681995;14498772.000
06/12/2006;4.98;5.01;4.86;4.86;1683531;14283883.000
06/13/2006;4.77;4.88;4.72;4.78;774232;3934413.000
06/14/2006;4.72;4.75;4.41;4.46;2050171;9919052.000
06/15/2006;4.50;4.55;4.34;4.41;1716375;8117580.000
06/16/2006;4.45;4.65;4.44;4.60;1824781;8809464.000
06/19/2006;4.55;4.82;4.50;4.80;2745067;13714114.000
06/20/2006;4.80;4.96;4.75;4.91;3333258;17297656.000
06/21/2006;4.91;4.91;4.79;4.83;1639371;8436688.000
06/22/2006;4.83;4.85;4.70;4.76;1447504;7317591.000
06/23/2006;4.76;4.90;4.65;4.88;1732995;8757380.000
06/26/2006;4.89;4.93;4.82;4.92;2200459;11406778.000
06/27/2006;4.93;5.09;4.86;5.08;3264346;17218104.000
06/28/2006;5.08;5.19;5.00;5.13;4220336;22808156.000
06/29/2006;5.15;5.28;5.13;5.20;4352393;23968388.000
06/30/2006;5.22;5.27;5.03;5.09;2958088;16046929.000
07/03/2006;5.10;5.32;5.10;5.18;4125808;22788754.000
07/04/2006;5.17;5.21;4.93;5.02;4202323;22711974.000
07/05/2006;5.04;5.04;4.89;4.92;3091066;16139115.000
07/06/2006;4.92;5.05;4.90;5.03;2168172;11503762.000
07/07/2006;5.03;5.18;5.02;5.17;3870667;20907060.000
07/10/2006;5.20;5.33;5.19;5.30;6142180;34225664.000
07/11/2006;5.30;5.32;5.22;5.30;2942929;16410243.000
07/12/2006;5.26;5.55;5.22;5.36;5897463;33720480.000
07/13/2006;5.35;5.45;4.95;4.96;5721837;31605334.000
07/14/2006;4.86;5.07;4.81;4.97;2773370;14613203.000
07/17/2006;4.96;5.10;4.88;5.08;2184577;11644995.000
07/18/2006;5.10;5.30;5.00;5.28;3201736;17494064.000
07/19/2006;5.26;5.42;5.15;5.35;6342800;35576788.000
07/20/2006;5.34;5.64;5.29;5.56;11451611;66631568.000
07/21/2006;5.58;5.64;5.47;5.57;6841866;39982032.000
07/24/2006;5.49;5.81;5.27;5.74;7352246;43270900.000
07/25/2006;5.70;6.08;5.70;6.00;9259491;57384784.000
07/26/2006;6.02;6.20;5.87;5.90;9082188;57115952.000
07/27/2006;5.90;6.02;5.64;5.75;6939363;42337144.000
07/28/2006;5.68;5.80;5.45;5.63;4507610;26618392.000
07/31/2006;5.57;5.68;5.28;5.31;3763832;21730936.000
08/01/2006;5.30;5.43;5.16;5.18;4252345;23779614.000
08/02/2006;5.18;5.25;5.00;5.12;3154821;17094112.000
08/03/2006;5.13;5.17;4.90;5.00;3436738;18313690.000
08/04/2006;5.02;5.15;4.81;4.84;5626863;29868140.000
08/07/2006;4.78;5.00;4.71;4.96;2795603;14521342.000
08/08/2006;4.96;5.10;4.93;5.10;1978819;10517861.000
08/09/2006;5.10;5.20;5.03;5.20;3223761;17433232.000
08/10/2006;5.16;5.19;5.04;5.16;8002809;43218256.000
08/11/2006;5.19;5.41;5.18;5.35;9048343;50746664.000
08/14/2006;5.25;5.33;4.90;5.06;5650693;30366420.000
08/15/2006;4.96;5.07;4.91;5.06;2175984;11551665.000
08/16/2006;5.10;5.35;5.07;5.25;4976721;27594634.000
08/17/2006;5.24;5.24;5.03;5.10;2110636;11429466.000
08/18/2006;5.03;5.14;5.01;5.02;1422141;7618760.000
08/21/2006;4.79;4.99;4.70;4.98;2057628;10651742.000
08/22/2006;4.93;5.08;4.93;4.99;1497777;7935718.000
08/23/2006;4.97;5.02;4.88;4.91;2250848;11762585.000
08/24/2006;4.90;4.91;4.77;4.90;2348454;12057999.000
08/25/2006;4.90;4.94;4.86;4.88;1337343;6944466.000
08/28/2006;4.94;5.09;4.92;5.07;3111255;16539594.000
08/29/2006;5.14;5.23;5.07;5.08;5078267;27649996.000
08/30/2006;5.08;5.14;5.04;5.13;1875913;10126256.000
08/31/2006;5.15;5.34;5.12;5.32;6397664;35431772.000
09/01/2006;5.40;5.60;5.32;5.39;11969685;68804968.000
09/04/2006;5.39;5.50;5.33;5.43;4518757;25873160.000
09/05/2006;5.43;5.49;5.32;5.36;3342725;18995028.000
09/06/2006;5.33;5.35;5.20;5.26;2943902;16365272.000
09/07/2006;5.26;5.30;5.15;5.17;3088220;17042294.000
09/08/2006;5.17;5.21;5.14;5.18;1423530;7797806.000
09/11/2006;5.16;5.22;4.96;5.11;2740963;14741201.000
09/12/2006;5.10;5.18;5.06;5.14;1919084;10396053.000
09/13/2006;5.20;5.30;5.16;5.17;5035373;27908868.000
09/14/2006;5.20;5.24;5.09;5.19;2216593;12065817.000
09/15/2006;5.24;5.35;5.22;5.29;3728194;20859256.000
09/18/2006;5.38;5.38;5.21;5.34;2592157;14477009.000
09/19/2006;5.33;5.36;5.22;5.27;4191382;23304866.000
09/20/2006;5.26;5.34;5.18;5.27;2681903;14903910.000
09/21/2006;5.23;5.30;5.21;5.23;2185061;12135343.000
09/22/2006;5.22;5.23;5.06;5.06;2917850;15862512.000
09/25/2006;5.05;5.09;5.00;5.05;2419640;12893693.000
09/26/2006;5.05;5.09;5.00;5.08;1347310;7185133.000
09/27/2006;5.08;5.08;5.01;5.06;1045649;5580979.000
09/28/2006;5.07;5.19;5.03;5.14;1434368;7787844.000
09/29/2006;5.14;5.17;5.09;5.15;1662946;9057201.000
10/09/2006;5.18;5.21;5.13;5.19;2367249;12922462.000
10/10/2006;5.21;5.42;5.16;5.33;5102804;28664784.000
10/11/2006;5.34;5.35;5.18;5.26;2954085;16360301.000
10/12/2006;5.29;5.29;5.12;5.16;2123092;11617040.000
10/13/2006;5.15;5.30;5.13;5.30;4153901;22883082.000
10/16/2006;5.32;5.50;5.32;5.46;10073529;57792000.000
10/17/2006;5.46;5.46;5.30;5.36;3502022;19900374.000
10/18/2006;5.36;5.54;5.31;5.51;4153017;23933688.000
10/19/2006;5.54;5.55;5.44;5.46;3047913;17614068.000
10/20/2006;5.44;5.44;5.33;5.35;2383760;13521729.000
10/23/2006;5.35;5.43;5.08;5.12;2904020;16048535.000
10/24/2006;5.12;5.31;5.12;5.28;2298784;12730050.000
10/25/2006;5.30;5.45;5.30;5.37;3857531;21861632.000
10/26/2006;5.38;5.43;5.30;5.36;4009937;22738008.000
10/27/2006;5.42;5.88;5.42;5.63;19579886;117265024.000
10/30/2006;5.61;5.81;5.55;5.80;8553439;51568976.000
10/31/2006;5.83;5.98;5.66;5.93;7659087;46765804.000
11/01/2006;5.90;5.97;5.78;5.81;4950447;30472272.000
11/02/2006;5.80;5.80;5.60;5.66;4437609;26513880.000
11/03/2006;5.66;5.77;5.61;5.66;2704489;16196339.000
11/06/2006;5.60;5.72;5.51;5.66;2906875;17266828.000
11/07/2006;5.69;5.70;5.20;5.44;3472556;20043920.000
11/08/2006;5.42;5.43;5.32;5.34;3142748;17810746.000
11/09/2006;5.30;5.42;5.28;5.38;2409850;13622659.000
11/10/2006;5.38;5.45;5.15;5.24;2525337;14202168.000
11/13/2006;5.20;5.28;4.86;4.99;3324054;17755320.000
11/14/2006;5.00;5.01;4.88;5.00;1739934;9113101.000
11/15/2006;5.06;5.15;4.98;5.10;2518245;13516517.000
11/16/2006;5.13;5.18;4.95;4.96;2501045;13365199.000
11/17/2006;4.94;5.11;4.90;5.07;3479127;18570094.000
11/20/2006;5.08;5.11;4.97;5.00;2261786;12003588.000
11/21/2006;4.99;5.05;4.96;5.04;2446644;12976481.000
11/22/2006;5.06;5.23;5.05;5.23;5318949;28981450.000
11/23/2006;5.23;5.49;5.19;5.32;5051386;28458816.000
11/24/2006;5.32;5.43;5.21;5.42;5516948;31178428.000
11/27/2006;5.55;5.57;5.44;5.49;7511599;43452296.000
11/28/2006;5.53;5.72;5.50;5.56;7582090;44773096.000
11/29/2006;5.46;5.54;5.40;5.50;5071354;29282408.000
11/30/2006;5.50;5.64;5.50;5.59;5467684;32128902.000
12/01/2006;5.60;5.63;5.44;5.46;6204303;35860080.000
12/04/2006;5.46;5.70;5.45;5.69;8189973;48225908.000
12/05/2006;5.75;5.80;5.64;5.69;7624677;45843320.000
12/06/2006;5.69;5.76;5.39;5.49;5638163;32875144.000
12/07/2006;5.49;5.75;5.42;5.57;6531954;38627064.000
12/08/2006;5.55;5.95;5.55;5.72;17897146;108826528.000
12/11/2006;5.72;6.17;5.71;6.12;14660829;93020312.000
12/12/2006;6.14;6.35;5.94;6.11;12209067;78924408.000
12/13/2006;6.10;6.10;5.81;5.94;6980392;43570712.000
12/14/2006;5.91;6.12;5.82;6.11;5922022;37252808.000
12/15/2006;6.13;6.21;6.01;6.15;6135758;39301864.000
12/18/2006;6.15;6.22;5.94;6.00;7729293;49040732.000
12/19/2006;6.00;6.26;5.77;6.25;8954082;56130932.000
12/20/2006;6.26;6.50;6.13;6.45;12181355;81744280.000
12/21/2006;6.43;6.55;6.21;6.25;8188306;54454708.000
12/22/2006;6.20;6.30;6.06;6.16;5506360;35541336.000
12/25/2006;6.17;6.67;6.16;6.65;13021134;88488952.000
12/26/2006;6.65;6.85;6.43;6.62;8113293;56218504.000
12/27/2006;6.62;6.89;6.48;6.84;8788549;61972112.000
12/28/2006;6.85;6.88;6.55;6.62;5123865;35982692.000
12/29/2006;6.70;6.85;6.61;6.71;5308207;37349772.000
01/04/2007;6.78;6.78;6.20;6.30;14724733;98473552.000
01/05/2007;6.17;6.32;6.09;6.28;6998682;45632856.000
01/08/2007;6.27;6.64;6.24;6.61;8708247;58198976.000
01/09/2007;6.61;6.65;6.54;6.61;6792604;46830712.000
01/10/2007;6.60;6.80;6.47;6.77;7608369;52542780.000
01/11/2007;6.81;7.07;6.75;6.85;9598908;69375440.000
01/12/2007;6.79;6.91;6.41;6.43;5908979;41013488.000
01/15/2007;6.45;6.71;6.32;6.70;4407899;30159876.000
01/16/2007;6.79;7.03;6.50;7.00;10227405;71807920.000
01/17/2007;7.01;7.19;6.60;6.72;11651077;84780416.000
01/18/2007;6.71;6.82;6.43;6.80;8196049;56610848.000
01/19/2007;6.88;7.17;6.78;7.14;10638797;77403760.000
01/22/2007;7.35;7.70;7.20;7.66;18899160;146000848.000
01/23/2007;7.70;7.71;7.20;7.50;8791193;68117816.000
01/24/2007;7.51;7.56;7.40;7.49;6149739;47790164.000
01/25/2007;7.48;7.48;7.08;7.10;6964549;52525408.000
01/26/2007;7.03;7.09;6.58;6.90;6968116;49872920.000
01/29/2007;6.98;7.27;6.91;7.18;7018139;52048044.000
01/30/2007;7.21;7.45;7.11;7.30;7267610;55097952.000
01/31/2007;7.32;7.33;6.61;6.80;5642071;41628328.000
02/01/2007;6.74;7.30;6.65;7.19;8572413;62578068.000
02/02/2007;7.38;7.63;7.01;7.06;15092180;115643808.000
02/05/2007;6.98;7.28;6.92;7.10;4025651;29935440.000
02/06/2007;7.16;7.27;6.89;7.05;9978616;72844448.000
02/07/2007;7.10;7.15;6.98;7.10;6575455;48302516.000
02/08/2007;7.13;7.29;7.13;7.25;6362408;47813320.000
02/09/2007;7.33;7.55;7.22;7.50;8617900;66280144.000
02/12/2007;7.54;7.62;7.42;7.55;7474418;58447648.000
02/13/2007;7.59;7.68;7.39;7.60;6063726;47501704.000
02/14/2007;7.60;7.93;7.53;7.82;7980933;64331788.000
02/15/2007;7.85;7.95;7.74;7.85;9168453;74592320.000
02/16/2007;7.85;7.99;7.73;7.81;9042441;73662600.000
02/26/2007;7.82;8.18;7.63;8.15;10011208;82550208.000
02/27/2007;8.20;8.67;7.31;7.34;13388922;111895584.000
02/28/2007;7.32;7.90;7.32;7.85;7175268;57252556.000
03/01/2007;7.90;7.98;7.44;7.77;8706624;69349736.000
03/02/2007;7.83;7.90;7.62;7.84;5821930;47183368.000
03/05/2007;7.84;7.93;7.15;7.47;9598513;74431024.000
03/06/2007;7.40;7.50;7.25;7.41;5220182;40143788.000
03/08/2007;7.68;7.78;7.53;7.76;6644977;53001256.000
03/09/2007;7.76;8.25;7.70;8.16;14241288;118113912.000
03/12/2007;8.20;8.88;7.88;8.68;19683907;171371552.000
03/13/2007;8.65;8.84;8.41;8.80;17564364;156992752.000
03/14/2007;8.60;8.76;8.34;8.51;9631889;85363296.000
03/15/2007;8.51;8.65;8.50;8.57;5875528;52084152.000
03/16/2007;8.57;8.59;8.16;8.25;6824999;59278152.000
03/19/2007;7.96;8.56;7.91;8.44;6421642;55747712.000
03/20/2007;8.48;8.93;8.41;8.87;10013379;90829488.000
03/21/2007;8.92;8.98;8.70;8.88;6297487;57491752.000
03/22/2007;8.89;9.14;8.78;8.88;10016445;92508976.000
03/23/2007;8.88;9.21;8.81;9.15;9118009;84865744.000
03/26/2007;9.25;9.38;9.10;9.32;7565024;72212688.000
03/27/2007;9.35;9.68;9.35;9.53;10030896;98728736.000
03/28/2007;9.58;9.63;8.71;9.30;10244854;98424568.000
03/29/2007;9.34;9.39;8.90;8.97;7917068;74175312.000
03/30/2007;8.93;9.12;8.78;9.01;3561918;33034876.000
04/02/2007;8.98;9.50;8.98;9.46;6268263;60054936.000
04/03/2007;9.65;9.66;9.40;9.59;8298640;81680888.000
04/04/2007;9.68;10.12;9.65;9.84;11675607;119226032.000
04/05/2007;9.86;10.18;9.55;10.07;9994215;101926312.000
04/06/2007;10.07;10.57;10.07;10.54;14106023;151436080.000
04/09/2007;10.30;10.90;10.30;10.60;10466493;114846712.000
04/10/2007;10.66;10.98;10.55;10.89;10118542;112372168.000
04/11/2007;10.88;11.98;10.83;11.68;14061176;166984512.000
04/12/2007;11.75;12.18;11.54;11.74;11962587;144602464.000
04/13/2007;11.10;11.65;11.03;11.14;15289266;177247408.000
04/16/2007;11.30;11.80;11.20;11.68;11663635;137369024.000
04/17/2007;11.71;11.95;11.27;11.94;12747264;152831440.000
04/18/2007;12.09;12.38;11.96;12.18;10971989;137077552.000
04/19/2007;11.99;11.99;10.93;11.10;12650760;148654896.000
04/20/2007;11.14;11.85;11.14;11.73;8679361;102704368.000
04/23/2007;11.83;12.35;11.70;12.16;11373197;140623744.000
04/24/2007;12.21;12.57;11.91;12.26;14707303;183751904.000
04/25/2007;12.26;12.45;11.90;12.08;7966175;98928048.000
04/26/2007;12.11;12.27;11.91;12.05;6400993;79288288.000
04/27/2007;11.95;11.95;11.40;11.58;11864377;141359184.000
04/30/2007;11.42;11.80;11.35;11.64;8635031;102916352.000
05/08/2007;11.85;12.25;11.70;12.09;12136468;148852592.000
05/09/2007;12.15;12.28;11.56;11.96;11350090;139435104.000
05/10/2007;11.96;12.50;11.75;12.49;14683884;183526688.000
05/11/2007;12.29;12.90;12.08;12.77;12681691;161718064.000
05/14/2007;12.65;13.26;12.40;12.91;12992510;173348560.000
05/15/2007;13.00;13.15;12.00;12.13;10510793;134053360.000
05/16/2007;12.10;12.40;11.70;12.38;8247582;101869944.000
05/17/2007;12.75;12.90;12.54;12.70;13865732;180490208.000
05/18/2007;12.70;12.70;12.30;12.41;8958157;114277232.000
05/21/2007;11.90;12.90;11.80;12.82;12736214;163800416.000
05/22/2007;12.87;13.73;12.87;13.29;18778194;255498496.000
05/23/2007;13.29;13.66;13.00;13.64;15261096;208819520.000
05/24/2007;13.70;13.80;12.98;13.35;11746071;160987536.000
05/25/2007;13.27;14.36;13.18;14.06;17474282;249356848.000
05/28/2007;14.37;14.89;14.20;14.21;17701555;262819712.000
05/29/2007;14.27;14.70;13.90;14.30;10862676;158488880.000
05/30/2007;13.18;14.00;12.84;12.84;12888413;174977296.000
05/31/2007;12.70;12.80;11.53;11.71;11011458;134699840.000
06/01/2007;11.98;12.27;10.51;10.72;10174675;119026056.000
06/04/2007;10.81;11.15;9.62;9.62;9246789;95650784.000
06/05/2007;9.20;10.44;8.73;10.39;10769124;106432584.000
06/06/2007;10.63;10.69;9.62;10.46;9113426;97704392.000
06/07/2007;10.50;11.26;10.30;11.10;9005164;100644928.000
06/08/2007;11.20;11.36;10.90;11.00;6506191;74154056.000
06/11/2007;11.03;11.60;10.96;11.55;8519358;98947008.000
06/12/2007;11.60;12.74;11.58;12.73;10782026;132977160.000
06/13/2007;13.00;13.07;12.71;12.73;8990005;118129120.000
06/14/2007;12.65;13.05;12.30;12.61;8761287;114736744.000
06/15/2007;12.45;13.00;12.40;12.63;5416080;70466960.000
06/18/2007;12.97;13.12;12.73;12.92;5892232;77767360.000
06/19/2007;12.91;13.08;12.49;12.73;5091978;66416824.000
06/20/2007;12.75;13.70;12.50;12.86;9678531;131891304.000
06/21/2007;13.05;13.69;12.89;13.28;8357406;113140968.000
06/22/2007;13.38;13.58;11.92;12.11;7683191;99315872.000
06/25/2007;12.28;12.40;10.87;10.92;8396326;98519824.000
06/27/2007;11.32;11.95;11.32;11.70;4535814;54148948.000
06/28/2007;11.61;11.88;10.50;10.51;4142561;47483064.000
06/29/2007;10.20;10.55;9.71;9.98;5112029;52678500.000
07/02/2007;9.91;10.30;9.71;10.19;2792488;28918778.000
07/03/2007;10.26;10.56;10.05;10.56;2747075;29085842.000
07/04/2007;10.50;10.70;10.16;10.20;1956985;20907616.000
07/05/2007;10.03;10.10;9.45;9.46;2530109;25377132.000
07/06/2007;9.46;10.00;9.11;10.00;3310501;32958620.000
07/09/2007;10.09;10.45;9.98;10.30;3410159;35788352.000
07/10/2007;10.29;10.34;9.73;9.81;2503772;25620902.000
07/11/2007;9.76;10.01;9.73;9.94;1960954;19910132.000
07/12/2007;10.05;10.40;9.90;10.39;2885640;29934254.000
07/13/2007;10.30;10.80;10.30;10.38;3130876;33539410.000
07/16/2007;10.60;10.75;10.33;10.38;3008125;32247648.000
07/17/2007;10.38;10.69;10.30;10.50;1933811;20683276.000
07/18/2007;10.42;10.56;10.25;10.33;1658449;17602048.000
07/19/2007;10.41;10.79;10.41;10.52;2357916;25505508.000
07/20/2007;10.59;10.99;10.52;10.91;4591431;50527856.000
07/23/2007;10.90;11.48;10.90;11.38;4504818;51552632.000
07/24/2007;11.44;12.54;11.25;12.19;10420579;127035928.000
07/25/2007;12.16;12.66;11.85;12.36;7914827;99057944.000
07/26/2007;12.40;12.53;12.08;12.31;4564172;56856308.000
07/27/2007;12.31;12.53;12.13;12.44;4099403;51613984.000
08/01/2007;13.10;13.24;12.18;12.27;10456589;134481600.000
08/02/2007;12.28;12.89;12.02;12.48;5632765;71499744.000
08/03/2007;12.55;12.68;12.01;12.23;6449853;80045792.000
08/06/2007;12.35;12.75;12.05;12.69;5596910;69599840.000
08/07/2007;12.80;12.86;12.24;12.49;4582358;58575196.000
08/08/2007;12.46;12.70;11.96;12.11;3737951;46556832.000
08/09/2007;12.11;12.29;12.07;12.14;2855033;35250492.000
08/10/2007;12.18;12.21;11.19;11.97;7058162;83811240.000
08/13/2007;12.00;12.01;11.52;11.69;3195917;37870528.000
08/14/2007;11.67;12.13;11.62;12.03;3630161;43913144.000
08/15/2007;12.18;12.23;11.65;11.89;3076985;37419808.000
08/16/2007;11.89;11.98;11.50;11.82;3033724;36087752.000
08/17/2007;11.78;12.18;11.66;11.91;4697307;57369888.000
08/20/2007;12.05;12.39;12.05;12.35;6750498;83741952.000
08/21/2007;12.51;12.51;12.13;12.28;4109695;51216096.000
08/22/2007;12.08;12.48;11.98;12.38;5635894;70447000.000
08/23/2007;12.41;12.78;12.41;12.70;8404010;107495408.000
08/24/2007;12.72;12.85;12.42;12.48;5045419;64423788.000
08/27/2007;12.59;12.60;12.05;12.16;5623889;70107792.000
08/28/2007;12.09;12.09;11.80;12.00;3159555;38398300.000
08/29/2007;11.98;12.39;11.90;12.05;3000801;36933392.000
08/30/2007;12.25;12.75;12.12;12.58;6134087;77884296.000
08/31/2007;12.65;12.80;12.48;12.77;7201749;92570872.000
09/03/2007;12.90;13.25;12.81;13.19;10878428;144056256.000
09/04/2007;13.29;13.30;12.80;12.88;6394515;84423656.000
09/05/2007;13.01;13.74;13.01;13.33;9963737;135081760.000
09/06/2007;13.38;13.45;13.16;13.27;5780207;77918888.000
09/07/2007;13.19;13.19;12.71;12.72;6726495;87867584.000
09/10/2007;12.49;13.28;12.18;13.08;6059482;77616792.000
09/11/2007;12.98;13.07;11.91;11.97;4570600;58427904.000
09/12/2007;12.07;12.29;11.85;12.19;2968018;36424416.000
09/13/2007;12.25;12.29;12.05;12.27;2213474;27364112.000
09/14/2007;12.20;12.55;12.05;12.38;3283176;41118312.000
09/17/2007;12.40;12.75;12.25;12.61;4413616;56261488.000
09/18/2007;12.65;13.39;12.56;13.35;9181284;121379128.000
09/19/2007;13.40;14.55;13.40;14.08;22224027;313104224.000
09/20/2007;14.00;14.40;13.77;13.95;7982792;112944128.000
09/21/2007;14.01;14.20;13.12;13.38;6114551;83725232.000
09/24/2007;13.44;13.97;13.31;13.42;4197107;57968672.000
09/25/2007;13.51;13.63;13.10;13.16;2890284;39061352.000
09/26/2007;13.16;13.36;13.02;13.29;3034170;40622156.000
09/27/2007;13.34;13.48;13.12;13.22;2500010;33670184.000
09/28/2007;13.38;13.65;13.18;13.59;5188951;70874400.000
10/08/2007;13.90;14.62;13.59;13.80;6477407;92341432.000
10/09/2007;13.82;14.35;13.70;14.17;5860055;84062208.000
10/10/2007;14.10;15.00;14.00;14.25;7537212;110771664.000
10/11/2007;14.30;14.40;13.45;13.60;4708687;65772136.000
10/12/2007;13.65;13.70;12.26;13.17;4894168;64225324.000
10/15/2007;13.18;13.18;12.59;12.95;2893646;37725304.000
10/16/2007;13.10;13.29;12.71;13.19;2089517;27585468.000
10/17/2007;13.19;13.30;12.76;12.90;1924333;25343090.000
10/18/2007;13.20;13.20;12.65;12.65;1605369;20911502.000
10/19/2007;12.72;12.80;12.36;12.56;1691318;21693224.000
10/22/2007;12.42;12.50;12.00;12.14;1815949;22560880.000
10/23/2007;12.10;12.35;11.81;12.17;1861691;22799672.000
10/24/2007;12.21;12.31;11.70;11.78;2147514;26086988.000
10/25/2007;11.78;11.80;10.58;10.60;4024352;45283848.000
10/26/2007;10.55;10.80;10.10;10.24;3530032;36961332.000
10/29/2007;10.35;10.70;10.20;10.70;1717718;18164254.000
10/30/2007;10.69;11.08;10.45;11.05;1632573;17920110.000
10/31/2007;11.25;11.46;11.08;11.36;2286707;26334484.000
11/01/2007;11.43;11.43;10.87;10.89;1902338;21365116.000
11/02/2007;10.80;11.10;10.60;10.97;1559961;17280632.000
11/05/2007;11.08;11.18;10.80;11.18;1124765;12677326.000
11/06/2007;11.16;11.67;11.03;11.64;2357401;27447480.000
11/07/2007;11.60;11.70;11.33;11.65;1550787;18175904.000
11/08/2007;11.70;11.74;10.55;10.86;2685637;31044508.000
11/09/2007;10.74;11.02;10.37;10.59;1379619;14884924.000
11/12/2007;10.50;10.50;9.98;10.12;1733454;18049184.000
11/13/2007;10.31;10.50;10.10;10.27;1366220;14295668.000
11/14/2007;10.42;10.65;10.30;10.63;1853073;19879880.000
11/15/2007;10.69;10.69;10.18;10.32;2376624;25062460.000
11/16/2007;10.25;10.55;10.16;10.45;1064293;11264950.000
11/19/2007;10.46;10.83;10.46;10.76;1827633;19894400.000
11/20/2007;10.77;11.00;10.62;10.89;1427802;15829827.000
11/21/2007;10.90;11.07;10.62;10.68;1116007;12264190.000
11/22/2007;10.50;10.64;10.11;10.19;1018615;10765302.000
11/23/2007;10.19;10.57;10.12;10.52;729770;7695683.000
11/26/2007;10.62;10.95;10.55;10.64;2197910;24010834.000
11/27/2007;10.60;10.75;10.50;10.68;820785;8924084.000
11/28/2007;10.74;10.79;10.46;10.49;929636;10064133.000
11/29/2007;10.61;10.77;10.36;10.73;1150143;12465358.000
11/30/2007;10.70;10.75;10.46;10.58;778804;8387908.000
12/03/2007;10.37;10.70;10.37;10.65;678347;7332704.000
12/04/2007;10.69;10.77;10.60;10.71;972212;10600101.000
12/05/2007;10.71;10.93;10.62;10.83;1636431;18083990.000
12/06/2007;10.85;11.00;10.78;10.85;1235226;13683656.000
12/07/2007;10.86;11.05;10.82;10.94;1671115;18612740.000
12/10/2007;10.80;11.37;10.72;11.27;2659953;30206296.000
12/11/2007;11.82;12.42;11.82;12.42;13058426;164474848.000
12/13/2007;12.78;12.90;11.86;12.56;17838966;228524816.000
12/14/2007;12.55;13.18;12.31;12.60;8414841;109055136.000
12/17/2007;12.75;13.08;12.45;12.73;5118484;66393588.000
12/18/2007;12.75;12.90;12.15;12.23;3576519;45134100.000
12/19/2007;12.35;12.80;12.35;12.55;3006708;38518464.000
12/20/2007;12.61;12.98;12.30;12.93;4463088;58097584.000
12/21/2007;12.81;13.73;12.81;13.49;6934850;94547736.000
12/24/2007;13.60;14.26;13.35;13.94;7319080;103384328.000
12/25/2007;13.90;14.08;13.70;13.94;2951267;41512464.000
12/26/2007;14.13;14.47;13.95;14.09;3294245;47357912.000
12/27/2007;14.18;14.45;13.80;13.97;5155181;73791768.000
12/28/2007;13.95;14.15;13.55;13.74;4619636;64678144.000
01/02/2008;13.79;15.13;13.79;15.03;10937530;163640720.000
01/03/2008;14.99;15.60;14.80;15.24;7951393;122872344.000
01/04/2008;15.48;15.58;14.90;15.23;5135276;79376880.000
01/07/2008;15.41;16.10;15.35;15.44;7679671;122350760.000
01/08/2008;15.46;16.09;14.79;15.15;9423763;147740752.000
01/09/2008;14.80;16.35;14.75;16.24;11052280;177171712.000
01/15/2008;17.78;17.88;15.81;17.21;10736107;184005744.000
01/16/2008;17.05;17.45;16.70;17.07;7712387;133260064.000
01/17/2008;16.89;17.60;15.80;16.67;6779096;115094144.000
01/18/2008;16.75;17.39;16.70;17.18;4662491;80790152.000
01/21/2008;16.80;17.58;16.21;16.40;5692115;98436832.000
01/22/2008;16.15;16.15;14.74;14.79;10290679;156859952.000
01/23/2008;14.80;16.29;14.80;16.29;7769328;123479616.000
01/24/2008;16.45;17.58;16.38;17.00;8400486;145569616.000
01/25/2008;17.00;18.00;17.00;17.70;7473897;133201544.000
01/28/2008;17.70;18.20;17.15;17.40;8828256;157241008.000
01/29/2008;17.60;18.76;17.32;18.59;10770385;199177840.000
02/01/2008;20.47;20.47;16.71;16.71;16467385;285088992.000
02/04/2008;17.22;18.00;17.14;17.80;8826371;157047760.000
02/05/2008;17.50;18.09;17.18;17.22;5602958;99735640.000
02/13/2008;17.25;17.25;16.45;16.62;3087332;52239548.000
02/14/2008;16.60;17.00;16.30;16.69;3223203;54263692.000
02/15/2008;16.62;16.69;16.00;16.66;3572700;58932600.000
02/18/2008;17.01;17.80;16.82;17.51;7305582;127801424.000
02/19/2008;17.64;18.85;17.31;18.74;9797151;181694880.000
02/20/2008;18.81;18.90;17.95;18.19;6329462;117621376.000
02/21/2008;18.10;18.72;17.50;18.33;4721519;86464344.000
02/22/2008;18.30;18.58;17.05;17.30;4016000;71723952.000
02/25/2008;17.16;17.58;15.90;16.04;3976249;66277560.000
02/26/2008;16.51;17.00;15.86;16.52;2984762;49084308.000
02/27/2008;16.55;17.70;16.40;17.62;3281005;57095416.000
02/28/2008;17.70;17.78;17.00;17.01;2037993;35675452.000
02/29/2008;16.94;17.45;16.87;17.24;2029047;35403560.000
03/04/2008;17.99;18.90;17.58;17.61;7704618;142331504.000
03/05/2008;17.70;18.30;17.40;17.88;4571884;82668576.000
03/06/2008;17.90;18.25;17.52;18.13;3587302;65099840.000
03/07/2008;17.95;18.13;17.51;17.66;2149890;38646772.000
03/10/2008;17.68;17.68;16.50;16.64;2522042;43185788.000
03/11/2008;16.64;17.10;16.35;16.81;1572783;26667446.000
03/12/2008;17.59;17.60;16.71;16.73;2620215;45381116.000
03/13/2008;16.50;16.70;15.82;16.03;1928872;31543546.000
03/14/2008;16.24;16.32;15.40;15.83;1545326;24709588.000
03/17/2008;15.75;15.90;14.23;14.23;2137329;32002292.000
03/18/2008;14.18;14.49;12.81;13.13;3062828;41304016.000
03/19/2008;13.44;14.18;13.44;13.89;2240171;31422484.000
03/20/2008;13.80;14.67;13.00;14.36;1973682;27844548.000
03/21/2008;14.46;14.99;14.41;14.49;1700911;25310302.000
03/24/2008;14.65;15.10;14.40;14.79;2762284;41402016.000
03/25/2008;14.60;15.18;14.30;15.02;1593659;24067464.000
03/26/2008;15.09;15.46;14.88;14.96;1528175;23495184.000
03/27/2008;14.99;14.99;13.70;13.78;1566330;22747876.000
03/28/2008;13.60;14.13;13.11;14.05;2148230;30138380.000
03/31/2008;13.75;14.09;13.31;13.41;1082417;15040246.000
04/01/2008;13.32;13.73;12.05;12.05;2319160;29431662.000
04/02/2008;12.40;12.55;11.30;11.41;2067860;24622740.000
04/03/2008;11.30;11.99;10.81;11.96;1125018;13161062.000
04/07/2008;11.80;13.00;11.35;12.91;1523430;19298780.000
04/08/2008;12.80;13.19;12.41;12.69;2098014;27191144.000
04/09/2008;12.69;12.69;11.45;11.49;3525140;43298568.000
04/10/2008;11.30;11.75;10.95;11.73;2894210;33245088.000
04/11/2008;11.64;11.98;11.60;11.80;2432016;29120552.000
04/14/2008;11.51;11.51;10.81;10.86;1634010;18426536.000
04/15/2008;10.51;11.30;10.18;11.05;1638448;17542084.000
04/16/2008;10.80;10.90;10.10;10.34;1373879;14769852.000
04/17/2008;10.30;10.68;9.80;9.90;1145652;11798832.000
04/18/2008;9.89;9.89;9.10;9.15;1948165;18603024.000
04/21/2008;9.93;10.00;8.99;9.06;1977009;19111964.000
04/22/2008;9.01;9.18;8.55;9.13;1596989;14382879.000
04/23/2008;8.80;9.78;8.80;9.68;2167693;20942078.000
04/24/2008;10.60;10.67;10.30;10.67;3928009;42242444.000
04/25/2008;10.45;11.38;10.44;10.83;3810675;42541632.000
04/28/2008;10.60;10.80;10.31;10.48;1691529;18174604.000
04/30/2008;10.65;11.55;10.65;11.55;3619710;41816032.000
05/05/2008;11.89;12.29;11.70;12.12;4849979;59217528.000
05/06/2008;11.83;12.01;11.60;11.79;2701233;32435270.000
05/07/2008;11.70;11.96;11.18;11.20;2262750;26839888.000
05/08/2008;11.10;11.68;10.88;11.66;1925368;22077182.000
05/09/2008;11.75;11.79;11.12;11.57;2128497;24929474.000
05/12/2008;11.30;11.88;11.00;11.75;2020765;23701220.000
05/13/2008;11.34;12.40;11.26;12.39;5241062;64541368.000
05/14/2008;12.31;12.72;12.18;12.39;3729577;47207548.000
05/15/2008;12.41;12.57;11.96;12.00;3286884;41101608.000
05/16/2008;12.02;12.17;11.50;11.78;2528255;30321984.000
05/19/2008;11.79;12.18;11.51;12.02;1392843;16861148.000
05/20/2008;12.00;12.54;11.56;11.59;3541729;43236456.000
05/21/2008;11.40;12.26;10.91;12.25;3233104;38061528.000
05/22/2008;12.00;12.67;12.00;12.15;4033855;50147776.000
05/23/2008;11.91;12.40;11.91;12.07;2302558;28235628.000
05/26/2008;12.01;12.38;11.36;12.15;2069774;24384460.000
05/27/2008;12.15;12.75;11.70;12.70;4879626;61123520.000
05/28/2008;12.65;12.81;12.32;12.59;5268586;66888832.000
05/29/2008;12.53;12.88;11.90;11.92;3530282;44432776.000
05/30/2008;11.89;12.19;11.66;11.94;2293456;27456754.000
06/02/2008;12.10;12.10;11.43;11.59;2350004;27567778.000
06/03/2008;11.68;11.68;11.10;11.28;2206747;25223332.000
06/04/2008;11.32;11.32;10.73;10.87;1692650;18692224.000
06/05/2008;11.08;11.08;10.50;10.69;1322087;14321269.000
06/06/2008;10.67;10.84;10.44;10.64;1508141;16145986.000
06/10/2008;10.30;10.30;9.57;9.57;1233949;12231743.000
06/11/2008;9.48;9.48;8.85;9.03;2464039;22488316.000
06/12/2008;9.16;9.16;8.71;9.11;1706423;15504081.000
06/13/2008;9.11;9.22;8.67;8.78;1272110;11472995.000
06/16/2008;9.09;9.09;8.41;8.53;1646537;14358393.000
06/17/2008;8.60;8.78;7.67;7.85;1873891;15585856.000
06/18/2008;7.88;8.27;7.49;8.01;4199796;33990052.000
06/19/2008;7.96;8.01;7.20;7.20;2144929;16454548.000
06/20/2008;7.38;7.70;6.63;7.07;3955796;28775756.000
06/23/2008;7.03;7.15;6.71;6.85;1622101;11371666.000
06/24/2008;6.90;7.14;6.81;7.10;3396790;24096332.000
06/25/2008;7.02;7.67;7.02;7.67;5117975;38415668.000
06/26/2008;7.50;7.97;7.46;7.82;5527272;43084988.000
06/27/2008;7.40;7.54;7.03;7.08;3233859;23733800.000
06/30/2008;7.06;7.19;6.76;7.01;1853308;13075595.000
07/01/2008;7.08;7.09;6.70;6.73;1585149;11086657.000
07/02/2008;6.85;7.02;6.61;6.90;1808824;12561442.000
07/03/2008;6.79;7.33;6.65;7.24;4309934;31050024.000
07/04/2008;7.12;7.32;7.02;7.17;2198573;16021604.000
07/07/2008;7.24;7.67;7.17;7.61;3443891;26206990.000
07/08/2008;7.61;7.82;7.33;7.69;4681495;35800936.000
07/09/2008;7.81;8.19;7.81;8.01;7117393;57719512.000
07/10/2008;8.00;8.03;7.70;7.77;5075607;40356616.000
07/11/2008;7.70;7.86;7.55;7.68;2073084;16062034.000
07/14/2008;7.70;7.96;7.60;7.90;2196892;17359546.000
07/15/2008;7.92;7.99;7.39;7.40;4273695;32914500.000
07/16/2008;7.31;7.46;6.92;7.00;2429144;17654122.000
07/17/2008;7.15;7.20;6.93;7.01;1542679;11052312.000
07/18/2008;7.15;7.32;6.94;7.31;1590513;11493706.000
07/21/2008;7.26;7.59;7.16;7.58;4121526;30893726.000
07/22/2008;7.55;7.75;7.50;7.62;2895174;22403780.000
07/23/2008;7.68;7.71;7.45;7.48;2645391;20280634.000
07/24/2008;7.50;7.82;7.50;7.78;3030912;23563412.000
07/25/2008;7.67;7.73;7.60;7.62;1963821;15225596.000
07/28/2008;7.63;7.87;7.63;7.78;2948933;23203504.000
07/29/2008;7.61;7.75;7.55;7.62;1809059;14012805.000
07/30/2008;7.66;7.80;7.54;7.72;2773341;21555476.000
08/01/2008;7.41;7.56;7.05;7.33;2652953;19590932.000
08/04/2008;7.36;8.07;7.35;8.07;15832032;127982224.000
08/05/2008;8.12;8.40;7.73;7.81;19090253;157459760.000
08/06/2008;8.00;8.39;7.69;8.30;11917457;96440312.000
08/08/2008;9.05;9.09;7.46;7.62;11387593;94474272.000
08/11/2008;7.43;7.43;6.85;6.85;5783056;41271348.000
08/12/2008;6.67;6.93;6.40;6.58;4496537;30345952.000
08/13/2008;6.50;6.62;6.08;6.39;3575608;22899404.000
08/14/2008;6.48;6.58;6.34;6.49;2167855;14250839.000
08/15/2008;6.50;6.63;6.31;6.39;2114565;13910068.000
08/18/2008;6.39;6.42;5.82;5.86;3197524;19963932.000
08/19/2008;5.78;6.05;5.71;5.99;1361992;8236626.000
08/20/2008;5.95;6.60;5.82;6.60;3467656;22395646.000
08/21/2008;6.48;6.98;6.39;6.64;4830021;32978838.000
08/22/2008;6.41;6.63;6.30;6.43;1772333;11580921.000
08/25/2008;6.52;6.59;6.29;6.32;1306834;8539044.000
08/26/2008;6.15;6.19;5.83;5.95;1917232;11706841.000
08/27/2008;5.90;6.14;5.78;5.99;1184625;7187717.000
08/28/2008;5.96;6.10;5.94;5.97;821399;5019262.000
08/29/2008;6.08;6.46;6.01;6.26;2004678;12718250.000
09/01/2008;6.18;6.18;5.95;5.99;1461407;8933623.000
09/02/2008;5.97;6.12;5.94;6.02;1228301;7493650.000
09/03/2008;6.04;6.08;5.92;6.02;1148769;6996616.000
09/04/2008;5.96;6.15;5.96;6.05;965356;5932715.000
09/05/2008;5.95;5.98;5.82;5.83;1042314;6247509.000
09/08/2008;5.83;5.86;5.41;5.43;1507927;8600416.000
09/09/2008;5.51;5.59;5.40;5.50;826190;4607691.000
09/10/2008;5.52;6.00;5.50;5.82;2241230;13208355.000
09/11/2008;5.79;5.82;5.59;5.67;1315653;7592330.000
09/12/2008;5.68;5.78;5.62;5.66;756542;4385612.000
09/16/2008;5.70;5.71;5.44;5.49;1055940;5968056.000
09/17/2008;5.50;5.66;5.48;5.57;1585720;8978757.000
09/18/2008;5.41;5.54;5.03;5.41;1839328;9927158.000
09/19/2008;5.90;5.96;5.72;5.96;2063760;12393684.000
09/22/2008;6.20;6.56;5.91;6.22;5159476;32602172.000
09/23/2008;6.02;6.02;5.59;5.60;2997491;17593980.000
09/24/2008;5.65;5.67;5.38;5.66;1812386;10125307.000
09/25/2008;5.68;5.91;5.68;5.80;3809765;22567564.000
09/26/2008;5.88;5.88;5.63;5.83;2137670;12551581.000
10/06/2008;5.69;5.69;5.40;5.41;1593192;8915099.000
10/07/2008;5.22;5.50;5.15;5.43;961859;5260152.000
10/08/2008;5.34;5.42;5.18;5.23;996807;5359139.000
10/09/2008;5.39;5.39;5.18;5.18;724122;3876117.000
10/10/2008;5.04;5.04;4.65;4.65;3339361;16214099.000
10/13/2008;4.51;4.75;4.25;4.74;2350950;10758294.000
10/14/2008;4.89;4.90;4.35;4.38;2509261;12070225.000
10/15/2008;4.41;4.48;4.30;4.46;1052900;4727560.000
10/16/2008;4.31;4.67;4.21;4.44;3022594;13834211.000
10/17/2008;4.44;4.62;4.39;4.53;1784938;8262375.000
10/20/2008;4.51;4.70;4.45;4.68;1654721;7772994.000
10/21/2008;4.71;4.72;4.57;4.60;1687227;7999483.000
10/22/2008;4.55;4.60;4.40;4.40;989899;4539227.000
10/23/2008;4.28;4.44;4.24;4.44;869481;3855382.000
10/24/2008;4.41;4.47;4.28;4.29;880606;3930882.000
10/27/2008;4.25;4.45;4.03;4.06;2552966;11257566.000
10/28/2008;4.07;4.18;3.91;4.14;2037297;8394296.000
10/29/2008;4.18;4.21;3.95;3.96;1341925;5627881.000
10/30/2008;3.98;4.09;3.94;4.04;1419451;5859264.000
10/31/2008;4.04;4.08;3.95;3.99;727999;2992405.000
11/03/2008;3.95;4.02;3.85;3.86;973700;3927546.000
11/04/2008;3.85;3.98;3.77;3.97;1688294;6704450.000
11/05/2008;4.00;4.20;3.99;4.16;4579124;19338140.000
11/06/2008;4.03;4.27;3.98;4.12;3940168;16796500.000
11/07/2008;4.00;4.17;3.99;4.15;2282697;9576000.000
11/10/2008;4.25;4.58;4.25;4.58;8669928;40257324.000
11/11/2008;4.80;5.05;4.71;5.05;22313853;112943856.000
11/12/2008;4.85;5.25;4.73;5.16;21197199;107721432.000
11/13/2008;5.02;5.46;4.95;5.22;19166788;102535512.000
11/14/2008;5.20;5.70;5.04;5.67;22090627;122006480.000
11/17/2008;5.55;6.18;5.42;6.11;18997563;112827080.000
11/18/2008;6.00;6.14;5.49;5.50;16600301;96831416.000
11/19/2008;5.41;6.00;5.32;5.95;13429718;78507552.000
11/20/2008;5.89;6.23;5.71;5.79;11501333;69815648.000
11/21/2008;5.58;6.08;5.40;5.79;9316877;54452840.000
11/24/2008;5.84;5.84;5.21;5.22;6916720;38386496.000
11/25/2008;5.27;5.41;4.93;5.08;5152960;27270796.000
11/26/2008;5.15;5.44;5.00;5.24;5808613;31383440.000
11/27/2008;5.70;5.75;5.32;5.34;9336776;53029944.000
11/28/2008;5.34;5.58;5.28;5.40;6094414;33642124.000
12/01/2008;5.42;5.79;5.28;5.77;9032342;51597436.000
12/02/2008;5.59;5.94;5.55;5.75;8625881;50470712.000
12/03/2008;5.90;6.11;5.75;6.03;9413013;56477352.000
12/04/2008;6.10;6.16;5.80;5.83;12926678;78759288.000
12/05/2008;5.78;5.90;5.64;5.85;7182747;42236560.000
12/08/2008;5.90;6.16;5.86;6.11;11289550;69444040.000
12/09/2008;6.18;6.18;5.81;5.82;7552118;45822656.000
12/10/2008;5.80;6.09;5.80;6.07;7212432;43819416.000
12/11/2008;6.09;6.40;5.90;5.96;15849308;99431640.000
12/12/2008;5.84;5.92;5.35;5.48;8570601;48705040.000
12/15/2008;5.58;5.62;5.28;5.46;4800071;26743430.000
12/16/2008;5.38;5.69;5.32;5.68;4184739;23455256.000
12/17/2008;5.69;5.83;5.56;5.61;6612724;38263172.000
12/18/2008;5.62;5.69;5.45;5.65;4733415;26879060.000
12/19/2008;5.70;5.82;5.66;5.77;5338266;31346290.000
12/22/2008;5.80;5.88;5.50;5.55;7142654;40905168.000
12/23/2008;5.62;5.62;5.10;5.12;6063549;32969864.000
12/24/2008;5.07;5.10;4.72;4.80;8296277;41504400.000
12/25/2008;4.87;4.95;4.71;4.82;6548123;32225228.000
12/26/2008;4.86;4.89;4.73;4.79;2844482;13946770.000
12/29/2008;4.74;4.83;4.60;4.79;2755769;13268088.000
12/30/2008;4.77;4.84;4.65;4.70;2691700;13034049.000
12/31/2008;4.72;4.75;4.57;4.58;2874850;13717983.000
01/05/2009;4.69;4.97;4.65;4.95;6416591;31653534.000
01/06/2009;4.89;5.34;4.85;5.27;10139669;52574228.000
01/07/2009;5.21;5.30;5.13;5.17;6593153;34986592.000
01/08/2009;5.09;5.14;4.91;4.97;4853160;24860780.000
01/09/2009;5.00;5.15;4.96;5.10;4206115;21715998.000
01/12/2009;5.07;5.35;5.05;5.20;6527382;34758580.000
01/13/2009;5.13;5.18;4.97;4.99;3883781;20009556.000
01/14/2009;4.98;5.24;4.98;5.23;4699257;24622190.000
01/15/2009;5.15;5.65;5.10;5.52;13737500;76108672.000
01/16/2009;5.55;5.65;5.48;5.48;9337239;52819144.000
01/19/2009;5.55;5.60;5.38;5.44;4011648;22392392.000
01/20/2009;5.44;5.53;5.40;5.52;3709000;20655582.000
01/21/2009;5.40;5.63;5.40;5.51;5331878;30031850.000
01/22/2009;5.56;5.62;5.49;5.59;5045059;28526518.000
01/23/2009;5.57;5.66;5.54;5.59;5058644;28817706.000
02/02/2009;5.68;5.85;5.59;5.80;6073871;35381712.000
02/03/2009;5.75;6.00;5.70;5.97;9215052;54674456.000
02/04/2009;6.02;6.09;5.88;5.96;11414932;69137808.000
02/05/2009;5.95;6.12;5.80;6.11;17175071;103786592.000
02/06/2009;6.12;6.50;6.05;6.32;16116817;102480560.000
02/09/2009;6.38;6.45;6.21;6.38;13558910;87258856.000
02/10/2009;6.35;6.54;6.25;6.53;11285156;73052696.000
02/11/2009;6.38;6.86;6.31;6.54;14193300;94771096.000
02/12/2009;6.55;6.78;6.31;6.70;12760282;85041120.000
02/13/2009;6.85;7.38;6.80;7.29;20772290;150140048.000
02/16/2009;7.25;7.45;6.96;7.27;13335449;97301464.000
02/17/2009;7.20;7.55;7.12;7.22;14609254;108510064.000
02/18/2009;7.02;7.33;7.00;7.07;10705372;77630936.000
02/19/2009;7.13;7.25;6.80;6.91;9190122;64947808.000
02/20/2009;6.86;7.10;6.65;7.08;8812716;61262532.000
02/23/2009;7.10;7.41;6.86;7.31;9882676;71848728.000
02/24/2009;7.20;7.55;6.82;6.85;11324481;82149808.000
02/25/2009;6.90;6.99;6.57;6.84;6566718;45408176.000
02/26/2009;6.82;6.99;6.16;6.31;6329210;43063312.000
02/27/2009;6.27;6.31;5.71;5.80;6157934;37392780.000
03/02/2009;5.76;5.97;5.63;5.90;4926958;29278324.000
03/03/2009;5.74;6.07;5.68;6.03;5051061;30505790.000
03/04/2009;6.05;6.39;6.03;6.36;7392570;46965420.000
03/05/2009;6.50;6.50;6.16;6.35;8095031;52236984.000
03/06/2009;6.20;6.39;6.09;6.30;5524010;35182572.000
03/09/2009;6.35;6.45;5.98;6.00;5526007;34932652.000
03/10/2009;5.98;6.41;5.88;6.40;6573847;40994700.000
03/11/2009;6.56;6.58;6.32;6.41;8679825;56673312.000
03/12/2009;6.40;6.45;6.12;6.37;4942467;31494880.000
03/13/2009;6.41;6.44;6.16;6.25;4002409;25702992.000
03/16/2009;6.23;6.41;6.13;6.37;4400431;28171996.000
03/17/2009;6.36;6.66;6.31;6.59;6968800;46168168.000
03/18/2009;6.61;6.97;6.60;6.85;11469486;79348624.000
03/19/2009;6.81;7.22;6.81;7.10;9853986;70521992.000
03/20/2009;7.12;7.13;6.82;6.90;6684686;47012028.000
03/23/2009;6.87;7.06;6.81;6.92;6204540;43748020.000
03/24/2009;7.03;7.26;6.98;7.09;7178389;51778112.000
03/25/2009;7.15;7.25;6.82;6.83;7238618;52053344.000
03/26/2009;7.04;7.33;7.00;7.24;11784212;85967872.000
03/27/2009;7.32;7.32;7.10;7.17;7053403;51471360.000
03/30/2009;7.12;7.20;7.03;7.11;6534275;46978884.000
03/31/2009;6.94;7.23;6.85;7.16;5618961;40166464.000
04/01/2009;7.18;7.28;7.15;7.24;7363735;53935712.000
04/02/2009;7.28;7.55;7.20;7.42;13109886;98212400.000
04/03/2009;7.40;8.12;7.40;7.70;23439633;185411936.000
04/07/2009;7.70;8.48;7.67;8.48;22062276;180390096.000
04/08/2009;8.35;8.58;8.10;8.13;13304689;111596888.000
04/09/2009;8.20;8.44;8.00;8.27;10201170;84401440.000
04/10/2009;8.31;8.49;8.16;8.45;13614424;114601648.000
04/13/2009;8.55;8.59;8.10;8.30;13834408;116289712.000
04/14/2009;8.24;8.32;8.01;8.25;11124270;92125664.000
04/15/2009;8.05;8.46;8.00;8.38;12642848;104775864.000
04/16/2009;8.36;8.70;8.28;8.40;11176127;96417520.000
04/17/2009;8.44;9.04;8.33;8.81;14899556;130719424.000
04/20/2009;8.74;9.10;8.61;8.91;12611273;113557488.000
04/21/2009;8.78;8.84;8.30;8.47;9820437;85313960.000
04/22/2009;8.47;8.59;7.97;8.03;8740810;73272288.000
04/23/2009;7.97;8.18;7.95;8.15;3914258;32027492.000
04/24/2009;8.30;8.30;8.08;8.09;3096524;25593540.000
04/27/2009;8.07;8.07;7.40;7.46;4961369;38655576.000
04/28/2009;7.46;7.64;7.42;7.55;4063388;31029790.000
04/29/2009;7.64;8.18;7.58;8.11;9422088;75458840.000
04/30/2009;8.11;8.49;8.11;8.18;8216678;69305608.000
05/04/2009;8.29;8.72;8.22;8.65;7681449;66319792.000
05/05/2009;8.71;8.96;8.51;8.80;11061743;97907096.000
05/07/2009;9.06;9.69;9.00;9.06;17136963;160000032.000
05/08/2009;9.06;9.42;9.06;9.36;13588475;127527720.000
05/11/2009;9.46;9.53;8.76;8.77;12114796;110545264.000
05/12/2009;8.77;9.48;8.77;9.41;11852816;110712352.000
05/13/2009;9.50;9.65;9.28;9.38;8632593;82850824.000
05/14/2009;9.28;9.29;9.06;9.15;5149258;47712800.000
05/15/2009;9.20;9.39;9.08;9.20;3701419;34389928.000
05/18/2009;9.17;9.20;8.75;9.18;4254969;38529308.000
05/19/2009;9.29;9.30;9.05;9.08;3949740;36379868.000
05/20/2009;9.12;9.20;8.92;8.99;3466434;31778840.000
05/21/2009;8.99;9.08;8.69;8.73;5059942;45190736.000
05/22/2009;8.73;9.04;8.73;8.97;2890489;25817388.000
05/25/2009;8.72;8.95;8.55;8.94;7072480;61473284.000
05/26/2009;8.93;9.13;8.78;8.82;4817047;43281556.000
05/27/2009;8.84;8.95;8.51;8.74;6042883;52415176.000
06/01/2009;8.83;9.17;8.74;9.15;11996266;106974416.000
06/02/2009;9.16;9.22;8.90;8.95;8380084;75712360.000
06/03/2009;8.95;9.17;8.94;9.06;12627899;114558016.000
06/04/2009;9.03;9.03;8.73;8.85;7570766;66912472.000
06/05/2009;8.80;8.88;8.67;8.71;4741776;41400920.000
06/08/2009;8.70;8.77;8.54;8.59;3996679;34484904.000
06/09/2009;8.59;8.59;8.22;8.50;6180305;51925072.000
06/10/2009;8.51;8.82;8.51;8.80;5887566;51425648.000
06/11/2009;8.80;8.80;8.55;8.57;3583169;30984384.000
06/12/2009;8.56;8.66;8.35;8.43;3465883;29461760.000
06/15/2009;8.40;8.62;8.36;8.61;2506912;21421592.000
06/16/2009;8.54;8.73;8.47;8.62;3224344;27745680.000
06/17/2009;8.60;8.84;8.56;8.80;4693210;40944032.000
06/18/2009;8.79;8.88;8.69;8.72;4552214;39863184.000
06/19/2009;8.74;8.80;8.67;8.76;4676359;40856184.000
06/22/2009;8.86;9.03;8.80;8.93;10381122;92797696.000
06/23/2009;8.87;9.06;8.80;8.94;7768386;69381840.000
06/24/2009;8.94;9.01;8.81;8.88;5256378;46573556.000
06/25/2009;8.89;8.93;8.68;8.75;4434887;38965084.000
06/26/2009;8.75;8.83;8.64;8.82;5171254;44988044.000
06/29/2009;8.82;9.19;8.75;9.07;13327309;120515976.000
06/30/2009;9.00;9.18;8.90;8.93;7377871;66803944.000
07/01/2009;8.93;9.27;8.89;9.16;10060791;92054272.000
07/02/2009;9.29;9.29;8.95;9.02;7532353;68210048.000
07/03/2009;9.03;9.15;8.81;8.96;7077088;63374024.000
07/06/2009;8.94;9.00;8.78;8.90;5772499;51158364.000
07/07/2009;8.86;9.09;8.83;8.95;8112367;72836176.000
07/08/2009;8.88;9.07;8.88;9.04;6638257;59637744.000
07/09/2009;9.07;9.20;8.95;9.18;8210239;74557312.000
07/10/2009;9.21;9.36;9.13;9.27;9101246;84541960.000
07/13/2009;9.31;9.40;9.20;9.38;7321591;68146256.000
07/14/2009;9.39;9.65;9.30;9.64;9008687;85059816.000
07/15/2009;9.66;9.85;9.57;9.65;10456764;101509736.000
07/16/2009;9.59;9.85;9.42;9.71;12796739;123236440.000
07/17/2009;9.70;10.17;9.65;9.94;11166468;111616720.000
07/20/2009;9.86;10.10;9.81;9.97;9133162;90923112.000
07/21/2009;9.98;10.90;9.89;10.59;16692110;174256416.000
07/22/2009;10.54;10.78;10.43;10.53;13095555;138177488.000
07/23/2009;10.53;10.86;10.36;10.53;9681278;102504552.000
07/24/2009;10.47;10.68;9.95;10.26;11300185;115336536.000
07/27/2009;10.22;11.07;10.22;10.95;15085448;161216240.000
07/28/2009;10.99;11.55;10.86;11.55;14771028;166879040.000
07/29/2009;11.46;11.78;10.40;10.59;15435761;170170208.000
07/30/2009;10.80;11.12;10.52;10.99;10365805;112685240.000
07/31/2009;11.07;12.00;10.91;11.99;16787524;196852208.000
08/03/2009;12.00;12.65;11.80;12.32;13089059;160301840.000
08/04/2009;12.18;12.55;12.04;12.32;7754767;95241696.000
08/05/2009;12.25;12.40;11.80;11.96;7240231;87008320.000
08/06/2009;11.95;11.95;11.30;11.43;6252995;72200328.000
08/07/2009;11.77;11.99;11.35;11.41;6801319;79067064.000
08/10/2009;11.77;12.55;11.51;12.55;15049431;183699088.000
08/11/2009;12.54;12.55;12.10;12.25;6687189;82409776.000
08/12/2009;12.12;13.10;12.12;12.60;12791473;163889024.000
08/13/2009;12.73;13.86;12.33;13.78;18948806;255956864.000
08/14/2009;13.49;14.38;13.18;13.61;16877753;233858768.000
08/17/2009;13.60;13.60;12.25;12.35;12724388;160467024.000
08/18/2009;12.00;13.59;12.00;13.59;13208025;173437600.000
08/19/2009;14.01;14.76;13.69;13.75;13248550;187835360.000
08/20/2009;13.35;14.55;13.34;14.26;9670484;137044688.000
08/21/2009;14.27;15.69;14.27;15.69;15391153;235823040.000
08/24/2009;16.54;17.26;16.45;17.26;23526680;401467136.000
08/25/2009;18.03;18.48;16.83;18.28;20540509;363323008.000
08/26/2009;18.20;19.00;16.85;17.66;14092707;252443520.000
08/27/2009;17.45;17.45;15.92;16.40;14944059;247853472.000
08/28/2009;16.00;16.80;15.85;16.20;9740537;159659936.000
08/31/2009;16.24;16.24;14.77;14.99;9752554;149069024.000
09/01/2009;14.78;15.23;14.60;14.67;6321597;94638688.000
09/02/2009;14.66;16.14;14.45;16.14;9161852;141844160.000
09/03/2009;16.65;17.75;16.40;17.75;12312052;215103424.000
09/04/2009;18.20;18.40;16.91;17.21;14970564;259820496.000
09/07/2009;17.38;18.65;17.31;17.95;12965994;233995488.000
09/08/2009;17.89;19.30;17.35;18.97;12683509;234346784.000
09/09/2009;18.70;19.24;18.28;18.59;7794824;145425312.000
09/10/2009;18.30;18.95;17.50;18.12;7612616;138433200.000
09/11/2009;17.95;18.88;17.86;18.36;5703767;104518784.000
09/14/2009;18.38;19.01;18.31;18.46;6630257;123364112.000
09/15/2009;18.43;18.50;17.75;18.05;6341042;114410816.000
09/16/2009;18.00;18.50;17.62;17.99;6209725;111896632.000
09/17/2009;17.72;19.31;17.72;18.70;12217572;228079104.000
09/18/2009;18.88;20.49;18.51;19.96;14620251;285886912.000
09/21/2009;20.28;20.35;18.90;19.70;8437295;164531488.000
09/22/2009;19.90;19.99;18.50;18.59;6733459;129245008.000
09/23/2009;18.30;18.84;17.45;17.48;5568070;99806800.000
09/24/2009;17.50;18.54;17.03;18.20;5754085;104076048.000
09/25/2009;18.20;18.20;16.38;17.02;7999920;136100400.000
09/28/2009;17.03;17.36;16.31;16.38;4079351;68592880.000
09/29/2009;16.38;16.50;15.13;16.47;3601552;57818256.000
09/30/2009;16.75;17.40;16.68;16.72;2845705;48423472.000
10/09/2009;17.10;17.44;16.75;17.39;3667708;62894904.000
10/12/2009;17.38;17.45;17.01;17.26;2919212;50201800.000
10/13/2009;17.47;17.48;17.02;17.25;3981169;68510192.000
10/14/2009;17.25;17.96;17.04;17.22;5771288;100706768.000
10/15/2009;17.22;17.54;17.05;17.25;2939941;50740684.000
10/16/2009;17.20;17.44;16.53;16.80;3760851;63324244.000
10/19/2009;16.95;17.45;16.65;17.34;4403350;75369240.000
10/20/2009;17.50;17.68;17.00;17.57;5842048;101382144.000
10/21/2009;17.60;19.29;17.59;18.71;12882814;239662800.000
10/22/2009;18.63;19.15;18.31;18.84;9416188;177078656.000
10/23/2009;18.90;19.00;18.50;18.71;5920991;110950480.000
10/26/2009;18.58;18.70;17.66;18.20;5536439;100263224.000
10/27/2009;18.12;18.12;17.70;17.75;3626519;64885928.000
10/28/2009;17.74;17.91;17.01;17.55;4416848;76892312.000
10/29/2009;17.40;17.40;16.90;16.92;2958929;50379212.000
10/30/2009;16.93;17.59;16.93;17.20;2951817;50945568.000
11/02/2009;16.99;17.62;16.40;17.55;4256575;73472480.000
11/03/2009;17.85;18.34;17.85;18.19;5548222;100511976.000
11/04/2009;18.20;18.27;17.68;17.89;3912669;69873832.000
11/05/2009;17.95;18.27;17.80;18.09;4097316;73850792.000
11/06/2009;18.24;18.30;17.84;17.89;4217284;75680376.000
11/09/2009;17.93;17.93;17.36;17.56;4659474;81756832.000
11/10/2009;17.65;18.78;17.61;18.60;10914256;199363776.000
11/11/2009;18.63;18.65;18.09;18.29;5497306;100426384.000
11/12/2009;18.31;18.38;18.06;18.10;4262857;77433328.000
11/13/2009;18.00;18.45;17.99;18.21;3214644;58436704.000
11/17/2009;18.66;18.79;18.20;18.31;6165175;113521624.000
11/18/2009;18.45;18.56;18.12;18.27;3484078;63358808.000
11/19/2009;18.30;18.68;18.25;18.58;6229118;115001416.000
11/20/2009;18.55;19.50;18.43;19.17;10599070;203271552.000
11/23/2009;19.18;19.98;19.02;19.70;7506348;147388880.000
11/24/2009;19.72;20.10;18.96;19.34;10899547;214526512.000
11/25/2009;19.22;21.21;19.02;21.19;14440355;293310688.000
11/26/2009;21.25;21.87;20.55;20.68;12865065;272073408.000
11/27/2009;20.50;20.88;18.90;19.22;8601992;169169728.000
11/30/2009;19.59;20.60;18.88;20.59;8773453;175054352.000
12/01/2009;20.55;21.00;19.74;20.35;11699540;236733984.000
12/02/2009;20.37;20.59;19.91;20.32;7275527;146526480.000
12/03/2009;20.29;20.30;19.51;19.96;7724808;153114912.000
12/04/2009;19.96;20.50;19.21;19.59;7228148;143777840.000
12/07/2009;19.58;19.92;19.26;19.64;4028987;79359896.000
12/08/2009;19.76;19.95;19.50;19.60;5320938;104999976.000
12/09/2009;19.51;19.90;19.30;19.69;3888833;76461408.000
12/10/2009;19.70;19.88;18.99;19.07;6529989;125695328.000
12/11/2009;19.06;19.27;18.90;18.94;3094610;59018648.000
12/14/2009;18.98;19.04;18.45;18.68;3812135;71065384.000
12/15/2009;18.80;19.05;18.70;19.00;2631635;49819296.000
12/16/2009;18.98;18.98;18.44;18.68;2239503;41803988.000
12/17/2009;18.69;18.78;17.70;17.72;3221552;58290896.000
12/18/2009;17.72;17.72;16.70;16.75;3052618;52180640.000
12/21/2009;16.72;17.80;16.28;17.67;4229396;71350376.000
12/22/2009;17.69;17.69;16.83;16.85;2091385;35870492.000
12/23/2009;16.91;17.39;16.85;16.99;1422707;24293944.000
12/24/2009;17.19;17.38;16.78;17.24;2435663;41655344.000
12/25/2009;17.06;17.55;17.06;17.27;2107910;36619640.000
12/28/2009;17.26;17.83;17.20;17.78;3245656;57032448.000
12/29/2009;17.68;17.95;17.43;17.71;2234184;39429552.000
12/30/2009;17.55;17.77;17.40;17.41;2836748;49608964.000
12/31/2009;17.45;17.73;17.35;17.55;2413854;42337756.000
01/04/2010;17.75;17.75;17.30;17.32;1685506;29464504.000
01/05/2010;17.25;17.39;16.79;16.86;3149159;53208864.000
01/06/2010;16.87;17.05;16.59;16.65;3797602;63692372.000
01/07/2010;16.85;17.15;16.68;16.95;3402135;57569392.000
01/08/2010;16.94;17.00;16.45;16.84;2326751;38906432.000
01/11/2010;17.30;17.63;16.82;16.91;3661299;62858460.000
01/12/2010;16.93;17.00;16.51;16.89;3255081;54590912.000
01/13/2010;16.50;16.78;16.30;16.39;3261639;53764620.000
01/14/2010;16.41;16.55;15.90;16.17;5375834;86714464.000
01/15/2010;16.19;16.78;16.11;16.47;4170095;68676328.000
01/18/2010;16.49;17.60;16.46;17.44;8245998;141730592.000
01/19/2010;17.43;17.49;17.00;17.21;4754990;81767928.000
01/20/2010;17.20;17.70;16.75;16.93;5849411;100775336.000
01/21/2010;16.83;16.97;16.30;16.45;3730404;61571648.000
01/22/2010;16.42;16.42;15.26;15.79;4683799;74006752.000
01/25/2010;15.75;15.90;15.40;15.80;2257958;35405412.000
01/26/2010;15.75;15.91;14.70;14.77;3531361;53870128.000
01/27/2010;14.77;15.09;14.16;14.19;3134462;45635768.000
01/28/2010;14.19;14.19;13.49;13.72;9400296;128779032.000
01/29/2010;13.70;13.97;13.60;13.71;4818825;66408288.000
02/01/2010;13.77;13.87;13.15;13.42;3951361;52672056.000
02/02/2010;13.45;13.74;13.37;13.47;3091460;42018420.000
02/03/2010;13.35;13.79;13.00;13.75;3000621;40492520.000
02/04/2010;13.78;13.86;13.51;13.65;3364137;46181972.000
02/05/2010;13.42;13.42;13.03;13.28;3451972;45421508.000
02/08/2010;13.34;13.34;12.98;13.02;2260046;29558220.000
02/09/2010;13.10;13.23;13.00;13.17;2120215;27818920.000
02/10/2010;13.29;13.41;13.14;13.37;1823077;24133040.000
02/11/2010;13.45;13.76;13.41;13.62;3043884;41537832.000
02/12/2010;13.62;13.80;13.53;13.75;2322644;31781550.000
02/22/2010;13.75;13.88;13.55;13.56;1921802;26255456.000
02/23/2010;13.56;13.68;13.31;13.43;2351871;31619166.000
02/24/2010;13.43;14.77;13.25;14.77;6665834;94668544.000
02/25/2010;14.77;15.83;14.50;15.18;9800149;148277280.000
02/26/2010;15.15;15.28;14.91;15.09;3656185;55211596.000
03/01/2010;14.92;15.49;14.92;15.20;3709689;56635152.000
03/03/2010;15.20;15.29;15.02;15.22;3399648;51571476.000
03/04/2010;15.28;15.68;15.22;15.31;7928257;122116400.000
03/05/2010;15.41;15.48;14.80;14.98;4345404;65287744.000
03/08/2010;14.98;15.08;14.31;14.59;7236855;105220152.000
03/09/2010;14.40;14.75;14.18;14.58;4839392;69777528.000
03/10/2010;14.49;14.68;14.15;14.59;5974357;86018304.000
03/11/2010;14.48;14.54;14.19;14.26;2974019;42693088.000
03/12/2010;14.40;14.40;13.72;13.87;4735087;66274272.000
03/15/2010;13.69;13.85;13.40;13.77;2604113;35510968.000
03/16/2010;13.80;13.98;13.65;13.85;1315169;18170138.000
03/17/2010;13.94;14.53;13.82;14.46;4871746;69265368.000
03/18/2010;14.49;14.69;14.45;14.51;3697362;53712876.000
03/19/2010;14.51;14.63;14.39;14.60;2754195;40021584.000
03/22/2010;14.63;15.39;14.63;15.28;9099897;137625024.000
03/23/2010;15.30;15.78;15.30;15.47;8477900;131977984.000
