600527 江南高纤 日线
      日期	    开盘	    最高	    最低	    收盘	    成交量	    成交额
11/27/2003;1.53;1.57;1.43;1.50;17028651;159062960.000
11/28/2003;1.50;1.58;1.44;1.47;8721870;82621968.000
12/01/2003;1.46;1.48;1.37;1.47;6058534;54842956.000
12/02/2003;1.46;1.47;1.43;1.45;3304005;30195784.000
12/03/2003;1.45;1.45;1.40;1.43;3433362;30969520.000
12/04/2003;1.42;1.46;1.41;1.45;2309797;21000236.000
12/05/2003;1.45;1.45;1.42;1.43;1425468;12885254.000
12/08/2003;1.43;1.44;1.38;1.39;1746500;15562541.000
12/09/2003;1.38;1.40;1.35;1.36;1816820;15847769.000
12/10/2003;1.36;1.39;1.36;1.38;1535004;13470661.000
12/11/2003;1.38;1.41;1.36;1.39;1046611;9215987.000
12/12/2003;1.38;1.40;1.37;1.39;979187;8664826.000
12/15/2003;1.39;1.41;1.38;1.40;704877;6256129.000
12/16/2003;1.39;1.39;1.34;1.36;1338437;11594386.000
12/17/2003;1.35;1.39;1.35;1.38;1376841;12066034.000
12/18/2003;1.36;1.37;1.32;1.32;1065783;9139065.000
12/19/2003;1.32;1.33;1.21;1.27;2576771;21018784.000
12/22/2003;1.27;1.30;1.23;1.29;1667148;13613376.000
12/23/2003;1.29;1.32;1.27;1.32;1359986;11408963.000
12/24/2003;1.32;1.32;1.27;1.31;1310910;10910450.000
12/25/2003;1.32;1.34;1.31;1.32;1502874;12746128.000
12/26/2003;1.31;1.39;1.31;1.36;2121854;18425096.000
12/29/2003;1.36;1.36;1.32;1.33;606127;5202514.000
12/30/2003;1.33;1.34;1.31;1.32;732436;6206183.000
12/31/2003;1.33;1.36;1.32;1.33;705575;6066128.000
01/02/2004;1.32;1.38;1.32;1.37;1336467;11672170.000
01/05/2004;1.38;1.41;1.36;1.39;1228208;10818031.000
01/06/2004;1.39;1.39;1.35;1.39;1187610;10372035.000
01/07/2004;1.39;1.45;1.38;1.44;2090214;18923412.000
01/08/2004;1.43;1.58;1.43;1.53;3911560;37183008.000
01/09/2004;1.54;1.54;1.43;1.44;1952188;18301072.000
01/12/2004;1.44;1.48;1.42;1.47;1005444;9190810.000
01/13/2004;1.50;1.51;1.44;1.48;1004913;9295138.000
01/14/2004;1.48;1.49;1.45;1.48;753236;6990493.000
01/15/2004;1.48;1.50;1.46;1.48;804400;7509677.000
01/16/2004;1.48;1.52;1.48;1.51;1147258;10850863.000
01/29/2004;1.52;1.57;1.51;1.57;1570220;15174677.000
01/30/2004;1.57;1.57;1.49;1.49;1293924;12349590.000
02/02/2004;1.53;1.57;1.48;1.50;1578844;14961476.000
02/03/2004;1.51;1.54;1.49;1.53;1119123;10623445.000
02/04/2004;1.55;1.64;1.54;1.61;5508980;55176400.000
02/05/2004;1.61;1.67;1.60;1.64;2474529;24995548.000
02/06/2004;1.64;1.64;1.59;1.61;1626254;16310818.000
02/09/2004;1.61;1.71;1.61;1.70;1906377;19613184.000
02/10/2004;1.70;1.73;1.67;1.70;2365705;24780652.000
02/11/2004;1.69;1.70;1.65;1.68;1294454;13346640.000
02/12/2004;1.68;1.72;1.65;1.67;991324;10276180.000
02/13/2004;1.68;1.76;1.67;1.71;1832613;19307746.000
02/16/2004;1.71;1.78;1.71;1.77;2543582;27484476.000
02/17/2004;1.76;1.80;1.71;1.75;2901928;31511732.000
02/18/2004;1.75;1.81;1.70;1.79;3290107;35292572.000
02/19/2004;1.79;1.87;1.79;1.84;2965883;32968004.000
02/20/2004;1.84;1.87;1.80;1.84;3468972;38991068.000
02/23/2004;1.85;2.04;1.85;1.90;4105214;48013848.000
02/24/2004;1.86;1.96;1.86;1.89;2190278;25385088.000
02/25/2004;1.90;1.92;1.80;1.81;1542033;17471732.000
02/26/2004;1.78;1.82;1.75;1.80;1639087;17895372.000
02/27/2004;1.80;1.86;1.79;1.84;768058;8515813.000
03/01/2004;1.84;1.85;1.80;1.85;729317;8111566.000
03/02/2004;1.85;1.85;1.81;1.82;943621;10473930.000
03/03/2004;1.81;1.89;1.81;1.83;889240;9998148.000
03/04/2004;1.82;1.84;1.78;1.83;734784;8110838.000
03/05/2004;1.83;1.85;1.81;1.83;551988;6144493.000
03/08/2004;1.83;1.92;1.80;1.88;1516622;17300764.000
03/09/2004;1.88;1.90;1.84;1.88;611556;6985530.000
03/10/2004;1.88;2.03;1.86;2.00;2288566;27045060.000
03/11/2004;1.98;2.02;1.96;1.98;1280826;15313926.000
03/12/2004;1.98;2.07;1.97;1.98;1671860;20306132.000
03/15/2004;1.98;2.08;1.98;2.08;1975014;24326058.000
03/16/2004;2.10;2.12;2.05;2.11;1419514;17761842.000
03/17/2004;2.10;2.19;2.08;2.18;1604362;20534856.000
03/18/2004;2.20;2.32;2.20;2.22;3639804;48563764.000
03/19/2004;2.25;2.29;2.14;2.20;2409292;31798224.000
03/23/2004;2.18;2.29;2.18;2.29;2335423;31461220.000
03/24/2004;2.32;2.32;2.28;2.32;1510478;20580744.000
03/25/2004;2.34;2.54;2.32;2.41;3373843;48618888.000
03/26/2004;2.45;2.48;2.40;2.46;1095789;15754559.000
03/29/2004;2.46;2.56;2.46;2.54;1605515;23887532.000
03/30/2004;2.56;2.57;2.46;2.55;969446;14359270.000
03/31/2004;2.54;2.62;2.54;2.61;1032189;15643531.000
04/01/2004;2.60;2.61;2.42;2.43;2106583;30738790.000
04/02/2004;2.39;2.46;2.37;2.45;1534093;21881330.000
04/05/2004;2.45;2.45;2.39;2.42;959678;13689427.000
04/06/2004;2.42;2.45;2.41;2.42;696720;9970383.000
04/07/2004;2.41;2.66;2.41;2.57;1701674;25458480.000
04/08/2004;2.57;2.68;2.56;2.64;1634019;25048500.000
04/09/2004;2.67;2.67;2.48;2.49;1179051;17565932.000
04/12/2004;2.48;2.56;2.47;2.52;495427;7305047.000
04/13/2004;2.52;2.56;2.50;2.50;343102;5048125.000
04/14/2004;2.49;2.54;2.39;2.42;733493;10471170.000
04/15/2004;2.42;2.47;2.39;2.40;417769;5922870.000
04/16/2004;2.40;2.47;2.39;2.45;608777;8618687.000
04/19/2004;2.45;2.47;2.41;2.41;357300;5117495.000
04/20/2004;2.40;2.46;2.39;2.44;259927;3664656.000
04/21/2004;2.41;2.44;2.40;2.41;289947;4110316.000
04/22/2004;2.45;2.45;2.40;2.45;200400;2831564.000
04/23/2004;2.45;2.47;2.42;2.43;196150;2808819.000
04/26/2004;2.43;2.53;2.43;2.53;1284528;18597554.000
04/27/2004;2.54;2.56;2.49;2.51;473010;6930794.000
04/28/2004;2.49;2.54;2.49;2.53;491951;7215606.000
04/29/2004;2.54;2.59;2.25;2.27;1160476;16881840.000
04/30/2004;2.46;2.46;2.10;2.11;1536673;19972072.000
05/10/2004;2.09;2.19;2.08;2.15;652339;8372114.000
05/11/2004;2.14;2.21;2.13;2.21;197492;2562108.000
05/12/2004;2.21;2.30;2.16;2.22;540895;7093588.000
05/13/2004;2.18;2.22;2.17;2.17;209418;2713968.000
05/14/2004;2.19;2.19;2.14;2.14;125128;1597690.000
05/17/2004;2.16;2.16;2.12;2.13;55650;707664.000
05/18/2004;2.19;2.19;2.12;2.16;133190;1699591.000
05/19/2004;2.17;2.20;2.16;2.18;68197;882506.000
05/20/2004;2.19;2.19;2.09;2.13;81700;1039730.000
05/21/2004;2.14;2.17;1.95;2.00;1024813;12228639.000
05/24/2004;2.00;2.00;1.93;1.94;465936;5450721.000
05/25/2004;1.94;1.96;1.91;1.93;192540;2232839.000
05/26/2004;1.91;1.95;1.91;1.92;79224;916095.000
05/27/2004;1.92;1.99;1.89;1.96;303233;3542369.000
05/28/2004;1.96;1.99;1.96;1.97;171117;2023586.000
05/31/2004;1.97;2.00;1.96;1.99;108700;1286946.000
06/01/2004;1.99;2.12;1.99;2.11;325426;4034977.000
06/02/2004;2.10;2.14;2.08;2.10;218750;2745321.000
06/03/2004;2.12;2.12;2.01;2.01;153200;1870249.000
06/04/2004;2.00;2.03;1.97;1.99;129162;1543100.000
06/07/2004;1.96;1.99;1.93;1.93;121505;1420223.000
06/08/2004;1.92;1.94;1.91;1.92;82078;948677.000
06/09/2004;1.93;1.97;1.90;1.91;70700;822543.000
06/10/2004;1.91;1.91;1.81;1.81;187001;2080261.000
06/11/2004;1.78;1.87;1.78;1.82;203700;2246016.000
06/14/2004;1.79;1.79;1.61;1.62;583348;5936354.000
06/15/2004;1.62;1.78;1.62;1.72;297855;3046969.000
06/16/2004;1.72;1.74;1.65;1.73;275071;2866418.000
06/17/2004;1.67;1.77;1.67;1.71;143590;1511235.000
06/18/2004;1.73;1.77;1.69;1.72;132800;1396707.000
06/21/2004;1.74;1.81;1.67;1.80;152486;1637549.000
06/22/2004;1.79;1.83;1.76;1.79;151049;1655100.000
06/23/2004;1.81;1.81;1.72;1.79;91744;983265.000
06/24/2004;1.80;1.81;1.76;1.79;118748;1285527.000
06/25/2004;1.81;1.81;1.63;1.69;178521;1846407.000
06/28/2004;1.67;1.68;1.57;1.62;91651;910534.000
06/29/2004;1.59;1.63;1.59;1.62;116177;1148877.000
06/30/2004;1.61;1.71;1.61;1.62;65200;654355.000
07/01/2004;1.66;1.70;1.63;1.69;127211;1306695.000
07/02/2004;1.69;1.69;1.62;1.65;101900;1031834.000
07/05/2004;1.64;1.70;1.64;1.68;70257;720852.000
07/06/2004;1.68;1.73;1.66;1.73;288027;2993812.000
07/07/2004;1.72;1.73;1.68;1.68;117823;1223633.000
07/08/2004;1.70;1.73;1.68;1.70;71752;748717.000
07/09/2004;1.71;1.77;1.70;1.75;126401;1332125.000
07/12/2004;1.74;1.75;1.61;1.63;210500;2153724.000
07/13/2004;1.62;1.67;1.62;1.65;94400;956343.000
07/14/2004;1.66;1.67;1.63;1.65;88342;891688.000
07/15/2004;1.69;1.69;1.65;1.67;31010;318113.000
07/16/2004;1.68;1.80;1.68;1.78;264592;2841965.000
07/19/2004;1.78;1.79;1.75;1.79;207628;2236721.000
07/20/2004;1.79;1.82;1.73;1.79;216403;2323961.000
07/21/2004;1.79;1.81;1.76;1.76;76329;824572.000
07/22/2004;1.76;1.76;1.72;1.73;124400;1316833.000
07/23/2004;1.72;1.76;1.70;1.75;102151;1075806.000
07/26/2004;1.73;1.76;1.72;1.74;81800;864452.000
07/27/2004;1.75;1.75;1.71;1.72;53119;562756.000
07/28/2004;1.72;1.74;1.67;1.69;37300;386814.000
07/29/2004;1.69;1.73;1.68;1.72;112080;1159268.000
07/30/2004;1.71;1.72;1.66;1.67;81940;841238.000
08/02/2004;1.67;1.67;1.65;1.66;69044;700802.000
08/03/2004;1.67;1.67;1.62;1.65;118700;1192967.000
08/04/2004;1.64;1.72;1.63;1.68;96100;990192.000
08/05/2004;1.70;1.70;1.64;1.65;79410;808077.000
08/06/2004;1.64;1.65;1.63;1.64;49800;501053.000
08/09/2004;1.69;1.69;1.63;1.64;18779;189648.000
08/10/2004;1.65;1.65;1.63;1.64;40500;407245.000
08/11/2004;1.64;1.64;1.62;1.62;51800;519201.000
08/12/2004;1.62;1.62;1.43;1.43;855400;7764821.000
08/13/2004;1.41;1.41;1.32;1.34;580499;4993276.000
08/16/2004;1.34;1.37;1.32;1.36;206502;1774674.000
08/17/2004;1.36;1.40;1.28;1.28;250700;2105889.000
08/18/2004;1.27;1.31;1.24;1.30;158967;1297633.000
08/19/2004;1.28;1.28;1.25;1.27;144994;1176436.000
08/20/2004;1.26;1.30;1.25;1.29;129173;1059421.000
08/23/2004;1.27;1.28;1.25;1.28;119450;970610.000
08/24/2004;1.27;1.39;1.27;1.32;202607;1717118.000
08/25/2004;1.31;1.34;1.30;1.32;143446;1196739.000
08/26/2004;1.30;1.32;1.28;1.29;55201;454765.000
08/27/2004;1.29;1.29;1.26;1.26;60300;488647.000
08/30/2004;1.25;1.26;1.23;1.25;95699;767458.000
08/31/2004;1.34;1.36;1.26;1.28;246986;2037898.000
09/01/2004;1.29;1.29;1.26;1.26;55800;452878.000
09/02/2004;1.26;1.29;1.24;1.28;106388;854891.000
09/03/2004;1.28;1.29;1.27;1.28;76188;623349.000
09/06/2004;1.28;1.28;1.25;1.25;82807;668698.000
09/07/2004;1.26;1.27;1.24;1.27;93850;755620.000
09/08/2004;1.27;1.28;1.24;1.27;111507;902691.000
09/09/2004;1.27;1.27;1.24;1.24;125100;1006952.000
09/10/2004;1.23;1.37;1.23;1.34;926603;7830654.000
09/13/2004;1.31;1.33;1.28;1.29;384836;3195723.000
09/14/2004;1.28;1.37;1.28;1.35;590730;5022229.000
09/15/2004;1.34;1.47;1.34;1.41;944836;8442385.000
09/16/2004;1.42;1.47;1.40;1.45;539588;4874238.000
09/17/2004;1.47;1.50;1.44;1.50;618316;5667366.000
09/20/2004;1.50;1.63;1.50;1.62;768822;7465572.000
09/21/2004;1.63;1.65;1.56;1.60;624449;6153331.000
09/22/2004;1.58;1.64;1.54;1.55;416700;4066182.000
09/23/2004;1.55;1.60;1.53;1.58;374717;3623518.000
09/24/2004;1.61;1.65;1.53;1.55;693320;6862215.000
09/27/2004;1.57;1.63;1.47;1.48;286200;2723397.000
09/28/2004;1.48;1.51;1.43;1.48;179850;1661917.000
09/29/2004;1.48;1.50;1.46;1.47;105218;968847.000
09/30/2004;1.47;1.47;1.42;1.43;202450;1832736.000
10/08/2004;1.47;1.50;1.40;1.50;170744;1554556.000
10/11/2004;1.50;1.54;1.48;1.51;283437;2677886.000
10/12/2004;1.51;1.53;1.47;1.47;157400;1461523.000
10/13/2004;1.47;1.49;1.44;1.49;158052;1450993.000
10/14/2004;1.51;1.51;1.34;1.36;236100;2124366.000
10/15/2004;1.36;1.36;1.28;1.32;190100;1618979.000
10/18/2004;1.31;1.39;1.31;1.39;119810;1032193.000
10/19/2004;1.38;1.43;1.35;1.36;115200;1012439.000
10/20/2004;1.35;1.38;1.33;1.35;95257;809705.000
10/21/2004;1.35;1.37;1.31;1.32;113300;959704.000
10/22/2004;1.31;1.38;1.30;1.36;121776;1034587.000
10/25/2004;1.36;1.41;1.34;1.36;134930;1176184.000
10/26/2004;1.35;1.39;1.31;1.38;75230;642707.000
10/27/2004;1.39;1.43;1.33;1.43;205931;1809047.000
10/28/2004;1.43;1.51;1.43;1.45;439807;4049027.000
10/29/2004;1.39;1.45;1.39;1.41;175138;1557654.000
11/01/2004;1.40;1.41;1.36;1.36;80300;696690.000
11/02/2004;1.35;1.39;1.34;1.34;121431;1044370.000
11/03/2004;1.38;1.39;1.34;1.39;99800;864246.000
11/04/2004;1.39;1.39;1.34;1.34;101906;880954.000
11/05/2004;1.36;1.36;1.34;1.34;52607;449861.000
11/08/2004;1.34;1.35;1.32;1.35;42728;362766.000
11/09/2004;1.35;1.39;1.35;1.36;46926;406402.000
11/10/2004;1.37;1.43;1.36;1.43;199223;1770720.000
11/11/2004;1.45;1.49;1.43;1.43;352359;3210550.000
11/12/2004;1.42;1.45;1.41;1.43;185898;1658189.000
11/15/2004;1.41;1.48;1.33;1.48;223692;1994458.000
11/16/2004;1.47;1.53;1.47;1.48;527232;4908641.000
11/17/2004;1.48;1.50;1.45;1.46;76100;696724.000
11/18/2004;1.47;1.48;1.44;1.47;97451;889987.000
11/19/2004;1.47;1.48;1.45;1.47;164323;1502663.000
11/22/2004;1.47;1.50;1.47;1.50;125527;1163346.000
11/23/2004;1.51;1.52;1.48;1.48;122900;1141412.000
11/24/2004;1.47;1.48;1.44;1.44;88100;805820.000
11/25/2004;1.43;1.44;1.41;1.42;108300;969605.000
11/26/2004;1.40;1.43;1.40;1.42;158200;1406253.000
11/29/2004;1.42;1.42;1.40;1.40;104200;920377.000
11/30/2004;1.40;1.41;1.40;1.41;203619;1799213.000
12/01/2004;1.41;1.44;1.41;1.44;226103;2028407.000
12/02/2004;1.45;1.48;1.44;1.48;580295;5289047.000
12/03/2004;1.48;1.49;1.45;1.47;229436;2109201.000
12/06/2004;1.47;1.47;1.44;1.45;155942;1415620.000
12/07/2004;1.43;1.45;1.39;1.41;118940;1059875.000
12/08/2004;1.41;1.45;1.39;1.40;133514;1181246.000
12/09/2004;1.39;1.43;1.39;1.42;84300;748398.000
12/10/2004;1.40;1.41;1.36;1.38;177850;1555421.000
12/13/2004;1.38;1.41;1.36;1.38;63900;555530.000
12/14/2004;1.40;1.40;1.32;1.32;241122;2041995.000
12/15/2004;1.33;1.33;1.30;1.32;119239;996728.000
12/16/2004;1.32;1.33;1.30;1.31;106807;889301.000
12/17/2004;1.30;1.32;1.30;1.30;79800;663526.000
12/20/2004;1.33;1.34;1.28;1.32;126995;1058750.000
12/21/2004;1.32;1.32;1.29;1.31;65150;539559.000
12/22/2004;1.31;1.34;1.30;1.34;295086;2474263.000
12/23/2004;1.34;1.34;1.30;1.30;66700;557764.000
12/24/2004;1.32;1.34;1.29;1.31;95400;795855.000
12/27/2004;1.29;1.32;1.28;1.28;61900;509955.000
12/28/2004;1.30;1.33;1.30;1.32;229500;1923519.000
12/29/2004;1.32;1.32;1.28;1.29;91300;755587.000
12/30/2004;1.30;1.32;1.28;1.31;46560;384412.000
12/31/2004;1.33;1.33;1.29;1.30;36661;303577.000
01/04/2005;1.30;1.30;1.15;1.27;94700;773379.000
01/05/2005;1.27;1.31;1.27;1.29;102876;849763.000
01/06/2005;1.30;1.30;1.26;1.27;85900;699671.000
01/07/2005;1.29;1.30;1.27;1.29;77100;635918.000
01/10/2005;1.29;1.31;1.28;1.31;64070;527616.000
01/11/2005;1.32;1.33;1.31;1.33;90840;763421.000
01/12/2005;1.33;1.35;1.32;1.34;128400;1087574.000
01/13/2005;1.33;1.35;1.33;1.35;103946;885089.000
01/14/2005;1.34;1.41;1.34;1.38;379199;3298030.000
01/17/2005;1.34;1.39;1.28;1.34;331660;2839762.000
01/18/2005;1.35;1.36;1.32;1.35;97950;832567.000
01/19/2005;1.37;1.37;1.33;1.33;58780;502732.000
01/20/2005;1.33;1.34;1.32;1.32;85200;717939.000
01/21/2005;1.33;1.33;1.26;1.33;109941;910409.000
01/24/2005;1.35;1.39;1.33;1.36;131401;1123617.000
01/25/2005;1.36;1.36;1.32;1.36;179161;1528069.000
01/26/2005;1.36;1.49;1.36;1.45;630210;5674246.000
01/27/2005;1.44;1.48;1.42;1.44;441436;3993473.000
01/28/2005;1.47;1.54;1.46;1.49;1269231;11884034.000
01/31/2005;1.47;1.49;1.43;1.46;366138;3327990.000
02/01/2005;1.45;1.51;1.44;1.47;381796;3518314.000
02/02/2005;1.45;1.57;1.45;1.56;664407;6253994.000
02/03/2005;1.55;1.56;1.50;1.51;465883;4410699.000
02/04/2005;1.50;1.54;1.49;1.52;436379;4123770.000
02/16/2005;1.53;1.59;1.52;1.56;508799;4919252.000
02/17/2005;1.57;1.59;1.55;1.59;471065;4587459.000
02/18/2005;1.60;1.64;1.58;1.58;433000;4295256.000
02/21/2005;1.60;1.68;1.60;1.67;926705;9415826.000
02/22/2005;1.67;1.72;1.67;1.70;990209;10250670.000
02/23/2005;1.69;1.88;1.68;1.88;1904199;20981064.000
02/24/2005;1.87;1.92;1.82;1.88;1177211;13260706.000
02/25/2005;1.88;1.88;1.84;1.84;794500;8923183.000
02/28/2005;1.85;1.85;1.73;1.76;1304856;14011174.000
03/01/2005;1.76;1.81;1.74;1.79;1235277;13347695.000
03/02/2005;1.79;1.80;1.68;1.68;1145302;12028974.000
03/03/2005;1.67;1.72;1.67;1.71;476512;4955442.000
03/04/2005;1.71;1.75;1.70;1.74;564440;5964700.000
03/07/2005;1.73;1.75;1.71;1.74;405494;4264434.000
03/09/2005;1.81;1.84;1.78;1.79;1166238;12794048.000
03/10/2005;1.78;1.81;1.75;1.75;562334;6031814.000
03/11/2005;1.74;1.81;1.74;1.80;546514;5956886.000
03/14/2005;1.81;1.85;1.78;1.84;824993;9093130.000
03/15/2005;1.84;1.86;1.76;1.79;451240;4942460.000
03/16/2005;1.78;1.78;1.68;1.71;460208;4842456.000
03/17/2005;1.70;1.73;1.70;1.70;340009;3557768.000
03/18/2005;1.69;1.72;1.68;1.68;257829;2673625.000
03/21/2005;1.66;1.72;1.64;1.70;165370;1697473.000
03/22/2005;1.68;1.70;1.66;1.68;226439;2323026.000
03/23/2005;1.67;1.73;1.67;1.68;240950;2506607.000
03/24/2005;1.71;1.71;1.57;1.62;289452;2911602.000
03/25/2005;1.62;1.62;1.55;1.55;425100;4142924.000
03/28/2005;1.52;1.59;1.51;1.57;272274;2622117.000
03/29/2005;1.56;1.59;1.52;1.53;223858;2150461.000
03/30/2005;1.53;1.53;1.42;1.42;357046;3250217.000
03/31/2005;1.40;1.43;1.39;1.43;158319;1409568.000
04/01/2005;1.42;1.56;1.42;1.54;450927;4214187.000
04/04/2005;1.49;1.58;1.48;1.53;336179;3197225.000
04/05/2005;1.56;1.62;1.56;1.58;619849;6122216.000
04/06/2005;1.57;1.63;1.55;1.63;495147;4878639.000
04/07/2005;1.62;1.64;1.60;1.62;559210;5593139.000
04/08/2005;1.62;1.62;1.56;1.60;572904;5597547.000
04/11/2005;1.60;1.69;1.57;1.61;365388;2014639.000
04/12/2005;1.53;1.58;1.49;1.49;425720;2182934.000
04/13/2005;1.50;1.60;1.50;1.54;431796;2225654.000
04/14/2005;1.55;1.66;1.49;1.63;1170852;6280603.000
04/15/2005;1.60;1.73;1.58;1.68;1778513;10009816.000
04/18/2005;1.68;1.68;1.58;1.66;672745;3683590.000
04/19/2005;1.65;1.65;1.49;1.56;575260;3038687.000
04/20/2005;1.56;1.57;1.49;1.51;359216;1836955.000
04/21/2005;1.50;1.54;1.48;1.51;351407;1788196.000
04/22/2005;1.51;1.53;1.49;1.51;223833;1143361.000
04/25/2005;1.54;1.54;1.46;1.48;400218;2002390.000
04/26/2005;1.48;1.51;1.47;1.50;176817;892291.000
04/27/2005;1.50;1.50;1.32;1.33;518920;2491431.000
04/28/2005;1.31;1.39;1.18;1.35;816393;3590465.000
04/29/2005;1.34;1.34;1.25;1.25;366120;1630450.000
05/09/2005;1.27;1.32;1.20;1.22;194820;844655.000
05/10/2005;1.20;1.25;1.10;1.20;400958;1643539.000
05/11/2005;1.20;1.27;1.18;1.20;303960;1304434.000
05/12/2005;1.19;1.24;1.19;1.21;131778;557094.000
05/13/2005;1.20;1.25;1.20;1.22;79712;337926.000
05/16/2005;1.22;1.23;1.20;1.21;75900;321468.000
05/17/2005;1.21;1.24;1.20;1.22;127573;545362.000
05/18/2005;1.23;1.23;1.22;1.23;97201;415789.000
05/19/2005;1.24;1.24;1.20;1.23;96362;409139.000
05/20/2005;1.23;1.24;1.21;1.22;82560;351624.000
05/23/2005;1.20;1.20;1.07;1.10;503079;1964552.000
05/24/2005;1.08;1.10;0.99;1.09;425290;1598883.000
05/25/2005;1.06;1.12;1.05;1.09;251881;972532.000
05/26/2005;1.06;1.09;1.04;1.06;264233;1004211.000
05/27/2005;1.06;1.08;1.00;1.01;285736;1057905.000
05/30/2005;1.01;1.05;1.01;1.04;267592;990672.000
05/31/2005;1.05;1.09;1.05;1.05;215350;817187.000
06/01/2005;1.02;1.08;1.02;1.02;105800;392199.000
06/02/2005;1.03;1.03;0.99;1.01;186152;677735.000
06/03/2005;1.01;1.02;0.98;1.00;209420;753334.000
06/06/2005;0.99;1.03;0.97;1.02;248280;898194.000
06/07/2005;1.02;1.07;1.02;1.04;412735;1545587.000
06/08/2005;1.06;1.15;1.03;1.14;1013685;3963624.000
06/09/2005;1.13;1.24;1.10;1.21;1188302;4884075.000
06/10/2005;1.20;1.20;1.13;1.14;679810;2780492.000
06/13/2005;1.17;1.19;1.14;1.15;521756;2133615.000
06/14/2005;1.17;1.17;1.11;1.11;335200;1356669.000
06/15/2005;1.10;1.12;1.06;1.07;283848;1092006.000
06/16/2005;1.07;1.09;1.06;1.09;169194;649122.000
06/17/2005;1.09;1.09;1.06;1.06;116103;442129.000
06/20/2005;1.03;1.10;1.01;1.08;392321;1487750.000
06/21/2005;1.09;1.12;1.08;1.10;425320;1667710.000
06/22/2005;1.10;1.10;1.05;1.08;158838;608099.000
06/23/2005;1.07;1.08;1.05;1.05;177640;671809.000
06/24/2005;1.04;1.06;1.01;1.05;234077;871276.000
06/27/2005;1.06;1.13;1.06;1.13;1370928;5332786.000
06/28/2005;1.11;1.11;1.04;1.07;439075;1692047.000
06/29/2005;1.06;1.09;1.06;1.07;253903;971890.000
06/30/2005;1.06;1.06;1.03;1.03;290700;1087239.000
07/01/2005;1.02;1.03;0.93;0.96;244891;881755.000
07/04/2005;0.94;0.96;0.88;0.92;239052;809705.000
07/05/2005;0.92;0.94;0.91;0.92;126619;429474.000
07/06/2005;0.92;0.94;0.91;0.92;74020;249664.000
07/07/2005;0.91;0.92;0.90;0.92;95140;318759.000
07/08/2005;0.91;0.91;0.82;0.82;298026;939926.000
07/11/2005;0.83;0.89;0.77;0.79;254647;786270.000
07/12/2005;0.77;0.83;0.75;0.80;390208;1180760.000
07/13/2005;0.79;0.82;0.78;0.81;293118;891102.000
07/14/2005;0.81;0.83;0.79;0.80;191300;583782.000
07/15/2005;0.80;0.81;0.75;0.76;256600;759072.000
07/18/2005;0.75;0.75;0.66;0.71;331081;928353.000
07/19/2005;0.71;0.74;0.71;0.72;397260;1109121.000
07/20/2005;0.71;0.72;0.70;0.72;197380;549004.000
07/21/2005;0.71;0.72;0.68;0.70;275409;753680.000
07/22/2005;0.70;0.76;0.68;0.74;769210;2197242.000
07/25/2005;0.75;0.79;0.74;0.77;678836;2002742.000
07/26/2005;0.78;0.81;0.77;0.78;581089;1732406.000
07/27/2005;0.79;0.80;0.75;0.80;665508;1983616.000
07/28/2005;0.80;0.88;0.79;0.84;1394321;4349913.000
07/29/2005;0.82;0.83;0.79;0.80;676420;2063353.000
08/01/2005;0.80;0.81;0.79;0.80;427535;1294609.000
08/02/2005;0.81;0.83;0.80;0.83;436256;1344394.000
08/03/2005;0.84;0.87;0.84;0.84;995067;3178598.000
08/04/2005;0.84;0.84;0.82;0.83;425185;1327451.000
08/05/2005;0.84;0.88;0.84;0.87;780418;2509810.000
08/08/2005;0.88;0.93;0.88;0.91;997689;3328216.000
08/09/2005;0.91;0.95;0.89;0.94;778274;2634490.000
08/10/2005;0.95;0.98;0.92;0.97;1006175;3505325.000
08/11/2005;0.97;1.06;0.94;1.03;1737863;6289627.000
08/12/2005;1.04;1.05;0.99;1.00;1258660;4629034.000
08/15/2005;1.00;1.06;1.00;1.05;673193;2504646.000
08/16/2005;1.06;1.10;1.04;1.10;1170881;4513206.000
08/17/2005;1.09;1.10;1.03;1.09;1169700;4459181.000
08/18/2005;1.08;1.10;1.02;1.02;1372360;5193893.000
08/19/2005;1.00;1.02;0.94;0.96;1214154;4316127.000
08/22/2005;0.98;1.02;0.98;1.00;389960;1405131.000
08/23/2005;0.99;1.01;0.97;0.97;366341;1306310.000
08/24/2005;0.97;1.00;0.97;0.99;387080;1377772.000
08/25/2005;1.00;1.02;0.98;0.99;475050;1717856.000
08/26/2005;1.00;1.00;0.98;0.99;340097;1214560.000
08/29/2005;0.99;1.10;0.99;1.07;1148045;4310445.000
08/30/2005;1.07;1.07;1.01;1.02;616698;2291208.000
08/31/2005;1.00;1.08;1.00;1.06;774385;2933195.000
09/01/2005;1.05;1.19;1.05;1.19;3680521;15257255.000
09/02/2005;1.23;1.30;1.17;1.24;4526919;19358186.000
09/05/2005;1.22;1.26;1.20;1.24;1769551;7586664.000
09/06/2005;1.27;1.28;1.17;1.18;1541326;6599877.000
09/07/2005;1.18;1.21;1.15;1.21;977794;4048769.000
09/08/2005;1.22;1.26;1.20;1.21;1192420;5112237.000
09/09/2005;1.20;1.23;1.20;1.23;875077;3724959.000
09/12/2005;1.22;1.24;1.20;1.22;471710;2003769.000
09/13/2005;1.22;1.26;1.21;1.25;762765;3280931.000
09/14/2005;1.27;1.32;1.25;1.32;1843462;8285333.000
09/15/2005;1.31;1.35;1.28;1.30;1278560;5776004.000
09/16/2005;1.29;1.32;1.28;1.32;751829;3384622.000
09/29/2005;1.20;1.28;1.16;1.25;1203530;5148562.000
09/30/2005;1.25;1.28;1.24;1.25;762300;3323110.000
10/10/2005;1.22;1.24;1.20;1.22;523900;2234247.000
10/11/2005;1.20;1.26;1.20;1.24;350036;1487022.000
10/12/2005;1.23;1.32;1.22;1.31;1044872;4647150.000
10/13/2005;1.32;1.39;1.28;1.33;1218407;5543344.000
10/14/2005;1.35;1.38;1.30;1.33;1190392;5437487.000
11/03/2005;1.19;1.30;1.18;1.25;2181982;7273716.000
11/04/2005;1.25;1.27;1.19;1.24;1116434;3686247.000
11/07/2005;1.24;1.24;1.20;1.22;547235;1784493.000
11/08/2005;1.21;1.28;1.20;1.27;1442613;4849120.000
11/09/2005;1.31;1.33;1.26;1.30;2252557;7804845.000
11/10/2005;1.30;1.31;1.23;1.24;1002015;3389093.000
11/11/2005;1.21;1.27;1.21;1.25;555649;1840681.000
11/14/2005;1.23;1.27;1.23;1.26;357902;1204405.000
11/15/2005;1.26;1.28;1.22;1.23;377329;1265485.000
11/16/2005;1.23;1.23;1.15;1.19;967652;3095123.000
11/17/2005;1.20;1.21;1.18;1.20;580236;1874005.000
11/18/2005;1.19;1.27;1.18;1.27;1367535;4545784.000
11/21/2005;1.27;1.29;1.24;1.28;1047255;3557256.000
11/22/2005;1.27;1.27;1.22;1.23;453878;1518782.000
11/23/2005;1.22;1.26;1.22;1.24;505945;1680508.000
11/24/2005;1.23;1.26;1.23;1.24;388140;1294769.000
11/25/2005;1.23;1.25;1.22;1.24;249787;825197.000
11/28/2005;1.25;1.25;1.22;1.22;450339;1483259.000
11/29/2005;1.22;1.22;1.19;1.19;566614;1836124.000
11/30/2005;1.19;1.25;1.16;1.23;1041673;3318692.000
12/01/2005;1.23;1.23;1.19;1.22;908512;2939383.000
12/02/2005;1.20;1.21;1.18;1.19;370162;1191660.000
12/05/2005;1.19;1.19;1.12;1.13;538764;1669256.000
12/06/2005;1.13;1.14;1.10;1.12;402512;1229911.000
12/07/2005;1.11;1.14;1.10;1.13;588865;1788540.000
12/08/2005;1.13;1.13;1.10;1.12;294653;893416.000
12/09/2005;1.11;1.17;1.11;1.17;639029;1995203.000
12/12/2005;1.18;1.20;1.16;1.19;726759;2321118.000
12/13/2005;1.19;1.20;1.16;1.18;385658;1227708.000
12/14/2005;1.19;1.20;1.18;1.19;454321;1456841.000
12/15/2005;1.19;1.20;1.16;1.16;383316;1226420.000
12/16/2005;1.17;1.19;1.15;1.18;363235;1152400.000
12/19/2005;1.16;1.19;1.16;1.18;299902;954861.000
12/20/2005;1.19;1.19;1.17;1.19;259697;827564.000
12/21/2005;1.19;1.19;1.16;1.16;260386;825449.000
12/22/2005;1.16;1.17;1.15;1.16;223310;700641.000
12/23/2005;1.16;1.28;1.16;1.28;2543419;8484172.000
12/26/2005;1.26;1.29;1.26;1.27;1988374;6756904.000
12/27/2005;1.27;1.33;1.26;1.32;2101408;7287079.000
12/28/2005;1.32;1.33;1.29;1.31;1090407;3788234.000
12/29/2005;1.31;1.33;1.29;1.32;1097798;3826992.000
12/30/2005;1.31;1.32;1.26;1.26;1296815;4435188.000
01/04/2006;1.26;1.31;1.26;1.29;918948;3169707.000
01/05/2006;1.29;1.34;1.27;1.34;1880422;6562471.000
01/06/2006;1.34;1.36;1.32;1.33;2061820;7331615.000
01/09/2006;1.34;1.39;1.33;1.38;1785901;6438959.000
01/10/2006;1.39;1.41;1.36;1.40;1504149;5503576.000
01/11/2006;1.41;1.43;1.36;1.37;1666247;6114743.000
01/12/2006;1.36;1.40;1.35;1.39;1545209;5604561.000
01/13/2006;1.39;1.41;1.35;1.37;1351307;4882397.000
01/16/2006;1.36;1.37;1.31;1.31;1211612;4286361.000
01/17/2006;1.29;1.32;1.28;1.32;889927;3073080.000
01/18/2006;1.32;1.37;1.31;1.36;1215169;4325317.000
01/19/2006;1.36;1.39;1.32;1.38;1097811;3932507.000
01/20/2006;1.40;1.42;1.36;1.37;1278003;4652063.000
01/23/2006;1.38;1.39;1.34;1.38;1259392;4526298.000
01/24/2006;1.37;1.43;1.37;1.42;2028016;7516854.000
01/25/2006;1.41;1.43;1.37;1.41;1471927;5401061.000
02/06/2006;1.40;1.44;1.39;1.44;1389812;5178003.000
02/07/2006;1.44;1.45;1.39;1.41;1757452;6516566.000
02/08/2006;1.41;1.43;1.38;1.41;1345291;4971651.000
02/09/2006;1.42;1.46;1.41;1.45;3666736;13863324.000
02/10/2006;1.45;1.46;1.42;1.45;2001285;7540730.000
02/13/2006;1.46;1.47;1.41;1.43;1590005;5972048.000
02/14/2006;1.43;1.44;1.40;1.43;1024391;3809227.000
02/15/2006;1.43;1.43;1.40;1.41;822645;3054819.000
02/16/2006;1.41;1.41;1.31;1.31;1553610;5544877.000
02/17/2006;1.31;1.34;1.28;1.31;680963;2377369.000
02/20/2006;1.31;1.31;1.29;1.30;515232;1783585.000
02/21/2006;1.30;1.34;1.28;1.34;1016833;3521548.000
02/22/2006;1.34;1.35;1.30;1.33;885388;3120027.000
02/23/2006;1.32;1.36;1.31;1.34;831880;2952508.000
02/24/2006;1.34;1.37;1.33;1.35;543851;1938802.000
02/27/2006;1.35;1.37;1.33;1.34;635699;2270545.000
02/28/2006;1.33;1.35;1.31;1.33;681620;2385123.000
03/01/2006;1.32;1.36;1.32;1.35;899514;3207295.000
03/02/2006;1.36;1.39;1.30;1.34;1352696;4865013.000
03/03/2006;1.35;1.35;1.29;1.33;629457;2195772.000
03/06/2006;1.32;1.35;1.30;1.35;893691;3149916.000
03/07/2006;1.37;1.39;1.30;1.31;4249131;15304472.000
03/08/2006;1.31;1.31;1.23;1.24;1831931;6129778.000
03/09/2006;1.24;1.28;1.24;1.25;1136462;3833951.000
03/10/2006;1.23;1.26;1.23;1.25;698386;2327209.000
03/13/2006;1.24;1.25;1.23;1.24;513948;1708208.000
03/14/2006;1.24;1.24;1.20;1.21;839420;2738795.000
03/15/2006;1.21;1.22;1.19;1.21;941598;3058995.000
03/16/2006;1.21;1.25;1.21;1.24;1161656;3825924.000
03/17/2006;1.23;1.25;1.22;1.23;603664;1990028.000
03/20/2006;1.21;1.25;1.19;1.24;1018096;3333536.000
03/21/2006;1.24;1.26;1.23;1.24;1015008;3381094.000
03/22/2006;1.24;1.28;1.23;1.27;902277;3038782.000
03/23/2006;1.26;1.29;1.25;1.28;739503;2517963.000
03/24/2006;1.27;1.28;1.25;1.26;815082;2753954.000
03/27/2006;1.24;1.26;1.22;1.26;700370;2319612.000
03/28/2006;1.25;1.35;1.25;1.33;2783648;9702379.000
03/29/2006;1.31;1.32;1.27;1.28;1940490;6688111.000
03/30/2006;1.28;1.30;1.26;1.26;934034;3168991.000
03/31/2006;1.26;1.27;1.24;1.27;628463;2109976.000
04/03/2006;1.27;1.29;1.26;1.29;850928;2893260.000
04/04/2006;1.29;1.32;1.27;1.31;1228682;4240379.000
04/05/2006;1.31;1.33;1.29;1.33;1521118;5297415.000
04/06/2006;1.33;1.36;1.30;1.32;1634949;5785054.000
04/07/2006;1.32;1.37;1.30;1.36;1940623;6856322.000
04/10/2006;1.35;1.38;1.31;1.38;2581278;9192910.000
04/11/2006;1.38;1.39;1.33;1.35;2393492;8571234.000
04/12/2006;1.35;1.35;1.32;1.34;1103899;3902404.000
04/13/2006;1.34;1.36;1.23;1.26;1458974;5112378.000
04/14/2006;1.23;1.32;1.23;1.31;1117718;3821824.000
04/17/2006;1.31;1.32;1.28;1.30;1282292;4434516.000
04/18/2006;1.29;1.33;1.28;1.31;1082496;3770203.000
04/19/2006;1.30;1.34;1.27;1.30;996932;3438989.000
04/20/2006;1.31;1.31;1.23;1.24;1786933;5985520.000
04/21/2006;1.25;1.25;1.22;1.23;1334479;4419031.000
04/24/2006;1.23;1.23;1.14;1.15;1665157;5287453.000
04/25/2006;1.12;1.16;1.11;1.14;860373;2672589.000
04/26/2006;1.15;1.18;1.14;1.17;996388;3127276.000
04/27/2006;1.17;1.18;1.16;1.17;774303;2453221.000
04/28/2006;1.16;1.17;1.15;1.17;922858;2904416.000
05/09/2006;1.19;1.31;1.19;1.31;3035193;10301811.000
05/10/2006;1.35;1.47;1.33;1.40;5800570;21393366.000
05/11/2006;1.39;1.47;1.33;1.39;4924960;18044520.000
05/12/2006;1.37;1.49;1.35;1.46;4818914;18085986.000
05/15/2006;1.46;1.57;1.45;1.51;3546999;13858886.000
05/16/2006;1.51;1.51;1.36;1.39;3516376;13222462.000
05/17/2006;1.39;1.43;1.36;1.42;2052452;7553205.000
05/18/2006;1.41;1.50;1.39;1.47;2545500;9558203.000
05/19/2006;1.46;1.62;1.46;1.56;4405639;17616396.000
05/22/2006;1.58;1.74;1.56;1.66;4729652;20414380.000
05/23/2006;1.64;1.76;1.55;1.64;3604275;15292130.000
05/24/2006;1.64;1.67;1.49;1.56;2409444;9786141.000
05/25/2006;1.52;1.62;1.52;1.61;1491971;6043230.000
05/26/2006;1.61;1.68;1.61;1.67;1759244;7446832.000
05/29/2006;1.67;1.80;1.63;1.77;2891026;12700731.000
05/30/2006;1.78;1.79;1.73;1.74;1412320;6328111.000
05/31/2006;1.71;1.73;1.65;1.67;1606319;6942988.000
06/01/2006;1.68;1.83;1.67;1.79;2566327;11509809.000
06/02/2006;1.79;1.87;1.74;1.81;1603227;7322145.000
06/05/2006;1.82;2.01;1.82;2.01;6408618;32191610.000
06/06/2006;2.11;2.11;1.97;2.00;4385506;22263508.000
06/07/2006;2.00;2.11;1.81;1.86;3383515;16857256.000
06/08/2006;1.85;1.94;1.81;1.90;2444138;11625014.000
06/09/2006;1.91;1.92;1.83;1.88;1293353;6160395.000
06/12/2006;1.88;1.90;1.71;1.85;2169192;9920997.000
06/13/2006;1.87;1.87;1.76;1.81;1204052;5506435.000
06/14/2006;1.82;1.88;1.76;1.77;596077;2650440.000
06/15/2006;1.79;1.83;1.70;1.77;612079;2668693.000
06/16/2006;1.77;1.84;1.76;1.81;895149;3986407.000
06/19/2006;1.79;1.93;1.79;1.92;1168431;5400515.000
06/20/2006;1.91;1.95;1.88;1.93;920427;4337583.000
06/21/2006;1.93;1.94;1.78;1.91;1197786;5614625.000
06/22/2006;1.91;1.97;1.90;1.90;1176440;5587690.000
06/23/2006;1.91;1.91;1.82;1.88;811873;3727875.000
06/26/2006;1.88;1.96;1.82;1.91;1886952;8842031.000
06/27/2006;1.93;1.95;1.89;1.92;1017958;4784739.000
06/28/2006;1.91;1.91;1.87;1.91;737359;3449766.000
06/29/2006;1.91;1.99;1.90;1.95;2762526;13178580.000
06/30/2006;1.95;1.99;1.87;1.94;1236695;5862764.000
07/03/2006;1.93;1.95;1.87;1.94;1385513;6560872.000
07/04/2006;1.94;1.98;1.91;1.95;1472440;7051098.000
07/05/2006;1.95;1.95;1.86;1.91;656174;3079764.000
07/06/2006;1.87;1.94;1.86;1.93;1510263;7134499.000
07/07/2006;1.94;1.94;1.88;1.89;1001869;4700696.000
07/10/2006;1.87;1.92;1.86;1.91;1128350;5287286.000
07/11/2006;1.91;1.92;1.88;1.91;893550;4196172.000
07/12/2006;1.91;2.11;1.91;2.11;4828044;24446908.000
07/13/2006;2.12;2.14;1.88;1.91;4862141;24094552.000
07/14/2006;1.88;1.96;1.77;1.91;2020923;9430322.000
07/17/2006;1.91;2.09;1.91;2.04;2836721;14126086.000
07/18/2006;2.11;2.27;2.04;2.26;10579317;56616032.000
07/19/2006;2.27;2.29;2.11;2.18;5741219;30481824.000
07/20/2006;2.19;2.34;2.17;2.31;5695824;31424754.000
07/21/2006;2.31;2.31;2.24;2.28;2897616;16014302.000
07/24/2006;2.28;2.28;2.15;2.20;2392255;12799981.000
07/25/2006;2.19;2.23;2.17;2.21;1779024;9569654.000
07/26/2006;2.20;2.33;2.19;2.25;2888757;15940680.000
07/27/2006;2.25;2.31;2.19;2.20;2275325;12367650.000
07/28/2006;2.19;2.23;2.11;2.14;1972524;10351965.000
07/31/2006;2.14;2.15;2.06;2.08;1342453;6913779.000
08/01/2006;2.06;2.11;2.04;2.06;974496;4937348.000
08/02/2006;2.07;2.15;2.06;2.14;1365571;7029189.000
08/03/2006;2.14;2.15;2.09;2.11;752640;3901056.000
08/04/2006;2.11;2.16;2.07;2.07;927000;4807250.000
08/07/2006;2.03;2.07;1.96;1.97;1298175;6381539.000
08/08/2006;1.97;2.05;1.97;2.05;711367;3520459.000
08/09/2006;2.05;2.11;2.03;2.09;822676;4168301.000
08/10/2006;2.08;2.12;2.06;2.11;1287022;6580636.000
08/11/2006;2.11;2.11;2.07;2.09;848196;4324920.000
08/14/2006;2.10;2.11;2.02;2.04;1415822;7168928.000
08/15/2006;2.03;2.07;2.01;2.07;1017103;5076856.000
08/16/2006;2.05;2.09;2.04;2.09;1093886;5566151.000
08/17/2006;2.08;2.16;2.08;2.12;2264434;11774963.000
08/21/2006;2.05;2.13;2.02;2.12;805074;4105557.000
08/22/2006;2.12;2.19;2.12;2.16;1202804;6350800.000
08/23/2006;2.17;2.23;2.15;2.15;1339353;7153372.000
08/24/2006;2.16;2.17;2.11;2.17;919464;4799336.000
08/25/2006;2.19;2.19;2.14;2.15;768241;4045709.000
08/28/2006;2.15;2.21;2.13;2.20;1337537;7107975.000
08/29/2006;2.20;2.22;2.16;2.16;1467418;7848102.000
08/30/2006;2.15;2.19;2.15;2.18;778678;4117935.000
08/31/2006;2.17;2.23;2.17;2.21;1693976;9100571.000
09/01/2006;2.23;2.26;2.18;2.24;2428545;13161198.000
09/04/2006;2.26;2.30;2.25;2.28;2446973;13535420.000
09/05/2006;2.28;2.30;2.20;2.21;1906445;10387482.000
09/06/2006;2.21;2.24;2.16;2.17;2239144;11999941.000
09/07/2006;2.17;2.24;2.08;2.12;1382528;4872113.000
09/08/2006;2.10;2.12;2.04;2.10;1973565;6661140.000
09/11/2006;2.09;2.10;2.02;2.08;1068312;3597276.000
09/12/2006;2.07;2.08;2.04;2.07;1250167;4198304.000
09/13/2006;2.07;2.09;2.05;2.06;1131971;3822178.000
09/14/2006;2.06;2.07;2.00;2.04;1223233;4060179.000
09/15/2006;2.02;2.12;2.01;2.11;2602233;8806791.000
09/18/2006;2.10;2.22;2.10;2.20;4790464;16960566.000
09/19/2006;2.21;2.22;2.16;2.19;2074138;7343387.000
09/20/2006;2.16;2.18;2.10;2.16;1778582;6209583.000
09/21/2006;2.13;2.16;2.11;2.14;1124910;3909914.000
09/22/2006;2.15;2.20;2.15;2.16;1964513;6941077.000
09/25/2006;2.15;2.18;2.08;2.11;1408831;4857974.000
09/26/2006;2.15;2.16;2.09;2.14;1166628;4029195.000
09/27/2006;2.14;2.18;2.12;2.14;1236374;4320476.000
09/28/2006;2.16;2.24;2.12;2.22;3460149;12328190.000
09/29/2006;2.21;2.30;2.20;2.27;7970127;29294040.000
10/09/2006;2.31;2.36;2.31;2.32;11287300;42603488.000
10/10/2006;2.32;2.32;2.24;2.28;3943598;14497457.000
10/11/2006;2.28;2.28;2.21;2.26;2664665;9668216.000
10/12/2006;2.24;2.26;2.22;2.23;1789254;6489574.000
10/13/2006;2.22;2.26;2.21;2.23;1520862;5511424.000
10/16/2006;2.22;2.30;2.20;2.27;2820380;10332721.000
10/17/2006;2.27;2.48;2.27;2.47;18508882;71780648.000
10/18/2006;2.42;2.65;2.38;2.54;13737832;55368424.000
10/19/2006;2.54;2.60;2.48;2.55;7168873;29411678.000
10/20/2006;2.55;2.82;2.55;2.78;16251150;71366328.000
10/23/2006;2.75;2.89;2.67;2.73;11522128;51577008.000
10/24/2006;2.72;3.02;2.70;3.02;14774297;69229376.000
10/25/2006;3.04;3.15;2.93;3.09;12038405;58177840.000
10/26/2006;3.04;3.08;2.93;2.98;6313338;30092066.000
10/27/2006;2.95;3.18;2.88;2.90;7409916;35697700.000
10/30/2006;2.88;3.02;2.78;2.97;4284358;19607120.000
10/31/2006;2.92;3.02;2.82;2.98;4676717;21804248.000
11/01/2006;2.98;3.26;2.88;3.24;9033931;45174540.000
11/02/2006;3.19;3.29;3.08;3.23;3625966;18269426.000
11/03/2006;3.17;3.31;3.13;3.21;5406998;27719814.000
11/06/2006;3.14;3.18;3.08;3.14;2940350;14552969.000
11/07/2006;3.10;3.14;2.81;3.12;7148898;33480414.000
11/08/2006;3.17;3.24;3.07;3.08;6260818;31494460.000
11/09/2006;3.06;3.16;3.02;3.14;2929560;14507740.000
11/10/2006;3.10;3.17;2.96;3.11;3639716;17705380.000
11/13/2006;3.12;3.12;2.88;2.90;3774615;17831652.000
11/14/2006;2.87;3.10;2.82;3.08;3103603;14605128.000
11/15/2006;3.08;3.22;3.00;3.19;3991675;19966998.000
11/16/2006;3.18;3.22;2.96;2.97;5448102;26767940.000
11/17/2006;2.98;3.04;2.92;3.02;1665120;7932073.000
11/20/2006;3.01;3.02;2.88;2.93;3076563;14366132.000
11/21/2006;2.93;3.16;2.90;3.12;3764700;18365200.000
11/22/2006;3.09;3.16;3.02;3.10;2469343;12200492.000
11/23/2006;3.05;3.22;3.02;3.19;3192449;15862574.000
11/24/2006;3.16;3.52;3.14;3.44;9085949;48375536.000
11/27/2006;3.43;3.46;3.30;3.45;6250146;33321448.000
11/28/2006;3.40;3.42;3.29;3.35;3607697;19147582.000
11/29/2006;3.33;3.50;3.24;3.46;4810201;25895736.000
11/30/2006;3.47;3.58;3.42;3.48;5219919;28956158.000
12/01/2006;3.45;3.48;3.32;3.40;4040335;21698380.000
12/04/2006;3.43;3.46;3.34;3.45;4772375;25680316.000
12/05/2006;3.50;3.60;3.42;3.51;5316083;29499020.000
12/06/2006;3.49;3.78;3.42;3.69;10201327;58126984.000
12/07/2006;3.68;3.74;3.58;3.58;4985791;28805168.000
12/08/2006;3.58;3.96;3.58;3.86;15486315;93604136.000
12/11/2006;3.78;4.08;3.74;4.04;7022220;43752000.000
12/12/2006;3.98;4.22;3.87;4.10;4466936;28225836.000
12/13/2006;4.08;4.15;3.95;3.99;2655413;16709918.000
12/14/2006;3.97;4.06;3.94;4.02;2316891;14528686.000
12/15/2006;4.02;4.06;3.90;4.02;2835721;17670152.000
12/18/2006;4.06;4.25;3.98;4.19;4059842;26367464.000
12/19/2006;4.22;4.22;3.95;4.02;3999187;25256316.000
12/20/2006;3.98;4.01;3.90;3.93;2850233;17599096.000
12/21/2006;3.93;4.00;3.82;3.83;2355458;14394946.000
12/22/2006;3.82;3.88;3.76;3.87;2288916;13852448.000
12/25/2006;3.92;4.10;3.86;4.07;2560753;15925725.000
12/26/2006;4.06;4.11;3.94;3.97;2452619;15444877.000
12/27/2006;3.94;4.02;3.86;3.87;1535952;9498740.000
12/28/2006;3.92;3.96;3.81;3.90;2831264;17159644.000
12/29/2006;3.90;4.01;3.88;3.94;1510876;9319560.000
01/04/2007;4.15;4.26;4.02;4.13;4428545;28832620.000
01/05/2007;4.13;4.48;4.03;4.45;4156666;27920036.000
01/08/2007;4.42;4.75;4.42;4.70;3540433;25588800.000
01/09/2007;4.70;4.74;4.58;4.72;3844098;27947076.000
01/10/2007;4.72;4.92;4.64;4.88;3137958;23356722.000
01/11/2007;5.01;5.34;4.88;5.22;4449369;35454912.000
01/12/2007;5.22;5.34;4.78;4.95;5190851;40515456.000
01/15/2007;4.95;5.10;4.83;5.07;4877486;37920404.000
01/16/2007;5.19;5.47;5.11;5.40;5525190;45603608.000
01/17/2007;5.40;5.74;5.20;5.49;5171294;44321504.000
01/18/2007;5.42;5.58;5.26;5.47;2557291;21515478.000
01/19/2007;5.47;5.74;5.47;5.74;3900008;34153288.000
01/22/2007;5.85;6.33;5.85;6.32;4120066;39535240.000
01/23/2007;6.35;6.38;6.00;6.22;3541364;33679424.000
01/24/2007;6.22;6.30;5.92;6.10;3169043;30031832.000
01/25/2007;6.07;6.07;5.48;5.62;5067231;44785368.000
01/26/2007;5.54;5.72;5.15;5.71;2698462;22747046.000
01/29/2007;5.71;5.88;5.60;5.82;3818752;33792820.000
01/30/2007;5.82;5.99;5.55;5.58;3025098;26643548.000
01/31/2007;5.48;5.55;5.13;5.14;2739505;22706048.000
02/01/2007;5.08;5.28;4.94;5.14;2195793;17313918.000
02/05/2007;4.96;5.49;4.92;5.48;3560391;29467464.000
02/06/2007;5.60;5.67;5.48;5.64;1911265;16526233.000
02/07/2007;5.88;5.88;5.60;5.70;1682755;14931286.000
02/08/2007;5.68;6.00;5.64;5.96;2855619;25852486.000
02/09/2007;5.98;6.26;5.96;6.20;4815976;45670404.000
02/12/2007;6.28;6.38;6.12;6.28;1999526;19433242.000
02/13/2007;6.26;6.48;6.12;6.32;2489836;24196806.000
02/14/2007;6.40;6.68;6.32;6.62;2622452;26488670.000
02/15/2007;6.67;6.83;6.67;6.77;1518921;15812604.000
02/16/2007;6.77;6.92;6.70;6.83;1779556;18727344.000
02/26/2007;6.88;6.88;6.52;6.75;2120195;21979500.000
02/27/2007;6.75;6.92;6.06;6.06;3861229;37374804.000
02/28/2007;5.82;6.04;5.62;5.99;5523799;49861504.000
03/01/2007;5.91;5.93;5.48;5.57;3388975;30064276.000
03/02/2007;5.62;6.12;5.62;6.07;3592630;33034180.000
03/05/2007;5.92;6.67;5.90;6.55;7518063;74310872.000
03/06/2007;6.55;6.59;6.32;6.47;2165476;21529828.000
03/07/2007;6.47;6.70;6.47;6.60;2224527;22594636.000
03/08/2007;6.72;6.72;6.45;6.60;1801716;18135348.000
03/09/2007;6.55;6.68;6.42;6.62;2005428;19975782.000
03/12/2007;6.62;6.68;6.42;6.57;1945164;19345262.000
03/13/2007;6.58;6.95;6.58;6.88;3952955;41193340.000
03/14/2007;6.79;7.18;6.55;7.07;4344884;46161336.000
03/15/2007;7.00;7.25;6.96;7.18;3325136;36124500.000
03/16/2007;7.18;7.25;6.70;6.83;3193575;33708340.000
03/19/2007;6.59;7.02;6.48;6.82;2045021;21141716.000
03/21/2007;6.94;7.16;6.82;6.96;3350112;35756344.000
03/22/2007;6.97;7.13;6.82;6.83;2933759;31092956.000
03/23/2007;6.87;6.97;6.67;6.81;2125688;22085588.000
03/26/2007;6.82;6.85;6.64;6.84;6330717;64853684.000
03/27/2007;6.85;7.40;6.85;7.38;6852139;74965600.000
03/28/2007;7.37;7.38;6.88;7.30;5123748;56321740.000
03/29/2007;7.27;7.34;7.02;7.10;2592761;28240984.000
03/30/2007;7.05;7.41;6.95;7.03;2815230;30563064.000
04/02/2007;7.08;7.20;6.97;7.16;2265493;24475500.000
04/03/2007;7.16;7.28;7.05;7.25;3969495;43524168.000
04/04/2007;7.25;7.58;7.22;7.45;5959332;67318144.000
04/05/2007;7.42;7.42;7.27;7.36;4137234;46292064.000
04/06/2007;7.34;7.49;7.24;7.39;4847820;54367536.000
04/09/2007;7.46;7.74;7.35;7.68;6583406;76106448.000
04/10/2007;7.70;7.75;7.28;7.53;4942877;56315792.000
04/11/2007;7.52;7.75;7.28;7.62;5866581;66331464.000
04/12/2007;7.55;7.94;7.42;7.93;6367237;74663608.000
04/13/2007;7.88;8.02;7.69;7.86;4615254;55325780.000
04/16/2007;7.90;8.22;7.90;8.16;5434186;66716464.000
04/17/2007;8.22;8.99;8.22;8.99;10422222;138399536.000
04/18/2007;9.48;9.65;9.02;9.45;8315288;117138640.000
04/19/2007;9.34;9.34;8.55;8.78;7813657;104859208.000
04/20/2007;8.64;9.44;8.64;9.28;5593762;77367688.000
04/23/2007;9.45;9.75;9.38;9.58;7263790;105305264.000
04/24/2007;9.62;9.66;9.30;9.41;5905027;84493400.000
04/25/2007;9.40;9.40;9.02;9.33;4893554;68195800.000
04/26/2007;9.39;9.92;9.22;9.82;5703113;83263384.000
04/27/2007;9.84;10.19;9.68;9.80;6175181;92944800.000
04/30/2007;9.75;10.80;9.68;10.55;5509252;85054056.000
05/08/2007;11.08;11.54;10.70;11.28;5904134;99599368.000
05/09/2007;11.34;11.34;10.14;10.70;7720911;125478400.000
05/10/2007;10.67;10.82;10.30;10.59;3839140;61321888.000
05/11/2007;10.32;10.55;10.15;10.37;3478051;54576968.000
05/14/2007;10.25;10.93;10.04;10.76;5152077;82402208.000
05/15/2007;10.56;10.76;10.18;10.33;3847100;60855428.000
05/16/2007;10.24;10.75;10.22;10.65;3523239;56558104.000
05/17/2007;10.65;11.36;10.65;11.18;6238726;104998904.000
05/18/2007;11.23;11.52;10.95;11.25;4359169;74500456.000
05/21/2007;10.88;12.28;10.82;12.16;6883572;121467808.000
05/22/2007;12.42;13.08;12.02;12.94;9080015;175004336.000
05/23/2007;13.22;14.24;12.22;12.94;8105367;156231792.000
05/24/2007;12.88;12.88;11.82;12.40;10345125;191524080.000
05/31/2007;11.55;11.96;11.14;11.70;7332473;127341600.000
06/01/2007;11.70;11.88;10.65;10.77;5424388;93892472.000
06/04/2007;11.22;11.47;10.22;10.50;4480437;73873000.000
06/05/2007;10.56;11.56;10.32;11.50;5514735;90784608.000
06/06/2007;11.68;12.42;11.42;12.17;7331364;133162296.000
06/07/2007;12.56;13.14;12.35;12.85;9609647;184991424.000
06/08/2007;12.48;12.55;11.75;12.19;11615832;216837728.000
06/11/2007;11.98;12.22;11.56;11.92;8551222;153343168.000
06/12/2007;11.95;12.05;11.22;11.69;7638559;133887264.000
06/13/2007;11.91;12.32;11.91;12.22;7381536;135737744.000
06/14/2007;12.22;12.22;11.56;11.65;4777568;85702648.000
06/15/2007;11.61;12.02;11.42;11.68;4361134;77542976.000
06/18/2007;11.88;12.54;11.87;12.51;8178654;151420528.000
06/19/2007;12.50;12.61;12.25;12.47;5792665;108899312.000
06/20/2007;12.40;12.55;11.78;11.88;6176497;114091112.000
06/21/2007;11.75;11.98;11.02;11.36;5884044;101600672.000
06/22/2007;11.42;11.55;10.22;10.26;7811323;127176856.000
06/25/2007;10.40;10.65;9.89;10.16;4717979;73502992.000
06/26/2007;10.15;10.62;10.02;10.61;3715927;58361864.000
06/27/2007;10.72;10.93;10.42;10.88;3977810;64522496.000
06/28/2007;10.88;11.13;10.28;10.28;3791867;61636128.000
06/29/2007;10.02;10.02;9.25;9.54;4455739;64636228.000
07/02/2007;9.54;9.71;9.15;9.68;2811938;40070044.000
07/03/2007;9.68;10.14;9.55;10.01;2486544;37152640.000
07/04/2007;10.12;10.14;9.43;9.50;1357006;20171240.000
07/05/2007;9.50;9.95;9.25;9.55;3274490;48144136.000
07/06/2007;9.52;9.92;9.35;9.88;2705796;39814472.000
07/09/2007;10.00;10.35;9.95;10.19;2392527;37048316.000
07/10/2007;10.28;10.28;9.82;9.82;1701983;25896078.000
07/11/2007;9.82;10.08;9.62;9.68;1599601;23872068.000
07/12/2007;9.68;10.00;9.52;9.78;1536273;22474012.000
07/13/2007;9.75;9.87;9.60;9.72;523491;7676382.000
07/16/2007;9.72;9.72;9.24;9.26;1060922;15079256.000
07/17/2007;9.32;9.35;9.00;9.23;1035837;14443590.000
07/18/2007;9.35;9.35;9.22;9.24;993598;13995858.000
07/19/2007;9.24;9.32;9.10;9.27;1651297;23059932.000
07/20/2007;9.27;9.70;9.22;9.61;2629925;37917860.000
07/23/2007;9.62;10.12;9.62;10.02;2782090;41882072.000
07/24/2007;10.05;10.15;9.88;9.92;3023015;46013352.000
07/25/2007;9.93;10.07;9.74;10.06;2814621;42276824.000
07/26/2007;10.15;10.47;9.92;10.38;3567323;55069080.000
07/27/2007;10.22;10.37;10.05;10.24;4451956;68752792.000
07/30/2007;10.30;10.66;10.15;10.44;5820495;91582504.000
07/31/2007;10.34;10.66;10.28;10.66;4337820;68913472.000
08/01/2007;10.75;10.86;10.08;10.14;5054936;80266360.000
08/02/2007;10.08;10.41;9.81;10.20;2941924;45134328.000
08/03/2007;10.20;10.34;9.82;10.00;4478415;67689576.000
08/06/2007;10.10;10.10;9.78;9.88;6252847;93828744.000
08/07/2007;10.00;10.75;9.89;10.51;10048072;158045200.000
08/08/2007;10.42;10.45;9.82;10.08;4255029;65592376.000
08/09/2007;10.22;10.28;9.88;10.01;2881347;43958188.000
08/10/2007;10.02;10.08;9.41;9.58;3678077;54195352.000
08/13/2007;9.49;9.55;9.18;9.34;4822502;67854048.000
08/14/2007;9.42;10.12;9.41;10.02;4234394;62487888.000
08/15/2007;10.24;10.24;9.69;9.88;3320994;49915564.000
08/16/2007;10.02;10.23;9.76;10.16;3941979;60091136.000
08/17/2007;10.12;10.52;10.06;10.08;3854913;60161312.000
08/20/2007;10.20;10.62;10.20;10.45;5243640;83434488.000
08/21/2007;10.49;10.58;10.15;10.42;3908946;61262748.000
08/22/2007;10.20;10.42;10.06;10.21;6561239;101148728.000
08/23/2007;10.22;10.73;10.12;10.70;7306416;117052456.000
08/24/2007;10.72;11.18;10.68;10.72;6716228;111317168.000
08/27/2007;11.02;11.02;10.20;10.52;5157078;82178248.000
08/28/2007;10.52;10.52;10.22;10.36;2699520;42246132.000
08/29/2007;10.28;10.34;10.11;10.30;2163920;33553558.000
08/30/2007;10.42;10.85;10.38;10.78;5400862;87462832.000
08/31/2007;10.79;11.13;10.68;10.76;5313923;87966544.000
09/03/2007;10.76;11.16;10.55;11.02;5465328;90390256.000
09/04/2007;11.00;11.18;10.82;10.99;3683306;61606980.000
09/05/2007;11.15;11.32;10.85;10.92;3575743;59955028.000
09/06/2007;11.08;11.21;10.76;10.98;4110980;67984424.000
09/07/2007;10.62;10.92;10.56;10.57;3209909;52014860.000
09/10/2007;10.55;10.57;10.16;10.56;2725604;42826080.000
09/11/2007;10.55;10.75;10.15;10.22;3630515;57962068.000
09/12/2007;10.02;10.54;9.88;10.21;3190855;48880844.000
09/13/2007;10.25;11.24;10.02;11.24;9811562;163324800.000
09/14/2007;11.52;12.34;11.52;12.11;17155325;309467552.000
09/17/2007;12.10;12.46;11.60;12.26;13470153;243150512.000
09/18/2007;12.15;12.15;11.70;11.88;5271855;94795712.000
09/19/2007;11.88;12.23;11.26;11.47;4864908;86709632.000
09/20/2007;11.52;11.78;11.32;11.70;4056833;71202856.000
09/21/2007;11.68;11.68;10.55;10.84;6271969;104610880.000
09/24/2007;10.62;11.25;10.47;11.22;4780352;78745680.000
09/25/2007;11.15;11.22;10.40;10.61;3897734;63243644.000
09/26/2007;10.58;10.79;10.36;10.67;1971064;31574912.000
09/27/2007;10.67;11.00;10.60;10.62;2068985;33868804.000
09/28/2007;10.82;10.98;10.66;10.80;2758888;45442712.000
10/08/2007;10.94;11.07;10.50;10.83;3350508;54895088.000
10/09/2007;10.82;11.20;10.58;11.18;2621311;43326576.000
10/10/2007;11.25;11.54;10.88;10.93;4117840;70204016.000
10/11/2007;10.94;11.02;10.55;10.64;2654360;42971620.000
10/12/2007;10.56;10.84;9.57;9.97;4378731;66494276.000
10/15/2007;9.98;9.98;9.36;9.66;2579580;37630996.000
10/16/2007;9.66;9.68;9.36;9.67;2952395;42609832.000
10/17/2007;9.76;10.07;9.72;9.88;2035191;30487564.000
10/18/2007;9.98;9.98;9.42;9.46;1413695;20534332.000
10/19/2007;9.56;10.04;9.42;9.68;1431598;21071360.000
10/22/2007;9.72;9.98;9.30;9.49;1223019;17993840.000
10/23/2007;9.48;9.64;9.00;9.14;1901444;26695436.000
10/24/2007;9.18;9.30;9.02;9.20;1486120;20618692.000
10/25/2007;9.20;9.22;8.26;8.26;2605324;33811236.000
10/26/2007;8.02;8.26;7.62;7.88;1791428;21580240.000
10/29/2007;7.90;8.10;7.42;8.08;1612326;18912602.000
10/30/2007;8.22;8.25;7.68;8.24;1118891;13874234.000
10/31/2007;8.42;8.72;8.24;8.56;1682809;21821380.000
11/01/2007;8.67;8.67;7.95;8.00;1478401;18415992.000
11/02/2007;7.76;8.25;7.75;8.02;1324587;16304348.000
11/05/2007;8.08;8.25;7.88;8.23;1290474;15942734.000
11/06/2007;8.23;9.06;8.05;9.06;3940061;52754152.000
11/07/2007;9.02;9.49;8.67;8.73;3054496;42328724.000
11/08/2007;8.55;8.79;7.98;8.14;1462048;18752496.000
11/09/2007;8.07;8.97;7.95;8.64;3377973;44307420.000
11/12/2007;8.41;8.96;8.41;8.81;1893435;25062436.000
11/13/2007;8.88;9.08;8.58;8.68;1579185;21073220.000
11/14/2007;8.80;8.95;8.65;8.92;1792880;23966332.000
11/15/2007;8.85;8.92;8.45;8.50;1477154;19407246.000
11/16/2007;8.60;8.60;8.34;8.56;867791;11203577.000
11/19/2007;8.55;8.77;8.55;8.63;839836;11046081.000
11/20/2007;8.55;8.86;8.52;8.82;1615275;21514494.000
11/21/2007;8.83;9.05;8.67;8.98;3130003;42275148.000
11/22/2007;9.00;9.02;8.55;8.62;1099892;14728919.000
11/23/2007;8.62;9.45;8.55;9.22;7637193;106041560.000
11/26/2007;9.22;9.34;8.95;9.02;3927718;54306136.000
11/27/2007;8.85;8.95;8.65;8.66;1730774;23078626.000
11/29/2007;8.68;8.86;8.38;8.73;2164455;28328624.000
11/30/2007;8.73;8.73;8.16;8.18;2042014;25982896.000
12/03/2007;8.16;8.28;8.02;8.26;908239;11303345.000
12/04/2007;8.22;8.45;8.20;8.37;1100091;13920952.000
12/05/2007;8.37;8.46;8.22;8.42;1440309;18272720.000
12/06/2007;8.45;8.56;8.27;8.52;1179810;15109147.000
12/07/2007;8.54;8.90;8.52;8.81;1967657;26279988.000
12/10/2007;8.68;9.32;8.58;9.12;3840270;53034576.000
12/11/2007;9.14;9.19;8.95;9.12;2101115;28935840.000
12/12/2007;9.12;9.27;8.98;9.14;2101995;29122196.000
12/13/2007;9.18;9.36;8.82;8.85;2213144;30829080.000
12/14/2007;8.82;9.00;8.62;8.99;1875646;25072836.000
12/17/2007;8.94;9.28;8.94;9.15;2056126;28625260.000
12/18/2007;9.15;9.28;9.02;9.12;1157223;16124440.000
12/19/2007;9.22;9.48;9.15;9.38;2963215;42139808.000
12/20/2007;9.42;9.44;9.29;9.38;2060668;29340056.000
12/21/2007;9.36;9.53;9.18;9.45;3192747;45415656.000
12/24/2007;9.53;9.85;9.36;9.72;4214221;61854456.000
12/25/2007;9.72;10.02;9.62;9.82;3574092;53625216.000
12/26/2007;9.83;10.08;9.76;10.08;3396207;51521544.000
12/27/2007;10.08;10.11;9.90;10.00;2974645;45164208.000
12/28/2007;10.06;10.50;9.96;10.28;3694318;57695632.000
01/02/2008;10.30;10.58;10.07;10.54;2655786;41902032.000
01/03/2008;10.54;10.87;10.38;10.81;4546792;73452816.000
01/04/2008;10.89;10.89;10.56;10.62;1873428;30266478.000
01/07/2008;10.60;11.15;10.50;11.00;4074958;67306296.000
01/08/2008;11.12;11.12;9.91;10.55;4461101;72156312.000
01/09/2008;10.58;10.74;10.07;10.55;5987789;94269640.000
01/10/2008;10.55;10.75;10.42;10.54;6402658;102937880.000
01/11/2008;10.57;10.86;10.47;10.67;4272706;69039408.000
01/14/2008;10.72;10.74;10.25;10.31;5871824;92640032.000
01/15/2008;10.36;10.70;10.32;10.68;3901056;62002928.000
01/16/2008;10.74;11.07;10.57;11.00;8434334;139637216.000
01/17/2008;11.14;11.14;10.14;10.50;3932188;63446352.000
01/18/2008;10.42;10.58;10.14;10.28;3004041;46902764.000
01/21/2008;10.30;10.35;9.48;9.56;3245614;48519500.000
01/22/2008;9.35;9.38;8.59;8.78;6203824;83606128.000
01/23/2008;8.76;9.35;8.56;9.34;2667484;36459204.000
01/24/2008;9.39;9.62;9.18;9.40;2276067;32633872.000
01/25/2008;9.42;9.86;9.42;9.60;1614229;23657164.000
01/28/2008;9.62;9.62;8.82;9.00;1566681;21694712.000
01/29/2008;9.02;9.48;9.02;9.36;1351477;19146188.000
01/30/2008;9.42;9.74;8.55;9.55;1654102;23474764.000
01/31/2008;9.55;9.78;9.44;9.57;1225414;17889730.000
02/01/2008;9.57;9.74;8.92;9.30;1195266;16677042.000
02/04/2008;9.43;10.02;9.43;9.92;3243922;48181424.000
02/05/2008;9.87;9.87;9.55;9.62;1829032;26895234.000
02/13/2008;9.56;9.69;9.34;9.42;599622;8624598.000
02/14/2008;9.47;9.71;9.40;9.67;786791;11453177.000
02/15/2008;9.55;9.74;9.36;9.73;674188;9762360.000
02/18/2008;9.85;10.20;9.74;10.08;3401081;51751264.000
02/19/2008;10.15;10.27;9.93;10.16;2158981;33183528.000
02/20/2008;10.22;10.38;9.98;10.12;2319250;35878536.000
02/21/2008;10.14;10.34;9.98;10.26;2298424;35568836.000
02/22/2008;10.27;10.31;9.76;9.80;2213318;33437524.000
02/25/2008;9.76;10.02;9.02;9.21;1601845;23098752.000
02/26/2008;9.57;9.71;8.80;8.96;2101789;28869012.000
02/27/2008;9.02;9.34;9.02;9.20;1039240;14549574.000
02/28/2008;9.42;9.48;9.08;9.30;800432;11316663.000
02/29/2008;9.22;9.44;9.19;9.38;992692;14071235.000
03/03/2008;9.36;9.76;9.22;9.74;1820016;26509048.000
03/04/2008;9.75;10.00;9.72;9.92;2769601;41542464.000
03/05/2008;9.94;10.05;9.66;9.99;2049472;30599728.000
03/06/2008;9.99;10.08;9.80;10.06;4084550;61670976.000
03/07/2008;10.02;10.02;9.62;9.72;1607065;23776796.000
03/10/2008;9.46;9.74;9.16;9.44;1377378;19588956.000
03/11/2008;9.23;9.58;9.12;9.56;1669716;23587860.000
03/12/2008;9.60;9.80;9.28;9.42;1934726;27786520.000
03/13/2008;9.46;9.47;8.78;8.96;3151046;43746344.000
03/14/2008;9.02;9.02;8.42;8.56;2459375;32583514.000
03/17/2008;8.60;8.61;7.88;7.98;1353732;16805862.000
03/18/2008;7.86;8.09;7.17;7.56;1653735;18894284.000
03/19/2008;7.68;8.07;7.68;7.89;2086358;24995948.000
03/20/2008;7.95;8.29;7.48;8.25;995804;12032890.000
03/21/2008;8.34;8.36;8.08;8.16;761900;9541325.000
03/24/2008;8.25;8.42;8.00;8.04;781040;9704124.000
03/25/2008;7.88;8.22;7.88;8.14;551539;6765152.000
03/26/2008;8.21;8.27;8.02;8.14;554631;6867181.000
03/27/2008;8.12;8.12;7.67;7.69;961400;11462719.000
03/28/2008;7.56;7.95;7.29;7.89;980185;11552414.000
03/31/2008;7.70;7.88;7.48;7.61;602400;7053989.000
04/01/2008;7.71;7.71;6.84;6.88;1598680;17187126.000
04/02/2008;6.77;7.05;6.18;6.48;2980949;29572224.000
04/03/2008;6.32;6.74;6.06;6.62;560571;5589633.000
04/07/2008;6.58;7.16;6.55;7.14;719210;7619453.000
04/08/2008;7.22;7.85;7.22;7.40;1475121;16807580.000
04/09/2008;7.45;7.79;7.34;7.34;2094012;24232518.000
04/10/2008;7.24;7.64;7.22;7.64;1232577;13997034.000
04/11/2008;7.72;7.78;7.57;7.68;959779;11246284.000
04/14/2008;7.68;7.68;7.08;7.18;1003870;11130765.000
04/15/2008;7.10;7.48;6.92;7.43;845774;9159239.000
04/16/2008;7.47;7.48;7.23;7.32;861800;9611339.000
04/17/2008;7.17;7.41;6.85;6.97;1022070;11041182.000
04/18/2008;6.99;6.99;6.42;6.54;1963922;19875006.000
04/21/2008;7.15;7.15;6.57;6.62;942110;9844781.000
04/22/2008;6.55;6.72;6.22;6.68;558603;5511510.000
04/23/2008;6.66;7.09;6.56;7.06;696327;7373340.000
04/24/2008;7.68;7.78;7.36;7.70;2894222;33613416.000
04/25/2008;7.66;7.95;7.50;7.74;2134788;25193244.000
04/29/2008;7.75;7.86;7.22;7.25;4550133;51664168.000
04/30/2008;7.32;7.67;7.26;7.54;2478227;28183490.000
05/05/2008;7.62;8.08;7.54;7.96;3014526;35981188.000
05/06/2008;7.87;8.04;7.75;7.82;2074316;24750322.000
05/07/2008;7.79;7.92;7.48;7.49;1475062;17340758.000
05/08/2008;7.45;7.67;7.34;7.66;1050196;12066672.000
05/09/2008;7.78;7.88;7.56;7.76;1335941;15778309.000
05/12/2008;7.55;8.15;7.48;8.09;3587961;43645144.000
05/13/2008;8.01;8.23;7.95;8.17;3600117;44358368.000
05/14/2008;8.22;8.47;8.15;8.26;2526164;32073508.000
05/15/2008;8.34;8.36;8.12;8.24;1879766;23512160.000
05/16/2008;8.22;8.36;7.87;7.98;1913523;23548876.000
05/19/2008;7.83;8.01;7.82;7.93;718217;5722128.000
05/20/2008;7.97;7.97;7.15;7.43;2204874;16798976.000
05/21/2008;7.30;7.93;7.01;7.63;2146212;15889470.000
05/22/2008;7.55;7.71;7.33;7.57;1455850;11065718.000
05/23/2008;7.48;7.67;7.07;7.37;970468;7125239.000
05/26/2008;7.35;7.35;6.90;6.92;1786640;12629807.000
05/27/2008;6.93;7.08;6.86;7.03;734544;5141140.000
05/28/2008;7.10;7.19;6.89;7.13;1847192;13102849.000
05/29/2008;7.33;7.33;6.99;7.00;1394343;9994889.000
05/30/2008;6.97;7.14;6.75;7.09;1264666;8845600.000
06/02/2008;7.04;7.51;6.95;7.50;3077139;22607028.000
06/03/2008;7.58;7.61;7.22;7.27;4552907;34082976.000
06/04/2008;7.35;7.35;6.87;7.10;1281646;9117121.000
06/05/2008;7.05;7.10;6.92;7.00;803127;5652348.000
06/06/2008;7.05;7.07;6.87;7.03;978728;6861858.000
06/10/2008;6.75;6.75;6.32;6.32;1047902;6838505.000
06/11/2008;6.05;6.25;5.80;5.90;1502016;9025460.000
06/12/2008;5.84;5.95;5.66;5.77;1219025;7099299.000
06/13/2008;5.85;5.97;5.62;5.65;479398;2782067.000
06/16/2008;5.65;5.80;5.45;5.57;474317;2672092.000
06/17/2008;5.70;5.70;5.01;5.07;1501416;7851148.000
06/18/2008;5.05;5.32;4.80;5.23;1473959;7613839.000
06/19/2008;5.24;5.50;4.94;5.34;4900140;26122324.000
06/20/2008;5.41;5.79;5.02;5.62;7268729;39997592.000
06/23/2008;5.39;5.53;5.05;5.08;3713465;19726460.000
06/24/2008;4.95;5.19;4.93;5.18;1639535;8430162.000
06/25/2008;5.19;5.57;5.12;5.46;3309221;17881344.000
06/26/2008;5.53;5.66;5.42;5.56;3327315;18627572.000
06/27/2008;5.25;5.39;5.01;5.02;2000990;10471048.000
06/30/2008;4.95;5.07;4.86;4.93;1161156;5826334.000
07/01/2008;4.95;5.06;4.75;5.04;2044502;10183878.000
07/02/2008;4.95;5.15;4.95;5.05;949821;4851840.000
07/03/2008;4.96;5.30;4.90;5.17;1455576;7557600.000
07/04/2008;5.15;5.25;5.07;5.23;1254860;6528204.000
07/07/2008;5.24;5.54;5.23;5.50;1914798;10475546.000
07/08/2008;5.36;5.61;5.36;5.54;2105630;11666767.000
07/09/2008;5.69;6.10;5.65;6.10;3880562;23491408.000
07/10/2008;6.30;6.45;5.87;5.91;10427815;65642624.000
07/11/2008;5.70;5.88;5.46;5.77;4777212;27349400.000
07/14/2008;5.76;5.91;5.67;5.90;2368407;13836406.000
07/15/2008;5.81;6.11;5.81;5.92;5834170;35080044.000
07/16/2008;5.84;5.84;5.36;5.54;3059752;17139864.000
07/17/2008;5.69;5.74;5.30;5.32;1443227;7975576.000
07/18/2008;5.30;5.57;5.27;5.54;1865473;10240461.000
07/21/2008;5.55;5.82;5.51;5.74;2105276;12084880.000
07/22/2008;5.74;5.91;5.66;5.80;1905507;11083754.000
07/23/2008;5.86;5.95;5.71;5.74;1185540;6940114.000
07/24/2008;5.74;5.93;5.71;5.90;2270446;13390977.000
07/25/2008;5.83;5.85;5.72;5.76;1457064;8485052.000
07/28/2008;5.76;5.91;5.76;5.87;2082777;12290746.000
07/29/2008;5.80;5.90;5.65;5.80;1443511;8404835.000
07/30/2008;5.89;6.00;5.79;5.90;5208794;30926468.000
07/31/2008;5.94;6.21;5.84;5.85;9478756;57639516.000
08/01/2008;5.80;5.90;5.46;5.78;3812749;21844306.000
08/04/2008;5.64;5.65;5.46;5.55;2236099;12497551.000
08/05/2008;5.54;5.58;5.35;5.35;1085789;5966405.000
08/06/2008;5.38;5.53;5.25;5.34;1076381;5838788.000
08/07/2008;5.36;5.41;5.20;5.28;806573;4316320.000
08/08/2008;5.26;5.33;4.75;4.77;1357586;6851208.000
08/11/2008;4.85;4.85;4.29;4.38;1621491;7337387.000
08/12/2008;4.27;4.49;4.26;4.38;1272963;5644786.000
08/13/2008;4.35;4.65;4.29;4.54;1296362;5826073.000
08/14/2008;4.48;4.63;4.48;4.59;752032;3482165.000
08/15/2008;4.53;4.77;4.53;4.71;799453;3773034.000
08/18/2008;4.61;4.75;4.30;4.31;1011401;4541610.000
08/19/2008;4.15;4.38;4.15;4.35;478682;2094180.000
08/20/2008;4.35;4.71;4.30;4.66;1315567;6096466.000
08/21/2008;4.55;4.68;4.44;4.47;706015;3247831.000
08/22/2008;4.47;4.47;4.18;4.33;944380;4136765.000
08/25/2008;4.32;4.42;4.26;4.29;551863;2413022.000
08/26/2008;4.26;4.26;3.87;3.93;1100638;4484933.000
08/27/2008;3.95;4.11;3.86;3.95;921666;3690209.000
08/28/2008;4.01;4.06;3.85;3.93;802755;3220414.000
08/29/2008;3.98;4.10;3.90;4.03;974852;3954932.000
09/01/2008;4.00;4.02;3.80;3.91;730398;2887519.000
09/02/2008;3.87;4.06;3.85;3.99;902370;3635047.000
09/03/2008;3.98;4.07;3.88;4.03;721820;2916651.000
09/04/2008;4.00;4.11;3.98;4.06;888525;3627967.000
09/05/2008;4.06;4.06;3.90;3.95;1235150;4956441.000
09/08/2008;4.00;4.03;3.66;3.78;1000863;3850269.000
09/09/2008;3.75;3.90;3.75;3.88;618126;2403708.000
09/10/2008;3.81;4.06;3.81;4.02;1226537;4952029.000
09/11/2008;3.95;4.19;3.95;4.16;2863993;11909560.000
09/12/2008;4.23;4.26;4.07;4.10;3988649;16834412.000
09/16/2008;4.02;4.04;3.79;3.91;1518566;6038714.000
09/17/2008;3.85;4.04;3.84;3.93;957549;3830721.000
09/18/2008;3.85;3.89;3.53;3.73;1834709;6817602.000
09/19/2008;4.09;4.11;3.96;4.11;2351040;9713731.000
09/22/2008;4.35;4.52;3.95;4.20;4615277;19704676.000
09/23/2008;4.03;4.04;3.79;3.87;2303224;9145988.000
09/24/2008;3.83;3.91;3.75;3.90;1047134;4030618.000
09/25/2008;3.88;4.04;3.85;3.97;1867420;7514352.000
09/26/2008;3.97;4.03;3.83;3.92;1297056;5141747.000
10/06/2008;3.95;3.95;3.73;3.73;966177;3722279.000
10/07/2008;3.66;3.76;3.57;3.68;763577;2836322.000
10/08/2008;3.65;3.66;3.35;3.47;1695100;6024236.000
10/09/2008;3.49;3.57;3.21;3.32;1405568;4811443.000
10/10/2008;3.25;3.25;3.07;3.10;1449051;4619930.000
10/13/2008;3.10;3.25;2.93;3.22;1722111;5357086.000
10/14/2008;3.29;3.33;3.16;3.18;1563950;5169320.000
10/15/2008;3.20;3.20;2.99;3.14;686932;2174288.000
10/16/2008;3.01;3.05;2.93;2.96;1121233;3400889.000
10/17/2008;2.96;3.07;2.96;3.02;474898;1451605.000
10/20/2008;3.05;3.14;2.97;3.11;641047;1999869.000
10/21/2008;3.12;3.21;3.11;3.15;1147328;3693256.000
10/22/2008;3.20;3.26;3.10;3.11;1252318;4051318.000
10/23/2008;3.11;3.13;2.99;3.11;823851;2546194.000
10/24/2008;3.15;3.20;3.05;3.10;383244;1212104.000
10/27/2008;3.08;3.08;2.83;2.87;888548;2646104.000
10/28/2008;2.80;2.97;2.80;2.95;903671;2657025.000
10/29/2008;3.03;3.05;2.78;2.89;973190;2893784.000
10/30/2008;2.90;3.00;2.89;2.95;842530;2521089.000
10/31/2008;2.99;3.00;2.89;2.93;498881;1491419.000
11/03/2008;2.98;2.98;2.85;2.89;293400;867188.000
11/04/2008;2.97;2.97;2.86;2.91;393719;1159356.000
11/05/2008;2.93;3.12;2.85;3.07;1500388;4587462.000
11/06/2008;2.96;3.00;2.94;2.97;601319;1811807.000
11/07/2008;2.97;3.01;2.90;3.00;494180;1489870.000
11/10/2008;3.05;3.20;3.01;3.19;1739809;5541691.000
11/11/2008;3.15;3.21;3.11;3.13;1110550;3551582.000
11/12/2008;3.05;3.31;3.05;3.30;2120613;6938096.000
11/13/2008;3.25;3.64;3.25;3.64;10083145;37008076.000
11/14/2008;3.70;3.95;3.57;3.90;11617854;43696244.000
11/17/2008;3.82;3.94;3.70;3.91;7700348;29829398.000
11/18/2008;3.84;3.88;3.52;3.53;6547142;24979252.000
11/19/2008;3.53;3.88;3.53;3.86;4739774;17895624.000
11/20/2008;4.07;4.10;3.80;3.95;6131456;24671784.000
11/21/2008;3.81;3.99;3.70;3.87;3922379;15391188.000
11/24/2008;3.91;3.91;3.72;3.74;2304745;8917562.000
11/25/2008;3.77;3.89;3.72;3.80;1941262;7458907.000
11/26/2008;3.84;3.98;3.76;3.93;3257424;12860072.000
11/27/2008;4.17;4.28;3.85;3.90;5330275;21822754.000
11/28/2008;3.87;3.89;3.75;3.75;1859536;7180819.000
12/01/2008;3.79;4.02;3.65;3.94;2192202;8614966.000
12/02/2008;3.85;4.03;3.77;3.98;3761732;14997334.000
12/03/2008;4.06;4.27;3.98;4.25;6058516;25534498.000
12/04/2008;4.32;4.40;4.16;4.24;6261804;27144398.000
12/05/2008;4.30;4.63;4.25;4.62;6685973;30106216.000
12/08/2008;4.60;4.82;4.54;4.70;8393381;39464396.000
12/09/2008;4.65;4.72;4.42;4.57;5493055;25286288.000
12/10/2008;4.47;4.72;4.46;4.63;5172956;23985392.000
12/11/2008;4.65;4.68;4.31;4.34;5559224;25235744.000
12/12/2008;4.26;4.33;3.90;4.00;3723207;15418193.000
12/15/2008;4.04;4.21;3.98;4.04;2240101;9210394.000
12/16/2008;4.01;4.10;3.90;4.09;1533475;6246902.000
12/17/2008;4.13;4.20;4.09;4.11;2297796;9623360.000
12/18/2008;4.12;4.22;4.05;4.18;2248099;9432609.000
12/19/2008;4.18;4.30;4.12;4.26;3083150;13177906.000
12/22/2008;4.26;4.41;4.15;4.40;4708609;20395008.000
12/23/2008;4.41;4.43;4.18;4.25;4548772;19726416.000
12/24/2008;4.20;4.28;4.11;4.17;2650170;11297781.000
12/25/2008;4.20;4.36;4.19;4.35;3685781;16092043.000
12/26/2008;4.28;4.46;4.24;4.30;2736163;12062249.000
12/29/2008;4.22;4.25;4.00;4.18;1651154;6904382.000
12/30/2008;4.23;4.25;4.10;4.18;1543847;6539992.000
12/31/2008;4.16;4.27;4.06;4.17;976100;4113544.000
01/05/2009;4.17;4.23;4.07;4.17;3644253;15222003.000
01/06/2009;4.10;4.19;3.93;4.17;6388938;26294284.000
01/07/2009;4.14;4.20;4.10;4.12;3151350;13241049.000
01/08/2009;4.06;4.06;3.91;3.93;3795932;15231208.000
01/09/2009;3.93;4.00;3.90;3.95;2038669;8183630.000
01/12/2009;3.95;4.08;3.94;4.01;2290188;9341966.000
01/13/2009;4.03;4.19;4.01;4.14;5176110;21482636.000
01/14/2009;4.07;4.40;4.07;4.35;7325953;31732334.000
01/15/2009;4.32;4.49;4.25;4.34;6611053;29445936.000
01/16/2009;4.40;4.55;4.33;4.35;5441124;24396064.000
01/19/2009;4.35;4.42;4.27;4.35;3205368;13990727.000
01/20/2009;4.37;4.42;4.31;4.40;2109984;9335893.000
01/21/2009;4.36;4.47;4.25;4.42;3881870;17158808.000
01/22/2009;4.45;4.66;4.39;4.60;6683504;30627556.000
01/23/2009;4.60;4.68;4.53;4.64;4515529;21113856.000
02/02/2009;4.73;5.03;4.60;4.99;9437323;46047044.000
02/03/2009;4.88;5.29;4.88;5.18;8685220;45126224.000
02/04/2009;5.19;5.28;5.05;5.25;6715418;34915688.000
02/05/2009;5.25;5.25;4.92;4.99;6940158;35504792.000
02/06/2009;4.99;5.10;4.95;5.09;7540150;38301432.000
02/09/2009;5.21;5.22;4.95;5.13;9021898;45943568.000
02/10/2009;5.05;5.36;4.99;5.33;7465716;38902056.000
02/11/2009;5.21;5.41;5.12;5.20;6751783;35664412.000
02/12/2009;5.20;5.26;4.96;5.18;3746950;19399562.000
02/13/2009;5.18;5.35;5.13;5.31;7168912;38206896.000
02/16/2009;5.37;5.60;5.31;5.53;13487431;74205104.000
02/17/2009;5.45;5.96;5.36;5.76;14508308;83005488.000
02/18/2009;5.56;5.85;5.51;5.70;12227645;70103624.000
02/19/2009;5.80;6.03;5.66;5.70;12796437;75952392.000
02/20/2009;5.73;5.86;5.41;5.85;7709753;43943648.000
02/23/2009;5.87;6.11;5.70;6.01;11670949;69901880.000
02/24/2009;5.91;6.03;5.46;5.55;7713681;44792760.000
02/25/2009;5.56;5.64;5.15;5.35;8268533;44925340.000
02/26/2009;5.32;5.47;4.81;4.81;10992730;57110612.000
02/27/2009;4.76;4.80;4.39;4.60;6312132;29162336.000
03/02/2009;4.59;4.70;4.50;4.66;3017715;14138372.000
03/03/2009;4.50;4.68;4.40;4.63;2310209;10677905.000
03/04/2009;4.65;5.03;4.61;4.95;5428203;26782068.000
03/05/2009;4.98;5.07;4.85;4.99;9658099;48338944.000
03/06/2009;4.92;4.93;4.78;4.81;5246384;25693330.000
03/09/2009;4.81;4.89;4.59;4.63;4779991;22684592.000
03/10/2009;4.60;4.69;4.52;4.65;3506102;16307515.000
03/11/2009;4.93;4.93;4.70;4.72;10417537;50401544.000
03/12/2009;4.65;4.72;4.52;4.63;2813601;13085522.000
03/13/2009;4.70;4.73;4.58;4.71;2768612;13061096.000
03/16/2009;4.63;4.90;4.56;4.80;5334801;25744232.000
03/17/2009;4.76;5.15;4.76;5.12;6560442;33067446.000
03/18/2009;5.15;5.35;5.15;5.27;11193258;59405960.000
03/19/2009;5.25;5.31;5.15;5.29;6160175;32510670.000
03/20/2009;5.29;5.29;5.08;5.15;4661611;24283592.000
03/23/2009;5.15;5.24;5.10;5.23;4686610;24575008.000
03/24/2009;5.24;5.47;5.24;5.30;6564523;35573644.000
03/25/2009;5.27;5.31;5.08;5.09;3275894;17168142.000
03/26/2009;5.08;5.22;5.02;5.21;2938224;15208327.000
03/27/2009;5.25;5.27;5.17;5.22;3918012;20656598.000
03/30/2009;5.29;5.50;5.19;5.45;6595376;35711196.000
03/31/2009;5.34;5.81;5.28;5.70;8261634;46697480.000
04/01/2009;5.68;5.85;5.65;5.70;7034884;40686216.000
04/02/2009;5.71;5.80;5.57;5.61;4634553;26430152.000
04/03/2009;5.61;5.69;5.46;5.51;3011360;16898884.000
04/07/2009;5.50;5.57;5.40;5.46;4370075;24128552.000
04/08/2009;5.46;5.57;5.38;5.40;3718191;20559278.000
04/09/2009;5.40;5.45;5.30;5.43;2745817;14880680.000
04/10/2009;5.46;5.65;5.41;5.62;4563004;25610622.000
04/13/2009;5.63;5.74;5.54;5.62;6857483;39095448.000
04/14/2009;5.69;6.04;5.58;5.89;10717261;62517384.000
04/15/2009;5.89;6.20;5.80;6.19;10894739;66145188.000
04/16/2009;6.15;6.48;5.96;6.29;15871781;99594352.000
04/17/2009;6.30;6.30;5.85;5.94;9784503;59493364.000
04/20/2009;5.94;6.10;5.85;6.08;4822217;29339354.000
04/21/2009;6.00;6.12;5.90;6.05;4428135;26750828.000
04/22/2009;6.09;6.49;5.96;6.09;15918164;100260880.000
04/23/2009;6.03;6.33;5.96;6.22;6490283;40299916.000
04/24/2009;6.16;6.42;5.95;6.07;8181111;51075876.000
04/28/2009;5.76;6.20;5.55;6.19;8853515;53250848.000
04/29/2009;6.46;6.81;6.37;6.37;18270125;121984736.000
04/30/2009;6.23;6.59;6.06;6.47;9712268;62033384.000
05/04/2009;6.55;6.59;6.33;6.52;10188558;66488180.000
05/05/2009;6.60;6.80;6.60;6.65;12053226;81174800.000
05/06/2009;6.64;6.78;6.55;6.70;7569561;50816248.000
05/07/2009;6.66;6.73;6.42;6.47;6101635;40142352.000
05/08/2009;6.43;6.59;6.40;6.51;4483887;29308808.000
05/11/2009;6.64;6.71;6.28;6.36;8978556;58492656.000
05/12/2009;6.26;6.45;6.13;6.40;4800520;30378200.000
05/13/2009;6.39;6.39;6.23;6.29;5017091;31772348.000
05/14/2009;6.20;6.40;6.15;6.33;4031267;25689356.000
05/15/2009;6.36;6.61;6.35;6.41;5378859;35027296.000
05/18/2009;6.45;6.74;6.27;6.67;4429427;29027192.000
05/19/2009;6.61;6.85;6.60;6.62;6267201;42386872.000
05/20/2009;6.56;6.62;6.33;6.42;5068451;33076936.000
05/21/2009;6.40;6.60;6.13;6.21;4596563;29042362.000
05/22/2009;6.17;6.38;6.16;6.26;2692988;16919460.000
05/25/2009;6.14;6.29;6.12;6.24;1968542;12301496.000
05/26/2009;6.25;6.40;6.15;6.32;3695616;23344912.000
05/27/2009;6.33;6.40;6.20;6.38;2662263;16904472.000
06/01/2009;6.38;6.48;6.31;6.39;3231413;20772728.000
06/02/2009;6.39;6.47;6.21;6.33;3571441;22859560.000
06/03/2009;6.28;6.38;6.22;6.25;3756895;23718768.000
06/04/2009;6.23;6.25;5.93;6.05;9672419;58903332.000
06/05/2009;6.08;6.20;6.00;6.04;4321550;26439292.000
06/08/2009;6.02;6.11;6.01;6.05;2469089;15079553.000
06/09/2009;6.05;6.10;5.92;6.09;3645585;22087034.000
06/10/2009;6.10;6.15;6.09;6.15;3444958;21269984.000
06/11/2009;6.17;6.35;6.16;6.31;8896718;56468296.000
06/12/2009;6.29;6.30;6.03;6.18;3565035;21939578.000
06/15/2009;6.10;6.20;6.06;6.17;1896584;11625336.000
06/16/2009;6.14;6.15;6.00;6.06;2892902;17522636.000
06/17/2009;6.05;6.13;6.03;6.12;2123390;12922158.000
06/18/2009;6.16;6.24;6.05;6.22;4853368;29691128.000
06/19/2009;6.24;6.36;6.14;6.25;7244221;45270508.000
06/22/2009;6.29;6.33;6.14;6.19;4223445;26129652.000
06/23/2009;6.05;6.22;6.02;6.19;6378166;38954136.000
06/24/2009;6.18;6.30;6.09;6.29;6642640;41329180.000
06/25/2009;6.25;6.32;6.16;6.23;3955077;24659348.000
06/26/2009;6.22;6.30;6.17;6.26;4184068;26171016.000
06/29/2009;6.30;6.35;6.23;6.33;4955867;31254406.000
06/30/2009;6.37;6.38;6.12;6.15;3318856;20661394.000
07/01/2009;6.15;6.17;6.02;6.06;8429840;51223724.000
07/02/2009;6.08;6.12;5.98;6.05;6402390;38640032.000
07/03/2009;6.05;6.09;5.99;6.08;3404515;20597520.000
07/06/2009;6.08;6.09;5.98;6.01;4719888;28362192.000
07/07/2009;6.01;6.13;6.00;6.09;4984258;30268154.000
07/08/2009;6.07;6.13;6.01;6.08;6251027;37932928.000
07/09/2009;6.09;6.28;6.07;6.26;12629163;77889152.000
07/10/2009;6.23;6.51;6.20;6.37;18090986;115114072.000
07/13/2009;6.35;6.45;6.30;6.37;10639654;68095592.000
07/14/2009;6.36;6.53;6.36;6.41;7909708;50811680.000
07/15/2009;6.42;6.58;6.35;6.50;16862259;108931544.000
07/16/2009;6.56;6.70;6.44;6.51;13070506;85719424.000
07/17/2009;6.51;6.60;6.40;6.47;8413317;54620040.000
07/20/2009;6.54;6.60;6.48;6.57;9931386;65008320.000
07/21/2009;6.68;7.13;6.63;6.68;34249558;234886848.000
07/22/2009;6.69;6.90;6.62;6.82;16308221;110832288.000
07/23/2009;6.87;6.94;6.60;6.70;13731961;93049056.000
07/24/2009;6.79;7.37;6.70;7.37;46860799;335683040.000
07/27/2009;7.41;7.85;7.20;7.72;36373486;271978880.000
07/28/2009;7.60;7.85;7.50;7.61;16942151;129146848.000
07/29/2009;7.58;7.58;6.85;7.03;12955691;93841424.000
07/30/2009;7.18;7.38;6.90;7.27;11513602;82707504.000
07/31/2009;7.24;7.60;7.10;7.51;12042455;89631416.000
08/03/2009;7.55;8.20;7.54;8.05;17297267;137983984.000
08/04/2009;7.98;8.30;7.83;8.00;16105151;130462272.000
08/05/2009;7.90;8.00;7.54;7.68;12542729;96862552.000
08/06/2009;7.68;7.79;7.28;7.49;9712165;73318808.000
08/07/2009;7.35;7.57;7.12;7.22;8186099;60232096.000
08/10/2009;7.29;7.33;7.06;7.22;6093383;43878688.000
08/11/2009;7.20;7.38;7.19;7.28;4485980;32716180.000
08/12/2009;7.30;7.33;6.74;6.78;7223265;50428248.000
08/13/2009;6.79;6.85;6.58;6.77;4690245;31594768.000
08/14/2009;6.78;6.86;6.48;6.52;5210806;34531792.000
08/17/2009;6.46;6.48;6.06;6.26;4408343;27720900.000
08/18/2009;6.18;6.50;6.13;6.39;8827720;56147688.000
08/19/2009;6.40;6.53;6.05;6.16;6120238;38568608.000
08/20/2009;6.17;6.50;6.13;6.42;5748832;36437868.000
08/21/2009;6.39;6.59;6.26;6.57;10877795;69934840.000
08/24/2009;6.57;6.64;6.39;6.56;8354386;54413392.000
08/25/2009;6.48;6.53;6.08;6.40;7286369;45881888.000
08/26/2009;6.44;6.76;6.38;6.68;10840707;72019480.000
08/27/2009;6.59;6.95;6.53;6.81;10960453;74460640.000
08/28/2009;6.70;7.07;6.68;6.75;9603762;65808208.000
08/31/2009;6.50;6.65;6.18;6.24;5119312;32600844.000
09/01/2009;6.26;6.50;6.09;6.31;4500651;28574872.000
09/02/2009;6.15;6.38;6.10;6.25;4896887;30379026.000
09/03/2009;6.25;6.52;6.18;6.45;5748038;36518328.000
09/04/2009;6.42;6.60;6.33;6.59;7065879;45667776.000
09/07/2009;6.60;6.82;6.52;6.64;7870962;52667932.000
09/08/2009;6.56;6.72;6.56;6.71;5473032;36465416.000
09/09/2009;6.71;6.85;6.62;6.83;8395221;56770812.000
09/10/2009;6.84;6.87;6.55;6.58;7991809;53208656.000
09/11/2009;6.58;6.74;6.52;6.63;6732032;44662760.000
09/14/2009;6.63;6.84;6.63;6.84;8400542;56629532.000
09/15/2009;6.84;6.98;6.70;6.92;11021405;75501960.000
09/16/2009;6.92;7.41;6.85;7.05;12640708;89583000.000
09/17/2009;7.00;7.17;6.97;7.12;9487386;67228912.000
09/18/2009;7.12;7.22;6.79;6.88;7870152;55360288.000
09/21/2009;6.79;7.13;6.63;7.09;7837256;53828584.000
09/22/2009;7.10;7.12;6.74;6.78;7298060;50550704.000
09/23/2009;6.75;6.82;6.39;6.50;4923686;32538718.000
09/24/2009;6.48;6.57;6.29;6.48;2897328;18644810.000
09/25/2009;6.48;6.51;6.35;6.43;1986012;12784658.000
09/28/2009;6.48;6.54;6.16;6.20;2882748;18387862.000
09/29/2009;6.21;6.26;5.92;6.01;2597884;15695516.000
09/30/2009;6.05;6.14;6.01;6.01;1841429;11170489.000
10/09/2009;6.12;6.30;6.06;6.30;3300717;20501834.000
10/12/2009;6.30;6.32;6.20;6.27;3032136;18992216.000
10/13/2009;6.30;6.40;6.24;6.37;3573103;22600892.000
10/14/2009;6.49;6.58;6.40;6.44;6969332;45208524.000
10/15/2009;6.42;6.87;6.42;6.82;13857661;93077608.000
10/16/2009;6.80;6.86;6.65;6.81;8361335;56462736.000
10/19/2009;6.79;6.98;6.69;6.92;9961393;68039816.000
10/20/2009;6.90;7.05;6.74;6.89;15871234;108808688.000
10/21/2009;6.88;6.88;6.67;6.69;7848003;53211144.000
10/22/2009;6.68;6.91;6.68;6.73;5868794;39687424.000
10/23/2009;6.72;7.15;6.71;7.13;21107710;147454176.000
10/26/2009;7.02;7.22;6.93;6.95;8729976;61521640.000
10/27/2009;6.90;7.05;6.80;6.89;7440103;51460100.000
10/28/2009;6.88;7.05;6.81;7.03;5774892;40037956.000
10/29/2009;6.96;7.34;6.84;7.23;17766089;127872128.000
10/30/2009;7.39;7.95;7.34;7.71;36613986;279675520.000
11/02/2009;7.51;8.01;7.40;7.89;19976457;156112384.000
11/03/2009;7.98;8.05;7.73;7.94;21143997;166644592.000
11/04/2009;7.81;8.06;7.76;8.00;16210249;128761464.000
11/05/2009;7.98;8.14;7.88;7.91;11462493;91445984.000
11/06/2009;7.97;7.97;7.69;7.75;12367554;95954568.000
11/09/2009;7.76;8.00;7.76;7.86;8864804;69865592.000
11/10/2009;7.86;7.95;7.77;7.83;5841128;45838972.000
11/11/2009;7.80;8.32;7.77;8.17;14626206;118201496.000
11/12/2009;8.17;8.23;8.00;8.13;8119031;65870220.000
11/13/2009;8.07;8.14;7.71;7.88;17290943;136187664.000
11/16/2009;7.94;8.17;7.80;8.14;13301874;106137152.000
11/17/2009;8.09;8.43;8.00;8.20;12863503;106417032.000
11/18/2009;8.20;8.32;7.93;8.02;12074626;97238896.000
11/19/2009;8.02;8.05;7.79;8.05;12587972;99588728.000
11/20/2009;8.00;8.20;7.83;8.18;13360917;107476344.000
11/23/2009;8.16;8.41;8.11;8.33;14826835;123168872.000
11/24/2009;8.39;8.53;7.80;7.84;16057335;132647824.000
11/25/2009;7.90;8.27;7.73;8.17;9926787;79421424.000
11/26/2009;8.21;8.24;7.48;7.49;13371093;105155752.000
11/27/2009;7.47;7.59;7.15;7.27;7159204;53017744.000
11/30/2009;7.43;7.60;7.32;7.53;7314334;54761728.000
12/01/2009;7.57;7.79;7.50;7.78;8159197;62230336.000
12/02/2009;7.91;8.16;7.81;7.98;16448268;131912520.000
12/03/2009;7.94;8.11;7.81;8.10;12512051;99880696.000
12/04/2009;8.10;8.13;7.64;7.79;11238234;88812480.000
12/07/2009;7.77;7.84;7.58;7.83;13311225;102649360.000
12/08/2009;7.82;7.82;7.64;7.70;11981348;92182016.000
12/09/2009;7.60;7.83;7.51;7.59;10205314;78587656.000
12/10/2009;7.68;7.78;7.59;7.69;6519846;50117708.000
12/11/2009;7.67;7.74;7.56;7.58;6782541;51792572.000
12/14/2009;7.60;7.62;7.34;7.52;6328711;47048532.000
12/15/2009;7.54;7.75;7.50;7.56;4500132;34218448.000
12/16/2009;7.52;7.60;7.40;7.50;6392451;47914064.000
12/17/2009;7.53;7.53;7.28;7.40;5890059;43428316.000
12/18/2009;7.35;7.68;7.23;7.30;7004951;52078804.000
12/21/2009;7.30;7.41;7.20;7.38;3741574;27375012.000
12/22/2009;7.36;7.37;7.10;7.11;3016676;21744470.000
12/23/2009;7.13;7.25;7.00;7.18;4512060;32208492.000
12/24/2009;7.16;7.37;7.07;7.35;6334577;46186456.000
12/25/2009;7.28;7.41;7.28;7.37;3169134;23296260.000
12/28/2009;7.38;7.48;7.35;7.45;4303259;31957788.000
12/29/2009;7.40;7.49;7.20;7.40;4377834;32281212.000
12/30/2009;7.40;7.45;7.25;7.31;4885782;35754236.000
12/31/2009;7.32;7.50;7.25;7.43;7662355;56665664.000
01/04/2010;7.44;7.56;7.43;7.49;4813772;36141648.000
01/05/2010;7.53;7.76;7.47;7.72;13179037;100888296.000
01/06/2010;7.72;7.93;7.70;7.72;12824566;100185776.000
01/07/2010;7.72;7.89;7.66;7.72;11049370;86137568.000
01/08/2010;7.72;7.82;7.55;7.81;6640173;50992024.000
01/11/2010;7.82;7.99;7.67;7.98;12468879;98025136.000
01/12/2010;7.99;8.18;7.86;8.14;14739059;118539544.000
01/13/2010;7.89;8.13;7.85;7.90;11282934;89861960.000
01/14/2010;7.89;8.11;7.83;8.06;9265100;73906168.000
01/15/2010;8.05;8.45;8.04;8.15;15458363;127404240.000
01/18/2010;8.21;8.26;8.10;8.20;7722095;63060232.000
01/19/2010;8.18;8.22;7.97;8.05;10888675;87534728.000
01/20/2010;8.03;8.09;7.65;7.69;9529695;74802424.000
01/21/2010;7.67;7.86;7.66;7.77;4511659;34938588.000
01/22/2010;7.75;7.95;7.59;7.89;6867843;53421424.000
01/25/2010;7.81;7.95;7.76;7.81;4206732;33058436.000
01/26/2010;7.79;7.85;7.33;7.37;5210583;39401112.000
01/27/2010;7.40;7.50;7.26;7.41;3447625;25432472.000
01/28/2010;7.40;7.47;7.35;7.42;2345303;17400000.000
01/29/2010;7.41;7.52;7.33;7.41;3078902;22925684.000
02/01/2010;7.37;7.40;7.03;7.13;4250707;30518504.000
02/02/2010;7.18;7.25;7.03;7.12;3218880;23043544.000
02/03/2010;7.15;7.26;6.91;7.25;4106686;29197820.000
02/04/2010;7.20;7.32;7.13;7.29;3847787;27913808.000
02/05/2010;7.18;7.25;6.98;7.14;5452895;38707296.000
02/08/2010;7.07;7.15;7.03;7.11;3929390;27883788.000
02/09/2010;7.08;7.40;7.06;7.18;3068388;22113720.000
02/10/2010;7.20;7.25;7.15;7.18;3539869;25424750.000
02/11/2010;7.20;7.21;7.12;7.16;2170490;15555728.000
02/12/2010;7.17;7.25;7.17;7.21;2723004;19639304.000
02/22/2010;7.21;7.28;7.18;7.22;3070597;22206636.000
02/23/2010;7.23;7.38;7.10;7.37;5836426;42333668.000
02/24/2010;7.29;7.46;7.28;7.44;5117192;37873756.000
02/25/2010;7.45;7.64;7.42;7.55;7626876;57449588.000
02/26/2010;7.54;7.76;7.47;7.69;8243218;63086492.000
03/01/2010;7.66;8.03;7.63;7.97;14872500;118072040.000
03/02/2010;7.91;8.14;7.85;8.07;13332165;106715312.000
03/03/2010;8.01;8.06;7.93;8.01;6190775;49520152.000
03/04/2010;8.00;8.20;7.77;7.80;10298403;82582608.000
03/05/2010;7.78;8.10;7.78;8.08;6610753;52728720.000
03/08/2010;8.12;8.33;8.05;8.12;10633130;87183320.000
03/09/2010;8.11;8.19;7.93;7.98;6418309;51818840.000
03/10/2010;8.00;8.03;7.82;8.00;5052541;39972580.000
03/11/2010;8.00;8.04;7.84;8.02;4198890;33386364.000
03/12/2010;8.05;8.05;7.76;7.77;3245200;25553816.000
03/15/2010;7.78;7.91;7.67;7.83;2973863;23215380.000
03/16/2010;7.83;8.14;7.78;8.05;5250982;41722364.000
03/17/2010;8.08;8.39;7.99;8.35;14257292;117554568.000
03/18/2010;8.33;8.39;8.19;8.29;8718041;72288880.000
03/19/2010;8.30;8.43;8.24;8.33;5721894;47688508.000
03/22/2010;8.35;8.45;8.05;8.19;12254746;99920696.000
03/23/2010;8.17;8.17;7.99;8.06;8211200;66115416.000
