600999 招商证券 日线
      日期	    开盘	    最高	    最低	    收盘	    成交量	    成交额
11/17/2009;35.01;35.70;33.11;33.61;171888596;5933006848.000
11/18/2009;32.50;33.16;32.01;32.59;81263157;2633929216.000
11/19/2009;32.49;32.76;32.26;32.58;35455060;1152218368.000
11/20/2009;32.55;33.46;32.55;33.16;44970325;1483124096.000
11/23/2009;33.16;33.17;32.68;32.86;28530458;936729664.000
11/24/2009;32.98;33.19;32.01;32.21;35087339;1147368576.000
11/25/2009;32.25;32.48;31.68;32.31;22712139;728944960.000
11/26/2009;32.28;32.29;31.25;31.31;25337902;804522496.000
11/27/2009;31.17;31.76;31.10;31.23;17788195;558042624.000
11/30/2009;31.47;32.48;31.25;32.18;25643362;821341120.000
12/01/2009;32.00;32.18;31.70;31.97;19255244;614710720.000
12/02/2009;32.00;32.13;31.73;31.87;16993013;541335936.000
12/03/2009;31.97;32.23;31.74;31.90;14830899;474368864.000
12/04/2009;32.00;32.90;31.55;32.61;39216779;1265497600.000
12/07/2009;32.50;32.75;32.22;32.53;22671975;736843648.000
12/08/2009;32.48;32.53;31.65;31.82;14115697;451612352.000
12/09/2009;31.65;31.77;31.31;31.40;11320727;356695488.000
12/10/2009;31.52;31.72;31.37;31.61;8610347;271564032.000
12/11/2009;31.62;31.70;31.40;31.44;7942799;250361024.000
12/14/2009;31.38;31.52;30.65;31.22;14994097;465929984.000
12/15/2009;31.20;31.20;30.80;30.81;9843880;304325216.000
12/16/2009;30.80;31.18;30.70;30.85;9571962;295631808.000
12/17/2009;30.84;30.90;29.61;29.63;14600439;440538080.000
12/18/2009;29.50;29.50;28.52;28.73;12527209;362561792.000
12/21/2009;28.76;29.12;28.60;28.89;8586146;247744544.000
12/22/2009;28.95;28.99;27.82;27.83;10162732;287373856.000
12/23/2009;27.76;28.20;27.70;28.08;6534875;182870112.000
12/24/2009;28.08;28.55;28.02;28.46;8358831;237072096.000
12/25/2009;28.47;28.47;28.10;28.13;6411814;180758512.000
12/28/2009;28.20;28.92;28.20;28.73;9879507;283631392.000
12/29/2009;28.73;29.10;28.58;28.89;7377813;212971872.000
12/30/2009;28.95;29.45;28.85;29.33;13955748;407377888.000
12/31/2009;29.38;29.48;29.15;29.39;9541941;279682624.000
01/04/2010;29.42;29.60;29.16;29.21;8563888;251338528.000
01/05/2010;29.24;31.60;28.75;30.85;32463064;995515968.000
01/06/2010;30.50;30.98;30.15;30.16;13952412;426698496.000
01/07/2010;30.21;30.75;29.80;29.91;13308250;403143776.000
01/08/2010;30.19;30.64;29.80;30.53;10260008;310050976.000
01/11/2010;33.57;33.57;31.04;31.21;36652278;1175197952.000
01/12/2010;31.00;31.54;30.51;31.36;12807878;397418496.000
01/13/2010;30.50;30.88;29.94;29.98;12412810;377969632.000
01/14/2010;30.13;30.78;29.78;30.52;12030742;363945248.000
01/15/2010;30.51;31.40;30.51;31.22;14470301;450129408.000
01/18/2010;30.94;30.98;30.52;30.82;7694191;236466496.000
01/19/2010;31.14;31.46;30.80;30.95;6002068;186677712.000
01/20/2010;31.00;31.08;29.75;29.81;7876224;238597792.000
01/21/2010;29.85;30.35;29.85;30.24;5689978;171730944.000
01/22/2010;29.90;29.98;28.80;29.53;7855582;231327520.000
01/25/2010;29.55;29.90;29.31;29.32;4562521;134938224.000
01/26/2010;29.31;29.50;28.46;28.73;5414544;155909856.000
01/27/2010;28.89;28.96;28.38;28.39;3515651;100753848.000
01/28/2010;28.42;28.65;28.10;28.57;3079269;87578592.000
01/29/2010;28.47;29.12;28.35;28.50;3738079;107476264.000
02/01/2010;28.58;28.59;28.00;28.31;4967736;140080848.000
02/02/2010;28.51;28.86;28.29;28.36;3370575;96432568.000
02/03/2010;28.44;29.56;28.03;29.53;8915974;259198592.000
02/04/2010;29.31;30.15;29.18;29.90;10083814;300179680.000
02/05/2010;29.40;29.86;29.22;29.75;5901867;173823808.000
02/08/2010;29.79;30.28;29.60;30.08;5633167;169412336.000
02/09/2010;29.96;30.00;29.17;29.30;5555923;163807088.000
02/10/2010;29.53;29.69;29.23;29.55;3362941;99127920.000
02/11/2010;29.47;29.63;29.29;29.38;2758099;81230120.000
02/12/2010;29.50;29.56;29.18;29.19;3355847;98237552.000
02/22/2010;28.85;29.00;28.26;28.53;16829685;480540960.000
02/23/2010;28.40;28.40;27.85;28.18;6978855;196031904.000
02/24/2010;28.12;28.48;28.04;28.46;5561678;157500400.000
02/25/2010;28.58;29.00;28.48;28.72;8635872;248531136.000
02/26/2010;28.72;29.20;28.54;28.87;11172787;322140544.000
03/01/2010;28.74;29.08;28.65;29.00;7239411;209528144.000
03/02/2010;29.10;29.10;28.70;28.78;5300010;152938144.000
03/03/2010;28.71;29.26;28.56;29.11;8584036;248714288.000
03/04/2010;29.13;29.14;28.20;28.25;6176773;176641120.000
03/05/2010;28.40;29.36;28.35;28.93;11745528;340799808.000
03/08/2010;28.86;29.07;28.70;28.98;4598036;132813736.000
03/09/2010;28.87;29.09;28.47;28.79;5391942;155312864.000
03/10/2010;28.85;29.07;28.50;28.60;5521904;158946720.000
03/11/2010;28.62;29.16;28.41;28.92;7504814;216540112.000
03/12/2010;28.86;29.10;28.62;28.63;5704473;164625344.000
03/15/2010;28.63;28.75;28.23;28.36;3705465;105157344.000
03/16/2010;28.38;28.55;28.12;28.37;3732386;105710704.000
03/17/2010;28.41;28.69;28.30;28.68;4820529;137440624.000
03/18/2010;28.69;28.75;28.49;28.52;5303335;151848272.000
03/19/2010;28.60;28.73;28.43;28.69;3653165;104326992.000
03/22/2010;28.71;28.85;28.58;28.63;4131714;118421808.000
03/23/2010;28.68;28.70;28.16;28.20;8660336;244975152.000
