600348 国阳新能 日线
      日期	    开盘	    最高	    最低	    收盘	    成交量	    成交额
08/21/2003;2.04;2.16;2.03;2.07;59120298;540657472.000
08/22/2003;2.04;2.10;2.02;2.04;18074975;163402416.000
08/25/2003;2.03;2.03;1.90;1.94;12393022;108711816.000
08/26/2003;1.93;1.99;1.90;1.95;6246139;54567092.000
08/27/2003;1.96;1.98;1.90;1.92;3747784;32728096.000
08/28/2003;1.92;1.99;1.92;1.93;5905656;51806784.000
08/29/2003;1.92;1.95;1.86;1.95;5401372;46726592.000
09/01/2003;1.95;2.11;1.91;2.06;14618730;131263152.000
09/02/2003;2.07;2.11;2.03;2.06;13680450;124275664.000
09/03/2003;2.06;2.06;2.00;2.02;5549345;49657468.000
09/04/2003;2.00;2.03;1.99;2.00;4134201;36922280.000
09/05/2003;2.00;2.01;1.90;1.92;4952358;43427676.000
09/08/2003;1.91;1.95;1.89;1.92;2029832;17617902.000
09/09/2003;1.91;1.93;1.87;1.88;3332005;28740114.000
09/10/2003;1.90;1.91;1.87;1.89;1359223;11717662.000
09/11/2003;1.90;1.91;1.88;1.88;1267351;10931793.000
09/12/2003;1.89;1.91;1.80;1.82;5914546;49979632.000
09/15/2003;1.81;1.83;1.77;1.78;3340260;27946122.000
09/16/2003;1.77;1.83;1.76;1.81;2069041;17338120.000
09/17/2003;1.81;1.81;1.76;1.78;2462078;20472304.000
09/18/2003;1.77;1.81;1.76;1.78;1667296;13896916.000
09/19/2003;1.78;1.82;1.76;1.81;1624706;13567522.000
09/22/2003;1.85;1.86;1.80;1.82;2469700;20874752.000
09/23/2003;1.82;1.84;1.79;1.83;1273288;10730974.000
09/24/2003;1.84;1.86;1.81;1.82;1208795;10239285.000
09/25/2003;1.81;1.82;1.78;1.78;1200790;10028668.000
09/26/2003;1.77;1.83;1.77;1.81;1206218;10112010.000
09/29/2003;1.81;1.83;1.79;1.80;1339458;11230145.000
09/30/2003;1.79;1.83;1.77;1.81;2013957;16852308.000
10/08/2003;1.80;1.84;1.76;1.83;1487817;12452115.000
10/09/2003;1.83;1.86;1.80;1.83;2057231;17417734.000
10/10/2003;1.83;1.92;1.80;1.89;5743671;49248728.000
10/13/2003;1.88;1.98;1.88;1.89;4968900;43290488.000
10/14/2003;1.88;1.91;1.84;1.88;1695664;14529886.000
10/15/2003;1.87;1.90;1.83;1.84;1590070;13606316.000
10/16/2003;1.83;1.84;1.79;1.83;1894689;15941944.000
10/17/2003;1.81;1.84;1.79;1.81;830215;6986836.000
10/20/2003;1.80;1.82;1.79;1.82;1203724;10098843.000
10/21/2003;1.82;1.82;1.78;1.81;1217331;10198001.000
10/22/2003;1.82;1.94;1.82;1.89;4374017;37770508.000
10/23/2003;1.89;1.95;1.85;1.86;2439488;21044624.000
10/24/2003;1.85;1.95;1.85;1.91;3054251;26436200.000
10/27/2003;1.91;1.94;1.85;1.88;2089673;17970864.000
10/28/2003;1.87;1.95;1.85;1.93;3113595;26999660.000
10/29/2003;1.94;1.95;1.87;1.91;3446525;29807724.000
10/30/2003;1.91;1.93;1.86;1.88;2050444;17681192.000
10/31/2003;1.87;1.99;1.86;1.99;9042042;79384688.000
11/03/2003;1.97;2.07;1.96;2.03;15191960;136302608.000
11/04/2003;2.04;2.12;2.01;2.02;11973496;108543760.000
11/05/2003;2.01;2.14;2.01;2.08;11094040;101314496.000
11/06/2003;2.08;2.15;2.04;2.05;7648074;70029672.000
11/07/2003;2.04;2.07;1.96;2.01;6922805;61816496.000
11/10/2003;2.00;2.05;1.99;2.02;2452336;21919288.000
11/11/2003;2.04;2.07;1.95;2.00;2163323;19249198.000
11/12/2003;1.97;1.98;1.88;1.88;3537617;30693656.000
11/13/2003;1.88;2.03;1.86;1.94;1778812;15546319.000
11/14/2003;1.93;1.97;1.93;1.95;1041621;9134138.000
11/17/2003;1.95;1.96;1.91;1.94;1105242;9632617.000
11/18/2003;1.92;1.95;1.90;1.91;1272915;11060321.000
11/19/2003;1.90;1.97;1.88;1.96;1096084;9589209.000
11/20/2003;1.96;2.04;1.92;2.03;4166574;36957580.000
11/24/2003;1.98;2.13;1.97;2.10;5489476;49910784.000
11/25/2003;2.11;2.29;2.08;2.11;9249858;86411632.000
11/26/2003;2.11;2.16;2.10;2.15;4392471;40738080.000
11/27/2003;2.16;2.25;2.12;2.12;5359890;50254024.000
11/28/2003;2.15;2.36;2.14;2.28;14722906;141599040.000
12/01/2003;2.32;2.40;2.29;2.31;9374248;91851384.000
12/02/2003;2.34;2.39;2.31;2.33;6413197;62984904.000
12/03/2003;2.33;2.48;2.33;2.40;9100847;91135808.000
12/04/2003;2.40;2.48;2.38;2.42;7280635;72750816.000
12/05/2003;2.42;2.43;2.35;2.39;5108148;50611052.000
12/08/2003;2.41;2.53;2.41;2.46;5964100;60435468.000
12/09/2003;2.46;2.50;2.41;2.46;3993121;40187296.000
12/10/2003;2.47;2.65;2.46;2.62;8322071;86180960.000
12/11/2003;2.63;2.75;2.60;2.69;9410108;100528264.000
12/12/2003;2.69;2.75;2.60;2.65;5557976;58950828.000
12/15/2003;2.65;2.67;2.58;2.59;2877518;30312788.000
12/16/2003;2.54;2.67;2.50;2.63;6186761;64647468.000
12/17/2003;2.61;2.77;2.60;2.60;5485733;58729884.000
12/18/2003;2.60;2.80;2.60;2.71;5792743;62615488.000
12/19/2003;2.77;2.90;2.73;2.83;8437078;92984096.000
12/22/2003;2.87;3.05;2.84;3.03;8483557;97068544.000
12/23/2003;3.04;3.07;2.95;3.03;4906830;56301332.000
12/24/2003;3.03;3.29;2.98;3.28;6604022;78410168.000
12/25/2003;3.29;3.37;3.22;3.30;7028512;85963656.000
12/26/2003;3.30;3.33;3.21;3.28;3518721;42896584.000
12/29/2003;3.19;3.24;3.12;3.20;4870984;58329560.000
12/30/2003;3.19;3.24;3.08;3.23;7932460;94371448.000
12/31/2003;3.23;3.23;3.11;3.12;2892135;34409416.000
01/02/2004;3.08;3.22;3.02;3.07;9024698;106039152.000
01/05/2004;3.07;3.40;3.04;3.28;10306714;125577464.000
01/06/2004;3.30;3.31;3.15;3.23;6648726;80302320.000
01/07/2004;3.21;3.36;3.13;3.30;6329979;77109416.000
01/08/2004;3.35;3.52;3.30;3.35;8702780;108846456.000
01/09/2004;3.36;3.59;3.36;3.41;8877182;113525592.000
01/12/2004;3.41;3.53;3.26;3.49;4539307;56811460.000
01/13/2004;3.50;3.52;3.32;3.38;4379996;54772824.000
01/14/2004;3.33;3.36;3.18;3.20;5355235;64832952.000
01/15/2004;3.19;3.27;3.19;3.25;2675601;32311468.000
01/16/2004;3.24;3.38;3.24;3.32;4295256;52909520.000
01/29/2004;3.33;3.38;3.15;3.19;5335935;64339396.000
01/30/2004;3.19;3.21;3.10;3.14;3811694;45321564.000
02/02/2004;3.23;3.31;3.07;3.20;5261024;63065496.000
02/03/2004;3.19;3.25;3.13;3.23;2981736;35700640.000
02/04/2004;3.25;3.47;3.20;3.41;6257372;78181624.000
02/05/2004;3.43;3.46;3.29;3.33;3877009;48114976.000
02/06/2004;3.33;3.40;3.19;3.25;4152959;50993268.000
02/09/2004;3.25;3.43;3.25;3.39;4654135;58064944.000
02/10/2004;3.41;3.53;3.41;3.51;7308365;93185792.000
02/11/2004;3.51;3.52;3.31;3.38;4816700;60218040.000
02/12/2004;3.38;3.42;3.30;3.36;2775336;34542140.000
02/13/2004;3.35;3.49;3.35;3.45;4279390;54067400.000
02/16/2004;3.49;3.51;3.38;3.50;4708607;59874740.000
02/17/2004;3.52;3.52;3.38;3.41;3453837;43423816.000
02/18/2004;3.40;3.50;3.33;3.44;4222582;53167004.000
02/19/2004;3.45;3.46;3.33;3.34;3584031;44705984.000
02/20/2004;3.34;3.34;3.19;3.26;6161409;74620112.000
02/23/2004;3.31;3.31;3.16;3.19;3111789;37500808.000
02/24/2004;3.17;3.30;3.12;3.29;2555805;30703276.000
02/25/2004;3.28;3.29;3.11;3.15;1935717;23213846.000
02/26/2004;3.11;3.15;3.06;3.13;1614562;19036194.000
02/27/2004;3.15;3.33;3.14;3.26;3602714;43943176.000
03/01/2004;3.27;3.36;3.15;3.25;2669366;32742406.000
03/02/2004;3.27;3.33;3.17;3.20;4626168;56207216.000
03/03/2004;3.19;3.27;3.11;3.16;2384478;28574588.000
03/04/2004;3.16;3.21;3.12;3.15;2705671;32342108.000
03/05/2004;3.16;3.29;3.15;3.16;4262297;51574896.000
03/08/2004;3.16;3.16;3.00;3.09;2249506;26235972.000
03/09/2004;3.06;3.10;3.00;3.00;2131508;24709502.000
03/10/2004;3.00;3.10;2.98;3.09;1446290;16788548.000
03/11/2004;3.10;3.19;3.07;3.16;2445839;29111200.000
03/12/2004;3.16;3.18;3.10;3.15;1154484;13668891.000
03/15/2004;3.15;3.32;3.15;3.28;6319891;76662032.000
03/16/2004;3.31;3.35;3.23;3.26;4450230;54325396.000
03/17/2004;3.31;3.38;3.30;3.31;5865953;72589464.000
03/18/2004;3.33;3.34;3.17;3.18;4189218;50766024.000
03/19/2004;3.17;3.25;3.13;3.23;3084528;36920760.000
03/22/2004;3.19;3.33;3.19;3.31;4111056;50399744.000
03/23/2004;3.34;3.34;3.21;3.28;2222692;27044950.000
03/24/2004;3.28;3.44;3.25;3.40;6846750;85516008.000
03/25/2004;3.41;3.56;3.41;3.55;11891885;152460880.000
03/26/2004;3.55;3.68;3.54;3.56;10786283;141000688.000
03/29/2004;3.60;3.64;3.46;3.47;4951278;63742792.000
03/30/2004;3.44;3.46;3.38;3.39;5406656;68072992.000
03/31/2004;3.39;3.45;3.38;3.42;3234800;40758008.000
04/01/2004;3.43;3.56;3.41;3.54;4921913;62784376.000
04/02/2004;3.57;3.70;3.57;3.63;5591506;73643552.000
04/05/2004;3.58;3.92;3.58;3.91;10186581;138448592.000
04/06/2004;3.95;4.13;3.83;3.96;11947431;168961008.000
04/07/2004;3.95;4.13;3.90;4.00;5293971;75228552.000
04/08/2004;4.00;4.09;3.87;3.94;4468028;63004768.000
04/09/2004;3.95;4.08;3.65;3.73;6930468;95484360.000
04/12/2004;3.66;3.95;3.66;3.90;4961538;67899560.000
04/13/2004;3.90;3.94;3.72;3.75;4860967;66566132.000
04/14/2004;3.76;3.79;3.58;3.69;3373587;44814736.000
04/15/2004;3.67;3.73;3.59;3.66;1556411;20558724.000
04/16/2004;3.66;3.66;3.31;3.48;4306903;54604036.000
04/19/2004;3.45;3.63;3.36;3.55;3605122;46385572.000
04/20/2004;3.53;3.58;3.46;3.48;2212214;28419114.000
04/21/2004;3.48;3.58;3.38;3.43;1649063;20821168.000
04/22/2004;3.43;3.46;3.31;3.38;2180650;27108292.000
04/23/2004;3.38;3.39;3.30;3.33;1188214;14703354.000
04/26/2004;3.34;3.42;3.33;3.39;974497;12148896.000
04/27/2004;3.40;3.43;3.23;3.27;2170669;26660184.000
04/28/2004;2.81;3.35;2.81;3.25;3652770;43905980.000
04/29/2004;3.23;3.26;2.95;3.04;3109074;36298136.000
04/30/2004;3.05;3.10;2.99;3.08;1231356;14370753.000
05/10/2004;3.11;3.11;2.96;3.01;896011;10345505.000
05/11/2004;3.02;3.05;2.92;2.98;536870;6172760.000
05/12/2004;3.00;3.15;2.99;3.14;1051507;12355779.000
05/13/2004;3.15;3.20;3.07;3.19;1128918;13407279.000
05/14/2004;3.19;3.19;3.10;3.10;1460255;17374672.000
05/18/2004;3.04;3.04;2.65;2.74;5281926;56949716.000
05/19/2004;2.73;2.79;2.65;2.73;3060702;33017394.000
05/20/2004;2.71;2.80;2.68;2.73;1462942;15822403.000
05/21/2004;2.69;2.78;2.69;2.77;929437;10066692.000
05/24/2004;2.73;2.79;2.73;2.77;827355;9013317.000
05/25/2004;2.77;2.79;2.71;2.75;2070887;22453620.000
05/26/2004;2.69;2.78;2.64;2.67;1774059;18939100.000
05/27/2004;2.65;2.85;2.55;2.81;2848262;30682628.000
05/28/2004;2.80;2.88;2.77;2.82;1329061;14698058.000
05/31/2004;2.85;3.00;2.82;2.97;1181001;13286352.000
06/01/2004;2.97;3.05;2.93;3.04;2180787;25105184.000
06/02/2004;3.03;3.03;2.88;2.93;1370030;15595206.000
06/03/2004;2.90;2.93;2.85;2.87;701440;7846966.000
06/04/2004;2.85;2.91;2.81;2.88;829781;9239992.000
06/07/2004;2.81;2.85;2.72;2.72;640244;6952832.000
06/08/2004;2.76;2.79;2.68;2.73;938596;10120411.000
06/09/2004;2.71;2.74;2.67;2.74;1744941;18761052.000
06/10/2004;2.74;2.88;2.71;2.82;1369299;15072756.000
06/11/2004;2.82;2.92;2.81;2.82;1343567;14987152.000
06/14/2004;2.81;2.87;2.80;2.83;834800;9223835.000
06/15/2004;2.83;2.92;2.80;2.90;1646498;18196574.000
06/16/2004;2.90;3.04;2.85;2.96;1422558;16211706.000
06/17/2004;2.96;3.00;2.81;2.85;1114438;12437265.000
06/18/2004;2.81;2.87;2.71;2.77;1670953;18229344.000
06/21/2004;2.75;2.86;2.73;2.83;958644;10560018.000
06/22/2004;2.88;2.91;2.78;2.84;1962996;21765324.000
06/23/2004;2.85;2.85;2.68;2.74;1996456;21772188.000
06/24/2004;2.77;2.81;2.61;2.62;1605050;17068786.000
06/25/2004;2.61;2.63;2.44;2.46;1305400;13343134.000
06/28/2004;2.45;2.56;2.38;2.50;525083;5289812.000
06/29/2004;2.58;2.58;2.46;2.57;917062;9307437.000
06/30/2004;2.59;2.61;2.55;2.58;646169;6668096.000
07/01/2004;2.58;2.85;2.58;2.81;2358782;25402296.000
07/02/2004;2.78;2.85;2.76;2.81;1075462;11742009.000
07/05/2004;2.81;2.94;2.81;2.93;2114414;23529384.000
07/06/2004;2.94;3.02;2.92;2.96;1896404;21443304.000
07/07/2004;2.90;2.98;2.88;2.94;1125908;12645199.000
07/08/2004;2.92;3.01;2.92;3.00;1167571;13245532.000
07/09/2004;3.00;3.04;2.95;2.97;1291715;14742743.000
07/12/2004;2.90;2.95;2.88;2.95;1448432;16135579.000
07/13/2004;2.88;3.02;2.88;3.01;532779;6046793.000
07/14/2004;3.00;3.11;2.99;3.10;1360741;15764188.000
07/15/2004;3.10;3.25;3.10;3.25;2337024;27822096.000
07/16/2004;3.26;3.35;3.20;3.30;1892511;23007156.000
07/19/2004;3.29;3.31;3.23;3.28;888499;10785701.000
07/20/2004;3.26;3.31;3.15;3.27;2832982;34072776.000
07/21/2004;3.25;3.25;3.15;3.19;1273461;15109965.000
07/22/2004;3.19;3.23;2.99;3.05;1311660;15381237.000
07/23/2004;3.01;3.08;2.95;3.02;3066100;35010000.000
07/26/2004;3.00;3.08;2.95;2.99;1312872;14938667.000
07/27/2004;3.03;3.03;2.96;2.98;934929;10602010.000
07/28/2004;2.99;3.16;2.94;3.05;718632;8190734.000
07/29/2004;3.05;3.15;3.01;3.10;3108156;36153524.000
07/30/2004;3.17;3.17;3.02;3.08;792300;9172725.000
08/02/2004;3.02;3.04;2.80;2.81;1254600;13941745.000
08/03/2004;2.79;2.86;2.69;2.81;1285181;13952165.000
08/04/2004;2.80;3.02;2.80;2.94;1122328;12489624.000
08/05/2004;2.93;2.94;2.82;2.83;2410350;26576400.000
08/06/2004;2.83;2.85;2.77;2.81;1836318;19997964.000
08/09/2004;2.81;2.94;2.80;2.93;1212992;13499379.000
08/10/2004;2.92;2.95;2.86;2.92;1137030;12718146.000
08/11/2004;2.95;3.05;2.95;3.00;2064520;23497954.000
08/12/2004;3.00;3.00;2.90;2.97;1159288;13048049.000
08/13/2004;2.96;3.13;2.96;3.12;1149182;13349771.000
08/16/2004;3.10;3.13;3.04;3.08;433628;5032805.000
08/17/2004;3.08;3.14;3.08;3.10;573901;6710780.000
08/18/2004;3.11;3.18;3.04;3.08;1383786;16283667.000
08/19/2004;3.11;3.11;3.05;3.09;728615;8457652.000
08/20/2004;3.05;3.11;2.96;3.08;744193;8558626.000
08/23/2004;3.07;3.08;3.00;3.04;1070828;12285327.000
08/24/2004;3.05;3.06;2.99;3.03;713575;8165477.000
08/25/2004;3.02;3.05;3.01;3.01;682264;7823825.000
08/26/2004;3.02;3.07;3.00;3.01;400602;4610521.000
08/27/2004;3.00;3.04;2.98;3.00;695780;7960076.000
08/30/2004;2.98;2.98;2.83;2.86;1474204;16286298.000
08/31/2004;2.98;3.02;2.88;2.91;414391;4631484.000
09/01/2004;2.90;2.92;2.85;2.86;500501;5575150.000
09/02/2004;2.85;2.87;2.78;2.85;947421;10330039.000
09/03/2004;2.85;2.85;2.80;2.84;89550;983281.000
09/06/2004;2.80;2.80;2.70;2.75;302240;3229372.000
09/07/2004;2.74;2.81;2.73;2.80;208551;2247129.000
09/08/2004;2.81;2.81;2.77;2.79;104800;1140573.000
09/09/2004;2.50;2.77;2.50;2.74;562990;6020166.000
09/10/2004;2.73;2.78;2.71;2.77;939931;10128494.000
09/13/2004;2.72;2.76;2.69;2.69;844099;8976472.000
09/14/2004;2.69;2.81;2.58;2.69;1709400;18105796.000
09/15/2004;2.69;2.96;2.69;2.87;1922249;21028920.000
09/16/2004;2.87;2.90;2.77;2.85;1235813;13522713.000
09/17/2004;2.81;3.06;2.80;3.05;2385650;26849412.000
09/20/2004;3.05;3.15;3.01;3.14;1672597;19362472.000
09/21/2004;3.18;3.29;3.12;3.14;3319760;39651136.000
09/22/2004;3.13;3.20;2.98;3.02;966220;11179591.000
09/23/2004;2.97;3.21;2.94;3.18;1266546;14451083.000
09/24/2004;3.23;3.38;3.07;3.09;3991073;48527304.000
09/27/2004;3.11;3.26;3.11;3.18;1800251;21442908.000
09/28/2004;3.20;3.23;3.13;3.19;641874;7596435.000
09/29/2004;3.21;3.32;3.17;3.25;2307353;27907036.000
09/30/2004;3.29;3.31;3.22;3.23;2096275;25353788.000
10/08/2004;3.23;3.50;3.23;3.50;2262688;28105590.000
10/11/2004;3.57;3.75;3.38;3.38;4197277;54276660.000
10/12/2004;3.35;3.43;3.23;3.31;2793467;34302148.000
10/13/2004;3.30;3.36;3.27;3.35;3914232;47822804.000
10/14/2004;3.35;3.45;3.08;3.15;2754987;33622924.000
10/15/2004;3.11;3.31;3.10;3.23;1869756;22446688.000
10/18/2004;3.19;3.42;3.19;3.38;2780974;34266800.000
10/19/2004;3.39;3.45;3.34;3.35;2447676;30401250.000
10/20/2004;3.37;3.49;3.31;3.48;2189452;27333470.000
10/21/2004;3.50;3.66;3.46;3.52;6177270;79840208.000
10/22/2004;3.56;3.70;3.52;3.65;4062187;53029368.000
10/25/2004;3.68;3.81;3.67;3.77;4640806;62207488.000
10/26/2004;3.77;3.79;3.65;3.74;2214804;29386916.000
10/27/2004;3.71;3.77;3.62;3.70;2983888;39447088.000
10/28/2004;3.58;3.80;3.58;3.77;2167441;28913198.000
10/29/2004;3.42;3.77;3.40;3.73;1955296;25803504.000
11/01/2004;3.65;3.73;3.62;3.64;1004239;13232782.000
11/02/2004;3.61;3.84;3.60;3.80;3110560;41248360.000
11/03/2004;3.81;3.85;3.75;3.82;1543282;20789428.000
11/04/2004;3.84;3.85;3.57;3.58;1749700;22943064.000
11/05/2004;3.60;3.67;3.48;3.52;1216542;15612745.000
11/08/2004;3.52;3.63;3.52;3.59;570362;7368359.000
11/09/2004;3.55;3.70;3.55;3.61;694470;9087622.000
11/10/2004;3.61;3.98;3.59;3.94;3201454;43780692.000
11/11/2004;3.95;3.99;3.85;3.85;2090037;28981808.000
11/12/2004;3.86;3.96;3.81;3.89;1309000;17947980.000
11/15/2004;3.92;3.99;3.83;3.90;1243926;17119256.000
11/16/2004;3.91;3.93;3.85;3.92;859038;11768051.000
11/17/2004;3.92;4.13;3.86;4.11;5654961;80119864.000
11/18/2004;4.11;4.25;4.00;4.21;2714928;39253316.000
11/19/2004;4.19;4.27;4.18;4.22;1253974;18274484.000
11/22/2004;4.36;4.37;4.18;4.27;2108093;30889300.000
11/23/2004;4.26;4.26;4.08;4.16;2698115;38894000.000
11/24/2004;4.13;4.13;3.95;4.04;3580333;50144664.000
11/25/2004;4.01;4.10;4.01;4.05;1192036;16832048.000
11/26/2004;4.04;4.11;3.95;4.04;565801;7995627.000
11/29/2004;4.00;4.14;3.97;3.99;514464;7220101.000
11/30/2004;3.98;4.00;3.94;4.00;300260;4176182.000
12/01/2004;4.00;4.10;3.96;4.05;1228241;17313548.000
12/02/2004;4.04;4.07;3.91;3.93;984427;13811961.000
12/03/2004;3.89;3.92;3.70;3.74;1849666;24910530.000
12/06/2004;3.73;3.74;3.57;3.67;1887567;24557444.000
12/07/2004;3.65;3.69;3.60;3.60;190500;2488397.000
12/08/2004;3.69;3.69;3.60;3.62;260201;3394561.000
12/09/2004;3.63;3.75;3.61;3.73;603871;8019179.000
12/10/2004;3.68;3.69;3.63;3.63;140205;1840086.000
12/13/2004;3.64;3.64;3.53;3.61;345907;4449564.000
12/14/2004;3.60;3.75;3.56;3.71;460724;6108059.000
12/15/2004;3.73;3.76;3.61;3.73;281350;3719824.000
12/16/2004;3.74;3.74;3.65;3.73;263158;3492616.000
12/17/2004;3.74;3.74;3.60;3.62;839208;10933299.000
12/20/2004;3.58;3.61;3.49;3.49;431570;5489881.000
12/21/2004;3.42;3.57;3.42;3.43;120840;1521332.000
12/22/2004;3.46;3.58;3.42;3.56;323613;4122943.000
12/23/2004;3.61;3.64;3.33;3.54;607968;7742822.000
12/24/2004;3.53;3.65;3.52;3.62;1134217;14689674.000
12/28/2004;3.43;3.65;3.43;3.64;1023326;13177529.000
12/29/2004;3.64;3.73;3.61;3.68;411600;5416148.000
12/30/2004;3.66;3.82;3.54;3.78;1493279;19867656.000
12/31/2004;3.78;3.88;3.73;3.83;1236774;16730028.000
01/04/2005;3.79;3.79;3.64;3.68;1833600;24247796.000
01/05/2005;3.66;3.66;3.54;3.60;987799;12796373.000
01/06/2005;3.56;3.56;3.53;3.56;502003;6427607.000
01/07/2005;3.58;3.61;3.12;3.31;1522500;19005118.000
01/10/2005;3.25;3.31;3.20;3.27;300163;3621753.000
01/11/2005;3.28;3.28;3.13;3.17;771551;9231949.000
01/12/2005;3.17;3.23;3.16;3.19;228551;2719747.000
01/13/2005;3.23;3.30;3.15;3.28;330157;3990674.000
01/14/2005;3.25;3.34;3.25;3.28;653900;7975770.000
01/17/2005;3.12;3.26;3.12;3.22;579550;6946630.000
01/18/2005;3.23;3.23;3.02;3.18;223747;2613491.000
01/19/2005;3.15;3.16;2.90;2.99;422809;4807824.000
01/20/2005;2.85;2.99;2.85;2.98;251289;2834872.000
01/21/2005;2.91;3.23;2.91;3.10;574151;6755245.000
01/24/2005;3.19;3.22;3.04;3.15;656300;7700390.000
01/25/2005;3.13;3.31;3.10;3.30;511761;6106193.000
01/26/2005;3.30;3.30;3.19;3.30;273521;3299411.000
01/27/2005;3.30;3.31;3.16;3.23;91500;1099511.000
01/28/2005;3.21;3.21;3.11;3.19;131150;1550963.000
01/31/2005;3.19;3.19;3.07;3.19;75009;887264.000
02/01/2005;3.17;3.23;3.17;3.18;616800;7345507.000
02/02/2005;3.21;3.44;3.21;3.44;700647;8655057.000
02/03/2005;3.45;3.48;3.35;3.37;1237500;15441036.000
02/04/2005;3.34;3.43;3.21;3.42;2200908;27063948.000
02/16/2005;3.45;3.51;3.35;3.49;1178789;14861019.000
02/17/2005;3.48;3.50;3.39;3.46;376843;4723976.000
02/18/2005;3.42;3.50;3.41;3.43;760517;9563556.000
02/21/2005;3.43;3.48;3.38;3.47;711907;8948109.000
02/22/2005;3.46;3.65;3.46;3.57;596353;7716676.000
02/23/2005;3.56;3.58;3.54;3.57;399547;5145018.000
02/24/2005;3.58;3.61;3.52;3.59;1957728;25297944.000
02/25/2005;3.59;3.76;3.58;3.68;3171148;41774292.000
02/28/2005;3.68;3.71;3.60;3.67;1387936;18190488.000
03/01/2005;3.63;3.66;3.58;3.61;447466;5795968.000
03/02/2005;3.61;3.66;3.52;3.52;249995;3235781.000
03/03/2005;3.52;3.60;3.46;3.59;220544;2805969.000
03/04/2005;3.51;3.60;3.45;3.48;924199;11696983.000
03/07/2005;3.46;3.54;3.45;3.46;2090628;26511266.000
03/08/2005;3.46;3.54;3.39;3.52;5376047;67603712.000
03/09/2005;3.48;3.50;3.35;3.36;1337135;16659275.000
03/10/2005;3.38;3.38;3.10;3.12;1838929;21802614.000
03/11/2005;3.12;3.17;3.02;3.08;1304601;15131435.000
03/14/2005;3.15;3.21;3.05;3.16;1952570;23027622.000
03/15/2005;3.15;3.15;2.94;2.95;1992000;22733238.000
03/16/2005;2.95;2.96;2.75;2.80;2967482;32542320.000
03/17/2005;2.80;2.88;2.72;2.73;1230500;13405075.000
03/18/2005;2.73;2.80;2.32;2.46;7323895;72367096.000
03/21/2005;2.42;2.50;2.35;2.47;1998299;19718568.000
03/22/2005;2.47;2.57;2.41;2.55;2023617;20407036.000
03/23/2005;2.55;2.60;2.46;2.50;2195909;22428886.000
03/24/2005;2.48;2.52;2.41;2.50;1088981;10823281.000
03/25/2005;2.49;2.49;2.43;2.46;900542;9001826.000
03/28/2005;2.44;2.60;2.41;2.58;656370;6630014.000
03/29/2005;2.56;2.61;2.49;2.50;2002309;20490310.000
03/30/2005;2.50;2.50;2.39;2.43;1766411;17545000.000
03/31/2005;2.38;2.43;2.31;2.38;1681901;16364523.000
04/01/2005;2.39;2.67;2.37;2.63;3851099;39374292.000
04/04/2005;2.61;2.70;2.45;2.64;6249074;63991928.000
04/05/2005;2.63;2.84;2.58;2.81;6492614;69592536.000
04/06/2005;2.81;2.95;2.73;2.89;5848934;63708520.000
04/07/2005;2.88;2.98;2.83;2.86;3039166;33890120.000
04/08/2005;2.90;3.11;2.81;3.10;6427925;72601512.000
04/11/2005;3.11;3.16;3.04;3.16;2891816;33820008.000
04/12/2005;3.11;3.13;3.01;3.03;2307575;26661300.000
04/13/2005;3.04;3.18;2.91;2.92;6049394;68909680.000
04/14/2005;2.92;3.01;2.92;2.96;2489630;28142596.000
04/15/2005;2.69;2.96;2.69;2.92;1339956;14957236.000
04/18/2005;2.90;2.96;2.86;2.94;573298;6419755.000
04/19/2005;2.94;3.00;2.94;2.96;591842;6694489.000
04/20/2005;2.96;2.96;2.89;2.92;1121653;12571649.000
04/21/2005;2.92;2.96;2.86;2.94;1208950;13459106.000
04/22/2005;2.94;3.08;2.94;3.03;2023918;23191056.000
04/25/2005;3.02;3.02;2.81;2.84;2902620;32231932.000
04/26/2005;2.84;2.89;2.70;2.77;2411182;26030484.000
04/27/2005;2.81;2.88;2.73;2.78;1407585;15224519.000
04/28/2005;2.80;2.90;2.71;2.85;1633969;17870990.000
04/29/2005;2.86;2.90;2.75;2.76;1064200;11631334.000
05/09/2005;2.76;2.77;2.65;2.68;510247;5412643.000
05/10/2005;2.65;2.74;2.63;2.70;1517900;16007679.000
05/11/2005;2.67;2.73;2.65;2.69;530637;5621664.000
05/12/2005;2.68;2.88;2.61;2.69;1039692;10954950.000
05/13/2005;2.66;2.76;2.66;2.73;1261915;13407392.000
05/16/2005;2.70;2.73;2.32;2.38;3423087;34154312.000
05/17/2005;2.27;2.41;2.21;2.35;3435512;33219088.000
05/19/2005;2.34;2.35;2.23;2.31;2342899;22379946.000
05/20/2005;2.31;2.58;2.31;2.49;2552494;25831208.000
05/23/2005;2.49;2.57;2.45;2.51;3765400;38404820.000
05/24/2005;2.45;2.50;2.31;2.44;5847349;57405048.000
05/25/2005;2.43;2.44;2.38;2.42;635468;6258831.000
05/26/2005;2.42;2.46;2.33;2.36;965500;9446613.000
05/27/2005;2.36;2.44;2.36;2.40;305900;3004851.000
05/30/2005;2.38;2.46;2.37;2.43;591289;5818332.000
05/31/2005;2.44;2.53;2.43;2.52;979540;9845938.000
06/01/2005;2.48;2.51;2.29;2.35;1568618;15309397.000
06/02/2005;2.27;2.36;2.08;2.13;703881;6539001.000
06/03/2005;2.10;2.19;2.10;2.15;416030;3814819.000
06/06/2005;2.15;2.26;2.08;2.25;777411;7243058.000
06/07/2005;2.25;2.34;2.19;2.23;623460;5928530.000
06/08/2005;2.58;2.59;2.29;2.58;2286233;23363872.000
06/09/2005;2.58;2.68;2.55;2.57;1834869;19088164.000
06/10/2005;2.56;2.58;2.38;2.46;1422059;14165242.000
06/13/2005;2.45;2.46;2.37;2.42;797901;7923250.000
06/14/2005;2.42;2.48;2.38;2.38;1210406;11957065.000
06/15/2005;2.38;2.38;2.28;2.29;509828;4899861.000
06/16/2005;2.27;2.39;2.27;2.39;822602;7951180.000
06/17/2005;2.43;2.43;2.32;2.36;763805;7438793.000
06/20/2005;2.36;2.57;2.36;2.52;1409527;14277665.000
06/21/2005;2.52;2.56;2.43;2.44;1194779;11954337.000
06/22/2005;2.44;2.50;2.38;2.42;1009350;9954173.000
06/23/2005;2.43;2.48;2.39;2.41;1202000;11547400.000
06/24/2005;2.39;2.43;2.38;2.41;462617;4419421.000
06/27/2005;2.49;2.53;2.46;2.50;1380551;13489609.000
06/28/2005;2.46;2.46;2.38;2.38;1078015;10280928.000
06/29/2005;2.32;2.48;2.32;2.44;552361;5300867.000
06/30/2005;2.47;2.47;2.33;2.37;362944;3419838.000
07/01/2005;2.37;2.37;2.20;2.25;458776;4208028.000
07/04/2005;2.23;2.25;2.01;2.18;839700;7385815.000
07/05/2005;2.15;2.15;2.05;2.05;542520;4712618.000
07/06/2005;2.05;2.08;1.91;1.93;2104704;17632908.000
07/07/2005;1.93;2.00;1.92;1.98;1180804;9881635.000
07/08/2005;1.98;1.98;1.94;1.96;565771;4746387.000
07/11/2005;1.99;2.08;1.65;1.69;1978586;15713741.000
07/12/2005;1.66;1.78;1.62;1.76;1955486;15117206.000
07/13/2005;1.73;1.82;1.68;1.81;1810800;14348831.000
07/14/2005;1.78;1.93;1.76;1.91;1790355;14530073.000
07/15/2005;1.89;2.00;1.89;1.97;2217631;18626540.000
07/18/2005;1.97;2.00;1.89;1.96;721510;6068836.000
07/19/2005;1.95;2.04;1.95;2.03;1024492;8712546.000
07/20/2005;2.01;2.06;2.00;2.05;1306931;11177401.000
07/21/2005;2.06;2.06;1.94;2.03;961103;8125817.000
07/22/2005;1.97;2.06;1.97;2.02;2651077;22625032.000
07/25/2005;2.05;2.12;1.96;1.99;1749100;14826137.000
07/26/2005;2.02;2.18;2.01;2.15;4715610;41427324.000
07/27/2005;2.13;2.30;2.10;2.30;2716107;24610996.000
07/28/2005;2.30;2.31;2.23;2.27;3652839;33794032.000
07/29/2005;2.29;2.29;2.23;2.25;1327511;12143251.000
08/01/2005;2.23;2.36;2.23;2.33;2186230;20461856.000
08/02/2005;2.33;2.36;2.30;2.35;488350;4557898.000
08/03/2005;2.33;2.50;2.33;2.43;2493249;24082620.000
08/04/2005;2.42;2.51;2.38;2.49;1053342;10240277.000
08/05/2005;2.47;2.62;2.47;2.57;2639599;26342470.000
08/08/2005;2.61;2.70;2.56;2.63;3018121;30614060.000
08/09/2005;2.61;2.62;2.53;2.60;1034374;10328697.000
08/10/2005;2.65;2.77;2.62;2.76;2575300;26435742.000
08/11/2005;2.76;2.90;2.76;2.81;2611815;27857092.000
08/12/2005;2.81;2.85;2.70;2.76;1919360;20202148.000
08/15/2005;2.76;2.86;2.74;2.86;995527;10505691.000
08/16/2005;2.90;2.92;2.67;2.75;1588308;16735631.000
08/17/2005;2.71;2.81;2.70;2.81;1502360;15686844.000
08/18/2005;2.76;2.80;2.66;2.67;2699451;27871440.000
08/19/2005;2.63;2.70;2.62;2.66;1366814;13919924.000
08/22/2005;2.69;2.70;2.63;2.68;384185;3920918.000
08/23/2005;2.65;2.70;2.61;2.68;686502;7008978.000
08/24/2005;2.70;2.72;2.62;2.66;1892311;19284440.000
08/25/2005;2.65;2.65;2.45;2.50;2797305;27422724.000
08/26/2005;2.50;2.50;2.35;2.40;2916090;27704526.000
08/29/2005;2.39;2.39;2.29;2.32;1311953;12245970.000
08/30/2005;2.32;2.48;2.30;2.46;1026774;9775585.000
08/31/2005;2.43;2.51;2.37;2.51;1926087;18611856.000
09/01/2005;2.51;2.59;2.49;2.58;1778856;17596900.000
09/02/2005;2.58;2.58;2.53;2.55;1285462;12743477.000
09/05/2005;2.56;2.68;2.56;2.60;1249547;12560043.000
09/06/2005;2.60;2.63;2.58;2.58;1445335;14534333.000
09/07/2005;2.58;2.65;2.58;2.63;1557526;15724470.000
09/08/2005;2.65;2.81;2.65;2.76;3973723;41393628.000
09/09/2005;2.78;2.80;2.73;2.79;1910018;20002786.000
09/12/2005;2.80;2.83;2.78;2.80;923983;9777791.000
09/14/2005;2.91;2.91;2.81;2.88;1067266;11441229.000
09/15/2005;2.88;2.88;2.82;2.86;1329750;14262318.000
09/16/2005;2.86;2.86;2.74;2.78;1157500;12216283.000
09/19/2005;2.77;2.80;2.73;2.78;484415;5073343.000
09/20/2005;2.78;2.89;2.77;2.84;1410150;15057231.000
09/21/2005;2.84;2.88;2.78;2.86;1134884;12092621.000
09/22/2005;2.85;2.85;2.75;2.80;1469351;15500948.000
09/23/2005;2.78;2.80;2.68;2.72;1550480;16047231.000
09/26/2005;2.73;2.77;2.70;2.74;318907;3321758.000
09/27/2005;2.76;2.80;2.68;2.74;1003885;10451291.000
09/28/2005;2.74;2.81;2.74;2.78;291480;3062076.000
09/29/2005;2.78;2.85;2.78;2.80;622087;6587870.000
09/30/2005;2.81;2.88;2.78;2.85;916721;9767356.000
10/10/2005;2.85;2.87;2.82;2.83;883600;9429633.000
10/11/2005;2.81;2.90;2.81;2.89;1409728;15058091.000
10/12/2005;2.90;3.08;2.90;3.04;3126792;34852288.000
10/13/2005;3.05;3.22;3.04;3.12;5660811;64962344.000
10/14/2005;3.12;3.15;3.05;3.09;1626442;18391728.000
10/17/2005;3.07;3.10;3.02;3.03;1185131;13317159.000
10/18/2005;3.03;3.08;3.01;3.04;1514490;16946932.000
10/19/2005;3.04;3.06;2.81;2.83;2561601;27773398.000
10/20/2005;2.81;2.83;2.66;2.82;3208682;33182576.000
10/21/2005;2.81;2.91;2.72;2.91;1804794;19208744.000
10/24/2005;2.78;3.03;2.59;2.90;1235389;13479508.000
10/25/2005;2.89;2.93;2.76;2.77;1256708;13374892.000
10/26/2005;2.75;2.77;2.58;2.64;1914093;19635056.000
10/27/2005;2.61;2.67;2.54;2.58;1787914;17965112.000
10/28/2005;2.60;2.62;2.51;2.55;1194860;11848303.000
10/31/2005;2.54;2.70;2.54;2.66;1135968;11608578.000
11/01/2005;2.66;2.70;2.58;2.59;1121810;11371829.000
11/02/2005;2.59;2.66;2.57;2.60;1534098;15368972.000
11/03/2005;2.59;2.66;2.40;2.44;2013320;19654582.000
11/04/2005;2.44;2.50;2.39;2.43;1274349;12215942.000
11/07/2005;2.40;2.44;2.35;2.40;1331663;12610093.000
11/08/2005;2.41;2.45;2.38;2.45;1068267;10209703.000
11/09/2005;2.47;2.49;2.45;2.47;989082;9600892.000
11/10/2005;2.45;2.45;2.30;2.31;1262460;11842896.000
11/11/2005;2.29;2.32;2.22;2.31;1591787;14648831.000
11/28/2005;2.49;2.49;2.35;2.38;2661131;25272064.000
11/29/2005;2.38;2.42;2.37;2.42;920511;8752990.000
11/30/2005;2.43;2.44;2.39;2.40;514529;4900522.000
12/01/2005;2.39;2.48;2.38;2.45;745918;7201254.000
12/02/2005;2.45;2.48;2.44;2.45;836000;8089447.000
12/05/2005;2.45;2.48;2.41;2.45;1093518;10532904.000
12/06/2005;2.46;2.61;2.45;2.51;1808745;17882236.000
12/29/2005;3.24;3.64;3.14;3.43;19639121;179288512.000
12/30/2005;3.64;3.64;3.21;3.30;9042379;83403664.000
01/04/2006;3.31;3.44;3.26;3.40;6080907;56217720.000
01/05/2006;3.38;3.43;3.30;3.34;5150153;47478800.000
01/06/2006;3.35;3.49;3.29;3.41;5125512;47921304.000
01/09/2006;3.39;3.77;3.37;3.72;8092955;77136920.000
01/10/2006;3.73;3.94;3.59;3.82;6784893;68669744.000
01/11/2006;3.82;3.83;3.67;3.69;3651786;36500328.000
01/12/2006;3.69;3.90;3.69;3.80;3338339;33971668.000
01/13/2006;3.80;3.81;3.65;3.72;3243843;32276512.000
01/16/2006;3.74;3.75;3.63;3.65;2033448;20035980.000
01/17/2006;3.65;3.65;3.38;3.43;3585829;33970208.000
01/18/2006;3.41;3.54;3.39;3.51;2905612;27567552.000
01/19/2006;3.51;3.54;3.40;3.45;4863715;45911852.000
01/20/2006;3.46;3.59;3.36;3.53;9948112;93838624.000
01/23/2006;3.53;3.79;3.46;3.71;7295952;72296080.000
01/24/2006;3.71;3.99;3.69;3.92;11759683;120842544.000
01/25/2006;3.92;3.98;3.79;3.94;3995071;41060640.000
02/06/2006;3.96;4.46;3.94;4.39;7980681;87440792.000
02/07/2006;4.38;4.64;4.33;4.56;10040226;116168032.000
02/08/2006;4.58;4.71;4.44;4.52;7048563;82414472.000
02/09/2006;4.52;4.83;4.50;4.57;9075089;107832432.000
02/10/2006;4.69;5.15;4.64;5.08;20472145;256907408.000
02/13/2006;5.09;5.31;4.92;5.26;16020637;205694432.000
02/14/2006;5.26;5.27;5.04;5.15;3941616;50552952.000
02/15/2006;5.14;5.26;4.99;5.04;4790229;60899992.000
02/16/2006;5.04;5.10;4.71;4.71;7480719;90836352.000
02/17/2006;4.69;4.82;4.58;4.63;4765258;56895452.000
02/20/2006;4.59;4.98;4.59;4.73;8016137;97593216.000
02/21/2006;4.71;4.93;4.68;4.91;4967455;60039676.000
02/22/2006;4.93;5.11;4.89;5.03;5632724;70844344.000
02/23/2006;5.04;5.18;4.79;4.90;3840235;48203396.000
02/24/2006;4.89;5.03;4.87;5.01;4795814;59596832.000
02/27/2006;5.02;5.03;4.71;4.79;4673013;56901056.000
02/28/2006;4.75;4.83;4.60;4.72;3371227;40069420.000
03/01/2006;4.71;4.81;4.55;4.56;5674864;67254648.000
03/02/2006;4.54;4.60;4.37;4.40;9753716;111186256.000
03/03/2006;4.43;4.54;4.38;4.46;6758351;77252048.000
03/06/2006;4.47;4.69;4.46;4.52;4205545;48901052.000
03/07/2006;4.49;4.54;4.19;4.22;6601010;73205368.000
03/08/2006;4.20;4.22;4.06;4.12;5947894;64268140.000
03/09/2006;4.09;4.18;4.02;4.07;3813939;40981708.000
03/10/2006;4.11;4.29;4.11;4.19;5290545;57751004.000
03/13/2006;4.04;4.28;4.04;4.19;4468552;48669948.000
03/14/2006;4.19;4.32;4.18;4.32;3154894;34794168.000
03/15/2006;4.32;4.47;4.31;4.43;4541316;51300664.000
03/16/2006;4.43;4.48;4.36;4.37;3918132;44368192.000
03/17/2006;4.37;4.39;4.17;4.18;3309816;36332180.000
03/20/2006;4.17;4.31;4.13;4.28;3979798;43813952.000
03/21/2006;4.29;4.51;4.29;4.44;3843204;43822468.000
03/22/2006;4.44;4.77;4.42;4.76;11743462;137882976.000
03/23/2006;4.75;4.88;4.64;4.84;6314402;76124552.000
03/24/2006;4.86;4.90;4.65;4.67;4182595;50310712.000
03/27/2006;4.69;4.84;4.61;4.79;6047228;72173416.000
03/28/2006;4.81;4.93;4.73;4.84;7345936;89828160.000
03/29/2006;4.84;4.86;4.71;4.72;6885805;82982768.000
03/30/2006;4.72;4.92;4.71;4.79;8078205;98635120.000
03/31/2006;4.74;4.88;4.63;4.84;9036515;108654920.000
04/03/2006;4.85;5.02;4.85;5.00;10603998;131522640.000
04/04/2006;5.03;5.09;4.85;4.93;8696627;107657368.000
04/05/2006;4.93;4.97;4.85;4.94;8008559;98801488.000
04/06/2006;4.93;5.00;4.85;4.92;5816289;71829200.000
04/07/2006;4.92;4.92;4.64;4.70;6616686;79274592.000
04/10/2006;4.69;4.91;4.65;4.90;5710932;69075048.000
04/11/2006;4.91;5.06;4.72;5.01;10882018;134746064.000
04/12/2006;5.00;5.06;4.82;4.85;7200283;89012424.000
04/13/2006;4.79;4.85;4.52;4.53;5796771;68871656.000
04/14/2006;4.53;4.64;4.50;4.61;4393920;51132532.000
04/18/2006;4.61;4.86;4.59;4.69;6625509;79427880.000
04/19/2006;4.76;4.79;4.59;4.71;5229024;62322324.000
04/20/2006;4.77;5.27;4.75;5.25;14525361;180892016.000
04/21/2006;5.24;5.70;5.09;5.44;15354984;204307952.000
04/24/2006;5.49;5.81;5.47;5.51;11265414;154647152.000
04/25/2006;5.49;6.18;5.29;6.18;11751705;165874384.000
04/26/2006;6.37;6.89;6.06;6.13;17153410;265136624.000
04/27/2006;6.08;6.34;5.91;6.04;6476342;95259568.000
04/28/2006;5.88;6.24;5.64;6.11;9507870;135651984.000
05/08/2006;6.14;6.53;6.14;6.49;8954254;136568848.000
05/09/2006;6.48;6.48;6.14;6.31;10701691;161625520.000
05/10/2006;6.31;6.90;6.18;6.66;10689576;170356960.000
05/11/2006;6.64;6.84;6.23;6.29;9279965;145094240.000
05/12/2006;6.24;6.38;6.14;6.26;10797323;162066192.000
05/15/2006;6.29;6.79;6.06;6.70;20599372;313743168.000
05/16/2006;6.56;7.00;6.19;6.27;18276295;285194368.000
05/17/2006;6.24;6.43;5.77;5.93;10075180;147680000.000
05/18/2006;5.89;5.89;5.62;5.69;6959458;97034776.000
05/19/2006;5.69;6.09;5.66;5.99;6523435;93420440.000
05/22/2006;5.99;6.03;5.72;5.89;6246552;88813872.000
05/23/2006;5.86;5.87;5.59;5.67;7019419;97405864.000
05/24/2006;5.69;5.82;5.31;5.40;6518712;88775512.000
05/25/2006;5.44;5.65;5.42;5.59;4948715;67187840.000
05/26/2006;5.56;5.77;5.55;5.73;4621452;64250984.000
05/29/2006;5.76;5.91;5.67;5.84;4538802;64215680.000
05/30/2006;5.83;6.06;5.66;5.98;7259111;104056920.000
05/31/2006;5.91;6.26;5.79;5.98;9673086;141979856.000
06/01/2006;5.98;6.21;5.95;6.04;4288820;62729672.000
06/02/2006;6.18;6.21;5.72;5.74;6632001;94344528.000
06/05/2006;5.73;5.74;5.53;5.70;5350148;73459696.000
06/06/2006;5.69;5.75;5.57;5.67;3580793;49433512.000
06/07/2006;5.67;5.75;5.31;5.32;4692725;63744624.000
06/08/2006;5.28;5.62;5.20;5.58;4297143;57371624.000
06/09/2006;5.58;5.61;5.14;5.21;4410335;56352472.000
06/12/2006;5.11;5.31;5.08;5.20;1879116;23507954.000
06/13/2006;5.21;5.29;5.03;5.07;2676376;33014852.000
06/14/2006;5.06;5.06;4.67;4.83;4543007;52995132.000
06/15/2006;4.83;4.99;4.79;4.83;2287549;27019368.000
06/16/2006;4.89;5.12;4.87;5.11;3470327;41759080.000
06/19/2006;5.01;5.21;4.99;5.13;4045338;49835116.000
06/20/2006;5.16;5.23;5.10;5.18;2631379;32411040.000
06/21/2006;5.19;5.45;5.18;5.41;5258127;66861192.000
06/22/2006;5.41;5.45;5.28;5.42;3350022;42764288.000
06/23/2006;5.13;5.42;5.08;5.11;5743311;71205048.000
06/26/2006;5.13;5.18;4.98;5.18;4659685;56756676.000
06/27/2006;5.18;5.27;5.05;5.12;3054707;37404044.000
06/28/2006;5.12;5.19;5.08;5.18;3445897;42291332.000
06/29/2006;5.18;5.38;5.15;5.32;4963538;62544128.000
06/30/2006;5.39;5.74;5.32;5.65;11790798;155122480.000
07/03/2006;5.66;5.86;5.64;5.84;8216964;111834920.000
07/04/2006;5.85;5.88;5.58;5.64;7221658;97186032.000
07/05/2006;5.63;5.78;5.49;5.69;4436144;58712204.000
07/06/2006;5.67;5.84;5.63;5.82;3344268;45322252.000
07/07/2006;5.84;6.00;5.76;5.99;5641999;77829648.000
07/10/2006;5.98;5.99;5.79;5.96;3099659;42876556.000
07/11/2006;5.89;5.99;5.73;5.86;2727548;37354448.000
07/12/2006;5.74;5.96;5.73;5.85;2577698;35232276.000
07/13/2006;5.74;5.79;5.24;5.31;4181912;54462000.000
07/14/2006;5.25;5.40;5.21;5.39;4529213;57638940.000
07/17/2006;5.39;5.58;5.32;5.57;2147534;27864996.000
07/18/2006;5.56;5.56;5.33;5.45;1869574;24015012.000
07/19/2006;5.46;5.46;5.09;5.14;3825896;47669740.000
07/20/2006;5.19;5.21;5.14;5.17;1925717;23808882.000
07/21/2006;5.16;5.29;5.14;5.21;1262457;15714635.000
07/24/2006;5.11;5.16;4.98;5.08;2739710;33287400.000
07/25/2006;5.08;5.24;5.08;5.16;2195160;27170028.000
07/26/2006;5.17;5.34;5.17;5.25;3972596;50008840.000
07/27/2006;5.24;5.31;5.15;5.19;2038188;25431476.000
07/28/2006;5.16;5.16;4.96;5.05;2747774;33090600.000
07/31/2006;5.03;5.03;4.71;4.72;3758118;43487116.000
08/01/2006;4.69;4.83;4.69;4.72;1308085;15084826.000
08/02/2006;4.73;4.80;4.59;4.65;1251190;14188707.000
08/03/2006;4.68;4.74;4.50;4.55;1814177;20320464.000
08/04/2006;4.55;4.63;4.46;4.48;2080056;23133364.000
08/07/2006;4.44;4.50;4.43;4.47;1344351;14732243.000
08/08/2006;4.51;4.61;4.47;4.60;1520424;16891220.000
08/09/2006;4.61;4.61;4.46;4.49;1991278;22010484.000
08/10/2006;4.50;4.60;4.50;4.59;1894194;21073936.000
08/11/2006;4.59;4.66;4.50;4.61;2512101;28199288.000
08/14/2006;4.64;4.68;4.48;4.53;2719394;30583350.000
08/15/2006;4.50;4.61;4.50;4.60;1621929;18138566.000
08/16/2006;4.60;4.70;4.54;4.68;3298502;37322732.000
08/17/2006;4.67;4.67;4.52;4.63;2666425;29776400.000
08/18/2006;4.61;4.70;4.55;4.60;993421;11179940.000
08/21/2006;4.47;4.59;4.40;4.58;1247259;13757689.000
08/22/2006;4.54;4.66;4.54;4.61;2678873;30170376.000
08/23/2006;4.63;4.66;4.59;4.59;1511949;17049486.000
08/24/2006;4.60;4.65;4.50;4.60;914192;10187570.000
08/25/2006;4.61;4.71;4.60;4.64;2213257;25084442.000
08/28/2006;4.63;4.73;4.54;4.72;4578730;51822584.000
08/29/2006;4.74;4.90;4.71;4.81;4249719;49536724.000
08/30/2006;4.83;4.88;4.74;4.85;4031045;47036972.000
08/31/2006;4.88;4.89;4.79;4.81;1880728;21952770.000
09/01/2006;4.81;4.84;4.60;4.62;2460263;28016216.000
09/04/2006;4.64;4.69;4.59;4.69;2880084;32515690.000
09/05/2006;4.69;4.72;4.61;4.62;2473493;28024452.000
09/06/2006;4.71;4.82;4.64;4.70;2382083;27274138.000
09/07/2006;4.73;4.73;4.63;4.72;1886121;21462676.000
09/08/2006;4.72;4.72;4.65;4.71;1230045;14023148.000
09/11/2006;4.70;4.70;4.51;4.64;1648601;18526380.000
09/12/2006;4.62;4.73;4.59;4.64;1708173;19400824.000
09/13/2006;4.65;4.67;4.56;4.57;4123618;46365408.000
09/14/2006;4.56;4.59;4.47;4.52;2238543;24736298.000
09/15/2006;4.53;4.67;4.49;4.63;3156873;35231312.000
09/18/2006;4.66;4.69;4.58;4.68;2325903;26320256.000
09/19/2006;4.68;4.79;4.67;4.70;2739813;31470264.000
09/20/2006;4.69;4.69;4.63;4.65;1520439;17230928.000
09/21/2006;4.65;4.74;4.62;4.68;1893197;21563160.000
09/22/2006;4.73;4.73;4.49;4.55;2302084;25832044.000
09/25/2006;4.51;4.56;4.49;4.55;1419109;15727994.000
09/27/2006;4.46;4.54;4.44;4.54;4070375;44922072.000
09/28/2006;4.53;4.56;4.51;4.55;2149507;23864620.000
09/29/2006;4.55;4.64;4.54;4.63;2840848;31838440.000
10/09/2006;4.63;4.66;4.51;4.54;4269658;47426600.000
10/10/2006;4.58;4.61;4.50;4.57;2615942;29038560.000
10/11/2006;4.57;4.63;4.54;4.58;3657699;40919300.000
10/12/2006;4.58;4.75;4.57;4.70;4160785;47260048.000
10/13/2006;4.69;4.73;4.63;4.65;3066440;34894068.000
10/16/2006;4.67;4.83;4.67;4.76;6795507;78377672.000
10/17/2006;4.77;4.79;4.72;4.77;2856467;32993276.000
10/18/2006;4.79;4.80;4.71;4.79;2927739;33736852.000
10/19/2006;4.79;4.80;4.67;4.70;2696130;30922170.000
10/20/2006;4.71;4.74;4.49;4.55;4265160;47956276.000
10/23/2006;4.54;4.59;4.46;4.50;4619818;51133768.000
10/24/2006;4.50;4.61;4.50;4.55;3439570;38240080.000
10/25/2006;4.59;4.59;4.49;4.51;3214755;35571560.000
10/26/2006;4.55;4.63;4.55;4.56;3999733;44742124.000
10/27/2006;4.56;4.61;4.48;4.49;5671113;62598948.000
10/30/2006;4.53;4.70;4.47;4.70;6951748;78009976.000
10/31/2006;4.70;4.80;4.66;4.78;7650923;88144528.000
11/01/2006;4.78;5.05;4.73;4.97;13845968;164546544.000
11/02/2006;5.00;5.19;4.93;4.97;12725152;154238752.000
11/03/2006;4.99;5.06;4.91;5.00;6860224;82288208.000
11/06/2006;4.96;5.02;4.91;5.01;5541689;66290288.000
11/07/2006;5.14;5.61;5.10;5.40;22637088;294248576.000
11/08/2006;5.33;5.40;5.19;5.19;8180597;102967952.000
11/09/2006;5.16;5.28;5.09;5.27;7501510;92968112.000
11/10/2006;5.27;5.30;4.93;4.99;8950879;109477936.000
11/13/2006;4.97;5.05;4.74;4.77;6781789;79651608.000
11/14/2006;4.76;4.83;4.61;4.81;5750843;65928188.000
11/15/2006;4.78;4.92;4.69;4.91;9048545;105762448.000
11/16/2006;4.94;5.10;4.82;4.82;8351751;99816576.000
11/17/2006;4.76;4.92;4.74;4.90;4536048;53079836.000
11/20/2006;4.93;4.98;4.74;4.88;7915582;92634792.000
11/21/2006;4.88;5.35;4.80;5.34;14450255;176979088.000
11/22/2006;5.38;5.39;5.14;5.21;12029375;151580144.000
11/23/2006;5.20;5.36;5.14;5.26;10201441;127807696.000
11/24/2006;5.26;5.35;5.16;5.25;6605067;82766024.000
11/27/2006;5.27;5.42;5.25;5.35;5377833;68304464.000
11/28/2006;5.36;5.41;5.14;5.20;8683156;108924584.000
11/29/2006;5.11;5.37;5.05;5.29;7887486;98906432.000
11/30/2006;5.34;5.61;5.34;5.46;13521822;175166912.000
12/01/2006;5.44;5.88;5.40;5.74;14724453;196281856.000
12/04/2006;5.75;5.90;5.67;5.80;10752688;146265840.000
12/05/2006;5.82;5.96;5.74;5.81;9665207;132587136.000
12/06/2006;5.81;5.84;5.34;5.58;11644825;153520992.000
12/07/2006;5.52;5.79;5.43;5.53;11484008;151822272.000
12/08/2006;5.41;5.53;5.16;5.18;8478536;108065536.000
12/11/2006;5.18;5.40;5.18;5.39;3837255;48742104.000
12/12/2006;5.43;5.45;5.33;5.38;3530260;45216304.000
12/13/2006;5.39;5.56;5.38;5.48;5438484;70631008.000
12/14/2006;5.50;5.70;5.48;5.60;5228690;69411088.000
12/15/2006;5.62;5.76;5.56;5.68;7398535;98988056.000
12/18/2006;5.73;6.14;5.71;6.03;21708142;303679040.000
12/19/2006;6.04;6.05;5.76;5.84;10549445;144876080.000
12/20/2006;5.84;5.99;5.74;5.97;6614903;91364880.000
12/21/2006;6.04;6.67;6.04;6.44;32013385;483567936.000
12/22/2006;6.36;6.58;6.26;6.37;7880144;117235024.000
12/25/2006;6.42;6.59;6.24;6.26;7140936;105749664.000
12/26/2006;6.37;6.54;6.13;6.32;5144131;75095168.000
12/27/2006;6.33;6.49;6.29;6.32;4153742;61270224.000
12/28/2006;6.38;6.67;6.24;6.37;7222652;108235960.000
12/29/2006;6.40;6.53;6.29;6.42;12793374;189003760.000
01/04/2007;6.54;6.93;6.50;6.66;19361538;299110304.000
01/05/2007;6.66;7.43;6.59;7.42;17905414;290264160.000
01/08/2007;7.48;7.77;7.41;7.48;16719141;286559232.000
01/09/2007;7.49;7.57;7.25;7.54;8891528;149441232.000
01/10/2007;7.56;7.91;7.35;7.75;11100026;192574672.000
01/11/2007;7.75;8.21;7.39;7.43;9813280;172086112.000
01/12/2007;7.38;7.53;6.62;6.68;15878293;255900800.000
01/15/2007;6.71;7.07;6.55;7.06;12734356;198515952.000
01/16/2007;7.09;7.16;6.80;7.03;14657377;233034608.000
01/17/2007;7.03;7.39;6.86;7.09;11871662;194313872.000
01/18/2007;7.19;7.37;6.93;7.27;10859770;177987328.000
01/19/2007;7.39;7.69;7.39;7.66;14154068;242293536.000
01/22/2007;7.85;8.29;7.85;8.23;14865763;272365632.000
01/23/2007;8.29;8.44;7.74;8.02;10238834;185384144.000
01/24/2007;8.03;8.08;7.82;7.91;10463579;186012032.000
01/25/2007;7.84;8.11;7.64;7.71;12409677;221205184.000
01/26/2007;7.53;8.02;7.17;7.85;13205359;227831280.000
01/29/2007;7.94;8.28;7.83;8.10;11965054;217167152.000
01/30/2007;8.14;9.01;8.14;8.68;19667656;379044192.000
01/31/2007;8.68;8.69;7.82;7.91;10021942;185709520.000
02/01/2007;7.75;8.44;7.74;8.28;13243670;240675936.000
02/02/2007;8.29;8.38;7.79;7.90;8656357;156550080.000
02/05/2007;7.84;8.16;7.74;8.00;5425887;97394976.000
02/06/2007;7.96;8.02;7.41;7.77;13627118;234327024.000
02/07/2007;7.78;8.01;7.64;7.78;10099498;176851424.000
02/08/2007;7.78;7.98;7.59;7.86;7137569;125721896.000
02/09/2007;7.87;7.96;7.63;7.68;8089274;141323168.000
02/12/2007;7.67;7.98;7.63;7.96;6183173;109165896.000
02/13/2007;8.01;8.28;8.00;8.26;5747027;105376648.000
02/14/2007;8.29;8.59;8.19;8.45;7116305;134304416.000
02/15/2007;8.52;8.55;8.32;8.49;8485096;159826528.000
02/16/2007;8.52;8.64;8.35;8.42;7048966;133645320.000
02/26/2007;8.52;8.90;8.44;8.87;14699689;286032512.000
02/27/2007;8.90;9.23;7.88;7.88;14662266;281486592.000
02/28/2007;7.91;8.39;7.91;8.30;6472405;118446560.000
03/01/2007;8.33;8.36;7.67;7.87;6822479;122672880.000
03/02/2007;7.86;8.00;7.74;7.88;4312422;76553768.000
03/05/2007;7.88;8.16;7.66;7.83;6005056;106881576.000
03/06/2007;7.83;7.97;7.66;7.94;3935977;69319896.000
03/07/2007;7.93;8.14;7.92;8.10;6237318;113198224.000
03/08/2007;8.12;8.18;7.91;8.12;5357700;96826272.000
03/09/2007;8.14;8.19;7.92;7.94;5603957;101086144.000
03/12/2007;7.95;8.34;7.94;8.27;9138573;168847488.000
03/13/2007;8.28;8.51;8.21;8.43;9463944;178245056.000
03/14/2007;8.27;8.27;7.94;8.05;6664588;120913656.000
03/15/2007;8.08;8.21;7.96;8.11;8765259;159026160.000
03/16/2007;8.12;8.16;7.80;7.89;4654274;83762456.000
03/19/2007;7.68;7.94;7.63;7.85;7551261;132906128.000
03/20/2007;7.91;8.08;7.77;8.04;5540074;98912944.000
03/21/2007;8.10;8.10;7.89;7.96;5197436;93268232.000
03/22/2007;8.03;8.17;7.94;7.96;12064087;218784192.000
03/23/2007;7.97;8.12;7.87;8.11;8059112;145092960.000
03/26/2007;8.16;8.39;8.15;8.36;9257547;171417792.000
03/27/2007;8.39;8.43;8.18;8.27;7706239;143233296.000
03/28/2007;8.29;8.33;7.81;8.13;10274454;186899568.000
03/29/2007;8.01;8.14;7.88;7.94;9902470;178037856.000
03/30/2007;7.94;8.11;7.89;8.04;6126711;110375344.000
04/02/2007;8.07;8.39;8.04;8.34;12404160;229922544.000
04/03/2007;8.42;8.65;8.35;8.64;15800402;301446272.000
04/04/2007;8.65;8.69;8.42;8.54;9313170;178091328.000
04/05/2007;8.54;8.83;8.53;8.72;11416685;221360416.000
04/06/2007;8.59;9.64;8.59;9.43;15903774;322824064.000
04/09/2007;9.64;9.71;9.44;9.53;11512789;243465440.000
04/10/2007;9.53;9.93;9.49;9.74;11103160;239080368.000
04/11/2007;9.74;9.82;9.54;9.60;11024329;234891120.000
04/12/2007;9.62;10.26;9.62;10.07;9030451;200194176.000
04/13/2007;10.07;10.13;9.76;9.79;8420186;183900192.000
04/16/2007;9.87;10.54;9.87;10.36;10819926;244691088.000
04/17/2007;10.64;11.50;10.51;10.99;18074195;428267872.000
04/18/2007;11.14;11.63;10.86;11.34;13429592;330681024.000
04/19/2007;11.24;11.24;10.10;10.34;14131789;330758528.000
04/20/2007;10.49;11.24;10.49;11.11;10934526;263400560.000
04/23/2007;11.35;12.16;11.34;11.69;17628268;450737696.000
04/24/2007;11.82;12.01;11.49;11.69;14973646;382266848.000
04/25/2007;11.49;11.54;11.10;11.24;11650095;286851168.000
04/26/2007;11.25;11.60;11.24;11.44;7587888;188887664.000
04/27/2007;11.49;11.53;10.94;11.01;8273584;200233520.000
04/30/2007;10.86;11.00;10.57;10.73;10896156;255699792.000
05/08/2007;11.00;11.15;10.66;11.05;11814935;281838432.000
05/09/2007;11.00;11.55;10.84;11.38;12683049;311664160.000
05/10/2007;11.45;11.54;11.11;11.48;10130706;249642176.000
05/11/2007;11.34;11.39;11.03;11.25;6508297;158728368.000
05/14/2007;10.99;11.58;10.94;11.50;11849125;295411840.000
05/15/2007;11.51;12.09;11.44;11.57;12642504;323007744.000
05/16/2007;11.61;12.04;11.32;12.04;11701712;300578272.000
05/17/2007;12.22;12.96;12.00;12.67;12182090;331891936.000
05/18/2007;12.65;13.09;12.39;12.61;7590458;208919824.000
05/21/2007;12.24;13.98;12.19;13.93;13160774;380213248.000
05/22/2007;14.04;15.37;14.04;15.24;17225367;553108736.000
05/24/2007;15.54;15.64;14.22;14.38;14065391;437125248.000
05/25/2007;14.29;14.64;14.04;14.58;8202406;253478464.000
05/28/2007;14.80;15.60;14.49;15.31;8304320;269169440.000
05/29/2007;15.31;16.95;15.01;16.95;12117531;427659872.000
05/30/2007;15.39;18.35;15.34;16.28;18543338;657510592.000
05/31/2007;16.26;18.01;16.26;18.01;13346765;481944512.000
06/01/2007;17.99;18.07;16.11;16.11;9503395;345883328.000
06/04/2007;15.74;16.48;14.40;14.76;9260765;294575040.000
06/05/2007;14.50;15.94;14.49;15.73;7997085;258678032.000
06/06/2007;15.74;17.29;15.64;17.22;8802381;317083552.000
06/07/2007;17.24;19.05;17.22;19.05;14424185;570421760.000
06/08/2007;19.44;19.44;18.39;18.59;5699444;224687360.000
06/11/2007;18.58;19.38;18.39;19.00;6738462;266090048.000
06/12/2007;18.94;19.04;17.49;18.42;7109597;276640992.000
06/13/2007;18.43;19.38;18.42;18.50;4260348;168592608.000
06/14/2007;18.14;18.89;17.84;18.75;4449223;173227488.000
06/15/2007;18.73;18.75;18.24;18.27;3631347;141102720.000
06/18/2007;18.47;19.24;18.31;18.59;5190062;204682400.000
06/19/2007;18.80;19.84;18.49;19.46;7792634;315597184.000
06/20/2007;19.64;19.84;17.87;17.95;6930918;275457408.000
06/21/2007;17.94;18.49;17.74;18.01;5085760;193707616.000
06/22/2007;18.09;18.83;17.64;18.10;6592712;256508352.000
06/25/2007;18.26;19.74;17.99;18.51;6193446;244567024.000
06/26/2007;18.49;18.93;16.99;18.49;3497436;133324208.000
06/27/2007;18.54;18.72;17.59;18.49;4791114;185716224.000
06/28/2007;18.24;18.99;17.91;17.96;4283596;168567584.000
06/29/2007;17.73;17.92;16.89;17.47;2828399;104875744.000
07/02/2007;17.44;17.81;16.49;16.74;3286416;118904064.000
07/03/2007;16.75;17.09;16.49;16.82;2489053;88229048.000
07/04/2007;16.99;17.99;16.99;17.42;3511958;130695264.000
07/05/2007;16.99;17.44;16.64;16.89;2272611;81966056.000
07/06/2007;16.89;17.73;16.84;17.71;2530439;92254096.000
07/09/2007;17.99;19.53;17.99;19.38;6070106;244033600.000
07/10/2007;19.26;20.24;18.49;19.50;5601938;230839552.000
07/11/2007;19.01;19.96;18.67;19.58;2823360;113438600.000
07/12/2007;19.25;19.74;18.73;18.84;1408555;55707288.000
07/13/2007;18.81;18.96;18.32;18.85;624179;24046732.000
07/16/2007;19.04;19.10;18.31;18.32;563767;21651246.000
07/17/2007;18.37;18.79;18.01;18.70;1018062;38714352.000
07/18/2007;18.91;18.91;18.44;18.53;659542;25536900.000
07/19/2007;18.37;18.61;17.97;18.18;755400;28513172.000
07/20/2007;18.12;18.56;18.12;18.56;1165908;44617736.000
07/23/2007;18.71;20.06;18.71;19.82;2983133;121947776.000
07/24/2007;19.89;20.52;19.81;19.84;2960731;123409288.000
07/25/2007;19.89;21.31;19.89;21.28;3260932;141317152.000
07/26/2007;21.51;21.65;20.81;21.31;2141586;93502112.000
07/27/2007;21.31;22.41;20.81;21.55;2582173;116081376.000
07/30/2007;21.26;22.97;21.26;22.71;2987376;138013952.000
07/31/2007;23.01;23.31;21.82;22.24;3315432;154166416.000
08/01/2007;22.01;22.58;20.75;20.90;4404182;193663040.000
08/02/2007;20.90;21.69;20.90;21.46;4100236;179990416.000
08/03/2007;21.53;22.31;21.53;21.87;3914875;176567424.000
08/06/2007;22.21;22.30;21.19;21.38;4227825;188457904.000
08/07/2007;21.58;22.09;20.80;21.71;4997258;221475472.000
08/08/2007;21.51;21.51;20.04;20.60;6022592;256434960.000
08/09/2007;20.31;21.05;20.16;20.67;4755897;203081440.000
08/10/2007;20.66;21.01;19.61;20.33;3034326;127201296.000
08/13/2007;20.69;21.14;19.91;20.90;3262810;138185024.000
08/14/2007;20.91;21.65;20.91;21.20;3873161;170431040.000
08/15/2007;21.20;21.41;20.51;20.96;2713097;116651552.000
08/16/2007;20.91;21.06;20.01;20.94;3173918;133956016.000
08/17/2007;20.81;20.81;19.81;19.86;4330487;181789056.000
08/20/2007;20.66;21.18;20.08;21.10;4652623;198805072.000
08/21/2007;21.06;21.41;20.46;21.18;3493627;151463520.000
08/22/2007;20.84;21.91;20.63;21.45;3493577;155198432.000
08/23/2007;21.54;22.64;21.16;22.29;3835814;173084848.000
08/24/2007;22.34;24.46;22.34;24.21;5741654;278116640.000
08/27/2007;24.25;25.70;24.22;24.82;5572265;287601440.000
08/28/2007;24.31;26.16;23.82;25.66;5080497;263918512.000
08/29/2007;24.86;26.71;24.86;26.20;4957775;265396320.000
08/30/2007;26.10;26.61;25.19;25.39;2037356;107297552.000
08/31/2007;25.21;26.58;24.32;25.61;2458141;130570736.000
09/03/2007;25.60;28.24;25.60;28.22;3346297;190164672.000
09/04/2007;28.51;30.51;27.31;29.33;3821986;226890752.000
09/05/2007;29.25;31.56;28.51;31.49;1985356;124966632.000
09/06/2007;31.56;32.61;30.31;30.99;2370386;151893552.000
09/07/2007;30.91;30.99;29.31;29.81;1953305;120073384.000
09/10/2007;28.91;29.91;28.71;29.32;1346015;80644544.000
09/11/2007;29.31;31.66;28.66;28.97;1945390;120770520.000
09/12/2007;28.81;30.81;28.81;30.81;1588671;97807576.000
09/13/2007;31.07;33.96;31.07;33.96;2681137;180353472.000
09/14/2007;34.31;34.81;32.58;33.35;2043013;139969152.000
09/17/2007;33.35;34.35;32.56;32.80;1864476;126407136.000
09/18/2007;32.86;34.00;32.51;33.33;2206682;148223920.000
09/19/2007;34.00;35.41;33.01;34.31;2355341;164689600.000
09/20/2007;34.31;35.81;33.33;34.38;1980271;140092096.000
09/21/2007;34.31;35.55;33.81;34.68;2863569;205696960.000
09/24/2007;34.91;36.81;34.68;36.70;1685817;122604936.000
09/25/2007;36.70;36.81;33.81;35.30;2517130;181423776.000
09/26/2007;34.06;35.06;31.70;31.82;3624304;241373664.000
09/27/2007;31.84;32.91;31.84;32.72;2116928;140401904.000
09/28/2007;33.31;34.36;32.72;33.69;873062;60487400.000
10/08/2007;34.16;34.56;32.00;33.25;2270421;150285024.000
10/09/2007;33.07;33.07;30.25;30.31;5897377;370735008.000
10/10/2007;31.01;32.15;29.50;29.51;6529781;403688704.000
10/11/2007;29.82;30.25;28.76;30.16;5559178;334790176.000
10/12/2007;30.25;30.25;27.82;29.61;3130590;187080896.000
10/15/2007;29.59;29.59;28.49;28.73;3233350;190555872.000
10/16/2007;28.82;31.67;28.81;31.44;4906223;304944416.000
10/17/2007;31.46;31.46;29.50;29.81;3836528;236231904.000
10/18/2007;29.55;29.56;27.81;28.02;2232493;129195320.000
10/19/2007;28.11;28.41;26.79;27.31;2757145;154477904.000
10/22/2007;26.81;27.01;25.01;25.05;2829196;150373536.000
10/23/2007;25.02;25.72;23.92;25.50;2713852;138298480.000
10/24/2007;25.65;25.76;24.94;25.05;2542201;132794616.000
10/25/2007;24.81;24.81;22.82;23.77;4867828;237538912.000
10/26/2007;23.59;24.46;23.37;23.86;2751784;135524800.000
10/29/2007;24.31;25.66;24.05;25.65;3413976;174074672.000
10/30/2007;25.81;26.44;25.66;25.89;2469432;131606192.000
10/31/2007;26.26;26.35;25.42;25.71;1924677;101650800.000
11/01/2007;25.99;27.21;25.47;25.61;3002922;162378544.000
11/02/2007;25.31;25.31;22.98;23.04;5214230;252482464.000
11/05/2007;22.61;23.71;22.06;22.97;1759345;82172936.000
11/06/2007;22.82;24.06;22.82;23.76;2779311;135235024.000
11/07/2007;23.82;25.31;23.81;25.14;3003325;150518368.000
11/08/2007;24.90;24.90;23.81;24.29;1695434;85208312.000
11/09/2007;23.76;24.46;23.31;23.50;1622458;79905328.000
11/12/2007;22.81;22.81;21.08;21.52;4123188;183756464.000
11/13/2007;21.87;22.31;20.06;20.84;1725158;75773496.000
11/14/2007;20.91;22.30;20.80;22.22;2859328;127024880.000
11/15/2007;21.81;22.21;21.04;21.11;1871630;83286592.000
11/16/2007;20.81;20.81;19.81;20.42;2254646;94346304.000
11/19/2007;20.75;21.07;20.46;20.73;1765977;75539504.000
11/20/2007;20.76;21.71;20.31;21.46;2316639;101209576.000
11/21/2007;21.78;22.56;21.51;21.54;2845037;129917552.000
11/22/2007;20.81;21.61;20.56;20.62;1457416;63398136.000
11/23/2007;20.19;21.57;20.07;21.39;1166154;50431100.000
11/26/2007;21.70;22.52;21.70;22.06;3398332;155295296.000
11/27/2007;21.81;22.41;21.51;22.22;2098780;95384296.000
11/28/2007;22.31;23.06;22.26;22.74;2338663;109280056.000
11/29/2007;22.91;23.16;22.06;23.04;2732323;127857544.000
11/30/2007;23.31;23.31;22.39;22.51;1391655;65491124.000
12/03/2007;22.01;22.31;21.70;21.71;1317062;59456256.000
12/04/2007;21.71;21.96;21.29;21.39;1066786;47309640.000
12/06/2007;22.06;23.06;22.06;22.53;3736416;173462160.000
12/07/2007;22.64;22.81;22.06;22.72;2173924;100904048.000
12/10/2007;22.35;23.96;22.21;23.85;2510699;121016968.000
12/11/2007;23.94;24.21;23.52;23.93;2058045;100902368.000
12/12/2007;23.82;24.29;23.48;24.25;1211448;59892960.000
12/13/2007;24.24;24.24;22.39;22.42;2317406;111438376.000
12/14/2007;22.31;22.89;21.10;22.69;1693848;76202464.000
12/17/2007;22.53;22.81;21.57;21.67;856847;38829256.000
12/18/2007;21.67;22.80;21.52;22.08;661948;30446928.000
12/19/2007;22.80;22.81;22.18;22.59;993247;46176308.000
12/20/2007;22.76;23.36;22.51;23.14;1026914;48636744.000
12/21/2007;22.96;23.81;22.74;23.66;1236100;59618244.000
12/24/2007;23.71;24.46;23.71;24.14;1984561;98665856.000
12/25/2007;24.06;24.31;23.77;23.82;1201135;59233032.000
12/26/2007;23.79;24.81;23.79;24.52;1658711;82423624.000
12/27/2007;24.77;25.99;24.52;25.93;5056149;264769360.000
12/28/2007;25.93;26.62;25.81;26.07;1918267;103178544.000
01/02/2008;26.05;26.51;25.11;25.73;1564050;82970544.000
01/03/2008;26.06;26.09;24.71;25.19;2527646;131190048.000
01/04/2008;25.31;26.65;25.31;25.66;3941904;208672832.000
01/07/2008;25.66;28.30;25.61;28.30;6277120;348872640.000
01/08/2008;28.31;29.01;27.07;27.42;4888398;285052416.000
01/09/2008;27.41;29.71;27.07;29.54;2868221;169659872.000
01/10/2008;29.31;32.25;29.31;32.05;4911624;317065600.000
01/11/2008;32.04;32.73;31.31;31.59;2845743;186946032.000
01/14/2008;31.59;32.35;30.26;30.56;3699719;232758496.000
01/15/2008;30.56;31.96;30.31;31.51;5350753;340338176.000
01/16/2008;30.86;31.31;29.35;30.03;1673426;103584664.000
01/17/2008;29.35;31.41;28.81;31.38;6684610;405098848.000
01/18/2008;30.89;34.46;30.89;33.22;8866181;604794688.000
01/21/2008;32.83;33.76;31.36;32.10;3271475;215977584.000
01/22/2008;30.81;32.56;28.84;29.58;3991010;248457216.000
01/23/2008;29.39;32.61;29.39;32.61;5794935;377661344.000
01/24/2008;33.11;35.40;32.28;32.31;4975329;345123200.000
01/25/2008;32.21;34.15;32.06;32.35;4471864;304124608.000
01/28/2008;32.46;33.26;30.06;31.56;2167788;140860864.000
01/29/2008;32.81;33.30;29.51;31.10;2867312;179701120.000
01/30/2008;31.59;31.60;27.92;28.04;7077516;414722176.000
01/31/2008;27.96;28.04;25.51;26.26;4009335;217819584.000
02/01/2008;25.81;26.44;24.82;26.23;2661836;140460576.000
02/04/2008;26.94;28.24;26.41;28.03;2187345;124042832.000
02/05/2008;28.01;28.01;26.31;27.05;2325346;128609960.000
02/13/2008;26.86;26.86;25.56;26.47;619859;33513604.000
02/14/2008;26.61;27.36;25.81;27.27;1854476;101225584.000
02/15/2008;26.31;27.20;26.07;26.28;738155;40175748.000
02/18/2008;26.41;27.21;26.41;26.42;829444;45241980.000
02/19/2008;26.91;27.86;26.44;27.71;1622787;90453616.000
02/20/2008;27.82;28.80;27.52;27.52;2106417;121828640.000
02/21/2008;27.16;28.31;26.76;27.78;1606465;90608560.000
02/22/2008;27.55;27.61;26.44;26.55;1033910;57144000.000
02/25/2008;26.56;26.81;23.82;23.86;2653421;132322152.000
02/26/2008;24.21;24.56;21.41;23.06;2887446;134620800.000
02/27/2008;22.92;23.81;22.21;23.56;2407227;116094200.000
02/28/2008;23.61;23.76;22.35;22.78;3450650;162410224.000
02/29/2008;22.53;22.89;22.11;22.82;4328656;200627632.000
03/03/2008;22.60;23.60;22.11;23.07;3973135;186855728.000
03/04/2008;23.26;23.56;22.12;22.31;4114678;195399840.000
03/05/2008;22.26;22.76;20.70;21.01;3784131;166636688.000
03/06/2008;21.01;22.40;21.01;22.23;6047930;272861664.000
03/07/2008;21.80;22.31;21.26;21.71;3757543;167985936.000
03/10/2008;21.38;21.38;20.37;20.97;2662964;113918040.000
03/11/2008;20.01;22.49;20.01;22.43;6614198;293704032.000
03/12/2008;23.06;23.56;22.46;22.77;6607576;314320256.000
03/13/2008;22.61;24.31;22.31;23.41;3586364;173845808.000
03/14/2008;23.57;23.86;22.50;23.20;1721319;81616112.000
03/17/2008;23.31;23.31;20.81;20.83;1722434;77620664.000
03/18/2008;20.31;21.31;18.81;19.71;2334082;95715200.000
03/19/2008;20.18;21.06;19.67;19.83;2195074;91569256.000
03/20/2008;19.71;19.71;17.78;19.29;3918736;151299296.000
03/21/2008;19.30;19.91;19.06;19.36;3904515;157296720.000
03/24/2008;19.66;19.81;17.86;18.26;1342131;52114624.000
03/25/2008;17.86;18.31;17.11;18.28;1734912;63630224.000
03/26/2008;18.16;18.91;17.87;18.06;1732704;66352148.000
03/27/2008;17.81;17.81;17.00;17.50;1612023;58263360.000
03/28/2008;17.11;18.15;16.11;17.96;5127700;181164592.000
03/31/2008;16.66;17.56;16.31;16.60;1970034;69796552.000
04/01/2008;16.49;16.91;15.07;15.09;2002476;66199156.000
04/02/2008;15.11;15.71;14.36;14.85;2501595;79250336.000
04/03/2008;14.87;15.76;14.49;15.51;1379384;43806552.000
04/07/2008;15.20;16.75;14.82;16.73;2974561;100443848.000
04/08/2008;16.81;17.91;16.81;17.41;3994654;145152144.000
04/09/2008;17.29;17.41;15.81;15.92;3248868;113043584.000
04/10/2008;15.51;17.14;15.32;17.10;3967096;135925872.000
04/11/2008;17.36;17.76;17.11;17.61;3093557;112081560.000
04/14/2008;16.82;17.41;16.24;16.47;2074429;72640344.000
04/15/2008;16.32;16.91;16.10;16.90;1220125;41948492.000
04/16/2008;16.82;17.65;16.81;16.93;3054496;109888776.000
04/17/2008;16.96;17.46;15.72;16.72;2036908;71007520.000
04/18/2008;16.22;16.56;15.56;15.95;1725834;57639224.000
04/21/2008;17.29;17.46;15.80;15.81;2451184;84364528.000
04/22/2008;15.81;15.81;14.16;14.74;4002310;122239720.000
04/23/2008;14.82;16.23;14.61;16.21;5682805;184189760.000
04/24/2008;17.56;17.90;17.25;17.90;8499306;312448512.000
04/25/2008;18.38;19.51;17.87;18.39;9912499;389085216.000
04/28/2008;18.96;20.30;18.81;20.10;13860613;554793536.000
04/29/2008;20.11;21.51;19.57;20.40;10444734;444151392.000
04/30/2008;20.76;21.26;20.14;21.06;9857361;420724224.000
05/05/2008;21.31;21.61;20.58;21.47;7868864;343525216.000
05/06/2008;21.45;23.06;20.81;22.29;7170610;331575392.000
05/07/2008;22.29;23.81;22.01;22.77;11265823;538638208.000
05/08/2008;22.44;25.11;22.34;25.11;12028683;598043776.000
05/09/2008;25.53;27.49;24.81;26.07;16876308;895997888.000
05/12/2008;25.26;26.81;24.66;24.81;14236896;745553152.000
05/13/2008;24.30;25.31;23.81;24.99;12040870;611985024.000
05/14/2008;24.41;26.37;24.39;25.61;11121505;582184896.000
05/15/2008;25.52;25.62;24.46;24.52;7384527;380159072.000
05/16/2008;24.52;24.90;23.59;23.99;7975485;395590784.000
05/19/2008;24.00;26.45;24.00;26.41;10145530;530524576.000
05/20/2008;26.30;26.60;24.51;24.99;10576318;557076672.000
05/21/2008;24.53;27.38;24.53;27.31;13206365;700552704.000
05/22/2008;27.06;28.91;26.77;27.55;12498427;720428928.000
05/23/2008;27.41;28.30;26.67;28.11;8008914;453035232.000
05/26/2008;28.01;28.01;26.21;26.23;7763616;431746144.000
05/27/2008;25.94;26.75;24.74;25.73;6622307;345911040.000
05/28/2008;25.46;26.41;24.84;25.88;7084799;370872032.000
05/29/2008;25.71;26.41;24.41;24.47;6388471;331573984.000
05/30/2008;24.07;24.61;22.66;22.86;11872005;565646336.000
06/02/2008;22.76;23.91;22.41;23.14;6199204;299159680.000
06/03/2008;23.30;24.56;23.16;24.42;7407779;366661120.000
06/04/2008;24.16;24.56;23.33;23.73;4391620;215332736.000
06/05/2008;23.31;23.31;21.92;21.97;6093519;282098496.000
06/06/2008;22.31;22.75;22.01;22.28;3602292;166011408.000
06/10/2008;21.51;22.76;20.56;20.96;4497964;202150800.000
06/11/2008;20.86;21.55;20.82;21.36;3879165;170332304.000
06/12/2008;21.66;21.81;20.22;20.53;3673646;158651104.000
06/13/2008;20.60;20.96;18.81;18.98;4440627;180574880.000
06/16/2008;18.80;19.16;17.81;18.00;4342126;164675056.000
06/17/2008;17.82;18.31;16.59;16.92;4728054;169946928.000
06/18/2008;16.66;18.68;16.49;18.68;6956221;260771888.000
06/19/2008;19.06;20.06;18.41;18.52;10556090;419949376.000
06/20/2008;18.31;20.11;16.95;19.14;9179486;361949344.000
06/23/2008;18.71;19.61;18.18;18.28;5150553;201764640.000
06/24/2008;18.31;19.56;18.31;19.43;5762387;226326304.000
06/25/2008;19.56;20.82;19.31;20.45;5332809;223881280.000
06/26/2008;20.46;22.57;20.45;22.57;5883795;261101024.000
06/27/2008;21.87;23.57;21.56;21.87;11057071;513420128.000
07/01/2008;22.11;22.56;20.54;21.20;4477963;196027872.000
07/02/2008;21.48;22.01;21.01;21.50;4459503;198352464.000
07/03/2008;21.23;22.17;19.91;20.81;13395407;578375872.000
07/04/2008;20.76;20.76;18.66;18.77;13656999;540483008.000
07/07/2008;18.57;19.71;18.57;19.31;8970583;355597920.000
07/08/2008;20.01;21.31;20.00;21.31;15095024;647009152.000
07/09/2008;21.76;22.16;20.61;22.15;12151391;533666240.000
07/10/2008;21.76;24.31;21.32;23.19;14271895;684468800.000
07/11/2008;23.11;23.94;22.62;23.54;10342863;495811072.000
07/14/2008;23.76;24.31;22.94;23.14;11445156;552584384.000
07/15/2008;23.22;23.88;21.65;21.80;10145714;235187744.000
07/16/2008;20.86;21.75;20.05;20.69;15706195;334144992.000
07/17/2008;21.22;21.50;19.63;19.74;13602385;284822880.000
07/18/2008;19.81;20.24;18.23;19.73;17980882;352275168.000
07/21/2008;19.63;21.75;18.60;21.75;19840526;411081920.000
07/22/2008;21.55;22.89;21.36;22.14;20818754;470917120.000
07/23/2008;22.04;22.17;20.55;20.85;16742497;364806784.000
07/24/2008;20.75;21.77;20.55;21.50;14473368;312629056.000
07/25/2008;21.10;21.10;20.55;20.58;12838729;271485952.000
07/28/2008;20.66;21.05;20.38;20.54;8569082;180884000.000
07/29/2008;20.25;21.17;19.85;21.05;14580993;310761440.000
07/30/2008;20.88;20.95;19.87;20.12;10650190;221332160.000
07/31/2008;20.93;20.93;19.10;19.15;9851770;199273344.000
08/01/2008;18.56;18.81;17.80;18.17;18159215;339710176.000
08/04/2008;18.25;18.63;17.75;17.82;7789101;146066000.000
08/05/2008;17.55;17.95;15.99;16.02;16345734;274803744.000
08/07/2008;16.00;16.00;14.81;15.15;15459621;243442752.000
08/08/2008;15.15;15.83;14.90;15.13;14732783;233578272.000
08/11/2008;14.55;14.75;13.57;13.58;14147851;203772880.000
08/12/2008;13.24;14.23;13.08;13.95;13832304;197167296.000
08/13/2008;13.67;14.45;13.21;14.03;10527029;149236640.000
08/14/2008;14.17;14.92;14.03;14.50;12159559;182716064.000
08/15/2008;14.15;14.50;13.93;14.15;5559155;81390464.000
08/18/2008;14.32;14.32;12.69;12.69;10547043;143074752.000
08/19/2008;12.15;12.70;11.79;12.52;7834448;100024024.000
08/20/2008;12.55;13.78;12.40;13.74;15958900;219030592.000
08/21/2008;13.36;13.73;12.45;12.46;12776884;173533104.000
08/22/2008;12.65;12.94;11.86;12.37;7566026;97816264.000
08/25/2008;12.25;12.25;11.55;11.77;7777117;96534464.000
08/26/2008;11.54;11.75;10.65;10.73;7815336;90338344.000
08/27/2008;10.80;10.90;10.11;10.69;7634978;83979656.000
08/28/2008;10.65;11.05;10.47;10.86;7005414;78999840.000
08/29/2008;10.88;11.69;10.80;11.30;8861627;103778328.000
09/01/2008;11.30;11.42;10.56;10.69;7012301;80209416.000
09/02/2008;10.54;10.55;10.05;10.37;5699360;61149376.000
09/04/2008;9.35;10.35;9.35;10.28;15887378;162315392.000
09/05/2008;9.66;10.28;9.56;9.76;7734248;79979488.000
09/08/2008;9.72;9.92;9.36;9.39;5315278;53201228.000
09/09/2008;9.55;9.63;9.16;9.42;5170099;50742540.000
09/10/2008;9.30;9.55;8.92;9.05;6756762;65090380.000
09/11/2008;9.10;9.33;8.55;8.60;6614040;62144012.000
09/12/2008;8.60;8.70;8.20;8.28;9293413;82698312.000
09/16/2008;8.25;8.33;7.65;7.66;10831836;90829776.000
09/17/2008;7.65;7.84;7.55;7.80;6646187;54315104.000
09/18/2008;7.65;8.59;7.57;8.42;17558244;149535728.000
09/19/2008;9.31;9.31;9.07;9.31;10213521;99594368.000
09/22/2008;10.29;10.29;10.00;10.29;27227568;291524864.000
09/23/2008;10.45;11.20;10.25;10.47;48640668;546115968.000
09/24/2008;10.09;11.56;9.75;11.53;30894856;337028896.000
09/25/2008;11.35;12.53;11.15;11.86;40999490;504261920.000
09/26/2008;12.01;12.70;11.77;12.52;29779188;376718688.000
10/06/2008;11.70;12.00;11.22;11.22;24049359;283755232.000
10/07/2008;10.26;10.99;10.05;10.74;31221188;336402048.000
10/08/2008;10.22;10.43;9.63;9.77;21369687;224582944.000
10/09/2008;9.94;10.30;9.50;9.74;29385016;303990944.000
10/10/2008;8.72;8.95;8.72;8.72;19188447;176300464.000
10/13/2008;8.34;9.34;7.91;9.05;26005824;233613584.000
10/14/2008;9.55;9.95;8.90;8.94;41066217;410089472.000
10/15/2008;8.55;8.73;8.15;8.45;18218325;161480576.000
10/16/2008;7.80;8.01;7.60;7.80;25424999;210306656.000
10/17/2008;7.95;8.20;7.75;8.03;15432456;130043384.000
10/20/2008;7.91;8.88;7.63;8.88;24650224;218729936.000
10/21/2008;8.97;9.63;8.90;9.04;36539590;354840672.000
10/22/2008;8.67;9.38;8.65;8.72;20134228;189832592.000
10/23/2008;8.45;9.35;8.18;9.34;22268853;207160512.000
10/24/2008;9.25;9.85;9.15;9.57;30575679;305339232.000
10/27/2008;9.40;9.40;8.57;8.57;18077402;167393744.000
10/28/2008;7.95;9.33;7.85;9.30;25003700;226251616.000
10/29/2008;9.31;9.31;8.33;8.34;21245028;199181600.000
10/30/2008;8.55;9.10;8.40;8.83;21068280;195669696.000
10/31/2008;8.60;8.90;8.50;8.68;9922332;90858136.000
11/03/2008;8.50;9.05;8.45;8.74;8636478;80148152.000
11/04/2008;8.73;8.73;8.21;8.39;11032973;98011448.000
11/05/2008;8.65;9.10;8.65;8.81;19046674;177731296.000
11/06/2008;8.50;8.56;8.10;8.36;15901248;139684144.000
11/07/2008;8.05;8.46;7.96;8.24;16308592;141871264.000
11/10/2008;8.45;9.11;8.40;9.11;33208392;305509888.000
11/11/2008;9.12;9.44;8.85;8.88;29827980;285780736.000
11/12/2008;8.67;9.10;8.60;9.06;18032640;168087152.000
11/13/2008;8.86;10.01;8.80;9.91;45096677;458074048.000
11/14/2008;10.15;10.85;9.85;10.84;48503188;520805600.000
11/17/2008;10.65;11.15;10.44;11.09;46955218;529251904.000
11/18/2008;10.90;10.97;9.94;9.94;37012421;398188192.000
11/19/2008;9.72;10.76;9.45;10.60;31816045;335262688.000
11/20/2008;10.30;10.61;9.84;10.03;23872054;253880592.000
11/21/2008;9.55;10.05;9.14;9.58;30893576;310646528.000
11/24/2008;9.64;9.92;9.31;9.37;16458366;165888096.000
11/25/2008;9.68;9.84;9.07;9.47;20168352;200181600.000
11/26/2008;9.35;9.41;8.93;9.14;14321630;137467712.000
11/27/2008;9.83;9.85;8.95;8.99;27628559;273923232.000
11/28/2008;8.82;8.83;8.45;8.56;18588702;168137824.000
12/01/2008;8.54;8.78;8.13;8.76;17774507;158955408.000
12/02/2008;8.35;8.82;8.30;8.66;19579150;176396976.000
12/03/2008;8.69;9.57;8.68;9.57;32539754;316134880.000
12/04/2008;10.05;10.57;9.62;9.82;69718670;736991936.000
12/05/2008;9.69;10.52;9.60;10.45;35409580;375386752.000
12/08/2008;10.73;11.00;10.19;10.89;48478891;539940608.000
12/09/2008;10.91;11.73;10.64;11.01;51135234;593999936.000
12/10/2008;10.90;11.43;10.78;11.25;31780603;367252224.000
12/11/2008;11.27;11.90;11.06;11.08;33447405;400009664.000
12/12/2008;10.85;11.18;10.00;10.24;30229522;331715008.000
12/15/2008;10.45;10.51;9.57;10.03;25184653;264151168.000
12/16/2008;9.84;10.82;9.55;10.79;24615151;260816384.000
12/17/2008;10.70;11.00;10.41;10.53;26337665;292911136.000
12/18/2008;10.43;11.33;10.15;11.07;27397092;308713920.000
12/19/2008;10.94;11.35;10.75;10.92;27285737;312658784.000
12/22/2008;10.91;11.15;10.28;10.73;22281508;247882752.000
12/23/2008;10.73;11.05;10.28;10.51;34775195;387663904.000
12/24/2008;10.05;10.75;10.00;10.70;25749274;280748512.000
12/25/2008;10.75;10.83;9.86;9.88;19698149;211478512.000
12/26/2008;9.65;10.25;9.61;9.93;17128271;177873408.000
12/29/2008;10.00;10.14;9.46;9.65;13179413;133731952.000
12/30/2008;9.73;9.88;9.55;9.63;9404672;95684168.000
12/31/2008;9.65;9.73;9.26;9.28;8427881;83603888.000
01/05/2009;9.50;10.03;9.50;9.97;19473520;198597424.000
01/06/2009;9.95;10.90;9.90;10.81;27346043;301578016.000
01/07/2009;10.86;11.10;10.61;10.79;17712255;200270608.000
01/08/2009;10.43;11.10;10.38;10.88;18181894;205218880.000
01/09/2009;11.00;11.63;10.96;11.44;33883195;399713216.000
01/12/2009;11.43;11.68;11.15;11.18;18258145;215787296.000
01/14/2009;10.73;12.15;10.73;12.09;22666858;269682976.000
01/15/2009;11.81;12.23;11.67;11.88;23101332;287033632.000
01/16/2009;12.01;12.24;11.86;11.95;21125052;264409456.000
01/19/2009;11.97;12.19;11.26;11.52;20098901;244360144.000
01/20/2009;11.36;11.60;11.10;11.53;13255927;157079200.000
01/21/2009;11.44;11.71;11.10;11.50;19427507;232673360.000
01/22/2009;11.70;12.33;11.59;12.18;23786636;295314176.000
01/23/2009;12.34;12.68;12.18;12.48;25955241;337312576.000
02/02/2009;13.05;13.05;12.54;12.70;14202136;187222192.000
02/03/2009;12.75;13.03;12.57;12.93;17475673;232354240.000
02/04/2009;13.00;13.40;12.66;13.02;20767152;279010944.000
02/05/2009;13.00;13.99;12.83;13.48;29853687;414344320.000
02/06/2009;13.56;14.05;13.45;13.93;25014178;354887936.000
02/09/2009;14.05;15.37;14.05;15.37;42087624;649936320.000
02/10/2009;15.35;15.67;14.95;15.64;28977388;459037920.000
02/11/2009;15.25;15.54;14.46;14.97;34070410;530696640.000
02/12/2009;15.01;15.14;13.61;14.33;36394004;533126400.000
02/13/2009;14.33;15.05;13.96;14.97;33719600;503077568.000
02/16/2009;15.09;15.44;14.57;15.31;37916050;586729280.000
02/17/2009;15.25;16.05;15.02;15.11;47559740;767566976.000
02/18/2009;14.55;14.89;13.90;13.94;33302913;494159680.000
02/19/2009;13.90;14.33;13.70;14.10;20710499;299395584.000
02/20/2009;14.22;14.54;14.00;14.47;16347006;240839824.000
02/23/2009;14.25;14.89;13.86;14.74;25069577;373445312.000
02/24/2009;14.42;14.64;13.68;13.70;26307326;383451872.000
02/25/2009;14.04;14.04;13.20;13.48;16364525;229410032.000
02/26/2009;13.55;13.87;12.16;12.35;21079709;286140832.000
02/27/2009;12.36;12.55;11.61;11.96;19712212;247042016.000
03/02/2009;11.95;12.25;11.83;12.20;10323959;129625680.000
03/03/2009;11.84;12.11;11.58;11.88;12748375;156757584.000
03/04/2009;11.99;13.11;11.99;13.11;27712290;367804032.000
03/05/2009;13.49;13.80;13.05;13.40;34812792;487129984.000
03/06/2009;13.05;13.81;12.97;13.45;17935310;249985056.000
03/09/2009;13.70;14.00;12.80;12.90;14250946;197319872.000
03/10/2009;12.63;13.39;12.39;13.37;15414610;204765392.000
03/11/2009;13.58;13.67;13.07;13.22;13140591;182068128.000
03/12/2009;13.03;13.14;12.60;12.99;7843824;104437160.000
03/13/2009;13.25;13.50;12.95;12.96;9270479;127010064.000
03/16/2009;12.80;13.10;12.55;12.99;9992475;132524544.000
03/17/2009;13.02;13.80;12.88;13.73;17625133;245910800.000
03/18/2009;14.23;15.05;14.07;14.55;39517938;596590848.000
03/19/2009;14.70;16.05;14.70;16.05;60590347;978527232.000
03/20/2009;16.56;17.12;16.25;16.66;64422854;1100952704.000
03/23/2009;16.71;17.75;16.49;17.26;46061210;810265216.000
03/24/2009;17.45;17.83;16.95;17.31;34027759;606572352.000
03/25/2009;17.19;18.03;16.65;16.85;33714515;607984128.000
03/26/2009;16.82;18.55;16.55;18.53;44287741;788924928.000
03/27/2009;18.58;18.81;18.25;18.72;32275814;612173312.000
03/30/2009;18.55;18.58;17.75;17.93;20709569;383917408.000
03/31/2009;17.43;18.51;17.05;18.16;20203506;366339072.000
04/01/2009;18.25;20.02;18.08;19.41;35619372;699350464.000
04/02/2009;19.43;20.40;19.10;19.87;29963939;601614464.000
04/03/2009;20.05;21.23;18.96;19.61;28382117;587441792.000
04/07/2009;19.55;20.13;19.35;20.01;17679951;357781440.000
04/08/2009;19.80;20.25;19.39;19.49;16582739;334251648.000
04/09/2009;19.40;19.90;18.35;19.41;21554324;428314656.000
04/10/2009;19.62;21.22;19.25;21.13;22335391;463111488.000
04/13/2009;21.46;23.05;21.46;22.78;28185989;635412928.000
04/14/2009;22.78;22.97;21.80;22.31;26152370;594330944.000
04/15/2009;21.95;23.54;21.75;22.62;25192395;584458688.000
04/16/2009;22.70;22.75;21.63;21.71;19776571;443504480.000
04/17/2009;21.53;21.53;19.75;20.84;28067867;591477504.000
04/20/2009;20.55;21.55;20.35;21.12;19656860;421949408.000
04/21/2009;20.55;20.76;19.50;19.97;33015521;674640256.000
04/22/2009;20.06;20.38;18.86;18.97;24395026;486732256.000
04/23/2009;18.70;19.92;18.70;19.84;30015932;600585664.000
04/24/2009;19.71;19.87;19.25;19.39;16812089;336333312.000
04/27/2009;19.45;20.00;18.88;19.75;17844774;356244352.000
04/28/2009;19.55;20.55;19.35;20.37;21383940;441483584.000
04/29/2009;20.39;21.77;20.39;20.96;30842364;667220352.000
04/30/2009;21.36;21.53;20.76;21.35;20631369;445529440.000
05/04/2009;21.54;23.47;21.41;23.19;31721473;726236416.000
05/05/2009;23.30;23.35;22.56;22.72;25245215;587946816.000
05/06/2009;22.70;24.40;22.56;23.82;35805756;867290944.000
05/07/2009;23.96;24.80;23.36;24.77;26185249;638693632.000
05/08/2009;24.31;25.12;23.95;24.11;21368154;534575488.000
05/11/2009;24.18;24.43;22.40;22.42;21647883;513193760.000
05/12/2009;22.05;23.66;21.95;23.63;15509283;363358912.000
05/13/2009;23.74;24.83;23.38;24.07;16610053;411828224.000
05/14/2009;23.55;25.05;23.38;24.97;26168296;648245440.000
05/15/2009;25.05;25.83;24.30;25.75;22788279;583666432.000
05/18/2009;25.35;27.85;24.72;27.05;23059979;607220224.000
05/19/2009;27.12;27.65;26.84;27.05;26520452;733273024.000
05/20/2009;27.06;29.05;26.83;28.62;23700001;677116480.000
05/21/2009;28.55;28.90;26.86;27.47;22803827;641644480.000
05/22/2009;27.07;27.15;26.07;26.52;20684935;558249536.000
05/25/2009;25.35;26.50;24.45;26.32;40005343;1027409728.000
05/26/2009;25.86;25.90;24.03;25.04;39439816;1002969472.000
05/27/2009;24.75;25.23;24.04;24.25;29021493;725328320.000
06/01/2009;24.80;25.96;24.52;25.84;52542774;1345276544.000
06/02/2009;26.03;26.10;25.05;25.14;30515080;789993856.000
06/03/2009;25.15;25.46;24.94;25.35;18932723;485822624.000
06/04/2009;25.05;25.21;24.14;25.12;24746827;621243648.000
06/05/2009;25.46;25.85;25.00;25.02;26671884;689807296.000
06/08/2009;25.05;25.10;24.14;24.32;18829571;467111904.000
06/09/2009;24.34;24.73;23.25;23.71;28552080;690623872.000
06/10/2009;24.05;24.40;23.65;24.38;19203304;469638848.000
06/11/2009;24.46;24.95;24.20;24.39;18788643;470411808.000
06/12/2009;24.40;25.33;24.34;24.72;22822690;577343936.000
06/15/2009;24.55;24.87;23.43;23.87;23462205;571139584.000
06/16/2009;23.45;24.15;23.28;23.70;14646239;353694816.000
06/17/2009;23.75;23.92;23.05;23.85;18500590;443746016.000
06/19/2009;24.93;25.18;24.16;24.33;27765897;694893248.000
06/22/2009;24.35;24.40;23.67;23.91;14426636;352792160.000
06/23/2009;23.35;25.33;23.24;25.12;34444089;862288256.000
06/24/2009;25.05;27.55;24.85;27.53;54544222;1483416832.000
06/25/2009;27.50;28.40;27.25;28.05;36367314;1029500032.000
06/26/2009;28.11;29.93;28.11;29.72;40242494;1202880896.000
06/29/2009;29.70;31.77;29.00;30.53;27545024;847442112.000
06/30/2009;30.93;31.63;29.61;29.91;19933402;620624512.000
07/01/2009;29.78;32.01;29.78;31.72;24289233;777186240.000
07/02/2009;32.33;32.75;31.45;32.18;17356112;563528320.000
07/03/2009;31.55;32.94;31.35;31.87;15772649;515744672.000
07/06/2009;31.98;32.75;31.35;31.88;12697700;410454560.000
07/07/2009;31.80;32.14;30.95;31.50;12826331;409519616.000
07/08/2009;31.01;34.55;30.96;34.53;15888363;522338496.000
07/09/2009;34.05;36.75;33.58;36.52;18100575;645397632.000
07/10/2009;36.25;37.24;35.54;36.06;7439903;272961248.000
07/13/2009;35.55;36.52;34.40;34.65;10186667;361596192.000
07/14/2009;35.26;38.16;35.26;38.16;24375651;933937088.000
07/15/2009;38.95;41.84;37.85;41.72;21905730;877007744.000
07/16/2009;41.73;43.43;40.55;41.72;12699390;539880320.000
07/17/2009;41.66;43.12;41.17;42.01;8743845;374152352.000
07/20/2009;42.43;45.10;41.15;43.11;17666615;758664064.000
07/21/2009;42.85;44.45;41.56;43.18;13784192;595900736.000
07/22/2009;42.85;47.21;42.55;45.90;17352182;791523584.000
07/23/2009;45.91;46.56;45.06;45.50;11271821;520313152.000
07/24/2009;45.71;47.32;44.75;45.50;12236602;569313984.000
07/27/2009;45.50;46.27;43.99;45.84;12373356;561002240.000
07/28/2009;45.79;45.79;43.83;43.98;11950048;535072128.000
07/29/2009;44.01;44.01;40.26;41.65;16307386;691459904.000
07/30/2009;41.66;42.95;39.97;42.83;17655396;746328960.000
07/31/2009;43.30;43.90;42.50;43.77;13897133;600599168.000
08/03/2009;43.78;44.82;41.88;43.82;14373828;623493376.000
08/04/2009;43.60;48.20;42.73;48.20;27984336;1286362496.000
08/05/2009;47.95;49.16;44.85;46.43;21691123;1020431616.000
08/06/2009;45.20;47.50;44.00;44.69;14548616;664548096.000
08/07/2009;44.69;45.98;41.36;42.22;17272518;749489600.000
08/10/2009;42.40;43.30;40.00;41.97;19624831;815923712.000
08/11/2009;42.39;42.47;40.70;42.18;9435305;393645120.000
08/12/2009;41.90;42.00;39.02;39.57;12989654;527056832.000
08/13/2009;39.20;42.34;38.80;41.69;18635037;768132672.000
08/14/2009;41.78;43.08;40.89;41.64;13928410;586442688.000
08/17/2009;39.83;40.60;37.50;37.53;14214675;553299456.000
08/18/2009;37.18;38.71;36.99;38.53;13375893;506275968.000
08/19/2009;38.82;39.50;35.94;36.14;14689127;556933056.000
08/20/2009;36.94;39.44;36.55;38.61;21630556;826284672.000
08/21/2009;38.01;41.70;37.91;41.05;19442028;769534784.000
08/24/2009;41.30;43.66;41.30;43.02;18014218;767317248.000
08/25/2009;42.55;43.90;40.67;43.31;16525685;695775168.000
08/26/2009;42.30;44.99;41.95;42.79;18721981;821046144.000
08/27/2009;42.10;42.60;40.50;41.06;15530912;645093696.000
08/28/2009;41.15;41.55;37.76;38.27;18996620;738117632.000
08/31/2009;37.61;37.61;34.44;34.44;17924278;630415360.000
09/01/2009;33.00;36.36;33.00;34.67;16566834;572811200.000
09/02/2009;34.70;37.61;34.68;36.50;19893156;723134400.000
09/03/2009;36.60;39.27;36.00;38.84;21940957;832975616.000
09/04/2009;39.00;39.83;38.44;38.84;15052926;590135808.000
09/07/2009;39.15;40.30;38.00;38.47;14911793;583426048.000
09/08/2009;37.65;40.35;36.70;40.00;21890055;856160768.000
09/09/2009;40.72;41.33;39.75;40.33;16827113;680838784.000
09/10/2009;40.25;40.98;38.98;39.64;11325202;452800576.000
09/11/2009;39.29;41.09;39.25;40.56;9983071;404496064.000
09/14/2009;40.40;42.58;40.00;42.22;13657259;566250304.000
09/15/2009;42.25;43.55;41.88;42.06;17812203;761526272.000
09/16/2009;42.18;42.18;40.25;41.40;13789282;568439872.000
09/17/2009;41.53;42.70;41.53;41.71;9602989;403151232.000
09/18/2009;41.86;42.49;39.01;39.63;11430387;468449408.000
09/21/2009;39.00;41.21;38.10;40.99;10822314;432706144.000
09/22/2009;40.50;41.19;39.19;39.20;8696901;349318784.000
09/23/2009;39.60;39.83;36.68;37.42;9464002;363165792.000
09/24/2009;36.78;38.42;36.40;37.88;8722644;325804320.000
09/25/2009;37.42;37.94;36.58;37.07;8230621;306858016.000
09/28/2009;37.20;37.75;34.79;35.19;8861450;318869248.000
09/29/2009;35.20;35.55;34.33;35.19;8063335;282418432.000
09/30/2009;35.35;36.41;35.35;35.62;6929874;248693248.000
10/09/2009;37.00;39.18;36.90;39.14;12793109;487964320.000
10/12/2009;39.16;39.23;38.03;38.45;8591169;331574688.000
10/13/2009;38.70;40.20;38.65;39.29;11062942;437057056.000
10/14/2009;39.70;41.75;39.70;40.68;14304009;584755328.000
10/15/2009;41.59;41.88;40.70;41.15;11211296;462824896.000
10/16/2009;41.60;43.01;41.59;42.70;19993477;846486336.000
10/19/2009;43.04;44.00;41.83;43.63;15658419;676129024.000
10/20/2009;43.88;44.22;43.02;43.35;12448062;542839360.000
10/21/2009;43.38;43.90;42.70;42.90;9954384;432736352.000
10/22/2009;43.09;43.68;42.00;42.12;10847178;462744704.000
10/23/2009;42.30;44.76;42.28;44.07;21793006;953644096.000
10/26/2009;44.07;44.75;43.70;44.15;10661088;470775424.000
10/27/2009;43.40;43.68;41.00;41.52;13565979;574006144.000
10/28/2009;41.40;42.59;41.23;42.14;9002285;377320544.000
10/29/2009;40.85;42.50;40.65;41.00;11372728;472555136.000
10/30/2009;42.50;42.75;41.38;41.42;9393568;395117696.000
11/02/2009;40.00;43.00;39.67;42.98;13373194;556855872.000
11/03/2009;43.25;43.98;42.90;43.69;11101119;482140512.000
11/04/2009;43.90;44.25;43.11;43.93;11324686;496391808.000
11/05/2009;44.15;44.30;43.20;44.14;9102795;399798944.000
11/06/2009;44.18;45.28;44.18;44.44;9917661;444838304.000
11/09/2009;44.00;44.00;43.11;43.55;12212599;531018816.000
11/10/2009;44.40;45.45;43.70;43.74;10879838;485195200.000
11/11/2009;43.31;43.56;42.54;42.90;9257710;398153472.000
11/12/2009;43.00;43.39;42.60;42.83;6169745;264822336.000
11/16/2009;43.10;46.25;43.09;46.04;17355609;783897856.000
11/17/2009;46.98;47.06;45.80;46.11;11229369;520158688.000
11/18/2009;46.32;48.19;46.32;47.22;13292774;629331840.000
11/19/2009;47.30;47.69;46.49;47.39;7090076;333750336.000
11/20/2009;47.24;47.24;46.35;46.76;7507023;351214752.000
11/23/2009;46.53;48.09;46.53;47.78;7689109;365986272.000
11/24/2009;48.00;49.70;46.60;47.02;16104187;780441792.000
11/25/2009;46.96;49.65;46.96;49.55;15167376;737324608.000
11/26/2009;49.99;51.00;47.88;47.96;15638123;766712320.000
11/27/2009;47.01;47.97;45.50;45.59;12377412;575343360.000
11/30/2009;46.60;47.60;45.81;47.60;9007816;423015616.000
12/01/2009;47.66;47.90;46.80;47.74;7079482;335595168.000
12/02/2009;48.17;49.14;48.00;48.48;6584056;319121632.000
12/03/2009;48.41;48.84;47.58;48.75;7227023;348768864.000
12/04/2009;48.25;50.08;47.70;49.01;11322233;555235776.000
12/07/2009;49.27;49.90;48.05;48.57;5466950;265763440.000
12/08/2009;48.46;48.46;47.20;47.60;7124106;340175648.000
12/09/2009;47.10;47.58;46.60;46.69;5110029;239866384.000
12/10/2009;47.40;47.60;45.95;46.65;5517959;255832656.000
12/11/2009;46.98;47.14;46.18;46.24;6037425;280972768.000
12/14/2009;46.25;46.54;44.60;45.82;11243494;510542144.000
12/15/2009;45.90;47.22;45.70;46.74;8639780;402740736.000
12/16/2009;48.00;48.99;47.01;47.49;18807830;906236160.000
12/17/2009;47.95;48.19;46.00;46.20;5999204;280798592.000
12/18/2009;45.70;45.95;44.31;44.75;8183251;368645696.000
12/21/2009;44.89;45.22;43.73;44.38;5877186;260706512.000
12/22/2009;44.43;44.73;41.38;42.14;9816931;420642496.000
12/23/2009;42.38;42.82;40.69;42.62;13813974;577673088.000
12/24/2009;43.05;46.88;42.63;46.83;20408669;927337728.000
12/25/2009;46.68;47.33;45.70;47.07;12077064;564625024.000
12/28/2009;47.40;48.38;46.88;48.09;10898634;519143776.000
12/29/2009;47.90;48.50;46.91;48.09;8698595;415986624.000
12/30/2009;48.28;48.80;47.73;48.37;10346874;499043072.000
01/04/2010;48.37;48.60;47.77;48.18;9221883;444903104.000
01/05/2010;48.52;50.40;48.52;49.68;12315373;611647680.000
01/06/2010;49.60;50.29;48.81;48.94;13111308;653802688.000
01/07/2010;49.39;50.30;47.70;47.81;9914234;487441728.000
01/08/2010;47.96;47.97;45.60;47.01;11546584;536891136.000
01/11/2010;48.10;48.38;45.89;46.59;7167559;333788256.000
01/12/2010;46.64;47.12;44.91;46.92;14984814;688297536.000
01/13/2010;45.65;45.99;42.99;43.79;21922587;968193728.000
01/14/2010;43.88;45.30;42.92;44.97;15163517;663133760.000
01/15/2010;44.59;45.12;43.43;44.45;8573043;379329120.000
01/18/2010;44.00;44.09;43.18;43.90;8869757;387855520.000
01/19/2010;43.98;45.30;43.98;44.48;12196957;545991616.000
01/21/2010;42.40;42.97;40.71;41.28;27590521;1141150592.000
01/22/2010;40.50;40.56;38.40;39.22;19601154;770490880.000
01/25/2010;38.98;39.75;38.50;39.16;6047594;237067856.000
01/26/2010;39.37;39.56;36.75;37.39;9399707;355597600.000
01/27/2010;37.38;38.78;36.20;37.12;9984383;375862720.000
01/28/2010;37.13;37.95;36.60;37.55;11989930;448968704.000
01/29/2010;37.30;38.25;36.70;36.87;14803241;551701120.000
02/01/2010;36.40;36.40;35.00;35.17;10586671;374007424.000
02/02/2010;35.81;37.19;35.37;35.89;15383610;559139968.000
02/03/2010;36.50;39.28;35.85;39.12;18336987;689465152.000
02/04/2010;38.36;39.09;37.81;38.37;10939282;420149632.000
02/05/2010;36.50;36.98;35.90;36.46;11499839;419593920.000
02/08/2010;36.39;37.85;36.28;37.45;7691186;285919232.000
02/09/2010;37.25;38.25;37.18;37.55;5505135;207101280.000
02/10/2010;38.50;38.96;37.85;38.20;8003139;307490624.000
02/11/2010;38.34;38.59;37.85;37.91;4911531;187079296.000
02/12/2010;38.28;39.10;38.08;38.91;6490011;251749312.000
02/22/2010;39.03;39.60;38.50;38.52;6755359;264375472.000
02/23/2010;38.52;38.52;37.00;37.45;6386585;238937600.000
02/24/2010;37.20;37.90;36.80;37.87;5429706;203330368.000
02/25/2010;38.10;38.98;38.10;38.60;7058211;271909056.000
02/26/2010;38.45;38.55;37.50;37.68;8406192;318948416.000
03/01/2010;37.98;38.48;37.62;38.27;7482439;284460096.000
03/02/2010;38.09;38.20;36.68;36.90;13989235;520923520.000
03/03/2010;36.88;37.59;36.21;37.19;9465974;348139296.000
03/04/2010;37.35;37.53;36.22;36.31;8187623;301993216.000
03/05/2010;36.23;36.50;36.05;36.27;5188138;188259104.000
03/08/2010;36.70;37.08;36.40;36.68;4959355;182116032.000
03/09/2010;36.66;38.10;36.00;37.34;13296176;494401216.000
03/10/2010;37.38;37.40;36.70;36.78;6135073;227295696.000
03/11/2010;36.78;37.12;36.26;36.47;4770541;174620144.000
03/12/2010;36.70;36.70;35.80;35.89;5769475;208618064.000
03/15/2010;35.70;35.89;34.90;35.00;6088595;213747424.000
03/16/2010;35.09;35.20;34.55;34.94;4255518;148476656.000
03/17/2010;35.26;36.15;35.26;35.92;6232605;222683264.000
03/19/2010;36.10;36.80;35.58;36.63;7867086;285821024.000
03/22/2010;36.91;37.75;36.68;37.56;11570513;433484288.000
03/23/2010;37.43;38.11;37.32;37.57;7760300;293250944.000
