600317 营口港 日线
      日期	    开盘	    最高	    最低	    收盘	    成交量	    成交额
01/31/2002;2.89;3.47;2.89;3.46;83392182;854022592.000
02/01/2002;3.30;3.47;3.28;3.32;37773255;410059552.000
02/04/2002;3.31;3.42;3.24;3.35;15345784;165458144.000
02/05/2002;3.35;3.38;3.25;3.30;12488534;133813104.000
02/06/2002;3.31;3.50;3.31;3.37;16407102;180186768.000
02/07/2002;3.41;3.48;3.35;3.39;10337191;113152160.000
02/08/2002;3.46;3.46;3.35;3.36;7585252;83106320.000
02/25/2002;3.48;3.49;3.39;3.41;5984897;65800444.000
02/26/2002;3.40;3.58;3.39;3.55;10075502;112186296.000
02/27/2002;3.55;3.60;3.49;3.52;8889429;100216256.000
02/28/2002;3.50;3.54;3.45;3.47;5577909;62148284.000
03/01/2002;3.46;3.49;3.42;3.47;4630876;51231824.000
03/04/2002;3.47;3.53;3.43;3.51;4019455;44831328.000
03/05/2002;3.57;3.59;3.51;3.52;7843148;88602800.000
03/06/2002;3.54;3.65;3.52;3.54;11078218;125638800.000
03/07/2002;3.54;3.69;3.53;3.64;10916800;125211264.000
03/08/2002;3.67;3.71;3.58;3.68;11211386;129008488.000
03/11/2002;3.68;3.84;3.65;3.76;8637536;101672632.000
03/12/2002;3.75;3.77;3.62;3.63;9344369;108572544.000
03/13/2002;3.60;3.72;3.60;3.67;5471181;63150068.000
03/14/2002;3.67;3.76;3.65;3.75;4041031;47074700.000
03/15/2002;3.77;3.78;3.55;3.58;5074586;59138040.000
03/18/2002;3.63;3.72;3.52;3.59;3915061;44737532.000
03/19/2002;3.60;3.97;3.60;3.86;12178235;144635952.000
03/20/2002;3.89;4.02;3.82;3.91;15002431;182607504.000
03/21/2002;3.91;3.93;3.82;3.88;5490572;66317500.000
03/22/2002;3.88;4.01;3.88;3.98;7480329;91577912.000
03/25/2002;3.98;4.14;3.95;4.10;8484826;106269648.000
03/26/2002;4.12;4.13;3.99;4.02;7390151;92207120.000
03/27/2002;4.00;4.05;3.92;4.05;5159542;63673720.000
03/28/2002;4.05;4.09;3.95;4.00;3409512;42472444.000
03/29/2002;3.99;4.00;3.80;3.83;6769108;81821816.000
04/01/2002;3.80;3.89;3.78;3.88;3057445;36728880.000
04/02/2002;3.86;3.88;3.68;3.73;3221165;37882572.000
04/03/2002;3.72;3.79;3.70;3.75;2471037;29009110.000
04/04/2002;3.74;3.97;3.68;3.95;3737484;44836044.000
04/08/2002;3.90;3.94;3.85;3.91;1844741;22347108.000
04/09/2002;3.93;4.01;3.89;3.99;3440183;42339856.000
04/10/2002;4.00;4.02;3.94;4.00;2520132;30995032.000
04/11/2002;3.97;4.00;3.86;3.86;2399702;29182766.000
04/12/2002;3.87;3.92;3.86;3.88;1567541;18965154.000
04/15/2002;3.89;3.91;3.78;3.84;1868062;22315188.000
04/16/2002;3.85;3.89;3.79;3.83;1014001;12134696.000
04/17/2002;3.83;3.90;3.79;3.86;891790;10706016.000
04/18/2002;3.85;3.87;3.71;3.74;2034873;24009220.000
04/19/2002;3.73;3.78;3.64;3.76;2598144;30250860.000
04/22/2002;3.76;3.76;3.68;3.72;743126;8678168.000
04/23/2002;3.72;3.74;3.65;3.67;940664;10932449.000
04/24/2002;3.66;3.68;3.62;3.62;1147105;13196837.000
04/25/2002;3.61;3.74;3.61;3.72;807896;9339977.000
04/26/2002;3.84;4.14;3.72;3.82;1725056;20613992.000
04/29/2002;3.82;3.89;3.78;3.87;1719814;20693516.000
04/30/2002;3.89;4.00;3.85;3.93;3162141;38604232.000
05/08/2002;3.92;3.95;3.85;3.85;1075728;13004702.000
05/09/2002;3.85;3.86;3.80;3.81;1020222;12206065.000
05/10/2002;3.82;3.87;3.77;3.77;908037;10806057.000
05/13/2002;3.76;3.76;3.68;3.71;947911;11066458.000
05/14/2002;3.69;3.76;3.69;3.72;664056;7765913.000
05/15/2002;3.68;3.74;3.67;3.67;908181;10564105.000
05/16/2002;3.64;3.67;3.47;3.52;2200372;24990332.000
05/17/2002;3.52;3.61;3.48;3.60;1755653;19877084.000
05/20/2002;3.59;3.59;3.43;3.47;1525723;16911658.000
05/21/2002;3.62;3.67;3.53;3.61;2376869;27137424.000
05/22/2002;3.65;3.65;3.50;3.50;904560;10197478.000
05/23/2002;3.50;3.60;3.47;3.52;762275;8562736.000
05/24/2002;3.50;3.51;3.30;3.37;2519173;27322344.000
05/27/2002;3.42;3.43;3.30;3.39;1387598;14936088.000
05/28/2002;3.39;3.45;3.37;3.41;956200;10488439.000
05/29/2002;3.39;3.39;3.28;3.32;777463;8325608.000
05/30/2002;3.31;3.35;3.22;3.29;813951;8650895.000
05/31/2002;3.30;3.32;3.25;3.27;796200;8500451.000
06/03/2002;3.26;3.26;3.10;3.11;1228026;12622686.000
06/04/2002;3.10;3.17;3.02;3.10;933656;9517437.000
06/05/2002;3.10;3.14;3.02;3.14;1207595;12284733.000
06/06/2002;3.11;3.44;3.09;3.38;3934695;42279840.000
06/07/2002;3.38;3.49;3.31;3.38;3546986;38980704.000
06/10/2002;3.37;3.37;3.30;3.32;1008924;10852807.000
06/11/2002;3.28;3.38;3.28;3.35;689947;7462854.000
06/12/2002;3.34;3.35;3.26;3.31;741732;7927293.000
06/13/2002;3.30;3.36;3.30;3.31;739563;7958717.000
06/14/2002;3.30;3.30;3.19;3.20;1009058;10618825.000
06/17/2002;3.18;3.27;3.15;3.27;743557;7818434.000
06/18/2002;3.27;3.41;3.27;3.38;1317151;14302480.000
06/19/2002;3.35;3.39;3.31;3.32;582504;6282792.000
06/20/2002;3.37;3.44;3.35;3.37;894082;9758773.000
06/21/2002;3.39;3.55;3.39;3.52;3139731;35098528.000
06/24/2002;3.98;3.98;3.80;3.98;14342134;175244736.000
06/25/2002;4.04;4.25;3.91;3.98;15175342;191765008.000
06/26/2002;3.85;4.03;3.84;3.98;4291463;52546220.000
06/27/2002;4.00;4.26;3.95;4.20;10237407;129684528.000
06/28/2002;4.22;4.46;4.14;4.23;16050078;210152656.000
07/01/2002;4.24;4.26;4.15;4.15;5685387;72924656.000
07/02/2002;4.14;4.18;4.05;4.17;3295863;41688552.000
07/03/2002;4.18;4.35;4.14;4.34;5519240;71475360.000
07/04/2002;4.39;4.39;4.21;4.23;4464576;58315664.000
07/05/2002;4.21;4.30;4.16;4.25;2610725;33763252.000
07/08/2002;4.26;4.42;4.20;4.36;6780667;89797816.000
07/09/2002;4.30;4.37;4.29;4.29;3121399;40970952.000
07/10/2002;4.29;4.30;4.16;4.17;4291699;55220680.000
07/11/2002;4.16;4.21;4.10;4.13;2414518;30771116.000
07/12/2002;4.14;4.16;4.10;4.12;1561055;19784588.000
07/15/2002;4.11;4.12;4.05;4.07;1450388;18223580.000
07/16/2002;4.07;4.20;4.07;4.09;1535699;19493258.000
07/17/2002;4.09;4.20;4.09;4.20;1146949;14556735.000
07/18/2002;4.20;4.29;4.14;4.21;2024457;26154014.000
07/19/2002;4.26;4.26;4.19;4.23;857611;11074701.000
07/22/2002;4.23;4.24;4.06;4.08;1840012;23302960.000
07/23/2002;4.05;4.12;4.00;4.03;1526350;19121016.000
07/24/2002;4.03;4.06;4.00;4.03;1176769;14631829.000
07/25/2002;4.05;4.12;4.00;4.04;1058191;13194525.000
07/26/2002;4.06;4.07;4.00;4.02;725599;9031349.000
07/29/2002;3.99;4.07;3.97;4.07;686338;8492670.000
07/30/2002;4.07;4.07;4.00;4.06;506690;6318780.000
07/31/2002;4.07;4.07;3.91;3.91;1051410;12906699.000
08/01/2002;3.89;3.95;3.85;3.91;1449060;17537020.000
08/02/2002;3.93;3.94;3.86;3.90;766187;9274867.000
08/05/2002;3.90;3.92;3.86;3.90;350652;4237557.000
08/06/2002;3.89;4.03;3.86;3.99;946738;11646308.000
08/07/2002;3.98;3.98;3.94;3.95;367780;4505100.000
08/08/2002;3.96;3.99;3.89;3.91;331750;4059137.000
08/09/2002;3.91;3.91;3.85;3.87;616114;7433957.000
08/12/2002;3.85;3.90;3.80;3.81;660834;7936552.000
08/13/2002;3.81;3.85;3.78;3.80;915628;10903500.000
08/14/2002;3.80;3.90;3.80;3.89;473666;5678678.000
08/15/2002;3.84;3.86;3.81;3.82;378721;4532585.000
08/16/2002;3.84;3.91;3.74;3.84;785209;9343169.000
08/19/2002;3.81;3.87;3.81;3.84;373470;4482953.000
08/20/2002;3.77;3.95;3.77;3.92;693633;8421409.000
08/21/2002;3.92;3.96;3.90;3.92;451197;5499981.000
08/22/2002;3.92;4.03;3.91;3.97;1260508;15529018.000
08/23/2002;3.97;3.99;3.93;3.93;526400;6449486.000
08/26/2002;3.91;3.94;3.87;3.88;654501;7926996.000
08/27/2002;3.88;3.95;3.88;3.91;509909;6193477.000
08/28/2002;3.95;4.03;3.95;3.95;932029;11509342.000
08/29/2002;3.95;3.96;3.92;3.92;400249;4889786.000
08/30/2002;3.92;3.95;3.92;3.93;266915;3254231.000
09/02/2002;3.94;3.94;3.88;3.92;355490;4317387.000
09/03/2002;3.92;3.99;3.92;3.97;393029;4825180.000
09/04/2002;3.97;3.97;3.86;3.90;834035;10103101.000
09/05/2002;3.89;3.89;3.79;3.82;1302347;15539358.000
09/06/2002;3.82;3.84;3.76;3.80;582744;6916120.000
09/09/2002;3.76;3.78;3.69;3.72;661837;7748961.000
09/10/2002;3.71;3.75;3.69;3.72;462770;5405004.000
09/11/2002;3.72;3.72;3.64;3.71;468941;5433516.000
09/12/2002;3.71;3.75;3.66;3.70;402400;4705797.000
09/13/2002;3.70;3.73;3.65;3.66;463151;5362287.000
09/16/2002;3.65;3.65;3.60;3.60;463380;5295961.000
09/17/2002;3.60;3.66;3.60;3.64;384159;4406217.000
09/18/2002;3.64;3.70;3.62;3.63;306301;3537342.000
09/19/2002;3.62;3.75;3.60;3.72;552169;6428461.000
09/20/2002;3.72;3.73;3.66;3.67;472699;5507333.000
09/23/2002;3.65;3.71;3.64;3.70;174251;2023873.000
09/24/2002;3.66;3.68;3.64;3.67;654608;7563623.000
09/25/2002;3.66;3.68;3.63;3.65;292617;3375652.000
09/26/2002;3.65;3.67;3.62;3.62;356200;4095654.000
09/27/2002;3.64;3.66;3.60;3.62;450168;5164723.000
10/08/2002;3.50;3.57;3.47;3.55;318300;3587157.000
10/09/2002;3.55;3.55;3.40;3.41;605200;6709740.000
10/10/2002;3.39;3.45;3.35;3.42;315360;3457451.000
10/11/2002;3.42;3.46;3.33;3.35;317235;3461109.000
10/14/2002;3.34;3.43;3.30;3.39;372640;4026320.000
10/15/2002;3.36;3.40;3.35;3.37;275600;3003223.000
10/16/2002;3.37;3.47;3.37;3.40;487400;5362043.000
10/17/2002;3.40;3.40;3.25;3.29;398735;4287146.000
10/18/2002;3.28;3.33;3.20;3.29;404592;4289666.000
10/21/2002;3.27;3.30;3.22;3.29;357600;3780203.000
10/22/2002;3.35;3.43;3.30;3.38;577493;6278051.000
10/23/2002;3.38;3.41;3.35;3.40;281800;3068093.000
10/24/2002;3.38;3.39;3.33;3.34;343566;3715569.000
10/25/2002;3.35;3.37;3.28;3.30;479023;5160919.000
10/28/2002;3.30;3.30;3.22;3.22;363834;3850529.000
10/29/2002;3.26;3.32;3.22;3.31;340417;3603446.000
10/30/2002;3.32;3.37;3.28;3.32;324500;3494887.000
10/31/2002;3.31;3.37;3.31;3.35;540310;5838184.000
11/01/2002;3.35;3.44;3.35;3.43;1533935;16784966.000
11/04/2002;3.47;3.50;3.43;3.49;779022;8638121.000
11/05/2002;3.51;3.60;3.47;3.55;1681234;18976554.000
11/06/2002;3.57;3.57;3.50;3.53;731346;8225343.000
11/07/2002;3.53;3.55;3.49;3.53;496380;5568137.000
11/08/2002;3.62;3.62;3.35;3.35;1132449;12517701.000
11/11/2002;3.34;3.42;3.30;3.32;478998;5176334.000
11/12/2002;3.31;3.37;3.21;3.25;980310;10378259.000
11/13/2002;3.25;3.30;3.18;3.28;732557;7720886.000
11/14/2002;3.27;3.30;3.17;3.18;589147;6197686.000
11/15/2002;3.17;3.26;3.12;3.19;1191221;12415439.000
11/18/2002;3.19;3.22;3.12;3.14;441135;4556991.000
11/19/2002;3.14;3.26;3.12;3.21;466794;4862761.000
11/20/2002;3.22;3.22;3.12;3.12;431600;4447557.000
11/21/2002;3.10;3.10;3.00;3.01;1150393;11561536.000
11/22/2002;3.01;3.14;2.97;3.04;863200;8727390.000
11/25/2002;3.00;3.05;2.93;3.02;305960;3061774.000
11/26/2002;3.02;3.07;2.92;2.94;417650;4139973.000
11/27/2002;2.92;2.97;2.80;2.92;755547;7304532.000
11/28/2002;2.88;3.05;2.87;3.05;772400;7668687.000
11/29/2002;3.05;3.16;3.01;3.08;1629773;16623717.000
12/02/2002;3.05;3.05;2.91;2.92;614380;6116542.000
12/03/2002;2.91;3.00;2.88;2.97;313100;3079909.000
12/04/2002;3.02;3.10;2.97;3.02;614016;6192646.000
12/05/2002;2.99;3.01;2.96;3.01;337880;3355476.000
12/06/2002;3.03;3.03;2.95;2.97;257399;2560282.000
12/09/2002;2.97;3.00;2.93;2.95;166400;1643348.000
12/10/2002;2.95;3.00;2.88;2.88;236325;2321954.000
12/11/2002;2.88;2.91;2.84;2.89;358600;3462035.000
12/12/2002;2.90;2.95;2.88;2.90;192400;1880710.000
12/13/2002;2.87;2.99;2.80;2.97;633657;6199375.000
12/16/2002;3.00;3.02;2.95;2.99;351573;3507713.000
12/17/2002;3.01;3.03;2.95;3.02;379574;3775433.000
12/18/2002;3.03;3.04;2.96;2.98;463820;4638527.000
12/19/2002;2.97;3.00;2.96;2.99;195750;1939515.000
12/20/2002;2.98;3.04;2.94;3.02;991544;9850610.000
12/23/2002;3.01;3.06;3.00;3.00;573223;5759199.000
12/24/2002;3.05;3.05;2.98;3.01;439300;4385129.000
12/25/2002;3.02;3.05;2.98;2.99;408548;4092799.000
12/26/2002;2.99;2.99;2.84;2.85;853000;8291286.000
12/27/2002;2.82;2.85;2.77;2.78;752314;7140016.000
12/30/2002;2.76;2.76;2.65;2.65;824057;7585442.000
12/31/2002;2.65;2.71;2.59;2.59;702700;6389606.000
01/02/2003;2.58;2.62;2.49;2.50;503577;4459814.000
01/03/2003;2.52;2.53;2.43;2.49;480398;4188005.000
01/06/2003;2.49;2.55;2.40;2.53;694869;6114447.000
01/07/2003;2.53;2.66;2.53;2.64;1679159;15066276.000
01/08/2003;2.64;2.74;2.64;2.70;1716270;15812974.000
01/09/2003;2.71;2.80;2.67;2.77;1864415;17426660.000
01/10/2003;2.78;2.97;2.72;2.87;3669634;35360720.000
01/13/2003;2.83;2.92;2.82;2.87;1964929;18969500.000
01/14/2003;2.96;3.10;2.79;2.96;7962943;78140608.000
01/15/2003;2.96;2.99;2.80;2.82;5527786;53505576.000
01/16/2003;2.78;2.91;2.77;2.90;3467026;33233626.000
01/17/2003;2.91;2.94;2.80;2.81;2061569;19815192.000
01/20/2003;2.80;2.80;2.71;2.74;2365736;22124556.000
01/21/2003;2.74;2.80;2.72;2.72;1532600;14418023.000
01/22/2003;2.72;2.75;2.66;2.72;1277549;11808746.000
01/23/2003;2.72;2.72;2.64;2.64;1311929;12069920.000
01/24/2003;2.64;2.72;2.60;2.72;1830712;16748869.000
01/27/2003;2.72;2.80;2.72;2.77;1756122;16524463.000
01/28/2003;2.77;2.82;2.76;2.81;1296290;12267384.000
01/29/2003;2.81;2.85;2.80;2.81;1595800;15253042.000
02/10/2003;2.80;2.80;2.68;2.68;740400;6917919.000
02/11/2003;2.67;2.74;2.65;2.74;674097;6248828.000
02/12/2003;2.74;2.78;2.70;2.78;1013515;9496021.000
02/13/2003;2.78;2.84;2.77;2.77;1748347;16626023.000
02/14/2003;2.76;2.81;2.76;2.80;978704;9255920.000
02/17/2003;2.78;2.87;2.78;2.79;1444707;13778031.000
02/19/2003;2.76;2.78;2.68;2.75;1462352;13621180.000
02/20/2003;2.75;2.75;2.71;2.72;1390285;12962098.000
02/21/2003;2.72;2.72;2.60;2.60;2281676;20784912.000
02/24/2003;2.58;2.64;2.56;2.60;1018071;9167451.000
02/25/2003;2.60;2.68;2.60;2.68;1251478;11457378.000
02/26/2003;2.69;2.70;2.65;2.67;678090;6220955.000
02/27/2003;2.67;2.74;2.66;2.74;1475728;13689991.000
02/28/2003;2.73;2.75;2.70;2.72;887496;8254557.000
03/03/2003;2.72;2.75;2.70;2.75;1121345;10454932.000
03/04/2003;2.76;2.80;2.75;2.76;1057544;9954198.000
03/05/2003;2.75;2.76;2.68;2.71;614102;5683310.000
03/06/2003;2.71;2.71;2.62;2.62;899914;8209734.000
03/07/2003;2.62;2.66;2.59;2.62;789396;7157423.000
03/10/2003;2.62;2.63;2.55;2.55;786749;7047905.000
03/11/2003;2.55;2.60;2.55;2.57;477554;4272825.000
03/12/2003;2.57;2.59;2.51;2.57;949700;8408727.000
03/13/2003;2.56;2.57;2.51;2.51;536500;4748709.000
03/14/2003;2.51;2.53;2.49;2.51;487979;4298055.000
03/17/2003;2.51;2.59;2.51;2.56;1100221;9763008.000
03/18/2003;2.57;2.58;2.48;2.50;559400;4964956.000
03/19/2003;2.50;2.57;2.45;2.56;1082144;9488599.000
03/20/2003;2.55;2.60;2.55;2.57;1361453;12192992.000
03/21/2003;2.56;2.62;2.55;2.60;888000;7987923.000
03/24/2003;2.60;2.60;2.56;2.58;415639;3725374.000
03/25/2003;2.59;2.59;2.51;2.51;564267;4990527.000
03/26/2003;2.50;2.51;2.47;2.49;400239;3499072.000
03/27/2003;2.51;2.82;2.48;2.72;5442948;50270800.000
03/28/2003;2.72;3.02;2.71;2.77;11151956;107765544.000
03/31/2003;2.77;2.88;2.75;2.85;4363291;41777720.000
04/01/2003;2.85;2.88;2.81;2.85;2989052;28709482.000
04/02/2003;2.85;2.92;2.82;2.86;2690932;26025262.000
04/03/2003;2.87;2.90;2.83;2.83;2024075;19501102.000
04/04/2003;2.82;2.85;2.78;2.83;1678839;16014462.000
04/07/2003;2.84;2.90;2.79;2.80;1521600;14622911.000
04/08/2003;2.79;2.85;2.77;2.80;1440190;13694384.000
04/09/2003;2.78;3.02;2.77;3.00;7162448;70085760.000
04/10/2003;3.02;3.11;2.94;3.07;9022670;90414128.000
04/11/2003;3.07;3.14;3.02;3.06;5345955;54232472.000
04/14/2003;3.09;3.19;3.04;3.11;6011810;61315416.000
04/15/2003;3.11;3.15;3.02;3.11;4288803;43521552.000
04/16/2003;3.10;3.11;2.94;2.97;5487371;54925712.000
04/17/2003;2.97;3.02;2.86;2.95;2833961;27769492.000
04/18/2003;2.95;3.27;2.95;3.09;6585453;67237360.000
04/21/2003;3.09;3.13;2.96;3.01;3297192;33035276.000
04/22/2003;3.01;3.06;2.96;2.98;1217100;12132310.000
04/23/2003;3.01;3.01;2.86;2.86;1699850;16624741.000
04/24/2003;2.86;2.90;2.73;2.74;2248257;21316752.000
04/25/2003;2.73;2.77;2.62;2.66;1450597;13385826.000
04/28/2003;2.61;2.79;2.57;2.77;2119916;19374696.000
04/29/2003;2.77;2.77;2.63;2.66;1609818;14726341.000
04/30/2003;2.75;2.81;2.69;2.73;1609389;14988518.000
05/12/2003;2.73;2.75;2.63;2.72;1543074;14221786.000
05/13/2003;2.69;2.85;2.48;2.54;2265264;20482912.000
05/14/2003;2.54;2.66;2.51;2.64;1358052;12170630.000
05/15/2003;2.67;2.84;2.61;2.77;1818054;16918272.000
05/16/2003;2.78;2.86;2.75;2.82;1807653;17141340.000
05/19/2003;2.81;2.88;2.74;2.81;1454346;13813625.000
05/20/2003;2.80;2.81;2.71;2.73;1075629;10036743.000
05/21/2003;2.73;2.80;2.71;2.75;730803;6832160.000
05/22/2003;2.75;2.76;2.69;2.73;883700;8192503.000
05/23/2003;2.73;2.88;2.71;2.86;2337491;22219492.000
05/26/2003;2.89;2.97;2.86;2.95;3059036;29854656.000
05/27/2003;2.98;2.99;2.88;2.92;1338131;13053964.000
05/28/2003;2.92;3.04;2.91;2.96;3356329;33138458.000
05/29/2003;3.18;3.18;2.90;3.00;3715985;36953288.000
05/30/2003;3.00;3.18;2.97;3.12;7894797;80626032.000
06/02/2003;3.15;3.21;3.09;3.21;4802176;49594776.000
06/03/2003;3.21;3.22;3.05;3.06;4012380;41011568.000
06/04/2003;3.04;3.08;3.00;3.08;2471515;24841952.000
06/05/2003;3.06;3.08;2.91;2.94;1718524;17150506.000
06/06/2003;2.94;2.98;2.91;2.91;1206509;11835248.000
06/09/2003;2.91;2.97;2.91;2.93;711205;6976827.000
06/10/2003;2.94;3.02;2.94;2.98;741863;7353496.000
06/11/2003;3.03;3.12;3.01;3.07;1603007;16201919.000
06/12/2003;3.08;3.15;3.06;3.08;1965000;20059274.000
06/17/2003;3.08;3.19;3.07;3.08;1895629;19448146.000
06/18/2003;3.09;3.11;3.01;3.02;952600;9610984.000
06/19/2003;3.04;3.04;2.96;3.00;1007150;9973303.000
06/20/2003;3.00;3.03;2.95;2.95;496308;4907723.000
06/23/2003;2.93;2.95;2.90;2.91;610401;5949185.000
06/24/2003;2.91;2.96;2.90;2.95;457970;4479576.000
06/25/2003;2.98;2.98;2.84;2.85;825900;7990336.000
06/26/2003;2.85;2.93;2.79;2.90;996180;9546124.000
06/27/2003;2.90;2.90;2.79;2.80;504900;4819831.000
06/30/2003;2.77;2.86;2.77;2.79;375968;3556004.000
07/01/2003;2.80;2.87;2.78;2.78;529280;5036678.000
07/02/2003;2.77;2.85;2.77;2.85;429195;4083655.000
07/03/2003;2.86;2.93;2.84;2.89;978097;9496809.000
07/04/2003;2.90;3.06;2.90;2.99;2975461;29598314.000
07/07/2003;3.01;3.08;2.99;3.08;2645582;26682744.000
07/08/2003;3.08;3.09;3.04;3.06;1502221;15166221.000
07/09/2003;3.04;3.08;3.00;3.01;1026805;10285146.000
07/10/2003;3.02;3.38;3.02;3.23;9126466;95675040.000
07/11/2003;3.23;3.27;3.18;3.24;4959372;52136168.000
07/14/2003;3.26;3.35;3.23;3.26;4790548;51004148.000
07/15/2003;3.27;3.31;3.20;3.24;3155685;33251432.000
07/16/2003;3.25;3.43;3.24;3.39;6523443;70437376.000
07/17/2003;3.39;3.53;3.38;3.48;9437266;105049632.000
07/18/2003;3.48;3.52;3.32;3.34;7767220;85164272.000
07/21/2003;3.31;3.62;3.27;3.51;11549242;128292856.000
07/22/2003;3.53;3.62;3.46;3.54;7071000;79377064.000
07/23/2003;3.52;3.53;3.41;3.48;3932883;43472152.000
07/24/2003;3.46;3.48;3.39;3.41;2280741;25076536.000
07/25/2003;3.40;3.44;3.23;3.27;4003427;42883000.000
07/28/2003;3.24;3.33;3.23;3.30;2087685;22242920.000
07/29/2003;3.30;3.35;3.27;3.33;2459750;26328052.000
07/30/2003;3.33;3.38;3.29;3.32;1194600;12856534.000
07/31/2003;3.33;3.36;3.29;3.32;1375997;14768961.000
08/01/2003;3.32;3.47;3.32;3.43;2849128;31036796.000
08/04/2003;3.43;3.51;3.41;3.51;3910498;43422636.000
08/05/2003;3.51;3.51;3.41;3.43;2098160;23119562.000
08/06/2003;3.43;3.43;3.29;3.31;3231253;34835712.000
08/07/2003;3.29;3.38;3.29;3.30;1660522;17814594.000
08/08/2003;3.31;3.35;3.24;3.26;1253622;13356177.000
08/11/2003;3.25;3.25;3.15;3.20;1482406;15426718.000
08/12/2003;3.21;3.31;3.21;3.29;1101654;11653628.000
08/13/2003;3.29;3.31;3.16;3.16;1263058;13159401.000
08/14/2003;3.15;3.25;3.14;3.17;1272266;13205082.000
08/15/2003;3.17;3.21;3.16;3.20;914353;9505208.000
08/18/2003;3.19;3.24;3.17;3.21;670250;7000908.000
08/19/2003;3.21;3.24;3.19;3.21;531102;5553542.000
08/20/2003;3.19;3.19;3.04;3.10;1646180;16757264.000
08/21/2003;3.10;3.10;3.03;3.03;1042590;10503546.000
08/22/2003;3.03;3.10;3.03;3.07;751476;7601808.000
08/25/2003;3.06;3.08;2.96;2.99;915829;9128858.000
08/26/2003;2.98;3.06;2.96;3.02;835332;8343271.000
08/27/2003;3.02;3.08;3.02;3.05;568046;5711242.000
08/28/2003;3.05;3.07;2.98;2.98;566582;5657186.000
08/29/2003;2.96;2.99;2.86;2.98;1417744;13769290.000
09/01/2003;2.99;3.12;2.93;3.10;1702479;17162232.000
09/02/2003;3.11;3.15;3.06;3.09;1568667;16007599.000
09/03/2003;3.09;3.10;3.03;3.08;883311;8913856.000
09/04/2003;3.09;3.10;2.98;3.00;1000209;10040922.000
09/05/2003;3.00;3.01;2.92;2.93;1008804;9922132.000
09/08/2003;2.90;2.91;2.82;2.83;1132740;10864943.000
09/09/2003;2.82;2.88;2.81;2.87;639365;6114559.000
09/10/2003;2.88;2.89;2.81;2.88;535214;5142235.000
09/11/2003;2.91;2.91;2.87;2.89;470055;4556466.000
09/12/2003;2.89;2.91;2.78;2.89;951300;9046143.000
09/15/2003;2.89;2.96;2.84;2.95;3169142;30894702.000
09/16/2003;2.98;3.00;2.91;2.99;2970875;29232044.000
09/17/2003;3.00;3.00;2.88;2.93;1386052;13542266.000
09/18/2003;2.98;3.01;2.91;2.99;2151401;21278412.000
09/19/2003;3.00;3.01;2.92;2.97;1271288;12545885.000
09/22/2003;2.99;3.01;2.84;2.86;1043800;10117680.000
09/23/2003;2.84;2.86;2.77;2.85;1119051;10597543.000
09/24/2003;2.86;2.86;2.78;2.82;774053;7371365.000
09/25/2003;2.82;2.82;2.67;2.68;1123181;10472748.000
09/26/2003;2.67;2.68;2.62;2.64;769343;6994498.000
09/29/2003;2.66;2.66;2.59;2.61;745420;6709795.000
09/30/2003;2.61;2.75;2.59;2.70;825460;7526665.000
10/08/2003;2.70;2.83;2.66;2.80;1182983;11120375.000
10/09/2003;2.78;2.83;2.76;2.76;631920;5953378.000
10/10/2003;2.76;2.93;2.74;2.89;1545570;14848240.000
10/13/2003;2.93;2.93;2.88;2.88;1065389;10344505.000
10/14/2003;2.88;2.88;2.78;2.80;739850;7050653.000
10/15/2003;2.81;2.86;2.72;2.74;726450;6867714.000
10/16/2003;2.73;2.73;2.66;2.67;448288;4136046.000
10/17/2003;2.63;2.72;2.63;2.68;308580;2838206.000
10/20/2003;2.75;2.75;2.62;2.63;534486;4885068.000
10/21/2003;2.59;2.61;2.51;2.53;1277300;11319168.000
10/22/2003;2.53;2.71;2.53;2.68;1384635;12566932.000
10/23/2003;2.69;2.73;2.61;2.62;1727146;15775324.000
10/24/2003;2.62;2.66;2.61;2.63;821635;7457415.000
10/27/2003;2.66;2.69;2.61;2.66;612104;5562358.000
10/28/2003;2.65;2.72;2.62;2.70;962991;8830444.000
10/29/2003;2.71;2.74;2.63;2.70;955911;8771877.000
10/30/2003;2.68;2.68;2.56;2.58;887220;7985282.000
10/31/2003;2.56;2.66;2.52;2.58;724423;6491640.000
11/03/2003;2.52;2.63;2.52;2.61;663954;5951369.000
11/04/2003;2.63;2.79;2.60;2.73;2408189;22315916.000
11/05/2003;2.72;2.75;2.69;2.71;1184450;10966445.000
11/06/2003;2.70;2.76;2.67;2.73;1313509;12148864.000
11/07/2003;2.71;2.72;2.52;2.60;1763302;15790466.000
11/10/2003;2.58;2.60;2.53;2.60;435156;3874195.000
11/11/2003;2.61;2.64;2.56;2.58;449800;4024714.000
11/12/2003;2.54;2.58;2.21;2.21;4698678;38877868.000
11/13/2003;2.07;2.15;1.91;2.01;3342786;25383746.000
11/14/2003;2.01;2.13;1.99;2.13;1525692;11773250.000
11/17/2003;2.11;2.11;2.03;2.06;805349;6189541.000
11/18/2003;2.04;2.04;1.98;2.01;693509;5238034.000
11/19/2003;1.98;2.10;1.98;2.08;698439;5375377.000
11/20/2003;2.06;2.22;2.03;2.21;2037117;16179487.000
11/21/2003;2.21;2.34;2.16;2.16;1782752;14471652.000
11/24/2003;2.15;2.35;2.13;2.33;1865479;15219428.000
11/25/2003;2.33;2.43;2.30;2.35;2721021;22805052.000
11/26/2003;2.35;2.37;2.29;2.33;1331628;11089203.000
11/27/2003;2.32;2.37;2.23;2.23;1432817;11770917.000
11/28/2003;2.23;2.26;2.22;2.24;842207;6836831.000
12/01/2003;2.25;2.34;2.24;2.33;1696854;14018582.000
12/02/2003;2.33;2.42;2.33;2.40;3383408;28603664.000
12/03/2003;2.39;2.46;2.37;2.39;2209541;18891286.000
12/04/2003;2.39;2.53;2.38;2.46;2338442;20262368.000
12/05/2003;2.48;2.50;2.42;2.46;1343751;11599322.000
12/08/2003;2.45;2.46;2.35;2.35;1145000;9700331.000
12/09/2003;2.34;2.34;2.24;2.31;1374799;11320590.000
12/10/2003;2.33;2.38;2.29;2.37;1129909;9461909.000
12/11/2003;2.37;2.44;2.37;2.40;1075680;9133497.000
12/12/2003;2.40;2.43;2.33;2.36;932300;7861872.000
12/15/2003;2.36;2.42;2.36;2.40;707830;6007585.000
12/16/2003;2.40;2.40;2.27;2.32;1072435;8908151.000
12/17/2003;2.31;2.39;2.30;2.34;1255160;10553855.000
12/18/2003;2.30;2.41;2.30;2.40;1328735;11115381.000
12/19/2003;2.42;2.66;2.41;2.58;9538029;83962392.000
12/22/2003;2.56;2.67;2.51;2.64;4932784;44340260.000
12/23/2003;2.67;2.74;2.61;2.66;2990121;27424936.000
12/24/2003;2.67;2.77;2.67;2.71;2361894;21867852.000
12/25/2003;2.75;2.76;2.61;2.63;2141946;19530726.000
12/26/2003;2.63;2.63;2.55;2.59;1972982;17609896.000
12/29/2003;2.56;2.65;2.53;2.62;1258258;11351958.000
12/30/2003;2.65;2.72;2.61;2.71;1445924;13247192.000
12/31/2003;2.72;2.77;2.71;2.72;2922690;27256016.000
01/02/2004;2.75;3.01;2.75;2.97;5551109;53849588.000
01/05/2004;3.02;3.13;2.96;3.05;7198713;72232048.000
01/06/2004;3.06;3.09;2.97;3.05;3686974;36852720.000
01/07/2004;3.05;3.20;3.00;3.15;4283042;43934360.000
01/08/2004;3.14;3.19;3.08;3.16;3742281;38403068.000
01/09/2004;3.15;3.26;3.04;3.06;5083204;52425176.000
01/12/2004;3.06;3.20;3.06;3.18;4172722;42843572.000
01/13/2004;3.19;3.19;2.86;2.95;9802772;96957048.000
01/14/2004;2.93;2.93;2.70;2.73;7382548;69489888.000
01/15/2004;2.71;2.79;2.70;2.73;2971466;27757040.000
01/16/2004;2.73;2.79;2.70;2.78;3051532;28419716.000
01/29/2004;2.78;2.83;2.71;2.83;3240408;30444902.000
01/30/2004;2.83;2.85;2.77;2.78;3081329;29213554.000
02/02/2004;2.78;2.86;2.74;2.81;3445658;32630792.000
02/03/2004;2.82;2.96;2.78;2.96;4931370;47690536.000
02/04/2004;2.97;2.99;2.92;2.98;4072286;40092280.000
02/05/2004;2.98;3.01;2.94;3.01;4142158;40807044.000
02/06/2004;3.08;3.11;2.98;2.99;8498541;85547360.000
02/09/2004;2.97;3.01;2.91;3.00;3236114;31908464.000
02/10/2004;3.00;3.02;2.91;2.91;3268834;32040606.000
02/11/2004;2.91;2.92;2.86;2.91;2205053;21312560.000
02/12/2004;2.92;2.96;2.89;2.90;2033590;19808532.000
02/13/2004;2.91;2.95;2.87;2.88;1849349;17955116.000
02/16/2004;2.89;3.00;2.86;2.99;3125555;30647750.000
02/17/2004;3.00;3.05;2.94;3.05;4453522;44268016.000
02/18/2004;3.05;3.15;3.05;3.08;5980592;60923456.000
02/19/2004;3.09;3.13;3.02;3.05;3245608;32726856.000
02/20/2004;3.06;3.10;2.99;3.05;2407976;24127952.000
02/23/2004;3.08;3.16;3.04;3.06;6266273;64054760.000
02/24/2004;3.04;3.17;2.90;3.15;7255467;73594688.000
02/25/2004;3.17;3.19;2.96;2.98;4333845;44213372.000
02/26/2004;2.96;2.99;2.90;2.92;2318906;22742052.000
02/27/2004;2.91;2.98;2.90;2.95;1417012;13924158.000
03/02/2004;2.98;2.99;2.86;2.88;3506713;33920024.000
03/03/2004;2.86;2.92;2.82;2.83;1697388;16373650.000
03/04/2004;2.81;2.85;2.73;2.79;1781040;16771913.000
03/05/2004;2.80;2.84;2.78;2.80;1131502;10716186.000
03/08/2004;2.81;2.92;2.80;2.81;1728328;16595612.000
03/09/2004;2.81;2.88;2.71;2.72;962200;9078385.000
03/10/2004;2.72;2.83;2.72;2.82;1012345;9493707.000
03/11/2004;2.82;2.90;2.79;2.89;1652030;15897867.000
03/12/2004;2.90;2.92;2.86;2.88;1287660;12434829.000
03/15/2004;2.89;2.94;2.84;2.94;2634970;25610476.000
03/16/2004;2.96;2.97;2.90;2.93;1325988;12947232.000
03/17/2004;2.93;2.93;2.85;2.88;1395486;13451954.000
03/18/2004;2.90;2.90;2.77;2.82;1627286;15560445.000
03/19/2004;2.81;2.86;2.77;2.83;1240754;11760274.000
03/22/2004;2.83;2.85;2.80;2.84;1028537;9785694.000
03/23/2004;2.84;2.84;2.78;2.80;880534;8337687.000
03/24/2004;2.80;2.86;2.78;2.81;774114;7351983.000
03/25/2004;2.80;2.85;2.79;2.83;754425;7165147.000
03/26/2004;2.84;2.87;2.79;2.84;990419;9384518.000
03/29/2004;2.87;2.91;2.82;2.89;1610517;15474367.000
03/30/2004;2.89;2.93;2.86;2.93;1364697;13203446.000
03/31/2004;2.93;2.94;2.89;2.93;1385239;13462217.000
04/01/2004;2.92;2.93;2.89;2.93;1605981;15597902.000
04/02/2004;2.93;2.98;2.93;2.96;1999104;19632646.000
04/05/2004;2.96;2.97;2.89;2.96;1712169;16664865.000
04/06/2004;2.96;2.96;2.90;2.95;1761326;17166528.000
04/07/2004;2.95;3.11;2.95;3.06;5938249;59760888.000
04/08/2004;3.06;3.12;3.01;3.07;3157804;31946052.000
04/09/2004;3.08;3.14;2.92;2.95;3030200;30382592.000
04/12/2004;2.94;3.10;2.92;3.07;2895502;28912416.000
04/13/2004;3.08;3.26;3.08;3.17;8402949;86964296.000
04/14/2004;3.17;3.17;3.06;3.11;3401954;34625144.000
04/15/2004;3.10;3.14;2.96;2.96;2037792;20474044.000
04/16/2004;2.97;3.07;2.89;3.04;2219731;21998492.000
04/19/2004;3.06;3.18;3.03;3.11;2754865;28114032.000
04/20/2004;3.10;3.17;3.03;3.15;2723945;27840658.000
04/21/2004;3.17;3.29;3.12;3.22;7190133;75194392.000
04/22/2004;3.22;3.28;3.16;3.23;4422247;46260256.000
04/23/2004;3.20;3.22;3.10;3.11;2322985;23839662.000
04/26/2004;3.12;3.35;3.11;3.33;6162336;64927084.000
04/27/2004;3.33;3.38;3.26;3.34;5879088;62896144.000
04/28/2004;3.33;3.33;3.16;3.23;4193989;44131264.000
04/29/2004;3.23;3.38;2.99;3.05;7994365;83738400.000
04/30/2004;3.05;3.12;2.92;2.97;4603604;45796324.000
05/10/2004;2.99;3.03;2.87;2.91;1469737;14310056.000
05/11/2004;2.91;3.03;2.89;2.99;1256751;12377049.000
05/12/2004;2.98;3.10;2.95;3.08;1241354;12434495.000
05/13/2004;3.07;3.08;2.97;3.03;1186261;11808844.000
05/14/2004;3.03;3.03;2.90;2.95;1423459;13916496.000
05/17/2004;2.96;2.97;2.54;2.54;5816736;52694824.000
05/18/2004;2.46;2.60;2.44;2.59;2632977;22938068.000
05/19/2004;2.59;2.64;2.53;2.61;2233594;19982868.000
05/20/2004;2.56;2.57;2.47;2.48;2130163;18576656.000
05/21/2004;2.51;2.58;2.49;2.55;918594;8094713.000
05/24/2004;2.53;2.58;2.53;2.54;798157;7048749.000
05/25/2004;2.54;2.54;2.45;2.45;1097081;9486092.000
05/26/2004;2.43;2.51;2.41;2.49;805332;6929219.000
05/27/2004;2.49;2.58;2.45;2.56;961644;8474291.000
05/28/2004;2.56;2.67;2.54;2.65;1664382;14973817.000
05/31/2004;2.65;2.66;2.60;2.65;755139;6838683.000
06/01/2004;2.65;2.71;2.62;2.71;1531658;14015905.000
06/02/2004;2.72;2.72;2.62;2.63;1276879;11610953.000
06/03/2004;2.62;2.66;2.57;2.57;801074;7168252.000
06/04/2004;2.56;2.60;2.54;2.57;496868;4398693.000
06/07/2004;2.56;2.56;2.47;2.54;621485;5413121.000
06/08/2004;2.54;2.54;2.47;2.48;559403;4876833.000
06/09/2004;2.48;2.51;2.36;2.40;969448;8312395.000
06/10/2004;2.38;2.44;2.37;2.38;488123;4136242.000
06/11/2004;2.41;2.48;2.37;2.37;531576;4546616.000
06/14/2004;2.36;2.37;2.20;2.23;961791;7823112.000
06/15/2004;2.23;2.33;2.16;2.28;693424;5612995.000
06/16/2004;2.28;2.38;2.26;2.31;444791;3688651.000
06/17/2004;2.31;2.35;2.26;2.27;368400;3028213.000
06/18/2004;2.23;2.28;2.19;2.27;508601;4092912.000
06/21/2004;2.26;2.31;2.21;2.30;222340;1820662.000
06/22/2004;2.31;2.34;2.26;2.33;447850;3698779.000
06/23/2004;2.33;2.33;2.23;2.26;469508;3815064.000
06/24/2004;2.26;2.31;2.20;2.21;614911;4999423.000
06/25/2004;2.24;2.28;2.19;2.19;635957;5116585.000
06/28/2004;2.19;2.24;2.19;2.20;374798;3009408.000
06/29/2004;2.21;2.31;2.19;2.31;593902;4818055.000
06/30/2004;2.31;2.31;2.20;2.23;439050;3591262.000
07/01/2004;2.21;2.35;2.21;2.34;683254;5655776.000
07/05/2004;2.35;2.35;2.27;2.34;294915;2434562.000
07/06/2004;2.34;2.38;2.33;2.37;660530;5544320.000
07/07/2004;2.37;2.38;2.31;2.31;486209;4042611.000
07/08/2004;2.32;2.36;2.29;2.36;272300;2255479.000
07/09/2004;2.35;2.39;2.32;2.32;336092;2811245.000
07/12/2004;2.31;2.31;2.21;2.22;591546;4783744.000
07/13/2004;2.26;2.27;2.23;2.26;209836;1703192.000
07/14/2004;2.26;2.32;2.25;2.32;560373;4579005.000
07/15/2004;2.35;2.45;2.30;2.44;1238808;10473715.000
07/16/2004;2.45;2.54;2.43;2.53;2149230;18772556.000
07/19/2004;2.54;2.58;2.48;2.54;1001930;8811657.000
07/20/2004;2.53;2.58;2.47;2.55;770512;6754005.000
07/21/2004;2.54;2.56;2.49;2.51;648321;5678603.000
07/22/2004;2.50;2.55;2.41;2.42;675011;5841790.000
07/23/2004;2.42;2.56;2.41;2.55;821839;7137456.000
07/26/2004;2.49;2.63;2.46;2.61;1362233;12127332.000
07/27/2004;2.59;2.63;2.54;2.59;978390;8719310.000
07/28/2004;2.57;2.66;2.55;2.60;979341;8757611.000
07/29/2004;2.60;2.66;2.51;2.59;1037341;9233907.000
07/30/2004;2.58;2.61;2.49;2.49;678830;5956362.000
08/02/2004;2.46;2.49;2.45;2.47;433305;3751319.000
08/03/2004;2.48;2.52;2.41;2.43;459687;3941012.000
08/04/2004;2.41;2.58;2.41;2.53;964339;8397218.000
08/05/2004;2.52;2.56;2.47;2.48;411171;3588124.000
08/06/2004;2.48;2.53;2.41;2.46;338850;2908548.000
08/09/2004;2.45;2.51;2.43;2.49;157618;1365773.000
08/10/2004;2.52;2.57;2.48;2.56;549828;4848249.000
08/11/2004;2.56;2.56;2.47;2.53;305970;2682700.000
08/12/2004;2.51;2.51;2.39;2.43;795650;6814818.000
08/13/2004;2.43;2.49;2.42;2.47;365550;3147139.000
08/16/2004;2.43;2.51;2.33;2.39;720379;6097288.000
08/17/2004;2.41;2.55;2.39;2.51;855542;7462657.000
08/18/2004;2.52;2.56;2.49;2.52;551102;4854326.000
08/19/2004;2.52;2.59;2.48;2.58;679872;5981736.000
08/20/2004;2.53;2.61;2.53;2.57;816280;7256630.000
08/23/2004;2.54;2.58;2.51;2.53;746818;6590040.000
08/24/2004;2.53;2.60;2.52;2.59;659143;5845488.000
08/25/2004;2.58;2.61;2.55;2.56;391777;3484330.000
08/26/2004;2.53;2.58;2.51;2.58;361690;3196401.000
08/27/2004;2.58;2.58;2.47;2.49;524544;4584480.000
08/30/2004;2.48;2.51;2.47;2.50;276849;2407699.000
08/31/2004;2.58;2.61;2.54;2.58;604800;5382805.000
09/01/2004;2.53;2.58;2.51;2.54;271024;2392651.000
09/02/2004;2.53;2.56;2.46;2.54;519874;4544511.000
09/03/2004;2.53;2.56;2.50;2.53;339972;2995953.000
09/06/2004;2.51;2.53;2.49;2.51;197253;1722653.000
09/07/2004;2.53;2.53;2.43;2.48;378845;3263670.000
09/08/2004;2.51;2.51;2.46;2.49;327634;2842613.000
09/09/2004;2.47;2.48;2.44;2.44;478552;4118680.000
09/10/2004;2.43;2.50;2.42;2.48;597172;5166062.000
09/13/2004;2.48;2.48;2.36;2.38;598650;5103363.000
09/14/2004;2.41;2.56;2.41;2.53;739819;6482564.000
09/15/2004;2.54;2.76;2.51;2.66;2215159;20075940.000
09/16/2004;2.66;2.69;2.55;2.64;1358818;12247057.000
09/17/2004;2.64;2.74;2.62;2.74;1796985;16529030.000
09/20/2004;2.76;2.87;2.76;2.85;3069621;29053900.000
09/21/2004;2.85;2.90;2.78;2.81;1695324;16076866.000
09/22/2004;2.80;2.80;2.68;2.71;1491551;13864999.000
09/23/2004;2.70;2.89;2.67;2.88;1247024;11700294.000
09/24/2004;2.91;3.03;2.78;2.79;3788162;37041964.000
09/27/2004;2.85;2.95;2.83;2.89;2037858;19680498.000
09/28/2004;2.93;3.02;2.91;2.99;1992170;19630724.000
09/29/2004;3.00;3.01;2.91;2.92;1143461;11236381.000
09/30/2004;2.91;3.00;2.85;2.92;1186660;11540891.000
10/08/2004;2.92;3.07;2.88;3.04;1388745;13705811.000
10/11/2004;3.10;3.19;3.02;3.11;2809249;28666124.000
10/12/2004;3.11;3.12;2.95;2.97;2064783;20598090.000
10/13/2004;2.95;3.02;2.93;2.97;984729;9654665.000
10/14/2004;2.97;2.97;2.69;2.74;1359156;12901058.000
10/15/2004;2.79;2.86;2.76;2.85;922123;8746375.000
10/18/2004;2.93;2.93;2.82;2.91;526768;5070179.000
10/19/2004;2.91;3.00;2.88;2.88;1359020;13349699.000
10/20/2004;2.88;2.97;2.79;2.97;511376;4914650.000
10/21/2004;2.95;3.07;2.94;3.03;2609569;25926202.000
10/22/2004;3.03;3.14;2.95;3.12;2662417;26919108.000
10/25/2004;3.16;3.20;3.04;3.09;1809498;18401012.000
10/26/2004;3.07;3.14;2.99;3.10;1681911;16987066.000
10/27/2004;3.12;3.22;3.10;3.21;3678499;38124368.000
10/28/2004;3.21;3.22;3.06;3.06;1879710;19256452.000
10/29/2004;2.99;3.14;2.89;3.06;2011194;20207348.000
11/01/2004;3.06;3.13;3.00;3.04;865578;8709475.000
11/02/2004;3.00;3.06;2.99;3.03;1113166;11112926.000
11/03/2004;3.03;3.18;3.03;3.16;1791891;18309904.000
11/04/2004;3.16;3.19;2.98;3.00;1443090;14582598.000
11/05/2004;3.01;3.08;3.00;3.01;1054474;10524067.000
11/08/2004;2.98;3.01;2.90;2.95;849109;8320044.000
11/09/2004;2.91;3.00;2.91;2.95;494441;4838718.000
11/10/2004;2.96;3.14;2.95;3.12;1362670;13788285.000
11/11/2004;3.14;3.16;3.04;3.06;1523400;15531541.000
11/12/2004;3.09;3.14;3.07;3.13;1014684;10311648.000
11/15/2004;3.16;3.16;3.08;3.15;1311230;13424883.000
11/16/2004;3.16;3.17;3.10;3.12;1067051;10895422.000
11/17/2004;3.10;3.10;2.92;2.96;2455549;24281392.000
11/18/2004;2.96;3.02;2.95;3.02;946214;9367478.000
11/19/2004;3.03;3.03;2.97;2.98;995400;9836862.000
11/22/2004;2.96;3.03;2.96;2.98;958300;9511545.000
11/23/2004;2.99;3.01;2.95;2.96;666280;6556173.000
11/24/2004;2.93;2.99;2.89;2.90;714290;6968827.000
11/25/2004;2.91;2.97;2.87;2.95;552250;5365444.000
11/26/2004;2.96;2.98;2.94;2.97;376190;3694448.000
11/29/2004;2.94;2.97;2.92;2.93;392603;3830051.000
11/30/2004;2.91;2.96;2.89;2.93;309637;3007651.000
12/01/2004;2.93;3.02;2.93;2.97;593346;5867390.000
12/02/2004;2.96;2.97;2.89;2.90;595160;5790509.000
12/03/2004;2.90;2.96;2.88;2.92;412925;4011420.000
12/06/2004;2.91;2.91;2.78;2.79;1133518;10758165.000
12/07/2004;2.77;2.82;2.75;2.77;392400;3690322.000
12/08/2004;2.79;2.85;2.78;2.85;371710;3532458.000
12/09/2004;2.85;2.92;2.82;2.87;504100;4858516.000
12/10/2004;2.89;2.89;2.78;2.83;220459;2094011.000
12/13/2004;2.81;2.84;2.79;2.82;621110;5895102.000
12/14/2004;2.82;2.87;2.81;2.82;222800;2122259.000
12/15/2004;2.83;2.89;2.78;2.86;356210;3390075.000
12/16/2004;2.81;2.88;2.81;2.85;202240;1929117.000
12/17/2004;2.82;2.83;2.78;2.80;264750;2494333.000
12/20/2004;2.77;2.78;2.69;2.71;379801;3515427.000
12/21/2004;2.71;2.74;2.67;2.68;147680;1358096.000
12/22/2004;2.68;2.81;2.68;2.79;311300;2897274.000
12/23/2004;2.81;2.82;2.69;2.76;217048;2022482.000
12/24/2004;2.76;2.87;2.70;2.77;188766;1765325.000
12/27/2004;2.76;2.82;2.72;2.82;263300;2470105.000
12/28/2004;2.78;2.82;2.77;2.81;301800;2845007.000
12/29/2004;2.82;2.82;2.76;2.80;259600;2453105.000
12/30/2004;2.83;2.93;2.82;2.83;846899;8095047.000
12/31/2004;2.84;2.88;2.78;2.78;166142;1570882.000
01/04/2005;2.78;2.78;2.71;2.77;243489;2266058.000
01/05/2005;2.82;2.82;2.73;2.78;146900;1380665.000
01/06/2005;2.75;2.81;2.75;2.76;231100;2162031.000
01/07/2005;2.78;2.78;2.68;2.73;287800;2672411.000
01/10/2005;2.72;2.72;2.57;2.64;953855;8612171.000
01/11/2005;2.64;2.68;2.60;2.65;489452;4444491.000
01/12/2005;2.64;2.69;2.64;2.69;448070;4085587.000
01/13/2005;2.71;2.71;2.68;2.69;234812;2159469.000
01/14/2005;2.74;2.74;2.67;2.68;341700;3141349.000
01/17/2005;2.64;2.66;2.57;2.59;402458;3611446.000
01/18/2005;2.58;2.60;2.42;2.52;798800;6977702.000
01/19/2005;2.48;2.49;2.43;2.48;518669;4477421.000
01/20/2005;2.48;2.48;2.33;2.36;960870;8134963.000
01/21/2005;2.36;2.49;2.33;2.46;1219721;10399560.000
01/24/2005;2.52;2.57;2.47;2.53;1098713;9670809.000
01/25/2005;2.53;2.63;2.46;2.61;923096;8188700.000
01/26/2005;2.59;2.62;2.54;2.56;868087;7772944.000
01/27/2005;2.56;2.63;2.55;2.57;539600;4816827.000
01/28/2005;2.57;2.58;2.50;2.51;315890;2774498.000
01/31/2005;2.51;2.51;2.41;2.46;280635;2413560.000
02/01/2005;2.48;2.55;2.41;2.51;559430;4906954.000
02/02/2005;2.51;2.70;2.51;2.67;775930;6996717.000
02/03/2005;2.69;2.76;2.62;2.71;1582516;14558676.000
02/04/2005;2.72;2.83;2.66;2.81;1129626;10557098.000
02/16/2005;2.82;2.90;2.79;2.86;1126994;10783330.000
02/17/2005;2.83;2.88;2.81;2.87;737541;7043756.000
02/18/2005;2.87;2.87;2.81;2.81;851250;8128314.000
02/21/2005;2.81;3.06;2.78;3.01;1044977;10109628.000
02/22/2005;2.91;2.97;2.81;2.92;4093108;39405424.000
02/23/2005;2.90;2.90;2.82;2.83;2904731;27678476.000
02/24/2005;2.83;2.86;2.74;2.84;1889790;17764240.000
02/25/2005;2.84;2.91;2.81;2.85;1882035;18117322.000
02/28/2005;2.86;3.00;2.85;2.93;2188632;21400564.000
03/01/2005;2.94;2.98;2.89;2.94;822114;8017925.000
03/02/2005;2.94;2.98;2.83;2.84;752325;7296490.000
03/03/2005;2.84;2.91;2.78;2.88;522758;5005309.000
03/04/2005;2.91;2.97;2.88;2.94;771797;7545317.000
03/07/2005;2.95;3.04;2.95;3.03;1630812;16187751.000
03/08/2005;3.04;3.08;2.99;3.07;1778093;17821172.000
03/09/2005;3.07;3.08;3.01;3.06;1775562;17805772.000
03/10/2005;3.06;3.06;2.95;2.98;1091197;10778229.000
03/11/2005;2.98;3.10;2.91;3.08;1065229;10533565.000
03/14/2005;3.07;3.18;2.99;3.15;2654893;27079770.000
03/15/2005;3.14;3.14;2.95;2.96;2037685;20540480.000
03/16/2005;2.95;3.07;2.87;3.04;2054205;20036882.000
03/17/2005;3.02;3.09;2.96;2.98;900141;8962860.000
03/18/2005;2.98;2.99;2.82;2.83;1895790;18241902.000
03/21/2005;2.83;2.88;2.74;2.88;1382178;13096556.000
03/22/2005;2.88;2.93;2.78;2.91;1155789;11061059.000
03/23/2005;2.89;2.97;2.85;2.86;2114611;20520294.000
03/24/2005;2.83;2.91;2.79;2.90;1027355;9756646.000
03/25/2005;2.91;2.91;2.83;2.86;1100347;10538240.000
03/29/2005;2.83;2.96;2.83;2.91;1306822;12641042.000
03/30/2005;2.88;2.93;2.78;2.78;1456929;13822746.000
03/31/2005;2.78;2.86;2.75;2.79;612197;5774594.000
04/01/2005;2.83;3.01;2.70;2.96;1881486;18024054.000
04/04/2005;2.91;3.06;2.84;2.98;1851359;18177816.000
04/05/2005;2.97;3.05;2.95;2.97;1454539;14418392.000
04/06/2005;2.97;3.19;2.96;3.16;5278837;53782000.000
04/07/2005;3.16;3.25;3.10;3.11;3670830;38019216.000
04/08/2005;3.12;3.22;3.12;3.17;2384688;24591304.000
04/11/2005;3.18;3.20;3.03;3.06;2148749;21787852.000
04/12/2005;3.06;3.13;3.03;3.06;953386;9624604.000
04/13/2005;3.08;3.26;3.08;3.18;2928183;30408622.000
04/14/2005;3.19;3.24;3.13;3.13;1765886;18321496.000
04/15/2005;3.12;3.19;3.05;3.16;1170993;11954093.000
04/18/2005;3.15;3.30;3.13;3.29;3213741;33690856.000
04/19/2005;3.28;3.33;3.22;3.28;2081721;21986060.000
04/20/2005;3.28;3.28;3.08;3.11;2212533;22863194.000
04/21/2005;3.11;3.29;3.10;3.28;2445715;25506956.000
04/22/2005;3.28;3.38;3.23;3.25;3512981;37470948.000
04/25/2005;3.20;3.28;3.13;3.23;1638045;17091106.000
04/26/2005;3.23;3.32;3.17;3.21;2128219;22343232.000
04/27/2005;3.21;3.37;3.19;3.32;2880389;30649604.000
04/28/2005;3.33;3.46;3.27;3.41;5125133;55657512.000
04/29/2005;3.36;3.36;3.15;3.26;2860631;30383032.000
05/09/2005;3.28;3.31;3.10;3.14;1814550;18710572.000
05/10/2005;3.14;3.21;3.03;3.21;2004448;20404448.000
05/11/2005;3.16;3.20;3.03;3.05;2016746;20512460.000
05/12/2005;3.03;3.08;2.96;3.00;1166512;11507647.000
05/13/2005;2.99;3.13;2.97;3.12;1301591;13072816.000
05/16/2005;3.12;3.14;3.04;3.11;760316;7646369.000
05/17/2005;3.08;3.23;3.07;3.19;1050037;10748254.000
05/18/2005;3.24;3.31;3.16;3.23;1249030;12987913.000
05/19/2005;3.24;3.26;3.20;3.24;806667;8357346.000
05/20/2005;3.24;3.24;3.10;3.18;766233;7835464.000
05/23/2005;3.12;3.18;3.06;3.08;990417;9939714.000
05/24/2005;3.07;3.14;3.03;3.13;679247;6816350.000
05/25/2005;3.12;3.13;2.98;2.98;767920;7640814.000
05/26/2005;2.94;2.98;2.74;2.82;2858353;26862392.000
05/27/2005;2.76;2.81;2.73;2.75;1081572;9992130.000
05/30/2005;2.73;2.73;2.57;2.65;1100360;9864235.000
05/31/2005;2.63;2.77;2.63;2.74;1052019;9634231.000
06/01/2005;2.74;2.74;2.54;2.63;1514802;13423372.000
06/02/2005;2.58;2.60;2.39;2.53;2788389;23777632.000
06/03/2005;2.46;2.58;2.42;2.58;1606217;13853088.000
06/06/2005;2.51;2.71;2.47;2.71;1340927;11947812.000
06/07/2005;2.71;2.79;2.61;2.63;2034522;18383956.000
06/08/2005;3.00;3.00;2.63;2.94;2813753;27027972.000
06/09/2005;2.94;3.00;2.87;2.94;1925706;18640976.000
06/10/2005;2.93;2.93;2.80;2.80;1073979;10132394.000
06/13/2005;2.80;2.90;2.78;2.87;510083;4815438.000
06/14/2005;2.85;2.89;2.74;2.75;533460;5004774.000
06/15/2005;2.73;2.76;2.56;2.56;1097800;9813604.000
06/16/2005;2.55;2.64;2.49;2.63;669754;5887229.000
06/17/2005;2.63;2.72;2.58;2.63;543861;4833883.000
06/20/2005;2.63;2.86;2.54;2.83;1306705;12041929.000
06/21/2005;2.85;2.87;2.78;2.81;674795;6320984.000
06/22/2005;2.79;2.96;2.77;2.95;2385635;22745544.000
06/23/2005;2.95;2.96;2.86;2.87;1046099;10017917.000
06/24/2005;2.87;2.91;2.83;2.89;417065;3956961.000
06/27/2005;2.89;3.04;2.89;3.01;2049515;20154492.000
06/28/2005;2.99;2.99;2.92;2.95;1260242;12214234.000
06/29/2005;2.95;2.97;2.82;2.83;1662130;15895788.000
06/30/2005;2.83;2.85;2.78;2.79;1605048;15039371.000
07/01/2005;2.75;2.84;2.75;2.83;1244387;11592211.000
07/04/2005;2.83;2.93;2.79;2.93;1490770;14087861.000
07/05/2005;2.93;2.96;2.89;2.93;1480795;14270049.000
07/06/2005;2.93;2.96;2.88;2.91;949221;9100140.000
07/07/2005;2.89;2.91;2.74;2.75;2094748;19648148.000
07/08/2005;2.73;2.79;2.58;2.79;2305595;20804332.000
07/11/2005;2.76;2.86;2.76;2.85;1144680;10708216.000
07/12/2005;2.85;2.94;2.78;2.92;1066221;10156774.000
07/13/2005;2.95;2.96;2.85;2.87;744299;7106406.000
07/14/2005;2.86;2.89;2.76;2.87;1509974;14240524.000
07/15/2005;2.90;2.91;2.82;2.84;475900;4496838.000
07/18/2005;2.84;2.86;2.78;2.79;325502;3041537.000
07/19/2005;2.79;2.83;2.78;2.80;366918;3418994.000
07/20/2005;2.80;2.81;2.71;2.79;813727;7537184.000
07/21/2005;2.79;2.80;2.73;2.78;469000;4348081.000
07/22/2005;2.78;2.90;2.78;2.87;1029957;9746780.000
07/25/2005;2.85;2.90;2.83;2.85;583649;5541395.000
07/26/2005;2.84;2.96;2.84;2.96;1720119;16637483.000
07/27/2005;2.96;3.01;2.95;2.99;3001985;29424576.000
07/28/2005;3.01;3.06;2.99;2.99;1753500;17265432.000
07/29/2005;2.98;3.01;2.95;2.97;1145118;11190867.000
08/01/2005;2.99;3.09;2.98;3.04;1149406;11410378.000
08/02/2005;3.08;3.08;3.01;3.03;838067;8285828.000
08/03/2005;3.05;3.08;3.01;3.01;1587964;15750606.000
08/04/2005;3.01;3.02;2.96;2.98;498967;4882098.000
08/05/2005;2.98;3.11;2.96;3.11;1669308;16667751.000
08/08/2005;3.14;3.15;3.06;3.08;2549381;25587176.000
08/09/2005;3.08;3.10;3.04;3.10;1243027;12394554.000
08/10/2005;3.09;3.10;3.00;3.07;1204502;11949107.000
08/11/2005;3.07;3.19;3.04;3.17;3657776;36970880.000
08/12/2005;3.17;3.18;3.03;3.07;1833220;18459696.000
08/15/2005;3.07;3.11;3.01;3.11;1777535;17712052.000
08/16/2005;3.12;3.20;3.10;3.11;2042152;20737554.000
08/17/2005;3.10;3.11;3.03;3.08;1474448;14659860.000
08/18/2005;3.06;3.08;2.95;2.96;2977196;29218332.000
08/19/2005;2.92;3.02;2.91;2.99;1108173;10780042.000
08/23/2005;3.00;3.03;2.90;2.93;1022779;9890964.000
08/24/2005;2.93;2.98;2.92;2.96;565647;5483984.000
08/25/2005;2.96;2.97;2.89;2.93;671517;6471275.000
08/26/2005;2.93;2.95;2.84;2.86;1140866;10831781.000
08/29/2005;2.85;2.86;2.79;2.81;642240;6018990.000
08/30/2005;2.80;2.86;2.79;2.83;539494;5062912.000
08/31/2005;2.83;2.92;2.82;2.90;623553;5915226.000
09/01/2005;2.89;2.95;2.87;2.94;830337;7980735.000
09/02/2005;2.93;2.94;2.89;2.91;855152;8210993.000
09/05/2005;2.91;2.95;2.88;2.94;793249;7607512.000
09/06/2005;2.94;2.99;2.90;2.91;850237;8223636.000
09/07/2005;2.90;2.95;2.83;2.94;984379;9385079.000
09/08/2005;2.94;3.08;2.93;3.03;2279659;22496824.000
09/09/2005;3.01;3.07;2.99;3.03;1149260;11375731.000
09/12/2005;3.04;3.10;3.01;3.08;1692052;16916716.000
09/13/2005;3.08;3.11;3.04;3.08;1305489;13068294.000
09/14/2005;3.08;3.13;3.06;3.11;1705506;17105444.000
09/15/2005;3.11;3.12;3.05;3.07;966300;9651161.000
09/16/2005;3.07;3.14;3.05;3.11;1666305;16794636.000
09/19/2005;3.11;3.12;3.03;3.06;1727897;17155882.000
09/20/2005;3.06;3.06;2.94;2.99;1864238;18237862.000
09/21/2005;2.96;2.99;2.89;2.91;1324000;12728433.000
09/22/2005;2.90;2.94;2.86;2.88;864821;8280321.000
09/23/2005;2.87;2.95;2.83;2.91;1115701;10697193.000
09/26/2005;2.91;2.93;2.87;2.91;517886;4969085.000
09/27/2005;2.90;2.94;2.79;2.80;1074499;10121521.000
09/28/2005;2.79;2.91;2.75;2.91;1002752;9391261.000
09/29/2005;2.90;2.93;2.89;2.92;596220;5725067.000
09/30/2005;2.92;2.93;2.89;2.89;567480;5438426.000
10/10/2005;2.89;2.89;2.78;2.78;666864;6225562.000
10/11/2005;2.78;2.84;2.76;2.79;944399;8786864.000
10/12/2005;2.79;2.83;2.77;2.80;871639;8139100.000
10/13/2005;2.80;2.81;2.69;2.69;831241;7675559.000
10/14/2005;2.68;2.70;2.55;2.57;2195600;19475504.000
10/17/2005;2.56;2.65;2.56;2.61;1249341;11035820.000
10/18/2005;2.60;2.71;2.58;2.68;1694725;15090680.000
10/19/2005;2.68;2.75;2.60;2.61;1470396;13280986.000
10/20/2005;2.61;2.61;2.55;2.60;508518;4469545.000
10/21/2005;2.62;2.70;2.60;2.65;755316;6798515.000
10/24/2005;2.66;2.66;2.58;2.59;588358;5222264.000
10/25/2005;2.60;2.66;2.57;2.62;839517;7489729.000
10/26/2005;2.62;2.62;2.43;2.45;848334;7335475.000
10/27/2005;2.45;2.51;2.43;2.49;745718;6382494.000
10/28/2005;2.49;2.53;2.40;2.45;695875;5895987.000
10/31/2005;2.44;2.51;2.41;2.49;432062;3702450.000
11/01/2005;2.48;2.50;2.41;2.44;378704;3216473.000
11/02/2005;2.44;2.53;2.44;2.51;642911;5550798.000
11/03/2005;2.53;2.53;2.46;2.48;338658;2904397.000
11/04/2005;2.48;2.49;2.44;2.49;300896;2575623.000
11/07/2005;2.49;2.56;2.48;2.54;911982;7923205.000
11/08/2005;2.55;2.59;2.53;2.58;1247007;10957017.000
11/09/2005;2.58;2.58;2.55;2.56;509374;4461025.000
11/10/2005;2.55;2.56;2.43;2.44;686800;5893061.000
11/11/2005;2.41;2.45;2.37;2.43;527380;4427265.000
11/14/2005;2.47;2.48;2.28;2.34;1098618;9005625.000
11/15/2005;2.34;2.40;2.24;2.25;906355;7361378.000
11/16/2005;2.25;2.31;2.19;2.29;525770;4193090.000
11/17/2005;2.31;2.31;2.26;2.26;356100;2873819.000
11/18/2005;2.26;2.41;2.23;2.36;1538275;12693384.000
11/21/2005;2.37;2.38;2.34;2.38;660079;5473238.000
11/22/2005;2.38;2.38;2.29;2.29;416700;3417860.000
11/23/2005;2.28;2.32;2.24;2.29;420750;3419717.000
11/24/2005;2.29;2.36;2.29;2.34;426750;3511762.000
11/25/2005;2.35;2.43;2.34;2.42;1361606;11402918.000
12/08/2005;2.66;2.74;2.46;2.49;2122417;18401158.000
12/09/2005;2.49;2.53;2.43;2.48;998080;8576980.000
12/12/2005;2.51;2.56;2.49;2.54;840827;7320323.000
12/13/2005;2.55;2.55;2.51;2.51;685856;5954994.000
12/14/2005;2.53;2.56;2.53;2.55;925680;8083069.000
12/15/2005;2.56;2.58;2.55;2.56;1261850;11053693.000
12/16/2005;2.56;2.58;2.56;2.57;1292439;11333906.000
12/19/2005;2.61;2.61;2.56;2.58;1249757;11012287.000
12/20/2005;2.59;2.95;2.55;2.90;3109397;28145900.000
01/17/2006;2.91;3.01;2.79;2.94;9656480;62809852.000
01/18/2006;2.92;3.02;2.89;2.99;4382626;28668436.000
01/19/2006;2.99;3.01;2.91;2.92;4611622;29986434.000
01/20/2006;2.93;2.93;2.86;2.88;2996747;19201470.000
01/23/2006;2.87;2.96;2.86;2.93;2669649;17316518.000
01/24/2006;2.93;2.97;2.91;2.92;3476111;22618740.000
01/25/2006;2.92;2.93;2.83;2.88;3203080;20477864.000
02/06/2006;2.89;2.93;2.89;2.91;4105233;26465616.000
02/07/2006;2.92;3.05;2.92;3.03;8505234;56222440.000
02/08/2006;3.04;3.07;3.00;3.07;4087786;27417372.000
02/09/2006;3.08;3.10;3.01;3.01;3416820;23045612.000
02/10/2006;3.01;3.10;3.01;3.09;3255395;22040928.000
02/13/2006;3.08;3.12;3.02;3.06;2824649;19056184.000
02/14/2006;3.07;3.08;3.03;3.06;2047416;13803263.000
02/15/2006;3.06;3.09;3.03;3.06;2481008;16785134.000
02/16/2006;3.07;3.07;2.93;2.93;3027330;19946192.000
02/17/2006;2.92;3.05;2.91;2.93;2811941;18580640.000
02/20/2006;2.95;3.07;2.95;3.03;4727710;31705244.000
02/21/2006;3.07;3.21;3.04;3.20;9798417;67963664.000
02/22/2006;3.20;3.23;3.15;3.18;4522891;31726608.000
02/23/2006;3.18;3.21;3.12;3.21;2894874;20110686.000
02/24/2006;3.20;3.38;3.19;3.36;9367533;67860984.000
02/27/2006;3.36;3.52;3.33;3.40;10670134;80051792.000
02/28/2006;3.26;3.37;3.06;3.32;6150649;44216108.000
03/01/2006;3.31;3.58;3.28;3.52;7287777;55181592.000
03/02/2006;3.52;3.63;3.36;3.43;8004524;61441512.000
03/03/2006;3.41;3.51;3.31;3.43;5634494;42099564.000
03/06/2006;3.42;3.43;3.31;3.32;3020837;22180508.000
03/07/2006;3.32;3.33;3.16;3.19;4456136;31560072.000
03/08/2006;3.16;3.19;3.08;3.11;5064200;34853284.000
03/09/2006;3.11;3.17;3.08;3.11;2476762;17021940.000
03/10/2006;3.09;3.15;3.08;3.12;2057301;14131238.000
03/13/2006;3.12;3.21;3.12;3.18;2416980;16860476.000
03/14/2006;3.20;3.20;3.11;3.13;2230528;15460757.000
03/15/2006;3.13;3.29;3.11;3.28;4289238;30461838.000
03/16/2006;3.27;3.33;3.22;3.30;3807372;27403842.000
03/17/2006;3.28;3.33;3.24;3.27;1975176;14183987.000
03/20/2006;3.27;3.32;3.21;3.31;2311155;16573315.000
03/21/2006;3.36;3.38;3.28;3.29;3592028;26299564.000
03/22/2006;3.29;3.35;3.23;3.34;3834269;27500332.000
03/23/2006;3.34;3.42;3.34;3.36;4502720;33293184.000
03/24/2006;3.37;3.42;3.31;3.31;3006704;22141084.000
03/27/2006;3.31;3.32;3.22;3.31;2928641;21011756.000
03/28/2006;3.31;3.33;3.23;3.26;3612831;25847522.000
03/29/2006;3.25;3.31;3.21;3.26;4868600;34809760.000
03/30/2006;3.24;3.26;3.15;3.15;3701757;26081860.000
03/31/2006;3.14;3.23;3.12;3.22;2421744;16965346.000
04/03/2006;3.21;3.36;3.17;3.35;6219084;44748288.000
04/04/2006;3.36;3.41;3.31;3.40;7937625;58670596.000
04/05/2006;3.39;3.41;3.35;3.38;5269919;38955332.000
04/06/2006;3.39;3.51;3.32;3.34;6936512;51750160.000
04/07/2006;3.33;3.40;3.31;3.39;4444308;32569760.000
04/10/2006;3.41;3.43;3.37;3.41;6281383;46698328.000
04/11/2006;3.43;3.56;3.40;3.54;10431130;79712968.000
04/12/2006;3.54;3.55;3.43;3.44;5078814;38469320.000
04/13/2006;3.44;3.44;3.24;3.25;5911770;43308744.000
04/14/2006;3.23;3.37;3.23;3.35;3573290;25807898.000
04/17/2006;3.33;3.40;3.29;3.34;3965241;28985004.000
04/18/2006;3.33;3.36;3.30;3.32;2904602;21142844.000
04/19/2006;3.31;3.32;3.23;3.26;4176010;29846578.000
04/20/2006;3.26;3.30;3.21;3.30;3886528;27649512.000
04/21/2006;3.30;3.36;3.23;3.32;3311839;23922182.000
04/24/2006;3.32;3.36;3.22;3.22;3928096;27986132.000
04/25/2006;3.22;3.22;3.12;3.18;4518415;31448376.000
04/26/2006;3.18;3.42;3.18;3.39;8764007;64143764.000
04/27/2006;3.40;3.45;3.32;3.42;6620353;49178880.000
04/28/2006;3.38;3.48;3.31;3.42;6351042;47415864.000
05/08/2006;3.43;3.60;3.43;3.56;10564291;81165376.000
05/09/2006;3.58;3.75;3.58;3.71;16504354;132504560.000
05/10/2006;3.71;3.91;3.56;3.78;12763734;102487024.000
05/11/2006;3.78;3.83;3.58;3.59;10529247;85064104.000
05/12/2006;3.57;3.77;3.52;3.71;10185907;81328536.000
05/15/2006;3.71;3.90;3.62;3.90;14817422;120509936.000
05/16/2006;3.88;3.92;3.61;3.64;11489961;93579256.000
05/17/2006;3.62;3.77;3.61;3.72;7355199;58776140.000
05/18/2006;3.67;3.73;3.61;3.69;4947138;39471808.000
05/19/2006;3.68;3.90;3.66;3.88;10541639;86910152.000
05/22/2006;3.88;4.11;3.81;3.96;11177402;96525464.000
05/23/2006;3.93;3.93;3.68;3.68;8072685;65991388.000
05/24/2006;3.68;3.77;3.51;3.57;6428933;50656536.000
05/25/2006;3.57;3.65;3.53;3.61;3302713;25784396.000
05/26/2006;3.62;3.68;3.59;3.65;3363181;26592172.000
05/29/2006;3.66;3.91;3.64;3.86;9376115;77348384.000
05/30/2006;3.86;3.94;3.82;3.91;8451914;71049328.000
05/31/2006;3.90;3.92;3.74;3.76;5878183;48721760.000
06/01/2006;3.74;3.94;3.71;3.94;8647200;72780800.000
06/02/2006;3.96;4.03;3.86;3.92;8028286;68307008.000
06/05/2006;3.90;3.97;3.78;3.97;5096726;42854344.000
06/06/2006;3.94;4.17;3.91;4.02;9518052;83223896.000
06/07/2006;4.02;4.06;3.63;3.63;8212646;67559184.000
06/08/2006;3.63;3.86;3.59;3.76;7838185;63863912.000
06/09/2006;3.76;3.81;3.56;3.57;5494843;43896112.000
06/12/2006;3.55;3.67;3.50;3.62;2796065;21880768.000
06/13/2006;3.62;3.65;3.51;3.57;2365103;18432544.000
06/14/2006;3.54;3.58;3.42;3.44;3238835;24522972.000
06/15/2006;3.44;3.50;3.43;3.44;1881998;14218330.000
06/16/2006;3.47;3.55;3.47;3.54;2063435;15835856.000
06/19/2006;3.53;3.62;3.50;3.60;2557908;19966908.000
06/20/2006;3.59;3.71;3.54;3.66;3205208;25292378.000
06/21/2006;3.66;3.66;3.51;3.56;4496649;34896836.000
06/22/2006;3.55;3.60;3.51;3.53;2196648;16970500.000
06/23/2006;3.54;3.60;3.48;3.59;2140951;16596760.000
06/27/2006;3.61;3.69;3.60;3.65;3858378;30604844.000
06/28/2006;3.65;3.65;3.59;3.60;2604418;20477004.000
06/29/2006;3.60;3.71;3.60;3.70;4566034;36520260.000
06/30/2006;3.72;3.81;3.71;3.77;5164899;42123436.000
07/03/2006;3.83;3.98;3.83;3.95;8668691;73027984.000
07/04/2006;3.97;3.98;3.80;3.84;5873046;49163008.000
07/05/2006;3.84;3.88;3.72;3.82;3748118;30782266.000
07/06/2006;3.84;3.93;3.81;3.89;4130113;34767424.000
07/07/2006;3.91;3.93;3.81;3.82;3690720;30905188.000
07/10/2006;3.82;3.87;3.74;3.86;2739799;22492674.000
07/11/2006;3.86;3.88;3.78;3.81;2095422;17286452.000
07/12/2006;3.80;3.84;3.76;3.76;2987657;24595236.000
07/13/2006;3.77;3.80;3.51;3.52;5561247;43945484.000
07/14/2006;3.51;3.60;3.48;3.54;2839830;21904368.000
07/17/2006;3.53;3.64;3.51;3.61;2139516;16696130.000
07/18/2006;3.62;3.62;3.58;3.61;1401601;10964155.000
07/19/2006;3.56;3.61;3.48;3.50;2212136;16983700.000
07/20/2006;3.51;3.60;3.51;3.56;2043219;15859249.000
07/21/2006;3.58;3.62;3.56;3.61;1555707;12182225.000
07/24/2006;3.53;3.60;3.49;3.60;1038387;8070536.000
07/25/2006;3.66;3.99;3.66;3.99;8667531;74053376.000
07/26/2006;4.13;4.16;3.94;3.96;20870616;181896704.000
07/27/2006;3.93;4.02;3.82;3.87;8346101;70214632.000
07/28/2006;3.84;3.92;3.75;3.84;5689783;47164728.000
07/31/2006;3.82;3.84;3.63;3.68;4346137;35158208.000
08/01/2006;3.67;3.73;3.61;3.65;2495586;19869894.000
08/02/2006;3.66;3.77;3.63;3.74;3924270;31645710.000
08/03/2006;3.74;3.77;3.65;3.70;2441088;19710396.000
08/04/2006;3.68;3.72;3.53;3.54;2972020;23413554.000
08/07/2006;3.50;3.58;3.48;3.51;2393010;18382108.000
08/08/2006;3.52;3.64;3.51;3.63;2438599;19038620.000
08/09/2006;3.63;3.64;3.56;3.58;1500462;11728276.000
08/10/2006;3.56;3.69;3.55;3.68;2417956;19059976.000
08/11/2006;3.67;3.71;3.61;3.67;1699598;13521639.000
08/14/2006;3.67;3.73;3.55;3.56;2012683;15908794.000
08/15/2006;3.53;3.66;3.53;3.64;1321494;10393984.000
08/16/2006;3.64;3.73;3.63;3.73;2539360;20436356.000
08/17/2006;3.71;3.71;3.61;3.65;1596470;12699383.000
08/18/2006;3.68;3.70;3.62;3.62;1027560;8159613.000
08/21/2006;3.53;3.63;3.48;3.62;1726979;13438852.000
08/22/2006;3.61;3.69;3.59;3.66;1699973;13469123.000
08/23/2006;3.65;3.68;3.61;3.62;1841672;14593280.000
08/24/2006;3.62;3.64;3.56;3.62;1602509;12528379.000
08/25/2006;3.63;3.71;3.61;3.67;2304774;18351644.000
08/28/2006;3.73;3.83;3.73;3.78;5081266;41753116.000
08/29/2006;3.79;3.82;3.73;3.74;4359614;35720644.000
08/30/2006;3.72;3.83;3.70;3.82;3698258;30319548.000
08/31/2006;3.83;3.88;3.78;3.81;2859493;23686728.000
09/01/2006;3.82;3.83;3.68;3.69;3357532;27108722.000
09/04/2006;3.68;3.76;3.68;3.73;1753918;14181017.000
09/05/2006;3.73;3.75;3.68;3.70;2193784;17667912.000
09/06/2006;3.70;3.78;3.68;3.76;2295593;18620994.000
09/07/2006;3.77;3.77;3.68;3.71;2029677;16339355.000
09/08/2006;3.70;3.73;3.67;3.71;1337035;10737025.000
09/11/2006;3.68;3.72;3.62;3.69;1534870;12232589.000
09/12/2006;3.69;3.72;3.67;3.71;1655128;13309447.000
09/13/2006;3.71;3.77;3.68;3.71;2641752;21389628.000
09/14/2006;3.74;3.74;3.63;3.67;1653015;13195659.000
09/15/2006;3.67;3.77;3.66;3.73;2498820;20200368.000
09/18/2006;3.76;3.82;3.74;3.81;4374334;35988980.000
09/19/2006;3.81;3.82;3.76;3.78;2228978;18283624.000
09/20/2006;3.77;3.77;3.71;3.75;2156105;17504058.000
09/21/2006;3.75;3.82;3.75;3.77;2769949;22711456.000
09/22/2006;3.78;3.80;3.72;3.74;2594272;21126876.000
09/25/2006;3.74;3.77;3.63;3.70;2681146;21513106.000
09/26/2006;3.68;3.69;3.64;3.65;1550021;12302655.000
09/27/2006;3.64;3.71;3.64;3.69;1451887;11595431.000
09/28/2006;3.69;3.71;3.66;3.70;1597824;12807783.000
09/29/2006;3.70;3.78;3.69;3.75;2614703;21219844.000
10/09/2006;3.78;3.83;3.75;3.78;2707722;22212884.000
10/10/2006;3.79;3.82;3.76;3.80;3013495;24792448.000
10/11/2006;3.83;3.86;3.77;3.82;2319627;19113912.000
10/12/2006;3.82;3.82;3.73;3.74;2719540;22138668.000
10/13/2006;3.73;3.76;3.73;3.73;2072971;16834854.000
10/16/2006;3.76;3.77;3.73;3.73;1611943;13093125.000
10/17/2006;3.73;3.74;3.70;3.70;1505908;12160311.000
10/18/2006;3.74;3.80;3.72;3.78;2179301;17786998.000
10/19/2006;3.78;3.80;3.68;3.73;2188549;17735880.000
10/20/2006;3.73;3.75;3.68;3.69;2545130;20455556.000
10/23/2006;3.69;3.72;3.56;3.57;2552139;20188580.000
10/24/2006;3.58;3.69;3.58;3.69;2176209;17217918.000
10/25/2006;3.69;3.77;3.66;3.72;2193042;17678972.000
10/26/2006;3.74;3.77;3.71;3.73;2903550;23579424.000
10/30/2006;3.71;3.76;3.67;3.76;2004281;16135604.000
10/31/2006;3.71;3.74;3.65;3.74;4203820;33615312.000
11/01/2006;3.73;3.89;3.70;3.87;11683338;97180624.000
11/02/2006;3.87;3.89;3.77;3.84;5892420;48889240.000
11/03/2006;3.84;3.90;3.80;3.81;4252379;35387536.000
11/06/2006;3.81;3.84;3.77;3.81;3509594;28912294.000
11/07/2006;3.81;3.98;3.78;3.95;8875036;74759736.000
11/08/2006;3.93;3.93;3.82;3.82;4124919;34530308.000
11/09/2006;3.84;3.90;3.82;3.88;2995258;25029000.000
11/10/2006;3.88;3.90;3.70;3.73;3919373;32141480.000
11/13/2006;3.74;3.75;3.56;3.60;3970141;31390186.000
11/14/2006;3.61;3.66;3.55;3.65;2076956;16278613.000
11/15/2006;3.65;3.69;3.60;3.68;1974830;15697924.000
11/16/2006;3.69;3.72;3.61;3.63;3033624;24116946.000
11/17/2006;3.63;3.70;3.57;3.67;2104010;16700240.000
11/20/2006;3.69;3.71;3.61;3.70;3716207;29585468.000
11/21/2006;3.70;3.71;3.63;3.70;2503119;19939340.000
11/22/2006;3.71;3.86;3.67;3.76;4880798;40078616.000
11/23/2006;3.77;3.81;3.74;3.79;2812286;22975130.000
11/24/2006;3.80;3.86;3.73;3.82;4726067;38928216.000
11/27/2006;3.84;3.88;3.79;3.84;3432209;28415104.000
11/28/2006;3.84;3.89;3.82;3.86;3986019;33269584.000
11/29/2006;3.82;3.85;3.76;3.84;3060763;25310740.000
11/30/2006;3.84;3.97;3.83;3.93;8072020;68350408.000
12/01/2006;3.93;3.96;3.86;3.95;6616193;55906632.000
12/04/2006;3.95;4.07;3.94;4.02;7663142;66359264.000
12/05/2006;4.04;4.14;3.97;3.99;8596362;75245424.000
12/06/2006;3.99;4.02;3.80;3.87;7551474;63812724.000
12/07/2006;3.86;4.29;3.86;4.16;21966952;200272112.000
12/08/2006;4.08;4.23;3.96;4.01;12963365;113938416.000
12/11/2006;3.97;4.24;3.96;4.22;7422687;65903644.000
12/12/2006;4.23;4.37;4.11;4.27;9250451;84348960.000
12/13/2006;4.27;4.28;4.13;4.20;4764475;43065840.000
12/14/2006;4.20;4.26;4.15;4.21;4369759;39497748.000
12/15/2006;4.18;4.28;4.13;4.26;6016104;54371832.000
12/18/2006;4.25;4.41;4.18;4.23;7387014;67803184.000
12/19/2006;4.24;4.27;4.07;4.18;5245033;46912056.000
12/20/2006;4.18;4.22;4.07;4.18;4136328;37013464.000
12/21/2006;4.19;4.26;4.13;4.14;5115123;46005624.000
12/22/2006;4.11;4.15;4.06;4.08;3343588;29476824.000
12/25/2006;4.09;4.16;4.06;4.09;3016139;26736732.000
12/26/2006;4.09;4.13;3.97;3.99;4936904;42884392.000
12/27/2006;4.03;4.07;3.99;4.05;2738824;23808664.000
12/28/2006;4.03;4.06;3.89;3.93;3977336;34124660.000
12/29/2006;3.94;4.09;3.94;4.03;5126878;44491776.000
01/04/2007;4.09;4.19;4.03;4.09;6104418;53888048.000
01/05/2007;4.09;4.26;4.05;4.24;5644229;50655200.000
01/08/2007;4.28;4.42;4.27;4.41;8872764;82628312.000
01/09/2007;4.42;4.47;4.36;4.38;6732335;63533464.000
01/10/2007;4.38;4.60;4.34;4.57;8544620;81254792.000
01/11/2007;4.57;4.71;4.43;4.49;8647770;84988448.000
01/12/2007;4.44;4.54;4.26;4.28;6705188;63120892.000
01/15/2007;4.29;4.50;4.27;4.50;5403571;50804612.000
01/16/2007;4.50;4.64;4.47;4.58;6469551;63054792.000
01/17/2007;4.59;4.63;4.38;4.42;7157330;69342984.000
01/18/2007;4.41;4.73;4.39;4.72;9218756;90223072.000
01/19/2007;4.71;5.02;4.69;4.93;13429624;139300656.000
01/22/2007;4.95;5.07;4.89;5.05;11872705;126122208.000
01/23/2007;5.04;5.04;4.81;4.97;8361566;87972360.000
01/24/2007;4.97;5.18;4.89;5.09;7807652;83588720.000
01/25/2007;5.02;5.30;4.92;4.95;11652935;127698976.000
01/26/2007;4.91;5.02;4.59;4.93;8532891;87547728.000
01/29/2007;4.97;5.30;4.97;5.28;10653491;115801200.000
01/30/2007;5.24;5.36;5.13;5.25;11201533;124697808.000
01/31/2007;5.24;5.49;5.03;5.06;19214937;217685408.000
02/01/2007;5.01;5.23;4.88;5.11;10873499;117367192.000
02/02/2007;5.13;5.41;5.03;5.14;12126065;135060576.000
02/05/2007;5.16;5.63;5.16;5.54;17063105;194829792.000
02/06/2007;5.48;5.48;5.18;5.27;15938789;177812224.000
02/07/2007;5.32;5.63;5.32;5.62;19640931;226857104.000
02/08/2007;5.56;6.08;5.53;5.78;33005708;405368320.000
02/09/2007;5.77;5.90;5.61;5.82;15371974;186627200.000
02/12/2007;5.88;6.00;5.78;5.91;12650759;156824160.000
02/13/2007;5.94;6.19;5.81;6.13;14756874;186500704.000
02/14/2007;6.13;6.17;6.02;6.12;11704607;150096672.000
02/15/2007;6.13;6.23;6.04;6.18;11477601;148245920.000
02/16/2007;6.19;6.21;5.98;6.00;15259171;194593664.000
02/26/2007;6.00;6.24;5.89;6.23;11572698;147655520.000
02/27/2007;6.26;6.27;5.58;5.58;14372649;178331680.000
02/28/2007;5.43;5.83;5.42;5.71;10553664;124072120.000
03/01/2007;5.71;5.71;5.34;5.38;9984961;115776008.000
03/02/2007;5.38;5.58;5.37;5.51;6623872;76870664.000
03/05/2007;5.48;5.66;5.38;5.56;8182513;95545992.000
03/06/2007;5.52;5.61;5.44;5.59;6558550;76869680.000
03/07/2007;5.56;5.75;5.54;5.69;7724184;92357408.000
03/08/2007;5.67;5.79;5.61;5.78;8622418;104197912.000
03/09/2007;5.78;5.80;5.59;5.64;7550883;90440176.000
03/12/2007;5.76;6.08;5.76;5.91;19733574;245752080.000
03/13/2007;5.99;6.05;5.92;5.97;12901297;162688368.000
03/14/2007;5.88;5.88;5.67;5.75;12981444;157652448.000
03/15/2007;5.74;5.85;5.71;5.80;8529475;104015128.000
03/16/2007;5.80;5.91;5.59;5.65;10356753;126346944.000
03/19/2007;5.42;5.70;5.38;5.67;7615030;89818608.000
03/20/2007;5.67;5.86;5.63;5.81;8537545;103634336.000
03/21/2007;5.76;5.93;5.74;5.92;16937931;209320384.000
03/22/2007;5.93;6.11;5.89;5.94;16881760;213566384.000
03/23/2007;5.95;6.02;5.82;5.99;10691170;134013256.000
03/26/2007;6.06;6.26;6.01;6.22;20107187;260769680.000
03/27/2007;6.23;6.59;6.20;6.48;20534897;277474592.000
03/28/2007;6.48;6.61;6.05;6.40;23413814;313758400.000
03/29/2007;6.38;6.48;6.08;6.12;15371469;202302848.000
03/30/2007;6.12;6.63;6.12;6.58;20739411;280260064.000
04/02/2007;6.63;6.90;6.63;6.81;18330519;260012896.000
04/03/2007;6.81;7.17;6.69;6.94;24427119;356114528.000
04/04/2007;6.83;7.67;6.79;7.61;52437209;808240448.000
04/05/2007;7.43;8.40;7.39;8.18;41015723;667401600.000
04/25/2007;9.03;9.03;8.86;9.03;33287247;622076416.000
04/26/2007;9.01;9.01;8.21;8.41;41190364;725743936.000
04/27/2007;8.39;8.39;7.74;7.86;34567774;568584192.000
04/30/2007;7.74;8.03;7.59;7.84;22834099;372213664.000
05/08/2007;7.99;8.01;7.67;7.87;24555635;400292512.000
05/09/2007;7.88;8.07;7.74;7.98;27164464;446726016.000
05/10/2007;7.98;8.17;7.78;8.07;20315222;336755072.000
05/11/2007;7.98;7.98;7.76;7.85;15356258;251160080.000
05/14/2007;7.68;7.83;7.58;7.70;15231482;245280960.000
05/15/2007;7.70;7.78;7.38;7.38;17917711;283185856.000
05/16/2007;7.34;7.77;7.33;7.76;13053033;206128448.000
05/17/2007;7.81;8.02;7.80;7.83;15874670;260089520.000
05/18/2007;7.82;7.95;7.74;7.79;11814918;192969616.000
05/21/2007;7.55;7.93;7.43;7.83;14144977;228923760.000
05/22/2007;7.88;8.57;7.88;8.23;25771486;440147840.000
05/23/2007;8.24;8.36;8.04;8.28;16855837;286790880.000
05/24/2007;8.28;8.28;7.76;7.92;20686150;343080736.000
05/25/2007;7.88;8.06;7.68;7.95;13383326;220976144.000
05/28/2007;8.10;8.34;8.00;8.18;24100213;410201472.000
05/29/2007;8.24;8.42;8.16;8.39;23259856;401029920.000
05/30/2007;7.74;8.24;7.51;7.57;27325700;445256832.000
05/31/2007;7.64;7.93;7.07;7.79;20775075;330834272.000
06/01/2007;7.80;8.31;7.76;7.93;26943791;451638080.000
06/04/2007;7.99;8.14;7.11;7.11;16776517;256850704.000
06/05/2007;6.83;7.68;6.37;7.57;20553269;287196384.000
06/06/2007;7.43;7.67;6.93;7.48;15652506;241058976.000
06/07/2007;7.54;7.92;7.45;7.75;17872208;285037184.000
06/08/2007;8.56;8.56;7.75;8.05;35004682;600522752.000
06/11/2007;8.05;8.36;7.97;8.17;20288034;345242080.000
06/12/2007;8.19;8.77;7.84;8.70;33871512;588361472.000
06/13/2007;8.78;8.94;8.64;8.66;30215572;549349952.000
06/14/2007;8.64;8.84;8.41;8.57;18972844;340584256.000
06/15/2007;8.45;8.76;8.41;8.49;13559881;240556112.000
06/18/2007;8.57;8.82;8.57;8.68;14574126;262889408.000
06/19/2007;8.69;8.74;8.34;8.61;15606026;275748128.000
06/20/2007;8.59;8.74;8.10;8.18;14170364;248574656.000
06/21/2007;8.16;8.30;7.88;8.03;11308439;189461040.000
06/22/2007;8.09;8.28;7.51;7.68;13529530;222137360.000
06/25/2007;7.81;7.82;7.07;7.17;10644072;165875664.000
06/26/2007;7.00;7.52;6.96;7.50;8871737;134973920.000
06/27/2007;7.50;7.68;7.39;7.63;7422670;116919600.000
06/28/2007;7.63;7.81;7.18;7.19;8446584;131497480.000
07/02/2007;6.94;7.03;6.47;6.76;10140306;143008896.000
07/03/2007;6.78;6.89;6.56;6.79;5122050;72550688.000
07/04/2007;6.80;6.82;6.48;6.51;4455675;62232232.000
07/05/2007;6.46;6.46;5.92;5.95;8457423;109945632.000
07/06/2007;5.85;6.58;5.73;6.57;9470140;121664480.000
07/09/2007;6.58;6.67;6.34;6.58;9189240;126172592.000
07/10/2007;6.57;6.57;6.21;6.25;6372636;84949008.000
07/11/2007;6.18;6.31;6.13;6.27;3172622;41615812.000
07/12/2007;6.27;6.53;6.23;6.40;3729737;50132480.000
07/13/2007;6.38;6.41;6.23;6.29;2661227;35102952.000
07/16/2007;6.32;6.36;6.13;6.16;2687693;35327184.000
07/17/2007;6.09;6.36;6.09;6.32;3213355;42173432.000
07/18/2007;6.36;6.54;6.32;6.44;6010934;81602384.000
07/19/2007;6.42;6.61;6.38;6.55;4891424;66967068.000
08/20/2007;7.24;7.24;7.24;7.24;58422;882756.000
08/21/2007;7.99;7.99;7.99;7.99;316581;5261576.000
08/22/2007;8.82;8.82;8.59;8.82;32623222;595073600.000
08/23/2007;8.82;9.59;8.82;8.97;37758024;714155200.000
08/24/2007;8.95;8.95;8.64;8.81;14281850;259663536.000
08/27/2007;8.93;8.93;8.49;8.56;14372615;257951072.000
08/28/2007;8.55;9.45;8.24;9.26;18643767;340193056.000
08/29/2007;9.05;9.28;8.79;8.86;10154554;189569376.000
08/30/2007;8.91;9.07;8.77;8.90;7654586;141070720.000
08/31/2007;8.99;9.09;8.82;8.95;8777988;163178560.000
09/03/2007;9.02;9.43;8.99;9.10;10716684;203693056.000
09/04/2007;9.19;9.28;8.97;8.98;8454335;159091056.000
09/05/2007;9.03;9.27;8.93;9.26;12250749;231608176.000
09/06/2007;9.60;10.16;9.11;9.14;11514672;223341664.000
09/07/2007;9.01;9.23;8.76;8.77;10763894;197544944.000
09/10/2007;8.61;8.86;8.53;8.81;6613597;119117768.000
09/11/2007;8.81;8.94;8.34;8.49;9007897;160837536.000
09/12/2007;8.45;8.66;8.34;8.54;5783953;101629232.000
09/13/2007;8.57;8.78;8.44;8.71;5559326;98764520.000
09/14/2007;8.73;9.02;8.61;8.90;9173629;168390336.000
09/17/2007;8.89;9.38;8.84;9.30;12740368;241965120.000
09/18/2007;9.34;9.44;9.03;9.20;8730048;167186432.000
09/19/2007;9.24;9.24;8.88;8.99;6001782;111908616.000
09/20/2007;9.01;9.28;8.99;9.16;6187297;116662904.000
09/21/2007;9.15;9.19;8.69;9.17;8468796;156901888.000
09/25/2007;9.19;9.22;8.57;8.65;7645350;139929600.000
09/26/2007;8.45;8.82;8.45;8.77;5049004;90354712.000
09/27/2007;8.69;8.77;8.49;8.49;3491531;61889544.000
09/28/2007;8.57;8.70;8.53;8.60;5208492;93089000.000
10/08/2007;8.74;8.78;8.59;8.60;4701801;84276384.000
10/09/2007;8.63;8.86;8.63;8.76;4793294;86982656.000
10/10/2007;8.86;8.86;8.55;8.61;5268432;95037328.000
10/11/2007;8.74;8.74;8.44;8.47;5357969;94879544.000
10/12/2007;8.47;8.47;7.83;8.16;8216742;138690848.000
10/15/2007;8.19;8.43;7.93;8.30;5407087;92037392.000
10/16/2007;8.29;8.39;8.13;8.31;3474991;59420136.000
10/17/2007;8.23;8.53;8.20;8.51;5028582;87678232.000
10/18/2007;8.49;8.49;8.13;8.15;3623064;61736132.000
10/19/2007;8.28;8.39;8.03;8.20;3485403;59459968.000
10/22/2007;8.14;8.38;7.98;8.11;2593179;44067356.000
10/23/2007;8.24;8.28;7.82;8.01;3303140;54813572.000
10/24/2007;8.07;8.15;7.76;7.78;3177508;52319168.000
10/25/2007;7.74;7.74;7.10;7.15;6715990;103719056.000
10/26/2007;7.13;7.27;7.07;7.19;2711463;40596260.000
10/29/2007;7.23;7.30;7.09;7.23;2832299;42252120.000
10/30/2007;7.21;7.44;7.21;7.39;1983991;30428630.000
10/31/2007;7.48;7.68;7.43;7.62;3176157;50119428.000
11/01/2007;7.58;7.58;7.26;7.26;2620850;40481364.000
11/02/2007;7.18;7.48;7.08;7.27;2325180;35357120.000
11/05/2007;7.22;7.48;7.09;7.42;2005440;30812100.000
11/06/2007;7.39;7.66;7.35;7.52;2600487;40981328.000
11/07/2007;7.48;7.58;7.29;7.44;1637807;25387272.000
11/08/2007;7.43;7.59;7.29;7.32;2527278;39441884.000
11/09/2007;7.33;7.38;7.08;7.19;3167229;47560996.000
11/12/2007;7.09;7.10;6.74;7.03;3040625;44074880.000
11/13/2007;6.99;7.17;6.89;7.00;1828497;26897276.000
11/14/2007;7.09;7.23;7.04;7.22;1843329;27535140.000
11/15/2007;7.22;7.22;7.03;7.08;1474360;21965256.000
11/16/2007;7.03;7.08;6.89;7.06;1220705;17775198.000
11/19/2007;7.09;7.49;7.00;7.36;3087998;47180948.000
11/20/2007;7.35;7.50;7.25;7.41;1775293;27444460.000
11/21/2007;7.41;7.51;7.28;7.29;1454996;22423888.000
11/22/2007;7.18;7.24;6.93;6.93;1743421;25760288.000
11/23/2007;6.94;7.08;6.91;7.08;1394644;20387290.000
11/26/2007;7.14;7.24;6.98;7.00;1117540;16648611.000
11/27/2007;6.96;7.23;6.93;7.18;3206237;47484604.000
11/28/2007;7.11;7.24;7.05;7.13;1381047;20644456.000
11/29/2007;7.16;7.36;7.16;7.32;2889899;43918424.000
11/30/2007;7.32;7.33;7.11;7.13;1501236;22586468.000
12/03/2007;7.13;7.38;7.03;7.29;1253056;18917874.000
12/04/2007;7.28;7.38;7.16;7.18;1273987;19277508.000
12/05/2007;7.21;7.34;7.18;7.31;1699110;25816520.000
12/06/2007;7.31;7.34;7.19;7.28;1132052;17187176.000
12/07/2007;7.28;7.47;7.28;7.42;2910048;44967884.000
12/10/2007;7.33;7.63;7.26;7.57;5218898;81695888.000
12/11/2007;7.62;7.67;7.43;7.62;3371805;53129088.000
12/12/2007;7.61;7.71;7.52;7.66;2810187;44625056.000
12/13/2007;7.61;7.78;7.38;7.39;3263326;51690044.000
12/14/2007;7.29;7.52;7.29;7.52;2245025;34584896.000
12/17/2007;7.47;7.63;7.42;7.51;2584123;40524848.000
12/18/2007;7.51;7.53;7.43;7.45;1398413;21800616.000
12/19/2007;7.47;7.86;7.47;7.68;3106746;49805068.000
12/20/2007;7.74;7.87;7.65;7.79;2919731;47340104.000
12/21/2007;7.78;7.92;7.76;7.89;3135488;51128396.000
12/24/2007;7.91;8.09;7.90;7.92;3698659;61510320.000
12/25/2007;7.95;8.03;7.88;7.97;2302560;38071692.000
12/26/2007;8.08;8.09;7.91;8.02;2924367;48718788.000
12/27/2007;8.07;8.23;8.02;8.14;4609715;77994144.000
12/28/2007;8.19;8.26;7.93;7.99;3174289;53439288.000
01/02/2008;7.99;8.23;7.91;8.19;3921248;66231968.000
01/03/2008;8.18;8.42;8.14;8.39;5317534;91931248.000
01/04/2008;8.39;8.48;8.24;8.40;3723953;64713808.000
01/07/2008;8.43;8.61;8.35;8.61;5102080;90027568.000
01/08/2008;8.66;8.84;8.32;8.44;6722018;120064536.000
01/09/2008;8.38;8.83;8.34;8.80;5643947;101008944.000
01/10/2008;8.84;8.86;8.66;8.70;4922675;89193344.000
01/11/2008;8.70;8.72;8.46;8.60;3451930;61293472.000
01/14/2008;8.60;8.95;8.60;8.95;6910350;126204920.000
01/15/2008;8.98;9.06;8.77;8.91;4240938;78287736.000
01/16/2008;8.84;8.84;8.56;8.63;4843247;87261600.000
01/17/2008;8.55;8.75;8.05;8.20;5971295;103289224.000
01/18/2008;8.18;8.53;8.14;8.53;4145626;72208976.000
01/21/2008;8.64;8.83;8.26;8.36;7020194;125871392.000
01/22/2008;8.09;8.09;7.49;7.49;6157473;97849584.000
01/23/2008;7.38;7.68;7.11;7.58;7038552;109242728.000
01/24/2008;7.67;7.74;7.38;7.57;5417084;85175648.000
01/25/2008;7.53;7.66;7.40;7.54;4016984;63219492.000
01/28/2008;7.43;7.43;6.79;6.81;4314220;64100176.000
01/29/2008;6.83;7.09;6.83;6.93;2346630;34084688.000
01/30/2008;7.03;7.25;6.99;7.17;3768178;56281216.000
01/31/2008;7.14;7.23;7.00;7.16;1853475;27695188.000
02/01/2008;7.11;7.18;6.77;6.99;2680090;39020828.000
02/04/2008;7.18;7.56;7.16;7.54;3388211;52155868.000
02/05/2008;7.43;7.53;7.33;7.41;2146874;33233152.000
02/13/2008;7.24;7.46;7.22;7.25;1571607;23979542.000
02/14/2008;7.30;7.43;7.28;7.32;1516033;23226412.000
02/15/2008;7.33;7.33;7.11;7.22;1406470;21127880.000
02/18/2008;7.29;7.42;7.19;7.38;2126059;32599636.000
02/19/2008;7.38;7.56;7.38;7.53;2926572;45698216.000
02/20/2008;7.56;7.59;7.35;7.36;2954602;45830744.000
02/21/2008;7.38;7.46;7.22;7.42;1993096;30465404.000
02/22/2008;7.41;7.42;7.06;7.16;2465944;37166824.000
02/25/2008;7.13;7.55;7.05;7.44;4786014;73316952.000
02/26/2008;7.51;7.66;7.26;7.50;3534902;55053576.000
02/27/2008;7.52;7.61;7.46;7.59;4528645;71240400.000
02/28/2008;7.61;7.65;7.47;7.54;2215573;34945312.000
02/29/2008;7.55;7.71;7.48;7.69;3428066;54633612.000
03/03/2008;7.70;7.86;7.53;7.82;4006120;64608928.000
03/04/2008;7.82;7.82;7.54;7.55;4172847;66790680.000
03/05/2008;7.55;7.67;7.34;7.48;2744306;42882504.000
03/06/2008;7.49;7.76;7.41;7.75;5041082;80288824.000
03/07/2008;7.78;7.99;7.78;7.82;9471442;155686016.000
03/10/2008;7.68;7.68;7.38;7.42;3289167;51588848.000
03/11/2008;7.38;7.49;7.11;7.48;2522461;38444904.000
03/12/2008;7.59;7.63;7.14;7.18;2082797;31871714.000
03/13/2008;7.18;7.31;6.98;7.09;2454038;36656144.000
03/14/2008;7.03;7.13;6.83;6.93;2478627;36014248.000
03/17/2008;6.88;6.96;6.44;6.45;2634682;36697060.000
03/21/2008;7.13;7.13;6.96;7.13;6407508;95384728.000
03/24/2008;7.18;7.38;6.78;6.86;7393559;110569496.000
03/25/2008;6.66;6.84;6.47;6.69;3879437;54328892.000
03/26/2008;6.76;6.92;6.61;6.70;1978653;28026110.000
03/27/2008;6.51;6.67;6.23;6.25;3108687;41909384.000
03/28/2008;6.22;6.43;5.96;6.42;2964874;38882752.000
03/31/2008;6.18;6.31;6.01;6.06;1559349;20160344.000
04/01/2008;6.06;6.18;5.55;5.58;2368199;28884564.000
04/02/2008;5.64;5.76;5.24;5.38;2522849;29266684.000
04/03/2008;5.39;5.64;5.29;5.57;1842471;21401902.000
04/07/2008;5.51;5.92;5.40;5.88;2079855;25297196.000
04/08/2008;5.79;6.06;5.78;5.92;2606893;32645364.000
04/09/2008;5.88;5.97;5.63;5.63;1915540;23514700.000
04/10/2008;5.63;5.77;5.48;5.72;1321373;15823430.000
04/11/2008;5.83;5.88;5.73;5.83;1121932;13745373.000
04/14/2008;5.73;5.73;5.43;5.45;1989678;23203528.000
04/15/2008;5.48;5.61;5.25;5.59;1596324;18157498.000
04/16/2008;5.51;5.58;5.39;5.43;993878;11527209.000
04/17/2008;5.43;5.53;5.24;5.24;1356512;15347872.000
04/18/2008;5.21;5.24;4.82;4.88;1973977;21072516.000
04/21/2008;5.28;5.34;4.88;5.07;2053594;22250884.000
04/22/2008;4.97;5.10;4.78;5.09;1471962;15399952.000
04/23/2008;4.97;5.36;4.97;5.28;2241430;24791758.000
04/24/2008;5.78;5.84;5.61;5.83;5641201;68594816.000
04/25/2008;5.81;5.92;5.68;5.75;3928387;48139528.000
04/28/2008;5.63;5.78;5.56;5.71;2603861;31217472.000
04/29/2008;5.71;5.93;5.71;5.87;2585393;31936692.000
04/30/2008;5.88;6.15;5.88;6.11;4001801;50836240.000
05/05/2008;6.15;6.20;6.04;6.16;3766978;48492048.000
05/06/2008;6.11;6.18;6.01;6.07;2839190;36381392.000
05/07/2008;6.18;6.41;5.88;5.89;4937657;64337468.000
05/08/2008;5.82;6.14;5.81;6.11;2972746;37577656.000
05/09/2008;6.17;6.19;5.98;6.09;2679808;34388168.000
05/12/2008;5.96;6.18;5.92;6.13;2962708;37651544.000
05/13/2008;5.90;6.07;5.90;5.95;2675188;33645144.000
05/14/2008;5.93;6.23;5.92;6.22;4130901;53150528.000
05/15/2008;6.26;6.39;6.20;6.38;5242095;69534240.000
05/16/2008;6.33;6.48;6.15;6.26;3673257;48730160.000
05/19/2008;6.21;6.28;6.13;6.22;1847765;24111536.000
05/20/2008;6.23;6.32;5.78;5.84;2303315;29337004.000
05/21/2008;5.76;5.93;5.64;5.91;2832920;34355104.000
05/22/2008;5.83;5.98;5.76;5.84;1896089;23457680.000
05/23/2008;5.82;5.91;5.68;5.75;1604739;19485964.000
05/26/2008;5.74;5.88;5.69;5.72;1647530;20124874.000
05/27/2008;5.73;5.81;5.63;5.73;1416023;17068978.000
05/28/2008;5.74;6.21;5.74;6.18;3709217;46966988.000
05/29/2008;6.13;6.21;5.93;5.94;2101963;26770084.000
05/30/2008;5.99;6.13;5.91;6.11;1699199;21560124.000
06/02/2008;6.03;6.27;5.98;6.22;2492742;32446724.000
06/03/2008;6.19;6.25;6.02;6.08;1355907;17386164.000
06/04/2008;6.02;6.08;5.81;5.88;1342014;16768334.000
06/05/2008;5.84;5.92;5.67;5.71;1717389;20887476.000
06/06/2008;5.75;5.82;5.69;5.74;1287330;15591019.000
06/10/2008;5.59;5.59;5.15;5.17;2304527;26064124.000
06/11/2008;5.18;5.26;5.07;5.08;2365546;25809528.000
06/12/2008;5.03;5.13;4.90;5.00;1662879;17668818.000
06/13/2008;5.00;5.08;4.86;4.86;1050701;11081327.000
06/16/2008;5.03;5.13;4.93;5.01;2436615;26039854.000
06/17/2008;5.01;5.05;4.67;4.70;2043842;20966772.000
06/18/2008;4.67;5.01;4.48;4.93;2335051;23735830.000
06/19/2008;4.88;4.88;4.44;4.46;1980613;19856122.000
06/20/2008;4.53;4.78;4.36;4.63;1954927;19330606.000
06/23/2008;4.48;4.81;4.47;4.66;1404672;14059961.000
06/24/2008;4.64;4.81;4.64;4.79;877964;8924185.000
06/25/2008;4.76;5.03;4.76;5.02;1812531;19084344.000
06/27/2008;4.78;4.79;4.53;4.59;1859700;18483728.000
06/30/2008;4.59;4.70;4.53;4.65;754598;7448015.000
07/01/2008;4.67;4.70;4.55;4.57;763119;7517274.000
07/02/2008;4.57;4.67;4.57;4.59;657760;6489644.000
07/03/2008;4.51;4.84;4.46;4.71;1639666;16351488.000
07/04/2008;4.68;4.73;4.59;4.64;1229241;12212611.000
07/07/2008;4.70;4.91;4.63;4.89;1889049;19393698.000
07/08/2008;4.88;4.96;4.82;4.91;1358541;14139012.000
07/09/2008;4.98;5.11;4.93;5.11;2355060;25165184.000
07/10/2008;5.01;5.09;4.94;4.95;1919157;20478584.000
07/11/2008;4.94;4.97;4.79;4.88;1186808;12329490.000
07/14/2008;4.84;5.07;4.82;5.04;1501778;15789011.000
07/15/2008;5.13;5.13;4.81;4.84;1939972;20310224.000
07/16/2008;4.86;4.88;4.59;4.61;1687957;16920164.000
07/17/2008;4.71;4.78;4.59;4.62;995544;9925421.000
07/18/2008;4.67;4.88;4.60;4.87;1206023;12178367.000
07/21/2008;4.86;5.06;4.79;5.02;2032781;21540592.000
07/22/2008;5.03;5.08;4.97;5.03;1852598;19800064.000
07/23/2008;5.07;5.13;4.99;5.07;2483528;26736328.000
07/24/2008;5.07;5.41;5.07;5.37;6155381;68994408.000
07/25/2008;5.23;5.42;5.14;5.15;4847387;53755164.000
07/28/2008;5.18;5.25;5.15;5.23;2582779;28491096.000
07/29/2008;5.14;5.17;5.11;5.11;1854814;20218674.000
07/30/2008;5.16;5.23;5.09;5.11;1608369;17561094.000
07/31/2008;5.14;5.17;4.95;4.95;1462606;15673399.000
08/01/2008;4.93;5.10;4.88;5.04;1487798;15814521.000
08/04/2008;4.99;5.04;4.89;4.89;857759;9052299.000
08/05/2008;4.98;4.98;4.81;4.82;1090180;11326072.000
08/06/2008;4.89;4.97;4.78;4.88;1266288;13083202.000
08/07/2008;4.84;4.90;4.81;4.88;759310;7868208.000
08/08/2008;4.89;4.92;4.59;4.64;1420439;14342082.000
08/11/2008;4.65;4.68;4.15;4.20;2016858;18874640.000
08/13/2008;4.18;4.26;4.06;4.19;1361023;12180035.000
08/14/2008;4.16;4.25;4.11;4.16;961253;8631086.000
08/15/2008;4.16;4.22;4.11;4.17;997526;8956873.000
08/18/2008;4.16;4.24;3.84;3.92;1279078;11101708.000
08/19/2008;3.82;3.98;3.82;3.96;980029;8320117.000
08/20/2008;3.93;4.34;3.88;4.31;2225434;20119196.000
08/21/2008;4.18;4.30;4.11;4.12;1388797;12533224.000
08/22/2008;4.11;4.17;4.05;4.11;938404;8278706.000
08/25/2008;4.11;4.19;4.05;4.12;710843;6335408.000
08/26/2008;4.09;4.09;3.91;3.92;986838;8486836.000
08/27/2008;3.96;4.00;3.86;3.92;740336;6266303.000
08/28/2008;3.95;3.98;3.91;3.94;591604;5041786.000
08/29/2008;4.09;4.14;4.01;4.10;1249374;10982574.000
09/01/2008;4.09;4.09;3.96;3.99;715085;6178402.000
09/02/2008;3.94;4.02;3.92;3.98;685655;5866411.000
09/03/2008;3.98;4.03;3.90;3.96;716895;6128819.000
09/04/2008;3.96;4.05;3.91;3.99;656132;5651650.000
09/05/2008;3.91;3.98;3.84;3.86;1145659;9609517.000
09/08/2008;3.87;3.89;3.65;3.68;1288059;10497405.000
09/09/2008;3.75;3.78;3.66;3.73;621158;5003552.000
09/10/2008;3.68;3.83;3.66;3.73;722281;5875231.000
09/11/2008;3.73;3.76;3.67;3.69;577192;4636927.000
09/12/2008;3.67;3.74;3.67;3.71;428424;3455411.000
09/16/2008;3.68;3.72;3.57;3.61;1146335;9086808.000
09/17/2008;3.62;3.66;3.53;3.55;929121;7264987.000
09/18/2008;3.43;3.47;3.21;3.42;1884158;13845382.000
09/19/2008;3.80;3.80;3.71;3.80;1819922;14950755.000
09/22/2008;4.18;4.19;3.89;4.09;5289506;46527804.000
09/23/2008;3.93;4.02;3.90;4.00;3066855;26279418.000
09/24/2008;4.02;4.18;3.92;4.18;6213525;54346784.000
09/25/2008;4.14;4.18;3.98;4.09;4049276;33079770.000
09/26/2008;4.10;4.10;3.99;4.05;2410894;19527364.000
10/06/2008;3.98;3.98;3.82;3.83;1596088;12376033.000
10/07/2008;3.77;3.83;3.68;3.79;1515538;11358520.000
10/08/2008;3.72;3.79;3.67;3.70;1420954;10626237.000
10/09/2008;3.80;3.80;3.66;3.66;1078470;8026125.000
10/10/2008;3.57;3.59;3.40;3.41;1637404;11422190.000
10/13/2008;3.40;3.44;3.24;3.44;1233987;8251693.000
10/14/2008;3.55;3.57;3.33;3.35;1074639;7470729.000
10/15/2008;3.35;3.38;3.29;3.34;522168;3472412.000
10/16/2008;3.21;3.24;3.14;3.15;1196207;7621182.000
10/17/2008;3.17;3.23;3.16;3.20;649963;4157375.000
10/20/2008;3.19;3.31;3.15;3.29;889894;5765146.000
10/21/2008;3.32;3.39;3.27;3.33;1427199;9535942.000
10/22/2008;3.30;3.32;3.24;3.25;943478;6205656.000
10/23/2008;3.23;3.32;3.18;3.32;872803;5684594.000
10/24/2008;3.30;3.35;3.25;3.28;686299;4530970.000
10/27/2008;3.22;3.27;2.97;2.97;1161263;7239925.000
10/28/2008;2.96;3.13;2.92;3.11;1324581;8040903.000
10/29/2008;3.15;3.17;3.02;3.03;949538;5864396.000
10/30/2008;3.09;3.12;3.03;3.06;1030766;6345746.000
10/31/2008;3.11;3.14;3.05;3.06;880596;5438646.000
11/03/2008;3.05;3.06;3.00;3.01;617481;3736394.000
11/04/2008;3.01;3.04;2.95;2.98;732720;4382925.000
11/05/2008;3.00;3.13;3.00;3.13;1548506;9577273.000
11/06/2008;3.06;3.12;3.05;3.08;769050;4757037.000
11/07/2008;3.05;3.13;3.03;3.11;940584;5842408.000
11/10/2008;3.15;3.31;3.14;3.29;2200670;14278298.000
11/11/2008;3.25;3.31;3.21;3.22;1619575;10572353.000
11/12/2008;3.22;3.31;3.20;3.30;1397959;9134744.000
11/13/2008;3.25;3.45;3.24;3.39;2877966;19421724.000
11/14/2008;3.42;3.55;3.35;3.54;3891740;26792304.000
11/17/2008;3.52;3.59;3.45;3.59;3681253;26020988.000
11/18/2008;3.55;3.63;3.23;3.30;3843339;26542550.000
11/19/2008;3.32;3.54;3.30;3.51;2943896;20116472.000
11/20/2008;3.41;3.64;3.38;3.64;6897724;48782892.000
11/21/2008;3.51;3.75;3.50;3.69;8192536;59449552.000
11/24/2008;3.72;3.73;3.50;3.56;4593451;33031408.000
11/25/2008;3.59;3.64;3.39;3.48;2925104;20543416.000
11/26/2008;3.48;3.51;3.39;3.49;1471642;10258631.000
11/27/2008;3.77;3.79;3.53;3.54;8342363;60992020.000
11/28/2008;3.54;3.57;3.40;3.41;2600564;18036290.000
12/01/2008;3.40;3.47;3.28;3.46;3070702;20869192.000
12/02/2008;3.35;3.51;3.35;3.45;2585112;17822436.000
12/03/2008;3.46;3.63;3.46;3.63;4669566;33395920.000
12/04/2008;3.65;3.74;3.59;3.61;6724287;49550796.000
12/05/2008;3.63;3.72;3.60;3.70;4385651;32201984.000
12/08/2008;3.71;3.85;3.71;3.84;6595916;50054280.000
12/09/2008;3.85;3.85;3.64;3.64;5470619;40754512.000
12/10/2008;3.62;3.77;3.61;3.76;4591474;33853580.000
12/11/2008;3.74;3.74;3.61;3.63;3361309;24741864.000
12/12/2008;3.65;3.65;3.44;3.46;3695109;26144524.000
12/15/2008;3.55;3.57;3.42;3.50;2288312;16070357.000
12/16/2008;3.47;3.52;3.39;3.51;2065577;14210444.000
12/17/2008;3.52;3.59;3.51;3.55;2783105;19747862.000
12/18/2008;3.56;3.67;3.50;3.66;3706211;26716558.000
12/19/2008;3.64;3.69;3.62;3.63;3968167;29040586.000
12/22/2008;3.62;3.63;3.51;3.54;2838630;20225380.000
12/23/2008;3.55;3.56;3.30;3.31;3425282;23378316.000
12/24/2008;3.26;3.31;3.19;3.22;1834056;11974835.000
12/25/2008;3.24;3.29;3.16;3.19;1544182;9948896.000
12/29/2008;3.21;3.22;3.12;3.17;1057063;6657638.000
12/30/2008;3.18;3.20;3.12;3.13;2013778;12723395.000
12/31/2008;3.14;3.15;3.08;3.09;1438234;8959512.000
01/05/2009;3.13;3.21;3.13;3.20;1799690;11402536.000
01/06/2009;3.21;3.30;3.18;3.29;2805758;18247976.000
01/07/2009;3.30;3.33;3.24;3.28;2427749;15966090.000
01/08/2009;3.25;3.26;3.16;3.17;1728524;11118880.000
01/09/2009;3.19;3.28;3.18;3.26;1608801;10413825.000
01/12/2009;3.26;3.34;3.24;3.29;2523948;16717165.000
01/13/2009;3.27;3.30;3.21;3.21;1752692;11413779.000
01/14/2009;3.23;3.34;3.21;3.33;3129703;20611096.000
01/15/2009;3.30;3.41;3.29;3.37;3467616;23211788.000
01/16/2009;3.39;3.46;3.38;3.41;4227329;28982890.000
01/19/2009;3.44;3.51;3.40;3.44;4073206;28192748.000
01/20/2009;3.42;3.46;3.38;3.46;2421930;16574368.000
01/21/2009;3.40;3.46;3.39;3.43;2262793;15517461.000
01/22/2009;3.44;3.52;3.43;3.52;3822932;26657656.000
01/23/2009;3.51;3.55;3.49;3.50;3939345;27720244.000
02/02/2009;3.54;3.55;3.48;3.54;4143541;29197488.000
02/04/2009;3.73;3.74;3.65;3.69;9040905;66728712.000
02/05/2009;3.69;3.77;3.64;3.68;8427636;62901016.000
02/06/2009;3.71;3.99;3.71;3.97;12610207;98112952.000
02/09/2009;4.10;4.26;4.05;4.16;14219423;118239248.000
02/10/2009;4.00;4.18;3.99;4.17;19597384;159342416.000
02/11/2009;4.07;4.17;4.03;4.09;12072565;98873696.000
02/12/2009;4.11;4.22;3.97;4.16;12089402;99641200.000
02/13/2009;4.19;4.38;4.13;4.34;15107569;128483632.000
02/16/2009;4.38;4.42;4.24;4.36;10767764;92960720.000
02/17/2009;4.35;4.53;4.32;4.32;15457817;136983920.000
02/18/2009;4.20;4.25;3.99;4.02;10309419;84934576.000
02/19/2009;4.04;4.11;3.95;4.01;6913162;55663548.000
02/20/2009;4.01;4.13;3.97;4.10;5852908;47516296.000
02/23/2009;4.09;4.29;4.06;4.26;7937312;66797360.000
02/24/2009;4.22;4.28;4.03;4.03;9135205;75628784.000
02/25/2009;4.09;4.14;3.99;4.10;6093778;49683552.000
02/26/2009;4.13;4.19;3.79;3.82;6933030;55968444.000
02/27/2009;3.79;3.84;3.63;3.68;5269760;38975044.000
03/02/2009;3.67;3.74;3.65;3.73;3569314;26476368.000
03/03/2009;3.67;3.76;3.63;3.71;3206444;23720332.000
03/04/2009;3.73;3.94;3.72;3.93;5674255;43698224.000
03/05/2009;3.99;4.01;3.86;3.93;5941166;46858156.000
03/06/2009;3.88;4.26;3.83;4.12;10743226;87544408.000
03/09/2009;4.11;4.13;3.82;3.83;6871427;54806196.000
03/10/2009;3.83;3.94;3.77;3.91;3208526;24841052.000
03/11/2009;3.98;4.01;3.87;3.88;4213346;33268772.000
03/12/2009;3.88;3.92;3.75;3.87;2847745;21841856.000
03/13/2009;3.88;3.96;3.85;3.87;3221483;25184566.000
03/16/2009;3.87;3.91;3.80;3.90;2264892;17478604.000
03/17/2009;3.90;4.04;3.90;4.03;4537557;36214572.000
03/18/2009;4.07;4.13;4.04;4.05;6198361;50570364.000
03/19/2009;4.05;4.17;4.05;4.16;8557462;70684080.000
03/23/2009;4.16;4.21;4.13;4.18;8893821;74133664.000
03/24/2009;4.22;4.24;4.16;4.18;6231516;52285600.000
03/25/2009;4.16;4.16;4.00;4.01;5444619;44592772.000
03/26/2009;4.01;4.16;4.01;4.15;5004172;40953384.000
03/27/2009;4.17;4.32;4.16;4.23;11770165;100175408.000
03/30/2009;4.25;4.28;4.18;4.21;4449674;37608648.000
03/31/2009;4.11;4.18;4.07;4.17;4625078;38110364.000
04/01/2009;4.19;4.28;4.19;4.26;6978339;59318768.000
04/02/2009;4.30;4.33;4.26;4.26;7096766;60960624.000
04/03/2009;4.28;4.30;4.14;4.21;6429139;54407400.000
04/07/2009;4.20;4.32;4.20;4.30;5736547;48949644.000
04/08/2009;4.29;4.36;4.20;4.34;11014007;94851752.000
04/09/2009;4.34;4.43;4.21;4.38;14225834;123675152.000
04/10/2009;4.41;4.48;4.33;4.47;12967552;114777880.000
04/13/2009;4.55;4.57;4.45;4.50;12147370;109766920.000
04/14/2009;4.51;4.53;4.43;4.49;8591625;76853624.000
04/15/2009;4.45;4.53;4.36;4.53;8403659;74737248.000
04/16/2009;4.53;4.57;4.41;4.48;6958321;62634168.000
04/17/2009;4.48;4.48;4.36;4.38;6892557;60745532.000
04/20/2009;4.38;4.64;4.36;4.61;9725207;87844664.000
04/21/2009;4.55;4.60;4.45;4.53;8134934;73667432.000
04/22/2009;4.53;4.59;4.32;4.32;7805396;69740200.000
04/23/2009;4.31;4.36;4.24;4.32;4416371;37966584.000
04/24/2009;4.36;4.36;4.28;4.30;3083888;26614080.000
04/27/2009;4.30;4.32;4.17;4.27;3677876;31054388.000
04/28/2009;4.20;4.28;4.19;4.24;3937536;33255618.000
04/29/2009;4.25;4.34;4.22;4.32;4035074;34689964.000
04/30/2009;4.34;4.37;4.31;4.35;4765937;41357240.000
05/04/2009;4.36;4.49;4.36;4.49;5998805;53255336.000
05/05/2009;4.49;4.55;4.44;4.54;6323746;56799132.000
05/06/2009;4.53;4.73;4.49;4.69;13086163;121069088.000
05/07/2009;4.70;4.70;4.53;4.59;9821177;90443912.000
05/08/2009;4.55;4.85;4.53;4.82;15073827;142457056.000
05/11/2009;4.85;4.99;4.71;4.84;16802842;163507008.000
05/12/2009;4.84;4.93;4.76;4.88;8627544;83541808.000
05/14/2009;4.82;4.92;4.70;4.76;9039892;86143392.000
05/15/2009;4.76;5.09;4.70;5.08;18173164;178715040.000
05/18/2009;5.04;5.18;4.93;5.09;15090799;152529696.000
05/19/2009;5.12;5.22;5.02;5.10;12239352;125671840.000
05/20/2009;5.07;5.22;5.03;5.07;8391994;85686464.000
05/21/2009;5.01;5.07;4.80;4.88;9097999;89389584.000
05/22/2009;4.88;4.95;4.84;4.89;3955044;38723144.000
05/25/2009;4.74;4.87;4.70;4.84;5711443;54776448.000
05/26/2009;4.82;4.99;4.80;4.87;8114316;79503264.000
05/27/2009;4.90;5.03;4.90;4.94;6383132;63265484.000
06/01/2009;4.97;5.07;4.90;5.05;8964500;89827672.000
06/02/2009;5.09;5.09;4.94;4.98;9719450;96950008.000
06/03/2009;4.96;5.07;4.91;5.03;9386093;93793104.000
06/04/2009;4.99;5.05;4.80;4.88;8182207;80510856.000
06/05/2009;4.88;4.92;4.78;4.80;7115897;69119432.000
06/08/2009;4.79;4.86;4.76;4.81;3885466;37374744.000
06/09/2009;4.81;4.97;4.76;4.96;7893505;77039056.000
06/10/2009;4.97;5.14;4.97;5.13;15088674;153515840.000
06/11/2009;5.13;5.13;4.99;5.01;9646748;97139952.000
06/12/2009;5.03;5.21;4.99;5.09;13328417;135879584.000
06/15/2009;5.14;5.42;5.11;5.39;13541038;142355968.000
06/16/2009;5.30;5.34;5.20;5.28;8708086;91599736.000
06/17/2009;5.28;5.28;5.07;5.15;8138777;83767128.000
06/18/2009;5.16;5.18;5.07;5.17;7637893;78288456.000
06/19/2009;5.17;5.22;5.11;5.14;5965270;61480252.000
06/22/2009;5.17;5.21;5.11;5.18;8083991;83182864.000
06/23/2009;5.14;5.31;5.06;5.30;12340696;128114128.000
06/24/2009;5.27;5.50;5.24;5.39;16160897;174008000.000
06/25/2009;5.41;5.42;5.29;5.36;7863371;84272160.000
06/26/2009;5.32;5.44;5.26;5.29;6331138;67452824.000
06/29/2009;5.38;5.82;5.38;5.82;31535412;360088960.000
06/30/2009;6.38;6.40;5.85;6.03;28070720;340519360.000
07/01/2009;5.97;6.07;5.78;6.00;11545564;136836512.000
07/02/2009;6.07;6.07;5.88;6.03;21648403;259431696.000
07/03/2009;6.00;6.38;5.95;6.10;13322642;164555696.000
07/06/2009;6.07;6.07;5.84;5.87;10280531;121084072.000
07/07/2009;5.82;5.90;5.79;5.82;7065886;82363496.000
07/08/2009;5.78;5.87;5.75;5.86;4436539;51491580.000
07/09/2009;5.85;5.93;5.82;5.91;4464476;52605204.000
07/10/2009;5.91;5.99;5.88;5.92;4693351;55742072.000
07/13/2009;5.88;5.90;5.82;5.84;5716348;66940752.000
07/14/2009;5.84;5.93;5.82;5.91;7591494;89452752.000
07/15/2009;5.92;6.10;5.91;6.05;9219012;111259232.000
07/16/2009;6.11;6.11;5.90;5.90;7113228;85149704.000
07/17/2009;5.90;5.94;5.82;5.90;5323394;62459004.000
07/20/2009;5.91;6.03;5.90;6.02;7210195;86487880.000
07/21/2009;6.03;6.03;5.82;5.83;7009282;82819856.000
07/22/2009;5.80;5.89;5.80;5.87;4760915;55604192.000
07/23/2009;5.85;5.90;5.82;5.89;3892433;45661312.000
07/24/2009;5.90;6.03;5.86;5.99;9310175;111217536.000
07/27/2009;6.05;6.05;5.93;6.00;7909009;94664664.000
07/28/2009;6.01;6.14;5.91;6.13;10183276;122928544.000
07/29/2009;6.09;6.16;5.52;5.82;9170828;107967928.000
07/30/2009;5.82;5.88;5.55;5.74;5939625;68117488.000
07/31/2009;5.74;5.86;5.71;5.85;5043835;58436832.000
08/03/2009;5.84;6.09;5.82;6.04;8158039;97745608.000
08/04/2009;6.05;6.38;6.03;6.35;14309796;177132304.000
08/05/2009;6.30;6.34;6.05;6.19;9098737;112984920.000
08/06/2009;6.17;6.17;5.92;6.02;6037952;73057744.000
08/07/2009;6.03;6.62;6.03;6.62;36720198;476195328.000
08/10/2009;6.69;6.90;6.50;6.82;29728240;401803552.000
08/11/2009;7.04;7.50;7.04;7.50;89026022;1314166144.000
08/12/2009;7.35;7.95;7.15;7.50;54867286;828183424.000
08/13/2009;7.63;7.69;7.23;7.46;31567282;469771424.000
08/14/2009;7.36;7.42;7.00;7.19;20323911;292602368.000
08/17/2009;7.05;7.38;7.00;7.12;22593711;327146560.000
08/18/2009;6.97;7.38;6.61;7.28;22064075;310922112.000
08/19/2009;7.19;7.57;7.01;7.38;30864436;455182240.000
08/20/2009;7.25;7.88;7.20;7.78;31273691;469588480.000
08/21/2009;7.74;8.19;7.59;7.88;54296402;850927488.000
08/24/2009;7.70;8.09;7.63;7.93;34027288;533975968.000
08/25/2009;7.84;8.41;7.69;8.07;50630446;818776320.000
08/26/2009;8.08;8.34;7.95;8.11;27382003;446717920.000
08/27/2009;8.18;8.36;7.72;7.76;30230678;480993312.000
08/31/2009;7.52;7.61;6.99;6.99;19583521;283584832.000
09/01/2009;6.75;7.09;6.67;6.73;16540636;227812864.000
09/02/2009;6.72;7.24;6.64;7.01;22067420;307278592.000
09/03/2009;6.94;7.43;6.88;7.36;23043254;333463712.000
09/04/2009;7.59;7.77;7.43;7.67;30928123;470525152.000
09/07/2009;7.70;7.82;7.50;7.55;24936676;381344448.000
09/08/2009;7.46;7.54;7.29;7.46;21074995;312749888.000
09/09/2009;7.50;7.94;7.35;7.82;47659392;738611520.000
09/10/2009;8.00;8.60;7.99;8.60;44319657;373557568.000
09/14/2009;8.89;9.00;8.21;8.43;111651570;944922880.000
09/15/2009;8.40;9.27;8.12;9.27;136672348;1207207424.000
09/16/2009;9.09;9.60;8.90;9.23;131826100;1233892224.000
09/17/2009;9.15;9.34;8.97;9.07;75435925;686676480.000
09/18/2009;9.07;9.19;8.22;8.63;63022057;560455232.000
09/21/2009;8.54;8.95;8.12;8.84;46069403;389879648.000
09/22/2009;8.78;8.80;8.35;8.36;31397359;268940832.000
09/23/2009;8.30;8.48;7.98;8.05;30703582;250826512.000
09/24/2009;8.00;8.25;7.67;8.07;25049885;198962352.000
09/25/2009;8.08;8.48;8.00;8.22;32096072;265667376.000
09/28/2009;8.32;8.38;7.68;7.77;23335824;186533024.000
09/29/2009;7.69;7.76;7.10;7.20;22318935;163170032.000
09/30/2009;7.29;7.46;7.21;7.24;13406698;97941024.000
10/09/2009;7.35;7.78;7.29;7.72;20718891;156941376.000
10/12/2009;7.74;7.89;7.47;7.68;21727259;166431808.000
10/13/2009;7.61;7.80;7.54;7.74;14320179;110236344.000
10/14/2009;7.73;7.87;7.70;7.78;23178543;180720496.000
10/15/2009;7.82;7.87;7.63;7.67;18036883;139311040.000
10/16/2009;7.68;7.72;7.38;7.54;19012579;142853072.000
10/19/2009;7.56;7.79;7.50;7.77;21585623;166048256.000
10/20/2009;7.79;8.15;7.66;8.15;43922966;349102656.000
10/21/2009;8.09;8.11;7.90;7.92;29938176;239251632.000
10/22/2009;7.90;7.90;7.74;7.81;18438124;143958944.000
10/23/2009;7.81;7.95;7.80;7.86;18902472;148964720.000
10/26/2009;7.87;7.92;7.70;7.79;16069425;124838888.000
10/27/2009;7.77;7.77;7.52;7.53;19043730;144951232.000
10/28/2009;7.51;7.58;7.35;7.55;15205752;113436920.000
10/29/2009;7.43;7.45;7.31;7.33;12734005;93915048.000
10/30/2009;7.40;7.54;7.33;7.36;12754351;94544888.000
11/02/2009;7.29;7.48;7.16;7.45;15790825;115677072.000
11/03/2009;7.50;7.74;7.41;7.70;23925918;182438464.000
11/04/2009;7.65;7.72;7.58;7.66;17228661;131656448.000
11/05/2009;7.66;7.77;7.62;7.70;21328025;164136176.000
11/06/2009;7.73;7.97;7.69;7.85;32663889;255657072.000
11/09/2009;7.89;7.93;7.67;7.79;23787165;185448800.000
11/10/2009;7.79;7.85;7.73;7.76;17944189;139411712.000
11/11/2009;7.74;7.84;7.63;7.84;18519879;143005024.000
11/12/2009;7.86;8.60;7.80;8.54;83013856;694637760.000
11/13/2009;8.45;8.55;8.21;8.39;47290177;395326112.000
11/16/2009;8.40;8.85;8.36;8.65;53906356;463029440.000
11/17/2009;8.67;8.79;8.50;8.66;38546150;333280256.000
11/18/2009;8.67;8.75;8.60;8.68;29640279;256378016.000
11/19/2009;8.69;8.75;8.50;8.65;33317851;286909344.000
11/20/2009;8.68;9.09;8.64;8.87;60427745;537395392.000
11/23/2009;8.85;8.93;8.68;8.89;33596548;296581504.000
11/24/2009;8.90;9.07;8.35;8.45;55315497;487377184.000
11/25/2009;8.40;8.74;8.22;8.68;35264206;298608512.000
11/26/2009;8.70;8.74;8.25;8.29;30755165;260152640.000
11/27/2009;8.19;8.36;8.02;8.09;20630872;167711440.000
11/30/2009;8.09;8.44;8.09;8.37;16853164;139063840.000
12/01/2009;8.37;8.50;8.29;8.46;18887222;158702736.000
12/02/2009;8.52;8.70;8.42;8.65;29187983;250036464.000
12/03/2009;8.63;8.75;8.52;8.71;31249663;270637600.000
12/04/2009;8.73;8.88;8.30;8.78;46224141;401991392.000
12/07/2009;9.08;9.28;9.01;9.14;85602783;781624000.000
12/08/2009;9.05;9.10;8.88;8.95;35861374;321427936.000
12/09/2009;8.89;8.89;8.63;8.70;21909492;191783712.000
12/10/2009;8.70;8.84;8.67;8.78;14821207;129401040.000
12/11/2009;8.82;8.85;8.70;8.72;12245789;107050720.000
12/14/2009;8.73;8.76;8.40;8.62;14468914;123643872.000
12/15/2009;8.62;8.66;8.50;8.54;11842903;101360320.000
12/16/2009;8.54;8.65;8.46;8.55;10323048;88343808.000
12/17/2009;8.55;8.60;8.26;8.26;13082960;109415640.000
12/18/2009;8.24;8.24;8.01;8.06;12093115;97905048.000
12/21/2009;8.02;8.21;8.00;8.20;7416862;60236708.000
12/22/2009;8.19;8.21;7.80;7.81;10962934;87585696.000
12/23/2009;7.81;7.93;7.80;7.89;6854184;53836096.000
12/24/2009;7.90;8.14;7.86;8.12;8484070;68344456.000
12/25/2009;8.12;8.15;8.06;8.11;6292128;50971816.000
12/28/2009;8.11;8.31;8.09;8.26;7257610;59678956.000
12/29/2009;8.28;8.28;8.10;8.20;8533684;69690056.000
12/30/2009;8.17;8.30;8.13;8.23;8424509;69362904.000
12/31/2009;8.23;8.30;8.15;8.29;9610423;79139496.000
01/04/2010;8.32;8.36;8.18;8.18;9152276;75320432.000
01/05/2010;8.19;8.23;8.05;8.16;9184481;74553272.000
01/06/2010;8.13;8.25;8.09;8.17;9186023;75173296.000
01/07/2010;8.18;8.18;8.00;8.02;10998531;88775368.000
01/08/2010;8.00;8.07;7.94;8.06;7236478;57911688.000
01/11/2010;8.07;8.15;8.03;8.06;8270694;66738844.000
01/12/2010;8.08;8.65;8.03;8.60;35074170;295949216.000
01/13/2010;8.45;8.60;8.33;8.43;22770461;192820704.000
01/14/2010;8.40;8.65;8.40;8.60;22433811;192268048.000
01/15/2010;8.64;8.68;8.45;8.53;14253783;121623360.000
01/18/2010;8.54;8.79;8.41;8.73;25121223;216642656.000
01/19/2010;8.71;8.72;8.57;8.62;19741404;170393312.000
01/20/2010;8.62;8.70;8.40;8.43;21657301;185401008.000
01/21/2010;8.47;8.55;8.35;8.47;13826091;116919576.000
01/22/2010;8.42;8.45;8.04;8.21;12579069;103949320.000
01/25/2010;8.15;8.21;8.03;8.08;6562961;53237280.000
01/26/2010;8.08;8.15;7.81;7.85;8829892;70249120.000
01/27/2010;7.88;7.91;7.74;7.77;5828951;45563672.000
01/28/2010;7.72;7.83;7.70;7.77;4991133;38731968.000
01/29/2010;7.78;7.87;7.73;7.78;5812606;45362144.000
02/01/2010;7.78;7.80;7.46;7.61;6803050;51612820.000
02/02/2010;7.62;7.90;7.62;7.77;6650347;51657448.000
02/03/2010;7.80;7.87;7.51;7.86;5916194;45782388.000
02/04/2010;7.86;8.09;7.73;7.90;6549714;51773520.000
02/05/2010;7.75;7.90;7.66;7.71;5413987;41974864.000
02/08/2010;7.70;7.90;7.68;7.81;4288218;33609128.000
02/09/2010;7.84;7.94;7.76;7.84;4306170;33778744.000
02/10/2010;7.85;7.93;7.82;7.88;3825526;30069864.000
02/11/2010;7.90;7.90;7.77;7.78;4457252;34829516.000
02/12/2010;7.82;7.85;7.78;7.84;3335178;26077260.000
02/22/2010;7.85;7.89;7.79;7.82;4515696;35380876.000
02/23/2010;7.83;7.84;7.60;7.70;5936873;45577288.000
02/24/2010;7.63;7.85;7.62;7.84;6002726;46381904.000
02/25/2010;7.84;8.01;7.82;7.99;10358458;82308048.000
02/26/2010;7.99;8.08;7.92;8.02;8627973;69192848.000
03/01/2010;8.03;8.06;7.94;8.06;8879007;71216056.000
03/02/2010;8.09;8.12;8.01;8.05;7193086;57912524.000
03/03/2010;8.05;8.10;7.93;8.09;10587894;84906632.000
03/04/2010;8.12;8.90;8.12;8.90;114838848;1016268032.000
03/05/2010;8.80;9.75;8.68;9.50;156885808;1460541696.000
03/08/2010;9.37;9.48;8.96;9.31;65135583;599956992.000
03/09/2010;9.25;9.25;9.04;9.13;36982122;336856288.000
03/10/2010;9.10;9.34;8.99;9.21;39765571;364542112.000
03/11/2010;9.20;9.20;8.80;8.91;31515465;282527296.000
03/12/2010;8.86;8.98;8.60;8.61;27492567;241332992.000
03/15/2010;8.61;8.61;8.35;8.49;21388764;180703344.000
03/16/2010;8.50;8.60;8.41;8.59;16174525;137311280.000
03/17/2010;8.66;9.38;8.61;9.29;57279486;522257376.000
03/18/2010;9.19;9.39;9.01;9.23;36223158;332811232.000
03/19/2010;9.24;9.34;9.06;9.17;22410029;205114912.000
03/22/2010;9.25;9.33;9.15;9.28;27167291;250660912.000
03/23/2010;9.28;9.28;9.28;9.28;0;0.000
