600313 *ST中农 日线
      日期	    开盘	    最高	    最低	    收盘	    成交量	    成交额
01/19/2001;7.76;8.65;7.76;8.63;45417100;621926016.000
02/05/2001;8.56;8.58;7.99;8.04;12945600;175178672.000
02/06/2001;7.97;8.16;7.78;8.03;6405600;84121336.000
02/07/2001;8.02;8.08;7.82;7.97;2960400;38756448.000
02/08/2001;7.93;8.12;7.80;7.85;3066300;40111088.000
02/09/2001;7.89;8.11;7.80;8.06;5697400;74846568.000
02/12/2001;8.07;8.14;7.94;8.11;2069900;27550632.000
02/13/2001;8.18;8.18;7.88;7.94;2105700;27790466.000
02/14/2001;7.93;8.08;7.87;7.96;1964400;25827888.000
02/15/2001;7.96;8.08;7.82;7.88;2004500;26258478.000
02/16/2001;7.84;7.87;7.57;7.75;4474800;56856456.000
02/19/2001;7.74;7.93;7.63;7.86;1839600;23789820.000
02/20/2001;7.86;7.99;7.69;7.72;1814200;23449692.000
02/21/2001;7.45;7.51;7.28;7.33;2569300;31349696.000
02/22/2001;7.33;7.56;7.30;7.42;1584900;19483572.000
02/23/2001;7.42;7.58;7.39;7.57;1189100;14678550.000
02/26/2001;7.57;7.64;7.48;7.62;1383500;17297420.000
02/27/2001;7.62;7.62;7.45;7.55;1118200;13930318.000
02/28/2001;7.56;7.56;7.39;7.48;1801000;22191208.000
03/01/2001;7.47;7.68;7.45;7.64;1508900;18914252.000
03/02/2001;7.68;7.72;7.63;7.69;1729600;21936704.000
03/05/2001;7.70;7.74;7.60;7.63;1116100;14094239.000
03/06/2001;7.63;7.74;7.57;7.74;949300;12025142.000
03/07/2001;7.75;7.93;7.73;7.83;2858100;37119696.000
03/08/2001;7.84;7.93;7.76;7.82;1557500;20201944.000
03/09/2001;7.82;7.90;7.79;7.83;1484300;19229916.000
03/12/2001;7.85;7.99;7.79;7.95;1300200;17017644.000
03/13/2001;7.94;8.09;7.90;7.94;1729200;22798572.000
03/14/2001;7.92;7.99;7.90;7.97;965700;12666490.000
03/15/2001;7.99;7.99;7.91;7.93;1279300;16798796.000
03/16/2001;7.93;7.93;7.82;7.90;1678400;21829432.000
03/19/2001;7.93;8.13;7.88;8.10;2894200;38601932.000
03/20/2001;8.17;8.23;8.10;8.11;2151700;28957570.000
03/21/2001;8.16;8.17;8.04;8.08;1978900;26486256.000
03/22/2001;8.10;8.21;7.99;8.19;2408900;32333152.000
03/23/2001;8.23;8.23;8.02;8.05;2071500;27739660.000
03/26/2001;8.07;8.18;8.07;8.14;1154300;15530081.000
03/27/2001;8.16;8.33;8.15;8.27;1983200;27055408.000
03/28/2001;8.28;8.30;8.19;8.26;1327800;18075004.000
03/29/2001;8.26;8.31;8.11;8.18;1744800;23669976.000
03/30/2001;8.27;8.47;8.16;8.41;3097800;42772064.000
04/02/2001;8.47;8.57;8.42;8.45;3329300;46653956.000
04/03/2001;8.45;8.63;8.40;8.58;3024100;42481536.000
04/04/2001;8.59;8.63;8.30;8.41;2770600;38716120.000
04/05/2001;8.39;8.57;8.33;8.57;1922400;26831884.000
04/06/2001;8.87;8.87;8.58;8.66;4513700;64789984.000
04/09/2001;8.66;8.78;8.59;8.75;1875100;26968884.000
04/10/2001;8.78;8.96;8.68;8.82;2141600;31340160.000
04/11/2001;8.84;8.93;8.72;8.81;2279200;33256710.000
04/12/2001;8.78;8.84;8.66;8.75;2772100;40063328.000
04/13/2001;8.75;9.05;8.72;8.96;3310600;48920888.000
04/16/2001;8.90;9.07;8.90;9.03;2978800;44386588.000
04/17/2001;9.11;9.54;9.08;9.51;9393500;144617616.000
04/18/2001;9.51;10.17;9.45;9.80;11019700;178616464.000
04/19/2001;9.79;10.16;9.74;10.13;8899500;145846400.000
04/20/2001;10.13;11.14;10.13;10.66;15135400;270915424.000
04/23/2001;10.66;11.14;10.42;10.73;10286300;182167840.000
04/24/2001;10.72;10.90;10.49;10.67;3845800;67636512.000
04/25/2001;10.67;10.72;9.75;9.84;8509200;142302432.000
04/26/2001;9.75;10.03;9.51;9.54;5994100;95954232.000
04/27/2001;9.50;9.79;9.48;9.64;3396800;54004980.000
04/30/2001;9.57;9.57;9.21;9.30;4119700;63413736.000
05/08/2001;9.31;9.56;9.31;9.48;1794500;28014938.000
05/09/2001;9.48;9.54;9.24;9.30;1972400;30422692.000
05/10/2001;9.30;9.42;9.20;9.36;1588500;24339920.000
05/11/2001;9.36;9.80;9.25;9.80;2754700;43717156.000
05/14/2001;9.84;10.30;9.83;10.23;5900500;98640896.000
05/15/2001;10.28;10.34;10.05;10.19;3091300;51893396.000
05/16/2001;10.20;10.27;10.05;10.23;2319700;38894116.000
05/17/2001;10.23;10.27;10.05;10.07;1668600;27845308.000
05/18/2001;10.07;10.11;9.83;10.04;2081600;34185060.000
05/21/2001;9.99;10.02;9.84;9.88;2444200;39913236.000
05/22/2001;9.90;10.29;9.90;10.22;3045500;51116772.000
05/23/2001;10.17;10.22;9.82;9.95;1816100;29895458.000
05/24/2001;9.93;10.00;9.82;9.90;1198300;19579114.000
05/25/2001;9.90;9.96;9.74;9.81;1055700;17138246.000
05/29/2001;9.81;9.84;9.48;9.53;1199000;19057322.000
05/30/2001;9.51;9.75;9.48;9.73;1246100;19763620.000
05/31/2001;9.75;10.10;9.75;9.93;1503000;24745880.000
06/01/2001;9.93;10.02;9.78;9.81;952600;15466266.000
06/04/2001;9.81;9.90;9.57;9.87;1180400;18932944.000
06/05/2001;9.88;10.14;9.88;10.11;2344400;38988304.000
06/06/2001;10.16;10.20;10.04;10.14;1371300;22876428.000
06/07/2001;10.16;10.20;9.94;9.94;999100;16578691.000
06/08/2001;9.88;9.90;9.68;9.82;934000;15097993.000
06/11/2001;9.81;10.11;9.77;9.94;863100;14139929.000
06/12/2001;9.97;10.23;9.97;10.23;2591700;43443988.000
06/13/2001;10.33;10.71;10.32;10.65;6252200;109280912.000
06/14/2001;10.69;10.77;10.17;10.20;4113500;71115720.000
06/15/2001;10.11;10.54;10.10;10.53;2601800;44461496.000
06/18/2001;10.53;10.59;10.16;10.21;1997300;34011044.000
06/19/2001;10.21;10.47;10.05;10.28;1427800;24210936.000
06/20/2001;10.28;10.34;10.05;10.10;674200;11317398.000
06/21/2001;10.11;10.30;10.11;10.25;760700;12803882.000
06/22/2001;10.27;10.34;10.17;10.33;1042400;17677414.000
06/25/2001;10.51;10.90;10.48;10.80;5941700;105253912.000
06/26/2001;10.82;10.86;10.60;10.72;2157600;38238184.000
06/27/2001;10.72;10.78;10.54;10.71;1604800;28215496.000
06/28/2001;10.66;10.70;10.48;10.50;1544100;26939840.000
06/29/2001;10.48;10.60;10.43;10.51;994900;17252236.000
07/02/2001;10.54;10.77;10.51;10.63;970700;17050872.000
07/03/2001;10.45;10.67;10.39;10.52;719200;12460201.000
07/04/2001;10.54;10.57;10.39;10.40;605600;10451375.000
07/05/2001;10.40;10.42;10.11;10.15;1453900;24516334.000
07/06/2001;10.09;10.16;9.94;9.99;1105100;18308988.000
07/09/2001;9.90;10.10;9.88;9.99;469300;7736946.000
07/10/2001;9.99;10.22;9.99;10.22;372500;6246239.000
07/11/2001;10.22;10.23;9.92;9.93;702800;11623983.000
07/12/2001;9.87;9.95;9.80;9.88;706400;11492190.000
07/13/2001;9.88;10.00;9.82;9.82;362800;5929010.000
07/16/2001;9.93;10.11;9.60;9.65;1032800;16735788.000
07/17/2001;9.63;9.69;9.40;9.63;843400;13227606.000
07/18/2001;9.57;9.65;9.49;9.58;373800;5900768.000
07/19/2001;9.63;9.90;9.52;9.90;478100;7635399.000
07/20/2001;10.10;10.10;9.87;9.97;669300;11014216.000
07/23/2001;9.99;10.02;9.80;9.81;761600;12362666.000
07/24/2001;9.80;9.80;9.57;9.63;857000;13623917.000
07/25/2001;9.27;9.39;8.99;9.03;2166700;32813028.000
07/26/2001;8.84;9.17;8.78;9.10;1415500;20861978.000
07/27/2001;9.10;9.14;8.91;8.95;543800;8099112.000
07/30/2001;8.95;8.95;8.07;8.11;1368500;18760070.000
07/31/2001;8.05;8.34;7.95;8.11;742500;9955201.000
08/01/2001;8.11;8.48;8.11;8.44;889400;12157988.000
08/02/2001;8.44;8.45;7.75;8.15;1107200;14679390.000
08/03/2001;8.11;8.28;8.11;8.25;509500;6918648.000
08/06/2001;8.23;8.23;7.81;7.94;606800;7982114.000
08/07/2001;7.93;8.17;7.86;8.07;783800;10301015.000
08/08/2001;8.05;8.17;7.98;8.07;346000;4605751.000
08/09/2001;8.07;8.23;8.07;8.22;490000;6636207.000
08/10/2001;8.24;8.66;8.24;8.49;1668000;23418640.000
08/13/2001;8.41;8.59;8.30;8.45;533600;7485537.000
08/14/2001;8.47;8.48;8.17;8.24;841400;11564925.000
08/15/2001;8.17;8.31;8.08;8.27;341600;4644266.000
08/16/2001;8.23;8.23;8.09;8.09;694200;9322401.000
08/17/2001;8.05;8.14;7.99;8.10;298300;3981850.000
08/20/2001;8.09;8.19;8.00;8.16;214000;2857028.000
08/21/2001;8.11;8.28;8.11;8.22;213700;2906851.000
08/22/2001;8.14;8.14;7.84;7.96;1226800;16065384.000
08/23/2001;7.87;7.93;7.80;7.91;810800;10540747.000
08/24/2001;7.89;7.99;7.80;7.80;476500;6199460.000
08/27/2001;7.69;7.69;7.33;7.34;920900;11409520.000
08/28/2001;7.27;7.56;7.22;7.54;622800;7517024.000
08/29/2001;7.63;7.80;7.51;7.51;347300;4377655.000
08/30/2001;7.45;7.60;7.40;7.43;193400;2395736.000
08/31/2001;7.43;7.56;7.43;7.45;196800;2423801.000
09/03/2001;7.45;7.47;7.39;7.41;163000;1998573.000
09/04/2001;7.40;7.63;7.39;7.62;328400;4094704.000
09/05/2001;7.69;7.82;7.57;7.65;508200;6481529.000
09/06/2001;7.64;7.68;7.48;7.62;235300;2958214.000
09/07/2001;7.54;7.60;7.35;7.35;365100;4486751.000
09/10/2001;7.23;7.59;7.19;7.56;404200;4977889.000
09/11/2001;7.63;7.79;7.58;7.61;257500;3246312.000
09/12/2001;7.56;7.57;7.28;7.45;573500;7048446.000
09/13/2001;7.54;7.63;7.45;7.54;276957;3451374.000
09/14/2001;7.54;7.54;7.38;7.38;325072;3985014.000
09/17/2001;7.33;7.36;7.21;7.22;392911;4718535.000
09/18/2001;7.20;7.49;7.20;7.29;246663;2964669.000
09/19/2001;7.33;7.42;7.20;7.42;266024;3210514.000
09/20/2001;7.48;7.50;7.37;7.39;305093;3747392.000
09/21/2001;7.36;7.36;7.27;7.28;239622;2885847.000
09/24/2001;7.28;7.28;7.20;7.22;199390;2380232.000
09/25/2001;7.23;7.31;7.23;7.25;168830;2023941.000
09/26/2001;7.27;7.27;7.08;7.19;233480;2760798.000
09/27/2001;7.11;7.20;7.05;7.12;264380;3118581.000
09/28/2001;7.14;7.14;6.40;6.40;2130384;22875488.000
10/09/2001;6.07;6.39;5.93;6.26;1485492;15113589.000
10/10/2001;6.22;6.22;5.93;6.00;780986;7799977.000
10/11/2001;6.01;6.14;5.82;6.03;767180;7608059.000
10/12/2001;6.06;6.53;5.90;6.39;1560684;16223158.000
10/15/2001;6.39;6.45;6.19;6.34;834880;8732718.000
10/16/2001;6.30;6.39;5.95;6.05;770233;7752842.000
10/17/2001;5.93;6.11;5.83;5.94;812710;7978085.000
10/18/2001;5.89;5.99;5.64;5.66;631843;6065048.000
10/19/2001;5.63;5.63;5.30;5.43;1075361;9711498.000
10/22/2001;5.39;5.71;5.34;5.44;838002;7632422.000
10/23/2001;5.99;5.99;5.82;5.99;1517074;14962957.000
10/24/2001;6.34;6.59;6.17;6.44;4461678;47224728.000
10/25/2001;6.34;6.43;6.10;6.22;1472362;15214471.000
10/26/2001;6.10;6.28;6.03;6.19;971666;9844516.000
10/29/2001;6.19;6.34;6.17;6.33;777371;8054950.000
10/30/2001;6.31;6.31;6.14;6.15;452200;4646301.000
10/31/2001;6.11;6.25;6.08;6.25;261371;2650982.000
11/01/2001;6.21;6.47;6.21;6.37;862738;9095093.000
11/02/2001;6.34;6.48;6.31;6.42;897099;9481715.000
11/05/2001;6.39;6.40;6.27;6.28;340253;3546488.000
11/06/2001;6.30;6.33;6.23;6.24;223900;2322357.000
11/07/2001;6.22;6.22;5.73;5.74;871200;8566604.000
11/08/2001;5.66;5.84;5.57;5.79;540803;5094664.000
11/09/2001;5.75;5.91;5.65;5.87;369441;3525198.000
11/12/2001;5.87;5.89;5.75;5.76;253880;2432872.000
11/13/2001;5.69;5.75;5.63;5.72;261100;2450196.000
11/14/2001;5.72;5.75;5.66;5.68;146500;1380706.000
11/15/2001;5.73;5.73;5.65;5.70;127700;1201249.000
11/16/2001;6.27;6.27;5.85;5.85;1402600;14020162.000
11/19/2001;5.85;6.12;5.83;6.11;541700;5378344.000
11/20/2001;6.11;6.44;6.11;6.40;2183800;22849506.000
11/21/2001;6.40;6.43;6.29;6.38;1091400;11506852.000
11/22/2001;6.37;6.54;6.36;6.51;927300;9872791.000
11/23/2001;6.44;6.56;6.36;6.47;858400;9159997.000
11/26/2001;6.39;6.50;6.34;6.41;611900;6488711.000
11/27/2001;6.42;6.48;6.39;6.48;382200;4066851.000
11/28/2001;6.53;6.65;6.47;6.59;1190500;12907195.000
11/29/2001;6.59;6.82;6.53;6.76;1676000;18529764.000
11/30/2001;6.76;6.81;6.67;6.80;1106900;12341664.000
12/03/2001;6.86;6.90;6.77;6.80;1718900;19395880.000
12/04/2001;6.74;6.83;6.60;6.83;1701400;18904366.000
12/05/2001;6.72;6.80;6.57;6.57;1966300;21714690.000
12/06/2001;6.54;6.71;6.48;6.67;702200;7689449.000
12/07/2001;6.73;6.74;6.62;6.66;330700;3639462.000
12/10/2001;6.60;6.66;6.47;6.59;501300;5407144.000
12/11/2001;6.57;6.59;6.40;6.47;449700;4834956.000
12/12/2001;6.42;6.50;6.39;6.41;495900;5264587.000
12/13/2001;6.42;6.51;6.37;6.43;588000;6238857.000
12/14/2001;6.42;6.42;6.19;6.22;478500;4976785.000
12/17/2001;6.22;6.27;6.07;6.07;401800;4079640.000
12/19/2001;6.22;6.33;6.11;6.21;965589;9939365.000
12/20/2001;6.14;6.14;5.92;5.96;672585;6657259.000
12/21/2001;5.90;6.05;5.87;6.01;418121;4130744.000
12/25/2001;5.99;5.99;5.88;5.95;440249;4331419.000
12/26/2001;5.94;6.10;5.90;6.09;333760;3315198.000
12/27/2001;6.07;6.13;6.02;6.09;684794;6867092.000
12/28/2001;6.06;6.22;6.06;6.20;703209;7138846.000
12/31/2001;6.28;6.34;6.20;6.30;897574;9310814.000
01/04/2002;6.30;6.30;6.02;6.07;499253;5025659.000
01/07/2002;5.99;6.08;5.90;6.05;325660;3202614.000
01/08/2002;6.02;6.10;5.93;6.00;200510;1988919.000
01/09/2002;5.93;5.99;5.80;5.89;440370;4286387.000
01/10/2002;5.85;5.96;5.57;5.93;610359;5786579.000
01/11/2002;5.92;5.92;5.64;5.68;302730;2874308.000
01/14/2002;5.45;5.63;5.45;5.54;515385;4695484.000
01/15/2002;5.50;5.60;5.33;5.33;431516;3895434.000
01/16/2002;5.56;5.56;5.15;5.46;745486;6625082.000
01/17/2002;5.44;5.47;5.08;5.15;529829;4596001.000
01/18/2002;5.02;5.19;4.87;5.03;839554;6986517.000
01/21/2002;5.03;5.09;4.53;4.53;1205873;9472341.000
01/22/2002;4.40;4.53;4.07;4.11;1994605;13848449.000
01/23/2002;4.10;4.48;3.74;4.48;2029687;13703983.000
01/24/2002;4.30;4.70;4.20;4.54;2387589;17802654.000
01/25/2002;4.42;4.65;4.36;4.53;1013203;7600858.000
01/28/2002;4.48;4.56;4.07;4.08;1383000;9753828.000
01/29/2002;3.93;4.31;3.88;4.25;1092725;7543369.000
01/30/2002;4.27;4.60;4.23;4.50;1692225;12529007.000
01/31/2002;4.59;4.95;4.55;4.95;3011622;23967188.000
02/01/2002;4.95;5.07;4.87;4.96;2247798;18512064.000
02/04/2002;4.90;5.13;4.87;5.07;905893;7501347.000
02/05/2002;5.07;5.13;4.97;5.05;908469;7578126.000
02/06/2002;4.99;5.05;4.80;4.81;1068279;8659402.000
02/07/2002;4.78;5.07;4.77;5.03;1025841;8481893.000
02/08/2002;5.03;5.13;4.96;4.97;793523;6626781.000
02/25/2002;5.08;5.13;4.96;5.03;759100;6334871.000
02/26/2002;5.01;5.11;4.93;5.11;527764;4388101.000
02/27/2002;5.13;5.33;5.11;5.27;1583010;13756400.000
02/28/2002;5.27;5.29;5.17;5.20;825202;7120402.000
03/01/2002;5.17;5.17;5.06;5.08;897841;7565677.000
03/04/2002;5.05;5.20;5.02;5.19;590807;4990293.000
03/05/2002;5.25;5.42;5.25;5.34;1530497;13504302.000
03/06/2002;5.35;5.54;5.32;5.33;1823010;16338775.000
03/07/2002;5.33;5.60;5.32;5.59;1510883;13672031.000
03/08/2002;5.62;5.72;5.51;5.69;2282380;21184384.000
03/11/2002;5.69;5.94;5.65;5.93;2015026;19250548.000
03/12/2002;5.92;5.96;5.75;5.75;1642402;15834347.000
03/13/2002;5.69;5.80;5.51;5.52;1254970;11756637.000
03/14/2002;5.51;5.80;5.51;5.79;929290;8623679.000
03/15/2002;5.87;5.91;5.51;5.51;1123468;10598773.000
03/18/2002;5.75;5.81;5.57;5.65;1536015;14489797.000
03/19/2002;5.70;6.22;5.63;6.14;4108251;40943052.000
03/20/2002;6.17;6.42;6.11;6.29;5585962;57771168.000
03/21/2002;6.25;6.31;6.14;6.19;1659456;16981056.000
03/22/2002;6.17;6.23;6.10;6.22;1152390;11718163.000
03/25/2002;6.14;6.26;6.14;6.22;630319;6460188.000
03/26/2002;6.20;6.22;5.97;6.00;1221350;12200194.000
03/27/2002;5.93;6.04;5.85;6.00;821598;8070626.000
03/28/2002;5.98;6.05;5.90;5.94;581096;5754023.000
03/29/2002;5.87;5.97;5.62;5.70;1132627;10850581.000
04/01/2002;5.67;5.75;5.57;5.68;566234;5289591.000
04/02/2002;5.69;5.73;5.40;5.45;895409;8170356.000
04/03/2002;5.47;5.59;5.47;5.52;637001;5807570.000
04/04/2002;5.51;5.80;5.50;5.79;744828;6968054.000
04/05/2002;5.82;5.87;5.72;5.75;722837;6914241.000
04/08/2002;5.76;5.76;5.66;5.69;330623;3118452.000
04/09/2002;5.69;5.97;5.69;5.91;975126;9493968.000
04/10/2002;5.98;6.14;5.95;6.10;1208987;12039481.000
04/11/2002;6.11;6.15;5.86;5.87;824846;8167139.000
04/12/2002;5.90;6.05;5.86;5.90;524900;5140820.000
04/17/2002;5.84;5.96;5.76;5.82;707479;6823776.000
04/18/2002;5.83;5.87;5.68;5.68;512000;4882739.000
04/19/2002;5.68;5.77;5.57;5.72;617712;5763798.000
04/22/2002;5.73;5.73;5.63;5.66;317190;2975722.000
04/23/2002;5.63;5.74;5.63;5.70;202309;1905311.000
04/24/2002;5.72;5.78;5.69;5.72;294587;2794028.000
04/25/2002;5.72;5.77;5.64;5.69;244276;2296796.000
04/26/2002;5.72;5.86;5.71;5.84;420271;4033861.000
04/29/2002;5.87;5.99;5.81;5.99;629590;6152952.000
04/30/2002;5.99;6.05;5.92;6.00;988111;9790617.000
05/08/2002;5.87;5.99;5.82;5.83;299960;2918621.000
05/09/2002;5.82;5.90;5.79;5.82;352020;3397633.000
05/10/2002;5.82;5.89;5.81;5.84;347500;3354270.000
05/13/2002;5.82;5.82;5.67;5.67;381420;3594092.000
05/14/2002;5.65;5.77;5.62;5.67;336919;3156267.000
05/17/2002;5.39;5.49;5.20;5.37;1109361;9784962.000
05/20/2002;5.36;5.37;5.13;5.19;511416;4371492.000
05/21/2002;5.43;5.50;5.30;5.44;664596;5938364.000
05/22/2002;5.44;5.47;5.25;5.25;458000;4037174.000
05/23/2002;5.31;5.40;5.20;5.28;595888;5191967.000
05/24/2002;5.26;5.26;5.16;5.17;332861;2853821.000
05/27/2002;5.20;5.25;5.14;5.24;205902;1767217.000
05/28/2002;5.27;5.31;5.20;5.26;236200;2060004.000
05/29/2002;5.26;5.26;5.02;5.06;372725;3144663.000
05/30/2002;5.03;5.08;4.84;4.97;488825;3995178.000
05/31/2002;4.96;5.03;4.93;4.94;292245;2402999.000
06/03/2002;4.92;4.92;4.75;4.78;361355;2868826.000
06/04/2002;4.81;4.84;4.71;4.81;414683;3286185.000
06/05/2002;4.81;4.81;4.63;4.65;310336;2400637.000
06/06/2002;4.63;5.07;4.61;4.96;656285;5269067.000
06/07/2002;4.99;5.16;4.90;5.11;1043800;8770611.000
06/10/2002;5.13;5.13;4.96;4.99;306104;2536085.000
06/11/2002;5.01;5.14;4.97;5.08;262960;2208624.000
06/12/2002;5.08;5.08;4.97;5.04;231526;1921488.000
06/13/2002;5.03;5.08;4.98;4.99;177814;1472375.000
06/14/2002;4.96;4.98;4.85;4.87;205700;1670178.000
06/17/2002;4.83;4.94;4.82;4.91;183535;1481778.000
06/18/2002;4.91;5.12;4.91;5.07;540671;4495283.000
06/19/2002;5.08;5.08;5.00;5.00;182979;1517245.000
06/20/2002;5.13;5.13;5.02;5.04;237959;1992910.000
06/21/2002;5.07;5.33;5.05;5.33;1223391;10606080.000
06/24/2002;5.87;5.87;5.70;5.87;3758685;36200024.000
06/25/2002;5.97;6.42;5.97;6.07;5130819;52517912.000
06/26/2002;6.00;6.55;5.94;6.55;6069578;63678108.000
06/27/2002;6.61;6.66;6.44;6.65;6019034;65273712.000
06/28/2002;6.55;6.85;6.42;6.55;4906536;53520248.000
07/01/2002;6.57;6.61;6.33;6.35;2058706;21796936.000
07/02/2002;6.30;6.50;6.30;6.48;1124884;11955175.000
07/03/2002;6.45;6.52;6.41;6.48;901855;9620515.000
07/04/2002;6.49;6.50;6.25;6.30;1417614;14877753.000
07/05/2002;6.29;6.41;6.27;6.36;624930;6521460.000
07/08/2002;6.39;6.47;6.32;6.45;695844;7355918.000
07/09/2002;6.48;6.48;6.30;6.35;605795;6360156.000
07/10/2002;6.30;6.33;6.24;6.28;891107;9228334.000
07/11/2002;6.24;6.38;6.24;6.31;639610;6664804.000
07/12/2002;6.33;6.36;6.26;6.29;277739;2890330.000
07/15/2002;6.24;6.27;6.13;6.14;559261;5692013.000
07/16/2002;6.06;6.19;6.06;6.08;536640;5409530.000
07/17/2002;6.08;6.22;6.06;6.21;350354;3531342.000
07/18/2002;6.06;6.18;6.06;6.08;1057446;10635626.000
07/19/2002;6.08;6.24;6.08;6.21;558663;5684747.000
07/22/2002;6.18;6.21;6.08;6.11;459300;4642654.000
07/23/2002;6.11;6.15;5.95;5.99;566000;5647939.000
07/24/2002;6.00;6.05;5.88;5.98;756217;7381885.000
07/25/2002;5.99;5.99;5.91;5.92;305326;2994310.000
07/26/2002;5.92;5.97;5.91;5.92;192243;1881088.000
07/29/2002;5.84;5.92;5.84;5.92;208710;2020737.000
07/30/2002;5.93;6.00;5.88;5.96;195706;1915929.000
07/31/2002;5.99;5.99;5.84;5.85;195500;1906143.000
08/01/2002;5.83;5.88;5.76;5.83;234707;2248884.000
08/02/2002;5.81;5.88;5.81;5.86;170578;1646838.000
08/05/2002;5.85;5.94;5.85;5.93;132973;1291742.000
08/06/2002;5.89;6.10;5.89;6.04;548801;5471574.000
08/07/2002;6.04;6.04;5.99;6.01;111019;1101108.000
08/08/2002;5.99;6.08;5.94;5.95;271929;2699573.000
08/09/2002;5.94;5.94;5.88;5.91;194550;1894882.000
08/12/2002;5.85;5.91;5.85;5.85;124700;1209591.000
08/13/2002;5.85;5.93;5.85;5.89;108031;1050781.000
08/14/2002;5.91;6.00;5.90;6.00;133000;1307761.000
08/15/2002;6.00;6.00;5.92;5.93;117000;1146609.000
08/16/2002;5.93;6.05;5.88;5.98;189400;1864871.000
08/19/2002;5.99;5.99;5.76;5.82;195306;1891037.000
08/20/2002;5.82;5.94;5.82;5.90;485451;4718644.000
08/21/2002;5.91;5.98;5.87;5.90;209523;2045406.000
08/22/2002;5.91;6.04;5.88;6.01;484764;4766711.000
08/23/2002;6.01;6.05;5.97;5.99;238392;2363661.000
08/26/2002;5.91;5.98;5.88;5.89;186372;1816195.000
08/27/2002;5.90;5.98;5.88;5.94;246850;2421137.000
08/28/2002;5.99;6.11;5.97;6.08;771377;7712414.000
08/29/2002;6.08;6.16;6.06;6.08;639100;6433490.000
08/30/2002;6.06;6.09;6.05;6.05;196510;1965945.000
09/02/2002;6.05;6.18;6.05;6.18;558614;5664058.000
09/03/2002;6.18;6.23;6.14;6.15;631980;6462024.000
09/04/2002;6.15;6.18;6.07;6.10;272029;2752825.000
09/05/2002;6.06;6.08;5.89;5.93;549290;5421624.000
09/06/2002;5.88;5.94;5.85;5.87;263800;2560428.000
09/09/2002;5.85;5.87;5.78;5.79;235963;2265919.000
09/10/2002;5.79;5.85;5.75;5.81;283790;2710313.000
09/11/2002;5.81;5.85;5.71;5.79;199734;1897406.000
09/12/2002;5.79;5.84;5.75;5.79;116847;1118784.000
09/13/2002;5.78;5.82;5.76;5.80;113237;1080657.000
09/16/2002;5.77;5.77;5.61;5.64;347334;3233863.000
09/17/2002;5.64;5.71;5.55;5.59;159720;1474452.000
09/18/2002;5.61;5.61;5.36;5.38;427769;3841146.000
09/19/2002;5.33;5.55;5.33;5.53;785480;7071092.000
09/20/2002;5.53;5.53;5.41;5.49;373259;3376002.000
09/23/2002;5.48;5.51;5.46;5.46;113300;1023700.000
09/24/2002;5.45;5.48;5.41;5.46;139472;1252944.000
09/25/2002;5.44;5.53;5.44;5.50;119987;1090333.000
09/26/2002;5.49;5.55;5.44;5.45;124200;1124571.000
09/27/2002;5.46;5.48;5.40;5.41;125370;1125446.000
10/08/2002;5.31;5.39;5.21;5.33;132625;1160812.000
10/09/2002;5.30;5.37;5.27;5.33;182001;1597391.000
10/10/2002;5.33;5.43;5.31;5.32;102200;900508.000
10/11/2002;5.39;5.39;5.21;5.21;106900;934398.000
10/14/2002;5.18;5.32;5.10;5.24;192495;1643272.000
10/15/2002;5.21;5.27;5.21;5.22;73304;633701.000
10/16/2002;5.21;5.36;5.21;5.25;153850;1341944.000
10/17/2002;5.25;5.25;5.12;5.20;187000;1594853.000
10/18/2002;5.20;5.23;5.07;5.18;138785;1181389.000
10/21/2002;5.16;5.18;5.09;5.16;179950;1523512.000
10/22/2002;5.24;5.33;5.16;5.27;405907;3508552.000
10/23/2002;5.30;5.30;5.19;5.24;221090;1908116.000
10/24/2002;5.28;5.28;5.07;5.19;591550;5012315.000
10/25/2002;5.15;5.16;5.02;5.02;460045;3839018.000
10/28/2002;4.99;5.02;4.94;4.95;398885;3270924.000
10/29/2002;4.94;4.95;4.85;4.94;242284;1953133.000
10/30/2002;4.95;4.95;4.88;4.91;121270;981542.000
10/31/2002;4.94;4.99;4.91;4.92;111050;905839.000
11/01/2002;4.93;4.93;4.85;4.88;137250;1103102.000
11/04/2002;4.94;5.03;4.94;5.02;192112;1575573.000
11/05/2002;5.03;5.20;5.03;5.15;465497;3950027.000
11/06/2002;5.16;5.19;5.12;5.17;265250;2258533.000
11/07/2002;5.18;5.18;5.09;5.10;136222;1150414.000
11/08/2002;5.15;5.18;4.92;4.92;275854;2280988.000
11/11/2002;4.91;4.94;4.85;4.86;169311;1363838.000
11/12/2002;4.85;4.90;4.65;4.67;341572;2662593.000
11/13/2002;4.68;4.73;4.58;4.70;274862;2105676.000
11/14/2002;4.67;4.67;4.49;4.50;205500;1560727.000
11/15/2002;4.48;4.64;4.45;4.51;254022;1904845.000
11/18/2002;4.59;4.59;4.50;4.55;119188;890168.000
11/19/2002;4.53;4.63;4.42;4.57;173820;1296264.000
11/20/2002;4.55;4.55;4.42;4.42;134300;987901.000
11/21/2002;4.42;4.42;4.16;4.21;531925;3723289.000
11/22/2002;4.24;4.32;4.15;4.24;311850;2188435.000
11/25/2002;4.23;4.28;4.13;4.22;130410;906424.000
11/26/2002;4.24;4.30;4.09;4.12;175800;1217792.000
11/27/2002;4.07;4.18;4.04;4.13;238095;1605817.000
11/28/2002;3.99;4.35;3.85;4.26;2881900;18980672.000
11/29/2002;4.18;4.52;4.08;4.47;4013177;28448376.000
12/02/2002;4.41;4.41;4.18;4.19;2088894;14760951.000
12/03/2002;4.15;4.24;4.13;4.23;881000;6099074.000
12/04/2002;4.28;4.39;4.19;4.29;1381320;9849543.000
12/05/2002;4.27;4.32;4.19;4.28;528349;3699960.000
12/06/2002;4.29;4.29;4.15;4.15;670057;4646719.000
12/09/2002;4.15;4.21;4.12;4.15;372581;2561017.000
12/10/2002;4.15;4.20;3.98;3.98;533000;3573519.000
12/11/2002;3.98;4.05;3.94;4.05;566400;3729301.000
12/13/2002;4.03;4.28;3.85;4.24;1010726;6869620.000
12/16/2002;4.25;4.38;4.19;4.28;964121;6832943.000
12/17/2002;4.27;4.35;4.24;4.32;646320;4586000.000
12/18/2002;4.27;4.44;4.27;4.30;847190;6079533.000
12/19/2002;4.27;4.33;4.21;4.29;486330;3423039.000
12/20/2002;4.30;4.43;4.27;4.39;937561;6758035.000
12/23/2002;4.42;4.45;4.35;4.37;677118;4918475.000
12/24/2002;4.34;4.35;4.27;4.35;449600;3198557.000
12/25/2002;4.36;4.39;4.32;4.32;473639;3399811.000
12/26/2002;4.31;4.31;4.06;4.07;853000;5886290.000
12/27/2002;4.05;4.15;3.99;4.07;563437;3787817.000
12/30/2002;4.06;4.07;3.96;4.00;441800;2920921.000
12/31/2002;4.00;4.07;3.85;3.85;428226;2798259.000
01/02/2003;3.85;3.88;3.64;3.76;758255;4719029.000
01/03/2003;3.74;3.86;3.74;3.79;440060;2752041.000
01/06/2003;3.82;3.99;3.77;3.95;518895;3331922.000
01/07/2003;3.95;4.00;3.85;3.90;481720;3136282.000
01/08/2003;3.90;4.05;3.88;4.05;552226;3620082.000
01/09/2003;4.05;4.22;4.01;4.17;1385508;9477050.000
01/10/2003;4.18;4.28;4.09;4.12;1005230;6943065.000
01/13/2003;4.10;4.18;4.08;4.15;483739;3290796.000
01/14/2003;4.11;4.41;4.09;4.36;1652075;11736314.000
01/15/2003;4.36;4.42;4.25;4.27;1097252;7853806.000
01/16/2003;4.28;4.41;4.26;4.39;1278160;9145180.000
01/17/2003;4.39;4.45;4.34;4.36;914090;6617711.000
01/20/2003;4.19;4.33;4.19;4.31;699067;4945533.000
01/21/2003;4.30;4.32;4.18;4.18;746400;5232592.000
01/22/2003;4.16;4.28;4.14;4.27;557360;3873834.000
01/23/2003;4.27;4.30;4.19;4.19;438600;3072761.000
01/24/2003;4.19;4.30;4.18;4.25;497199;3487214.000
01/27/2003;4.28;4.48;4.28;4.47;1895227;13834328.000
01/28/2003;4.47;4.57;4.39;4.56;1847688;13778102.000
01/29/2003;4.58;4.58;4.45;4.48;1114900;8299327.000
02/10/2003;4.48;4.48;4.36;4.37;530300;3856857.000
02/11/2003;4.34;4.45;4.34;4.42;397484;2896896.000
02/12/2003;4.45;4.57;4.42;4.56;813930;6056178.000
02/13/2003;4.58;4.59;4.50;4.50;883166;6623613.000
02/14/2003;4.48;4.54;4.45;4.52;609737;4520829.000
02/17/2003;4.55;4.65;4.52;4.55;997663;7516454.000
02/18/2003;4.53;4.54;4.45;4.50;513277;3798008.000
02/19/2003;4.49;4.53;4.44;4.53;446465;3302866.000
02/20/2003;4.58;4.58;4.50;4.50;459700;3438142.000
02/21/2003;4.49;4.49;4.35;4.36;705600;5131237.000
02/24/2003;4.36;4.39;4.35;4.35;394860;2848451.000
02/25/2003;4.34;4.49;4.34;4.49;452558;3316763.000
02/26/2003;4.48;4.50;4.44;4.48;363397;2673111.000
02/27/2003;4.47;4.52;4.41;4.45;390810;2877439.000
02/28/2003;4.45;4.48;4.39;4.42;287487;2094212.000
03/03/2003;4.42;4.50;4.41;4.50;396757;2914001.000
03/04/2003;4.50;4.52;4.45;4.47;274800;2028629.000
03/05/2003;4.46;4.46;4.37;4.42;351206;2550217.000
03/06/2003;4.41;4.41;4.30;4.30;534200;3827164.000
03/07/2003;4.30;4.34;4.26;4.27;562761;3979512.000
03/10/2003;4.27;4.33;4.15;4.15;458900;3185176.000
03/11/2003;4.14;4.18;4.12;4.15;309400;2118864.000
03/12/2003;4.15;4.18;4.08;4.14;293100;1995252.000
03/13/2003;4.16;4.18;4.11;4.12;178585;1221072.000
03/14/2003;4.13;4.16;4.11;4.12;296331;2017914.000
03/17/2003;4.12;4.12;4.04;4.10;308032;2064556.000
03/18/2003;4.13;4.16;4.04;4.04;248881;1687641.000
03/19/2003;4.04;4.11;3.99;4.07;289803;1930585.000
03/20/2003;4.07;4.09;3.99;4.02;176305;1174033.000
03/21/2003;4.01;4.09;3.99;4.08;114856;769891.000
03/24/2003;4.08;4.10;4.05;4.08;182962;1227873.000
03/25/2003;4.08;4.08;4.00;4.06;210400;1396875.000
03/26/2003;4.05;4.05;3.98;3.99;177576;1171265.000
03/27/2003;3.98;4.18;3.91;4.14;830226;5490802.000
03/28/2003;4.13;4.14;4.05;4.08;616568;4169082.000
03/31/2003;4.08;4.12;4.04;4.12;306926;2067568.000
04/01/2003;4.08;4.16;4.07;4.16;522792;3551359.000
04/02/2003;4.17;4.18;4.10;4.13;425380;2894245.000
04/03/2003;4.12;4.13;4.05;4.06;221700;1499769.000
04/04/2003;4.05;4.07;4.01;4.04;289132;1928750.000
04/07/2003;4.04;4.04;3.98;3.99;392726;2601034.000
04/08/2003;3.99;4.01;3.89;3.91;698960;4535699.000
04/09/2003;3.91;3.91;3.81;3.87;972797;6173039.000
04/10/2003;3.87;3.93;3.82;3.91;877615;5587024.000
04/11/2003;3.91;3.96;3.83;3.88;968326;6205705.000
04/14/2003;3.88;4.13;3.85;4.13;1803579;11987289.000
04/15/2003;4.21;4.22;4.10;4.15;1304148;8917710.000
04/16/2003;4.01;4.09;3.76;3.83;3378823;21564446.000
04/17/2003;3.82;3.82;3.70;3.81;2178503;13523908.000
04/18/2003;3.79;3.88;3.75;3.86;1350065;8465549.000
04/21/2003;3.83;3.85;3.73;3.75;879423;5486576.000
04/23/2003;3.57;3.65;3.56;3.56;2790761;16478265.000
04/24/2003;3.47;3.53;3.39;3.41;1705060;9738245.000
04/25/2003;3.40;3.53;3.39;3.45;1066324;6105514.000
04/28/2003;3.42;3.45;3.28;3.39;1319930;7298461.000
04/29/2003;3.33;3.48;3.33;3.38;1123014;6335423.000
04/30/2003;3.34;3.45;3.27;3.34;967800;5343683.000
05/12/2003;3.33;3.33;3.17;3.17;1138720;5978753.000
05/13/2003;3.13;3.13;3.01;3.05;2032846;10255368.000
05/14/2003;3.03;3.18;3.03;3.15;1599937;8273439.000
05/15/2003;3.12;3.20;3.07;3.19;1659965;8584213.000
05/16/2003;3.18;3.24;3.10;3.21;1165334;6137388.000
05/19/2003;3.18;3.35;3.16;3.27;1597008;8635825.000
05/20/2003;3.25;3.33;3.25;3.29;1328718;7226209.000
05/21/2003;3.29;3.32;3.25;3.32;832978;4508376.000
05/22/2003;3.31;3.38;3.30;3.33;1336943;7384347.000
05/23/2003;3.33;3.42;3.28;3.39;1924568;10744929.000
05/26/2003;3.47;3.56;3.46;3.56;986474;5784603.000
05/27/2003;3.61;3.73;3.53;3.59;5156747;30745716.000
05/28/2003;3.54;3.77;3.52;3.70;3840473;23374822.000
05/29/2003;3.66;3.75;3.53;3.56;2650407;15779261.000
05/30/2003;3.55;3.65;3.55;3.59;1318564;7843670.000
06/02/2003;3.59;3.65;3.55;3.60;1074089;6366920.000
06/03/2003;3.63;3.73;3.59;3.62;1831858;11124111.000
06/04/2003;3.61;3.61;3.45;3.45;1575200;9129892.000
06/05/2003;3.45;3.55;3.43;3.48;769646;4433045.000
06/06/2003;3.46;3.50;3.39;3.41;651915;3692519.000
06/09/2003;3.42;3.48;3.40;3.40;496250;2817874.000
06/10/2003;3.39;3.44;3.37;3.42;364049;2043048.000
06/11/2003;3.42;3.48;3.42;3.47;476221;2712110.000
06/12/2003;3.47;3.56;3.46;3.55;812800;4730121.000
06/13/2003;3.59;3.60;3.51;3.57;556221;3258259.000
06/16/2003;3.54;3.64;3.52;3.60;736009;4341622.000
06/17/2003;3.58;3.61;3.46;3.51;487416;2829913.000
06/18/2003;3.52;3.54;3.47;3.49;262212;1514422.000
06/19/2003;3.49;3.55;3.39;3.42;524932;2985839.000
06/20/2003;3.42;3.52;3.42;3.44;435150;2486237.000
06/23/2003;3.42;3.44;3.33;3.33;610677;3388654.000
06/24/2003;3.33;3.36;3.30;3.35;358849;1970134.000
06/25/2003;3.33;3.41;3.32;3.33;213670;1182359.000
06/26/2003;3.33;3.35;3.24;3.30;313690;1700516.000
06/27/2003;3.30;3.30;3.14;3.15;991008;5223313.000
06/30/2003;3.15;3.19;3.08;3.12;741989;3821774.000
07/01/2003;3.12;3.17;3.12;3.16;371410;1930314.000
07/02/2003;3.17;3.19;3.09;3.18;457443;2375608.000
07/03/2003;3.17;3.27;3.13;3.26;796951;4221198.000
07/04/2003;3.32;3.42;3.28;3.29;1506335;8388791.000
07/07/2003;3.23;3.24;3.13;3.22;1174407;6143386.000
07/08/2003;3.22;3.25;3.19;3.25;289717;1543661.000
07/09/2003;3.23;3.27;3.20;3.27;289900;1549999.000
07/10/2003;3.33;3.33;3.17;3.27;521780;2807231.000
07/11/2003;3.27;3.44;3.27;3.44;2899031;16329327.000
07/14/2003;3.50;3.53;3.43;3.44;3559349;20330210.000
07/15/2003;3.42;3.42;3.34;3.38;849919;4714986.000
07/16/2003;3.38;3.44;3.32;3.41;652569;3659738.000
07/17/2003;3.43;3.43;3.35;3.39;974090;5417280.000
07/18/2003;3.39;3.41;3.22;3.22;859200;4658959.000
07/21/2003;3.22;3.22;3.07;3.14;877664;4542218.000
07/22/2003;3.19;3.19;3.13;3.18;256250;1332717.000
07/23/2003;3.18;3.19;3.14;3.19;207570;1087121.000
07/24/2003;3.19;3.19;3.13;3.15;216433;1126583.000
07/25/2003;3.13;3.14;3.03;3.07;656850;3336488.000
07/28/2003;3.03;3.10;2.98;3.09;378410;1904365.000
07/29/2003;3.06;3.13;3.06;3.12;253057;1292819.000
07/31/2003;3.12;3.13;3.04;3.12;331701;1685555.000
08/01/2003;3.10;3.20;3.10;3.14;568491;2956092.000
08/04/2003;3.15;3.17;3.10;3.16;340377;1761396.000
08/05/2003;3.14;3.19;3.12;3.16;338799;1760384.000
08/06/2003;3.18;3.18;3.14;3.15;370400;1926068.000
08/07/2003;3.14;3.21;3.14;3.20;588487;3080512.000
08/08/2003;3.20;3.28;3.16;3.18;1048138;5575459.000
08/12/2003;3.19;3.26;3.19;3.19;606962;3218777.000
08/13/2003;3.21;3.21;3.06;3.10;596499;3072493.000
08/14/2003;3.09;3.10;3.04;3.08;295188;1498651.000
08/15/2003;3.07;3.10;3.04;3.07;318835;1610218.000
08/18/2003;3.07;3.11;3.04;3.10;230342;1171415.000
08/19/2003;3.12;3.14;3.08;3.08;254377;1301456.000
08/20/2003;3.07;3.08;2.99;3.02;537889;2683411.000
08/21/2003;3.02;3.04;2.99;3.00;257300;1279345.000
08/22/2003;3.01;3.11;2.99;3.10;558930;2822137.000
08/25/2003;3.08;3.14;3.06;3.13;808047;4134443.000
08/26/2003;3.13;3.18;3.08;3.12;1247592;6437961.000
08/27/2003;3.09;3.13;3.06;3.10;398509;2034422.000
08/28/2003;3.06;3.09;3.02;3.03;330500;1659613.000
08/29/2003;3.03;3.04;2.88;2.90;1189995;5710369.000
09/01/2003;2.88;2.96;2.87;2.95;513399;2476550.000
09/02/2003;2.95;2.97;2.91;2.96;554767;2685555.000
09/03/2003;2.96;2.97;2.91;2.95;403954;1958046.000
09/04/2003;2.95;2.98;2.93;2.98;371000;1813341.000
09/05/2003;2.98;3.02;2.92;2.94;505700;2491639.000
09/08/2003;2.93;2.98;2.92;2.94;265050;1290897.000
09/09/2003;2.94;3.00;2.93;2.96;321520;1574360.000
09/10/2003;2.98;2.99;2.96;2.96;307299;1505454.000
09/11/2003;2.96;3.01;2.96;2.99;377137;1859251.000
09/12/2003;2.98;2.98;2.84;2.85;676816;3222957.000
09/15/2003;2.85;2.90;2.78;2.79;469500;2188497.000
09/16/2003;2.79;2.85;2.79;2.81;396946;1842660.000
09/17/2003;2.81;2.86;2.79;2.79;372173;1728561.000
09/18/2003;2.79;2.82;2.78;2.78;318500;1470405.000
09/19/2003;2.79;2.79;2.73;2.75;456067;2072770.000
09/22/2003;2.78;2.79;2.76;2.78;270600;1237985.000
09/23/2003;2.76;2.85;2.76;2.82;427991;1984128.000
09/24/2003;2.84;2.85;2.80;2.82;287679;1336316.000
09/25/2003;2.79;2.84;2.73;2.73;258300;1187927.000
09/26/2003;2.74;2.79;2.72;2.73;331100;1495970.000
09/29/2003;2.73;2.75;2.62;2.64;423200;1874083.000
09/30/2003;2.64;2.68;2.55;2.61;449034;1937470.000
10/08/2003;2.60;2.63;2.56;2.61;306489;1313137.000
10/09/2003;2.61;2.67;2.59;2.63;271950;1182864.000
10/10/2003;2.63;2.68;2.58;2.68;445224;1939466.000
10/13/2003;2.66;2.70;2.65;2.69;299831;1325951.000
10/14/2003;2.69;2.70;2.65;2.67;245700;1086032.000
10/15/2003;2.67;2.71;2.64;2.64;251790;1112697.000
10/16/2003;2.64;2.67;2.55;2.56;288549;1235957.000
10/17/2003;2.57;2.59;2.56;2.57;159600;678064.000
10/20/2003;2.57;2.59;2.50;2.50;251845;1049828.000
10/21/2003;2.52;2.53;2.45;2.52;300875;1231612.000
10/22/2003;2.52;2.56;2.47;2.55;412485;1717454.000
10/23/2003;2.56;2.57;2.48;2.55;312850;1309179.000
10/24/2003;2.55;2.55;2.42;2.42;756400;3057496.000
10/27/2003;2.37;2.54;2.36;2.54;1720373;7017905.000
10/28/2003;2.53;2.57;2.41;2.47;1092010;4460373.000
10/29/2003;2.43;2.47;2.35;2.35;1048884;4113292.000
10/30/2003;2.32;2.32;2.23;2.23;1097248;4073735.000
10/31/2003;2.34;2.34;2.27;2.34;1100419;4222307.000
11/03/2003;2.33;2.35;2.25;2.34;550697;2091985.000
11/04/2003;2.34;2.39;2.31;2.37;734232;2847001.000
11/05/2003;2.36;2.37;2.25;2.26;922532;3480763.000
11/06/2003;2.25;2.25;2.15;2.15;1381139;4928157.000
11/07/2003;2.15;2.15;2.04;2.10;920844;3173412.000
11/10/2003;2.10;2.11;2.04;2.09;619188;2110636.000
11/11/2003;2.09;2.15;2.05;2.12;709784;2473644.000
11/12/2003;2.12;2.19;2.08;2.15;1068910;3793378.000
11/13/2003;2.12;2.19;2.11;2.17;735974;2611566.000
11/14/2003;2.13;2.19;2.10;2.18;534847;1895352.000
11/17/2003;2.22;2.26;2.16;2.19;979638;3576392.000
11/18/2003;2.13;2.22;2.13;2.16;659661;2370107.000
11/19/2003;2.18;2.21;2.15;2.19;572268;2058768.000
11/20/2003;2.21;2.28;2.17;2.26;1349428;4977987.000
11/21/2003;2.27;2.32;2.22;2.24;1061674;3967602.000
11/24/2003;2.25;2.30;2.22;2.27;904542;3387072.000
11/25/2003;2.27;2.38;2.27;2.36;2318664;9002367.000
11/26/2003;2.36;2.37;2.29;2.33;1174171;4512471.000
11/27/2003;2.32;2.35;2.22;2.24;1472400;5508955.000
11/28/2003;2.13;2.17;2.13;2.14;2481401;8756417.000
12/01/2003;2.13;2.20;2.13;2.18;1185108;4234698.000
12/02/2003;2.18;2.23;2.16;2.23;1522221;5528075.000
12/03/2003;2.23;2.25;2.21;2.24;1199769;4408800.000
12/04/2003;2.25;2.27;2.22;2.25;874278;3235408.000
12/05/2003;2.25;2.28;2.23;2.24;863835;3207291.000
12/08/2003;2.24;2.29;2.23;2.27;1612100;6030089.000
12/09/2003;2.27;2.28;2.16;2.18;1665775;6056127.000
12/10/2003;2.17;2.21;2.17;2.21;1278862;4615834.000
12/12/2003;2.21;2.23;2.18;2.21;817376;2966683.000
12/15/2003;2.19;2.25;2.19;2.25;1404700;5182918.000
12/16/2003;2.27;2.30;2.21;2.24;1369772;5074832.000
12/17/2003;2.24;2.26;2.21;2.22;725269;2672925.000
12/18/2003;2.22;2.22;2.11;2.11;1254549;4402390.000
12/19/2003;2.06;2.07;2.01;2.01;952300;3174577.000
12/22/2003;1.91;1.98;1.90;1.95;1861364;5870763.000
12/23/2003;1.87;1.98;1.86;1.95;1360529;4338499.000
12/24/2003;1.96;1.99;1.85;1.88;1790392;5662551.000
12/26/2003;1.92;1.98;1.87;1.98;1894187;6117679.000
12/29/2003;2.00;2.01;1.88;1.90;1439501;4615317.000
12/30/2003;1.91;1.95;1.82;1.85;1584921;4844355.000
12/31/2003;1.83;1.94;1.83;1.87;1247644;3863870.000
01/02/2004;1.87;1.93;1.84;1.91;894683;2786548.000
01/05/2004;1.91;1.96;1.89;1.93;1068276;3380080.000
01/06/2004;1.92;2.02;1.91;1.98;1780921;5768620.000
01/07/2004;1.98;2.00;1.94;1.97;1098404;3574613.000
01/08/2004;1.96;1.96;1.91;1.93;1478588;4704746.000
01/09/2004;1.93;2.01;1.93;1.96;1362479;4440042.000
01/12/2004;1.96;1.99;1.93;1.96;786036;2538737.000
01/13/2004;1.97;2.02;1.94;2.01;1467209;4803135.000
01/14/2004;1.90;1.98;1.90;1.96;2806910;8934345.000
01/15/2004;1.92;1.94;1.86;1.87;2618358;8161914.000
01/16/2004;1.87;1.87;1.82;1.85;2296333;6981762.000
01/29/2004;1.85;1.91;1.82;1.91;1373438;4256739.000
01/30/2004;1.88;2.00;1.88;1.96;3087881;9922687.000
02/02/2004;1.98;2.00;1.93;2.00;2539960;8267341.000
02/03/2004;2.00;2.07;1.98;2.04;3055819;10235519.000
02/04/2004;2.03;2.07;1.99;2.05;4056470;13597069.000
02/05/2004;2.05;2.16;2.04;2.16;4452584;15644444.000
02/06/2004;2.19;2.26;2.05;2.06;9891899;34879228.000
02/09/2004;2.05;2.16;2.01;2.16;9245042;32462088.000
12/16/2004;1.90;2.02;1.82;1.87;8880315;28271680.000
12/17/2004;1.82;1.96;1.79;1.96;7088444;22743670.000
12/20/2004;1.87;1.93;1.87;1.87;5347031;16557741.000
12/21/2004;1.82;1.89;1.78;1.78;3087624;9228141.000
12/22/2004;1.79;1.82;1.72;1.81;2634500;7725217.000
12/23/2004;1.81;1.84;1.78;1.79;1808559;5403958.000
12/24/2004;1.77;1.80;1.73;1.76;1662279;4839612.000
12/27/2004;1.76;1.83;1.74;1.79;1382514;4076701.000
12/28/2004;1.79;1.84;1.77;1.82;1930625;5796825.000
12/29/2004;1.82;1.84;1.73;1.78;1145417;3370568.000
12/30/2004;1.79;1.79;1.73;1.77;845263;2452655.000
12/31/2004;1.79;1.79;1.73;1.74;728170;2107740.000
01/04/2005;1.73;1.74;1.68;1.71;1178058;3313435.000
01/05/2005;1.72;1.76;1.69;1.76;1188950;3409598.000
01/06/2005;1.76;1.85;1.75;1.80;3407899;10284146.000
01/07/2005;1.80;1.85;1.75;1.82;1437250;4278567.000
01/10/2005;1.81;1.83;1.78;1.82;832125;2478963.000
01/11/2005;1.81;1.87;1.80;1.87;1477618;4485545.000
01/12/2005;1.88;1.91;1.85;1.86;1794090;5553356.000
01/13/2005;1.85;1.88;1.84;1.84;1134459;3457121.000
01/14/2005;1.84;1.86;1.81;1.82;1183563;3568003.000
01/17/2005;1.82;1.82;1.73;1.76;1588668;4619769.000
01/18/2005;1.76;1.81;1.76;1.79;850815;2495283.000
01/19/2005;1.80;1.88;1.78;1.85;1633845;4969344.000
01/20/2005;1.85;1.86;1.81;1.86;1105510;3351175.000
01/21/2005;1.95;1.95;1.85;1.86;3099704;9612922.000
01/24/2005;1.86;1.90;1.84;1.89;1857967;5750123.000
01/25/2005;1.88;1.94;1.86;1.93;2192573;6926709.000
01/26/2005;1.92;1.94;1.87;1.87;1263259;3964476.000
01/27/2005;1.90;1.96;1.90;1.96;2876526;9302870.000
01/28/2005;2.03;2.06;2.02;2.06;3483584;11804079.000
01/31/2005;2.11;2.15;1.96;2.01;6577301;22192514.000
02/02/2005;1.92;2.04;1.90;2.01;5178969;16666762.000
02/03/2005;1.98;1.98;1.91;1.91;3043900;9686852.000
02/04/2005;1.89;1.95;1.87;1.92;1519700;4824658.000
02/16/2005;1.93;2.01;1.92;1.98;1356990;4411781.000
02/17/2005;1.99;2.01;1.96;1.99;1013020;3310765.000
02/18/2005;1.99;2.03;1.96;1.98;1677914;5566637.000
02/21/2005;1.97;2.08;1.96;2.04;1990830;6724031.000
02/22/2005;2.04;2.08;2.03;2.08;2069034;7011185.000
02/23/2005;2.08;2.18;2.04;2.13;2475231;8677613.000
02/24/2005;2.10;2.18;2.10;2.12;1999100;7031354.000
02/25/2005;2.12;2.20;2.12;2.15;2259730;8042547.000
02/28/2005;2.16;2.26;2.15;2.26;4369942;16114730.000
03/01/2005;2.25;2.32;2.22;2.30;3608554;13526875.000
03/02/2005;2.30;2.31;2.18;2.18;3050899;11266550.000
03/03/2005;2.15;2.26;2.07;2.25;3925765;14054755.000
03/04/2005;2.24;2.30;2.17;2.24;2439469;9003272.000
03/07/2005;2.25;2.28;2.19;2.21;1537070;5664921.000
03/08/2005;2.21;2.24;2.16;2.23;1975348;7179439.000
03/09/2005;2.22;2.34;2.17;2.32;3970960;14837104.000
03/11/2005;2.26;2.33;2.21;2.26;3085990;11544647.000
03/14/2005;2.18;2.25;2.15;2.15;3361332;12012757.000
03/15/2005;2.12;2.16;2.08;2.13;1491602;5207805.000
03/16/2005;2.13;2.14;2.07;2.11;1229087;4262597.000
03/17/2005;2.10;2.10;2.01;2.01;1814582;6082071.000
03/18/2005;1.99;2.05;1.97;1.97;1315820;4353966.000
03/21/2005;1.97;2.02;1.95;2.02;870700;2859088.000
03/22/2005;2.01;2.02;1.92;1.92;1155969;3713515.000
03/23/2005;1.90;1.93;1.82;1.83;1953320;5967775.000
03/24/2005;1.82;1.87;1.79;1.85;1551865;4678920.000
03/25/2005;1.85;1.88;1.82;1.85;901707;2763024.000
03/28/2005;1.85;1.87;1.79;1.82;915758;2751563.000
03/29/2005;1.83;1.90;1.82;1.87;910086;2798119.000
03/30/2005;1.85;1.89;1.83;1.84;1450536;4456677.000
03/31/2005;1.82;1.85;1.81;1.84;965197;2909607.000
04/01/2005;1.82;1.90;1.81;1.88;1536638;4703100.000
04/04/2005;1.90;1.98;1.87;1.91;2171463;6901906.000
04/05/2005;1.91;1.95;1.88;1.89;835462;2637102.000
04/06/2005;1.88;1.89;1.82;1.88;1655050;5065057.000
04/07/2005;1.89;1.92;1.84;1.87;2061541;6396943.000
04/08/2005;1.87;1.90;1.85;1.90;1050943;3264030.000
04/11/2005;1.90;1.97;1.88;1.95;2047880;6542314.000
04/13/2005;2.00;2.13;1.95;2.08;6037848;20353000.000
04/14/2005;2.06;2.11;2.02;2.04;2892233;9854734.000
04/15/2005;2.02;2.08;1.99;2.05;2349195;7900438.000
04/18/2005;2.04;2.04;1.93;1.96;1627201;5292925.000
04/19/2005;1.95;1.98;1.81;1.88;2125400;6619031.000
04/20/2005;1.88;1.92;1.85;1.89;940099;2941333.000
04/21/2005;1.89;1.89;1.81;1.81;1139850;3454939.000
04/22/2005;1.81;1.81;1.63;1.72;1829581;5192149.000
04/25/2005;1.76;1.76;1.63;1.68;1102600;3041367.000
04/27/2005;1.58;1.70;1.58;1.62;695900;1887649.000
04/28/2005;1.62;1.68;1.58;1.66;991447;2683668.000
04/29/2005;1.64;1.67;1.53;1.61;1131886;2981281.000
05/09/2005;1.62;1.65;1.52;1.52;770400;2003052.000
05/10/2005;1.52;1.58;1.50;1.57;724664;1827924.000
05/11/2005;1.57;1.58;1.52;1.55;659394;1674660.000
05/12/2005;1.53;1.54;1.48;1.52;601310;1503978.000
05/13/2005;1.52;1.56;1.49;1.56;554902;1411110.000
05/16/2005;1.56;1.58;1.50;1.58;730193;1855810.000
05/17/2005;1.56;1.61;1.54;1.59;762606;1993085.000
05/18/2005;1.59;1.62;1.58;1.62;671537;1772522.000
05/19/2005;1.62;1.62;1.58;1.61;314561;830077.000
05/20/2005;1.59;1.60;1.52;1.57;990080;2558707.000
05/23/2005;1.55;1.56;1.52;1.52;625180;1581031.000
05/24/2005;1.52;1.59;1.50;1.55;512717;1313683.000
05/25/2005;1.55;1.64;1.55;1.61;1211800;3205758.000
05/26/2005;1.59;1.62;1.58;1.61;620400;1645833.000
05/27/2005;1.59;1.63;1.59;1.61;563199;1497864.000
05/30/2005;1.61;1.64;1.60;1.63;493200;1317847.000
05/31/2005;1.63;1.64;1.59;1.59;511519;1359072.000
06/01/2005;1.58;1.60;1.54;1.55;496900;1277011.000
06/02/2005;1.55;1.58;1.52;1.56;310594;794468.000
06/03/2005;1.55;1.59;1.54;1.56;400886;1032040.000
06/06/2005;1.55;1.58;1.52;1.56;433429;1103512.000
06/07/2005;1.56;1.62;1.56;1.59;960999;2529065.000
06/08/2005;1.61;1.72;1.61;1.69;2773194;7615963.000
06/09/2005;1.70;1.70;1.64;1.70;2037712;5627184.000
06/10/2005;1.67;1.70;1.62;1.64;1119701;3053087.000
06/13/2005;1.63;1.65;1.59;1.64;1197489;3199338.000
06/14/2005;1.63;1.69;1.62;1.63;1372744;3752311.000
06/16/2005;1.57;1.59;1.52;1.57;1051200;2685854.000
06/17/2005;1.58;1.59;1.53;1.56;576663;1471657.000
06/20/2005;1.56;1.58;1.51;1.58;764227;1954018.000
06/21/2005;1.59;1.59;1.53;1.55;657811;1685261.000
06/22/2005;1.54;1.58;1.54;1.57;775455;1993887.000
06/23/2005;1.57;1.59;1.55;1.56;624855;1613502.000
06/24/2005;1.55;1.57;1.53;1.56;514755;1312298.000
06/27/2005;1.57;1.62;1.56;1.61;1258588;3304260.000
06/28/2005;1.62;1.65;1.59;1.62;2210217;5931864.000
06/29/2005;1.61;1.62;1.57;1.59;649803;1710195.000
06/30/2005;1.56;1.58;1.53;1.53;575200;1470778.000
07/01/2005;1.53;1.54;1.38;1.39;1719799;4065409.000
07/04/2005;1.27;1.38;1.27;1.34;847756;1857014.000
07/05/2005;1.33;1.36;1.31;1.33;326499;719192.000
07/06/2005;1.35;1.36;1.29;1.31;667861;1447781.000
07/07/2005;1.30;1.33;1.27;1.31;421357;912326.000
07/08/2005;1.30;1.30;1.22;1.23;665490;1364317.000
07/11/2005;1.23;1.27;1.19;1.21;631604;1277049.000
07/12/2005;1.21;1.25;1.17;1.24;933665;1862652.000
07/13/2005;1.17;1.18;1.13;1.16;1923500;3651849.000
07/14/2005;1.15;1.18;1.06;1.16;1230029;2339683.000
07/15/2005;1.15;1.17;1.10;1.10;858250;1596355.000
07/18/2005;1.09;1.10;1.01;1.02;911329;1574425.000
07/19/2005;1.01;1.12;1.01;1.12;3067296;5638734.000
07/20/2005;1.11;1.16;1.09;1.16;3258925;6071197.000
07/21/2005;1.14;1.14;1.09;1.12;1221609;2247626.000
07/22/2005;1.13;1.18;1.10;1.15;2203953;4170786.000
07/25/2005;1.13;1.15;1.12;1.14;853819;1594065.000
07/26/2005;1.14;1.16;1.13;1.15;1887789;3588181.000
07/27/2005;1.16;1.19;1.12;1.19;2663365;5083386.000
07/28/2005;1.18;1.27;1.16;1.25;4258658;8499325.000
07/29/2005;1.21;1.23;1.18;1.20;1930490;3845664.000
08/01/2005;1.19;1.24;1.19;1.24;1484045;2962593.000
08/02/2005;1.23;1.29;1.22;1.29;3021910;6291976.000
08/03/2005;1.29;1.33;1.27;1.28;4923331;10595845.000
08/04/2005;1.28;1.30;1.24;1.24;4182662;8801424.000
08/05/2005;1.23;1.29;1.23;1.28;2671294;5565656.000
08/08/2005;1.30;1.31;1.26;1.28;2242699;4727872.000
08/09/2005;1.29;1.33;1.26;1.32;2641189;5655848.000
08/10/2005;1.31;1.36;1.29;1.35;3813916;8356381.000
08/11/2005;1.34;1.36;1.32;1.35;2659514;5870146.000
08/12/2005;1.35;1.39;1.30;1.30;2946908;6531946.000
08/15/2005;1.30;1.32;1.26;1.32;2210646;4719632.000
08/16/2005;1.33;1.39;1.30;1.32;2309060;5066374.000
08/17/2005;1.30;1.38;1.27;1.37;3717346;8161531.000
08/18/2005;1.38;1.44;1.32;1.33;4844068;11187190.000
08/19/2005;1.31;1.37;1.30;1.37;1871458;4126976.000
08/22/2005;1.39;1.44;1.35;1.44;2888817;6736715.000
08/23/2005;1.44;1.47;1.36;1.45;3437702;8135665.000
08/24/2005;1.49;1.49;1.39;1.42;4483748;10544121.000
08/25/2005;1.42;1.44;1.38;1.40;2412009;5570133.000
08/26/2005;1.41;1.45;1.39;1.44;2323166;5493699.000
08/29/2005;1.44;1.46;1.40;1.45;1868150;4427584.000
08/30/2005;1.45;1.45;1.39;1.40;1283729;2991489.000
08/31/2005;1.39;1.41;1.33;1.40;1797309;4082284.000
09/01/2005;1.40;1.45;1.38;1.44;2504612;5894958.000
09/02/2005;1.44;1.50;1.42;1.48;3418760;8292840.000
09/05/2005;1.48;1.52;1.45;1.50;2454090;6054250.000
09/06/2005;1.50;1.52;1.41;1.43;2063587;5038919.000
09/07/2005;1.42;1.50;1.42;1.50;1866657;4528275.000
09/08/2005;1.48;1.54;1.47;1.50;2422331;6032390.000
09/09/2005;1.51;1.52;1.43;1.47;1358499;3311106.000
09/12/2005;1.45;1.48;1.43;1.45;1378151;3308679.000
09/13/2005;1.47;1.52;1.46;1.52;2099670;5197891.000
09/14/2005;1.53;1.58;1.50;1.55;3011869;7652565.000
09/15/2005;1.55;1.59;1.51;1.59;3464780;8965955.000
09/16/2005;1.58;1.68;1.56;1.64;5611219;15119975.000
09/19/2005;1.64;1.68;1.61;1.67;2176566;5919095.000
09/20/2005;1.67;1.67;1.61;1.65;2701909;7275003.000
09/21/2005;1.64;1.73;1.62;1.68;3957701;10943718.000
09/22/2005;1.69;1.69;1.55;1.59;3000012;8004959.000
09/23/2005;1.59;1.67;1.55;1.66;3508647;9379459.000
09/26/2005;1.65;1.73;1.63;1.67;3216001;8975861.000
09/27/2005;1.69;1.69;1.59;1.61;1857005;4978522.000
09/28/2005;1.59;1.61;1.45;1.45;2667500;6651197.000
09/29/2005;1.42;1.51;1.42;1.50;1979106;4774256.000
09/30/2005;1.48;1.64;1.45;1.49;5421489;13705192.000
10/10/2005;1.48;1.64;1.44;1.58;3441554;8934758.000
10/11/2005;1.55;1.63;1.48;1.59;3005001;7727995.000
10/12/2005;1.59;1.61;1.53;1.59;1733317;4524595.000
10/13/2005;1.59;1.60;1.54;1.55;1743751;4511061.000
10/14/2005;1.54;1.56;1.51;1.53;1365951;3458207.000
10/17/2005;1.52;1.59;1.49;1.58;1449561;3699419.000
10/18/2005;1.62;1.62;1.56;1.59;1595297;4182144.000
10/19/2005;1.58;1.70;1.57;1.63;3657795;9977645.000
10/20/2005;1.63;1.73;1.61;1.72;3126772;8620625.000
10/21/2005;1.69;1.75;1.65;1.67;2915733;8156855.000
10/24/2005;1.68;1.68;1.61;1.67;1400892;3801502.000
10/25/2005;1.67;1.70;1.63;1.67;1617091;4449767.000
10/26/2005;1.66;1.71;1.55;1.55;2566848;6987519.000
10/27/2005;1.48;1.56;1.41;1.49;1964636;4851409.000
10/28/2005;1.46;1.50;1.37;1.43;1690825;3952295.000
10/31/2005;1.43;1.47;1.41;1.46;775435;1843453.000
11/01/2005;1.46;1.46;1.38;1.43;972500;2273793.000
11/02/2005;1.43;1.49;1.42;1.46;935284;2255254.000
11/03/2005;1.45;1.45;1.38;1.39;1384976;3222183.000
11/04/2005;1.38;1.42;1.38;1.40;617401;1421600.000
11/07/2005;1.40;1.42;1.28;1.42;728461;1663356.000
11/08/2005;1.42;1.46;1.40;1.45;884819;2097977.000
11/09/2005;1.46;1.47;1.42;1.44;600801;1432214.000
11/10/2005;1.42;1.42;1.35;1.36;1086794;2494438.000
11/11/2005;1.35;1.41;1.33;1.40;623492;1412057.000
11/14/2005;1.39;1.40;1.36;1.38;383400;875510.000
11/15/2005;1.39;1.42;1.35;1.38;543229;1240861.000
11/16/2005;1.36;1.39;1.34;1.38;490184;1104113.000
11/17/2005;1.36;1.42;1.35;1.40;1665601;3823108.000
11/18/2005;1.38;1.44;1.38;1.42;1564405;3641762.000
11/21/2005;1.41;1.43;1.39;1.42;667251;1556462.000
11/22/2005;1.42;1.48;1.42;1.45;2339141;5616237.000
11/23/2005;1.44;1.45;1.42;1.44;639234;1509601.000
11/24/2005;1.43;1.45;1.41;1.44;637000;1500913.000
11/25/2005;1.44;1.44;1.40;1.42;467650;1089026.000
11/28/2005;1.41;1.44;1.41;1.43;421300;989160.000
11/29/2005;1.43;1.43;1.40;1.41;455401;1057837.000
11/30/2005;1.41;1.41;1.33;1.36;506399;1141289.000
12/01/2005;1.38;1.41;1.36;1.38;198301;447731.000
12/02/2005;1.38;1.40;1.35;1.35;410755;933801.000
12/05/2005;1.35;1.37;1.28;1.30;854910;1886242.000
12/06/2005;1.30;1.30;1.21;1.30;536700;1133660.000
12/07/2005;1.30;1.30;1.27;1.30;233811;498714.000
12/08/2005;1.29;1.30;1.26;1.27;902979;1903437.000
12/09/2005;1.27;1.29;1.25;1.28;469800;988783.000
12/12/2005;1.29;1.31;1.28;1.30;506200;1081354.000
12/13/2005;1.29;1.31;1.28;1.30;395310;841870.000
12/14/2005;1.30;1.33;1.27;1.33;1128000;2431360.000
12/15/2005;1.33;1.34;1.30;1.30;429799;937665.000
12/16/2005;1.30;1.33;1.30;1.31;377150;817916.000
12/19/2005;1.32;1.36;1.31;1.35;877678;1933806.000
12/20/2005;1.34;1.34;1.31;1.33;610311;1332728.000
12/21/2005;1.33;1.35;1.30;1.31;429372;935153.000
12/22/2005;1.30;1.32;1.27;1.30;624450;1333508.000
12/26/2005;1.32;1.34;1.31;1.33;696992;1526283.000
12/27/2005;1.33;1.37;1.33;1.35;1038214;2312362.000
12/28/2005;1.33;1.36;1.33;1.35;320733;711623.000
12/29/2005;1.33;1.37;1.33;1.37;860268;1926528.000
12/30/2005;1.36;1.38;1.34;1.35;354100;790060.000
01/04/2006;1.35;1.37;1.33;1.35;431152;960025.000
01/05/2006;1.34;1.36;1.33;1.36;830000;1845628.000
01/06/2006;1.35;1.40;1.35;1.38;1446300;3285270.000
01/09/2006;1.38;1.41;1.37;1.40;852320;1949206.000
01/10/2006;1.39;1.41;1.38;1.39;681510;1562608.000
01/11/2006;1.39;1.39;1.36;1.38;547429;1243108.000
01/12/2006;1.37;1.40;1.35;1.39;823385;1872172.000
01/13/2006;1.39;1.44;1.38;1.42;1304815;3033439.000
01/16/2006;1.41;1.42;1.39;1.39;1005170;2335824.000
01/17/2006;1.37;1.40;1.36;1.37;659482;1497922.000
01/18/2006;1.38;1.41;1.37;1.39;1268411;2905160.000
01/19/2006;1.40;1.42;1.39;1.41;988169;2291210.000
01/20/2006;1.41;1.42;1.38;1.39;957025;2200086.000
01/23/2006;1.38;1.40;1.38;1.40;1516942;3483671.000
01/24/2006;1.40;1.40;1.36;1.36;1600264;3628555.000
01/25/2006;1.35;1.35;1.29;1.30;1702210;3686592.000
02/06/2006;1.30;1.33;1.30;1.33;959056;2082486.000
02/07/2006;1.36;1.41;1.33;1.41;2286184;5183313.000
02/08/2006;1.39;1.42;1.38;1.41;1528830;3524969.000
02/09/2006;1.38;1.42;1.38;1.39;800550;1855979.000
02/10/2006;1.40;1.41;1.38;1.41;1074811;2487985.000
02/13/2006;1.41;1.42;1.36;1.42;1056809;2437658.000
02/14/2006;1.42;1.48;1.39;1.47;2803832;6736989.000
02/15/2006;1.47;1.47;1.45;1.46;1403818;3383034.000
02/16/2006;1.47;1.47;1.40;1.40;1256950;2949102.000
02/17/2006;1.40;1.45;1.39;1.43;1166298;2742419.000
02/20/2006;1.43;1.45;1.41;1.44;657783;1554714.000
02/21/2006;1.44;1.45;1.40;1.44;783443;1844046.000
02/22/2006;1.44;1.53;1.44;1.48;3214770;7975649.000
02/23/2006;1.46;1.51;1.42;1.50;2210990;5358178.000
02/24/2006;1.50;1.52;1.47;1.49;1508695;3706776.000
02/27/2006;1.49;1.59;1.47;1.56;3033317;7651806.000
02/28/2006;1.53;1.63;1.52;1.61;4404074;11482516.000
03/01/2006;1.60;1.62;1.56;1.61;2119571;5540329.000
03/02/2006;1.60;1.63;1.52;1.53;2398654;6231139.000
03/03/2006;1.52;1.54;1.48;1.50;2293172;5685053.000
03/06/2006;1.49;1.51;1.45;1.47;1475175;3596259.000
03/08/2006;1.40;1.40;1.40;1.40;71600;165396.000
03/09/2006;1.33;1.33;1.33;1.33;152100;333099.000
03/10/2006;1.26;1.33;1.26;1.28;5240563;11050451.000
03/13/2006;1.27;1.30;1.26;1.28;1744247;3670049.000
03/14/2006;1.28;1.32;1.26;1.30;1960737;4171403.000
03/15/2006;1.28;1.31;1.28;1.30;1339349;2859545.000
03/16/2006;1.30;1.30;1.27;1.28;885300;1875799.000
03/17/2006;1.27;1.28;1.22;1.23;2507237;5125298.000
03/20/2006;1.22;1.26;1.22;1.25;1223241;2500454.000
03/21/2006;1.25;1.27;1.24;1.25;1750107;3616123.000
03/22/2006;1.25;1.27;1.24;1.26;791460;1637490.000
03/23/2006;1.26;1.32;1.25;1.32;3665135;7905728.000
03/24/2006;1.33;1.36;1.30;1.30;2181644;4764747.000
03/27/2006;1.31;1.32;1.28;1.31;856746;1826678.000
03/28/2006;1.31;1.35;1.29;1.33;1378528;2993521.000
03/29/2006;1.32;1.32;1.30;1.30;856419;1844118.000
03/30/2006;1.31;1.32;1.29;1.30;962600;2066800.000
03/31/2006;1.28;1.31;1.27;1.29;940541;2002476.000
04/03/2006;1.28;1.29;1.25;1.29;1053135;2217845.000
04/04/2006;1.29;1.33;1.28;1.32;1793729;3858235.000
04/05/2006;1.32;1.33;1.30;1.33;2156828;4658661.000
04/06/2006;1.33;1.39;1.31;1.36;6172351;13854729.000
04/07/2006;1.36;1.36;1.32;1.34;3616029;7986450.000
04/11/2006;1.34;1.41;1.33;1.41;3763551;8486631.000
04/12/2006;1.48;1.48;1.39;1.44;7092242;16880082.000
04/13/2006;1.42;1.51;1.42;1.48;6549024;15991406.000
04/14/2006;1.47;1.56;1.47;1.56;5600128;14214327.000
04/17/2006;1.62;1.64;1.56;1.64;11103162;29313804.000
04/18/2006;1.65;1.72;1.64;1.65;7659217;21423284.000
04/19/2006;1.64;1.71;1.57;1.57;5105405;13528357.000
04/20/2006;1.56;1.56;1.50;1.51;4440182;11112402.000
04/21/2006;1.50;1.58;1.46;1.58;4921170;12589331.000
04/24/2006;1.62;1.65;1.50;1.59;5547228;14430697.000
04/25/2006;1.58;1.58;1.51;1.51;2474051;6238196.000
04/26/2006;1.48;1.58;1.48;1.53;1681255;4278849.000
04/27/2006;1.54;1.56;1.45;1.48;1373173;3391918.000
04/28/2006;1.47;1.52;1.44;1.47;1236892;3030843.000
05/08/2006;1.48;1.53;1.44;1.52;1708286;4190941.000
05/09/2006;1.48;1.58;1.48;1.57;2682942;6850567.000
05/10/2006;1.57;1.65;1.54;1.65;3357636;9031829.000
05/11/2006;1.68;1.73;1.62;1.68;4913272;13746533.000
05/12/2006;1.70;1.77;1.67;1.75;3662257;10586633.000
05/15/2006;1.75;1.84;1.67;1.83;4513536;13006834.000
05/16/2006;1.79;1.92;1.75;1.92;6860565;21437944.000
05/17/2006;1.99;2.01;1.82;1.90;8240451;26241616.000
05/18/2006;1.93;1.99;1.81;1.86;3188875;9695966.000
05/19/2006;1.86;1.87;1.78;1.85;3471321;10453830.000
05/22/2006;1.82;1.91;1.79;1.87;3399898;10450429.000
05/23/2006;1.87;1.87;1.78;1.78;2901600;8732392.000
05/24/2006;1.76;1.81;1.68;1.72;2951051;8335906.000
05/25/2006;1.68;1.75;1.68;1.75;1295456;3693046.000
05/26/2006;1.76;1.83;1.73;1.83;2736587;8158392.000
05/29/2006;1.85;1.92;1.84;1.92;2766860;8656654.000
05/30/2006;1.97;2.01;1.91;1.93;2955150;9515950.000
05/31/2006;1.92;1.98;1.85;1.90;3083078;9719834.000
06/01/2006;1.90;2.00;1.88;2.00;3890113;12653258.000
06/02/2006;2.03;2.09;1.96;2.07;3621151;12087003.000
06/05/2006;2.04;2.11;1.99;2.06;3496222;11843899.000
06/06/2006;2.06;2.13;2.03;2.10;2900326;9976938.000
06/07/2006;2.10;2.12;1.99;1.99;1678500;5666056.000
06/08/2006;1.90;1.93;1.90;1.90;935800;2935333.000
06/09/2006;1.85;1.88;1.80;1.80;2775342;8418884.000
06/12/2006;1.79;1.84;1.73;1.78;1370035;4059241.000
06/13/2006;1.79;1.84;1.74;1.79;1163299;3418150.000
06/14/2006;1.76;1.79;1.75;1.77;882036;2570579.000
06/15/2006;1.77;1.86;1.77;1.86;2047824;6189006.000
06/16/2006;1.85;1.95;1.83;1.88;2052002;6351919.000
06/19/2006;1.85;1.90;1.82;1.88;1478304;4543789.000
06/20/2006;1.88;1.93;1.84;1.90;1449407;4540340.000
06/21/2006;1.90;1.93;1.85;1.87;1371886;4265493.000
06/22/2006;1.85;1.87;1.78;1.80;1559199;4697556.000
06/23/2006;1.79;1.89;1.78;1.89;2430507;7503597.000
06/26/2006;1.93;1.97;1.90;1.94;1833456;5832294.000
06/27/2006;1.96;2.01;1.90;1.97;2109195;6869612.000
06/28/2006;1.95;2.03;1.93;1.98;1612096;5267436.000
06/29/2006;1.98;2.01;1.95;1.98;1538988;5027699.000
06/30/2006;1.99;2.00;1.88;1.92;2177262;6930645.000
07/03/2006;1.92;1.96;1.90;1.94;1254730;3998042.000
07/04/2006;1.94;1.96;1.90;1.95;1626900;5169897.000
07/05/2006;1.96;2.04;1.94;2.04;4953445;16580545.000
07/06/2006;2.04;2.07;2.01;2.07;2811695;9487459.000
07/07/2006;2.07;2.10;2.02;2.06;2204786;7470517.000
07/10/2006;2.08;2.09;2.02;2.07;1221210;4147347.000
07/11/2006;2.07;2.18;2.06;2.18;3341777;11918789.000
07/12/2006;2.18;2.28;2.13;2.14;3631947;13292261.000
07/13/2006;2.13;2.25;2.03;2.03;4256106;14935937.000
07/14/2006;2.01;2.07;1.98;2.03;2305676;7686611.000
07/17/2006;2.01;2.07;1.99;2.05;1334098;4484143.000
07/18/2006;2.03;2.05;1.99;2.02;1422500;4733636.000
07/19/2006;2.02;2.02;1.92;1.92;2233538;7146483.000
07/20/2006;1.91;2.01;1.90;1.99;1333358;4317937.000
07/21/2006;1.99;2.08;1.96;2.06;1934318;6519656.000
07/24/2006;2.01;2.06;1.98;2.04;1105293;3682411.000
07/25/2006;2.03;2.12;2.01;2.07;1511065;5176808.000
07/26/2006;2.05;2.18;2.05;2.16;2349224;8267995.000
07/27/2006;2.13;2.23;2.11;2.18;3412771;12196019.000
07/28/2006;2.18;2.18;2.07;2.12;2052886;7128106.000
07/31/2006;2.11;2.12;2.01;2.01;1383800;4665618.000
08/01/2006;2.00;2.02;1.96;2.01;956727;3137047.000
08/02/2006;2.01;2.10;1.96;2.09;2372319;8047728.000
08/03/2006;2.19;2.19;2.04;2.05;1229515;4229661.000
08/04/2006;2.06;2.07;1.97;1.98;1565300;5194060.000
08/07/2006;2.01;2.07;1.97;2.01;2149375;7174811.000
08/08/2006;1.99;2.05;1.98;2.05;1427100;4752652.000
08/09/2006;2.04;2.09;2.02;2.05;1126827;3810844.000
08/10/2006;2.08;2.11;2.04;2.07;1088400;3736497.000
08/11/2006;2.07;2.10;2.01;2.09;1224029;4165365.000
08/14/2006;2.09;2.11;2.03;2.04;920212;3132575.000
08/15/2006;2.03;2.06;2.00;2.04;934150;3137188.000
08/16/2006;2.04;2.08;2.03;2.08;1610207;5461378.000
08/17/2006;2.07;2.08;2.04;2.05;1025607;3485322.000
08/18/2006;2.04;2.07;1.98;1.98;1243382;4145151.000
08/21/2006;1.89;1.96;1.88;1.95;1046993;3344183.000
08/22/2006;1.95;1.99;1.95;1.98;534100;1735949.000
08/23/2006;1.99;1.99;1.92;1.93;781901;2514634.000
08/24/2006;1.92;1.97;1.92;1.96;757050;2430846.000
08/25/2006;1.96;2.04;1.96;1.99;1132738;3755786.000
08/28/2006;1.99;2.02;1.97;2.01;1876338;6178350.000
08/29/2006;1.99;2.01;1.97;1.99;1542999;5062708.000
08/30/2006;1.99;2.02;1.97;2.02;1172223;3879143.000
08/31/2006;2.02;2.07;2.01;2.05;1740536;5863051.000
09/01/2006;2.05;2.06;1.99;2.00;975060;3242457.000
09/04/2006;2.02;2.10;2.00;2.10;2079600;7145765.000
09/05/2006;2.10;2.12;2.07;2.11;1362336;4701100.000
09/06/2006;2.12;2.12;2.06;2.10;1301945;4472378.000
09/07/2006;2.07;2.09;2.04;2.06;1125504;3823991.000
09/08/2006;2.05;2.12;2.04;2.09;1228749;4222245.000
09/11/2006;2.08;2.09;2.04;2.07;1035349;3517422.000
09/12/2006;2.08;2.10;2.06;2.10;1386123;4765861.000
09/13/2006;2.08;2.20;2.07;2.13;4398370;15677438.000
09/14/2006;2.11;2.13;2.05;2.10;1724344;5928790.000
09/15/2006;2.10;2.13;2.08;2.13;1463354;5099785.000
09/18/2006;2.15;2.18;2.10;2.17;1593593;5641020.000
09/19/2006;2.16;2.27;2.15;2.19;2253750;8243942.000
09/20/2006;2.18;2.24;2.16;2.23;1849886;6764965.000
09/21/2006;2.24;2.34;2.22;2.34;7568881;29045204.000
09/22/2006;2.33;2.37;2.28;2.30;2640694;10109288.000
09/25/2006;2.29;2.38;2.27;2.33;2003700;7660411.000
09/26/2006;2.33;2.33;2.24;2.25;1911099;7174196.000
09/27/2006;2.25;2.30;2.24;2.29;1343589;5037970.000
09/28/2006;2.30;2.35;2.27;2.28;1865920;7094911.000
09/29/2006;2.28;2.32;2.27;2.31;1455699;5505389.000
10/09/2006;2.34;2.35;2.29;2.35;1507331;5760381.000
10/10/2006;2.33;2.36;2.29;2.30;1314834;5013119.000
10/11/2006;2.30;2.32;2.24;2.27;2048464;7666528.000
10/12/2006;2.25;2.27;2.22;2.22;1646510;6088444.000
10/13/2006;2.23;2.30;2.23;2.28;1573400;5883486.000
10/16/2006;2.28;2.35;2.26;2.34;1743351;6674476.000
10/17/2006;2.35;2.45;2.33;2.41;4509513;18075976.000
10/18/2006;2.39;2.42;2.38;2.40;1331247;5255601.000
10/19/2006;2.39;2.46;2.38;2.42;1137786;4544143.000
10/20/2006;2.41;2.47;2.35;2.38;1794599;7167763.000
10/23/2006;2.39;2.44;2.26;2.31;2064262;7931733.000
10/24/2006;2.30;2.36;2.30;2.35;1489200;5713868.000
10/25/2006;2.35;2.35;2.28;2.35;938546;3583882.000
10/26/2006;2.30;2.34;2.24;2.24;1949900;7272316.000
10/27/2006;2.20;2.22;2.13;2.13;3002785;10601172.000
10/31/2006;2.13;2.17;2.08;2.12;2093213;7333649.000
11/01/2006;2.12;2.18;2.12;2.16;1700575;6032920.000
11/02/2006;2.16;2.16;2.05;2.08;2302529;7877672.000
11/03/2006;2.07;2.10;2.04;2.09;1118156;3811670.000
11/06/2006;2.09;2.12;2.06;2.08;930059;3196634.000
11/07/2006;2.06;2.07;1.98;1.98;1784300;5881373.000
11/08/2006;1.98;2.03;1.92;2.00;1392510;4516519.000
11/09/2006;2.00;2.02;1.98;2.02;760611;2520215.000
11/10/2006;2.02;2.02;1.93;1.93;1248800;4058333.000
11/13/2006;1.93;1.98;1.84;1.84;1472000;4547032.000
11/14/2006;1.83;1.90;1.83;1.90;1065948;3276049.000
11/15/2006;1.90;1.94;1.87;1.92;716901;2250455.000
11/16/2006;1.92;1.94;1.88;1.89;804680;2529043.000
11/17/2006;1.90;1.93;1.88;1.93;861340;2718063.000
11/20/2006;1.93;1.95;1.86;1.88;730580;2285692.000
11/21/2006;1.88;1.98;1.88;1.98;1046418;3386246.000
11/22/2006;2.01;2.02;1.97;1.99;1481310;4884092.000
11/23/2006;2.00;2.08;1.96;2.05;1743008;5822820.000
11/24/2006;2.06;2.10;2.03;2.08;1258317;4304960.000
11/27/2006;2.08;2.12;2.00;2.10;1459761;4935847.000
11/28/2006;2.08;2.10;2.05;2.07;537400;1834067.000
11/29/2006;2.05;2.08;2.01;2.06;915961;3076837.000
11/30/2006;2.03;2.07;2.03;2.04;995110;3352482.000
12/04/2006;2.02;2.03;1.94;1.99;1936110;6275614.000
12/05/2006;1.98;2.02;1.93;2.01;2277577;7431948.000
12/06/2006;2.01;2.02;1.93;1.96;1407471;4566084.000
12/07/2006;1.97;2.01;1.95;2.00;1481731;4838402.000
12/08/2006;1.99;2.10;1.99;2.10;4794601;16535473.000
12/11/2006;2.08;2.15;2.08;2.12;1712990;5973108.000
12/13/2006;2.12;2.12;2.02;2.07;929890;3144111.000
12/14/2006;2.06;2.10;2.03;2.05;1239201;4213246.000
12/15/2006;2.06;2.07;2.02;2.05;1535170;5167871.000
12/18/2006;2.04;2.08;2.01;2.07;1855140;6264388.000
12/19/2006;2.07;2.12;2.04;2.10;1826908;6304708.000
12/20/2006;2.07;2.16;2.05;2.14;1895629;6572421.000
12/21/2006;2.16;2.22;2.06;2.08;2003194;7121846.000
12/22/2006;2.09;2.19;2.09;2.19;4224976;15163728.000
01/09/2007;2.30;2.30;2.30;2.30;190491;721961.000
01/10/2007;2.41;2.41;2.33;2.36;4708352;18449908.000
01/11/2007;2.35;2.47;2.32;2.47;3766743;14907492.000
01/12/2007;2.44;2.59;2.43;2.58;3952930;16475444.000
01/15/2007;2.45;2.64;2.45;2.58;3490303;14510587.000
01/16/2007;2.58;2.70;2.51;2.70;5157843;22185148.000
01/17/2007;2.70;2.76;2.57;2.60;3877227;16983768.000
01/18/2007;2.61;2.73;2.58;2.73;6491909;28746376.000
02/02/2007;2.59;2.59;2.59;2.59;967900;4142612.000
02/05/2007;2.49;2.72;2.49;2.69;2865653;12443679.000
02/06/2007;2.71;2.82;2.67;2.82;1886999;8737440.000
02/07/2007;2.86;2.96;2.86;2.96;1304007;6363523.000
02/08/2007;3.03;3.10;2.91;2.96;3174046;15738651.000
02/09/2007;2.96;3.10;2.96;3.10;4902684;24879944.000
02/12/2007;3.15;3.26;3.13;3.26;3352967;17867380.000
02/13/2007;3.27;3.39;3.15;3.34;2924878;15736514.000
02/14/2007;3.32;3.41;3.27;3.35;2746753;15250752.000
02/15/2007;3.36;3.39;3.28;3.35;3192169;17614652.000
02/16/2007;3.36;3.45;3.34;3.36;2544220;14290470.000
02/26/2007;3.39;3.53;3.38;3.53;1471965;8496711.000
02/27/2007;3.67;3.71;3.40;3.41;6710686;40369696.000
02/28/2007;3.41;3.58;3.39;3.58;3484181;20439030.000
03/01/2007;3.75;3.76;3.63;3.76;4819787;29722812.000
03/05/2007;3.94;3.95;3.82;3.95;3996102;25968368.000
03/06/2007;4.11;4.15;3.78;4.03;6456736;42622524.000
03/07/2007;3.99;4.12;3.87;3.95;3728224;24150888.000
03/08/2007;3.92;4.12;3.90;4.02;2973199;19613904.000
03/09/2007;4.02;4.03;3.87;3.93;3634301;23661652.000
03/12/2007;3.92;4.12;3.87;4.12;4908959;32323908.000
03/13/2007;4.19;4.33;4.13;4.32;5024433;35196184.000
03/14/2007;4.24;4.39;4.10;4.35;5640373;39578896.000
03/15/2007;4.41;4.56;4.40;4.56;5328981;39892408.000
03/16/2007;4.78;4.79;4.64;4.79;8865288;69794512.000
03/19/2007;4.67;5.04;4.60;4.78;6178768;49437132.000
03/20/2007;4.78;5.01;4.78;5.01;4604256;37459424.000
03/21/2007;5.04;5.26;5.04;5.26;4205691;36287768.000
03/22/2007;5.48;5.52;5.35;5.52;3305136;30036298.000
03/23/2007;5.75;5.76;5.24;5.28;9369411;83230944.000
03/26/2007;5.18;5.18;5.01;5.01;2253400;18716016.000
03/27/2007;4.76;5.20;4.76;5.00;9985452;80255400.000
03/28/2007;4.92;4.96;4.75;4.75;8037035;63611828.000
03/29/2007;4.73;4.83;4.52;4.52;7121189;54343864.000
03/30/2007;4.37;4.74;4.37;4.74;5756167;43911272.000
04/02/2007;4.74;4.91;4.66;4.83;4337995;34455312.000
04/03/2007;4.84;5.04;4.82;4.88;3738490;30406180.000
04/04/2007;4.88;4.93;4.78;4.83;2972343;23627824.000
04/05/2007;4.85;5.02;4.81;4.95;3828546;31344656.000
04/06/2007;4.91;5.00;4.86;4.97;3052248;24972574.000
04/09/2007;4.97;4.99;4.72;4.79;6578812;52244156.000
04/10/2007;4.76;4.78;4.61;4.73;3443993;26673042.000
04/11/2007;4.71;4.94;4.70;4.91;3890504;31004308.000
04/12/2007;4.87;5.06;4.87;5.01;3571703;29291112.000
04/13/2007;5.03;5.26;4.97;5.25;7037382;60206540.000
04/16/2007;5.29;5.51;5.29;5.51;3128560;28111612.000
04/17/2007;5.78;5.78;5.67;5.78;6650400;63389308.000
04/18/2007;5.99;6.07;5.94;6.07;2668461;26565286.000
04/19/2007;6.33;6.38;5.89;6.16;10996613;112144088.000
04/20/2007;6.18;6.47;6.06;6.47;5070438;53426884.000
04/23/2007;6.50;6.53;6.15;6.18;9162404;94369584.000
04/24/2007;6.08;6.32;5.87;6.29;7357340;73129448.000
04/25/2007;6.18;6.61;6.09;6.51;5663922;60327940.000
04/26/2007;6.55;6.65;6.36;6.52;5726860;61580792.000
04/27/2007;6.47;6.84;6.44;6.83;5341350;59537856.000
04/30/2007;6.82;7.07;6.61;6.89;6370920;72146480.000
05/08/2007;6.94;6.96;6.67;6.77;4015993;44771092.000
05/09/2007;6.73;6.80;6.48;6.79;4899913;54050780.000
05/10/2007;6.79;7.13;6.74;7.13;4227978;48931000.000
05/11/2007;7.21;7.48;7.03;7.39;6676727;82005424.000
05/14/2007;7.26;7.42;7.08;7.16;3696237;44346660.000
05/15/2007;7.16;7.35;7.06;7.18;3099501;36753648.000
05/16/2007;7.21;7.54;7.14;7.54;3360364;40806500.000
05/17/2007;7.76;7.92;7.65;7.92;4772509;61988588.000
05/18/2007;7.97;8.31;7.89;8.31;5424173;73717936.000
05/21/2007;7.94;8.72;7.94;8.72;6356686;88636512.000
05/22/2007;8.79;9.15;8.73;9.15;3040557;45655856.000
05/23/2007;9.58;9.61;8.97;9.17;8060511;124509672.000
05/24/2007;9.17;9.18;8.71;8.75;8358545;121566824.000
05/25/2007;8.62;8.90;8.42;8.73;5999958;86007952.000
05/28/2007;8.78;8.97;8.68;8.75;3771330;54860832.000
05/29/2007;8.70;8.84;8.45;8.53;3941320;55825932.000
05/30/2007;8.11;8.36;8.11;8.11;2929885;39364292.000
05/31/2007;7.70;7.88;7.70;7.70;1803601;22945434.000
06/04/2007;7.32;7.32;7.32;7.32;36300;438141.000
06/05/2007;6.95;6.95;6.95;6.95;4200;48174.000
06/06/2007;6.61;6.90;6.61;6.61;6454463;70720464.000
06/07/2007;6.39;6.59;6.28;6.55;9541485;99527664.000
06/08/2007;6.66;6.87;6.66;6.87;4464399;50086328.000
06/11/2007;7.21;7.21;6.53;6.60;7335325;83045728.000
06/12/2007;6.61;6.79;6.27;6.27;6554157;68417296.000
06/13/2007;6.20;6.59;6.20;6.59;2598618;27722804.000
06/14/2007;6.92;6.92;6.48;6.52;5054804;56421184.000
06/15/2007;6.39;6.72;6.35;6.58;2655243;28707636.000
06/18/2007;6.60;6.91;6.60;6.91;4669991;52982208.000
06/19/2007;6.85;7.15;6.82;7.02;2993524;34449500.000
06/20/2007;7.01;7.02;6.67;6.73;3061850;34747192.000
06/21/2007;6.73;6.88;6.55;6.67;2375090;26204528.000
06/22/2007;6.61;7.00;6.36;6.57;3770982;42066524.000
06/25/2007;6.43;6.52;6.24;6.24;2768146;28657320.000
06/26/2007;5.93;5.99;5.93;5.93;2323533;22753680.000
06/27/2007;5.67;6.21;5.64;5.72;4336984;40847184.000
06/28/2007;5.72;5.96;5.44;5.44;2975106;27908852.000
06/29/2007;5.18;5.30;5.16;5.16;2050700;17482752.000
07/02/2007;5.42;5.42;4.97;5.36;2697711;23268772.000
07/03/2007;5.36;5.44;5.25;5.41;1473786;12985402.000
07/04/2007;5.41;5.67;5.33;5.38;1421021;12932116.000
07/05/2007;5.24;5.52;5.24;5.30;1423600;12734021.000
07/06/2007;5.31;5.57;5.27;5.57;3108490;28370946.000
07/09/2007;5.52;5.85;5.47;5.73;3831094;36241032.000
07/10/2007;5.67;5.76;5.46;5.54;1404017;12945424.000
07/11/2007;5.52;5.70;5.43;5.65;1110771;10223368.000
07/12/2007;5.64;5.90;5.64;5.82;1302246;12449377.000
07/13/2007;5.82;5.88;5.73;5.82;1001789;9576454.000
07/16/2007;5.76;5.79;5.53;5.53;1936423;17852288.000
07/17/2007;5.46;5.70;5.34;5.58;909670;8306870.000
07/18/2007;5.46;5.79;5.46;5.67;997563;9338678.000
07/19/2007;5.62;5.82;5.62;5.72;864446;8156794.000
07/20/2007;5.72;5.87;5.72;5.76;1605741;15364757.000
07/23/2007;5.79;5.95;5.70;5.94;2201906;21301662.000
07/24/2007;5.95;6.18;5.84;5.95;1912299;18818300.000
07/25/2007;5.87;6.22;5.86;6.15;1685992;16972088.000
07/26/2007;6.13;6.43;6.01;6.41;2429298;25032296.000
07/27/2007;6.36;6.65;6.27;6.62;1881341;20187420.000
07/30/2007;6.73;6.73;6.56;6.62;2313967;25339196.000
07/31/2007;6.59;6.67;6.28;6.55;2530242;26777952.000
08/01/2007;6.50;6.62;6.22;6.22;2515958;26323976.000
08/02/2007;6.08;6.26;5.97;6.19;2251578;22805952.000
08/03/2007;6.20;6.34;6.17;6.28;1776067;18249152.000
08/06/2007;6.21;6.40;6.18;6.29;1712838;17734306.000
08/07/2007;6.00;6.21;5.99;6.19;3464964;34867112.000
08/08/2007;6.04;6.18;5.88;5.89;2396174;23572338.000
08/09/2007;5.88;6.16;5.87;6.07;1996809;19815944.000
08/10/2007;6.11;6.12;5.77;5.78;2699594;25952784.000
08/13/2007;5.78;5.86;5.70;5.75;1281718;12221254.000
08/14/2007;5.70;6.04;5.70;6.04;1130542;11049731.000
08/15/2007;6.05;6.34;6.03;6.25;2648006;27097476.000
08/16/2007;6.24;6.56;6.09;6.56;3758414;40083320.000
08/17/2007;6.56;6.89;6.54;6.77;3120471;34680676.000
08/20/2007;6.77;6.96;6.61;6.72;2361559;26369852.000
08/21/2007;6.73;6.78;6.61;6.62;1930474;21225936.000
08/22/2007;6.59;6.88;6.55;6.70;1773210;19675178.000
08/23/2007;6.73;6.85;6.55;6.82;2950815;32770256.000
08/24/2007;6.82;7.02;6.67;6.90;3492095;39517436.000
08/27/2007;6.89;7.25;6.89;7.25;5742782;68058704.000
08/28/2007;7.30;7.61;7.24;7.61;4158977;51829192.000
08/29/2007;7.81;7.88;7.23;7.24;5044591;62811560.000
08/30/2007;7.22;7.60;7.22;7.60;2080162;25991796.000
08/31/2007;7.98;7.98;7.88;7.98;1028087;13537257.000
11/08/2007;8.38;8.38;7.58;7.58;4475900;59630256.000
11/09/2007;7.20;7.20;7.20;7.20;269100;3196908.000
11/12/2007;6.84;7.12;6.84;6.84;6688999;75851960.000
11/13/2007;6.85;7.18;6.67;7.18;3696221;43152872.000
11/14/2007;7.27;7.50;7.03;7.15;7522220;90502640.000
12/24/2007;7.20;10.10;7.20;9.11;51046399;456654656.000
12/25/2007;8.65;8.90;8.65;8.65;10511027;91137560.000
12/26/2007;8.31;8.65;8.30;8.51;17855196;150193776.000
12/27/2007;8.45;8.69;8.40;8.59;10498295;89894784.000
12/28/2007;8.58;8.73;8.42;8.70;9806061;84177568.000
01/02/2008;8.80;9.14;8.70;9.14;5949838;53744156.000
01/03/2008;9.50;9.60;9.18;9.35;18210161;171605392.000
01/04/2008;9.36;9.40;8.98;9.31;7085236;65435540.000
01/07/2008;9.30;9.78;9.16;9.77;11798716;112882696.000
01/08/2008;9.78;10.10;9.45;9.55;10342489;101421552.000
01/09/2008;9.50;9.90;9.34;9.82;6848358;66512368.000
01/10/2008;9.90;9.93;9.59;9.65;7800542;75994272.000
01/11/2008;9.65;9.66;9.31;9.43;5557542;52310836.000
01/14/2008;9.43;9.43;9.15;9.31;5475104;50852952.000
01/15/2008;9.29;9.78;9.19;9.78;6763837;64066360.000
01/16/2008;9.98;10.27;9.78;10.27;16641559;169297232.000
01/17/2008;10.50;10.78;9.77;10.77;24491870;258869168.000
01/18/2008;10.97;10.97;10.23;10.23;12487227;130049200.000
01/21/2008;9.75;10.12;9.72;9.72;5473093;53431424.000
01/22/2008;9.23;9.30;9.23;9.23;2703785;24958862.000
01/23/2008;8.80;9.23;8.77;9.06;9769689;86540416.000
01/24/2008;9.09;9.51;8.67;9.50;8952945;82346064.000
01/25/2008;9.48;9.96;9.03;9.09;9998514;95001368.000
01/28/2008;8.95;8.95;8.64;8.64;2773068;24099488.000
01/29/2008;8.21;8.48;8.21;8.27;5931353;48857376.000
01/30/2008;8.30;8.57;8.00;8.36;3828823;31635450.000
01/31/2008;8.30;8.30;7.94;7.94;3662125;29408456.000
02/01/2008;7.57;7.85;7.54;7.54;1971900;14897950.000
02/04/2008;7.54;7.92;7.40;7.92;4411253;34113972.000
02/05/2008;7.85;8.09;7.72;7.91;3180158;25020220.000
02/13/2008;7.80;8.27;7.72;8.08;2434737;19636474.000
02/14/2008;8.28;8.29;8.00;8.14;1916995;15554348.000
02/15/2008;8.10;8.40;8.00;8.32;3099205;25317394.000
02/18/2008;8.43;8.70;8.33;8.61;4125738;35206008.000
02/19/2008;8.66;8.78;8.38;8.59;4032292;34419208.000
02/20/2008;8.59;8.90;8.41;8.75;4862735;42319128.000
02/21/2008;8.73;8.83;8.53;8.62;3324139;28780996.000
02/22/2008;8.65;9.00;8.53;8.88;6237957;55125508.000
02/25/2008;8.88;8.96;8.59;8.63;3501122;30465158.000
02/26/2008;8.67;8.89;8.20;8.20;4057535;33948292.000
02/27/2008;8.10;8.37;8.01;8.36;3476803;28524428.000
02/28/2008;8.28;8.78;8.20;8.78;4445667;38708640.000
02/29/2008;8.88;9.22;8.78;8.99;9714984;88289272.000
03/04/2008;9.34;9.44;9.23;9.44;3570339;33627336.000
03/05/2008;9.67;9.67;8.97;9.10;9622694;88353328.000
03/06/2008;9.10;9.46;8.91;9.20;5526263;50750232.000
03/07/2008;9.00;9.19;8.74;8.95;2771386;24829584.000
03/10/2008;8.92;8.92;8.50;8.50;2561105;22031052.000
03/11/2008;8.32;8.70;8.10;8.67;2216767;18467044.000
03/12/2008;8.63;8.78;8.28;8.34;1866230;15855149.000
03/13/2008;8.28;8.30;7.92;7.97;2378610;19117800.000
03/14/2008;7.88;8.00;7.74;7.91;1171077;9184636.000
03/17/2008;7.91;7.91;7.51;7.51;1414499;10694341.000
03/18/2008;7.14;7.39;7.13;7.13;1624555;11610784.000
03/19/2008;6.90;7.37;6.77;7.15;3064164;21534090.000
03/20/2008;6.79;7.34;6.79;7.29;2454448;17326724.000
03/21/2008;7.29;7.46;7.01;7.19;2011061;14654958.000
03/24/2008;7.19;7.39;7.12;7.15;1935465;13984389.000
03/25/2008;7.10;7.21;7.02;7.20;1321825;9442611.000
03/26/2008;7.25;7.30;6.93;7.02;1441200;10242243.000
03/27/2008;7.05;7.25;6.80;6.92;2407424;17094912.000
03/28/2008;6.79;7.00;6.57;6.95;2215632;14945790.000
03/31/2008;6.99;6.99;6.60;6.60;1439554;9670944.000
04/01/2008;6.60;6.65;6.27;6.27;1225995;7720461.000
04/02/2008;5.96;6.16;5.96;5.96;1501250;8971777.000
04/03/2008;5.66;5.88;5.66;5.74;2019698;11512632.000
04/07/2008;5.72;6.03;5.69;6.03;1267897;7602140.000
04/08/2008;6.33;6.33;6.13;6.33;3119295;19652212.000
04/09/2008;6.41;6.60;6.01;6.01;2816449;17926238.000
04/10/2008;5.73;6.28;5.72;6.20;1699538;10276296.000
04/11/2008;6.20;6.37;6.17;6.19;1484203;9278733.000
04/14/2008;6.19;6.29;5.90;5.90;1510828;9145486.000
04/15/2008;5.80;6.05;5.61;6.02;1611858;9316878.000
04/16/2008;6.04;6.04;5.73;5.81;1156233;6760052.000
04/17/2008;5.80;5.94;5.52;5.52;1562130;8756743.000
04/18/2008;5.41;5.41;5.24;5.24;1493052;7857724.000
04/21/2008;5.50;5.50;5.00;5.09;2057767;10744212.000
04/22/2008;4.99;4.99;4.84;4.93;1410488;6865275.000
04/23/2008;4.92;5.14;4.80;5.10;1614145;8074774.000
04/24/2008;5.36;5.36;5.20;5.36;3399306;18167692.000
04/25/2008;5.39;5.59;5.39;5.44;2440064;13412585.000
04/28/2008;5.35;5.71;5.32;5.71;3556381;19976386.000
04/29/2008;5.79;5.86;5.66;5.77;2766318;15962772.000
04/30/2008;5.80;6.06;5.77;6.06;3151253;18860990.000
05/05/2008;6.17;6.36;6.17;6.36;1679874;10659520.000
05/06/2008;6.53;6.68;6.52;6.68;2438220;16257401.000
05/07/2008;7.01;7.01;6.61;6.76;6308923;43679632.000
05/08/2008;6.42;6.99;6.42;6.78;4616933;30580162.000
05/09/2008;6.76;7.12;6.76;7.12;6413202;45389348.000
05/12/2008;7.10;7.48;7.10;7.48;2993108;22271088.000
05/13/2008;7.79;7.85;7.50;7.85;8892476;69374008.000
05/14/2008;7.46;8.18;7.46;7.67;5058481;39467152.000
05/15/2008;7.63;7.77;7.36;7.48;4406911;33320302.000
05/16/2008;7.50;7.70;7.24;7.40;2826858;21161676.000
05/19/2008;7.46;7.55;7.30;7.47;1343770;10049483.000
05/20/2008;7.45;7.59;7.10;7.10;2250444;16409043.000
05/21/2008;6.82;7.00;6.75;6.91;3895934;26505692.000
05/23/2008;6.86;6.88;6.60;6.75;1950265;13065781.000
05/26/2008;6.67;6.75;6.41;6.48;1944473;12698730.000
05/27/2008;6.35;6.65;6.35;6.63;1276748;8329401.000
05/28/2008;6.63;6.96;6.53;6.96;1706259;11779639.000
05/29/2008;7.20;7.29;7.01;7.10;2583221;18452524.000
05/30/2008;7.20;7.28;7.04;7.16;1406595;10059265.000
06/02/2008;7.27;7.27;7.03;7.16;1168294;8328743.000
06/03/2008;7.16;7.20;6.80;6.80;2080191;14361344.000
06/04/2008;6.66;6.73;6.46;6.50;1444947;9415054.000
06/05/2008;6.48;6.73;6.48;6.57;870020;5743342.000
06/06/2008;6.57;6.65;6.44;6.49;611419;3992437.000
06/10/2008;6.30;6.30;6.17;6.17;254300;1571521.000
06/11/2008;5.86;6.29;5.86;6.03;1773071;10553896.000
06/12/2008;6.04;6.08;5.73;5.73;1501848;8811495.000
06/13/2008;5.45;5.69;5.44;5.50;1432541;7809581.000
06/16/2008;5.50;5.59;5.23;5.24;1318840;6959278.000
06/17/2008;5.20;5.30;4.98;4.98;881619;4463332.000
06/18/2008;4.75;5.16;4.74;5.02;1591956;7917928.000
06/19/2008;5.12;5.27;4.77;4.80;2461361;12363282.000
06/20/2008;4.82;5.02;4.60;4.97;1604487;7888666.000
06/23/2008;4.97;5.06;4.83;4.87;670828;3316745.000
06/24/2008;4.80;5.02;4.80;4.98;490458;2417066.000
06/25/2008;4.98;5.23;4.92;5.23;1204981;6209275.000
06/26/2008;5.33;5.49;5.26;5.49;2447659;13351545.000
06/27/2008;5.40;5.40;5.22;5.22;716700;3757890.000
06/30/2008;4.96;5.34;4.96;5.02;1628106;8177105.000
07/01/2008;5.03;5.03;4.77;4.78;1242740;5985545.000
07/02/2008;4.88;5.01;4.82;4.90;754500;3711821.000
07/03/2008;4.85;5.15;4.79;5.15;1533879;7775328.000
07/04/2008;5.30;5.40;5.10;5.21;2346472;12315181.000
07/07/2008;5.22;5.47;5.17;5.39;1814724;9740967.000
07/08/2008;5.39;5.54;5.17;5.43;2609165;13966757.000
07/09/2008;5.50;5.60;5.33;5.53;2412023;13217269.000
07/10/2008;5.50;5.52;5.25;5.25;2158349;11636178.000
07/11/2008;5.09;5.33;5.09;5.18;1298290;6736115.000
07/14/2008;5.18;5.36;5.14;5.26;1129514;5924812.000
07/16/2008;5.06;5.20;5.00;5.00;1065404;5365404.000
07/17/2008;4.95;5.14;4.81;4.92;1117238;5579214.000
07/18/2008;4.92;5.09;4.81;5.09;880268;4376086.000
07/21/2008;5.05;5.21;5.02;5.18;987962;5086439.000
07/22/2008;5.18;5.26;5.12;5.17;1267463;6567585.000
07/23/2008;5.14;5.43;5.14;5.43;2633853;14121318.000
07/24/2008;5.46;5.65;5.39;5.52;2716341;14905190.000
07/25/2008;5.41;5.57;5.35;5.40;1801942;9869416.000
07/28/2008;5.48;5.60;5.38;5.59;1869629;10313053.000
07/29/2008;5.57;5.78;5.49;5.51;2292833;12885570.000
07/30/2008;5.54;5.67;5.40;5.42;1205380;6617728.000
07/31/2008;5.39;5.48;5.20;5.22;1073880;5700913.000
08/01/2008;5.15;5.40;5.15;5.31;942225;4979573.000
08/04/2008;5.29;5.48;5.29;5.33;1400088;7544171.000
08/05/2008;5.27;5.39;5.15;5.17;1259909;6542918.000
08/06/2008;5.17;5.22;5.05;5.07;764689;3886590.000
08/07/2008;5.08;5.13;5.02;5.05;978765;4926644.000
08/08/2008;5.04;5.15;4.80;4.80;905614;4458834.000
08/11/2008;4.78;4.80;4.56;4.56;820750;3805293.000
08/12/2008;4.34;4.47;4.34;4.35;790650;3463725.000
08/13/2008;4.33;4.47;4.13;4.22;920760;3893769.000
08/14/2008;4.15;4.43;4.10;4.43;867029;3708517.000
08/15/2008;4.50;4.61;4.35;4.36;589962;2629722.000
08/18/2008;4.35;4.39;4.14;4.14;566523;2384496.000
08/19/2008;3.95;4.18;3.93;4.08;588277;2390392.000
08/20/2008;4.01;4.28;3.96;4.28;1405052;5918004.000
08/21/2008;4.20;4.40;4.12;4.12;1049700;4446015.000
08/22/2008;4.02;4.22;4.00;4.07;494530;2008666.000
08/25/2008;4.18;4.27;4.01;4.27;684743;2874707.000
08/26/2008;4.26;4.35;4.06;4.07;692200;2858055.000
08/27/2008;3.87;4.15;3.87;4.02;351945;1412588.000
08/28/2008;4.10;4.12;3.99;4.06;532740;2149773.000
08/29/2008;4.06;4.14;4.02;4.07;440360;1805371.000
09/01/2008;4.02;4.10;3.94;4.02;393164;1578093.000
09/02/2008;4.00;4.06;3.92;4.00;323460;1287578.000
09/03/2008;3.99;4.04;3.96;3.99;311450;1242565.000
09/04/2008;3.98;4.11;3.98;4.10;642095;2602477.000
09/05/2008;4.01;4.01;3.90;3.90;773800;3025163.000
09/08/2008;3.85;3.85;3.71;3.71;747200;2773514.000
09/09/2008;3.54;3.65;3.52;3.52;1008075;3559513.000
09/10/2008;3.44;3.62;3.40;3.58;926575;3259777.000
09/11/2008;3.58;3.73;3.40;3.40;697165;2466731.000
09/12/2008;3.30;3.38;3.23;3.24;1287841;4179988.000
09/16/2008;3.23;3.23;3.08;3.08;629521;1947246.000
09/17/2008;3.14;3.15;2.93;2.93;814825;2409314.000
09/18/2008;2.79;2.87;2.78;2.79;1624767;4522581.000
09/19/2008;2.93;2.93;2.93;2.93;1315648;3854849.000
09/22/2008;3.08;3.08;3.08;3.08;310772;957178.000
09/23/2008;3.10;3.23;2.98;3.00;2769880;8580270.000
09/24/2008;2.85;3.08;2.85;3.04;767476;2306932.000
09/25/2008;3.19;3.19;3.09;3.13;3457158;10959651.000
09/26/2008;3.17;3.17;3.07;3.16;1204234;3762339.000
10/06/2008;3.05;3.31;3.00;3.22;2481305;7929661.000
10/07/2008;3.16;3.20;3.08;3.17;708279;2220296.000
10/08/2008;3.02;3.33;3.02;3.33;3185512;10501256.000
10/09/2008;3.35;3.45;3.25;3.38;3057362;10217023.000
10/10/2008;3.34;3.34;3.21;3.22;1382621;4483718.000
10/13/2008;3.16;3.38;3.16;3.38;2908847;9808277.000
10/14/2008;3.42;3.50;3.26;3.27;2063276;6972386.000
10/15/2008;3.21;3.27;3.11;3.11;1354000;4245132.000
10/16/2008;3.00;3.00;2.95;2.95;563800;1663673.000
10/17/2008;2.80;3.09;2.80;2.87;1214641;3485737.000
10/20/2008;2.93;2.99;2.90;2.97;1117085;3293663.000
10/21/2008;3.05;3.12;2.96;3.12;1943322;6012262.000
10/22/2008;3.10;3.21;3.09;3.12;1791349;5637322.000
10/23/2008;3.10;3.15;2.98;3.11;848377;2595761.000
10/24/2008;3.06;3.13;2.96;3.03;744078;2261848.000
10/27/2008;2.90;2.96;2.88;2.88;1067700;3093631.000
10/28/2008;2.75;2.85;2.74;2.82;1859134;5122226.000
10/29/2008;2.85;2.86;2.68;2.68;927574;2521655.000
10/30/2008;2.70;2.73;2.60;2.65;918725;2457002.000
10/31/2008;2.60;2.70;2.53;2.58;803512;2084868.000
11/03/2008;2.58;2.62;2.45;2.47;1033300;2584804.000
11/04/2008;2.45;2.46;2.35;2.45;904198;2156794.000
11/05/2008;2.48;2.50;2.41;2.48;1055113;2605299.000
11/06/2008;2.42;2.45;2.36;2.37;860321;2042128.000
11/07/2008;2.35;2.49;2.28;2.49;1300226;3147437.000
11/10/2008;2.60;2.61;2.55;2.61;1002763;2611247.000
11/11/2008;2.73;2.74;2.62;2.66;1843910;4997271.000
11/12/2008;2.58;2.74;2.55;2.72;646639;1752332.000
11/13/2008;2.76;2.84;2.68;2.84;1421449;3982865.000
11/14/2008;2.85;2.98;2.85;2.98;2237125;6559557.000
11/27/2008;3.13;3.13;2.92;2.95;2768373;8517232.000
11/28/2008;2.93;2.97;2.80;2.81;1254219;3554236.000
12/01/2008;2.78;2.91;2.70;2.88;1089252;3096992.000
12/02/2008;2.87;2.94;2.75;2.92;1368489;3921002.000
12/03/2008;2.92;3.00;2.90;3.00;1528146;4514991.000
12/04/2008;3.00;3.06;2.95;3.05;3184492;9583599.000
12/05/2008;3.05;3.13;2.98;3.10;2287427;7004378.000
12/08/2008;3.10;3.26;3.08;3.22;2585485;8271852.000
12/09/2008;3.25;3.28;3.12;3.13;2473009;7854346.000
12/10/2008;3.16;3.23;3.13;3.22;1823512;5805946.000
12/11/2008;3.24;3.38;3.24;3.38;3476526;11735884.000
12/12/2008;3.43;3.55;3.31;3.50;7976238;27754764.000
12/15/2008;3.52;3.54;3.33;3.33;3431826;11608794.000
12/16/2008;3.33;3.35;3.16;3.32;2154092;6917074.000
12/17/2008;3.35;3.37;3.24;3.34;2158197;7170921.000
12/18/2008;3.35;3.40;3.29;3.35;2303895;7715084.000
12/19/2008;3.36;3.43;3.32;3.34;2297668;7725938.000
12/22/2008;3.30;3.34;3.17;3.23;2015115;6520714.000
12/23/2008;3.22;3.39;3.21;3.39;5587568;18866256.000
12/24/2008;3.33;3.56;3.22;3.27;5346628;18137884.000
12/25/2008;3.13;3.27;3.11;3.13;3332880;10550963.000
12/26/2008;3.14;3.20;3.09;3.18;1771293;5602238.000
12/29/2008;3.20;3.22;3.03;3.13;1712758;5302119.000
12/30/2008;3.15;3.16;3.07;3.12;1300938;4044562.000
12/31/2008;3.08;3.13;3.01;3.09;1424053;4369897.000
01/05/2009;3.10;3.24;3.07;3.24;2927650;9313703.000
01/06/2009;3.21;3.40;3.20;3.36;2303408;7669153.000
01/07/2009;3.35;3.40;3.30;3.37;1267333;4241195.000
01/08/2009;3.31;3.52;3.28;3.45;3990825;13688303.000
01/09/2009;3.40;3.52;3.36;3.45;1925966;6615478.000
01/12/2009;3.48;3.51;3.39;3.47;1396833;4845141.000
01/13/2009;3.44;3.50;3.30;3.45;1292920;4337161.000
01/14/2009;3.41;3.48;3.28;3.47;1868220;6334912.000
01/15/2009;3.47;3.52;3.37;3.44;1810883;6234923.000
01/16/2009;3.40;3.47;3.40;3.44;1997230;6887107.000
01/21/2009;3.38;3.61;3.38;3.61;4932884;17530912.000
01/22/2009;3.61;3.70;3.55;3.65;2324087;8429214.000
01/23/2009;3.68;3.75;3.60;3.66;1651456;6102687.000
02/02/2009;3.78;3.84;3.71;3.84;1875002;7156053.000
02/03/2009;4.00;4.03;3.94;4.03;5436951;21776608.000
02/04/2009;4.02;4.23;3.99;4.23;5987706;24846864.000
02/05/2009;4.25;4.44;4.04;4.34;4985801;21678992.000
02/06/2009;4.34;4.56;4.34;4.56;4392858;19894152.000
02/09/2009;4.72;4.79;4.72;4.79;7592110;36350036.000
02/10/2009;5.03;5.03;4.91;5.03;4371774;21976144.000
02/11/2009;5.28;5.28;5.02;5.28;3554240;18722246.000
02/12/2009;5.53;5.54;5.36;5.54;8226294;45428504.000
02/13/2009;5.82;5.82;5.55;5.82;6746140;39205224.000
02/16/2009;5.95;5.95;5.53;5.53;12770540;71093632.000
02/17/2009;5.31;5.78;5.25;5.38;12522910;67028072.000
02/18/2009;5.18;5.30;5.11;5.11;4567595;23582998.000
02/19/2009;5.03;5.16;4.85;4.90;4821494;23813516.000
02/20/2009;4.89;5.11;4.81;5.04;4900846;24512572.000
02/23/2009;5.28;5.28;5.07;5.23;6831080;35512084.000
02/24/2009;5.18;5.44;5.13;5.14;7831028;41270136.000
02/25/2009;5.15;5.29;5.13;5.25;3038085;15814564.000
02/26/2009;5.01;5.26;4.99;4.99;4717559;23922224.000
02/27/2009;4.77;4.95;4.74;4.74;3164495;15061942.000
03/02/2009;4.71;4.81;4.52;4.75;1587408;7442312.000
03/03/2009;4.75;4.83;4.61;4.82;1250735;5928293.000
03/04/2009;4.83;5.06;4.83;5.06;3162969;15869869.000
03/05/2009;5.29;5.29;4.92;5.11;3877381;20056180.000
03/06/2009;5.09;5.09;4.93;5.02;1430855;7159804.000
03/09/2009;5.12;5.15;4.78;4.84;1585702;7811073.000
03/10/2009;4.82;5.08;4.68;5.08;2226272;10883059.000
03/11/2009;5.08;5.31;4.98;5.04;3385904;17392848.000
03/12/2009;5.00;5.20;4.92;5.19;3015701;15292332.000
03/13/2009;5.23;5.29;5.05;5.15;3305462;17066890.000
03/16/2009;5.15;5.26;4.96;5.18;2450824;12594044.000
03/17/2009;5.12;5.35;5.12;5.29;3012474;15819216.000
03/18/2009;5.46;5.46;5.15;5.27;3464383;18329230.000
03/19/2009;5.25;5.33;5.18;5.31;2831930;14958463.000
03/20/2009;5.11;5.31;5.11;5.22;2181798;11381273.000
03/23/2009;5.03;5.28;5.03;5.23;2089430;10887064.000
03/24/2009;5.25;5.39;5.11;5.25;4025851;21087488.000
03/25/2009;5.28;5.28;5.16;5.20;2281595;11919104.000
03/26/2009;5.13;5.46;5.10;5.46;6844939;36518192.000
03/27/2009;5.55;5.73;5.51;5.73;11172798;63737792.000
03/30/2009;5.88;5.92;5.60;5.70;7506887;43317788.000
03/31/2009;5.63;5.75;5.43;5.70;3640394;20334404.000
04/01/2009;5.73;5.99;5.68;5.93;7020545;41524592.000
04/02/2009;5.90;6.23;5.89;6.08;7019789;43032912.000
04/03/2009;6.07;6.28;5.81;5.85;4296249;25905140.000
04/07/2009;5.85;5.89;5.71;5.82;2773113;16049420.000
04/08/2009;5.78;5.85;5.64;5.68;2430000;14000878.000
04/09/2009;5.68;5.85;5.60;5.70;1778173;10101672.000
04/10/2009;5.75;5.99;5.70;5.87;4838293;28232956.000
04/13/2009;5.90;6.00;5.72;5.75;4681607;27242658.000
04/14/2009;5.75;5.84;5.65;5.81;2679975;15388559.000
04/15/2009;5.78;5.82;5.62;5.78;3125617;17833984.000
04/16/2009;5.75;5.98;5.69;5.82;3651986;21344952.000
04/17/2009;5.84;6.00;5.72;5.88;3548869;20765958.000
04/21/2009;5.61;6.14;5.61;5.93;6840572;40308300.000
04/22/2009;5.90;5.96;5.63;5.82;4445911;25862546.000
04/23/2009;5.80;6.06;5.69;5.96;4665098;27476312.000
04/24/2009;5.98;6.26;5.95;6.26;6613284;40694488.000
04/27/2009;6.55;6.55;5.95;5.95;7299774;45240976.000
04/28/2009;5.66;5.79;5.65;5.65;3170592;17942982.000
04/29/2009;5.48;5.88;5.42;5.76;2536972;14272579.000
04/30/2009;5.66;5.91;5.61;5.71;2001035;11546902.000
05/04/2009;5.69;5.86;5.69;5.79;2150650;12441815.000
05/05/2009;5.83;6.04;5.77;5.97;8160067;48238356.000
05/06/2009;5.89;6.08;5.78;6.00;4665180;27644240.000
05/07/2009;6.00;6.02;5.83;5.95;3092391;18345388.000
05/08/2009;5.96;6.25;5.92;6.25;6322299;38820744.000
05/12/2009;5.98;6.56;5.94;6.56;11121542;69818048.000
05/13/2009;6.45;6.75;6.38;6.55;10161476;67186792.000
05/14/2009;6.47;6.88;6.38;6.88;8364651;56646408.000
05/15/2009;6.99;7.22;6.73;6.75;9165168;64253112.000
05/18/2009;6.74;6.85;6.41;6.67;5821932;38138652.000
05/19/2009;6.71;6.74;6.52;6.65;4459084;29471620.000
05/20/2009;6.62;6.72;6.56;6.58;2638492;17472996.000
05/21/2009;6.53;6.62;6.25;6.25;7120672;44797936.000
05/22/2009;6.23;6.24;5.96;6.20;4120506;25233122.000
05/25/2009;5.90;6.25;5.90;6.18;4383723;26473510.000
05/26/2009;6.14;6.30;6.07;6.07;2748094;16958316.000
05/27/2009;6.13;6.15;6.01;6.08;2625946;15956219.000
06/01/2009;6.13;6.38;6.08;6.22;4615961;28998672.000
06/02/2009;6.22;6.29;6.11;6.18;3158962;19561748.000
06/03/2009;6.15;6.34;6.14;6.24;1918121;11985447.000
06/04/2009;6.25;6.38;6.20;6.30;3705972;23270916.000
06/05/2009;6.32;6.62;6.32;6.62;7118281;46771304.000
06/08/2009;6.72;6.92;6.62;6.76;5471939;37050456.000
06/09/2009;6.75;6.84;6.45;6.66;3927618;26119280.000
06/10/2009;6.57;6.93;6.53;6.86;4122387;27645822.000
06/11/2009;6.83;7.11;6.58;6.65;4059920;27589304.000
06/12/2009;6.75;6.76;6.55;6.64;3024577;20090018.000
06/15/2009;6.60;6.70;6.45;6.55;2329524;15222308.000
06/16/2009;6.56;6.75;6.43;6.55;3047151;20041932.000
06/17/2009;6.60;6.63;6.46;6.60;2475997;16236672.000
06/18/2009;6.66;6.66;6.45;6.54;3191027;20871226.000
06/19/2009;6.48;6.54;6.29;6.41;4346293;27746802.000
06/22/2009;6.73;6.73;6.73;6.73;927460;6241806.000
06/23/2009;7.07;7.07;7.07;7.07;1069054;7558212.000
06/24/2009;7.38;7.38;6.74;6.88;12091091;84431256.000
06/25/2009;6.88;7.22;6.71;7.22;10165927;71823152.000
06/26/2009;7.20;7.58;7.18;7.58;6523166;49130236.000
06/29/2009;7.69;7.96;7.58;7.63;7591500;59852880.000
06/30/2009;7.58;8.01;7.50;7.68;6713231;51967872.000
07/01/2009;7.78;7.90;7.56;7.69;4842640;37460756.000
07/02/2009;7.80;7.85;7.61;7.68;3243023;24948892.000
07/03/2009;7.68;7.90;7.55;7.83;3457320;26747638.000
07/06/2009;7.78;8.22;7.63;8.22;6347765;50850704.000
07/07/2009;8.27;8.39;7.96;8.05;4031763;33135404.000
07/08/2009;8.08;8.23;7.90;8.19;2866812;23077492.000
07/09/2009;8.24;8.31;8.11;8.20;2231030;18335120.000
07/10/2009;8.21;8.61;8.20;8.55;5704765;48730604.000
07/13/2009;8.50;8.70;8.33;8.56;3329511;28350532.000
07/14/2009;8.61;8.70;8.13;8.27;7221818;60394252.000
07/15/2009;8.30;8.30;7.98;8.16;6013917;48758544.000
07/16/2009;8.11;8.31;8.07;8.27;4530575;37137528.000
07/17/2009;8.20;8.26;7.99;8.12;2944018;23880096.000
07/20/2009;8.12;8.25;8.06;8.23;2601565;21162036.000
07/21/2009;8.15;8.23;8.08;8.17;2481441;20204200.000
07/22/2009;8.14;8.50;8.06;8.27;6040199;50442596.000
07/23/2009;8.27;8.67;8.00;8.59;6806616;57541632.000
07/24/2009;8.59;8.84;8.30;8.44;4059361;34597480.000
07/27/2009;8.40;8.82;8.37;8.77;5111241;44486900.000
07/28/2009;8.82;8.82;8.56;8.65;2755780;23872154.000
07/29/2009;8.61;8.71;8.22;8.22;3840607;32209732.000
07/30/2009;8.18;8.63;7.81;8.62;6485216;52623320.000
07/31/2009;8.60;9.00;8.50;8.88;5148846;45520336.000
08/03/2009;8.75;8.89;8.50;8.59;2953671;25648076.000
08/04/2009;8.50;8.71;8.40;8.65;4740765;40583960.000
08/05/2009;8.77;8.77;8.22;8.36;6031907;50336024.000
08/06/2009;8.30;8.32;8.00;8.12;3115973;25208188.000
08/07/2009;8.19;8.19;7.71;7.71;3717899;29408512.000
08/10/2009;7.75;8.04;7.75;7.90;2975897;23525312.000
08/11/2009;7.95;7.98;7.78;7.90;1249299;9851453.000
08/12/2009;7.90;7.90;7.51;7.69;3515482;26722148.000
08/13/2009;7.51;7.68;7.40;7.53;1388131;10438719.000
08/14/2009;7.51;7.62;7.20;7.25;3468630;25358148.000
08/17/2009;7.25;7.25;6.89;6.89;1423560;9912491.000
08/18/2009;6.55;6.87;6.55;6.65;3685863;24407516.000
08/19/2009;6.78;6.78;6.32;6.32;1926947;12578010.000
08/20/2009;6.48;6.54;6.08;6.48;2317719;14650116.000
08/21/2009;6.43;6.78;6.30;6.76;2032125;13435482.000
08/24/2009;6.66;6.85;6.61;6.72;1865691;12554408.000
08/25/2009;6.62;6.69;6.38;6.39;2998222;19269040.000
08/26/2009;6.41;6.63;6.30;6.60;2245504;14650211.000
08/27/2009;6.55;6.93;6.28;6.75;3757994;25450944.000
08/28/2009;6.67;6.87;6.50;6.67;1973070;13133905.000
08/31/2009;6.59;6.67;6.34;6.34;1788160;11502062.000
09/01/2009;6.10;6.33;6.02;6.02;3508364;21323398.000
09/02/2009;5.98;5.98;5.72;5.76;3022068;17440408.000
09/03/2009;5.85;6.05;5.84;6.04;2789570;16715152.000
09/04/2009;6.04;6.25;5.98;6.13;2469987;15093111.000
09/07/2009;6.22;6.28;6.04;6.12;3434569;21118162.000
09/08/2009;6.12;6.43;6.00;6.43;5791310;36185072.000
09/09/2009;6.45;6.70;6.35;6.42;4821322;31147234.000
09/10/2009;6.40;6.50;6.22;6.27;2545756;16136741.000
09/11/2009;6.20;6.48;6.18;6.40;2400615;15336829.000
09/14/2009;6.44;6.61;6.35;6.58;2891379;18917468.000
09/15/2009;6.58;6.65;6.50;6.56;2766242;18159598.000
09/16/2009;6.56;6.64;6.40;6.60;2489194;16212124.000
09/17/2009;6.60;6.93;6.56;6.81;3225842;21794076.000
09/18/2009;6.81;6.87;6.47;6.50;2520631;16803000.000
09/21/2009;6.35;6.49;6.18;6.45;2421560;15304707.000
09/22/2009;6.34;6.68;6.33;6.39;2776972;18068760.000
09/23/2009;6.39;6.48;6.25;6.40;2083172;13280641.000
09/24/2009;6.33;6.44;6.25;6.43;1911687;12133903.000
09/25/2009;6.38;6.75;6.36;6.59;9836112;65529360.000
09/28/2009;6.40;6.88;6.35;6.66;5705106;38142660.000
09/29/2009;6.60;6.88;6.33;6.60;6636260;43929800.000
09/30/2009;6.60;6.75;6.45;6.58;3765731;24690070.000
10/09/2009;6.59;6.85;6.54;6.76;3604158;24188820.000
10/12/2009;6.80;6.99;6.71;6.87;3495736;23967544.000
10/13/2009;6.89;6.93;6.73;6.88;3012914;20555086.000
10/14/2009;7.10;7.10;6.82;6.87;3241110;22394346.000
10/15/2009;6.88;6.90;6.69;6.80;2651434;17988196.000
10/16/2009;6.80;6.86;6.63;6.80;2644309;17704922.000
10/19/2009;6.72;6.88;6.72;6.86;2836843;19348522.000
10/20/2009;6.90;7.20;6.83;7.20;6875179;48666028.000
10/21/2009;7.20;7.40;7.12;7.18;5421841;39192076.000
10/22/2009;7.08;7.19;6.90;7.15;3589570;25253152.000
10/23/2009;7.12;7.29;7.08;7.15;2337168;16772396.000
10/26/2009;7.15;7.17;6.95;7.05;2989239;21050892.000
10/27/2009;6.98;7.05;6.88;6.90;2712934;18817228.000
10/28/2009;6.91;6.97;6.80;6.91;1966643;13541688.000
10/29/2009;6.81;6.87;6.56;6.56;4450563;29517020.000
10/30/2009;6.56;6.72;6.56;6.57;2595308;17229366.000
11/02/2009;6.43;6.70;6.31;6.70;2333410;15349879.000
11/03/2009;6.70;6.92;6.66;6.91;3009767;20449256.000
11/04/2009;6.91;7.04;6.83;6.94;2504513;17416468.000
11/05/2009;7.00;7.01;6.90;6.96;2027226;14087051.000
11/06/2009;7.09;7.31;7.06;7.31;5800969;42220344.000
11/09/2009;7.50;7.65;7.33;7.42;7703402;57657344.000
11/10/2009;7.42;7.50;7.35;7.42;2853701;21180700.000
11/11/2009;7.44;7.79;7.40;7.79;6983787;54216828.000
11/12/2009;7.81;8.17;7.70;7.93;7235188;57652604.000
11/13/2009;7.94;8.10;7.65;7.96;4568018;35964408.000
11/16/2009;7.96;8.04;7.83;7.95;4217877;33379152.000
11/17/2009;7.97;7.99;7.61;7.80;4293639;33457556.000
11/18/2009;7.76;7.96;7.65;7.87;3000825;23528996.000
11/19/2009;7.80;8.10;7.80;8.05;4450565;35606184.000
11/20/2009;8.04;8.40;7.96;8.25;5069324;41794984.000
11/23/2009;8.23;8.51;8.09;8.45;4977301;41356592.000
11/24/2009;8.49;8.85;8.10;8.24;7230170;61722592.000
11/25/2009;8.17;8.50;8.10;8.42;4050275;33613408.000
11/26/2009;8.33;8.57;8.00;8.00;4747329;38842152.000
11/27/2009;7.71;7.94;7.60;7.65;3879893;29921220.000
11/30/2009;7.65;7.85;7.65;7.85;2038755;15892353.000
12/01/2009;7.86;8.18;7.86;8.06;2178212;17496588.000
12/02/2009;8.13;8.30;8.05;8.27;2795050;22833344.000
12/03/2009;8.32;8.45;8.24;8.28;4025936;33469036.000
12/07/2009;8.27;8.32;8.00;8.21;3267280;26584348.000
12/08/2009;8.22;8.29;7.98;8.17;3178574;25686424.000
12/09/2009;8.28;8.58;8.16;8.58;4331414;36895944.000
12/10/2009;8.58;8.75;8.26;8.32;5570428;47281648.000
12/11/2009;8.40;8.50;8.19;8.28;2931780;24490392.000
12/14/2009;8.29;8.29;7.87;8.09;3168061;25313746.000
12/15/2009;8.22;8.24;8.06;8.11;1987586;16162890.000
12/16/2009;8.03;8.15;7.70;7.84;2967250;23394958.000
12/17/2009;7.87;7.94;7.58;7.70;1920620;14800076.000
12/18/2009;7.68;7.70;7.37;7.37;1646918;12314753.000
12/21/2009;7.21;7.45;7.21;7.44;1373566;10113232.000
12/22/2009;7.44;7.56;7.28;7.29;1325735;9862592.000
12/23/2009;7.45;7.65;7.33;7.65;3999250;30475726.000
12/25/2009;7.70;7.89;7.61;7.63;3626246;28034620.000
12/28/2009;7.58;7.82;7.50;7.78;2262461;17440372.000
12/29/2009;7.79;7.85;7.69;7.78;1368736;10621397.000
12/30/2009;7.78;7.83;7.56;7.61;2064755;15759670.000
12/31/2009;7.59;7.69;7.39;7.53;3039789;22756216.000
01/04/2010;7.63;7.83;7.60;7.71;3271114;25338560.000
01/05/2010;7.72;7.74;7.48;7.53;3240536;24551250.000
01/06/2010;7.50;7.81;7.49;7.55;2464570;18840376.000
01/07/2010;7.61;7.62;7.33;7.38;1702534;12728686.000
01/08/2010;7.36;7.52;7.31;7.49;1008553;7464468.000
01/11/2010;7.50;7.56;7.40;7.49;1629175;12197431.000
01/12/2010;7.57;7.80;7.38;7.77;2982600;22656056.000
01/13/2010;7.60;7.99;7.53;7.70;3313808;25738492.000
01/14/2010;7.70;7.85;7.69;7.77;3010133;23368628.000
01/15/2010;7.76;7.92;7.70;7.87;3448618;27007226.000
01/18/2010;7.85;7.99;7.73;7.99;4528910;35683396.000
01/19/2010;7.91;8.02;7.91;7.95;3603297;28655888.000
01/20/2010;7.96;7.96;7.61;7.61;3762317;29294048.000
01/21/2010;7.65;7.74;7.55;7.65;2105055;16092420.000
01/22/2010;7.58;7.66;7.27;7.28;3582748;26375220.000
01/25/2010;7.29;7.40;7.18;7.26;1999132;14532252.000
01/26/2010;7.26;7.28;6.90;6.90;2037310;14250893.000
01/27/2010;6.80;6.93;6.56;6.83;2421057;16393200.000
01/28/2010;6.80;6.92;6.76;6.81;1102252;7521384.000
01/29/2010;6.65;6.91;6.63;6.83;2133119;14570516.000
02/01/2010;6.94;6.94;6.79;6.86;1573620;10790972.000
02/02/2010;6.87;6.94;6.75;6.75;1571851;10773246.000
02/03/2010;6.70;6.71;6.41;6.60;2900231;18889168.000
02/04/2010;6.60;6.71;6.27;6.70;2673057;17374968.000
02/05/2010;6.45;6.60;6.37;6.51;1676627;10945365.000
02/08/2010;6.62;6.83;6.50;6.74;1792092;12007153.000
02/09/2010;6.75;6.76;6.50;6.67;1247742;8284715.000
02/10/2010;6.65;6.75;6.63;6.71;896961;5997549.000
02/11/2010;6.76;6.91;6.69;6.89;1795394;12265679.000
02/12/2010;6.89;7.09;6.85;6.97;1709407;11968641.000
02/22/2010;6.95;7.04;6.87;6.97;1168815;8125786.000
02/23/2010;6.97;7.00;6.80;6.99;976281;6736514.000
02/24/2010;7.00;7.10;6.94;7.10;2546479;17871244.000
02/25/2010;7.10;7.22;7.05;7.19;2078163;14790597.000
02/26/2010;7.16;7.20;7.05;7.06;2032601;14407085.000
03/01/2010;7.09;7.19;7.05;7.14;2058740;14652763.000
03/02/2010;7.15;7.46;7.07;7.41;3421158;24921166.000
03/03/2010;7.40;7.68;7.30;7.55;3468931;25887940.000
03/04/2010;7.59;7.59;7.17;7.19;2948035;21609640.000
03/05/2010;7.18;7.27;7.16;7.20;1276508;9219846.000
03/08/2010;7.21;7.35;7.18;7.29;1350392;9841327.000
03/09/2010;7.27;7.32;7.20;7.24;1356062;9826063.000
03/10/2010;7.20;7.22;7.06;7.09;1556067;11099760.000
03/11/2010;7.06;7.19;7.06;7.13;1176382;8384715.000
03/12/2010;7.17;7.18;7.05;7.06;1157701;8238989.000
03/15/2010;7.05;7.35;7.01;7.19;2042426;14713841.000
03/16/2010;7.19;7.30;7.15;7.25;1450062;10475418.000
03/17/2010;7.30;7.40;7.22;7.36;2807484;20555012.000
03/18/2010;7.33;7.40;7.29;7.32;1722631;12627308.000
03/19/2010;7.33;7.45;7.30;7.43;2818173;20784744.000
03/22/2010;7.43;7.57;7.34;7.43;3214873;23942032.000
03/23/2010;7.48;7.57;7.41;7.44;2583700;19333284.000
