600961 株冶集团 日线
      日期	    开盘	    最高	    最低	    收盘	    成交量	    成交额
08/30/2004;2.74;2.91;2.60;2.86;75132248;345825536.000
08/31/2004;3.04;3.20;2.97;3.11;69427037;352316288.000
09/01/2004;3.03;3.03;2.86;2.89;29099855;140659072.000
09/02/2004;2.88;3.02;2.87;2.99;21615311;104899832.000
09/03/2004;2.97;2.98;2.81;2.86;15618291;74839128.000
09/06/2004;2.86;2.91;2.84;2.89;6599832;31423216.000
09/07/2004;2.89;3.02;2.89;2.97;14506211;70783040.000
09/08/2004;2.97;3.00;2.92;2.95;6744168;32890278.000
09/09/2004;2.95;3.05;2.84;3.04;14999643;72923336.000
09/10/2004;3.02;3.13;2.97;3.01;18767009;93678096.000
09/13/2004;3.00;3.11;2.95;3.07;15007105;74915624.000
09/14/2004;3.09;3.35;3.08;3.15;31416486;162687888.000
09/15/2004;3.14;3.49;3.13;3.35;36707273;197454016.000
09/16/2004;3.36;3.46;3.29;3.40;20394760;110766504.000
09/17/2004;3.40;3.54;3.35;3.47;22090891;122126184.000
09/20/2004;3.54;3.69;3.46;3.66;24694364;139389552.000
09/21/2004;3.67;3.89;3.54;3.83;19561691;114967984.000
09/22/2004;3.80;4.15;3.71;4.01;19495651;120348856.000
09/23/2004;4.01;4.08;3.83;4.03;17943212;110910352.000
09/24/2004;4.03;4.20;3.81;3.83;20675070;130112928.000
09/27/2004;3.87;4.01;3.66;3.71;14813926;88917248.000
09/28/2004;3.71;3.91;3.69;3.88;10705348;64498796.000
09/29/2004;3.88;3.96;3.81;3.86;8690296;53404632.000
09/30/2004;3.84;3.90;3.67;3.75;6811491;40785584.000
10/08/2004;3.73;4.06;3.60;4.03;11656133;70423528.000
10/11/2004;4.03;4.17;3.94;3.97;13284304;84621632.000
10/12/2004;3.94;4.09;3.91;3.94;8287759;51899720.000
10/13/2004;3.94;4.00;3.82;3.91;5986836;36838248.000
10/14/2004;3.82;3.87;3.46;3.46;13591466;78225568.000
10/15/2004;3.39;3.45;3.21;3.34;8143651;43683728.000
10/18/2004;3.36;3.50;3.26;3.46;5522462;30152862.000
10/19/2004;3.46;3.56;3.38;3.41;5895403;32736596.000
10/20/2004;3.41;3.49;3.39;3.46;5036263;27719160.000
10/21/2004;3.46;3.54;3.31;3.35;4440083;24468332.000
10/22/2004;3.08;3.24;2.97;3.17;10454833;53137340.000
10/25/2004;3.20;3.26;3.06;3.08;4849303;24829932.000
10/26/2004;3.06;3.11;2.87;3.11;6263608;30696710.000
10/27/2004;3.08;3.20;2.94;3.19;6551640;32949840.000
10/29/2004;2.98;3.17;2.91;3.04;5099556;25622284.000
11/01/2004;3.02;3.14;2.98;3.12;2707345;13576345.000
11/02/2004;3.13;3.33;3.13;3.26;10744513;56565404.000
11/03/2004;3.26;3.34;3.22;3.33;5104411;27084068.000
11/04/2004;3.33;3.34;3.14;3.14;4248317;22262172.000
11/05/2004;3.15;3.20;3.10;3.14;2863504;14656796.000
11/08/2004;3.13;3.13;3.04;3.11;1871724;9422787.000
11/09/2004;3.13;3.14;3.08;3.13;1331840;6766329.000
11/10/2004;3.15;3.31;3.09;3.29;5009520;26263348.000
11/11/2004;3.31;3.39;3.23;3.25;7825555;41803344.000
11/12/2004;3.24;3.34;3.23;3.29;4069081;21647960.000
11/15/2004;3.29;3.38;3.29;3.38;3321751;17856940.000
11/16/2004;3.41;3.43;3.35;3.41;4701027;25653744.000
11/17/2004;3.42;3.43;3.28;3.31;3183989;17099200.000
11/18/2004;3.31;3.35;3.28;3.34;1831934;9828336.000
11/19/2004;3.36;3.36;3.28;3.33;2228911;11921914.000
11/22/2004;3.33;3.37;3.29;3.33;2976951;15987234.000
11/23/2004;3.32;3.33;3.23;3.25;3318603;17576374.000
11/24/2004;3.24;3.31;3.22;3.25;2118588;11207949.000
11/25/2004;3.25;3.40;3.25;3.34;5742789;31046976.000
11/26/2004;3.35;3.47;3.34;3.41;5947901;32730128.000
11/29/2004;3.41;3.42;3.29;3.31;2435243;13118675.000
11/30/2004;3.31;3.35;3.29;3.34;1374452;7368716.000
12/01/2004;3.36;3.43;3.36;3.40;3063983;16730958.000
12/02/2004;3.40;3.41;3.30;3.35;2139714;11518095.000
12/03/2004;3.36;3.43;3.31;3.41;3345747;18263720.000
12/06/2004;3.41;3.42;3.34;3.40;1858054;10100543.000
12/07/2004;3.40;3.47;3.37;3.44;6125881;33836520.000
12/08/2004;3.44;3.54;3.42;3.43;5637127;31473604.000
12/09/2004;3.43;3.55;3.35;3.48;5456270;30285374.000
12/10/2004;3.47;3.48;3.30;3.31;3699056;20087638.000
12/13/2004;3.28;3.29;3.16;3.19;2810668;14661549.000
12/14/2004;3.20;3.26;3.18;3.20;1099835;5733657.000
12/15/2004;3.20;3.26;3.08;3.20;2778683;14328185.000
12/16/2004;3.20;3.23;3.14;3.14;825991;4254159.000
12/17/2004;3.12;3.17;3.09;3.11;951900;4852100.000
12/20/2004;3.08;3.11;3.06;3.09;1027562;5177636.000
12/21/2004;3.09;3.17;3.08;3.09;561661;2848086.000
12/22/2004;3.11;3.23;3.11;3.21;1584559;8174922.000
12/23/2004;3.20;3.24;3.12;3.13;899449;4638662.000
12/24/2004;3.11;3.16;3.10;3.11;638018;3249519.000
12/27/2004;3.11;3.17;3.11;3.15;436720;2234432.000
12/28/2004;3.14;3.14;2.98;3.00;1901850;9526822.000
12/29/2004;3.00;3.04;2.82;2.89;2569818;12400616.000
12/30/2004;2.89;2.94;2.84;2.91;911253;4359344.000
12/31/2004;2.92;2.96;2.84;2.85;763640;3650826.000
01/04/2005;2.85;2.85;2.75;2.77;1192495;5526898.000
01/05/2005;2.77;2.87;2.74;2.83;1028823;4796070.000
01/06/2005;2.82;2.89;2.82;2.86;1123999;5320311.000
01/07/2005;2.85;2.90;2.80;2.81;1019847;4805914.000
01/10/2005;2.77;2.86;2.77;2.86;643324;3013162.000
01/11/2005;2.86;2.91;2.83;2.90;807494;3836986.000
01/12/2005;2.90;2.92;2.84;2.89;640366;3049878.000
01/13/2005;2.88;2.96;2.86;2.94;1371554;6620775.000
01/14/2005;2.94;2.95;2.81;2.81;1131411;5400771.000
01/17/2005;2.76;2.89;2.70;2.83;1871119;8689624.000
01/18/2005;2.84;2.92;2.84;2.91;1442067;6872375.000
01/19/2005;2.91;2.91;2.83;2.86;998475;4721338.000
01/20/2005;2.83;2.88;2.72;2.81;1208166;5639010.000
01/21/2005;2.80;3.00;2.80;2.98;3660891;17652952.000
01/24/2005;3.11;3.17;3.00;3.03;3090638;15449767.000
01/25/2005;3.00;3.03;2.92;2.99;1446425;7038837.000
01/26/2005;2.97;2.97;2.91;2.92;867890;4200911.000
01/27/2005;2.91;2.94;2.80;2.82;1068789;5076666.000
01/28/2005;2.77;2.83;2.74;2.77;1217245;5624554.000
01/31/2005;2.70;2.78;2.70;2.71;764545;3486059.000
02/01/2005;2.71;2.83;2.70;2.74;866524;3994532.000
02/02/2005;2.76;2.98;2.76;2.95;2448775;11664750.000
02/03/2005;2.96;3.01;2.85;2.85;2124637;10233523.000
02/04/2005;2.85;2.95;2.83;2.92;1380208;6614007.000
02/16/2005;2.93;3.00;2.90;2.94;1454810;7073189.000
02/17/2005;2.89;2.94;2.89;2.93;888497;4263144.000
02/18/2005;2.92;2.93;2.86;2.86;1007698;4814937.000
02/21/2005;2.85;2.97;2.84;2.94;1627351;7850237.000
02/22/2005;2.94;3.07;2.93;3.06;4204081;20839052.000
02/23/2005;3.05;3.14;3.02;3.12;5685110;28822544.000
02/24/2005;3.12;3.17;3.08;3.16;2954178;15060985.000
02/25/2005;3.16;3.18;3.09;3.10;3707507;18943432.000
02/28/2005;3.19;3.29;3.18;3.22;8305421;43631288.000
03/01/2005;3.22;3.34;3.22;3.30;7733686;41167048.000
03/02/2005;3.31;3.33;3.11;3.12;4906358;25546368.000
03/03/2005;3.10;3.24;3.09;3.22;4240422;21894656.000
03/04/2005;3.23;3.25;3.13;3.15;2136191;11025944.000
03/07/2005;3.15;3.17;3.10;3.12;1569670;8006033.000
03/08/2005;3.17;3.23;3.14;3.21;3194459;16593333.000
03/09/2005;3.20;3.20;3.11;3.14;4858549;24855724.000
03/10/2005;3.12;3.17;3.03;3.06;3774420;19158018.000
03/11/2005;3.05;3.16;3.00;3.15;2998401;15094126.000
03/14/2005;3.17;3.23;3.10;3.23;6374914;32913922.000
03/15/2005;3.20;3.25;3.11;3.11;2939580;15193620.000
03/16/2005;3.11;3.14;3.01;3.01;2344584;11732549.000
03/17/2005;3.00;3.05;2.87;2.88;2283809;11151525.000
03/18/2005;2.88;2.92;2.84;2.85;1477800;7020031.000
03/21/2005;2.85;2.89;2.77;2.86;1479176;6944094.000
03/22/2005;2.86;2.88;2.69;2.75;2269776;10421100.000
03/23/2005;2.75;2.81;2.69;2.74;1323892;6073928.000
03/24/2005;2.73;2.80;2.73;2.80;770938;3555268.000
03/25/2005;2.81;2.81;2.74;2.76;765663;3537734.000
03/28/2005;2.74;2.74;2.42;2.52;3967112;16920680.000
03/29/2005;2.49;2.54;2.46;2.48;1369636;5830547.000
03/30/2005;2.44;2.46;2.34;2.35;2034492;8313385.000
03/31/2005;2.33;2.39;2.32;2.39;1249210;5072180.000
04/01/2005;2.40;2.60;2.34;2.53;2255518;9480297.000
04/04/2005;2.46;2.51;2.40;2.43;1438793;6046609.000
04/05/2005;2.39;2.45;2.35;2.35;1299108;5342096.000
04/06/2005;2.36;2.49;2.35;2.46;1600900;6644635.000
04/07/2005;2.47;2.58;2.45;2.49;2642930;11313971.000
04/08/2005;2.47;2.56;2.46;2.54;1798218;7682987.000
04/11/2005;2.54;2.57;2.50;2.54;1732255;7448467.000
04/12/2005;2.54;2.64;2.52;2.54;3515893;15322368.000
04/13/2005;2.57;2.63;2.56;2.62;2792834;12240823.000
04/14/2005;2.63;2.63;2.48;2.49;1985827;8552922.000
04/18/2005;2.39;2.40;2.17;2.23;3794199;14841807.000
04/19/2005;2.23;2.25;2.17;2.22;1498810;5772206.000
04/20/2005;2.23;2.23;2.09;2.16;1698876;6405677.000
04/21/2005;2.15;2.18;2.10;2.11;1008905;3775396.000
04/22/2005;2.11;2.17;2.09;2.12;1182887;4435353.000
04/25/2005;2.11;2.11;1.89;1.97;1998009;7028076.000
04/26/2005;1.95;2.06;1.94;2.03;1483528;5306306.000
04/27/2005;2.04;2.05;1.90;1.91;1633000;5750364.000
04/28/2005;1.91;2.09;1.91;2.08;2158972;7791814.000
04/29/2005;2.13;2.26;2.13;2.17;5476418;21035318.000
05/09/2005;2.22;2.22;2.00;2.05;1582789;5586247.000
05/10/2005;2.05;2.11;1.96;2.11;1545952;5268700.000
05/11/2005;2.15;2.17;2.08;2.08;1635845;5815978.000
05/12/2005;2.06;2.11;1.93;2.06;1376973;4738013.000
05/13/2005;2.05;2.10;2.03;2.09;1314497;4547162.000
05/16/2005;2.06;2.06;1.99;2.01;1208388;4100817.000
05/17/2005;2.00;2.06;1.98;2.03;1047484;3583872.000
05/18/2005;2.03;2.08;2.00;2.06;842689;2890780.000
05/19/2005;2.06;2.11;2.01;2.10;1454651;5030327.000
05/20/2005;2.09;2.12;2.06;2.08;1119384;3920585.000
05/23/2005;2.08;2.08;1.96;1.98;1014250;3413222.000
05/24/2005;1.96;2.04;1.94;2.01;977489;3303740.000
05/25/2005;1.99;2.09;1.98;2.09;1630954;5624703.000
05/26/2005;2.06;2.09;2.01;2.03;796154;2735334.000
05/27/2005;2.06;2.09;2.02;2.03;689900;2376905.000
05/30/2005;2.04;2.12;2.02;2.12;1760754;6165577.000
05/31/2005;2.17;2.17;2.08;2.11;2519496;8899389.000
06/01/2005;2.08;2.11;2.03;2.06;1021438;3521351.000
06/02/2005;2.05;2.08;2.00;2.03;833953;2849667.000
06/03/2005;2.03;2.06;1.99;2.00;747023;2534505.000
06/06/2005;1.97;2.04;1.94;2.03;1122306;3762113.000
06/07/2005;2.03;2.09;2.01;2.03;1172800;4040143.000
06/08/2005;2.01;2.26;2.01;2.22;4760540;17074912.000
06/09/2005;2.20;2.30;2.15;2.26;5315296;19542842.000
06/10/2005;2.26;2.26;2.13;2.15;2526841;9144689.000
06/13/2005;2.15;2.18;2.11;2.16;1732896;6172806.000
06/14/2005;2.16;2.18;2.07;2.09;2061924;7334133.000
06/15/2005;2.06;2.08;1.99;2.00;1609626;5488565.000
06/16/2005;2.00;2.04;1.99;2.03;1173462;3982880.000
06/17/2005;2.04;2.05;2.00;2.01;1003309;3406235.000
06/20/2005;2.01;2.10;1.96;2.10;2076342;7121304.000
06/21/2005;2.11;2.11;2.04;2.05;1193445;4132531.000
06/22/2005;1.99;2.06;1.93;2.06;2987242;10038246.000
06/23/2005;2.02;2.06;1.99;1.99;1537996;5254262.000
06/24/2005;1.99;2.03;1.98;2.03;922212;3116406.000
06/27/2005;2.04;2.14;2.03;2.09;3140036;11035012.000
06/28/2005;2.06;2.06;2.00;2.01;1599749;5429293.000
06/29/2005;2.01;2.04;1.99;2.00;851600;2886385.000
06/30/2005;1.99;2.00;1.93;1.94;2118681;7008538.000
07/01/2005;1.92;1.92;1.69;1.69;4458349;13536748.000
07/04/2005;1.65;1.65;1.47;1.54;3639148;9893095.000
07/05/2005;1.49;1.55;1.49;1.51;1232547;3365484.000
07/06/2005;1.51;1.56;1.50;1.52;1050620;2878284.000
07/07/2005;1.52;1.57;1.51;1.55;948805;2618909.000
07/08/2005;1.54;1.54;1.39;1.39;1466801;3885370.000
07/11/2005;1.39;1.47;1.32;1.34;1626323;4195072.000
07/12/2005;1.32;1.45;1.31;1.44;2776282;7123819.000
07/13/2005;1.44;1.44;1.40;1.41;1432581;3703042.000
07/14/2005;1.40;1.43;1.37;1.38;1052010;2691310.000
07/15/2005;1.40;1.41;1.33;1.34;1445212;3613704.000
07/18/2005;1.31;1.33;1.23;1.32;1787747;4304990.000
07/19/2005;1.34;1.40;1.29;1.37;2009784;4992421.000
07/20/2005;1.37;1.37;1.30;1.33;1435700;3546374.000
07/21/2005;1.32;1.34;1.26;1.31;1199552;2907086.000
07/22/2005;1.31;1.40;1.29;1.36;2520310;6320460.000
07/25/2005;1.36;1.43;1.35;1.41;2017262;5150339.000
07/26/2005;1.40;1.46;1.39;1.43;3254264;8469958.000
07/27/2005;1.43;1.47;1.40;1.46;2707006;7085021.000
07/28/2005;1.46;1.58;1.43;1.54;7402171;20143916.000
07/29/2005;1.51;1.51;1.47;1.50;2928062;7878115.000
08/01/2005;1.49;1.51;1.46;1.51;1954480;5244032.000
08/02/2005;1.51;1.58;1.51;1.58;4143549;11472558.000
08/03/2005;1.58;1.67;1.55;1.60;5730544;16392226.000
08/04/2005;1.60;1.68;1.55;1.66;5292547;15165108.000
08/05/2005;1.66;1.77;1.65;1.76;9524799;28298098.000
08/08/2005;1.77;1.78;1.70;1.76;5502614;16627049.000
08/09/2005;1.76;1.79;1.71;1.78;3674340;11152149.000
08/10/2005;1.78;1.79;1.70;1.78;4354799;13211166.000
08/11/2005;1.77;1.78;1.74;1.77;4516111;13770761.000
08/12/2005;1.77;1.86;1.71;1.72;6844593;21079232.000
08/15/2005;1.71;1.88;1.71;1.86;5750341;17911466.000
08/16/2005;1.86;1.96;1.80;1.91;9314727;30051648.000
08/17/2005;1.89;2.03;1.86;2.00;7528004;24943754.000
08/18/2005;2.00;2.09;1.85;1.86;7536740;25555722.000
08/19/2005;1.86;1.96;1.81;1.89;3762969;12019310.000
08/22/2005;1.87;1.96;1.86;1.91;2158932;7066265.000
08/23/2005;1.91;1.91;1.79;1.83;2027323;6426034.000
08/24/2005;1.83;1.87;1.77;1.83;2017506;6340046.000
08/25/2005;1.83;1.86;1.80;1.86;1385623;4352086.000
08/26/2005;1.86;1.91;1.83;1.88;1722727;5513784.000
08/29/2005;1.86;1.89;1.80;1.82;1440238;4536601.000
08/30/2005;1.80;1.85;1.80;1.82;873069;2733066.000
08/31/2005;1.82;1.87;1.78;1.87;1858213;5847722.000
09/01/2005;1.87;1.94;1.86;1.94;3147042;10279633.000
09/02/2005;1.94;1.97;1.91;1.94;2160622;7096510.000
09/05/2005;1.94;2.03;1.94;2.03;4139049;13983591.000
09/06/2005;2.06;2.06;1.91;1.93;3442556;11563024.000
09/07/2005;1.91;2.04;1.91;2.03;4096496;13715837.000
09/08/2005;2.06;2.21;2.06;2.14;10938476;39108880.000
09/09/2005;2.14;2.14;2.05;2.06;4229476;14785068.000
09/12/2005;2.06;2.17;2.06;2.15;4575470;16284235.000
09/13/2005;2.15;2.21;2.14;2.18;4706826;17022342.000
09/14/2005;2.18;2.26;2.14;2.20;4683700;17041296.000
09/15/2005;2.20;2.20;2.14;2.17;2786479;10027236.000
09/16/2005;2.17;2.21;2.13;2.20;2638075;9551488.000
09/29/2005;2.02;2.15;1.94;2.12;4084590;14245295.000
09/30/2005;2.09;2.19;2.09;2.18;2709066;9732650.000
10/10/2005;2.19;2.19;2.06;2.07;1200192;4240423.000
10/11/2005;2.06;2.13;2.06;2.11;1163410;4073162.000
10/12/2005;2.11;2.34;2.10;2.28;4189070;15547317.000
10/13/2005;2.26;2.34;2.20;2.23;3328397;12417300.000
10/14/2005;2.23;2.28;2.19;2.20;4207355;15530928.000
11/02/2005;1.88;1.98;1.82;1.92;8093580;19532924.000
11/03/2005;1.92;2.15;1.90;2.04;9155040;23102696.000
11/04/2005;2.02;2.08;1.97;2.04;3316620;8353452.000
11/07/2005;2.05;2.06;1.97;2.02;2494891;6258461.000
11/08/2005;2.00;2.08;1.98;2.05;2644431;6689987.000
11/09/2005;2.04;2.11;2.00;2.07;3186866;8162826.000
11/10/2005;2.04;2.07;1.96;1.96;2680500;6695804.000
11/11/2005;1.93;1.98;1.92;1.95;1423755;3483825.000
11/14/2005;1.94;1.97;1.89;1.93;1780627;4305789.000
11/15/2005;1.94;1.97;1.91;1.95;2155587;5252064.000
11/16/2005;1.95;1.99;1.88;1.98;2257588;5530382.000
11/17/2005;2.00;2.08;2.00;2.03;5224954;13317375.000
11/18/2005;2.00;2.24;2.00;2.16;11740877;31198486.000
11/21/2005;2.17;2.21;2.12;2.17;4913583;13101173.000
11/22/2005;2.16;2.18;2.09;2.10;3866315;10123330.000
11/23/2005;2.07;2.15;2.07;2.13;1874860;4922415.000
11/24/2005;2.13;2.16;2.10;2.12;2302410;6069958.000
11/25/2005;2.12;2.15;2.09;2.09;2821485;7352697.000
11/28/2005;2.10;2.14;2.08;2.13;1964223;5121571.000
11/29/2005;2.13;2.15;2.05;2.07;1693327;4390779.000
11/30/2005;2.06;2.10;2.02;2.10;2078907;5298263.000
12/01/2005;2.10;2.10;2.04;2.06;869080;2233636.000
12/02/2005;2.06;2.07;1.96;1.98;2397097;5984058.000
12/05/2005;1.97;1.97;1.88;1.88;2495655;6028919.000
12/06/2005;1.85;1.96;1.84;1.95;1797428;4355388.000
12/07/2005;1.93;1.96;1.90;1.96;1227590;2993522.000
12/08/2005;1.96;1.96;1.90;1.92;1031787;2502834.000
12/09/2005;1.92;2.05;1.91;2.03;2643872;6605549.000
12/12/2005;2.05;2.12;2.00;2.10;3260332;8387977.000
12/13/2005;2.10;2.12;2.03;2.09;1786360;4575684.000
12/14/2005;2.08;2.12;2.04;2.11;2545274;6605619.000
12/15/2005;2.10;2.15;2.06;2.06;2778743;7243553.000
12/16/2005;2.05;2.14;2.04;2.13;3195068;8345969.000
12/19/2005;2.13;2.20;2.13;2.15;5241522;14018675.000
12/20/2005;2.15;2.17;2.12;2.17;2444986;6472780.000
12/21/2005;2.18;2.18;2.09;2.10;2702147;7099418.000
12/22/2005;2.09;2.12;2.06;2.11;1871521;4857274.000
12/23/2005;2.11;2.17;2.08;2.16;2969327;7834013.000
12/26/2005;2.18;2.22;2.15;2.18;4432063;11893862.000
12/27/2005;2.18;2.19;2.14;2.16;1907583;5082358.000
12/28/2005;2.16;2.17;2.14;2.17;2086320;5548114.000
12/29/2005;2.17;2.17;2.13;2.17;3920186;10393258.000
01/04/2006;2.16;2.25;2.10;2.23;7221975;19584328.000
01/05/2006;2.24;2.26;2.19;2.25;6585100;17971184.000
01/06/2006;2.25;2.30;2.23;2.25;6355461;17578100.000
01/09/2006;2.25;2.40;2.24;2.38;9813000;27929172.000
01/10/2006;2.38;2.48;2.35;2.48;10578047;30995076.000
01/11/2006;2.48;2.72;2.45;2.57;17134853;53017056.000
01/12/2006;2.55;2.63;2.51;2.61;6599262;20210646.000
01/13/2006;2.60;2.61;2.49;2.55;6662857;20307516.000
01/16/2006;2.54;2.67;2.45;2.54;8894788;27340568.000
01/17/2006;2.51;2.56;2.48;2.51;4622727;13912259.000
01/18/2006;2.51;2.63;2.49;2.60;6326577;19502430.000
01/19/2006;2.65;2.68;2.57;2.63;7765495;24339848.000
01/20/2006;2.63;2.85;2.61;2.82;14837034;48331192.000
01/23/2006;2.83;3.05;2.82;3.01;16227247;55968200.000
01/24/2006;3.02;3.10;2.82;2.83;13048499;45079532.000
01/25/2006;2.81;2.92;2.70;2.88;9135594;30326176.000
02/06/2006;2.91;3.21;2.89;3.15;14141679;50368032.000
02/07/2006;3.17;3.30;3.08;3.17;14483217;53166008.000
02/08/2006;3.08;3.08;2.88;2.91;10094342;34880324.000
02/09/2006;2.87;2.95;2.85;2.93;6287637;21342898.000
02/10/2006;2.93;2.96;2.77;2.79;9047583;30117168.000
02/13/2006;2.75;2.78;2.57;2.65;7568076;23969998.000
02/14/2006;2.65;2.77;2.63;2.75;4715392;15248947.000
02/15/2006;2.75;2.78;2.69;2.70;4081305;13204929.000
02/16/2006;2.68;2.68;2.57;2.59;5818561;18127970.000
02/17/2006;2.57;2.64;2.52;2.56;3810157;11778205.000
02/20/2006;2.55;2.62;2.52;2.53;3491986;10706538.000
02/21/2006;2.53;2.65;2.53;2.65;3926611;12145435.000
02/22/2006;2.67;2.70;2.62;2.63;3591348;11352173.000
02/23/2006;2.65;2.66;2.56;2.62;2906471;9023115.000
02/24/2006;2.60;2.63;2.56;2.61;2848468;8801390.000
02/27/2006;2.63;2.65;2.57;2.59;2549030;7930888.000
02/28/2006;2.56;2.58;2.45;2.51;5268381;15773195.000
03/01/2006;2.51;2.59;2.50;2.55;2706415;8266927.000
03/02/2006;2.55;2.63;2.51;2.55;4841118;14870938.000
03/03/2006;2.55;2.60;2.52;2.59;3200491;9808910.000
03/06/2006;2.61;2.66;2.59;2.60;4628276;14451346.000
03/07/2006;2.60;2.60;2.46;2.47;3404617;10270402.000
03/08/2006;2.47;2.49;2.35;2.40;3198105;9298082.000
03/09/2006;2.40;2.40;2.29;2.31;2890121;8207566.000
03/10/2006;2.33;2.36;2.31;2.32;1697077;4806200.000
03/13/2006;2.32;2.37;2.32;2.37;1378755;3924952.000
03/14/2006;2.38;2.43;2.33;2.41;2335207;6715565.000
03/15/2006;2.52;2.62;2.50;2.60;10740757;32996086.000
03/16/2006;2.58;2.67;2.56;2.64;7477665;23380808.000
03/17/2006;2.64;2.64;2.55;2.58;3079593;9506465.000
03/20/2006;2.59;2.66;2.59;2.65;4799080;15063588.000
03/21/2006;2.67;2.75;2.65;2.67;6721858;21498464.000
03/22/2006;2.69;2.74;2.65;2.73;7022486;22532548.000
03/24/2006;3.05;3.05;3.05;3.05;5626591;19974398.000
03/27/2006;3.30;3.31;2.98;3.05;29806907;108275648.000
03/28/2006;3.05;3.29;3.01;3.20;20749356;76750064.000
03/29/2006;3.20;3.57;3.12;3.57;29577396;116083208.000
03/30/2006;3.57;3.88;3.51;3.61;34086793;141421056.000
03/31/2006;3.61;3.84;3.56;3.70;25234700;106537736.000
04/03/2006;3.66;4.06;3.61;3.94;24372729;106109872.000
04/04/2006;4.01;4.38;3.96;4.33;37127097;175465008.000
04/05/2006;4.29;4.57;4.22;4.49;25112056;122377152.000
04/06/2006;4.50;4.99;4.50;4.99;28235995;151905152.000
04/07/2006;5.10;5.54;5.05;5.54;28536366;165901760.000
04/10/2006;5.68;5.90;5.12;5.70;33963134;204640896.000
04/11/2006;5.70;6.04;5.45;5.58;25924021;162025264.000
04/12/2006;5.50;5.58;5.10;5.29;23218294;134768992.000
04/13/2006;5.13;5.45;5.02;5.26;24408607;140344096.000
04/14/2006;5.25;5.68;5.12;5.60;21404554;125905304.000
04/17/2006;5.55;5.62;5.20;5.24;17397799;102127656.000
04/18/2006;5.25;5.81;5.25;5.81;25746557;155739456.000
04/19/2006;5.91;6.42;5.57;6.17;26709044;169804320.000
04/20/2006;6.12;6.83;6.05;6.83;32360736;228160832.000
04/21/2006;6.65;7.54;6.41;7.28;27910720;210482432.000
04/24/2006;7.50;8.05;7.49;8.05;20312165;167470816.000
04/25/2006;8.15;8.90;8.10;8.90;23878052;218698368.000
04/26/2006;9.20;9.48;7.97;7.97;40364041;362616800.000
04/27/2006;7.68;8.18;7.14;7.69;43942984;353173760.000
04/28/2006;7.40;8.04;7.14;7.79;27970886;225930176.000
05/08/2006;8.18;8.61;8.11;8.61;31232034;276602208.000
05/09/2006;8.65;8.92;8.28;8.47;26423714;234917056.000
05/10/2006;8.57;9.27;8.19;9.09;30632470;278814080.000
05/11/2006;9.10;9.95;8.80;9.20;32753736;323017504.000
05/12/2006;9.20;9.78;9.17;9.61;31081931;307887840.000
05/15/2006;9.65;10.61;9.64;10.61;30233502;320768576.000
05/16/2006;10.00;10.00;9.51;9.51;20420517;205740672.000
05/17/2006;8.93;9.08;8.52;8.52;19823219;178958944.000
05/18/2006;7.90;8.48;7.63;7.87;24355744;199516384.000
05/19/2006;7.92;8.21;7.50;7.82;18479128;154563168.000
05/22/2006;7.30;7.68;7.00;7.47;31064286;236325728.000
05/23/2006;7.45;8.06;7.31;7.67;28360972;230881856.000
05/24/2006;8.14;8.48;7.67;7.97;22726500;192395792.000
05/25/2006;7.58;7.58;7.14;7.22;13061548;100290288.000
05/26/2006;7.32;7.48;7.01;7.35;12013543;92256552.000
05/29/2006;7.55;7.69;7.26;7.62;11354427;89913976.000
05/30/2006;7.60;8.05;7.34;7.87;16971528;138228800.000
05/31/2006;7.65;7.78;7.34;7.38;13483138;106803456.000
06/01/2006;7.20;7.55;7.10;7.41;11159827;86100824.000
06/02/2006;7.20;7.25;7.05;7.09;14301929;107731920.000
06/05/2006;7.15;7.49;7.10;7.40;11142062;86220000.000
06/06/2006;7.35;7.35;7.10;7.15;8015307;60630940.000
06/07/2006;7.05;7.05;6.40;6.65;15627771;111190560.000
06/08/2006;6.68;6.89;6.61;6.76;10504125;75616376.000
06/09/2006;6.50;6.53;6.11;6.30;8702519;58798128.000
06/12/2006;6.22;6.55;6.18;6.32;6727683;45670244.000
06/13/2006;6.36;6.91;6.36;6.90;16396082;116239760.000
06/14/2006;6.60;6.80;6.41;6.73;10259871;72156624.000
06/15/2006;6.78;7.03;6.77;6.89;9625205;70492848.000
06/16/2006;6.99;7.16;6.89;6.96;7838730;57933500.000
06/19/2006;6.95;7.20;6.71;7.05;9847090;73515440.000
06/20/2006;6.96;7.11;6.77;7.00;9310722;68065648.000
06/21/2006;6.95;7.40;6.87;7.16;16024737;121831536.000
06/22/2006;7.25;7.28;7.00;7.02;8317307;62494036.000
06/23/2006;6.98;7.00;6.82;6.95;5173558;37778408.000
06/26/2006;6.95;7.05;6.88;6.97;5062502;37242872.000
06/27/2006;6.98;7.17;6.94;7.12;7050373;52655488.000
06/28/2006;7.08;7.35;7.01;7.27;8547802;64899320.000
06/29/2006;7.31;8.02;7.31;7.90;21917689;178490544.000
06/30/2006;8.02;8.48;8.02;8.05;20055379;173558576.000
07/03/2006;8.21;8.60;8.15;8.59;13922328;121595520.000
07/04/2006;8.52;9.00;8.38;8.63;18909731;171542128.000
07/05/2006;8.48;8.60;7.73;8.02;15666583;133642360.000
07/06/2006;7.94;8.21;7.86;8.17;7883920;66961420.000
07/07/2006;8.43;8.43;8.18;8.24;9572457;83291840.000
07/10/2006;8.19;8.21;7.75;7.93;6998825;58379352.000
07/11/2006;7.90;8.35;7.78;8.33;9364025;79760328.000
07/14/2006;8.08;8.57;7.48;7.80;12935240;108228960.000
07/17/2006;7.72;7.95;7.49;7.71;10091062;81713120.000
07/18/2006;7.69;7.96;7.40;7.94;11805664;96415944.000
07/19/2006;7.83;7.83;7.42;7.43;6588450;52576672.000
07/20/2006;7.45;7.66;7.32;7.36;4199591;32917464.000
07/21/2006;7.25;7.25;6.83;7.14;7964614;59391732.000
07/24/2006;6.94;7.04;6.78;6.96;4185604;30603488.000
07/25/2006;6.98;7.23;6.98;7.18;4884524;36919884.000
07/26/2006;7.32;7.32;7.15;7.18;2976455;22671084.000
07/27/2006;7.18;7.24;6.95;7.07;3138366;23448810.000
07/28/2006;7.14;7.44;7.00;7.36;6342061;48388072.000
07/31/2006;7.29;7.53;7.15;7.25;6016948;46663764.000
08/01/2006;7.30;7.42;7.12;7.38;5359227;41331852.000
08/02/2006;7.58;7.69;7.28;7.50;11166049;88254112.000
08/03/2006;7.49;7.56;6.95;7.08;7093663;54333664.000
08/04/2006;6.96;7.07;6.44;6.46;6860246;49097036.000
08/07/2006;6.28;6.72;6.28;6.54;4989147;34728372.000
08/08/2006;6.58;6.75;6.58;6.74;2843438;20162148.000
08/09/2006;6.76;6.80;6.59;6.68;2821352;19957892.000
08/10/2006;6.76;6.95;6.72;6.93;4451720;32427316.000
08/11/2006;6.90;6.92;6.71;6.87;3555064;25666132.000
08/14/2006;6.85;6.97;6.66;6.69;4777038;34517560.000
08/15/2006;6.68;6.88;6.61;6.84;2937407;21073430.000
08/16/2006;6.84;7.24;6.78;7.11;7476386;55850484.000
08/18/2006;7.04;7.28;6.88;6.97;4911526;36777952.000
08/21/2006;6.65;7.08;6.58;7.05;4035119;29443870.000
08/22/2006;7.00;7.53;7.00;7.39;9379117;72271632.000
08/23/2006;7.31;7.53;7.25;7.29;8800014;68732480.000
08/24/2006;7.27;7.40;7.12;7.38;5004119;38366452.000
08/25/2006;7.38;7.44;7.22;7.25;4296087;33256868.000
08/28/2006;7.26;7.60;7.17;7.54;8585410;67266800.000
08/29/2006;7.58;7.78;7.46;7.48;9680743;77602680.000
08/30/2006;7.44;7.49;7.35;7.41;4295876;33571992.000
08/31/2006;7.42;7.60;7.40;7.60;5319647;42140444.000
09/01/2006;7.65;7.73;7.44;7.44;7710407;61764224.000
09/04/2006;7.40;7.49;7.37;7.47;4744910;37165528.000
09/05/2006;7.47;7.47;7.35;7.37;4379133;34216436.000
09/06/2006;7.54;7.72;7.46;7.69;10261008;82276032.000
09/07/2006;7.73;7.78;7.50;7.51;6004327;48166804.000
09/08/2006;7.45;7.51;7.38;7.41;3223763;25198060.000
09/11/2006;7.38;7.38;6.90;7.13;6549951;49143248.000
09/12/2006;6.91;7.22;6.90;7.12;3539657;26507188.000
09/13/2006;7.08;7.16;6.95;6.97;3628884;26939856.000
09/14/2006;6.95;7.07;6.93;7.06;2128767;15767215.000
09/15/2006;7.05;7.05;6.89;6.98;4021186;29576012.000
09/18/2006;6.92;7.16;6.92;7.10;3472038;25780314.000
09/19/2006;7.14;7.22;7.11;7.17;4038060;30505768.000
09/20/2006;7.22;7.70;7.22;7.50;13257086;104415088.000
09/21/2006;7.50;7.57;7.37;7.44;4818229;37727284.000
09/22/2006;7.50;7.53;7.18;7.19;3822092;29401784.000
09/25/2006;7.18;7.19;6.99;7.06;3657209;27321294.000
09/26/2006;7.06;7.06;6.92;6.98;2749403;20238924.000
09/27/2006;6.94;7.09;6.94;7.08;1474334;10946415.000
09/28/2006;7.30;7.66;7.30;7.46;12144973;96411504.000
09/29/2006;7.52;7.55;7.37;7.43;4993131;39129424.000
10/09/2006;7.50;7.59;7.40;7.59;5762342;45586624.000
10/10/2006;7.61;7.89;7.59;7.75;9531172;77820136.000
10/11/2006;7.73;7.76;7.53;7.60;4362925;34983648.000
10/12/2006;7.64;7.82;7.59;7.60;5228570;42366804.000
10/13/2006;7.68;7.78;7.60;7.66;5049988;40869576.000
10/16/2006;7.70;7.77;7.61;7.72;3638313;29424232.000
10/17/2006;7.81;8.18;7.81;7.99;14061107;118368744.000
10/18/2006;7.93;8.08;7.81;8.04;6409278;53448312.000
10/19/2006;8.04;8.10;7.93;8.09;6747046;56996792.000
10/20/2006;8.20;8.78;8.09;8.45;22394703;198384224.000
10/23/2006;8.45;8.57;8.00;8.01;10759729;93540864.000
10/24/2006;8.02;8.25;8.01;8.18;5873530;50196464.000
10/25/2006;8.21;8.39;8.01;8.20;6169968;52923548.000
10/26/2006;8.29;8.37;8.05;8.07;4811129;41147944.000
10/27/2006;8.09;8.12;7.69;7.71;7318916;59981908.000
10/30/2006;7.70;8.04;7.57;7.99;5789679;47461352.000
10/31/2006;7.90;8.12;7.78;8.00;5814914;48743892.000
11/01/2006;8.00;8.60;8.00;8.38;14147686;123647976.000
11/02/2006;8.41;8.68;8.28;8.59;16424072;145972928.000
11/03/2006;8.63;8.63;8.30;8.42;10580937;93714008.000
11/06/2006;8.40;9.10;8.25;8.96;19664600;180815344.000
11/07/2006;9.02;9.19;8.76;9.05;17855794;167342128.000
11/08/2006;9.08;9.10;8.56;8.57;10343308;95377936.000
11/09/2006;8.52;8.65;8.20;8.55;10882759;96188096.000
11/10/2006;8.59;8.79;8.23;8.30;8847784;78638904.000
11/13/2006;8.10;8.28;7.69;7.74;8555635;71346504.000
11/14/2006;7.69;7.99;7.65;7.98;5087391;41821904.000
11/15/2006;7.97;8.00;7.80;7.98;3935096;32771166.000
11/16/2006;7.98;8.06;7.82;7.85;5157460;42957976.000
11/17/2006;7.78;7.89;7.77;7.84;3856410;31708332.000
11/20/2006;7.77;7.85;7.51;7.72;8376105;67376472.000
11/21/2006;7.74;7.99;7.74;7.99;5926088;49312352.000
11/22/2006;8.11;8.30;8.03;8.10;8556767;73663440.000
11/23/2006;8.12;8.20;8.00;8.15;5038028;42802160.000
11/24/2006;8.13;8.55;8.10;8.42;9329566;82086056.000
11/27/2006;8.51;8.97;8.51;8.63;14195433;129666824.000
11/28/2006;8.59;8.65;8.40;8.43;7914022;70383120.000
11/29/2006;8.30;8.76;8.17;8.68;9504668;84996240.000
11/30/2006;8.71;8.92;8.59;8.69;11165166;102169712.000
12/01/2006;8.78;8.96;8.66;8.80;11940704;110014576.000
12/04/2006;8.81;9.05;8.76;8.86;12279269;113912272.000
12/05/2006;8.90;9.14;8.76;9.13;18048311;168634784.000
12/06/2006;9.23;9.30;8.60;8.85;15730775;147252336.000
12/07/2006;8.78;8.80;8.39;8.41;13936359;125712120.000
12/08/2006;8.32;8.61;8.13;8.23;9020371;78750296.000
12/11/2006;8.24;8.49;8.24;8.49;4338165;38090640.000
12/12/2006;8.55;8.58;8.25;8.57;5807038;51300188.000
12/13/2006;8.67;8.88;8.59;8.83;10275294;94206824.000
12/14/2006;8.95;8.99;8.80;8.88;7651415;70970456.000
12/15/2006;8.89;9.20;8.89;9.03;10290691;97442592.000
12/18/2006;9.10;9.28;9.02;9.16;11576482;110499240.000
12/19/2006;9.15;9.15;8.72;8.85;10727918;99327584.000
12/20/2006;8.77;8.96;8.72;8.87;5734624;53061508.000
12/21/2006;8.78;9.16;8.74;8.83;9231375;86450656.000
12/22/2006;8.76;8.85;8.65;8.72;4520696;41398440.000
12/25/2006;8.75;8.87;8.70;8.74;4586474;42098872.000
12/26/2006;8.74;8.81;8.54;8.57;4832800;43689360.000
12/27/2006;8.57;8.82;8.57;8.74;3662955;33456852.000
12/28/2006;8.78;8.80;8.43;8.48;5690519;51036388.000
12/29/2006;8.55;8.82;8.50;8.77;6696977;61035084.000
01/04/2007;8.89;9.00;8.75;8.84;12796750;118367240.000
01/05/2007;8.80;9.06;8.75;9.05;8772930;82174088.000
01/08/2007;9.05;9.87;9.05;9.81;17496274;172866080.000
01/09/2007;9.88;10.10;9.60;9.83;13723049;140797952.000
01/10/2007;9.83;10.65;9.80;10.64;17073297;183736480.000
01/11/2007;10.75;11.41;10.40;10.56;19220542;218080112.000
01/12/2007;10.53;11.09;10.03;10.05;15439390;167891568.000
01/16/2007;11.08;11.10;10.65;11.09;17937699;202451488.000
01/17/2007;11.10;11.89;10.90;11.42;20006294;237900336.000
01/18/2007;11.43;11.79;11.02;11.60;11732876;138609632.000
01/19/2007;11.60;12.24;11.60;11.97;12631522;155938432.000
01/22/2007;12.12;12.22;11.85;12.16;13039988;161806480.000
01/23/2007;12.01;12.53;11.40;12.25;15790363;194796464.000
01/24/2007;12.23;12.26;11.90;11.96;8685765;108201144.000
01/25/2007;11.89;11.89;11.33;11.36;9774449;116808912.000
01/26/2007;11.11;12.03;11.05;11.94;13375678;161337632.000
01/29/2007;12.08;12.98;11.99;12.79;18184487;233407680.000
01/30/2007;12.75;12.78;12.22;12.39;11896269;153028048.000
01/31/2007;12.35;12.45;11.19;11.39;10436630;128391552.000
02/01/2007;11.29;11.75;11.18;11.55;7566830;90100528.000
02/02/2007;11.57;11.73;10.87;10.92;7515510;87233400.000
02/05/2007;10.90;10.95;10.56;10.66;6268957;69833976.000
02/06/2007;10.75;11.20;10.75;11.18;4536255;51732968.000
02/07/2007;11.40;11.74;11.25;11.48;7534335;89680160.000
02/08/2007;11.52;12.00;11.37;11.96;7309744;88724376.000
02/09/2007;12.00;12.05;11.66;11.81;5274705;64486748.000
02/12/2007;11.85;12.17;11.85;12.06;5589700;69506200.000
02/13/2007;12.06;12.60;12.06;12.44;5845066;74828520.000
02/14/2007;12.43;12.78;12.43;12.60;7186981;93510696.000
02/15/2007;12.82;12.96;12.60;12.84;7235968;95556912.000
02/16/2007;12.98;13.38;12.75;13.13;9490600;127967280.000
02/26/2007;13.35;14.48;13.29;14.48;11989290;174166592.000
02/27/2007;14.71;15.40;12.99;13.00;20198814;296980928.000
02/28/2007;13.11;14.34;13.11;14.34;11033491;156657360.000
03/01/2007;14.96;15.30;14.38;14.87;20742307;316518304.000
03/02/2007;14.87;15.05;14.21;14.62;10279869;154302864.000
03/05/2007;14.46;14.49;13.20;14.01;12284527;175692352.000
03/06/2007;13.93;14.04;13.50;13.96;6012000;85451736.000
03/07/2007;14.18;15.10;14.18;15.09;10277788;155640160.000
03/08/2007;15.09;15.80;14.78;14.85;18652048;290866816.000
03/09/2007;14.80;15.45;14.78;14.97;12363745;191437296.000
03/12/2007;14.88;15.15;14.41;14.78;10869390;164417072.000
03/13/2007;14.85;14.87;14.46;14.64;7949725;118892992.000
03/14/2007;14.50;14.50;13.94;14.16;7306899;106730168.000
03/15/2007;14.10;14.52;14.09;14.27;5688954;83723440.000
03/16/2007;14.33;14.80;14.20;14.37;8396018;125592008.000
03/19/2007;13.81;14.56;13.70;14.22;7295438;106978304.000
03/20/2007;14.22;14.70;14.22;14.55;6260844;93555416.000
03/21/2007;14.86;15.10;14.61;14.95;7353917;112217232.000
03/22/2007;15.30;15.49;15.11;15.19;14783524;232547232.000
03/23/2007;15.19;16.10;14.91;16.10;16367873;261626048.000
03/26/2007;16.50;16.77;16.10;16.18;13805075;230802464.000
03/27/2007;16.18;16.38;15.84;16.21;9818440;161853072.000
03/28/2007;16.21;16.26;15.10;15.71;11333807;182982112.000
03/29/2007;15.71;16.40;15.46;15.68;10190952;165950576.000
03/30/2007;15.59;15.84;15.31;15.61;4422513;70619104.000
04/02/2007;15.61;15.80;15.56;15.74;4955543;79748184.000
04/03/2007;15.90;16.10;15.60;16.05;7946188;129051032.000
04/04/2007;16.07;16.14;15.65;15.80;6766073;110087744.000
04/05/2007;15.88;15.92;15.66;15.86;6430337;104333632.000
04/09/2007;16.60;16.80;16.25;16.39;12994285;219155424.000
04/10/2007;16.46;18.04;16.25;17.81;20290601;354434784.000
04/11/2007;17.90;19.19;17.61;18.88;23512561;443947808.000
04/12/2007;18.98;20.10;18.98;19.86;20925673;418682080.000
04/13/2007;20.07;20.07;19.10;19.15;20716319;413699808.000
04/16/2007;19.10;19.58;18.95;19.44;10387416;205210240.000
04/17/2007;19.51;19.96;18.95;19.65;18354640;365468000.000
04/18/2007;19.65;21.05;19.41;20.35;14761696;305967968.000
04/19/2007;20.05;20.34;18.28;18.53;13219674;257946832.000
04/20/2007;18.58;19.39;18.58;19.28;8319744;162746000.000
04/23/2007;19.40;20.18;19.34;20.03;10619136;214983504.000
04/24/2007;20.15;20.39;19.70;19.84;11729827;239571072.000
04/25/2007;19.77;19.77;18.80;19.37;9146206;179123584.000
04/26/2007;18.91;19.29;18.61;19.01;10796931;208460720.000
04/27/2007;18.79;18.99;18.50;18.63;8681254;165482608.000
04/30/2007;18.48;18.90;18.40;18.69;8396179;159656160.000
05/08/2007;19.26;19.58;19.15;19.22;10314140;203438368.000
05/09/2007;19.33;19.40;18.30;18.64;9156994;175032384.000
05/10/2007;18.66;19.58;18.66;19.53;13507840;267393312.000
05/14/2007;19.05;20.30;18.83;20.03;12231921;245238864.000
05/15/2007;19.95;19.95;18.60;18.66;9786227;192252640.000
05/16/2007;18.61;19.18;18.41;18.95;6232685;119968088.000
05/17/2007;19.11;19.32;18.96;19.14;6709070;128957696.000
05/18/2007;19.10;19.10;18.60;18.78;8805750;165993248.000
05/21/2007;17.91;19.10;17.86;18.89;10309513;194032320.000
05/22/2007;18.92;19.69;18.92;19.51;12369061;240661136.000
05/23/2007;19.54;19.89;19.54;19.84;11593923;229826528.000
05/24/2007;19.89;20.39;19.41;19.86;13581840;271270240.000
05/25/2007;19.77;20.50;19.70;20.50;16766181;341575808.000
05/28/2007;21.06;22.10;21.06;21.74;18826819;410601856.000
05/29/2007;21.91;22.12;21.35;21.63;14629556;319025024.000
05/30/2007;19.90;21.20;19.46;19.46;14506080;292481632.000
05/31/2007;18.90;19.46;17.50;18.65;13801796;254156032.000
06/01/2007;18.60;20.08;18.48;18.82;15091213;292635104.000
06/04/2007;18.90;19.13;16.93;16.93;9000137;157558928.000
06/05/2007;15.59;16.88;15.23;16.79;13034352;207118368.000
06/06/2007;17.18;17.62;16.50;17.52;11204325;193853568.000
06/07/2007;17.60;18.21;17.38;17.82;9006734;161605200.000
06/08/2007;17.86;19.08;17.60;18.75;13769983;253715696.000
06/11/2007;18.91;19.78;18.90;19.09;12294385;238994768.000
06/12/2007;19.10;20.38;18.86;20.31;15111965;299382656.000
06/13/2007;20.65;20.90;20.20;20.31;15691043;323014496.000
06/14/2007;20.22;21.33;19.59;20.62;15412764;319459968.000
06/15/2007;20.40;21.85;20.12;21.39;15734758;335837888.000
06/18/2007;22.10;22.32;21.45;21.64;13453186;295220480.000
06/19/2007;21.85;21.86;20.90;21.12;8265470;176560848.000
06/20/2007;21.06;21.06;19.70;19.92;10611855;218925344.000
06/21/2007;19.76;20.72;19.72;20.17;7478339;151597184.000
06/22/2007;20.17;20.27;18.19;18.51;9410454;180237168.000
06/25/2007;18.61;19.09;17.20;17.41;7126886;130638456.000
06/26/2007;17.20;18.19;16.90;18.15;6974521;123136840.000
06/27/2007;18.25;18.48;17.70;18.40;7089784;129665744.000
06/28/2007;18.10;18.48;16.55;16.60;7397421;129883424.000
06/29/2007;16.26;17.09;15.90;16.55;6896769;115501600.000
07/02/2007;16.50;17.21;16.08;17.16;5492882;92685784.000
07/03/2007;18.08;18.88;17.62;18.86;11909604;217701808.000
07/04/2007;18.89;18.90;17.65;17.85;7106841;131127664.000
07/05/2007;17.40;17.55;16.43;16.48;5871093;99793608.000
07/06/2007;16.70;17.90;16.52;17.75;7319102;126962936.000
07/09/2007;18.28;18.68;17.98;18.24;7136289;131633472.000
07/10/2007;18.21;18.23;17.55;17.74;4534904;81149648.000
07/11/2007;17.66;19.10;17.65;18.79;10191598;191103136.000
07/12/2007;19.39;19.40;18.18;18.32;11165025;210770032.000
07/13/2007;18.35;18.40;17.79;18.28;3967812;71998352.000
07/16/2007;18.48;19.10;18.11;18.73;11052790;208785472.000
07/17/2007;18.62;19.20;18.23;18.84;7060189;133564888.000
07/18/2007;18.35;18.44;17.70;18.10;8046514;146304272.000
07/19/2007;17.88;18.39;17.70;17.97;2840868;51407148.000
07/20/2007;18.27;18.68;17.95;18.54;6283822;115454504.000
07/23/2007;18.70;19.57;18.59;19.40;10636200;205578640.000
07/24/2007;19.65;20.23;19.11;19.35;9493866;189482512.000
07/25/2007;19.15;20.21;19.15;20.20;9077479;181899328.000
07/26/2007;20.34;20.90;20.18;20.40;9705861;199803264.000
07/27/2007;20.10;20.68;19.96;20.31;5760266;117328184.000
07/30/2007;20.26;21.39;20.21;21.11;10169993;214245520.000
07/31/2007;20.92;22.09;20.80;22.08;11759464;255832272.000
08/01/2007;22.20;22.39;20.25;20.29;12991175;277822784.000
08/02/2007;20.41;21.45;20.39;21.00;8527003;178960064.000
08/03/2007;21.41;21.80;21.07;21.43;9057617;195267232.000
08/06/2007;22.08;23.58;22.08;23.58;12957683;300805408.000
08/07/2007;24.79;25.95;24.23;24.37;31949338;804778816.000
08/08/2007;23.68;25.33;23.48;25.28;17135271;423063008.000
08/09/2007;25.55;26.29;24.78;26.06;15365667;396819680.000
08/10/2007;25.10;25.28;23.51;24.96;22037362;542207296.000
08/13/2007;24.50;24.50;22.67;22.69;13156567;310158496.000
08/14/2007;22.55;23.39;22.45;22.92;5720926;131956464.000
08/15/2007;23.09;23.09;21.81;22.60;7304091;163971968.000
08/16/2007;22.39;23.17;21.93;22.95;6033481;137996032.000
08/17/2007;22.90;25.26;22.58;24.80;19784409;486556032.000
08/20/2007;24.90;26.10;24.90;25.47;12212945;313267872.000
08/21/2007;25.49;28.03;25.10;27.92;17250574;465089824.000
08/22/2007;27.70;30.15;26.91;29.22;17992303;528432864.000
08/23/2007;29.20;30.15;28.42;29.50;9538591;280097568.000
08/24/2007;28.91;31.38;28.91;30.70;10773792;330014496.000
08/27/2007;30.70;33.26;30.08;32.54;9829998;306206720.000
08/28/2007;32.41;34.50;31.00;31.99;12491831;412483200.000
08/29/2007;31.90;32.40;29.30;29.55;13356979;410211840.000
08/30/2007;29.56;30.90;29.40;30.54;7184272;216898304.000
08/31/2007;30.45;33.60;29.98;33.60;18557096;615039424.000
09/03/2007;34.49;34.49;32.61;32.76;12026176;404665312.000
09/04/2007;32.70;33.08;31.45;32.73;7859422;253445040.000
09/05/2007;32.69;34.10;32.21;33.27;8502419;284798240.000
09/06/2007;33.70;33.90;32.23;32.83;6527762;216270208.000
09/07/2007;32.50;32.50;30.70;30.84;8600256;271566400.000
09/10/2007;30.20;31.45;29.70;30.68;7794184;238871888.000
09/11/2007;30.60;31.90;29.40;29.68;7349352;227654816.000
09/12/2007;29.60;32.66;29.60;32.66;19218712;617463680.000
09/13/2007;32.90;34.48;32.30;33.63;12609623;426270976.000
09/14/2007;33.60;33.89;32.40;33.49;5895123;195533136.000
09/17/2007;32.22;35.90;32.22;35.41;8980243;306487008.000
09/18/2007;35.46;38.47;34.90;37.41;13576701;506385984.000
09/19/2007;37.28;38.38;35.50;35.61;7702508;286587232.000
09/20/2007;36.41;37.70;35.90;36.30;5547263;203178240.000
09/21/2007;36.90;39.70;36.15;38.95;8650816;327784608.000
09/24/2007;39.88;41.47;38.60;38.81;9261691;373278368.000
09/25/2007;38.65;39.60;36.92;37.31;5157688;195737136.000
09/26/2007;37.26;37.88;35.28;35.78;3758452;136829424.000
09/27/2007;35.98;37.28;35.28;37.13;3674287;134079432.000
09/28/2007;38.00;38.90;37.40;37.60;4419783;168944384.000
10/08/2007;39.38;39.55;37.41;37.56;5591954;215857920.000
10/09/2007;37.40;38.60;36.31;38.28;3517327;131186544.000
10/10/2007;38.77;39.39;37.48;37.82;4784723;183946016.000
10/11/2007;37.80;38.40;36.93;37.10;5478867;206134384.000
10/12/2007;37.80;40.80;36.00;40.21;11653729;447788448.000
10/15/2007;40.05;42.85;39.40;41.10;10943925;454611904.000
10/16/2007;40.41;40.88;38.80;40.11;5468392;218222976.000
10/17/2007;39.70;41.10;38.80;39.03;4273987;169857312.000
10/18/2007;38.83;39.68;36.82;37.13;3674933;139842848.000
10/19/2007;37.10;38.08;36.58;36.90;2558947;95579176.000
10/22/2007;35.92;36.62;33.40;33.97;3754906;133137720.000
10/23/2007;33.70;34.40;32.08;34.08;4663784;155819344.000
10/24/2007;34.25;34.84;33.05;34.03;3046150;103718440.000
10/25/2007;33.96;33.96;30.62;30.62;4597232;145387504.000
10/26/2007;30.90;31.19;27.64;29.91;5508987;163475360.000
10/29/2007;30.39;31.40;28.40;31.10;4214764;127370232.000
10/30/2007;31.20;32.23;31.09;31.75;4064021;129607152.000
10/31/2007;32.20;33.42;31.30;32.82;4766102;154391520.000
11/01/2007;32.85;32.85;30.00;30.66;3144896;99580168.000
11/02/2007;29.90;31.78;28.90;29.78;3816062;116510360.000
11/05/2007;28.90;30.45;28.90;30.13;3422600;102051936.000
11/06/2007;30.15;30.43;29.10;29.39;1718677;51156380.000
11/07/2007;30.00;30.80;28.50;29.90;1815917;53989300.000
11/08/2007;30.15;30.15;27.49;27.52;2136434;62713884.000
11/09/2007;26.40;27.50;24.90;25.70;3406407;89350088.000
11/12/2007;24.70;24.70;23.12;23.25;4498878;106928016.000
11/13/2007;24.08;24.80;23.23;23.77;3628402;87766304.000
11/14/2007;23.96;26.16;23.90;26.16;4391929;110354224.000
11/15/2007;25.90;27.45;25.43;26.15;7884103;211022656.000
11/16/2007;25.49;26.00;25.10;25.77;2459413;63098532.000
11/19/2007;25.98;26.30;25.15;25.78;2355634;60440880.000
11/20/2007;25.50;26.38;24.70;25.95;2545923;65229640.000
11/21/2007;26.00;26.71;25.70;25.75;2089316;55061708.000
11/22/2007;24.97;25.65;23.50;23.67;2257426;55511208.000
11/23/2007;23.45;24.25;23.13;24.22;1488176;35523704.000
11/26/2007;24.68;25.20;23.68;23.78;1612774;39645420.000
11/27/2007;23.45;24.41;23.20;23.73;2002150;47633504.000
11/28/2007;23.72;24.18;22.60;22.62;1808480;42479768.000
11/29/2007;22.89;23.59;21.61;23.33;5912444;134146968.000
11/30/2007;23.29;23.29;22.13;22.25;2961497;67056312.000
12/03/2007;22.08;22.38;21.70;22.03;1709951;37804016.000
12/04/2007;22.05;22.74;22.05;22.43;2026305;45808240.000
12/05/2007;22.31;24.20;22.31;23.81;4251404;99709904.000
12/06/2007;24.07;24.16;23.21;23.52;2577590;61183484.000
12/07/2007;23.53;24.32;23.33;24.14;2457802;59274868.000
12/10/2007;23.90;25.30;23.65;25.18;5879079;147121440.000
12/11/2007;25.40;25.88;24.87;25.80;8988501;229604864.000
12/12/2007;25.79;26.05;25.40;25.51;3535418;91063744.000
12/13/2007;25.29;25.67;23.42;23.57;4570654;112157792.000
12/14/2007;23.28;24.32;23.05;24.30;2452280;58331568.000
12/17/2007;24.70;24.70;22.91;23.13;3329405;78742256.000
12/18/2007;23.13;23.66;22.96;23.27;1485017;34637648.000
12/19/2007;23.37;24.08;23.35;23.86;2185989;52081848.000
12/20/2007;23.85;24.25;23.47;24.19;4423989;106602984.000
12/21/2007;24.01;25.39;23.92;25.13;5708939;143044080.000
12/24/2007;25.61;25.95;25.20;25.25;6225072;159520576.000
12/25/2007;25.48;25.70;25.20;25.45;3713359;94930032.000
12/26/2007;25.60;26.78;25.60;26.75;5610327;147385504.000
12/27/2007;26.78;27.88;26.78;27.26;6410944;176502704.000
12/28/2007;27.31;27.72;26.76;27.03;4635149;126280912.000
01/02/2008;27.10;27.39;25.90;26.90;4576457;121867760.000
01/03/2008;26.90;27.40;26.20;27.39;5313973;142827072.000
01/04/2008;27.70;28.70;27.70;28.33;7932392;225595568.000
02/18/2008;25.49;25.49;25.49;25.49;969100;24799268.000
02/19/2008;22.93;27.73;22.93;25.97;33246183;803632576.000
02/20/2008;23.90;25.36;23.89;24.20;19692147;486067712.000
02/21/2008;23.92;24.45;23.08;24.22;6944342;166341168.000
02/22/2008;24.27;25.15;23.55;23.82;6382354;155567120.000
02/25/2008;23.61;24.40;21.43;21.49;6594719;147801696.000
02/26/2008;22.10;22.40;19.51;20.71;5807348;120180528.000
02/27/2008;20.68;21.40;19.98;21.00;4878540;101995384.000
02/28/2008;21.00;21.40;20.90;20.90;3832546;81244880.000
02/29/2008;20.89;21.20;20.61;20.99;3326829;70005088.000
03/03/2008;20.97;21.54;20.20;21.47;5649324;119625696.000
03/04/2008;21.65;22.65;21.52;21.69;6219791;138079856.000
03/05/2008;21.55;21.80;20.41;20.91;3776043;79472712.000
03/06/2008;21.00;21.40;20.50;20.99;3606639;75866096.000
03/07/2008;20.90;21.69;20.41;21.34;4027475;86456768.000
03/10/2008;21.25;22.28;21.11;21.71;6481347;142621376.000
03/11/2008;21.75;21.75;20.61;21.35;2670082;56677500.000
03/12/2008;21.65;21.90;20.35;20.36;2689165;56500916.000
03/13/2008;19.81;20.29;18.31;18.55;4739383;89598392.000
03/14/2008;18.54;18.69;17.75;17.93;2288929;41565632.000
03/17/2008;17.91;17.92;16.13;16.13;3061422;51381760.000
03/18/2008;15.50;16.40;14.51;14.59;5844672;88072928.000
03/19/2008;14.90;15.86;14.80;15.26;6813135;104511160.000
03/21/2008;16.70;16.70;15.27;15.97;11231704;178279856.000
03/24/2008;16.08;16.12;14.80;14.87;5761449;89530360.000
03/25/2008;14.50;14.90;13.75;14.55;6841784;99204696.000
03/26/2008;14.65;15.19;14.40;14.88;8271456;123734736.000
03/27/2008;14.64;14.64;13.38;13.38;6357164;89124048.000
03/28/2008;13.08;14.15;12.60;13.95;7645280;102290520.000
03/31/2008;13.30;13.45;12.70;12.71;5842021;77116144.000
04/01/2008;12.56;12.89;11.43;11.45;7270255;87490496.000
04/02/2008;11.60;11.90;10.61;11.07;8625126;98040536.000
04/03/2008;10.71;12.07;10.55;11.84;12820392;146898912.000
04/07/2008;11.98;13.03;11.72;13.03;13317521;166979136.000
04/08/2008;13.50;14.17;13.10;13.60;16405269;225279392.000
04/09/2008;13.45;13.70;12.45;12.47;9787760;130053176.000
04/10/2008;12.20;13.16;12.11;13.13;7876935;99772104.000
04/11/2008;13.40;13.48;12.90;13.16;6388448;85379376.000
04/14/2008;12.65;12.65;11.83;11.83;6057092;74287376.000
04/15/2008;11.73;12.33;11.25;12.30;5707438;67670760.000
04/16/2008;12.15;12.27;11.28;11.89;9890910;116157552.000
04/17/2008;11.65;13.09;11.06;11.22;7380663;87492944.000
04/21/2008;11.90;12.05;10.20;10.54;8784795;99937952.000
04/22/2008;10.14;10.14;9.48;9.93;6308539;61961720.000
04/23/2008;9.78;10.93;9.55;10.93;7833769;82535280.000
04/24/2008;12.03;12.03;11.65;12.03;15483586;187099280.000
04/25/2008;12.10;13.14;11.90;12.55;15980691;202461936.000
04/28/2008;12.35;12.39;11.78;11.82;8483524;103218272.000
04/29/2008;11.70;12.27;11.61;12.13;5889157;71262032.000
04/30/2008;12.03;13.10;12.01;12.92;12628296;161671664.000
05/05/2008;13.20;13.99;13.00;13.85;14782274;201866400.000
05/06/2008;13.70;13.81;13.17;13.32;11208292;151861008.000
05/07/2008;13.32;13.75;13.12;13.16;8280175;111771192.000
05/08/2008;12.94;13.66;12.55;13.61;7604275;100464824.000
05/09/2008;13.70;14.06;12.78;13.19;7781424;105380160.000
05/12/2008;12.90;13.40;12.40;12.95;6618806;85433216.000
05/13/2008;12.40;12.87;12.01;12.52;7701291;96202640.000
05/14/2008;12.90;13.78;12.88;13.78;6496415;88473576.000
05/15/2008;15.15;15.17;14.08;14.45;40601009;608623744.000
05/16/2008;14.35;14.71;13.88;14.32;16147696;230591248.000
05/19/2008;14.29;14.63;14.21;14.37;9832127;142848224.000
05/20/2008;14.50;14.80;13.30;13.46;11593239;164679664.000
05/21/2008;13.06;14.08;12.29;13.89;12332046;161425536.000
05/22/2008;13.67;13.67;13.13;13.35;6855314;92273296.000
05/23/2008;13.10;13.40;12.60;12.94;5666793;73486528.000
05/26/2008;12.68;13.31;12.50;12.67;3470309;44904200.000
05/27/2008;12.70;13.00;12.51;12.90;4004808;51666620.000
05/28/2008;13.05;13.60;12.79;13.46;6295643;83780176.000
05/29/2008;13.11;13.57;12.80;13.06;4986949;66101024.000
05/30/2008;12.82;13.21;12.71;13.06;2812333;36759660.000
06/02/2008;13.52;14.38;13.50;13.70;12663477;177542400.000
06/03/2008;13.18;13.65;13.06;13.34;5504861;73539688.000
06/04/2008;13.13;13.27;12.64;12.90;4598068;59379856.000
06/05/2008;12.85;13.50;12.62;13.31;7087056;93872672.000
06/06/2008;13.31;13.40;12.85;13.07;3253602;42512672.000
06/10/2008;12.45;12.45;11.76;11.76;2956675;35427548.000
06/11/2008;11.12;11.50;10.60;11.14;5298547;58274940.000
06/12/2008;11.29;11.59;10.72;11.15;3713997;41566008.000
06/13/2008;11.07;11.18;10.04;10.04;3231691;33972536.000
06/16/2008;10.00;10.00;9.21;9.67;4032505;38747048.000
06/17/2008;9.77;9.88;8.80;9.07;3562082;32917048.000
06/18/2008;9.07;9.98;8.27;9.98;7334711;69475560.000
06/19/2008;10.22;10.23;8.98;8.98;6565119;63886392.000
06/20/2008;8.80;9.88;8.31;9.88;9361476;89810328.000
06/23/2008;9.57;10.20;9.35;10.01;6952681;68886768.000
06/24/2008;9.86;10.55;9.75;10.27;6416540;65727672.000
06/25/2008;10.27;11.25;10.10;10.89;25402260;270172576.000
06/26/2008;10.60;11.50;10.10;10.91;20750828;222582864.000
06/27/2008;10.24;10.56;9.82;9.82;9509693;96207336.000
06/30/2008;9.41;9.69;8.95;9.16;8583107;79887360.000
07/01/2008;9.16;9.43;8.92;9.06;5075838;46538560.000
07/02/2008;9.03;9.34;8.84;8.99;4863153;44131136.000
07/03/2008;8.81;9.63;8.69;9.38;8385836;77729128.000
07/04/2008;9.23;9.39;8.95;9.10;5659467;51824712.000
07/07/2008;9.02;9.66;9.02;9.57;6937032;65537080.000
07/08/2008;9.63;10.06;9.53;10.04;10668802;105215872.000
07/09/2008;10.11;10.55;9.95;10.48;12111795;124594592.000
07/10/2008;10.22;10.45;9.98;10.00;9993642;102294312.000
07/11/2008;9.94;10.79;9.94;10.27;9997807;103690496.000
07/14/2008;10.10;10.50;9.97;10.45;7881137;80604472.000
07/15/2008;10.46;10.54;9.66;9.76;7562682;76161024.000
07/16/2008;9.70;9.70;8.80;9.08;5090279;46831560.000
07/17/2008;9.25;9.34;8.70;8.86;3962458;35861108.000
07/18/2008;9.07;9.24;8.71;9.18;3572789;32173492.000
07/21/2008;9.20;9.54;9.01;9.48;4299630;40123224.000
07/22/2008;9.48;9.72;9.45;9.65;5004195;47994256.000
07/23/2008;9.71;10.18;9.67;9.98;9623729;95828912.000
07/24/2008;10.10;10.15;9.81;10.00;11245682;112056480.000
07/25/2008;9.85;9.85;9.64;9.66;5545227;53923940.000
07/28/2008;9.68;9.87;9.68;9.78;3564000;34853504.000
07/29/2008;9.70;9.70;9.36;9.41;3512836;33302440.000
07/30/2008;9.58;9.63;9.24;9.30;2354023;22151314.000
07/31/2008;9.35;9.50;9.04;9.16;2846463;26414552.000
08/01/2008;9.09;9.30;8.93;9.21;2869773;26139688.000
08/04/2008;9.15;9.22;8.90;8.92;1858231;16845260.000
08/05/2008;8.82;9.09;8.45;8.49;2303770;20023760.000
08/06/2008;8.45;8.69;8.31;8.57;2255492;19125938.000
08/07/2008;8.51;8.70;8.47;8.63;1459636;12491166.000
08/08/2008;8.65;8.68;7.77;7.77;2905198;23462910.000
08/11/2008;7.77;7.83;6.99;6.99;2845139;20280336.000
08/12/2008;6.80;6.95;6.52;6.69;2954412;19914828.000
08/13/2008;6.66;6.99;6.38;6.88;3649173;24403976.000
08/14/2008;6.70;6.83;6.63;6.67;2454656;16488765.000
08/15/2008;6.66;7.07;6.45;6.71;3154334;21480206.000
08/18/2008;6.71;6.73;6.04;6.07;2959629;18629140.000
08/19/2008;6.06;6.30;5.91;6.19;2077644;12792774.000
08/20/2008;6.09;6.81;5.90;6.81;5263475;34452776.000
08/21/2008;6.70;7.14;6.62;6.74;6162166;42230356.000
08/22/2008;6.70;6.83;6.22;6.47;3200391;20898644.000
08/25/2008;6.48;6.55;6.26;6.39;1597795;10258495.000
08/26/2008;6.29;6.50;6.01;6.08;2382616;14712232.000
08/27/2008;6.00;6.38;5.91;6.18;2476646;15190946.000
08/28/2008;6.15;6.32;6.13;6.23;1853045;11549911.000
08/29/2008;6.23;6.59;6.23;6.50;3369629;21654862.000
09/01/2008;6.40;6.46;6.15;6.24;2356728;14808044.000
09/02/2008;6.23;6.29;6.03;6.19;1875260;11548880.000
09/03/2008;6.14;6.24;6.01;6.17;1786512;10954530.000
09/04/2008;6.20;6.60;6.13;6.34;3293992;20859192.000
09/05/2008;6.08;6.17;6.00;6.03;2846761;17278180.000
09/08/2008;5.98;6.08;5.57;5.60;2449211;14185971.000
09/09/2008;5.60;5.75;5.51;5.66;1615635;9097864.000
09/10/2008;5.58;5.79;5.47;5.66;1739551;9851850.000
09/11/2008;5.66;5.70;5.49;5.49;1541764;8607458.000
09/12/2008;5.54;5.88;5.54;5.65;2916608;16645155.000
09/16/2008;5.60;5.72;5.50;5.53;1827979;10221608.000
09/17/2008;5.50;5.70;5.50;5.56;2221107;12419751.000
09/18/2008;5.52;5.67;5.10;5.56;3324874;18025826.000
09/19/2008;6.11;6.12;5.93;6.12;3310121;20141304.000
09/22/2008;6.60;6.72;6.15;6.38;7954485;51147704.000
09/23/2008;6.15;6.19;5.80;5.91;3932387;23710532.000
09/24/2008;5.78;5.90;5.65;5.90;2112589;12179095.000
09/25/2008;5.86;6.20;5.83;6.05;3922394;23748984.000
09/26/2008;6.15;6.17;5.94;6.10;3595462;21878928.000
10/06/2008;5.90;5.90;5.59;5.60;2402250;13793934.000
10/07/2008;5.48;5.58;5.30;5.50;2160073;11723584.000
10/08/2008;5.43;5.60;5.35;5.40;1806351;9846818.000
10/09/2008;5.49;5.52;5.31;5.31;1491487;8021988.000
10/10/2008;5.05;5.05;4.78;4.83;2553655;12542969.000
10/13/2008;4.80;4.89;4.49;4.88;2223529;10324039.000
10/14/2008;5.05;5.10;4.75;4.75;2861214;14165353.000
10/15/2008;4.72;4.72;4.51;4.60;1388430;6379706.000
10/16/2008;4.28;4.41;4.19;4.21;2449439;10517860.000
10/17/2008;4.23;4.34;4.19;4.28;1404939;6004371.000
10/20/2008;4.31;4.47;4.22;4.46;1538690;6742216.000
10/21/2008;4.46;4.68;4.45;4.49;2696149;12277420.000
10/22/2008;4.40;4.47;4.28;4.38;2415652;10551875.000
10/23/2008;4.25;4.35;4.20;4.34;1387798;5953308.000
10/24/2008;4.35;4.38;4.20;4.27;1381514;5935058.000
10/27/2008;4.15;4.15;3.84;3.84;2282764;9101649.000
10/28/2008;3.75;3.97;3.69;3.93;2616873;10072914.000
10/29/2008;4.01;4.05;3.75;3.76;1439238;5615706.000
10/30/2008;3.75;3.91;3.75;3.81;1990402;7642859.000
10/31/2008;3.78;3.80;3.64;3.67;1711633;6359475.000
11/03/2008;3.62;3.73;3.59;3.64;1122223;4111230.000
11/04/2008;3.65;3.65;3.52;3.59;961426;3439077.000
11/05/2008;3.69;3.84;3.63;3.75;2256495;8475640.000
11/06/2008;3.64;3.70;3.60;3.65;1384740;5041193.000
11/07/2008;3.59;3.76;3.51;3.73;1681732;6175913.000
11/10/2008;3.80;4.10;3.78;4.09;4618717;18325580.000
11/11/2008;4.17;4.26;4.00;4.06;5339880;22011740.000
11/12/2008;4.01;4.12;3.99;4.12;2868429;11631214.000
11/13/2008;4.04;4.43;4.02;4.34;5920195;25211810.000
11/14/2008;4.42;4.77;4.42;4.77;10475348;48674080.000
11/17/2008;4.95;5.20;4.80;5.14;12788368;64174728.000
11/18/2008;5.09;5.09;4.63;4.63;9589059;46074284.000
11/19/2008;4.53;4.97;4.49;4.90;7224132;33999036.000
11/20/2008;4.70;5.16;4.65;4.87;6728549;33131304.000
11/21/2008;4.68;4.90;4.50;4.73;5587483;26140278.000
11/24/2008;4.79;4.85;4.44;4.46;3944565;18289920.000
11/25/2008;4.57;4.65;4.36;4.48;2581377;11623545.000
11/26/2008;4.46;4.55;4.39;4.47;1845036;8260837.000
11/27/2008;4.77;4.82;4.54;4.55;4303995;20231012.000
11/28/2008;4.57;4.57;4.38;4.41;2345664;10449635.000
12/01/2008;4.40;4.73;4.34;4.68;3203725;14517056.000
12/02/2008;4.52;5.04;4.49;4.96;8755267;42359416.000
12/03/2008;4.90;5.18;4.85;5.15;9908250;50112620.000
12/04/2008;5.17;5.46;5.02;5.07;12006396;63000292.000
12/05/2008;5.07;5.20;5.00;5.15;5811054;29570016.000
12/08/2008;5.20;5.67;5.15;5.67;11977483;65194760.000
12/09/2008;5.70;6.07;5.65;5.70;20768448;120916504.000
12/10/2008;5.58;5.78;5.46;5.77;8622474;48638880.000
12/11/2008;5.75;5.92;5.33;5.43;7864304;44617176.000
12/12/2008;5.38;5.40;5.01;5.09;7025491;36352184.000
12/15/2008;5.13;5.25;5.05;5.19;4320184;22292122.000
12/16/2008;5.10;5.24;4.95;5.22;4195622;21449340.000
12/17/2008;5.26;5.47;5.22;5.28;6500987;34773148.000
12/18/2008;5.28;5.58;5.18;5.57;7525301;40717508.000
12/19/2008;5.65;5.70;5.51;5.52;9177756;51554528.000
12/22/2008;5.48;5.55;5.22;5.43;4994322;27057076.000
12/23/2008;5.45;5.45;4.95;4.96;4683672;24283328.000
12/24/2008;4.91;4.99;4.76;4.82;3462207;16892736.000
12/25/2008;4.84;4.97;4.74;4.85;2957820;14315693.000
12/26/2008;4.85;4.89;4.70;4.82;1936553;9323121.000
12/29/2008;4.79;4.83;4.58;4.72;2138413;9972814.000
12/30/2008;4.73;4.80;4.53;4.56;1568135;7316115.000
12/31/2008;4.52;4.66;4.48;4.49;1878203;8574674.000
01/05/2009;4.66;4.82;4.60;4.79;3552425;16755945.000
01/06/2009;4.82;5.06;4.76;5.02;3974789;19553352.000
01/07/2009;5.03;5.21;5.00;5.02;4371899;22274270.000
01/08/2009;4.81;4.91;4.72;4.75;3356032;16164220.000
01/09/2009;4.71;4.98;4.69;4.97;2865439;14052108.000
01/12/2009;4.95;5.37;4.87;5.21;8346039;43438876.000
01/13/2009;5.10;5.45;5.02;5.08;4997481;25745006.000
01/14/2009;5.10;5.41;5.06;5.40;8683177;45985692.000
01/15/2009;5.51;5.74;5.46;5.58;15679350;87383072.000
01/16/2009;5.60;5.71;5.53;5.62;9955393;55933212.000
01/19/2009;5.60;5.74;5.44;5.51;5752280;31792188.000
01/20/2009;5.45;5.48;5.28;5.42;4951807;26553360.000
01/21/2009;5.31;5.44;5.28;5.32;3219599;17255136.000
01/22/2009;5.38;5.53;5.32;5.52;5254165;28594100.000
01/23/2009;5.45;5.55;5.34;5.36;3781379;20575750.000
02/02/2009;5.45;5.59;5.38;5.58;3648283;20073162.000
02/03/2009;5.61;5.82;5.53;5.74;8585428;49141112.000
02/04/2009;5.81;6.01;5.67;5.96;11934423;69920360.000
02/05/2009;5.97;6.09;5.73;5.78;12491444;74108992.000
02/06/2009;5.80;6.36;5.80;6.36;11310472;69906584.000
02/09/2009;6.69;7.00;6.53;7.00;30265565;205479104.000
02/10/2009;7.00;7.70;6.80;7.70;25064283;184493712.000
02/11/2009;7.88;8.12;7.30;7.60;26398895;203483392.000
02/12/2009;7.76;7.76;7.16;7.43;15367080;113032808.000
02/13/2009;7.49;7.72;7.40;7.63;16071985;121775552.000
02/16/2009;7.77;7.80;7.45;7.76;15982172;122308216.000
02/17/2009;7.75;8.20;7.31;7.78;21162526;166544672.000
02/18/2009;7.49;7.85;7.30;7.32;12095318;91767992.000
02/19/2009;7.35;7.52;6.95;7.24;9964933;72100432.000
02/20/2009;7.25;7.67;7.05;7.66;10136709;74840088.000
02/23/2009;7.64;8.25;7.55;8.10;16353564;130147408.000
02/24/2009;7.99;8.35;7.70;7.81;16803890;134710384.000
02/25/2009;8.00;8.19;7.73;8.16;15378152;123368504.000
02/26/2009;8.30;8.82;7.42;7.78;23633333;197687616.000
02/27/2009;7.50;7.50;7.00;7.00;10979217;78375608.000
03/02/2009;6.60;7.08;6.56;6.94;6026636;41291048.000
03/03/2009;6.76;6.95;6.58;6.78;6417497;43371192.000
03/04/2009;6.83;7.45;6.82;7.42;9950711;72069664.000
03/05/2009;7.69;7.89;7.37;7.47;13593617;103585632.000
03/06/2009;7.24;7.44;7.20;7.31;6139439;44935720.000
03/09/2009;7.34;7.44;6.76;6.81;7666948;54105964.000
03/10/2009;6.70;7.09;6.62;7.01;4802016;33090244.000
03/11/2009;7.27;7.27;6.86;6.92;4748105;33552284.000
03/12/2009;6.80;7.02;6.65;6.99;3883740;26621548.000
03/13/2009;6.97;7.05;6.75;6.80;3482332;24100278.000
03/16/2009;6.81;7.09;6.71;7.05;4255695;29658194.000
03/17/2009;7.05;7.76;7.01;7.76;13341665;99939336.000
03/18/2009;7.90;8.29;7.67;7.85;18832087;149241104.000
03/19/2009;7.84;8.15;7.70;7.98;12893108;102192680.000
03/20/2009;8.13;8.77;8.04;8.57;28611791;239815936.000
03/23/2009;8.50;9.05;8.25;8.60;30618078;263903440.000
03/24/2009;8.60;8.60;8.33;8.34;13578680;114584928.000
03/25/2009;8.18;8.66;8.10;8.11;14846322;124149232.000
03/26/2009;8.20;8.60;7.97;8.55;12563523;103991168.000
03/27/2009;8.70;8.75;8.26;8.37;12826752;108713432.000
03/30/2009;8.35;8.35;8.12;8.20;7270410;59672364.000
03/31/2009;7.86;8.23;7.81;8.13;6599004;52986188.000
04/01/2009;8.20;8.54;8.20;8.30;10837472;91027680.000
04/02/2009;8.28;8.47;8.21;8.31;8631031;71782224.000
04/03/2009;8.36;8.39;8.05;8.06;7494172;61205824.000
04/07/2009;8.03;8.33;8.02;8.22;6292398;51335488.000
04/08/2009;8.15;8.21;7.82;7.84;6445824;51735328.000
04/09/2009;7.86;8.00;7.80;8.00;4271998;33722732.000
04/13/2009;8.53;8.56;8.31;8.47;18527784;156562048.000
04/14/2009;8.40;8.45;8.20;8.37;9381318;78270368.000
04/15/2009;8.35;8.80;8.27;8.61;15917377;136579232.000
04/16/2009;8.86;9.40;8.79;8.86;23452856;212624800.000
04/17/2009;8.94;8.96;8.36;8.45;14175563;121468632.000
04/20/2009;8.35;8.65;8.33;8.60;8623224;73213392.000
04/21/2009;8.30;8.46;8.20;8.42;8901470;74156816.000
04/22/2009;8.47;8.50;7.90;7.98;8961946;73476960.000
04/23/2009;7.88;8.24;7.80;8.10;5658229;45015236.000
04/24/2009;8.03;8.18;7.88;7.93;3939719;31464660.000
04/27/2009;7.93;7.93;7.40;7.42;5463661;41757312.000
04/28/2009;7.40;7.56;7.33;7.52;3270772;24485100.000
04/29/2009;7.45;7.85;7.45;7.84;4404059;33918468.000
04/30/2009;7.95;8.02;7.82;7.90;4466836;35374916.000
05/04/2009;8.10;8.37;8.08;8.31;7586635;62495192.000
05/05/2009;8.40;8.85;8.39;8.72;17313365;149311712.000
05/06/2009;8.68;9.59;8.53;9.59;33542653;310320992.000
05/07/2009;10.00;10.45;9.70;10.04;43052966;434459872.000
05/08/2009;10.08;11.04;9.87;11.04;34416658;358513120.000
05/12/2009;11.04;11.04;10.02;10.62;34097632;354750112.000
05/13/2009;10.46;10.86;10.28;10.50;23937086;252285520.000
05/14/2009;10.10;10.26;9.92;10.11;16047119;162145472.000
05/15/2009;10.30;10.58;10.06;10.19;15873882;163114656.000
05/18/2009;10.10;10.68;9.96;10.59;18609123;194027424.000
05/19/2009;10.55;11.58;10.45;11.37;25711047;280377664.000
05/20/2009;11.20;11.28;10.73;10.80;19051942;209689712.000
05/21/2009;10.73;10.90;10.20;10.38;15470787;162173024.000
05/22/2009;10.28;10.47;10.01;10.17;8762404;89503632.000
05/25/2009;9.81;10.50;9.70;10.39;10837644;110220704.000
05/26/2009;10.47;10.50;10.00;10.02;9012553;92439824.000
05/27/2009;10.17;10.32;9.99;10.20;8918137;90729424.000
06/01/2009;10.50;10.84;10.34;10.58;12467770;132103520.000
06/02/2009;10.71;11.05;10.58;10.63;13192617;142144048.000
06/03/2009;10.50;10.86;10.31;10.83;12119436;128491632.000
06/04/2009;10.63;11.91;10.59;11.91;36693275;419464544.000
06/05/2009;12.17;12.55;11.58;11.68;32118686;390645952.000
06/08/2009;11.58;12.85;11.38;12.79;35055952;429446528.000
06/09/2009;12.41;12.58;12.08;12.42;16647966;204763280.000
06/10/2009;12.55;12.82;12.20;12.30;15792218;196501024.000
06/11/2009;12.10;12.10;11.75;11.84;11870972;141741840.000
06/12/2009;12.00;12.14;11.56;11.58;9414007;111473984.000
06/15/2009;11.44;11.59;11.28;11.57;5596430;64100120.000
06/16/2009;11.40;11.63;11.28;11.50;7731164;88452256.000
06/17/2009;11.44;11.88;11.31;11.80;12643295;146854272.000
06/18/2009;11.80;11.94;11.50;11.57;11762068;137462240.000
06/19/2009;11.69;11.79;11.32;11.59;14611613;168712400.000
06/22/2009;11.60;12.36;11.47;12.02;21693317;259863840.000
06/23/2009;11.76;12.96;11.72;12.93;32966776;413059648.000
06/24/2009;12.70;13.70;12.60;13.36;27240472;358192672.000
06/25/2009;13.36;13.68;12.90;13.08;14882423;196878288.000
06/26/2009;13.01;13.16;12.62;12.71;10917455;139841712.000
06/29/2009;12.51;13.59;12.38;13.48;22176651;287895136.000
06/30/2009;13.36;13.84;13.10;13.49;16226565;218946496.000
07/01/2009;13.30;13.70;13.20;13.25;11112579;148745840.000
07/02/2009;13.31;13.90;13.20;13.37;14853331;201002848.000
07/03/2009;13.28;13.38;12.91;13.08;9990058;130972064.000
07/06/2009;13.08;13.50;12.83;13.28;10688745;141359104.000
07/07/2009;13.15;13.88;13.05;13.30;13703964;185485312.000
07/08/2009;13.27;13.90;13.12;13.89;13747684;187490464.000
07/09/2009;13.91;14.46;13.91;13.99;16315473;231013360.000
07/10/2009;14.05;14.49;13.90;14.11;13334465;189888400.000
07/13/2009;14.00;14.08;13.51;13.58;11319512;155285552.000
07/14/2009;13.59;13.73;13.46;13.66;9720060;131912736.000
07/15/2009;13.75;14.34;13.50;14.23;16038895;222548160.000
07/16/2009;14.29;14.67;13.93;13.98;17627871;253696352.000
07/17/2009;13.90;14.87;13.71;14.71;21944555;316336064.000
07/20/2009;14.99;16.18;14.98;16.18;30616745;484154016.000
07/21/2009;16.46;16.46;15.40;15.66;27952710;437291040.000
07/22/2009;15.40;16.26;15.22;15.52;20858705;330676192.000
07/23/2009;15.66;15.99;15.31;15.61;12275763;191943328.000
07/24/2009;15.70;16.80;15.32;16.38;18420597;293332160.000
07/27/2009;16.30;17.18;15.93;16.90;23337347;389797184.000
07/28/2009;16.79;17.00;16.18;16.52;13403681;222997904.000
07/29/2009;16.20;16.30;14.87;14.87;13774849;214098096.000
07/30/2009;14.74;15.20;13.48;14.90;17583706;255596880.000
07/31/2009;15.08;15.81;14.70;15.65;15077145;230314192.000
08/03/2009;15.77;16.37;15.54;15.78;12224399;194573600.000
08/04/2009;15.89;16.40;15.50;15.90;11254991;180482160.000
08/05/2009;15.82;16.42;15.60;16.20;12361866;199215248.000
08/06/2009;16.10;16.10;15.01;15.30;12041521;186144864.000
08/07/2009;14.98;15.40;14.10;14.25;8541768;125904384.000
08/10/2009;14.35;14.69;13.86;14.55;6653728;95597680.000
08/11/2009;14.50;14.50;14.15;14.29;3228593;46062140.000
08/12/2009;14.20;14.25;13.18;13.44;6930949;93891192.000
08/13/2009;13.46;13.93;13.20;13.85;8214148;111750768.000
08/14/2009;13.78;14.07;12.60;12.73;11650284;156274656.000
08/17/2009;12.00;12.32;11.46;11.46;10117487;119361272.000
08/18/2009;11.22;11.98;11.16;11.96;8589424;100417344.000
08/19/2009;11.91;11.91;10.85;11.05;7668195;87216904.000
08/20/2009;11.15;11.55;11.11;11.48;8475801;96444360.000
08/21/2009;11.36;12.00;11.25;11.82;9454661;111067728.000
08/24/2009;12.10;12.56;12.01;12.45;10959208;134740624.000
08/25/2009;12.24;12.37;11.74;12.29;9385163;112477664.000
08/26/2009;12.15;12.82;12.05;12.60;8266654;104200320.000
08/27/2009;12.30;12.88;12.10;12.41;6350466;79084128.000
08/28/2009;12.33;12.63;11.92;11.97;6034484;73487464.000
08/31/2009;11.59;11.80;11.23;11.50;7545035;86667512.000
09/01/2009;11.39;12.09;11.11;11.57;5869266;67937792.000
09/02/2009;11.21;11.93;11.21;11.83;5770171;67121832.000
09/03/2009;12.01;13.01;11.85;12.85;11619246;145874080.000
09/04/2009;12.81;14.00;12.70;13.75;18276312;246742288.000
09/07/2009;13.52;14.08;13.41;13.73;15270833;209733344.000
09/08/2009;13.59;14.15;13.21;14.06;12180778;166931424.000
09/09/2009;14.49;14.69;14.00;14.41;18627781;268810272.000
09/10/2009;14.06;14.29;13.74;13.88;8673571;121475224.000
09/11/2009;13.45;14.10;13.31;13.78;6587504;91178392.000
09/14/2009;13.50;14.29;13.45;14.16;7509809;105916720.000
09/15/2009;14.15;14.85;14.00;14.34;11458010;165486656.000
09/16/2009;14.30;14.73;14.12;14.47;9153070;132093616.000
09/17/2009;14.71;14.80;14.30;14.67;9437381;138082528.000
09/18/2009;14.54;14.62;13.60;13.73;9734238;137097920.000
09/21/2009;13.60;14.05;13.29;13.85;6856105;93810648.000
09/22/2009;13.85;14.03;13.29;13.30;6178222;84330072.000
09/23/2009;13.28;13.54;12.68;12.76;6331872;82556376.000
09/24/2009;12.78;12.98;12.11;12.75;4717160;59057624.000
09/25/2009;12.51;12.82;12.26;12.42;4121450;51348956.000
09/28/2009;12.50;12.65;11.80;11.87;2437587;29998148.000
09/29/2009;11.81;11.95;11.26;11.57;3499386;40592880.000
09/30/2009;11.62;12.28;11.62;11.99;3738130;44948480.000
10/09/2009;12.94;13.19;12.61;13.19;9503600;123562144.000
10/12/2009;13.10;13.15;12.63;12.75;8515484;109007584.000
10/13/2009;12.71;12.87;12.55;12.83;3731907;47479048.000
10/14/2009;12.83;13.18;12.76;12.92;6045562;78527504.000
10/15/2009;12.98;13.21;12.88;12.95;4206244;54723020.000
10/16/2009;12.92;13.15;12.61;12.80;3641033;46598528.000
10/19/2009;12.65;13.32;12.65;13.30;8564957;112605824.000
10/20/2009;13.56;13.62;13.16;13.35;7222822;96656608.000
10/21/2009;13.25;13.52;13.15;13.35;6831125;91321240.000
10/22/2009;13.63;14.22;13.53;13.68;12472629;173400736.000
10/23/2009;13.60;14.06;13.58;13.95;10831488;150449168.000
10/26/2009;14.04;14.49;13.90;14.38;15637094;223629536.000
10/27/2009;14.17;14.45;13.64;13.69;12973823;182785088.000
10/28/2009;13.65;13.90;13.04;13.60;9385334;126467648.000
10/29/2009;13.02;13.20;12.90;13.03;8973624;117090600.000
10/30/2009;13.38;13.50;13.06;13.19;5208321;69294032.000
11/02/2009;12.78;13.50;12.68;13.41;6111924;80172688.000
11/03/2009;13.50;13.95;13.50;13.69;6940428;95520288.000
11/04/2009;13.89;14.22;13.72;13.99;9252170;129616512.000
11/05/2009;14.07;14.10;13.70;13.96;6453409;89861024.000
11/06/2009;13.96;14.25;13.85;14.08;9563122;134571824.000
11/09/2009;14.02;14.43;14.01;14.34;11517445;164468208.000
11/10/2009;14.45;14.50;13.91;13.95;9090355;128781240.000
11/11/2009;13.96;14.09;13.77;13.84;5045506;70082232.000
11/12/2009;13.88;14.17;13.88;13.97;6185875;86757360.000
11/13/2009;13.97;15.36;13.82;15.27;28729136;424475008.000
11/16/2009;15.27;15.80;14.95;15.53;24832720;383079936.000
11/17/2009;15.58;15.84;15.25;15.45;15766159;244575776.000
11/18/2009;15.45;15.61;15.12;15.28;14250261;218081008.000
11/19/2009;15.16;15.65;15.08;15.63;11117331;171078192.000
11/20/2009;15.46;16.16;15.42;15.63;16255465;257542192.000
11/23/2009;15.70;15.96;15.42;15.94;13943181;218558144.000
11/24/2009;15.79;16.40;15.05;15.12;19639985;312051872.000
11/25/2009;15.13;15.80;14.96;15.73;10836112;166880336.000
11/26/2009;16.00;16.40;15.17;15.30;16191148;256312800.000
11/27/2009;14.95;15.26;14.22;14.24;11918329;175663568.000
11/30/2009;14.39;14.80;14.39;14.79;6231969;91187280.000
12/01/2009;14.80;15.15;14.71;15.08;6523176;97362128.000
12/02/2009;15.25;15.93;15.25;15.71;11306920;176163744.000
12/03/2009;15.70;15.75;15.38;15.51;6476935;100699168.000
12/04/2009;15.40;15.74;14.76;15.40;7791165;119197872.000
12/07/2009;15.38;15.59;15.10;15.45;4960944;76081040.000
12/08/2009;15.38;16.28;15.37;15.95;14570315;231005968.000
12/09/2009;15.68;16.50;15.55;16.08;16445391;266260240.000
12/10/2009;16.20;16.85;16.20;16.72;16956845;281684032.000
12/11/2009;16.69;16.90;16.28;16.53;12854040;212906336.000
12/14/2009;16.60;16.75;15.90;16.54;9148855;149832320.000
12/15/2009;16.74;17.68;16.55;17.30;16905607;291942880.000
12/16/2009;17.23;17.78;16.83;17.69;14948356;260075632.000
12/17/2009;17.75;18.19;17.35;17.66;15418022;274058368.000
12/18/2009;17.20;17.37;16.24;16.65;13459565;227181552.000
12/21/2009;16.48;17.65;16.20;17.62;12175706;208439744.000
12/22/2009;18.00;18.10;16.88;16.93;13842873;242548080.000
12/23/2009;17.00;17.80;16.95;17.17;17909844;312508256.000
12/29/2009;17.50;17.98;16.30;16.34;30676368;518060064.000
12/30/2009;16.15;16.15;15.30;15.94;27431687;428068096.000
12/31/2009;15.64;16.29;15.45;16.16;14717797;233646384.000
01/04/2010;16.16;16.16;15.81;15.83;8804199;140793024.000
01/05/2010;15.86;16.44;15.86;16.40;16065155;261284032.000
01/06/2010;16.40;17.05;16.30;16.69;14016221;235210288.000
01/07/2010;16.90;17.18;16.05;16.20;11988304;199764624.000
01/08/2010;15.90;16.06;15.68;16.05;6918180;109781696.000
01/11/2010;16.25;17.66;15.72;17.66;26698735;455417792.000
01/12/2010;17.50;17.79;17.28;17.53;21189650;371365632.000
01/13/2010;16.83;17.55;16.76;17.39;14165401;243560576.000
01/14/2010;17.40;17.79;17.10;17.56;12781274;224563680.000
01/15/2010;17.51;17.51;16.80;16.94;17440122;296849600.000
01/18/2010;16.85;17.15;16.70;16.94;7651914;129734512.000
01/19/2010;17.00;17.10;16.60;16.70;7934671;133209608.000
01/20/2010;16.75;16.86;15.76;15.77;9373748;151866768.000
01/21/2010;15.82;16.16;15.80;16.05;4215508;67461776.000
01/22/2010;15.94;15.97;15.35;15.41;5587688;86888384.000
01/25/2010;15.40;15.50;14.90;14.93;4268693;64685580.000
01/26/2010;15.01;15.17;13.80;14.16;4961686;71379824.000
01/27/2010;14.18;14.30;13.71;13.88;3075095;43138904.000
01/28/2010;13.88;13.99;13.61;13.95;2871456;39803232.000
01/29/2010;13.72;14.43;13.61;14.02;3671972;51600264.000
02/01/2010;13.90;14.15;13.12;13.26;4034432;54440804.000
02/02/2010;13.58;13.72;13.20;13.29;4602789;62233928.000
02/03/2010;13.28;13.96;12.86;13.90;5165012;69730512.000
02/04/2010;13.60;13.81;13.52;13.65;3680335;50261696.000
02/05/2010;13.00;13.26;12.85;13.05;5152399;67237096.000
02/08/2010;13.00;13.19;12.99;13.08;1399986;18326914.000
02/09/2010;13.08;13.50;13.06;13.38;2531745;33745928.000
02/10/2010;13.80;13.90;13.51;13.62;2657608;36268944.000
02/11/2010;13.62;13.78;13.47;13.50;2351908;32025448.000
02/12/2010;13.70;13.79;13.43;13.64;3664984;49762328.000
02/22/2010;13.71;14.04;13.70;13.81;4700762;65338792.000
02/23/2010;13.70;13.77;13.31;13.55;2675769;36199244.000
02/24/2010;13.45;13.82;13.30;13.79;2694772;36664104.000
02/25/2010;13.81;14.10;13.78;14.07;4706532;65556036.000
02/26/2010;13.97;13.99;13.72;13.77;3685863;51110608.000
03/01/2010;14.18;14.38;13.95;14.18;7137650;101155360.000
03/02/2010;14.17;14.17;13.76;13.82;6044841;83829816.000
03/03/2010;13.87;13.97;13.76;13.90;3499108;48540568.000
03/04/2010;13.90;14.00;13.30;13.61;5056304;69032648.000
03/05/2010;13.62;14.00;13.52;13.58;4106646;56329644.000
03/08/2010;13.70;13.90;13.52;13.64;3605087;49503468.000
03/09/2010;13.60;13.89;13.38;13.75;3965554;54148464.000
03/10/2010;13.74;14.99;13.56;14.40;13371679;192230304.000
03/11/2010;14.11;14.40;13.92;14.21;7666568;108745816.000
03/12/2010;14.15;14.38;14.03;14.07;4785170;67977496.000
03/15/2010;14.05;14.10;13.41;13.51;4158033;56626996.000
03/16/2010;13.51;13.65;13.30;13.51;2714640;36500272.000
03/17/2010;13.59;13.94;13.50;13.87;5329836;72921096.000
03/18/2010;13.90;14.16;13.71;13.99;7701783;107605592.000
03/19/2010;14.00;14.50;13.75;14.24;7889931;112283864.000
03/22/2010;14.10;14.18;14.00;14.09;4228472;59514100.000
03/23/2010;14.06;14.25;14.05;14.18;4302600;61043872.000
