600461 洪城水业 日线
      日期	    开盘	    最高	    最低	    收盘	    成交量	    成交额
06/01/2004;6.64;7.76;6.42;7.67;30528512;288323904.000
06/02/2004;7.35;7.96;7.32;7.75;23624585;243605824.000
06/03/2004;7.73;8.57;7.67;8.57;20026098;220424688.000
06/04/2004;8.58;8.75;8.24;8.74;19203908;221993776.000
06/07/2004;8.66;8.66;8.28;8.46;8732142;99752592.000
06/08/2004;8.48;8.86;8.38;8.54;10938643;127152992.000
06/09/2004;8.46;8.60;7.82;7.97;8048959;90461760.000
06/10/2004;7.88;8.09;7.28;7.50;9839797;101622496.000
06/11/2004;7.46;8.28;7.46;7.85;10897680;116663144.000
06/14/2004;7.77;7.97;7.42;7.86;5650168;59209244.000
06/15/2004;7.82;8.10;7.70;7.99;4826161;51766492.000
06/16/2004;7.99;8.04;7.85;7.86;3523160;37905228.000
06/17/2004;7.82;8.11;7.82;7.85;3922647;42192764.000
06/18/2004;7.82;8.05;7.50;7.70;4294823;45372292.000
06/21/2004;7.66;8.36;7.57;8.25;6800432;73954752.000
06/22/2004;8.25;8.41;8.08;8.39;7195644;80239024.000
06/23/2004;8.32;8.35;7.97;8.19;4344981;47796416.000
06/24/2004;8.20;8.52;8.09;8.11;5993631;67302368.000
06/25/2004;8.10;8.27;7.36;7.40;5881706;61013600.000
06/28/2004;7.19;7.19;6.61;6.61;4695903;43754328.000
06/29/2004;6.57;6.85;6.42;6.85;3594439;32898420.000
06/30/2004;6.75;6.89;6.57;6.60;2332904;21434204.000
07/01/2004;6.55;6.97;6.53;6.86;3532815;33024278.000
07/02/2004;6.84;6.87;6.57;6.74;2610106;23995540.000
07/05/2004;6.72;6.96;6.59;6.95;2661059;24771240.000
07/06/2004;7.03;7.10;6.89;6.94;3938101;37562784.000
07/07/2004;6.93;6.93;6.68;6.76;1473296;13642797.000
07/08/2004;6.75;6.85;6.71;6.80;1012568;9390562.000
07/09/2004;6.81;6.88;6.62;6.64;1281577;11788293.000
07/12/2004;6.62;6.62;5.92;5.98;3346577;28519580.000
07/13/2004;5.85;6.04;5.78;6.00;1404635;11498030.000
07/14/2004;5.94;6.00;5.39;5.89;2811378;22245756.000
07/15/2004;5.79;5.99;5.67;5.86;1722413;13901522.000
07/16/2004;5.90;6.39;5.86;6.28;4897431;41566796.000
07/19/2004;6.27;6.33;6.17;6.23;2089857;17992710.000
07/20/2004;6.18;6.25;6.12;6.18;1534202;13033332.000
07/21/2004;6.14;6.35;6.14;6.24;1444952;12428360.000
07/22/2004;6.28;6.32;5.67;5.78;4120948;33449348.000
07/23/2004;5.74;5.78;5.53;5.74;1712348;13426227.000
07/26/2004;5.67;5.67;5.41;5.53;1589979;12190761.000
07/27/2004;5.49;5.59;5.42;5.55;999338;7630375.000
07/28/2004;5.54;5.67;5.51;5.66;1122326;8707040.000
07/29/2004;5.66;5.74;5.60;5.74;1435173;11281328.000
07/30/2004;5.74;5.74;5.48;5.49;1079644;8371887.000
08/02/2004;5.51;5.77;5.51;5.62;1766857;13882309.000
08/03/2004;5.63;5.68;5.55;5.64;708129;5515259.000
08/04/2004;5.64;5.90;5.63;5.82;2635763;21191340.000
08/05/2004;5.82;5.83;5.67;5.68;1186767;9418051.000
08/06/2004;5.67;5.79;5.57;5.60;1133608;8908593.000
08/09/2004;5.56;5.63;5.48;5.58;815879;6279915.000
08/10/2004;5.58;5.64;5.54;5.60;477069;3693207.000
08/11/2004;5.60;5.60;5.41;5.44;969470;7375718.000
08/12/2004;5.41;5.41;5.09;5.14;1741142;12589933.000
08/13/2004;5.12;5.25;5.11;5.14;706589;5096995.000
08/16/2004;5.13;5.22;5.03;5.07;753199;5375091.000
08/17/2004;5.07;5.09;4.78;4.91;1304787;8981732.000
08/18/2004;4.92;4.95;4.75;4.77;828250;5662740.000
08/19/2004;4.74;4.83;4.65;4.70;1069746;7090923.000
08/20/2004;4.69;4.91;4.65;4.82;992036;6657826.000
08/23/2004;4.82;4.86;4.71;4.76;533953;3574234.000
08/25/2004;4.89;4.93;4.79;4.82;972640;6626072.000
08/26/2004;4.78;4.84;4.70;4.71;549956;3677123.000
08/27/2004;4.69;4.78;4.67;4.71;524530;3479255.000
08/30/2004;4.71;4.73;4.45;4.68;1006031;6522267.000
08/31/2004;4.85;4.99;4.81;4.82;2186025;15003315.000
09/01/2004;4.78;4.82;4.66;4.67;616485;4091942.000
09/02/2004;4.61;4.82;4.61;4.81;652937;4317061.000
09/03/2004;4.76;4.84;4.72;4.83;694955;4672571.000
09/06/2004;4.83;4.86;4.66;4.76;535200;3585669.000
09/07/2004;4.76;4.81;4.69;4.79;482124;3218686.000
09/08/2004;4.80;4.80;4.67;4.69;821238;5443071.000
09/09/2004;4.69;4.69;4.49;4.53;911636;5861898.000
09/10/2004;4.48;4.58;4.48;4.56;422718;2705495.000
09/13/2004;4.53;4.53;4.38;4.40;564399;3548935.000
09/14/2004;4.53;4.63;4.46;4.57;947486;6085769.000
09/15/2004;4.57;5.07;4.52;4.93;4214435;29027624.000
09/16/2004;4.99;5.20;4.87;5.14;4724798;33584888.000
09/17/2004;5.12;5.30;5.10;5.30;3996374;29020768.000
09/20/2004;5.34;5.59;5.24;5.55;4668807;34809516.000
09/21/2004;5.55;5.59;5.33;5.39;3661129;27666164.000
09/22/2004;5.38;5.86;5.25;5.60;5073200;38893556.000
09/23/2004;5.55;5.69;5.44;5.67;2534406;19543956.000
09/24/2004;5.74;5.77;5.31;5.32;3496888;27241164.000
09/27/2004;5.46;5.51;5.14;5.17;1692543;12518902.000
09/28/2004;5.26;5.36;5.16;5.31;964518;7049957.000
09/29/2004;5.35;5.35;5.17;5.20;804517;5868542.000
09/30/2004;5.20;5.23;4.97;5.00;960979;6824150.000
10/08/2004;5.05;5.34;4.96;5.32;1141823;8270854.000
10/11/2004;5.32;5.54;5.24;5.36;2200215;16616899.000
10/12/2004;5.36;5.50;5.32;5.39;1285829;9677165.000
10/13/2004;5.39;5.59;5.39;5.55;1801913;13762234.000
10/14/2004;5.66;5.66;4.99;5.07;2593373;19042866.000
10/15/2004;5.07;5.15;4.85;4.96;1459894;10215383.000
10/18/2004;4.99;5.16;4.99;5.11;701756;4975855.000
10/19/2004;5.16;5.24;4.99;5.01;783822;5608403.000
10/20/2004;5.00;5.03;4.74;4.88;1105456;7538159.000
10/21/2004;4.97;4.99;4.73;4.78;826143;5620206.000
10/22/2004;4.77;4.90;4.61;4.86;1301301;8707733.000
10/25/2004;4.86;4.95;4.77;4.78;737710;5031541.000
10/26/2004;4.78;4.92;4.61;4.91;1236836;8230781.000
10/27/2004;4.91;5.24;4.89;5.22;2518139;17825032.000
10/28/2004;5.22;5.26;5.03;5.07;1986853;14345062.000
10/29/2004;4.89;5.10;4.81;4.93;1190493;8282987.000
11/01/2004;4.89;4.96;4.77;4.80;707701;4802725.000
11/02/2004;4.80;4.90;4.77;4.85;439483;2974266.000
11/03/2004;4.85;5.08;4.85;5.07;897324;6250571.000
11/04/2004;5.07;5.12;4.87;4.87;784844;5498008.000
11/05/2004;4.92;5.02;4.91;4.97;620470;4303413.000
11/08/2004;4.96;5.10;4.88;5.09;630520;4404931.000
11/09/2004;5.05;5.21;5.05;5.20;1918108;13800376.000
11/10/2004;5.22;5.45;5.14;5.39;3176363;23454646.000
11/11/2004;5.39;5.43;5.26;5.28;3041385;22675202.000
11/12/2004;5.25;5.35;5.24;5.28;1033196;7624033.000
11/15/2004;5.28;5.36;5.27;5.35;784263;5811403.000
11/16/2004;5.35;5.39;5.28;5.31;912117;6765078.000
11/17/2004;5.32;5.32;5.17;5.17;880772;6406390.000
11/18/2004;5.15;5.27;5.14;5.26;514775;3733526.000
11/19/2004;5.24;5.31;5.20;5.30;641966;4695836.000
11/22/2004;5.30;5.42;5.30;5.39;1297644;9686685.000
11/23/2004;5.39;5.42;5.32;5.37;822349;6136130.000
11/24/2004;5.35;5.51;5.35;5.36;2135758;16143371.000
11/25/2004;5.35;5.36;5.20;5.30;812742;5978930.000
11/26/2004;5.24;5.35;5.24;5.29;320039;2362384.000
11/29/2004;5.25;5.27;5.14;5.14;520063;3765802.000
11/30/2004;5.14;5.21;5.11;5.16;449926;3231583.000
12/01/2004;5.16;5.24;5.14;5.17;334400;2414369.000
12/02/2004;5.18;5.30;5.13;5.30;466690;3395654.000
12/03/2004;5.26;5.39;5.26;5.31;837240;6218933.000
12/06/2004;5.30;5.39;5.30;5.34;541168;4014913.000
12/07/2004;5.33;5.35;5.17;5.17;468599;3415459.000
12/08/2004;5.20;5.28;5.16;5.18;305020;2211773.000
12/09/2004;5.17;5.30;5.12;5.23;534242;3883255.000
12/10/2004;5.21;5.30;5.01;5.04;567410;4077003.000
12/13/2004;5.00;5.03;4.89;4.94;476850;3300578.000
12/14/2004;4.97;4.97;4.85;4.85;447470;3070999.000
12/15/2004;4.85;4.92;4.79;4.89;421791;2871879.000
12/16/2004;4.87;4.89;4.74;4.75;461100;3114743.000
12/17/2004;4.74;4.79;4.71;4.74;270821;1806053.000
12/20/2004;4.71;4.77;4.69;4.70;278000;1849128.000
12/21/2004;4.65;4.82;4.65;4.74;225000;1502127.000
12/22/2004;4.73;4.92;4.73;4.91;393854;2682539.000
12/23/2004;4.91;4.93;4.79;4.81;275599;1881576.000
12/24/2004;4.85;4.85;4.78;4.80;151160;1021006.000
12/27/2004;4.83;4.85;4.78;4.81;173850;1176704.000
12/28/2004;4.82;4.86;4.77;4.84;210200;1420860.000
12/29/2004;4.83;4.83;4.70;4.71;278423;1860923.000
12/30/2004;4.71;4.73;4.63;4.65;257481;1691951.000
12/31/2004;4.64;4.71;4.60;4.60;282584;1847588.000
01/04/2005;4.60;4.60;4.53;4.54;210656;1353379.000
01/05/2005;4.54;4.69;4.54;4.63;217336;1412042.000
01/06/2005;4.67;4.69;4.57;4.63;196421;1280567.000
01/07/2005;4.61;4.73;4.57;4.64;231703;1514265.000
01/10/2005;4.61;4.67;4.58;4.67;155066;1010093.000
01/11/2005;4.64;4.71;4.64;4.71;188299;1241138.000
01/12/2005;4.69;4.69;4.61;4.66;167553;1095485.000
01/13/2005;4.64;4.65;4.58;4.60;276906;1799617.000
01/14/2005;4.59;4.67;4.57;4.60;258504;1682294.000
01/17/2005;4.57;4.57;4.32;4.35;721409;4477605.000
01/18/2005;4.35;4.38;4.24;4.33;589086;3605208.000
01/19/2005;4.36;4.36;4.28;4.28;220600;1347694.000
01/20/2005;4.26;4.26;4.10;4.10;675212;3985213.000
01/21/2005;4.11;4.28;4.05;4.26;722683;4303320.000
01/24/2005;4.38;4.46;4.30;4.33;692891;4279836.000
01/25/2005;4.32;4.32;4.21;4.22;387842;2337790.000
01/26/2005;4.18;4.26;4.14;4.14;332801;1979264.000
01/27/2005;4.15;4.15;4.09;4.12;230199;1349249.000
01/28/2005;4.14;4.32;4.14;4.20;1116475;6738763.000
01/31/2005;4.17;4.32;4.08;4.14;792118;4741901.000
02/01/2005;4.13;4.27;4.03;4.08;513530;3020073.000
02/02/2005;4.08;4.34;4.07;4.33;955490;5736922.000
02/03/2005;4.28;4.36;4.21;4.21;860503;5213435.000
02/04/2005;4.21;4.31;4.15;4.30;571638;3461846.000
02/16/2005;4.31;4.34;4.26;4.30;417100;2550478.000
02/17/2005;4.27;4.29;4.23;4.29;237370;1435602.000
02/18/2005;4.24;4.29;4.18;4.21;296410;1780285.000
02/21/2005;4.21;4.29;4.16;4.29;389495;2342996.000
02/22/2005;4.30;4.47;4.26;4.46;1259055;7817711.000
02/23/2005;4.46;4.56;4.41;4.49;1159206;7322512.000
02/24/2005;4.44;4.56;4.43;4.47;801338;5080941.000
02/25/2005;4.47;4.58;4.46;4.48;886737;5655900.000
02/28/2005;4.47;4.50;4.39;4.41;612500;3838244.000
03/01/2005;4.40;4.45;4.37;4.45;449777;2804882.000
03/02/2005;4.46;4.55;4.42;4.44;678195;4290123.000
03/03/2005;4.44;4.44;4.35;4.42;453275;2819990.000
03/04/2005;4.42;4.45;4.36;4.39;379742;2366994.000
03/07/2005;4.36;4.43;4.35;4.42;446609;2780568.000
03/08/2005;4.43;4.55;4.41;4.55;1049227;6664457.000
03/09/2005;4.55;4.58;4.50;4.51;796203;5098692.000
03/10/2005;4.49;4.53;4.31;4.32;822455;5129778.000
03/11/2005;4.31;4.36;4.29;4.34;521117;3194829.000
03/14/2005;4.31;4.33;4.20;4.25;725263;4377630.000
03/15/2005;4.25;4.27;4.13;4.14;761157;4527866.000
03/16/2005;4.14;4.22;4.12;4.19;462204;2734239.000
03/17/2005;4.20;4.21;4.08;4.10;348698;2053275.000
03/18/2005;4.10;4.15;4.05;4.06;353480;2061775.000
03/21/2005;4.03;4.14;4.03;4.14;280546;1632427.000
03/22/2005;4.13;4.14;3.85;3.85;803474;4555832.000
03/23/2005;3.83;3.96;3.83;3.88;429595;2394799.000
03/24/2005;3.88;4.01;3.85;3.97;397647;2240667.000
03/25/2005;3.97;3.99;3.92;3.92;314100;1778546.000
03/28/2005;3.83;3.92;3.82;3.92;342123;1890678.000
03/29/2005;3.90;3.95;3.85;3.88;201200;1122178.000
03/30/2005;3.84;3.85;3.64;3.66;661452;3555045.000
03/31/2005;3.66;3.66;3.59;3.64;378394;1977631.000
04/01/2005;3.61;3.91;3.52;3.76;767261;4052935.000
04/04/2005;3.71;3.71;3.58;3.61;492194;2592061.000
04/05/2005;3.57;3.64;3.55;3.56;326100;1694698.000
04/06/2005;3.57;3.71;3.52;3.64;517624;2706567.000
04/07/2005;3.63;3.79;3.63;3.73;867359;4670853.000
04/08/2005;3.78;3.89;3.73;3.87;992873;5457752.000
04/11/2005;3.83;3.85;3.73;3.84;1076585;5868574.000
04/12/2005;3.78;3.82;3.65;3.67;567776;3039666.000
04/13/2005;3.74;3.83;3.71;3.81;752770;4095394.000
04/14/2005;3.80;3.82;3.67;3.67;544000;2928323.000
04/15/2005;3.69;3.70;3.52;3.54;758821;3937344.000
04/18/2005;3.53;3.56;3.40;3.45;709980;3568614.000
04/19/2005;3.46;3.51;3.40;3.49;318429;1607190.000
04/20/2005;3.46;3.46;3.38;3.39;294516;1461390.000
04/21/2005;3.39;3.42;3.27;3.29;583780;2836932.000
04/22/2005;3.29;3.32;3.13;3.17;610452;2874579.000
04/25/2005;3.15;3.16;3.03;3.05;605270;2738340.000
04/26/2005;3.05;3.28;3.05;3.24;863167;4047602.000
04/27/2005;3.21;3.34;3.21;3.24;798010;3822431.000
04/28/2005;3.21;3.40;3.21;3.37;763380;3708345.000
04/29/2005;3.35;3.39;3.31;3.33;619580;3017693.000
05/09/2005;3.24;3.44;3.24;3.30;539124;2619130.000
05/10/2005;3.31;3.40;3.22;3.39;625690;3027435.000
05/11/2005;3.39;3.39;3.29;3.32;444800;2170354.000
05/12/2005;3.32;3.37;3.28;3.33;375778;1824469.000
05/13/2005;3.34;3.42;3.29;3.40;496095;2439440.000
05/16/2005;3.42;3.42;3.32;3.38;306063;1496678.000
05/17/2005;3.32;3.43;3.31;3.39;368178;1814355.000
05/18/2005;3.39;3.48;3.38;3.48;820307;4104147.000
05/19/2005;3.48;3.63;3.46;3.61;1566479;8059354.000
05/20/2005;3.60;3.71;3.53;3.55;2053766;10756000.000
05/23/2005;3.55;3.55;3.36;3.37;811000;4071708.000
05/24/2005;3.33;3.54;3.32;3.51;1114321;5513221.000
05/25/2005;3.46;3.60;3.45;3.52;716890;3663659.000
05/26/2005;3.50;3.56;3.42;3.45;394380;1990396.000
05/27/2005;3.56;3.59;3.46;3.50;439819;2235837.000
05/30/2005;3.49;3.53;3.44;3.52;408775;2073385.000
06/01/2005;3.52;3.52;3.35;3.35;604938;2989061.000
06/02/2005;3.30;3.38;3.26;3.28;756469;3648488.000
06/03/2005;3.28;3.36;3.27;3.32;323829;1565105.000
06/06/2005;3.28;3.35;3.20;3.35;436446;2095572.000
06/07/2005;3.35;3.44;3.32;3.34;588100;2903317.000
06/08/2005;3.37;3.71;3.37;3.66;1897507;9838628.000
06/09/2005;3.65;3.80;3.59;3.71;2202936;11737026.000
06/10/2005;3.75;3.78;3.60;3.62;1224600;6471495.000
06/13/2005;3.60;3.69;3.57;3.67;654094;3438873.000
06/14/2005;3.68;3.72;3.56;3.57;612521;3221730.000
06/15/2005;3.56;3.61;3.52;3.60;831524;4295953.000
06/16/2005;3.60;3.73;3.60;3.71;1351465;7168853.000
06/17/2005;3.72;3.74;3.63;3.72;1016425;5412792.000
06/20/2005;3.70;3.85;3.58;3.85;2785239;15103819.000
06/21/2005;3.86;3.87;3.74;3.75;1135177;6167556.000
06/22/2005;3.74;3.78;3.66;3.78;801883;4289005.000
06/23/2005;3.72;3.75;3.64;3.64;753050;4009189.000
06/24/2005;3.64;3.70;3.62;3.69;388359;2052631.000
06/27/2005;3.71;3.87;3.71;3.79;1548539;8456672.000
06/28/2005;3.72;3.74;3.64;3.67;772769;4109593.000
06/29/2005;3.71;3.71;3.64;3.66;417600;2216207.000
06/30/2005;3.66;3.74;3.63;3.66;1058933;5610505.000
07/01/2005;3.64;3.70;3.42;3.44;1180530;6046101.000
07/04/2005;3.44;3.44;3.30;3.39;604964;2968235.000
07/05/2005;3.37;3.44;3.37;3.39;378940;1842669.000
07/06/2005;3.46;3.47;3.39;3.44;349524;1707509.000
07/07/2005;3.44;3.56;3.43;3.52;397243;1968811.000
07/08/2005;3.52;3.52;3.35;3.40;487201;2375852.000
07/11/2005;3.49;3.54;3.36;3.38;437790;2152323.000
07/12/2005;3.36;3.58;3.34;3.53;648420;3221031.000
07/13/2005;3.49;3.52;3.40;3.43;488855;2409264.000
07/14/2005;3.46;3.49;3.40;3.41;389310;1903480.000
07/15/2005;3.42;3.43;3.21;3.23;727000;3437631.000
07/18/2005;3.17;3.25;3.14;3.17;391800;1791863.000
07/19/2005;3.17;3.28;3.17;3.25;302679;1397443.000
07/20/2005;3.22;3.30;3.22;3.27;252011;1177645.000
07/21/2005;3.24;3.28;3.18;3.22;201006;925053.000
07/22/2005;3.24;3.41;3.24;3.35;925308;4429446.000
07/25/2005;3.38;3.40;3.33;3.37;331204;1588137.000
07/26/2005;3.36;3.51;3.35;3.47;936037;4613175.000
07/27/2005;3.46;3.49;3.42;3.49;607500;2990082.000
07/28/2005;3.50;3.55;3.43;3.45;884299;4377751.000
07/29/2005;3.41;3.47;3.38;3.41;351997;1713872.000
08/01/2005;3.44;3.46;3.39;3.42;420140;2042852.000
08/02/2005;3.42;3.51;3.40;3.49;861899;4255507.000
08/03/2005;3.49;3.57;3.49;3.50;1248200;6257431.000
08/04/2005;3.49;3.49;3.44;3.46;612299;3021113.000
08/05/2005;3.44;3.57;3.44;3.57;1099054;5523137.000
08/08/2005;3.59;3.67;3.57;3.60;1459848;7475643.000
08/09/2005;3.60;3.66;3.55;3.65;779966;3984240.000
08/10/2005;3.64;3.70;3.59;3.69;1182984;6111265.000
08/11/2005;3.67;3.72;3.63;3.70;2022765;10529737.000
08/12/2005;3.70;3.71;3.60;3.60;1652767;8544131.000
08/15/2005;3.61;3.79;3.60;3.76;1541925;8068517.000
08/16/2005;3.76;3.83;3.71;3.76;1957914;10408803.000
08/17/2005;3.75;3.85;3.67;3.83;1659397;8823872.000
08/18/2005;3.85;3.90;3.60;3.64;1953387;10485317.000
08/19/2005;3.60;3.69;3.57;3.64;1033185;5323334.000
08/22/2005;3.64;3.72;3.61;3.71;628319;3264828.000
08/23/2005;3.69;3.69;3.57;3.58;1134408;5802939.000
08/24/2005;3.58;3.64;3.55;3.63;661885;3386235.000
08/25/2005;3.64;3.66;3.59;3.65;652510;3352903.000
08/26/2005;3.64;3.75;3.64;3.74;1305527;6830386.000
08/29/2005;3.74;3.74;3.61;3.65;677669;3521354.000
08/30/2005;3.61;3.68;3.61;3.63;417770;2155653.000
08/31/2005;3.64;3.75;3.61;3.74;823293;4311242.000
09/01/2005;3.76;3.84;3.73;3.82;1502040;8052945.000
09/02/2005;3.81;3.85;3.78;3.84;1290839;6947517.000
09/05/2005;3.85;3.86;3.79;3.85;900450;4861501.000
09/06/2005;3.86;3.87;3.69;3.71;1392638;7470570.000
09/07/2005;3.69;3.91;3.67;3.90;1411611;7574095.000
09/08/2005;3.90;4.03;3.87;3.92;2796520;15553850.000
09/09/2005;3.92;3.96;3.80;3.84;1142477;6241076.000
09/12/2005;3.84;3.98;3.83;3.96;1150220;6352622.000
09/13/2005;4.00;4.05;3.94;4.04;1773487;9979094.000
09/14/2005;4.07;4.09;3.99;4.04;1627922;9229064.000
09/15/2005;4.04;4.06;3.99;4.04;1098569;6206939.000
09/16/2005;4.03;4.05;3.99;4.03;860770;4850164.000
09/19/2005;4.01;4.11;4.00;4.08;1037500;5908210.000
09/20/2005;4.10;4.10;3.94;3.98;1687230;9462310.000
09/21/2005;3.98;3.99;3.88;3.88;1370360;7542518.000
09/22/2005;3.88;3.88;3.73;3.74;1465409;7876572.000
09/23/2005;3.73;3.79;3.69;3.71;827190;4379960.000
09/26/2005;3.72;3.79;3.71;3.75;445301;2351650.000
09/27/2005;3.75;3.76;3.66;3.69;538732;2821824.000
09/28/2005;3.67;3.75;3.67;3.71;406650;2131578.000
09/29/2005;3.71;3.81;3.70;3.80;989472;5278815.000
09/30/2005;3.78;3.81;3.72;3.74;521817;2767497.000
10/10/2005;3.74;3.83;3.74;3.79;850850;4557098.000
10/11/2005;3.79;3.86;3.75;3.85;656820;3529274.000
10/12/2005;3.85;3.89;3.80;3.87;724849;3926554.000
10/13/2005;3.87;3.87;3.74;3.78;625726;3357257.000
10/14/2005;3.75;3.83;3.74;3.74;510150;2722062.000
10/17/2005;3.74;3.79;3.72;3.79;456358;2419472.000
10/18/2005;3.79;3.95;3.77;3.92;1321300;7236929.000
10/19/2005;3.90;3.96;3.85;3.86;1287086;7090855.000
10/20/2005;3.85;4.00;3.82;3.99;1417907;7788598.000
10/21/2005;3.99;4.03;3.92;3.98;1277675;7150323.000
10/24/2005;3.98;4.01;3.94;3.99;980964;5486121.000
10/25/2005;3.97;3.97;3.78;3.79;1204333;6532063.000
10/26/2005;3.79;3.82;3.65;3.65;1141200;6019195.000
10/27/2005;3.66;3.70;3.63;3.66;699280;3622042.000
10/28/2005;3.67;3.68;3.46;3.49;1324808;6639676.000
10/31/2005;3.49;3.58;3.48;3.53;553011;2773000.000
11/01/2005;3.50;3.53;3.38;3.46;629457;3087806.000
11/02/2005;3.47;3.59;3.46;3.57;889171;4478808.000
11/03/2005;3.58;3.60;3.50;3.57;685768;3460338.000
11/04/2005;3.61;3.84;3.57;3.80;3051513;16062513.000
11/07/2005;3.78;3.83;3.72;3.81;1090519;5810046.000
11/08/2005;3.80;3.82;3.73;3.82;925821;4934665.000
11/09/2005;3.79;3.82;3.74;3.75;893141;4757103.000
11/10/2005;3.72;3.72;3.53;3.56;1135298;5848805.000
11/11/2005;3.54;3.66;3.53;3.63;629091;3209031.000
11/14/2005;3.60;3.68;3.60;3.67;327900;1692884.000
11/15/2005;3.67;3.72;3.63;3.64;417100;2165578.000
11/16/2005;3.64;3.68;3.55;3.68;557074;2852005.000
11/17/2005;3.67;3.72;3.61;3.64;366700;1901830.000
11/18/2005;3.64;3.76;3.63;3.74;959513;5051856.000
11/21/2005;3.75;3.78;3.71;3.74;581813;3071930.000
11/22/2005;3.73;3.75;3.64;3.66;529304;2767483.000
11/23/2005;3.66;3.74;3.65;3.71;287464;1504373.000
11/24/2005;3.74;3.84;3.72;3.78;1185800;6327092.000
11/25/2005;3.79;3.81;3.73;3.77;570000;3029107.000
11/28/2005;3.73;3.87;3.71;3.85;1486121;7987572.000
11/29/2005;3.85;3.88;3.79;3.80;1504767;8125372.000
11/30/2005;3.79;3.83;3.75;3.83;758312;4046859.000
12/01/2005;3.82;3.84;3.76;3.78;422855;2263447.000
12/02/2005;3.74;3.78;3.67;3.69;593506;3119450.000
12/05/2005;3.72;3.72;3.58;3.59;652400;3374792.000
12/06/2005;3.60;3.67;3.56;3.63;514666;2630619.000
12/07/2005;3.62;3.66;3.60;3.64;286928;1475570.000
12/08/2005;3.65;3.65;3.60;3.61;302990;1554569.000
12/09/2005;3.60;3.72;3.60;3.71;370808;1927668.000
12/12/2005;3.71;3.74;3.69;3.73;301849;1586398.000
12/13/2005;3.72;3.75;3.67;3.74;348328;1827135.000
12/14/2005;3.75;3.81;3.71;3.78;716399;3813586.000
12/15/2005;3.76;3.84;3.76;3.77;1020012;5482398.000
12/16/2005;3.79;3.85;3.77;3.82;742736;3987736.000
12/19/2005;3.86;3.86;3.78;3.83;628040;3382809.000
12/20/2005;3.83;3.85;3.78;3.82;516258;2772830.000
12/21/2005;3.81;3.82;3.75;3.75;560247;2988834.000
12/22/2005;3.74;3.85;3.74;3.85;668640;3585647.000
12/23/2005;3.85;3.89;3.83;3.88;1153178;6275087.000
12/26/2005;3.88;3.92;3.86;3.89;1147454;6273930.000
12/27/2005;3.89;4.03;3.85;3.93;2219057;12355463.000
12/28/2005;3.95;4.01;3.92;3.97;1244630;6940599.000
12/29/2005;3.97;4.00;3.95;3.99;1067184;5963390.000
12/30/2005;4.07;4.13;4.01;4.02;2639041;14973001.000
01/04/2006;3.99;4.28;3.99;4.22;3732127;21868190.000
01/05/2006;4.21;4.27;4.17;4.24;3014944;17777140.000
01/06/2006;4.23;4.34;4.19;4.28;2530597;15048623.000
01/09/2006;4.26;4.35;4.23;4.28;1916855;11444997.000
01/10/2006;4.28;4.28;4.17;4.28;1794832;10590992.000
01/11/2006;4.28;4.28;4.17;4.24;1480152;8719596.000
01/12/2006;4.24;4.42;4.22;4.41;2954895;17971420.000
01/13/2006;4.41;4.44;4.32;4.39;1927711;11728143.000
01/16/2006;4.39;4.45;4.33;4.35;1601898;9800022.000
01/17/2006;4.33;4.44;4.25;4.29;2027757;12273748.000
01/18/2006;4.32;4.42;4.27;4.40;2508544;15245717.000
01/19/2006;4.36;4.38;4.17;4.24;4185693;24718876.000
01/20/2006;4.22;4.27;4.07;4.12;4313358;25096476.000
01/23/2006;4.09;4.24;4.09;4.23;2845891;16633128.000
01/24/2006;4.23;4.23;4.15;4.17;1717100;10070617.000
01/25/2006;4.15;4.39;4.14;4.36;3054327;18294892.000
02/06/2006;4.39;4.39;4.31;4.39;2313980;14070507.000
02/07/2006;4.39;4.41;4.23;4.26;2143168;12905502.000
02/08/2006;4.25;4.28;4.19;4.26;1263016;7460932.000
02/09/2006;4.25;4.25;4.19;4.21;1055220;6213524.000
02/10/2006;4.21;4.34;4.18;4.33;1483696;8842227.000
02/13/2006;4.33;4.33;4.21;4.27;951702;5659009.000
02/14/2006;4.26;4.32;4.22;4.25;1169356;6995553.000
02/15/2006;4.28;4.34;4.26;4.31;1190485;7139959.000
02/16/2006;4.32;4.32;4.10;4.12;1825364;10677581.000
02/17/2006;4.12;4.14;4.03;4.03;1012104;5801325.000
02/20/2006;4.02;4.08;4.01;4.02;679149;3854183.000
02/21/2006;4.01;4.10;3.92;4.10;1001882;5646134.000
02/22/2006;4.10;4.12;4.05;4.09;725342;4157088.000
02/23/2006;4.09;4.10;4.01;4.08;584019;3325391.000
02/24/2006;4.13;4.15;4.10;4.12;664380;3832798.000
03/09/2006;3.97;3.97;3.77;3.78;1033300;5607627.000
03/10/2006;3.76;3.83;3.75;3.78;483402;2582009.000
03/13/2006;3.78;3.85;3.75;3.83;711154;3808968.000
03/14/2006;3.84;3.95;3.81;3.91;766146;4176533.000
03/15/2006;3.89;3.92;3.86;3.91;709500;3893454.000
03/16/2006;3.89;3.97;3.85;3.93;1458395;8046349.000
04/12/2006;4.41;4.51;4.31;4.40;7968119;38103092.000
04/13/2006;4.39;4.45;4.35;4.42;4657916;22328610.000
04/14/2006;4.42;4.54;4.37;4.53;5071261;24572860.000
04/17/2006;4.49;4.58;4.39;4.57;6064927;29809596.000
04/18/2006;4.61;4.67;4.45;4.51;8392628;41503724.000
04/19/2006;4.51;4.51;4.36;4.41;3136617;15052036.000
04/20/2006;4.41;4.44;4.29;4.32;2306654;10892295.000
04/21/2006;4.28;4.41;4.28;4.37;1643721;7813887.000
04/24/2006;4.41;4.51;4.32;4.45;3308539;15953719.000
04/25/2006;4.41;4.41;4.22;4.25;2544735;11906691.000
04/26/2006;4.26;4.37;4.24;4.35;2725674;12824537.000
04/27/2006;4.35;4.51;4.31;4.48;3166339;15268337.000
04/28/2006;4.44;4.64;4.33;4.57;4881899;24135894.000
05/08/2006;4.59;4.66;4.49;4.64;4541253;22605104.000
05/09/2006;4.66;4.79;4.56;4.74;5379102;27369358.000
05/10/2006;4.76;4.76;4.61;4.67;4320896;21911932.000
05/11/2006;4.67;4.99;4.60;4.74;7109391;36814188.000
05/12/2006;4.74;4.86;4.69;4.84;4322352;22343506.000
05/15/2006;4.86;5.00;4.72;4.99;5272182;27700432.000
05/16/2006;4.92;5.10;4.72;4.76;5192664;27419164.000
05/17/2006;4.76;5.14;4.76;5.04;5757555;30696606.000
05/18/2006;4.99;5.02;4.85;4.95;2985977;15892473.000
05/19/2006;4.96;5.05;4.89;5.05;3149759;16971430.000
05/22/2006;5.04;5.21;4.98;5.11;4219003;23202086.000
05/24/2006;4.86;4.94;4.56;4.60;5913228;30027782.000
05/25/2006;4.61;4.71;4.54;4.69;2567498;12860870.000
05/26/2006;4.71;4.82;4.66;4.80;2718701;13934860.000
05/29/2006;4.80;5.13;4.74;5.09;5187867;27778386.000
05/30/2006;5.18;5.27;5.09;5.10;10830883;60482344.000
05/31/2006;5.09;5.10;4.94;5.00;3169099;17098600.000
06/01/2006;5.00;5.54;5.00;5.54;8475847;48748328.000
06/02/2006;5.54;5.54;5.32;5.34;5837473;33928272.000
06/05/2006;5.34;5.48;5.22;5.42;2826069;16215763.000
06/06/2006;5.41;5.66;5.33;5.39;2932081;17150590.000
06/07/2006;5.37;5.39;4.82;4.84;3325749;18176120.000
06/08/2006;4.84;4.95;4.73;4.91;2225529;11641406.000
06/09/2006;4.91;4.97;4.70;4.72;1995514;10437620.000
06/12/2006;4.71;4.81;4.66;4.80;1043650;5266685.000
06/13/2006;4.80;4.86;4.69;4.77;1234963;6252384.000
06/14/2006;4.74;4.81;4.66;4.80;992863;4973130.000
06/15/2006;4.79;4.86;4.76;4.79;870537;4442182.000
06/16/2006;4.80;4.90;4.80;4.90;1190661;6135475.000
06/19/2006;4.85;4.95;4.77;4.91;1234250;6392066.000
06/20/2006;4.94;4.95;4.84;4.91;1099955;5709057.000
06/21/2006;4.91;4.91;4.80;4.85;1734851;8912557.000
06/22/2006;4.85;4.89;4.82;4.86;926820;4770123.000
06/23/2006;4.86;4.93;4.81;4.91;1268569;6565832.000
06/26/2006;4.91;5.07;4.91;5.05;1571068;8336092.000
06/27/2006;5.06;5.08;4.91;5.01;1421436;7492408.000
06/28/2006;5.04;5.27;4.98;5.16;3047921;16620247.000
06/29/2006;5.11;5.25;5.11;5.18;2181811;11945806.000
06/30/2006;5.19;5.23;5.04;5.10;1825052;9856744.000
07/03/2006;5.08;5.22;5.05;5.21;1723564;9369682.000
07/04/2006;5.19;5.26;5.08;5.13;1748036;9553177.000
07/05/2006;5.10;5.10;5.02;5.04;1468387;7849444.000
07/06/2006;5.01;5.22;5.01;5.19;1496842;8158981.000
07/07/2006;5.23;5.28;5.16;5.28;2693411;14864504.000
07/10/2006;5.31;5.31;5.16;5.27;1519965;8392535.000
07/11/2006;5.27;5.27;5.17;5.23;1184454;6513687.000
07/12/2006;5.23;5.26;5.15;5.17;1531537;8427801.000
07/13/2006;5.16;5.16;4.71;4.71;3005349;15580692.000
07/14/2006;4.69;4.81;4.66;4.72;1794528;9023600.000
07/17/2006;4.71;4.80;4.69;4.79;1013930;5110755.000
07/18/2006;4.77;4.81;4.72;4.80;751553;3792732.000
07/19/2006;4.77;4.80;4.67;4.69;888508;4461686.000
07/20/2006;4.69;4.80;4.69;4.78;729948;3676423.000
07/21/2006;4.76;4.82;4.74;4.80;741077;3763317.000
07/24/2006;4.76;4.87;4.70;4.86;1143069;5824388.000
07/25/2006;4.86;4.93;4.83;4.92;1083524;5628953.000
07/26/2006;4.92;4.95;4.86;4.91;1039050;5397478.000
07/27/2006;4.89;4.92;4.75;4.81;1212710;6209707.000
07/28/2006;4.81;4.83;4.71;4.78;889420;4480474.000
07/31/2006;4.76;4.78;4.58;4.58;1146881;5664544.000
08/01/2006;4.61;4.66;4.55;4.58;651630;3179824.000
08/02/2006;4.56;4.64;4.52;4.58;582514;2829419.000
08/03/2006;4.56;4.63;4.55;4.61;354856;1728902.000
08/04/2006;4.61;4.63;4.43;4.46;559012;2703674.000
08/07/2006;4.41;4.45;4.27;4.29;832343;3886643.000
08/08/2006;4.31;4.45;4.31;4.41;695407;3243513.000
08/09/2006;4.44;4.47;4.39;4.44;482542;2274871.000
08/10/2006;4.37;4.49;4.37;4.48;611234;2890421.000
08/11/2006;4.44;4.53;4.41;4.48;614171;2919000.000
08/14/2006;4.53;4.53;4.27;4.32;561122;2615628.000
08/15/2006;4.38;4.44;4.31;4.43;440816;2061810.000
08/16/2006;4.38;4.48;4.37;4.48;668832;3173126.000
08/17/2006;4.47;4.50;4.34;4.39;435372;2040604.000
08/18/2006;4.39;4.45;4.34;4.41;585678;2747715.000
08/21/2006;4.29;4.49;4.27;4.49;1022394;4818801.000
08/22/2006;4.47;4.60;4.46;4.51;1328201;6428935.000
08/23/2006;4.60;4.87;4.59;4.68;3506022;17633352.000
08/24/2006;4.64;4.70;4.58;4.66;1216423;5993419.000
08/25/2006;4.64;4.69;4.63;4.66;950985;4707419.000
08/28/2006;4.66;4.76;4.66;4.76;1110211;5566470.000
08/29/2006;4.79;4.79;4.67;4.69;1392168;7004074.000
08/30/2006;4.67;4.72;4.66;4.71;692532;3456848.000
08/31/2006;4.71;4.80;4.69;4.76;1154862;5804882.000
09/01/2006;4.74;4.79;4.60;4.60;900180;4462659.000
09/04/2006;4.62;4.76;4.61;4.71;1031740;5147252.000
09/05/2006;4.70;4.79;4.67;4.77;1339073;6760097.000
09/06/2006;4.79;4.82;4.72;4.81;1044297;5281950.000
09/07/2006;4.81;4.82;4.66;4.68;932990;4673454.000
09/08/2006;4.67;4.75;4.64;4.69;490492;2444730.000
09/11/2006;4.71;4.78;4.66;4.76;780878;3926167.000
09/12/2006;4.77;4.77;4.72;4.76;1044993;5273792.000
09/13/2006;4.77;4.77;4.68;4.68;635418;3184090.000
09/14/2006;4.69;4.86;4.65;4.84;2166319;10977615.000
09/15/2006;4.84;4.88;4.77;4.86;1545436;7941630.000
09/18/2006;4.89;4.97;4.84;4.93;1962770;10226222.000
09/19/2006;4.91;4.96;4.84;4.87;1162200;6007935.000
09/20/2006;4.85;4.86;4.79;4.83;1010217;5167614.000
09/21/2006;4.83;4.89;4.81;4.88;794127;4078876.000
09/22/2006;4.87;4.88;4.73;4.77;1172531;5959582.000
09/25/2006;4.74;4.78;4.68;4.71;947273;4748301.000
09/26/2006;4.77;4.77;4.67;4.73;506694;2532244.000
09/27/2006;4.72;4.80;4.71;4.80;459265;2310471.000
09/28/2006;4.76;4.82;4.75;4.77;752776;3825317.000
09/29/2006;4.79;4.83;4.77;4.82;896568;4568742.000
10/09/2006;4.84;4.88;4.81;4.87;1100861;5656240.000
10/10/2006;4.87;4.97;4.84;4.92;1510282;7864999.000
10/11/2006;4.92;4.95;4.84;4.89;927207;4792190.000
10/12/2006;4.89;4.89;4.79;4.82;1118430;5726926.000
10/13/2006;4.82;4.89;4.81;4.85;693954;3565825.000
10/16/2006;4.84;4.87;4.78;4.82;880153;4492779.000
10/17/2006;4.79;4.88;4.79;4.82;588393;3012281.000
10/18/2006;4.81;4.88;4.80;4.88;800868;4111904.000
10/19/2006;4.89;4.89;4.85;4.88;866201;4472945.000
10/20/2006;4.89;4.90;4.81;4.83;1141956;5869946.000
10/23/2006;4.78;4.81;4.52;4.59;1579152;7820423.000
10/24/2006;4.59;4.74;4.58;4.73;1338960;6666453.000
10/25/2006;4.71;4.75;4.64;4.67;723810;3607387.000
10/26/2006;4.67;4.70;4.63;4.64;648184;3212233.000
10/27/2006;4.66;4.67;4.53;4.54;1323528;6448792.000
10/30/2006;4.54;4.63;4.52;4.61;581949;2818335.000
10/31/2006;4.62;4.65;4.58;4.64;680339;3338050.000
11/01/2006;4.66;4.66;4.58;4.65;694852;3409259.000
11/02/2006;4.65;4.68;4.61;4.68;796487;3927161.000
11/03/2006;4.66;4.76;4.66;4.71;1524413;7613557.000
11/06/2006;4.68;4.75;4.64;4.74;908500;4556245.000
11/07/2006;4.77;4.80;4.64;4.73;1055744;5299049.000
11/08/2006;4.73;4.76;4.66;4.66;792922;3944786.000
11/09/2006;4.70;4.70;4.64;4.69;616737;3064567.000
11/10/2006;4.69;4.69;4.51;4.55;996725;4871507.000
11/13/2006;4.56;4.61;4.39;4.43;831180;3969044.000
11/14/2006;4.46;4.50;4.41;4.49;579743;2750076.000
11/15/2006;4.49;4.54;4.44;4.54;688792;3303110.000
11/16/2006;4.56;4.59;4.49;4.49;906280;4385499.000
11/17/2006;4.47;4.64;4.47;4.57;1143142;5551196.000
11/20/2006;4.59;4.60;4.49;4.53;617142;2968456.000
11/21/2006;4.53;4.53;4.44;4.50;535173;2550870.000
11/22/2006;4.50;4.58;4.49;4.53;826816;3996716.000
11/23/2006;4.52;4.59;4.49;4.56;965514;4663926.000
11/24/2006;4.56;4.61;4.50;4.59;1129612;5489703.000
11/27/2006;4.61;4.64;4.56;4.63;1032525;5051697.000
11/28/2006;4.62;4.64;4.57;4.59;869330;4252677.000
11/29/2006;4.58;4.61;4.51;4.60;980364;4744204.000
11/30/2006;4.59;4.67;4.58;4.66;1593335;7854913.000
12/01/2006;4.68;4.79;4.62;4.72;2438697;12199086.000
12/04/2006;4.71;4.82;4.69;4.76;1997303;10061998.000
12/05/2006;4.77;4.88;4.76;4.80;2147579;10953093.000
12/06/2006;4.86;4.86;4.62;4.71;1861650;9340351.000
12/07/2006;4.69;4.75;4.66;4.69;1615533;8065478.000
12/08/2006;4.63;4.66;4.52;4.52;1177386;5744818.000
12/11/2006;4.56;4.61;4.51;4.60;703194;3411228.000
12/12/2006;4.58;4.63;4.55;4.59;629044;3066753.000
12/13/2006;4.59;4.63;4.54;4.59;683977;3322576.000
12/14/2006;4.60;4.65;4.56;4.64;961055;4717099.000
12/15/2006;4.65;4.68;4.60;4.65;982409;4846005.000
12/18/2006;4.64;4.70;4.63;4.69;1525592;7558143.000
12/19/2006;4.69;4.72;4.58;4.66;1298853;6418485.000
12/20/2006;4.67;4.76;4.61;4.75;2033793;10148809.000
12/21/2006;4.75;4.86;4.71;4.76;2747424;13923554.000
12/22/2006;4.71;4.82;4.68;4.73;1072325;5389347.000
12/25/2006;4.73;4.79;4.71;4.72;1459336;7363256.000
12/26/2006;4.76;4.76;4.64;4.69;1025267;5101734.000
12/27/2006;4.71;4.76;4.65;4.71;1159495;5794079.000
12/28/2006;4.71;4.71;4.55;4.57;1329978;6524878.000
12/29/2006;4.64;4.64;4.56;4.61;1625672;7950184.000
01/04/2007;4.61;4.69;4.59;4.64;1659887;8187758.000
01/05/2007;4.59;4.79;4.59;4.77;2109198;10553019.000
01/08/2007;4.77;4.94;4.76;4.91;3648091;18811644.000
01/09/2007;4.93;4.95;4.87;4.91;2677949;13923977.000
01/10/2007;4.91;5.06;4.84;5.03;3661424;19086060.000
01/11/2007;5.02;5.15;4.97;4.98;3564069;19079956.000
01/12/2007;4.95;5.03;4.81;4.82;2709193;14036078.000
01/15/2007;4.79;4.99;4.79;4.98;2236495;11611094.000
01/16/2007;5.00;5.09;4.92;5.09;3291622;17472916.000
01/17/2007;5.09;5.25;4.95;4.97;4565006;24598558.000
01/18/2007;4.98;5.25;4.98;5.20;4069889;22032280.000
01/19/2007;5.21;5.39;5.16;5.33;4593666;25467070.000
01/22/2007;5.41;5.51;5.36;5.49;5836524;33423348.000
01/23/2007;5.57;5.58;5.29;5.50;4931711;28203188.000
01/24/2007;5.49;5.81;5.43;5.67;5577775;32975838.000
01/25/2007;5.74;5.75;5.40;5.41;4420233;25816296.000
01/26/2007;5.39;5.47;5.18;5.38;3316965;18607736.000
01/29/2007;5.44;5.67;5.31;5.63;4038663;23524576.000
01/30/2007;5.62;5.79;5.55;5.64;4339279;25840296.000
01/31/2007;5.61;5.70;5.39;5.40;4019736;23497220.000
02/01/2007;5.34;5.46;5.22;5.40;2635488;14902276.000
02/02/2007;5.40;5.55;5.29;5.30;2419887;13796467.000
02/05/2007;5.29;5.45;5.29;5.41;1695707;9630579.000
02/06/2007;5.45;5.58;5.43;5.57;1801956;10488269.000
02/07/2007;5.59;5.63;5.51;5.59;2004718;11767895.000
02/08/2007;5.61;5.83;5.58;5.73;3830066;23072786.000
02/09/2007;5.71;5.79;5.66;5.74;2460063;14774111.000
02/12/2007;5.76;6.00;5.74;5.98;3347455;20604816.000
02/13/2007;5.99;6.06;5.90;6.00;2514282;15721372.000
02/14/2007;5.99;6.06;5.96;6.01;3005311;18917524.000
02/15/2007;6.04;6.17;6.01;6.16;2880037;18377782.000
02/16/2007;6.16;6.38;6.12;6.15;3823708;24933014.000
02/26/2007;6.18;6.58;6.10;6.49;4536044;30284778.000
02/27/2007;6.51;6.57;5.82;5.83;6951767;45457048.000
02/28/2007;5.84;6.44;5.84;6.44;5826547;37492124.000
03/01/2007;6.54;6.87;6.45;6.64;11752352;81346712.000
03/02/2007;6.79;7.10;6.76;6.95;12048957;87209120.000
03/05/2007;6.91;6.94;6.49;6.68;5966725;41669200.000
03/06/2007;6.71;6.78;6.51;6.68;2567920;17708876.000
03/07/2007;6.70;6.81;6.62;6.81;3039337;21320298.000
03/08/2007;6.81;6.94;6.75;6.85;2763322;19724302.000
03/09/2007;6.87;7.56;6.80;7.56;12400959;93437840.000
03/12/2007;7.59;7.66;7.46;7.62;19012357;149675712.000
03/13/2007;7.55;7.55;7.36;7.55;6067588;46989688.000
03/14/2007;7.50;7.50;7.21;7.35;4687204;35839272.000
03/15/2007;7.36;7.66;7.36;7.50;5118444;40081728.000
03/16/2007;7.59;7.72;7.41;7.51;8430388;66356420.000
03/19/2007;7.21;7.48;7.12;7.38;4308964;32864684.000
03/20/2007;7.41;7.61;7.37;7.56;3615592;28212892.000
03/21/2007;7.56;7.71;7.47;7.60;3941661;31030202.000
03/22/2007;7.61;7.77;7.55;7.58;5582150;44384824.000
03/23/2007;7.52;7.66;7.33;7.63;4899789;38227608.000
03/26/2007;7.67;7.98;7.66;7.90;7275021;59120996.000
03/27/2007;7.92;7.99;7.72;7.91;4753335;38862944.000
03/28/2007;7.97;8.01;7.37;7.71;6471019;51974960.000
03/29/2007;7.71;7.90;7.33;7.35;5014097;39627520.000
03/30/2007;7.32;7.54;7.23;7.44;2768591;21355164.000
04/02/2007;7.46;7.63;7.41;7.62;2544161;19932592.000
04/03/2007;7.63;8.13;7.63;8.00;5908109;48186064.000
04/04/2007;7.96;8.01;7.83;7.92;4194895;34444576.000
04/05/2007;7.92;8.07;7.87;7.99;3558432;29385228.000
04/06/2007;7.93;8.59;7.91;8.20;7128129;60524952.000
04/09/2007;8.21;8.55;8.16;8.44;5675088;49018200.000
04/10/2007;8.42;8.45;8.06;8.30;4686262;39992304.000
04/11/2007;8.30;8.44;8.16;8.39;4628911;39687868.000
04/13/2007;8.61;8.80;8.31;8.39;6480683;57564320.000
04/16/2007;8.39;8.65;8.39;8.63;4321733;38071888.000
04/17/2007;8.66;8.77;8.42;8.77;5926529;52700428.000
04/18/2007;8.79;9.06;8.65;8.98;5143970;47303604.000
04/19/2007;8.99;9.34;8.41;8.61;8838522;81865464.000
04/20/2007;8.79;9.23;8.79;9.18;5861692;54594004.000
04/23/2007;9.31;9.61;9.26;9.54;5051247;49325120.000
04/24/2007;9.64;10.00;9.51;9.76;5617835;56573752.000
04/25/2007;9.79;9.85;9.37;9.63;5392285;53056484.000
04/26/2007;9.66;9.70;9.47;9.68;4022557;39723984.000
04/27/2007;9.68;9.70;9.36;9.43;3420777;33505174.000
04/30/2007;9.34;9.68;9.33;9.58;4601548;45183320.000
05/08/2007;9.70;10.05;9.70;10.01;5546204;56542624.000
05/09/2007;10.25;10.51;9.81;10.25;9874804;103978232.000
05/10/2007;10.26;10.39;10.06;10.27;4973776;52325008.000
05/11/2007;10.16;10.21;9.81;10.10;4156585;43064208.000
05/14/2007;10.01;10.37;9.82;10.18;3965933;41629288.000
05/15/2007;10.16;10.28;9.61;9.65;4731132;48254144.000
05/16/2007;9.61;9.85;9.42;9.82;4059781;40306596.000
05/17/2007;9.84;10.08;9.83;10.06;3814029;39172052.000
05/18/2007;10.06;10.28;9.99;10.20;5566795;58191044.000
05/21/2007;9.79;10.96;9.69;10.72;8863624;95041928.000
05/22/2007;10.73;11.19;10.63;11.01;10977989;122382832.000
05/23/2007;11.01;11.61;10.87;11.39;7550804;87745984.000
05/24/2007;11.53;11.59;10.78;10.93;5706496;64106372.000
05/25/2007;10.95;11.26;10.93;11.13;4738810;53500196.000
05/28/2007;11.23;11.57;11.18;11.31;5170783;59726520.000
05/29/2007;11.32;11.70;11.06;11.66;7313840;84352408.000
05/30/2007;10.84;11.40;10.49;10.49;6611337;73138464.000
05/31/2007;10.12;10.33;9.41;9.74;6336513;62766784.000
06/01/2007;9.77;9.99;8.74;8.74;5041293;47096208.000
06/04/2007;8.77;8.91;7.86;7.86;5482336;45336664.000
06/05/2007;7.61;8.39;7.19;8.30;6140532;48993652.000
06/06/2007;8.32;8.59;7.98;8.32;5248794;44782312.000
06/07/2007;8.44;8.91;8.44;8.90;7055733;62716880.000
06/08/2007;8.89;9.07;8.72;8.88;4950380;44999388.000
06/11/2007;8.82;9.16;8.80;8.95;4618991;42192452.000
06/12/2007;9.08;9.16;8.34;9.07;4947765;44569308.000
06/13/2007;9.12;9.48;9.07;9.41;5567216;52992256.000
06/14/2007;9.28;9.41;8.97;9.09;4175828;39157968.000
06/15/2007;9.11;9.24;8.78;8.93;3346201;30643100.000
06/18/2007;9.12;9.57;8.97;9.45;7117017;66885892.000
06/19/2007;9.45;9.63;9.32;9.60;6568590;63723072.000
06/20/2007;9.51;9.68;9.09;9.13;4447731;42853284.000
06/21/2007;9.11;9.47;8.91;9.43;4761309;44699412.000
06/22/2007;9.49;9.49;8.51;8.64;3971194;36185228.000
06/25/2007;8.62;8.72;7.76;7.76;3292987;27390950.000
06/26/2007;7.61;8.08;7.49;8.06;2901227;23036452.000
06/27/2007;8.05;8.37;7.82;8.20;2701297;22383194.000
06/28/2007;8.12;8.30;7.40;7.41;2498190;20172028.000
06/29/2007;7.30;7.80;7.16;7.38;2480291;18824232.000
07/02/2007;7.36;7.65;7.26;7.63;1580165;12119389.000
07/03/2007;7.66;7.76;7.47;7.73;1777165;13913634.000
07/04/2007;7.63;7.78;7.51;7.53;1154516;9050289.000
07/05/2007;7.51;7.51;7.11;7.15;1646849;12314252.000
07/06/2007;7.13;7.64;7.09;7.61;1929510;14603476.000
07/09/2007;7.61;8.09;7.55;7.95;2889677;23192876.000
07/10/2007;7.93;7.95;7.57;7.83;2671907;21287372.000
07/11/2007;7.82;7.94;7.73;7.87;1560998;12528750.000
07/12/2007;7.87;8.06;7.76;7.99;1695808;13770129.000
07/13/2007;7.98;7.99;7.74;7.87;944056;7567933.000
07/16/2007;7.94;8.05;7.66;7.71;1190301;9534719.000
07/17/2007;7.71;7.88;7.64;7.80;894291;7131936.000
07/18/2007;7.72;7.91;7.51;7.80;1341933;10680271.000
07/19/2007;7.72;7.84;7.66;7.76;761448;6051335.000
07/20/2007;7.78;8.06;7.76;8.01;1995443;16239345.000
07/23/2007;8.03;8.38;8.02;8.34;3188116;26817422.000
07/24/2007;8.37;8.52;8.22;8.32;2611221;22367636.000
07/25/2007;8.26;8.63;8.26;8.60;2282181;19765236.000
07/26/2007;8.61;8.79;8.54;8.74;2830004;25095540.000
07/27/2007;8.74;9.40;8.62;9.22;4915109;45621596.000
07/30/2007;9.64;10.16;9.62;10.16;3539758;36109808.000
07/31/2007;10.70;11.19;10.33;10.41;17740241;194039888.000
08/01/2007;10.52;10.70;9.66;9.77;8728742;90934872.000
08/02/2007;9.99;10.34;9.82;10.24;4946637;50867472.000
08/03/2007;10.32;10.41;9.98;10.20;3795690;39323212.000
08/06/2007;10.20;10.30;9.91;10.23;3523068;36269184.000
08/07/2007;10.18;10.18;9.82;9.88;3759272;38098432.000
08/08/2007;9.81;9.81;9.37;9.59;3032357;29615352.000
08/09/2007;9.52;9.87;9.52;9.63;1934261;19105516.000
08/10/2007;9.64;9.66;9.11;9.27;2573130;24436764.000
08/13/2007;9.22;9.70;9.14;9.61;2146547;20687062.000
08/14/2007;9.62;9.78;9.47;9.74;1847421;18157160.000
08/15/2007;9.82;9.87;9.22;9.52;2040641;19776078.000
08/16/2007;9.52;9.66;9.37;9.65;1557959;15163780.000
08/17/2007;9.65;9.74;9.53;9.57;1781116;17442540.000
08/20/2007;9.69;10.16;9.66;9.98;4035072;40796136.000
08/21/2007;9.98;10.12;9.80;10.06;3161737;32103308.000
08/22/2007;10.02;11.07;9.87;11.07;13149968;143765696.000
08/23/2007;11.37;11.41;10.84;11.20;12067636;136847360.000
08/24/2007;11.22;11.37;10.86;10.99;5908629;66756184.000
08/27/2007;11.02;11.37;10.97;11.16;5373713;60808088.000
08/28/2007;11.11;11.11;10.43;10.64;4467360;48332144.000
08/29/2007;10.41;10.70;10.26;10.44;2897321;30938788.000
08/30/2007;10.45;11.49;10.40;11.49;7326537;83725096.000
08/31/2007;11.85;12.66;11.85;11.88;13535547;167496128.000
09/03/2007;12.32;13.09;11.93;13.09;11412934;149553248.000
09/04/2007;12.77;13.01;12.27;12.38;7474999;95496040.000
09/05/2007;12.05;13.64;12.05;13.39;8080310;107577872.000
09/06/2007;13.31;13.72;12.93;13.34;4596545;62144340.000
09/07/2007;13.22;13.32;12.61;12.68;5624750;73727960.000
09/10/2007;12.52;13.27;12.24;13.03;3932155;51165344.000
09/11/2007;13.06;13.41;11.73;11.74;4235958;54079484.000
09/12/2007;11.65;12.12;11.41;11.99;2967123;35286656.000
09/13/2007;11.98;12.81;11.82;12.59;3757210;46611704.000
09/14/2007;12.56;12.78;12.41;12.74;4279781;54878336.000
09/17/2007;12.41;14.03;12.39;14.03;7535585;104709440.000
09/18/2007;14.47;14.47;13.72;13.89;7104916;101637232.000
09/19/2007;13.89;14.39;13.51;14.24;4393181;61891956.000
09/20/2007;14.27;14.47;13.84;14.20;3745680;53508952.000
09/21/2007;14.16;14.20;13.22;13.85;3615532;49884808.000
09/24/2007;13.82;13.95;13.32;13.70;2385375;32965482.000
09/25/2007;13.72;14.82;13.72;13.91;4343930;62370652.000
09/26/2007;14.02;14.40;13.52;13.60;2017299;28460508.000
09/27/2007;13.74;13.99;13.32;13.41;1623332;22186792.000
09/28/2007;13.41;14.10;13.41;13.74;2351833;32873328.000
10/08/2007;13.80;14.36;13.80;13.95;3621654;51555016.000
10/09/2007;13.95;14.89;13.74;14.70;5160521;75682376.000
10/10/2007;14.61;15.02;14.07;14.19;2891277;42457764.000
10/11/2007;14.52;14.52;13.52;13.64;2441394;34141592.000
10/12/2007;13.57;13.91;12.26;13.02;6430522;82116416.000
10/15/2007;12.81;12.99;11.82;11.99;5502905;67368056.000
10/16/2007;12.12;12.59;11.99;12.20;2231895;27511948.000
10/17/2007;12.22;12.27;11.94;11.98;1930579;23545300.000
10/18/2007;11.98;12.26;11.68;11.70;1769619;21319692.000
10/19/2007;11.77;12.12;11.77;11.84;1292437;15681056.000
10/22/2007;11.87;11.98;11.13;11.15;1411623;16377686.000
10/23/2007;10.97;11.40;10.85;11.12;1180760;13255704.000
10/24/2007;11.27;11.62;11.02;11.05;1257913;14407685.000
10/25/2007;11.02;11.12;9.93;9.93;2290577;23754416.000
10/26/2007;9.82;10.20;9.52;9.72;1338858;13374225.000
10/29/2007;9.73;10.32;9.73;10.24;1017443;10341712.000
10/30/2007;10.26;10.35;9.80;10.27;1651652;16879212.000
10/31/2007;10.27;10.76;10.22;10.61;1861073;20015164.000
11/01/2007;10.59;10.59;9.99;10.01;1359427;14097742.000
11/02/2007;9.82;10.11;9.73;9.95;1204699;12129680.000
11/05/2007;9.88;10.16;9.77;10.08;964509;9852404.000
11/06/2007;10.10;10.41;10.10;10.12;1083393;11295895.000
11/07/2007;10.22;10.26;9.80;9.99;967640;9789916.000
11/08/2007;9.98;10.07;9.63;9.66;858220;8621607.000
11/09/2007;9.57;9.91;9.53;9.68;1234278;12201806.000
11/12/2007;9.68;9.68;9.16;9.34;1203200;11513687.000
11/13/2007;9.34;9.72;9.20;9.41;1409630;13523457.000
11/14/2007;9.35;9.81;9.35;9.80;2202798;21562300.000
11/15/2007;9.70;10.06;9.62;9.88;1774932;17793758.000
11/16/2007;9.81;10.16;9.52;9.99;1937928;19681978.000
11/19/2007;10.03;10.30;9.93;10.20;1276649;13166221.000
11/20/2007;10.22;10.32;10.14;10.22;1793300;18662870.000
11/21/2007;10.23;10.28;9.82;9.87;1157829;11818608.000
11/22/2007;9.90;10.02;9.41;9.51;952274;9502377.000
11/23/2007;9.44;9.70;9.32;9.64;780126;7558450.000
11/26/2007;9.73;9.95;9.58;9.62;1482826;14756147.000
11/27/2007;9.59;9.80;9.52;9.78;898172;8860455.000
11/28/2007;9.81;10.78;9.81;10.78;8385939;89579096.000
11/29/2007;10.62;11.56;10.43;11.30;9308088;104611872.000
11/30/2007;11.06;12.34;10.83;11.97;8104220;95929312.000
12/03/2007;11.97;12.28;11.03;11.74;4896196;58463696.000
12/04/2007;11.57;12.09;11.16;11.88;4914463;58078616.000
12/05/2007;11.68;11.84;11.41;11.59;3118421;36800252.000
12/06/2007;11.55;12.02;11.30;11.86;4197117;49919552.000
12/07/2007;11.78;12.16;11.74;11.97;3472960;42096888.000
12/10/2007;12.07;12.91;12.07;12.78;7333489;93540224.000
12/11/2007;12.61;13.82;12.32;13.19;8441631;112152320.000
12/12/2007;12.82;13.31;12.72;12.74;4246336;55921276.000
12/13/2007;12.61;12.89;12.32;12.34;2985908;38389612.000
12/14/2007;12.22;12.80;11.98;12.77;2953749;37209280.000
12/17/2007;12.93;13.02;12.61;12.73;2481208;32180136.000
12/18/2007;12.69;12.77;12.03;12.12;2148533;26888828.000
12/19/2007;12.30;12.74;11.99;12.51;2453138;30852556.000
12/20/2007;12.53;12.70;12.39;12.66;2019243;25715898.000
12/21/2007;12.49;13.07;12.49;12.95;2631064;34278560.000
12/24/2007;13.07;13.13;12.82;12.85;3457332;45587396.000
12/25/2007;12.85;13.47;12.85;13.20;3468779;46363532.000
12/26/2007;13.20;13.70;13.15;13.61;4286729;58704464.000
12/27/2007;13.61;13.78;13.43;13.49;3102855;42577968.000
12/28/2007;13.48;13.74;13.11;13.35;3482443;47552768.000
01/02/2008;13.35;13.91;13.23;13.69;2784364;38662328.000
01/03/2008;13.68;13.94;13.41;13.82;3220580;44776704.000
01/04/2008;13.89;14.20;13.66;13.66;2951990;41356108.000
01/07/2008;13.69;14.10;13.66;14.02;3115495;43840760.000
01/08/2008;14.16;14.18;13.43;13.55;3469805;48679240.000
01/09/2008;13.63;14.11;13.41;14.11;3205599;44965892.000
01/10/2008;14.31;14.97;13.91;14.53;5547238;80935896.000
01/11/2008;14.40;14.47;13.72;13.85;3535197;50077552.000
01/14/2008;13.61;14.07;13.61;13.65;3227791;45075864.000
01/15/2008;13.57;13.90;13.57;13.78;2452114;34058592.000
01/16/2008;13.65;13.77;13.11;13.22;2947706;40098364.000
01/17/2008;13.11;13.47;12.02;12.51;2983931;38764988.000
01/18/2008;12.59;12.88;12.37;12.64;1939626;24840028.000
01/21/2008;12.64;12.72;11.82;11.95;1977674;24761084.000
01/22/2008;11.87;11.88;10.74;10.74;2249460;25464122.000
01/23/2008;10.76;11.37;10.43;11.28;1894428;21291502.000
01/24/2008;11.27;11.60;11.13;11.45;1864681;21611580.000
01/25/2008;11.55;11.97;11.36;11.52;1684105;19939096.000
01/28/2008;11.49;11.57;10.35;10.37;2182666;23633340.000
01/29/2008;10.41;11.05;10.34;10.82;1149066;12478443.000
01/30/2008;11.11;11.27;10.52;10.93;1278421;14228588.000
01/31/2008;10.99;11.07;10.63;10.70;693822;7697156.000
02/01/2008;10.74;10.83;9.82;10.35;988195;10375664.000
02/04/2008;10.66;11.40;10.47;11.37;1637629;18348224.000
02/05/2008;11.37;11.49;11.11;11.30;1108800;12710396.000
02/13/2008;11.16;11.32;10.84;11.07;694390;7842577.000
02/14/2008;11.14;11.52;11.10;11.44;1100825;12724564.000
02/15/2008;11.41;11.62;11.10;11.60;1337679;15432092.000
02/18/2008;11.90;12.20;11.74;12.05;2398520;29242508.000
02/19/2008;11.97;12.16;11.91;12.13;1507173;18455572.000
02/20/2008;12.13;12.24;11.94;12.01;1347949;16519251.000
02/21/2008;11.93;12.19;11.64;12.12;1311265;15903273.000
02/22/2008;11.87;12.41;11.82;12.16;1815758;22371726.000
02/25/2008;12.13;12.32;11.69;11.72;1291779;15811607.000
02/26/2008;11.95;12.41;11.47;12.02;1420173;17146844.000
02/27/2008;11.98;12.57;11.98;12.47;2073265;26043946.000
02/28/2008;12.49;12.68;12.14;12.28;1338936;16784268.000
02/29/2008;12.32;12.77;12.24;12.69;2226895;28269074.000
03/03/2008;12.61;13.38;12.52;13.26;3012241;39805492.000
03/04/2008;13.27;13.36;12.66;12.72;2582030;34042644.000
03/05/2008;12.77;13.13;12.45;13.11;2374756;30763024.000
03/06/2008;13.07;13.47;12.85;12.91;2671491;35606844.000
03/07/2008;12.91;12.99;12.31;12.40;1598458;20408112.000
03/10/2008;12.32;12.61;11.97;12.07;990317;12387861.000
03/11/2008;11.97;12.32;11.82;12.22;854319;10484498.000
03/12/2008;12.45;12.52;11.74;11.80;1051282;12979471.000
03/13/2008;11.72;11.82;11.07;11.78;1592314;18492856.000
03/14/2008;11.82;12.10;11.70;11.82;1465499;17659544.000
03/17/2008;11.70;11.91;10.73;10.74;1119389;12889867.000
03/18/2008;10.62;10.98;9.66;9.97;1260967;13018452.000
03/19/2008;10.22;10.61;9.97;10.43;1097571;11549516.000
03/20/2008;10.22;11.48;9.82;11.45;1942993;20924758.000
03/21/2008;11.24;11.63;11.05;11.32;1693969;19599956.000
03/24/2008;11.41;11.62;10.98;10.99;809946;9317870.000
03/25/2008;10.87;11.32;10.65;11.23;897456;10092300.000
03/26/2008;11.23;11.55;11.03;11.11;669959;7693142.000
03/27/2008;10.82;11.06;10.18;10.23;1159329;12440354.000
03/28/2008;10.20;10.64;9.93;10.56;855778;8981502.000
03/31/2008;10.32;10.51;9.84;9.91;761358;7829344.000
04/01/2008;10.16;10.22;8.91;8.91;1751659;16438998.000
04/02/2008;9.12;9.27;8.48;8.69;1584044;14280677.000
04/03/2008;8.77;9.14;8.52;9.02;912739;8245593.000
04/07/2008;8.87;9.66;8.72;9.53;1278678;12107258.000
04/08/2008;9.53;9.80;9.37;9.66;1352656;13281892.000
04/09/2008;9.57;10.32;9.57;10.12;4062172;41429688.000
04/10/2008;10.10;10.41;9.72;10.41;5505509;57232292.000
04/11/2008;10.49;10.49;10.03;10.24;2534045;26289056.000
04/14/2008;9.91;10.11;9.20;9.20;1925523;18951272.000
04/15/2008;9.20;9.57;8.77;9.56;1701547;15754622.000
04/16/2008;9.47;9.52;8.91;9.03;1003109;9447447.000
04/17/2008;8.95;9.28;8.70;8.79;816460;7439798.000
04/18/2008;8.82;8.89;8.41;8.45;909941;8026247.000
04/21/2008;8.97;9.19;8.14;8.27;1306246;11570258.000
04/22/2008;7.99;8.12;7.42;7.83;1981256;15540138.000
04/23/2008;7.80;8.23;7.57;8.10;1092985;8901199.000
04/24/2008;8.82;8.93;8.52;8.93;2635673;23671348.000
04/25/2008;8.84;9.26;8.72;8.97;2171269;20010892.000
04/28/2008;8.79;8.97;8.54;8.72;1084261;9708438.000
04/29/2008;8.74;9.60;8.72;9.20;2488657;23460700.000
04/30/2008;9.16;9.47;9.13;9.39;2140599;20287860.000
05/05/2008;9.41;9.59;9.19;9.52;1973867;18880592.000
05/06/2008;9.41;9.87;9.22;9.82;3426790;33345926.000
05/07/2008;9.85;10.10;9.37;9.39;4563717;45880376.000
05/08/2008;9.32;9.59;9.11;9.59;1779020;16951300.000
05/09/2008;9.57;9.66;9.19;9.49;1697132;16346710.000
05/12/2008;9.32;9.66;9.20;9.53;1403014;13509974.000
05/13/2008;9.22;9.49;9.07;9.28;1731988;16292150.000
05/14/2008;9.28;9.99;9.13;9.97;2716671;26635990.000
05/16/2008;9.70;9.97;9.37;9.51;2715144;27001932.000
05/19/2008;9.45;9.66;9.22;9.65;844105;8102925.000
05/20/2008;9.62;9.81;9.07;9.09;1196800;11566184.000
05/21/2008;9.03;9.31;8.48;9.09;2199108;19633456.000
05/22/2008;8.91;9.12;8.73;8.84;1202675;10954014.000
05/23/2008;8.94;9.16;8.84;8.93;981589;9008082.000
05/26/2008;8.82;8.82;8.38;8.39;1299704;11296065.000
05/27/2008;8.41;8.56;8.35;8.51;448430;3882534.000
05/28/2008;8.38;8.78;8.38;8.68;500180;4412814.000
05/29/2008;8.58;8.78;8.52;8.53;929882;8194824.000
05/30/2008;8.70;8.83;8.53;8.70;1091406;9708497.000
06/02/2008;8.73;9.06;8.54;8.95;1204581;10899587.000
06/03/2008;8.80;9.41;8.80;9.24;2943263;27635182.000
06/04/2008;9.41;9.41;8.85;8.95;1776965;16308556.000
06/05/2008;8.82;9.16;8.62;8.76;979730;8866735.000
06/06/2008;8.65;9.10;8.65;8.70;1172789;10663243.000
06/10/2008;8.39;8.40;7.82;7.82;1129781;9225688.000
06/11/2008;7.82;7.91;7.59;7.86;708220;5618747.000
06/12/2008;7.93;7.93;7.42;7.61;562345;4412681.000
06/13/2008;7.61;7.83;7.51;7.55;1132099;8880672.000
06/16/2008;7.63;7.80;7.41;7.61;668251;5190086.000
06/17/2008;7.63;7.83;7.19;7.20;1008300;7769664.000
06/18/2008;7.21;7.95;6.53;7.95;2016020;15471883.000
06/19/2008;7.95;8.72;7.13;7.26;4920215;39850080.000
06/20/2008;7.36;7.63;6.72;7.05;3412124;25416640.000
06/23/2008;7.05;7.07;6.44;6.63;2309179;16254840.000
06/24/2008;6.57;6.86;6.51;6.74;990773;6813006.000
06/25/2008;6.74;7.13;6.71;7.09;1345007;9664587.000
06/26/2008;7.11;7.59;6.99;7.44;1516207;11265215.000
06/27/2008;7.11;7.19;6.68;6.84;1375918;9835427.000
06/30/2008;6.82;6.91;6.68;6.86;613902;4306054.000
07/01/2008;6.92;6.94;6.60;6.69;489488;3336625.000
07/02/2008;6.77;7.12;6.69;6.96;1287097;9067275.000
07/03/2008;6.78;7.32;6.67;7.17;1426020;10231581.000
07/04/2008;7.11;7.30;6.97;7.08;1047813;7500670.000
07/07/2008;7.12;7.56;7.12;7.48;1749365;13038079.000
07/08/2008;7.46;7.54;7.29;7.49;1579240;11833123.000
07/09/2008;7.49;7.66;7.42;7.64;1685813;12899073.000
07/10/2008;7.52;7.72;7.42;7.44;2007344;15380985.000
07/11/2008;7.37;7.52;7.33;7.46;1027387;7697733.000
07/14/2008;7.40;7.92;7.32;7.71;1428991;11104475.000
07/15/2008;7.72;7.76;7.33;7.36;1167700;8888214.000
07/16/2008;7.34;7.40;6.96;7.10;1177947;8541070.000
07/17/2008;7.20;7.32;7.03;7.08;587781;4263562.000
07/18/2008;7.13;7.36;7.03;7.30;592980;4335356.000
07/21/2008;7.12;7.51;7.12;7.45;1202922;8997257.000
07/22/2008;7.41;7.62;7.30;7.52;1303984;9884659.000
07/23/2008;7.54;7.60;7.39;7.45;813887;6162444.000
07/24/2008;7.53;7.67;7.46;7.61;1091298;8356815.000
07/25/2008;7.52;7.60;7.40;7.50;704017;5328547.000
07/28/2008;7.57;7.62;7.51;7.60;1056589;8095103.000
07/29/2008;7.52;7.57;7.40;7.43;653960;4926308.000
07/30/2008;7.62;7.62;7.39;7.45;615789;4671194.000
07/31/2008;7.46;7.60;7.12;7.12;736100;5414781.000
08/01/2008;7.20;7.34;7.07;7.28;796416;5803244.000
08/04/2008;7.27;7.27;7.09;7.12;423738;3076665.000
08/05/2008;7.12;7.19;6.95;7.01;460547;3294413.000
08/06/2008;7.01;7.12;6.92;7.01;466870;3307574.000
08/07/2008;7.02;7.07;6.85;6.98;433121;3046264.000
08/08/2008;6.98;7.00;6.35;6.38;775898;5235914.000
08/11/2008;6.28;6.37;5.73;5.74;1112174;6699728.000
08/12/2008;5.61;5.86;5.59;5.68;586463;3401706.000
08/13/2008;5.66;6.02;5.44;5.93;1304438;7598514.000
08/14/2008;6.01;6.52;6.01;6.41;3960788;25388832.000
08/15/2008;6.37;6.42;6.13;6.24;2110628;13362553.000
08/18/2008;6.32;6.67;6.05;6.07;3009756;19599030.000
08/19/2008;5.78;6.42;5.52;6.41;2108470;12755358.000
08/20/2008;6.29;7.01;6.14;6.88;3655629;24674328.000
08/21/2008;6.64;6.86;6.27;6.37;2321095;15497128.000
08/22/2008;6.37;6.45;6.01;6.17;1301341;8173431.000
08/25/2008;6.13;6.30;6.13;6.16;731739;4605883.000
08/26/2008;6.00;6.12;5.56;5.65;1255231;7334933.000
08/27/2008;5.62;5.80;5.57;5.71;894980;5178459.000
08/28/2008;5.69;5.81;5.62;5.71;637880;3691832.000
08/29/2008;5.73;5.97;5.70;5.87;893490;5299436.000
09/01/2008;5.78;5.82;5.55;5.60;944243;5404019.000
09/02/2008;5.60;5.72;5.53;5.68;570897;3258843.000
09/03/2008;5.67;5.77;5.52;5.72;750541;4311424.000
09/04/2008;5.67;5.86;5.61;5.80;561692;3269134.000
09/05/2008;5.57;5.66;5.43;5.50;656408;3692524.000
09/08/2008;5.50;5.53;5.16;5.18;597984;3218298.000
09/09/2008;5.26;5.28;5.12;5.24;307815;1627742.000
09/10/2008;5.22;5.40;5.09;5.24;476490;2539154.000
09/11/2008;5.27;5.27;4.92;4.98;690500;3554087.000
09/12/2008;4.92;5.11;4.92;5.03;503671;2584116.000
09/16/2008;5.05;5.08;4.92;4.97;452419;2294770.000
09/17/2008;4.97;5.09;4.85;5.08;752167;3811861.000
09/18/2008;5.00;5.13;4.70;5.08;986323;4974661.000
09/19/2008;5.52;5.60;5.43;5.60;1408887;7943591.000
09/22/2008;5.82;6.11;5.52;5.79;3175186;18640852.000
09/23/2008;5.52;5.62;5.29;5.37;1296605;7141598.000
09/24/2008;5.23;5.47;5.18;5.45;632860;3434934.000
09/25/2008;5.45;5.62;5.41;5.59;1258399;7056744.000
09/26/2008;5.59;6.02;5.41;5.88;2842945;16603363.000
10/06/2008;5.72;5.77;5.59;5.70;1012127;5830860.000
10/07/2008;5.61;5.80;5.52;5.77;1472812;8549173.000
10/08/2008;5.61;6.09;5.56;6.01;3617300;21526188.000
10/09/2008;6.01;6.11;5.75;5.96;3671730;22070204.000
10/10/2008;5.72;5.77;5.36;5.36;1239757;6990134.000
10/13/2008;5.39;5.41;4.93;5.17;2066626;10777235.000
10/14/2008;5.32;5.39;5.14;5.17;2940952;15666762.000
10/15/2008;5.02;5.07;4.93;4.98;1201323;6085538.000
10/16/2008;4.82;4.83;4.53;4.56;1382189;6596910.000
10/17/2008;4.60;4.77;4.58;4.63;501600;2375475.000
10/20/2008;4.75;4.80;4.62;4.78;498983;2397910.000
10/21/2008;4.78;4.94;4.78;4.80;803392;3962379.000
10/22/2008;4.80;4.80;4.65;4.67;492650;2362118.000
10/23/2008;4.57;4.70;4.52;4.69;493725;2312813.000
10/24/2008;4.68;4.74;4.62;4.69;394410;1881123.000
10/27/2008;4.62;4.65;4.31;4.33;738050;3369533.000
10/28/2008;4.22;4.57;4.22;4.49;577009;2592505.000
10/29/2008;4.59;4.60;4.40;4.40;440062;2018528.000
10/30/2008;4.47;4.49;4.30;4.41;529060;2377456.000
10/31/2008;4.39;4.47;4.31;4.34;448230;1989382.000
11/03/2008;4.47;4.78;4.46;4.78;4342884;20979796.000
11/04/2008;4.79;5.07;4.79;4.96;7153505;36016448.000
11/05/2008;4.88;5.37;4.82;5.31;6318487;32719480.000
11/06/2008;5.10;5.22;5.06;5.10;4513675;23488732.000
11/07/2008;5.10;5.26;5.06;5.16;3230343;16876470.000
11/10/2008;5.24;5.54;5.16;5.53;5742282;31093996.000
11/11/2008;5.37;5.50;5.27;5.29;4317129;23448000.000
11/12/2008;5.22;5.47;5.13;5.44;3209229;17252776.000
11/13/2008;5.35;5.75;5.29;5.57;5063882;28531818.000
11/14/2008;5.62;5.79;5.48;5.76;5446361;31198804.000
11/17/2008;5.76;6.13;5.60;6.05;5292299;31476316.000
11/18/2008;6.12;6.17;5.44;5.46;5835656;34387976.000
11/19/2008;5.46;5.90;5.39;5.84;3384427;19338176.000
11/20/2008;5.64;5.83;5.57;5.65;3121975;17975880.000
11/21/2008;5.44;5.67;5.20;5.55;2290676;12685261.000
11/24/2008;5.50;6.02;5.41;5.62;3746474;21868180.000
11/25/2008;5.73;6.08;5.67;5.93;6198091;37182480.000
11/26/2008;5.87;6.28;5.72;6.25;7099804;43793864.000
11/27/2008;6.62;6.72;6.07;6.09;7830282;50492640.000
11/28/2008;6.02;6.02;5.77;5.81;3811180;22696668.000
12/01/2008;5.82;6.15;5.80;6.04;2964506;18002640.000
12/02/2008;5.87;6.10;5.81;5.88;3147542;18889772.000
12/03/2008;5.87;6.36;5.87;6.30;4407027;27378308.000
12/04/2008;6.32;6.40;6.13;6.16;4736096;30111272.000
12/05/2008;6.12;6.39;6.12;6.32;2659104;16930374.000
12/08/2008;6.33;6.61;6.32;6.58;4325751;28382928.000
12/09/2008;6.62;6.62;6.23;6.25;3064763;19872340.000
12/10/2008;6.25;6.50;6.25;6.44;2525871;16334604.000
12/11/2008;6.44;6.51;6.21;6.26;2048207;13130284.000
12/12/2008;6.22;6.25;5.74;5.81;2670754;16153861.000
12/15/2008;5.87;6.12;5.81;6.09;2213046;13373922.000
12/16/2008;6.02;6.08;5.75;6.02;1595942;9542841.000
12/17/2008;6.04;6.26;5.99;6.19;2546778;15910606.000
12/18/2008;6.12;6.30;6.00;6.26;2014488;12603694.000
12/19/2008;6.22;6.40;6.17;6.29;1781606;11405185.000
12/22/2008;6.27;6.32;6.11;6.19;1494183;9393082.000
12/23/2008;6.23;6.24;5.73;5.74;1526149;9227859.000
12/24/2008;5.73;5.80;5.53;5.61;1211092;6936736.000
12/25/2008;5.64;5.75;5.57;5.74;809921;4652165.000
12/26/2008;5.68;5.81;5.67;5.72;865337;5048924.000
12/29/2008;5.72;5.72;5.37;5.57;966781;5406278.000
12/30/2008;5.57;5.62;5.42;5.44;922915;5161894.000
12/31/2008;5.52;5.52;5.28;5.30;878105;4794548.000
01/05/2009;5.42;5.54;5.34;5.53;1273772;7023632.000
01/06/2009;5.51;5.79;5.50;5.76;1793981;10291616.000
01/07/2009;5.76;6.02;5.75;5.80;2549291;15185706.000
01/08/2009;5.62;5.72;5.52;5.58;1861148;10580870.000
01/09/2009;5.60;5.76;5.60;5.76;1252261;7210880.000
01/12/2009;5.72;6.01;5.62;5.86;2312722;13800173.000
01/13/2009;5.82;5.98;5.67;5.70;1691552;9941702.000
01/14/2009;5.69;5.93;5.69;5.92;1282303;7608639.000
01/15/2009;5.92;6.07;5.82;5.99;2144938;13013345.000
01/16/2009;5.98;6.20;5.95;6.04;2317356;14304576.000
01/19/2009;6.10;6.15;5.83;5.98;1521565;9260201.000
01/20/2009;5.89;6.04;5.87;6.03;905840;5459084.000
01/21/2009;5.93;6.03;5.91;5.96;1250705;7563226.000
01/22/2009;6.06;6.12;5.97;6.11;1397534;8591466.000
01/23/2009;6.11;6.11;5.97;5.99;1128474;6886398.000
02/02/2009;6.09;6.26;6.03;6.23;2808911;17610088.000
02/03/2009;6.18;6.40;6.18;6.36;3112789;19926708.000
02/04/2009;6.38;6.50;6.33;6.47;3372287;21888012.000
02/05/2009;6.42;6.62;6.30;6.37;3112260;20319192.000
02/06/2009;6.52;7.02;6.51;7.02;5841065;40932192.000
02/09/2009;7.37;7.41;7.06;7.22;10732503;78323296.000
02/10/2009;7.12;7.24;6.94;7.23;6307417;45104564.000
02/11/2009;7.12;7.27;6.98;7.14;6234110;44927064.000
02/12/2009;7.11;7.17;6.77;7.06;3607755;25514824.000
02/13/2009;7.03;7.40;7.03;7.30;5944373;43566856.000
02/16/2009;7.31;7.60;7.18;7.45;6755964;50208792.000
02/17/2009;7.38;7.57;7.09;7.43;5865536;43500224.000
02/18/2009;7.44;7.81;7.40;7.41;12246327;94006464.000
02/19/2009;7.32;7.37;7.03;7.19;6147004;44511768.000
02/20/2009;7.14;7.44;7.12;7.40;3931250;28860764.000
02/23/2009;7.35;7.89;7.25;7.79;6900589;53875624.000
02/24/2009;7.67;8.30;7.60;7.80;10872495;87751824.000
02/25/2009;7.91;8.12;7.61;7.88;5808348;46298220.000
02/26/2009;7.73;8.10;7.57;7.64;6622460;52207320.000
02/27/2009;7.62;7.81;6.87;6.87;6543495;47026256.000
03/02/2009;6.67;7.00;6.60;6.86;2568663;17698768.000
03/03/2009;6.75;7.55;6.63;7.55;7163434;52395908.000
03/04/2009;7.60;8.20;7.42;8.07;10670784;84890384.000
03/05/2009;8.01;8.01;7.72;7.95;7206110;57370080.000
03/06/2009;7.80;8.27;7.67;8.01;5085930;41202552.000
03/09/2009;8.26;8.37;7.28;7.32;4611433;36091860.000
03/10/2009;7.10;7.78;7.05;7.77;3024436;22603880.000
03/11/2009;7.77;7.95;7.46;7.48;3470623;27085956.000
03/12/2009;7.42;8.24;7.42;8.24;10283060;82906400.000
03/13/2009;8.35;8.44;7.99;8.18;7800348;64328088.000
03/16/2009;8.12;8.39;8.06;8.19;4288718;35566736.000
03/17/2009;8.15;8.70;8.11;8.52;6942778;58989360.000
03/18/2009;8.52;8.89;8.44;8.48;6593091;57879420.000
03/19/2009;8.42;8.58;8.37;8.51;4578093;39053096.000
03/20/2009;8.51;8.51;8.10;8.26;3948893;32905060.000
03/23/2009;8.20;8.48;8.19;8.34;3462673;29027020.000
03/24/2009;8.37;8.38;8.13;8.31;2790419;23238874.000
03/25/2009;8.27;8.58;8.16;8.26;4152868;35028244.000
03/26/2009;8.21;8.42;8.15;8.37;3002140;25044652.000
03/27/2009;8.37;8.57;8.32;8.51;4178586;35668736.000
03/30/2009;8.42;8.43;8.17;8.23;4018723;33552422.000
03/31/2009;8.06;8.54;7.85;8.52;5114112;41965792.000
04/01/2009;8.47;8.60;8.28;8.49;4576713;39005608.000
04/02/2009;8.51;8.51;8.23;8.24;3847507;32438248.000
04/03/2009;8.27;8.36;8.02;8.04;2815407;23163144.000
04/07/2009;8.04;8.19;7.92;8.17;4018069;32533668.000
04/08/2009;8.09;8.11;7.72;7.75;3187803;25537196.000
04/09/2009;7.74;7.91;7.72;7.90;1538034;12120777.000
04/10/2009;7.93;8.12;7.87;8.04;2393737;19414086.000
04/13/2009;8.19;8.53;8.08;8.48;6889707;57857744.000
04/14/2009;8.55;8.82;8.42;8.44;8514888;73592760.000
04/15/2009;8.60;8.80;8.47;8.69;9467897;82807552.000
04/16/2009;8.80;8.80;8.30;8.51;5302387;45310788.000
04/17/2009;8.52;8.52;8.22;8.32;3574559;30087308.000
04/20/2009;8.22;8.56;8.22;8.46;3658093;31188332.000
04/22/2009;8.60;8.60;8.04;8.09;4799751;40409576.000
04/23/2009;8.09;8.31;8.02;8.24;2750336;22699286.000
04/24/2009;8.24;8.56;8.14;8.33;5153191;43722772.000
04/27/2009;8.36;8.46;7.92;8.14;3714707;30415274.000
04/28/2009;8.07;8.32;7.98;8.12;3044558;25103406.000
04/29/2009;8.10;8.39;8.02;8.38;3667664;30375746.000
04/30/2009;8.37;8.47;8.26;8.42;3948943;33408224.000
05/04/2009;8.48;8.73;8.40;8.68;5790650;50246576.000
05/05/2009;8.71;9.05;8.48;8.99;9135160;80636872.000
05/06/2009;8.86;8.96;8.67;8.84;5731082;50970668.000
05/07/2009;8.82;8.87;8.45;8.75;4882738;42728944.000
05/08/2009;8.67;8.96;8.57;8.84;5172542;45968060.000
05/11/2009;8.92;8.92;8.39;8.40;4186801;36530460.000
05/12/2009;8.26;8.72;8.25;8.66;3162130;27275692.000
05/13/2009;8.75;9.10;8.67;8.92;7579583;68317664.000
05/14/2009;8.79;8.86;8.58;8.72;4220998;37038912.000
05/15/2009;8.74;8.77;8.56;8.66;2361594;20634048.000
05/18/2009;8.62;8.85;8.54;8.83;2502951;21966136.000
05/19/2009;8.85;8.87;8.74;8.79;2972533;26393286.000
05/20/2009;8.78;9.07;8.61;8.89;6232394;55914652.000
05/21/2009;8.83;9.27;8.72;9.21;10977408;100642776.000
05/22/2009;9.17;9.22;8.97;9.11;4894359;44791204.000
05/25/2009;8.98;9.02;8.67;8.92;4213876;37521088.000
05/26/2009;8.91;9.18;8.78;9.14;5381430;48962296.000
05/27/2009;9.17;9.39;8.93;9.00;4687194;43196952.000
06/01/2009;9.03;9.22;8.97;9.10;3657580;33625336.000
06/02/2009;9.10;9.11;8.92;8.99;3505780;31786116.000
06/03/2009;8.99;9.04;8.82;8.99;3596495;32309482.000
06/04/2009;8.95;8.95;8.67;8.77;3423980;30319012.000
06/05/2009;8.80;8.97;8.77;8.78;2377727;21302418.000
06/08/2009;8.83;8.97;8.75;8.94;2369417;21216434.000
06/09/2009;8.96;9.00;8.76;8.92;2247202;20140432.000
06/10/2009;8.95;9.34;8.85;9.30;6500993;59803468.000
06/11/2009;9.22;9.25;8.99;9.02;3674041;33793860.000
06/12/2009;8.97;9.06;8.62;8.70;3378697;30212938.000
06/15/2009;8.77;8.80;8.62;8.76;1803418;15812391.000
06/16/2009;8.64;8.80;8.63;8.78;1656762;14582535.000
06/17/2009;8.77;8.89;8.65;8.83;1766919;15624407.000
06/18/2009;8.87;8.89;8.74;8.80;1311591;11551244.000
06/19/2009;8.88;9.16;8.80;8.93;2923447;26244952.000
06/22/2009;9.14;9.18;8.78;8.81;2359296;21113152.000
06/23/2009;8.72;8.84;8.65;8.73;1779911;15604534.000
06/24/2009;8.78;8.89;8.73;8.84;1477108;13026574.000
06/25/2009;8.79;8.88;8.73;8.81;1786040;15677554.000
06/26/2009;8.80;9.09;8.80;8.90;2912920;26013072.000
06/29/2009;8.90;8.98;8.83;8.90;2335553;20808240.000
06/30/2009;8.91;8.94;8.71;8.76;1687744;14869350.000
07/01/2009;8.72;8.86;8.70;8.84;1487111;13091370.000
07/02/2009;8.84;8.92;8.78;8.80;2339814;20668604.000
07/03/2009;8.80;8.92;8.74;8.86;2329477;20582180.000
07/06/2009;8.86;9.06;8.75;8.99;4135215;36913420.000
07/08/2009;8.98;8.99;8.81;8.99;3340604;29748636.000
07/09/2009;9.00;9.27;9.00;9.22;6030491;55379888.000
07/10/2009;9.20;9.50;9.15;9.46;6119354;57321440.000
07/13/2009;9.38;9.50;9.31;9.37;3881010;36396260.000
07/14/2009;9.37;9.67;9.30;9.62;5677898;53954612.000
07/15/2009;9.55;9.81;9.47;9.78;6763364;64986328.000
07/16/2009;9.77;9.84;9.35;9.71;5483002;52622152.000
07/17/2009;9.68;9.78;9.44;9.47;5214946;49718568.000
07/20/2009;9.79;10.42;9.78;10.42;8209875;84388512.000
07/21/2009;10.90;11.39;10.75;10.84;23635363;260167712.000
07/22/2009;10.40;10.77;10.32;10.57;11374844;119574776.000
07/23/2009;10.75;10.75;10.32;10.45;5997179;62716776.000
07/24/2009;10.59;10.59;9.94;10.15;6639141;67883952.000
07/27/2009;10.20;10.31;10.06;10.25;4808797;49037696.000
07/28/2009;10.18;10.34;10.01;10.29;4933440;50119700.000
07/29/2009;10.25;10.34;9.26;9.37;5879053;58150668.000
07/30/2009;9.50;9.66;9.31;9.62;4128284;39268852.000
07/31/2009;9.69;10.07;9.63;10.04;4318636;42802696.000
08/03/2009;10.04;10.30;9.89;10.20;4635901;46871856.000
08/04/2009;10.47;10.99;10.38;10.43;9206628;98065032.000
08/05/2009;10.25;10.49;10.00;10.30;4949068;50831180.000
08/06/2009;10.14;10.30;9.98;10.10;3173284;32084870.000
08/07/2009;10.09;10.37;10.09;10.17;4292368;43948640.000
08/10/2009;10.19;10.30;9.91;10.09;2787184;28125348.000
08/11/2009;10.09;10.20;10.05;10.19;1603844;16254921.000
08/12/2009;10.17;10.17;9.46;9.49;2413828;23548272.000
08/13/2009;9.48;9.65;9.45;9.58;1370065;13085915.000
08/14/2009;9.58;9.65;8.99;9.00;2007801;18505592.000
08/17/2009;9.00;9.00;8.42;8.44;2045187;17826408.000
08/18/2009;8.40;8.75;8.31;8.68;1758908;15075279.000
08/19/2009;8.75;8.75;8.00;8.17;1427189;11979417.000
08/20/2009;8.25;8.60;8.09;8.59;1766984;14770024.000
08/21/2009;8.58;8.72;8.44;8.69;1925364;16573367.000
08/24/2009;8.75;8.88;8.69;8.84;2606724;22934460.000
08/25/2009;8.75;8.75;8.36;8.56;2219312;18895684.000
08/26/2009;8.58;8.93;8.48;8.84;2375318;20883988.000
08/27/2009;8.82;9.72;8.70;9.72;6880783;64023120.000
08/28/2009;9.47;9.60;9.14;9.26;4363195;40661944.000
08/31/2009;9.00;9.00;8.37;8.41;2311810;20082788.000
09/01/2009;8.37;8.70;8.30;8.53;1571506;13396297.000
09/02/2009;8.40;8.96;8.40;8.84;2211953;19316736.000
09/03/2009;8.90;9.15;8.72;9.12;3285719;29417100.000
09/04/2009;9.01;9.35;8.93;9.33;3297544;30308408.000
09/07/2009;9.41;9.55;9.13;9.20;2957436;27686100.000
09/08/2009;9.15;9.30;9.09;9.28;1808245;16639998.000
09/09/2009;9.25;9.40;9.14;9.27;1917381;17753608.000
09/10/2009;9.35;9.35;9.04;9.09;1615284;14772501.000
09/11/2009;9.01;9.50;9.00;9.38;3669869;34360396.000
09/14/2009;9.36;9.61;9.31;9.49;3272296;30990994.000
09/15/2009;9.45;9.70;9.40;9.60;3447090;32952884.000
09/16/2009;9.61;9.68;9.38;9.57;2888565;27557936.000
09/17/2009;9.51;9.83;9.51;9.71;3498184;33967604.000
09/18/2009;9.71;9.83;9.25;9.32;3651088;35015968.000
09/21/2009;9.38;9.58;9.13;9.51;2214318;20808616.000
09/22/2009;9.48;9.74;9.20;9.34;3058080;29179180.000
09/23/2009;9.34;9.47;9.00;9.03;2107447;19399672.000
09/24/2009;9.03;9.55;9.01;9.48;3616836;33852696.000
09/25/2009;9.50;9.50;9.21;9.31;1995392;18668854.000
09/28/2009;9.28;9.35;8.90;8.92;1854322;16870476.000
09/29/2009;8.88;9.40;8.48;9.26;1786300;15798959.000
09/30/2009;9.20;9.47;9.03;9.36;2630870;24508280.000
10/09/2009;9.51;9.88;9.34;9.79;7243119;70477296.000
10/12/2009;9.70;10.00;9.52;9.89;4855269;47438176.000
10/13/2009;9.81;9.92;9.74;9.85;2982026;29251536.000
10/14/2009;9.83;10.07;9.65;9.73;4402973;43503636.000
10/15/2009;9.74;10.00;9.60;9.99;4089082;40190724.000
10/16/2009;9.99;10.29;9.71;10.22;6522642;65551024.000
10/19/2009;10.20;10.87;10.14;10.80;13582900;144429264.000
10/20/2009;10.80;10.85;10.51;10.77;7314434;78035616.000
10/21/2009;10.66;10.95;10.65;10.69;6382905;68817104.000
10/22/2009;10.69;10.99;10.60;10.76;3987384;42994736.000
10/23/2009;10.77;10.82;10.51;10.59;4716823;50336316.000
10/26/2009;10.53;10.93;10.53;10.58;3351291;35849376.000
10/27/2009;10.45;10.57;10.15;10.23;3554087;36792328.000
10/28/2009;10.22;10.35;9.98;10.34;3079898;31333064.000
10/29/2009;10.24;10.58;10.06;10.38;3191769;33057396.000
10/30/2009;10.50;10.79;10.18;10.20;4178640;43845368.000
11/02/2009;9.90;10.48;9.82;10.40;4158772;42420728.000
11/03/2009;10.38;10.82;10.35;10.51;3736039;39246668.000
11/04/2009;10.54;10.63;10.37;10.44;3397781;35729168.000
11/05/2009;10.40;10.53;10.31;10.49;3074867;32067464.000
11/06/2009;10.53;11.05;10.52;10.79;7166106;77405280.000
11/09/2009;10.98;11.25;10.79;10.96;7189264;79304136.000
11/10/2009;11.00;11.15;10.80;10.88;4055969;44230536.000
11/11/2009;10.85;10.96;10.64;10.82;3384537;36582440.000
11/12/2009;10.78;10.94;10.71;10.78;3160793;34197488.000
11/13/2009;10.78;11.15;10.70;11.13;5423619;59364232.000
11/16/2009;11.25;11.64;11.08;11.56;10149510;116047648.000
11/18/2009;11.50;11.66;11.27;11.48;5355138;61505040.000
11/19/2009;11.47;11.95;11.47;11.74;5509532;64708760.000
11/20/2009;11.88;12.17;11.70;11.72;6321297;75135376.000
11/23/2009;11.70;11.86;11.52;11.83;4706458;55156732.000
11/24/2009;11.83;11.83;10.85;11.00;5534878;63525432.000
11/25/2009;11.05;11.43;10.95;11.31;3010340;33607260.000
11/26/2009;11.53;11.53;10.40;10.55;3870650;42543888.000
11/27/2009;10.64;10.92;10.52;10.64;3385176;36235984.000
11/30/2009;10.66;11.15;10.66;11.11;2725414;29933236.000
12/01/2009;11.12;11.76;11.10;11.66;6964026;80665600.000
12/02/2009;12.01;12.29;11.70;11.78;7569525;89975192.000
12/03/2009;11.93;12.33;11.80;12.07;12672291;153331968.000
12/04/2009;11.88;11.88;11.20;11.44;7789277;90258512.000
12/07/2009;11.40;11.59;11.16;11.56;5191693;58968304.000
12/08/2009;11.55;11.58;11.32;11.50;2938476;33651360.000
12/09/2009;11.50;11.50;11.16;11.20;2997552;33852136.000
12/10/2009;11.47;11.47;11.18;11.31;2131733;24077314.000
12/11/2009;11.38;11.52;11.20;11.41;2843824;32245560.000
12/14/2009;11.50;11.50;11.08;11.43;2558625;28814460.000
12/15/2009;11.42;11.65;11.31;11.51;4416665;50860124.000
12/16/2009;11.56;11.95;11.56;11.66;7431399;87516056.000
12/17/2009;11.80;12.24;11.66;11.74;9235241;110077960.000
12/18/2009;11.35;11.35;10.70;11.06;5289657;58145524.000
12/21/2009;11.10;11.10;10.73;11.05;2491181;27151916.000
12/22/2009;11.06;11.06;10.50;10.52;2256594;24257600.000
12/23/2009;10.53;10.65;10.40;10.58;1705178;17977072.000
12/24/2009;10.58;10.87;10.56;10.82;1981880;21315228.000
12/25/2009;10.92;11.00;10.71;10.87;1665442;18100728.000
12/28/2009;10.91;11.07;10.90;11.02;2106674;23127684.000
12/29/2009;11.05;11.05;10.83;11.02;1623270;17754028.000
12/30/2009;11.04;11.14;10.90;11.10;2396877;26418036.000
12/31/2009;11.10;11.25;11.04;11.16;2056045;22911102.000
01/04/2010;11.20;11.29;11.11;11.15;2486661;27892556.000
01/05/2010;11.17;11.20;10.84;11.16;2081369;23007450.000
01/06/2010;11.23;11.24;11.13;11.15;2657742;29719830.000
01/07/2010;11.18;11.19;10.71;10.82;2137511;23433592.000
01/08/2010;10.83;10.87;10.61;10.86;1364667;14689453.000
01/11/2010;11.00;11.00;10.62;10.77;1784579;19241732.000
01/12/2010;10.79;11.18;10.75;11.10;2559335;28025616.000
01/13/2010;10.90;11.13;10.85;10.97;2272342;24970388.000
01/14/2010;11.00;11.25;10.90;11.25;3055620;34040684.000
01/15/2010;11.25;11.35;11.16;11.26;2983754;33585384.000
01/18/2010;11.22;11.47;11.20;11.43;3222955;36576632.000
01/19/2010;11.55;11.55;11.28;11.35;2842233;32342332.000
01/20/2010;11.36;11.44;10.85;10.93;3310879;36894864.000
01/21/2010;10.97;11.55;10.87;11.50;4942123;55520396.000
01/22/2010;11.31;11.95;11.31;11.83;15680613;183545696.000
01/25/2010;12.00;12.00;11.52;11.59;7398483;87114512.000
01/26/2010;11.60;11.73;10.61;10.81;4354820;48554376.000
01/27/2010;10.61;10.80;10.43;10.52;2872647;30350388.000
01/28/2010;10.59;10.75;10.51;10.66;1935018;20566334.000
01/29/2010;10.60;11.23;10.58;11.01;4059159;44797804.000
02/01/2010;10.89;11.10;10.66;10.93;1752787;18989086.000
02/02/2010;10.88;11.78;10.88;11.17;5164002;59165668.000
02/03/2010;11.10;11.68;11.07;11.65;5677047;65084456.000
02/04/2010;11.59;11.92;11.46;11.83;8721109;102485040.000
02/05/2010;11.55;12.65;11.50;12.33;13609747;165678720.000
02/08/2010;12.30;12.89;12.11;12.50;10400313;130447488.000
02/09/2010;12.31;12.62;12.01;12.44;4194895;51678460.000
02/10/2010;12.39;13.68;12.38;13.43;10193819;133864320.000
02/11/2010;13.05;13.50;13.05;13.20;5256311;69487288.000
02/12/2010;13.16;13.88;13.08;13.61;7205545;97841752.000
02/22/2010;13.60;13.84;13.30;13.54;4184460;56609852.000
02/23/2010;13.48;13.99;13.20;13.89;5400982;73418152.000
02/24/2010;13.70;14.10;13.55;13.94;3908825;54335576.000
02/25/2010;13.90;14.18;13.63;13.92;5213301;72036920.000
02/26/2010;14.00;15.10;13.84;14.98;7542400;110772912.000
03/01/2010;14.80;15.79;14.70;15.24;8406216;127605568.000
03/02/2010;15.30;15.30;14.60;14.95;4958864;73937080.000
03/03/2010;14.95;15.20;14.56;14.89;4054920;60330260.000
03/04/2010;14.92;15.20;13.98;14.11;6095187;88274600.000
03/05/2010;14.10;14.25;13.89;14.10;2979338;41916544.000
03/08/2010;14.06;15.06;14.02;14.80;4596226;67614016.000
03/09/2010;14.71;15.24;14.53;14.93;3115571;46620880.000
03/10/2010;14.80;15.10;14.60;15.01;2749802;40977892.000
03/11/2010;15.10;15.42;14.87;15.37;4249811;64804212.000
03/12/2010;15.39;15.55;14.84;14.89;3030508;45954420.000
03/15/2010;14.75;15.08;14.58;14.92;1869801;27762260.000
03/16/2010;14.96;15.38;14.67;14.80;1855719;27789264.000
03/17/2010;14.62;15.41;14.62;15.39;3436203;51884204.000
03/18/2010;15.39;15.93;15.16;15.81;4810383;74621968.000
03/19/2010;15.80;16.10;15.61;16.04;3581216;56957380.000
03/22/2010;15.85;15.95;15.48;15.73;4226572;66286896.000
03/23/2010;15.65;15.98;15.59;15.74;2022200;31843146.000
