600579 ST黄海 日线
      日期	    开盘	    最高	    最低	    收盘	    成交量	    成交额
08/09/2002;6.43;6.84;6.42;6.79;36020312;443807392.000
08/12/2002;6.75;6.83;6.69;6.76;11386797;143942832.000
08/13/2002;6.72;6.84;6.68;6.70;8144636;102992304.000
08/14/2002;6.70;6.75;6.63;6.74;4369016;54469288.000
08/15/2002;6.72;6.72;6.58;6.60;2611139;32422544.000
08/16/2002;6.57;6.88;6.56;6.79;9151088;115199320.000
08/19/2002;6.78;6.84;6.73;6.75;4120839;52235004.000
08/20/2002;6.73;6.99;6.72;6.90;9438076;121580304.000
08/21/2002;6.92;6.93;6.85;6.87;4128129;53136596.000
08/22/2002;6.87;7.00;6.85;6.88;6744622;87211776.000
08/23/2002;6.90;6.91;6.86;6.88;1847735;23729330.000
08/26/2002;6.88;6.90;6.80;6.83;2196559;28026416.000
08/27/2002;6.83;6.94;6.79;6.89;2334273;29842476.000
08/28/2002;6.90;7.03;6.85;6.86;3639598;47283828.000
08/29/2002;6.86;6.90;6.82;6.84;1460348;18697076.000
08/30/2002;6.83;6.89;6.79;6.83;1409754;17991844.000
09/02/2002;6.83;6.99;6.83;6.93;2259785;29266408.000
09/03/2002;6.94;6.99;6.90;6.93;1458092;18917936.000
09/04/2002;6.93;6.95;6.85;6.87;1227444;15802321.000
09/05/2002;6.85;6.87;6.77;6.80;2355593;29972488.000
09/06/2002;6.79;6.85;6.74;6.76;1829312;23169732.000
09/09/2002;6.75;6.80;6.71;6.79;1421776;17938920.000
09/10/2002;6.77;6.80;6.74;6.77;927385;11720338.000
09/11/2002;6.77;6.78;6.69;6.78;1137256;14294065.000
09/12/2002;6.77;6.85;6.75;6.79;681039;8658207.000
09/13/2002;6.80;6.86;6.75;6.83;843879;10750607.000
09/16/2002;6.82;6.82;6.70;6.73;1232503;15501310.000
09/17/2002;6.77;6.82;6.69;6.76;1059429;13328877.000
09/18/2002;6.87;6.97;6.83;6.85;3931656;50733272.000
09/19/2002;6.83;7.16;6.81;7.11;5910882;77513520.000
09/20/2002;7.09;7.14;6.99;7.02;3208803;42360344.000
09/23/2002;7.01;7.11;6.98;7.07;1719205;22675572.000
09/24/2002;7.11;7.12;7.00;7.01;1444899;19035256.000
09/25/2002;7.00;7.14;7.00;7.09;1900481;25127132.000
09/26/2002;7.09;7.13;7.02;7.05;1578123;20834484.000
09/27/2002;7.03;7.07;6.97;7.00;1848823;24186536.000
10/08/2002;6.95;7.00;6.90;6.99;809166;10503528.000
10/09/2002;6.97;6.99;6.80;6.86;1359472;17502488.000
10/10/2002;6.84;6.93;6.83;6.86;605821;7780364.000
10/11/2002;6.87;6.96;6.58;6.66;2870965;36245028.000
10/14/2002;6.62;6.79;6.54;6.77;1003640;12561861.000
10/15/2002;6.74;6.80;6.70;6.76;594759;7501459.000
10/16/2002;6.75;6.90;6.75;6.82;976237;12495153.000
10/17/2002;6.80;6.84;6.68;6.71;792784;9981133.000
10/22/2002;6.80;6.98;6.80;6.96;2627175;34030240.000
10/23/2002;6.96;7.01;6.92;7.01;1566480;20374696.000
10/24/2002;7.01;7.04;6.93;6.94;856775;11159962.000
10/25/2002;6.93;7.00;6.83;6.85;1178704;15237972.000
10/28/2002;6.84;6.85;6.73;6.77;1159934;14678230.000
10/29/2002;6.77;6.90;6.73;6.88;726518;9210672.000
10/30/2002;6.87;6.89;6.77;6.78;497805;6339831.000
10/31/2002;6.75;6.88;6.75;6.79;430260;5478805.000
11/01/2002;6.79;6.85;6.73;6.83;679103;8602270.000
11/04/2002;6.89;6.97;6.86;6.96;1268607;16393719.000
11/05/2002;7.01;7.63;6.95;7.19;12980504;175981584.000
11/06/2002;7.17;7.27;7.12;7.14;5961098;80151280.000
11/07/2002;7.14;7.21;7.08;7.16;2934239;39159232.000
11/08/2002;7.28;7.33;6.93;6.97;4231909;55759152.000
11/11/2002;6.96;7.11;6.95;6.98;1590140;20812688.000
11/12/2002;6.99;7.11;6.95;6.95;3215483;42106368.000
11/13/2002;6.91;7.04;6.53;7.00;5669795;72152760.000
11/14/2002;6.85;6.96;6.72;6.80;2140030;27239888.000
11/15/2002;6.75;6.95;6.72;6.80;1374394;17574360.000
11/18/2002;6.80;6.91;6.78;6.86;1130275;14454449.000
11/19/2002;6.83;6.91;6.67;6.85;1297697;16449112.000
11/20/2002;6.81;6.81;6.69;6.70;1173477;14736342.000
11/21/2002;6.64;6.84;6.40;6.51;3222392;39250824.000
11/22/2002;6.53;6.64;6.42;6.51;1574329;19253456.000
11/25/2002;6.45;6.53;6.41;6.48;710415;8583773.000
11/26/2002;6.48;6.52;6.04;6.05;2199095;25469558.000
11/27/2002;6.02;6.18;5.94;6.14;1495729;16990604.000
11/28/2002;6.15;6.39;6.07;6.37;1442000;16812340.000
11/29/2002;6.38;6.58;6.30;6.52;2746785;33192168.000
12/02/2002;6.52;6.52;6.32;6.33;1399283;16676120.000
12/03/2002;6.17;6.39;6.17;6.34;509700;4981108.000
12/04/2002;6.33;6.52;6.18;6.33;1545651;15251145.000
12/05/2002;6.31;6.31;6.12;6.18;1094787;10536994.000
12/06/2002;6.17;6.25;6.13;6.14;497298;4765509.000
12/09/2002;6.12;6.17;5.92;5.95;890692;8317875.000
12/10/2002;5.95;5.99;5.75;5.79;1014983;9243893.000
12/11/2002;5.76;5.76;5.61;5.66;1523900;13415083.000
12/12/2002;5.67;5.88;5.67;5.74;1219521;10964881.000
12/13/2002;5.72;5.85;5.55;5.78;990794;8781928.000
12/16/2002;5.78;5.90;5.75;5.87;934977;8495030.000
12/17/2002;5.86;5.92;5.86;5.89;778340;7119546.000
12/18/2002;5.91;5.92;5.77;5.78;987872;8991442.000
12/19/2002;5.77;5.78;5.65;5.72;885222;7837349.000
12/20/2002;5.72;5.87;5.72;5.85;833560;7508867.000
12/23/2002;5.86;5.92;5.86;5.87;830080;7596569.000
12/24/2002;5.85;5.91;5.85;5.91;536900;4909204.000
12/25/2002;5.92;5.94;5.82;5.82;476400;4343019.000
12/26/2002;5.81;5.83;5.55;5.57;1103500;9686873.000
12/27/2002;5.57;5.62;5.42;5.52;880072;7540058.000
12/30/2002;5.47;5.50;5.32;5.35;1003545;8356889.000
12/31/2002;5.34;5.39;5.15;5.26;808885;6595476.000
01/02/2003;5.17;5.21;5.07;5.13;747276;5958120.000
01/03/2003;5.14;5.17;5.09;5.14;526507;4198157.000
01/06/2003;5.12;5.26;5.09;5.25;507566;4097217.000
01/07/2003;5.23;5.37;5.20;5.25;625466;5138097.000
01/08/2003;5.20;5.50;5.19;5.46;1074530;8979206.000
01/09/2003;5.46;5.63;5.41;5.59;1944351;16721089.000
01/10/2003;5.59;5.59;5.41;5.42;1760912;15108851.000
01/13/2003;5.37;5.46;5.34;5.37;593268;4966108.000
01/14/2003;5.39;5.92;5.38;5.92;3473762;31181600.000
01/15/2003;6.23;6.51;5.99;6.22;13068850;129009960.000
01/16/2003;6.20;6.57;6.05;6.57;7093040;70352232.000
01/17/2003;6.58;6.65;6.45;6.53;4581673;46412484.000
01/20/2003;6.50;6.60;6.36;6.57;3037891;30671076.000
01/21/2003;6.57;6.69;6.34;6.35;2504081;25234528.000
01/22/2003;6.26;6.39;6.19;6.36;1575895;15443079.000
01/23/2003;6.35;6.43;6.21;6.24;1148838;11226519.000
01/24/2003;6.21;6.59;6.21;6.57;2767505;27639448.000
01/27/2003;6.61;6.73;6.50;6.64;3052833;31449886.000
01/28/2003;6.62;6.70;6.54;6.68;1750386;18003984.000
01/29/2003;6.73;6.95;6.72;6.74;4577600;48716276.000
02/10/2003;6.75;6.75;6.52;6.56;1764300;18048508.000
02/11/2003;6.53;6.59;6.49;6.59;856947;8709527.000
02/12/2003;6.59;6.73;6.50;6.72;1561651;16017872.000
02/13/2003;6.70;6.75;6.57;6.59;1773176;18364584.000
02/14/2003;6.57;6.61;6.52;6.57;1571332;16011144.000
02/17/2003;6.57;6.60;6.41;6.46;1589422;16023945.000
02/18/2003;6.44;6.46;6.35;6.41;1206376;11982729.000
02/19/2003;6.39;6.57;6.35;6.56;1413827;14230464.000
02/20/2003;6.58;6.60;6.43;6.46;1090375;10996288.000
02/21/2003;6.45;6.45;6.28;6.29;1463092;14411836.000
02/24/2003;6.29;6.39;6.21;6.30;1198034;11731267.000
02/25/2003;6.31;6.48;6.31;6.45;1338538;13369933.000
02/26/2003;6.47;6.53;6.44;6.47;794601;7993240.000
02/27/2003;6.48;6.56;6.41;6.44;704730;7100982.000
02/28/2003;6.45;6.47;6.37;6.43;696678;6933311.000
03/03/2003;6.43;6.55;6.41;6.55;1249532;12629282.000
03/04/2003;6.54;6.59;6.47;6.50;824726;8371096.000
03/05/2003;6.50;6.50;6.37;6.41;673981;6703900.000
03/06/2003;6.41;6.41;6.25;6.26;1095080;10706946.000
03/07/2003;6.23;6.34;6.14;6.17;1078995;10420641.000
03/10/2003;6.17;6.19;5.97;5.99;976920;9176608.000
03/11/2003;5.95;6.04;5.94;6.01;462909;4316018.000
03/12/2003;5.99;6.03;5.86;6.03;632900;5833362.000
03/13/2003;6.01;6.03;5.92;5.92;380062;3523040.000
03/14/2003;5.92;5.97;5.87;5.93;409475;3770327.000
03/17/2003;5.93;5.93;5.77;5.86;577054;5236939.000
03/18/2003;5.86;5.96;5.79;5.79;388920;3549674.000
03/19/2003;5.79;5.85;5.67;5.74;521340;4652139.000
03/20/2003;5.76;5.86;5.70;5.74;465276;4161381.000
03/21/2003;5.74;5.88;5.70;5.88;575676;5209439.000
03/24/2003;5.89;5.91;5.81;5.85;347020;3150239.000
03/25/2003;5.88;5.88;5.70;5.72;479421;4278820.000
03/26/2003;5.72;5.74;5.59;5.59;446760;3930629.000
03/27/2003;5.55;6.05;5.46;5.93;1779932;15975067.000
03/28/2003;5.94;5.97;5.81;5.85;1150572;10547861.000
03/31/2003;5.85;5.92;5.83;5.92;538498;4924443.000
04/01/2003;5.99;6.01;5.93;5.97;1228876;11410444.000
04/02/2003;5.98;6.05;5.92;5.96;685710;6379551.000
04/03/2003;5.96;5.99;5.86;5.98;1081352;9933223.000
04/04/2003;6.02;6.37;6.00;6.22;5344585;51615032.000
04/07/2003;6.20;6.41;6.19;6.31;3605709;35447184.000
04/08/2003;6.31;6.34;6.23;6.30;1609819;15673658.000
04/09/2003;6.32;6.55;6.28;6.54;3723932;37179400.000
04/10/2003;6.54;6.70;6.45;6.60;6451279;66323136.000
04/11/2003;6.59;6.98;6.53;6.92;6384145;67666848.000
04/14/2003;6.99;7.05;6.83;6.96;6014436;64899480.000
04/15/2003;6.96;7.02;6.82;6.94;3676976;39273016.000
04/16/2003;6.92;7.47;6.89;6.90;7108456;78728576.000
04/17/2003;6.89;7.01;6.66;6.74;4939718;51987168.000
04/18/2003;6.74;6.86;6.52;6.54;3057659;31502344.000
04/21/2003;6.47;6.50;6.32;6.38;2438921;24319692.000
04/22/2003;6.37;6.66;6.36;6.57;1635551;16653858.000
04/23/2003;6.57;6.67;6.40;6.42;1220624;12296572.000
04/24/2003;6.34;6.39;5.99;6.06;1573608;15004597.000
04/25/2003;6.06;6.14;5.90;5.92;1412559;13098710.000
04/28/2003;5.80;6.17;5.73;6.16;1988996;18401660.000
04/29/2003;6.15;6.18;6.03;6.05;1350348;12738874.000
04/30/2003;6.04;6.08;5.86;5.94;1212860;11230500.000
05/12/2003;5.99;6.15;5.86;6.08;653838;6130544.000
05/13/2003;6.12;6.12;5.68;5.70;2212695;19876148.000
05/14/2003;5.68;5.78;5.55;5.74;1402171;12368859.000
05/15/2003;5.74;6.00;5.74;5.94;1140970;10395861.000
05/16/2003;5.95;6.01;5.90;6.00;875345;8077847.000
05/19/2003;6.03;6.10;5.90;6.08;1043738;9744763.000
05/20/2003;6.07;6.14;5.99;6.10;1305866;12289527.000
05/21/2003;6.08;6.22;6.06;6.14;2077266;19874102.000
05/22/2003;6.14;6.21;5.99;6.21;874913;8275600.000
05/23/2003;6.25;6.26;6.14;6.19;1557090;15023194.000
05/26/2003;6.19;6.21;6.06;6.12;1015180;9686620.000
05/27/2003;6.12;6.21;6.06;6.13;895418;8490109.000
05/29/2003;6.05;6.05;5.86;5.98;1467753;13497222.000
05/30/2003;5.97;6.01;5.90;5.98;1349338;12454235.000
06/02/2003;5.95;6.00;5.88;6.00;763248;7025902.000
06/03/2003;6.00;6.08;5.95;6.01;890740;8338011.000
06/04/2003;5.99;6.07;5.88;6.06;775967;7204926.000
06/05/2003;6.12;6.35;6.07;6.25;4114715;40099004.000
06/06/2003;6.23;6.54;6.18;6.44;4777820;47564752.000
06/09/2003;6.45;6.55;6.35;6.45;2886804;28873412.000
06/10/2003;6.50;6.58;6.39;6.45;1614761;16224641.000
06/11/2003;6.45;6.57;6.32;6.57;2629976;26238388.000
06/12/2003;6.56;6.57;6.37;6.40;1548700;15544665.000
06/13/2003;6.38;6.43;6.30;6.30;1554150;15303026.000
06/16/2003;6.31;6.35;6.22;6.30;833369;8115779.000
06/17/2003;6.29;6.37;6.25;6.27;499268;4894251.000
06/18/2003;6.25;6.32;6.23;6.24;551839;5369659.000
06/19/2003;6.25;6.30;6.16;6.21;595922;5743917.000
06/20/2003;6.19;6.36;6.17;6.29;858804;8401801.000
06/23/2003;6.25;6.48;6.25;6.47;1672172;16644534.000
06/24/2003;6.47;6.52;6.41;6.49;1357544;13616177.000
06/25/2003;6.49;6.50;6.28;6.28;959060;9488466.000
06/26/2003;6.23;6.28;5.67;6.09;2562794;23889504.000
06/27/2003;6.08;6.08;5.92;5.95;971291;9014435.000
06/30/2003;5.91;5.92;5.79;5.79;650443;5890782.000
07/01/2003;5.83;5.95;5.79;5.81;436800;3991388.000
07/02/2003;5.83;5.91;5.76;5.91;267201;2418676.000
07/03/2003;5.88;6.00;5.88;5.98;367992;3400645.000
07/04/2003;5.99;5.99;5.88;5.90;379020;3483636.000
07/07/2003;5.87;5.94;5.81;5.85;581462;5283559.000
07/08/2003;5.83;5.92;5.83;5.92;203630;1864920.000
07/09/2003;5.92;5.92;5.83;5.85;249692;2271283.000
07/10/2003;5.87;6.02;5.84;5.99;534831;4932811.000
07/11/2003;5.99;6.02;5.88;5.90;415525;3832732.000
07/14/2003;5.93;5.97;5.90;5.93;256710;2365200.000
07/15/2003;5.92;5.98;5.86;5.90;219957;2021048.000
07/16/2003;5.92;5.95;5.87;5.89;233385;2137228.000
07/17/2003;5.90;5.94;5.80;5.83;1169299;10607218.000
07/18/2003;5.85;5.85;5.64;5.66;1360435;12097519.000
07/21/2003;5.65;5.73;5.59;5.60;658039;5770358.000
07/22/2003;5.61;5.72;5.57;5.61;556940;4865789.000
07/23/2003;5.60;5.66;5.52;5.65;615687;5329578.000
07/24/2003;5.66;5.66;5.52;5.53;340511;2947809.000
07/25/2003;5.52;5.57;5.35;5.37;573374;4850019.000
07/28/2003;5.34;5.35;5.25;5.25;355139;2918985.000
07/29/2003;5.25;5.30;5.23;5.30;438200;3584695.000
07/30/2003;5.30;5.32;5.20;5.25;257100;2105068.000
07/31/2003;5.27;5.52;5.26;5.39;804577;6781058.000
08/01/2003;5.39;5.45;5.34;5.41;356476;2982992.000
08/04/2003;5.41;5.54;5.41;5.53;462910;3946334.000
08/05/2003;5.53;5.53;5.47;5.48;225520;1923571.000
08/06/2003;5.45;5.45;5.38;5.39;263937;2215347.000
08/07/2003;5.39;5.47;5.39;5.39;147400;1241651.000
08/08/2003;5.46;5.46;5.28;5.29;253990;2103110.000
08/11/2003;5.28;5.35;5.23;5.34;121959;1008113.000
08/12/2003;5.34;5.39;5.34;5.37;496522;4143222.000
08/13/2003;5.41;5.42;5.37;5.40;736628;6161601.000
08/14/2003;5.45;5.60;5.45;5.50;3821423;32913684.000
08/15/2003;5.47;5.47;5.32;5.34;1009711;8411104.000
08/18/2003;5.30;5.33;5.25;5.30;370940;3042392.000
08/19/2003;5.28;5.34;5.25;5.31;337299;2777324.000
08/20/2003;5.28;5.32;5.14;5.15;1280162;10335448.000
08/21/2003;5.15;5.20;5.02;5.03;1606305;12661384.000
08/22/2003;5.02;5.05;4.94;4.95;1458561;11298990.000
08/25/2003;4.95;4.99;4.91;4.95;632863;4868407.000
08/26/2003;4.95;5.01;4.88;4.95;654960;5033707.000
08/27/2003;5.04;5.14;4.95;4.99;2022840;15853311.000
08/28/2003;5.02;5.17;5.01;5.09;1471796;11712350.000
08/29/2003;5.08;5.08;4.95;5.05;749936;5851849.000
09/01/2003;5.07;5.26;5.06;5.25;1479057;11875954.000
09/02/2003;5.26;5.29;5.20;5.23;1308987;10641809.000
09/03/2003;5.18;5.25;5.14;5.21;645727;5195058.000
09/04/2003;5.21;5.21;5.12;5.16;611390;4900341.000
09/05/2003;5.12;5.20;5.11;5.19;860405;6887480.000
09/08/2003;5.21;5.30;5.21;5.28;1767206;14469265.000
09/09/2003;5.28;5.28;5.10;5.12;638878;5135112.000
09/10/2003;5.06;5.10;5.02;5.07;569178;4461216.000
09/11/2003;5.06;5.12;5.05;5.07;225001;1776675.000
09/12/2003;5.04;5.04;4.95;4.95;363817;2813790.000
09/15/2003;4.92;5.06;4.92;4.94;314890;2424296.000
09/16/2003;4.94;5.04;4.94;5.03;289466;2248426.000
09/17/2003;5.03;5.03;4.94;4.95;192682;1486792.000
09/18/2003;4.95;4.95;4.90;4.93;253750;1940772.000
09/19/2003;4.91;4.97;4.90;4.95;252649;1936745.000
09/22/2003;4.95;5.09;4.95;5.08;426800;3325895.000
09/23/2003;5.08;5.17;5.04;5.10;976992;7753965.000
09/24/2003;5.15;5.16;5.03;5.08;458443;3616258.000
09/25/2003;5.08;5.08;4.95;4.96;317340;2470803.000
09/26/2003;4.95;5.01;4.95;4.96;203300;1569185.000
09/30/2003;4.92;4.92;4.48;4.68;952549;6981940.000
10/08/2003;4.63;4.66;4.57;4.61;300627;2152451.000
10/09/2003;4.60;4.67;4.59;4.62;176805;1269200.000
10/10/2003;4.61;4.80;4.59;4.75;416870;3061265.000
10/13/2003;4.79;4.83;4.73;4.74;346028;2566133.000
10/14/2003;4.75;4.75;4.66;4.69;296317;2166929.000
10/15/2003;4.74;4.85;4.74;4.80;966140;7226898.000
10/16/2003;4.79;4.79;4.63;4.66;273600;1996371.000
10/17/2003;4.79;4.79;4.63;4.70;139693;1020432.000
10/20/2003;4.68;4.68;4.57;4.62;255859;1829671.000
10/21/2003;4.59;4.65;4.57;4.65;236780;1693108.000
10/22/2003;4.65;4.88;4.63;4.77;636444;4729340.000
10/23/2003;4.76;4.86;4.70;4.70;546392;4037529.000
10/24/2003;4.70;4.70;4.57;4.61;566111;4040258.000
10/27/2003;4.60;4.60;4.51;4.53;467067;3293200.000
10/28/2003;4.58;4.62;4.09;4.21;1724820;11380009.000
10/29/2003;4.18;4.21;3.85;4.00;1306838;8132987.000
10/30/2003;3.99;3.99;3.86;3.92;755143;4602133.000
10/31/2003;3.91;4.06;3.91;4.00;522370;3239002.000
11/03/2003;3.97;4.01;3.90;3.99;452361;2783523.000
11/04/2003;3.97;4.15;3.96;4.05;1369779;8630470.000
11/05/2003;4.05;4.06;3.90;3.92;1119310;6900709.000
11/06/2003;3.90;3.90;3.67;3.69;1343301;7878528.000
11/07/2003;3.65;3.76;3.63;3.73;947677;5443654.000
11/10/2003;3.66;3.73;3.59;3.69;402853;2291330.000
11/11/2003;3.69;3.73;3.64;3.72;320848;1836936.000
11/12/2003;3.65;3.71;3.58;3.64;315359;1786085.000
11/13/2003;3.64;3.76;3.63;3.73;458301;2634330.000
11/14/2003;3.73;3.89;3.70;3.79;928043;5483554.000
11/17/2003;3.79;3.88;3.78;3.84;522429;3119946.000
11/18/2003;3.81;3.81;3.70;3.71;366800;2149980.000
11/19/2003;3.69;3.87;3.67;3.86;1015116;6031798.000
11/20/2003;3.89;4.08;3.88;4.05;3691253;23051462.000
11/21/2003;4.09;4.13;3.92;3.94;1896717;11898096.000
11/24/2003;3.94;4.14;3.94;4.08;1613634;10188011.000
11/25/2003;4.12;4.47;4.04;4.26;4827098;31935496.000
11/26/2003;4.26;4.31;4.17;4.26;1599701;10513365.000
11/27/2003;4.26;4.28;4.06;4.09;1388583;8954394.000
11/28/2003;4.12;4.21;4.08;4.12;749018;4810029.000
12/01/2003;4.11;4.26;4.11;4.25;1096370;7191201.000
12/02/2003;4.25;4.28;4.15;4.19;1163629;7602904.000
12/03/2003;4.25;4.37;4.15;4.28;1937553;12875637.000
12/04/2003;4.28;4.43;4.28;4.38;2015679;13638589.000
12/05/2003;4.37;4.41;4.30;4.36;1010972;6825110.000
12/08/2003;4.38;4.39;4.21;4.21;918300;6091493.000
12/09/2003;4.19;4.23;4.12;4.22;945416;6132316.000
12/10/2003;4.22;4.30;4.16;4.28;994840;6528998.000
12/11/2003;4.29;4.35;4.22;4.35;1023487;6799944.000
12/12/2003;4.32;4.36;4.26;4.30;889811;5970225.000
12/15/2003;4.30;4.31;4.22;4.25;624519;4140186.000
12/16/2003;4.25;4.25;4.10;4.14;811352;5229474.000
12/17/2003;4.12;4.20;4.08;4.08;790760;5075356.000
12/18/2003;4.08;4.10;3.95;3.96;1072344;6676356.000
12/19/2003;3.95;4.01;3.67;3.77;1650076;9794199.000
12/22/2003;3.76;3.97;3.67;3.97;1597115;9383813.000
12/23/2003;3.98;4.14;3.92;4.08;1854418;11724891.000
12/24/2003;4.08;4.19;3.99;4.19;1641203;10504060.000
12/25/2003;4.24;4.41;4.24;4.30;4679009;31538362.000
12/26/2003;4.28;4.36;4.25;4.32;1291008;8632739.000
12/29/2003;4.32;4.37;4.25;4.35;1285570;8665494.000
12/30/2003;4.34;4.41;4.28;4.32;1122618;7569611.000
12/31/2003;4.32;4.36;4.21;4.21;967040;6402167.000
01/02/2004;4.21;4.30;4.14;4.28;854404;5624765.000
01/05/2004;4.34;4.56;4.25;4.52;3192551;21892466.000
01/06/2004;4.53;4.66;4.46;4.55;2949200;20839352.000
01/07/2004;4.55;4.59;4.46;4.53;2205196;15459733.000
01/08/2004;4.57;4.74;4.48;4.68;2201449;15857977.000
01/09/2004;4.70;4.77;4.49;4.50;2250484;16317748.000
01/12/2004;4.50;4.53;4.37;4.50;1586648;10936970.000
01/13/2004;4.51;4.55;4.36;4.44;1682157;11550612.000
01/14/2004;4.44;4.50;4.39;4.43;1026581;7112274.000
01/15/2004;4.41;4.49;4.37;4.39;1093355;7500437.000
01/16/2004;4.45;4.62;4.43;4.57;1889726;13373874.000
01/29/2004;4.57;4.70;4.50;4.67;1474561;10573568.000
01/30/2004;4.73;4.73;4.55;4.55;1590450;11476846.000
02/02/2004;4.55;4.89;4.55;4.88;3936946;29022496.000
02/03/2004;4.88;4.88;4.77;4.83;2104211;15793148.000
02/04/2004;4.83;4.97;4.83;4.88;2421001;18371416.000
02/05/2004;4.90;5.05;4.85;5.01;2838250;21906694.000
02/06/2004;5.01;5.01;4.83;4.83;2049491;15653746.000
02/09/2004;4.83;4.95;4.83;4.95;1435393;10886985.000
02/10/2004;4.94;5.06;4.92;4.99;1893043;14618948.000
02/11/2004;4.99;5.08;4.90;5.07;1808895;14016336.000
02/12/2004;5.12;5.15;5.06;5.12;2328532;18489202.000
02/13/2004;5.17;5.26;4.90;4.98;3923562;31266160.000
02/16/2004;5.00;5.08;4.96;5.06;1795813;14013654.000
02/17/2004;5.16;5.28;5.16;5.23;4017417;32665432.000
02/18/2004;5.21;5.26;5.15;5.25;1574901;12754235.000
02/19/2004;5.25;5.28;5.19;5.25;1211817;9848290.000
02/20/2004;5.25;5.25;5.13;5.19;1550569;12434501.000
02/23/2004;5.26;5.39;5.15;5.16;2640792;21701428.000
02/24/2004;5.15;5.15;4.96;5.03;2168019;16939376.000
02/25/2004;5.06;5.12;4.85;4.86;1522220;11798886.000
02/26/2004;4.85;4.86;4.65;4.75;1349700;10012514.000
02/27/2004;4.79;4.83;4.75;4.81;820367;6107487.000
03/01/2004;4.83;5.07;4.70;5.05;1903877;14488727.000
03/02/2004;5.08;5.22;5.02;5.08;3003454;23906848.000
03/03/2004;5.03;5.07;4.90;4.94;995037;7681707.000
03/04/2004;4.89;5.10;4.89;5.07;1149870;8977913.000
03/05/2004;5.08;5.10;4.97;4.99;721978;5658380.000
03/08/2004;4.99;5.01;4.76;4.78;657193;4950748.000
03/09/2004;4.74;4.82;4.65;4.66;853881;6290468.000
03/10/2004;4.66;4.81;4.66;4.79;640298;4716427.000
03/11/2004;4.83;4.86;4.76;4.83;776562;5801291.000
03/12/2004;4.83;4.83;4.73;4.77;544979;4036819.000
03/15/2004;4.77;4.91;4.75;4.88;902899;6796737.000
03/16/2004;4.89;4.95;4.86;4.90;859522;6537527.000
03/17/2004;4.89;4.91;4.78;4.84;822142;6175432.000
03/18/2004;4.85;4.85;4.74;4.75;793736;5914564.000
03/19/2004;4.74;4.81;4.72;4.81;599249;4439759.000
03/22/2004;4.81;4.86;4.77;4.84;635328;4755364.000
03/23/2004;4.83;4.94;4.77;4.91;1132740;8602348.000
03/24/2004;4.92;4.98;4.88;4.97;1307087;10031293.000
03/25/2004;4.97;5.04;4.93;5.01;1100248;8533699.000
03/26/2004;5.02;5.05;4.88;4.99;811218;6248008.000
03/29/2004;4.99;5.03;4.90;4.99;1044950;8109068.000
03/30/2004;5.02;5.04;4.85;4.89;1446135;11037451.000
03/31/2004;4.90;5.01;4.88;4.98;1140471;8774167.000
04/01/2004;4.95;5.05;4.89;5.04;1813317;13978444.000
04/02/2004;5.14;5.37;5.12;5.26;8137836;66461312.000
04/05/2004;5.23;5.28;5.14;5.27;2459524;19911004.000
04/06/2004;5.27;5.31;5.21;5.30;2272997;18625576.000
04/07/2004;5.30;5.35;5.25;5.27;2153180;17738620.000
04/08/2004;5.26;5.41;5.25;5.35;2488750;20689464.000
04/09/2004;5.35;5.39;5.05;5.11;2393907;19281046.000
04/12/2004;5.02;5.08;4.92;5.01;1132586;8826938.000
04/13/2004;5.01;5.08;4.92;4.94;934630;7282649.000
04/14/2004;4.92;4.98;4.76;4.84;1123115;8478633.000
04/15/2004;4.84;4.88;4.70;4.72;873927;6491944.000
04/16/2004;4.74;4.81;4.65;4.79;710783;5237157.000
04/19/2004;4.83;4.83;4.68;4.70;542740;3987778.000
04/20/2004;4.70;4.73;4.65;4.68;387399;2822103.000
04/21/2004;4.68;4.75;4.64;4.70;395771;2877281.000
04/22/2004;4.77;4.79;4.70;4.79;274213;2018185.000
04/23/2004;4.76;4.78;4.68;4.70;351644;2578467.000
04/26/2004;4.64;4.72;4.57;4.57;426834;3071771.000
04/27/2004;4.50;4.50;4.25;4.25;1201979;8097311.000
04/28/2004;4.25;4.37;4.25;4.35;435821;2917724.000
04/29/2004;4.36;4.36;4.28;4.29;294350;1971149.000
04/30/2004;4.28;4.35;4.25;4.28;375735;2502121.000
05/10/2004;4.44;4.44;4.27;4.27;195800;1313116.000
05/11/2004;4.25;4.34;4.21;4.28;163776;1083987.000
05/12/2004;4.28;4.39;4.28;4.38;236559;1601716.000
05/13/2004;4.41;4.41;4.32;4.34;200583;1353195.000
05/14/2004;4.37;4.37;4.17;4.17;346900;2283478.000
05/17/2004;4.18;4.32;4.12;4.20;216538;1414839.000
05/18/2004;4.15;4.28;4.15;4.28;190848;1255344.000
05/19/2004;4.30;4.34;4.28;4.28;261640;1752584.000
05/20/2004;4.33;4.33;4.20;4.21;197700;1305111.000
05/21/2004;4.19;4.26;4.19;4.25;133202;876270.000
05/24/2004;4.26;4.30;4.18;4.23;118900;780170.000
05/25/2004;4.25;4.25;3.99;4.00;280969;1784886.000
05/26/2004;4.01;4.10;3.97;4.00;292766;1823152.000
05/27/2004;4.09;4.10;3.99;4.08;287033;1813384.000
06/01/2004;4.08;4.19;4.05;4.18;610866;3897485.000
06/02/2004;4.19;4.31;4.13;4.29;820750;5389866.000
06/03/2004;4.30;4.34;4.20;4.21;672085;4458812.000
06/04/2004;4.21;4.21;4.12;4.15;273480;1765794.000
06/07/2004;4.31;4.31;4.10;4.14;216928;1402653.000
06/08/2004;4.20;4.20;4.08;4.10;261920;1677557.000
06/09/2004;4.16;4.16;3.89;3.92;300362;1868148.000
06/10/2004;3.95;3.95;3.83;3.88;396341;2393231.000
06/11/2004;3.97;3.97;3.86;3.94;358800;2193693.000
06/14/2004;3.95;3.95;3.77;3.83;288821;1715535.000
06/15/2004;3.83;3.91;3.79;3.86;942498;5660160.000
06/16/2004;3.86;3.92;3.82;3.88;378168;2275017.000
06/17/2004;3.83;3.88;3.72;3.74;348078;2042930.000
06/18/2004;3.74;3.79;3.65;3.71;528066;3041986.000
06/21/2004;3.68;3.77;3.65;3.77;175937;1018885.000
06/22/2004;3.77;3.81;3.74;3.78;291199;1711827.000
06/23/2004;3.80;3.80;3.68;3.72;195240;1133131.000
06/24/2004;3.72;3.74;3.68;3.70;198044;1143100.000
06/25/2004;3.72;3.79;3.68;3.70;271490;1576264.000
06/28/2004;3.70;3.74;3.60;3.60;241130;1359545.000
06/29/2004;3.60;3.66;3.52;3.64;232868;1298245.000
06/30/2004;3.64;3.64;3.55;3.55;188885;1052735.000
07/01/2004;3.55;3.67;3.55;3.66;349817;1973571.000
07/02/2004;3.66;3.70;3.57;3.68;377354;2131801.000
07/05/2004;3.66;3.68;3.59;3.68;230260;1301256.000
07/06/2004;3.70;3.74;3.68;3.72;466544;2690950.000
07/07/2004;3.68;3.74;3.67;3.74;288831;1659596.000
07/08/2004;3.74;3.83;3.72;3.82;1423035;8376131.000
07/09/2004;3.82;3.82;3.75;3.76;353126;2077223.000
07/12/2004;3.73;3.73;3.60;3.60;226000;1275102.000
07/13/2004;3.57;3.66;3.57;3.62;107400;603895.000
07/14/2004;3.61;3.70;3.50;3.52;326506;1801902.000
07/15/2004;3.52;3.63;3.52;3.54;288956;1600315.000
07/16/2004;3.57;3.68;3.57;3.67;444951;2511084.000
07/19/2004;3.67;3.68;3.62;3.65;256696;1457064.000
07/20/2004;3.63;3.67;3.58;3.66;366966;2077908.000
07/21/2004;3.65;3.73;3.61;3.73;304975;1746020.000
07/22/2004;3.76;3.77;3.62;3.64;485276;2783481.000
07/23/2004;3.61;3.64;3.55;3.64;214350;1194051.000
07/26/2004;3.64;3.64;3.56;3.59;141140;785887.000
07/27/2004;3.58;3.60;3.44;3.45;441825;2394553.000
07/28/2004;3.52;3.54;3.44;3.49;378629;2048671.000
07/29/2004;3.46;3.53;3.46;3.53;259387;1410248.000
07/30/2004;3.54;3.54;3.47;3.47;187070;1015993.000
08/02/2004;3.47;3.47;3.42;3.42;132900;709614.000
08/03/2004;3.42;3.48;3.41;3.41;161192;863133.000
08/04/2004;3.41;3.54;3.41;3.52;362150;1966757.000
08/05/2004;3.54;3.54;3.46;3.48;201283;1091026.000
08/06/2004;3.47;3.50;3.41;3.44;141150;755934.000
08/09/2004;3.42;3.50;3.40;3.45;78800;422839.000
08/10/2004;3.45;3.48;3.41;3.46;205882;1099355.000
08/11/2004;3.46;3.46;3.39;3.46;274610;1461634.000
08/12/2004;3.41;3.43;3.29;3.33;261346;1355676.000
08/13/2004;3.29;3.32;3.03;3.11;755045;3713517.000
08/16/2004;3.10;3.10;2.90;2.97;722343;3328208.000
08/17/2004;2.97;3.05;2.94;3.01;302880;1415191.000
08/18/2004;2.99;3.06;2.97;2.97;238948;1121339.000
08/19/2004;2.97;3.00;2.76;2.90;253100;1148114.000
08/20/2004;2.88;2.94;2.83;2.92;256190;1155128.000
08/23/2004;2.84;2.92;2.83;2.90;261060;1162463.000
08/24/2004;2.90;3.03;2.90;3.00;603761;2800420.000
08/25/2004;3.01;3.02;2.95;2.99;234343;1086301.000
08/26/2004;2.97;3.07;2.93;2.94;322400;1507723.000
08/27/2004;2.92;2.97;2.88;2.90;192620;868824.000
08/30/2004;2.89;2.93;2.86;2.92;110475;499409.000
08/31/2004;3.03;3.07;2.97;2.98;311687;1453403.000
09/01/2004;2.95;2.97;2.92;2.94;132120;604592.000
09/02/2004;2.90;3.03;2.90;3.02;216174;1001463.000
09/03/2004;3.03;3.06;2.97;3.03;251300;1185246.000
09/06/2004;3.01;3.05;3.01;3.05;138785;655773.000
09/07/2004;3.01;3.05;2.99;3.04;112200;527441.000
09/08/2004;3.02;3.03;3.00;3.02;57770;270404.000
09/09/2004;2.99;2.99;2.92;2.94;179100;828678.000
09/10/2004;2.94;2.94;2.89;2.94;91120;413526.000
09/13/2004;2.94;2.94;2.83;2.85;142000;636934.000
09/14/2004;2.88;2.99;2.88;2.98;526546;2407351.000
09/15/2004;2.98;3.20;2.98;3.17;1102744;5368209.000
09/16/2004;3.16;3.31;3.12;3.28;1512002;7577851.000
09/17/2004;3.36;3.44;3.29;3.42;2790659;14589037.000
09/20/2004;3.47;3.57;3.38;3.56;2861040;15343219.000
09/21/2004;3.55;3.55;3.42;3.45;1497642;8094525.000
09/22/2004;3.34;3.43;3.28;3.32;1237038;6450140.000
09/23/2004;3.31;3.40;3.26;3.39;939012;4871633.000
09/24/2004;3.44;3.46;3.27;3.28;1433370;7493171.000
09/27/2004;3.34;3.34;3.15;3.17;637728;3195447.000
09/28/2004;3.20;3.25;3.15;3.22;476461;2363281.000
09/29/2004;3.26;3.26;3.16;3.18;296800;1476090.000
09/30/2004;3.20;3.21;3.08;3.08;408660;1990344.000
10/08/2004;3.08;3.17;3.03;3.17;278718;1345201.000
10/11/2004;3.15;3.23;3.10;3.15;628605;3093265.000
10/12/2004;3.11;3.12;3.03;3.03;470400;2242574.000
10/13/2004;3.02;3.06;2.99;3.02;459830;2160340.000
10/14/2004;2.72;2.79;2.72;2.72;1847420;7848756.000
10/15/2004;2.65;2.65;2.49;2.57;1567907;6248380.000
10/18/2004;2.59;2.65;2.52;2.57;632937;2530650.000
10/19/2004;2.57;2.62;2.55;2.56;907214;3642065.000
10/20/2004;2.55;2.56;2.45;2.46;869820;3377779.000
10/21/2004;2.46;2.46;2.23;2.26;1451080;5321393.000
10/22/2004;2.25;2.37;2.20;2.35;1467594;5273174.000
10/25/2004;2.41;2.50;2.35;2.43;1351055;5098544.000
10/26/2004;2.41;2.49;2.34;2.47;816956;3075785.000
10/27/2004;2.43;2.55;2.39;2.54;883735;3421469.000
10/28/2004;2.54;2.63;2.50;2.51;1350133;5414164.000
10/29/2004;2.37;2.48;2.34;2.41;751480;2849067.000
11/01/2004;2.41;2.45;2.37;2.42;336174;1264583.000
11/02/2004;2.44;2.46;2.41;2.45;284580;1080568.000
11/03/2004;2.47;2.54;2.44;2.52;533219;2078684.000
11/04/2004;2.54;2.55;2.41;2.43;376850;1457425.000
11/05/2004;2.46;2.48;2.41;2.43;340110;1286052.000
11/08/2004;2.42;2.43;2.39;2.41;381900;1428469.000
11/09/2004;2.43;2.53;2.40;2.50;1405814;5414182.000
11/10/2004;2.50;2.61;2.47;2.59;2014438;8016260.000
11/11/2004;2.61;2.68;2.57;2.60;2669401;10938560.000
11/12/2004;2.61;2.63;2.55;2.59;1359594;5473568.000
11/15/2004;2.61;2.68;2.57;2.67;1215543;4970736.000
11/16/2004;2.77;2.83;2.72;2.73;6092148;26347412.000
11/17/2004;2.70;2.70;2.63;2.65;1434487;5934053.000
11/18/2004;2.62;2.68;2.61;2.66;678569;2802645.000
11/19/2004;2.67;2.73;2.64;2.70;847986;3546367.000
11/22/2004;2.68;2.76;2.68;2.73;738210;3126178.000
11/23/2004;2.74;2.75;2.69;2.75;630506;2668275.000
11/24/2004;2.76;2.76;2.63;2.65;620389;2607836.000
11/25/2004;2.64;2.65;2.59;2.61;690800;2812823.000
11/26/2004;2.61;2.68;2.60;2.64;474295;1957558.000
11/29/2004;2.63;2.63;2.57;2.59;319100;1293884.000
11/30/2004;2.59;2.62;2.57;2.59;279280;1125638.000
12/01/2004;2.60;2.62;2.57;2.58;281450;1135457.000
12/02/2004;2.58;2.64;2.55;2.63;483891;1962849.000
12/03/2004;2.66;2.71;2.63;2.68;898287;3751386.000
12/06/2004;2.68;2.74;2.67;2.70;674778;2842930.000
12/07/2004;2.69;2.71;2.65;2.68;784718;3272234.000
12/08/2004;2.70;2.76;2.69;2.70;1384065;5882723.000
12/09/2004;2.69;2.76;2.65;2.75;1332425;5673357.000
12/10/2004;2.74;2.78;2.61;2.62;892200;3767973.000
12/13/2004;2.61;2.64;2.54;2.57;582290;2344281.000
12/14/2004;2.57;2.59;2.54;2.57;395900;1582401.000
12/15/2004;2.58;2.59;2.48;2.51;436038;1713621.000
12/16/2004;2.51;2.54;2.48;2.50;242802;948272.000
12/17/2004;2.50;2.50;2.45;2.46;271241;1042989.000
12/20/2004;2.41;2.45;2.41;2.42;261700;989783.000
12/21/2004;2.44;2.48;2.44;2.46;162800;624547.000
12/22/2004;2.47;2.55;2.47;2.54;269904;1056391.000
12/23/2004;2.54;2.54;2.49;2.49;223600;876836.000
12/24/2004;2.49;2.53;2.49;2.50;156170;609218.000
12/27/2004;2.50;2.59;2.50;2.54;214800;852877.000
12/28/2004;2.54;2.54;2.46;2.46;164800;640185.000
12/29/2004;2.47;2.51;2.46;2.48;163480;631184.000
12/30/2004;2.45;2.49;2.43;2.46;122489;467421.000
12/31/2004;2.47;2.47;2.41;2.45;191100;724870.000
01/04/2005;2.48;2.50;2.40;2.41;300830;1138096.000
01/05/2005;2.45;2.49;2.40;2.49;325766;1242543.000
01/06/2005;2.49;2.49;2.41;2.45;111299;424646.000
01/07/2005;2.45;2.50;2.43;2.47;171526;659116.000
01/10/2005;2.45;2.50;2.44;2.49;159769;615751.000
01/11/2005;2.50;2.50;2.45;2.50;143079;552959.000
01/12/2005;2.49;2.49;2.44;2.49;169264;650880.000
01/13/2005;2.45;2.48;2.44;2.46;238870;914342.000
01/14/2005;2.45;2.48;2.42;2.42;193100;739142.000
01/17/2005;2.43;2.43;2.35;2.35;194527;718837.000
01/18/2005;2.37;2.40;2.34;2.39;239229;879433.000
01/19/2005;2.38;2.38;2.35;2.37;227210;838135.000
01/20/2005;2.38;2.38;2.32;2.32;210200;769688.000
01/21/2005;2.31;2.40;2.29;2.40;290610;1060603.000
01/24/2005;2.48;2.50;2.42;2.45;325199;1237009.000
01/25/2005;2.34;2.40;2.28;2.40;806771;2943720.000
01/26/2005;2.36;2.41;2.31;2.34;394580;1444325.000
01/27/2005;2.33;2.33;2.25;2.25;590581;2090766.000
01/28/2005;2.25;2.26;2.15;2.17;649260;2219673.000
01/31/2005;2.15;2.17;2.06;2.09;417481;1372873.000
02/01/2005;2.07;2.10;2.04;2.05;476200;1534342.000
02/02/2005;2.05;2.18;2.04;2.17;759481;2505796.000
02/03/2005;2.17;2.17;2.09;2.10;498800;1656043.000
02/04/2005;2.06;2.16;2.06;2.15;334680;1103999.000
02/16/2005;2.15;2.23;2.15;2.20;548900;1887084.000
02/17/2005;2.21;2.28;2.21;2.23;757845;2646033.000
02/18/2005;2.23;2.25;2.19;2.19;306400;1056530.000
02/21/2005;2.21;2.25;2.19;2.25;355179;1233062.000
02/22/2005;2.24;2.31;2.23;2.30;803216;2843311.000
02/23/2005;2.30;2.53;2.26;2.53;2775238;10523989.000
02/24/2005;2.52;2.53;2.41;2.50;2269042;8728155.000
02/25/2005;2.49;2.54;2.45;2.48;1417461;5476828.000
02/28/2005;2.48;2.60;2.46;2.54;2331815;9227941.000
03/01/2005;2.54;2.56;2.45;2.48;759823;2938570.000
03/02/2005;2.48;2.50;2.39;2.40;1024038;3875708.000
03/03/2005;2.37;2.42;2.36;2.42;393875;1466119.000
03/04/2005;2.41;2.41;2.35;2.35;459492;1698784.000
03/07/2005;2.38;2.41;2.35;2.38;238479;881223.000
03/08/2005;2.41;2.49;2.38;2.48;702720;2671548.000
03/09/2005;2.49;2.50;2.44;2.48;686350;2646610.000
03/10/2005;2.49;2.50;2.35;2.37;495328;1858003.000
03/11/2005;2.37;2.42;2.37;2.40;308237;1149009.000
03/14/2005;2.37;2.37;2.28;2.30;474900;1712570.000
03/15/2005;2.31;2.44;2.30;2.43;1039375;3827424.000
03/16/2005;2.39;2.54;2.37;2.52;2662381;10299091.000
03/17/2005;2.55;2.72;2.45;2.46;7552390;30578244.000
03/18/2005;2.46;2.70;2.45;2.67;7778743;31744996.000
03/21/2005;2.60;2.75;2.57;2.70;4034619;16619872.000
03/22/2005;2.68;2.77;2.59;2.72;4039665;16860048.000
03/23/2005;2.70;2.72;2.50;2.58;3667582;15062685.000
03/24/2005;2.52;2.61;2.50;2.59;2720952;10786265.000
03/25/2005;2.58;2.59;2.50;2.53;1264963;4991232.000
03/28/2005;2.49;2.49;2.28;2.28;3462688;12434283.000
03/29/2005;2.24;2.28;2.18;2.25;1749524;6071395.000
03/30/2005;2.23;2.23;2.06;2.07;1838932;6105938.000
03/31/2005;2.08;2.15;2.08;2.13;1119848;3703257.000
04/01/2005;2.14;2.23;2.08;2.20;1162082;3911705.000
04/04/2005;2.19;2.19;2.12;2.14;1095702;3656764.000
04/05/2005;2.14;2.14;2.05;2.07;863757;2813063.000
04/06/2005;2.08;2.11;1.97;2.07;1300850;4151226.000
04/07/2005;2.06;2.18;2.06;2.13;1505242;4989282.000
04/08/2005;2.14;2.19;2.09;2.18;1115939;3722556.000
04/11/2005;2.18;2.28;2.14;2.19;1491963;5137789.000
04/12/2005;2.17;2.20;2.11;2.11;993429;3327645.000
04/13/2005;2.11;2.18;2.11;2.17;935839;3151395.000
04/14/2005;2.18;2.24;2.14;2.15;1282218;4375681.000
04/15/2005;2.14;2.14;2.01;2.01;1006367;3235098.000
04/18/2005;1.92;2.08;1.92;2.03;427597;1354159.000
04/19/2005;2.02;2.10;2.00;2.10;544345;1743350.000
04/20/2005;2.08;2.08;1.99;2.00;427803;1346270.000
04/21/2005;1.99;2.02;1.94;1.95;570389;1756517.000
04/22/2005;1.96;1.98;1.86;1.90;528500;1587103.000
04/25/2005;1.92;1.93;1.85;1.86;511120;1488518.000
04/26/2005;1.86;1.93;1.81;1.90;402131;1181890.000
04/27/2005;1.92;1.93;1.83;1.85;458679;1357203.000
04/28/2005;1.66;1.85;1.66;1.84;989859;2774050.000
04/29/2005;1.79;1.82;1.73;1.74;742264;2048318.000
05/09/2005;1.73;1.74;1.70;1.73;533913;1434411.000
05/10/2005;1.77;1.90;1.77;1.90;1939288;5612704.000
05/11/2005;1.92;2.04;1.88;1.94;2680846;8169921.000
05/12/2005;1.89;1.95;1.86;1.91;853711;2541975.000
05/13/2005;1.87;1.95;1.87;1.94;670307;2003713.000
05/16/2005;1.92;1.97;1.89;1.94;775270;2344902.000
05/17/2005;1.95;1.95;1.90;1.91;616604;1847443.000
05/18/2005;1.89;1.92;1.88;1.92;522229;1550610.000
05/19/2005;1.91;1.94;1.90;1.93;559200;1675619.000
05/20/2005;1.94;1.94;1.82;1.85;543800;1612001.000
05/23/2005;1.81;1.83;1.68;1.73;741800;2028396.000
05/24/2005;1.71;1.83;1.71;1.81;470000;1310654.000
05/25/2005;1.79;1.88;1.76;1.88;787281;2274264.000
05/26/2005;1.92;2.04;1.88;1.89;1759410;5322397.000
05/30/2005;1.86;1.94;1.79;1.92;580590;1694881.000
05/31/2005;1.89;1.92;1.86;1.86;339200;1001846.000
06/01/2005;1.84;1.88;1.81;1.83;469900;1340097.000
06/02/2005;1.79;1.85;1.79;1.84;348456;992314.000
06/03/2005;1.83;1.88;1.82;1.83;281300;809123.000
06/06/2005;1.85;1.89;1.81;1.88;514315;1486537.000
06/07/2005;1.87;1.92;1.83;1.85;763600;2222111.000
06/08/2005;1.85;2.01;1.85;1.99;2110979;6406316.000
06/09/2005;1.99;2.06;1.95;2.05;3059440;9605913.000
06/10/2005;2.05;2.10;1.99;2.02;2324415;7392697.000
06/13/2005;2.04;2.05;1.94;2.03;2901881;9067778.000
06/14/2005;2.05;2.05;1.99;2.01;1425131;4490071.000
06/15/2005;2.03;2.10;2.01;2.08;4915725;15841421.000
06/16/2005;2.06;2.06;1.94;2.01;1680338;5213585.000
06/17/2005;2.01;2.02;1.92;1.96;1350754;4095870.000
06/20/2005;1.96;1.99;1.87;1.98;800170;2420997.000
06/21/2005;1.97;1.98;1.92;1.94;583592;1771041.000
06/22/2005;1.93;1.95;1.91;1.94;462078;1388983.000
06/23/2005;1.95;1.97;1.92;1.95;413678;1252564.000
06/24/2005;1.92;1.95;1.87;1.92;666086;1981229.000
06/27/2005;1.94;1.99;1.93;1.99;1162393;3556788.000
06/28/2005;1.95;1.97;1.90;1.91;474470;1424025.000
06/29/2005;1.91;1.94;1.84;1.85;668600;1954187.000
06/30/2005;1.84;1.84;1.76;1.77;620873;1739372.000
07/01/2005;1.77;1.79;1.71;1.71;467234;1272512.000
07/04/2005;1.70;1.70;1.54;1.65;724320;1808902.000
07/05/2005;1.60;1.66;1.50;1.54;726679;1803230.000
07/06/2005;1.57;1.64;1.55;1.56;766598;1890074.000
07/07/2005;1.58;1.59;1.55;1.57;430492;1057901.000
07/08/2005;1.56;1.56;1.51;1.52;470322;1127522.000
07/11/2005;1.55;1.62;1.52;1.52;339777;828677.000
07/12/2005;1.52;1.59;1.48;1.58;462913;1120425.000
07/13/2005;1.57;1.59;1.54;1.55;226801;552465.000
07/14/2005;1.54;1.57;1.52;1.55;281541;680587.000
07/15/2005;1.56;1.58;1.47;1.47;354700;838355.000
07/18/2005;1.45;1.45;1.39;1.40;573520;1264002.000
07/19/2005;1.41;1.44;1.37;1.42;256744;556291.000
07/20/2005;1.42;1.45;1.39;1.43;222400;492121.000
07/21/2005;1.43;1.48;1.38;1.46;338245;744167.000
07/22/2005;1.46;1.52;1.43;1.48;895431;2049562.000
07/25/2005;1.47;1.49;1.43;1.48;476816;1080682.000
07/26/2005;1.46;1.55;1.46;1.52;1076590;2532658.000
07/27/2005;1.52;1.54;1.48;1.54;502109;1181457.000
07/28/2005;1.54;1.57;1.52;1.54;1019915;2444398.000
07/29/2005;1.51;1.56;1.50;1.56;664970;1582126.000
08/01/2005;1.57;1.57;1.52;1.55;364299;865236.000
08/02/2005;1.54;1.59;1.52;1.57;925998;2238763.000
08/03/2005;1.57;1.66;1.57;1.60;1802929;4507443.000
08/04/2005;1.59;1.59;1.55;1.56;785915;1915528.000
08/05/2005;1.56;1.63;1.56;1.62;1349517;3350517.000
08/08/2005;1.65;1.67;1.61;1.64;1267397;3201205.000
08/09/2005;1.62;1.68;1.62;1.68;1212763;3109116.000
08/10/2005;1.68;1.70;1.63;1.70;1241198;3216908.000
08/11/2005;1.69;1.73;1.67;1.72;1638558;4317052.000
08/12/2005;1.71;1.75;1.65;1.66;1530652;4044525.000
08/15/2005;1.65;1.72;1.63;1.71;1126901;2923556.000
08/16/2005;1.72;1.77;1.68;1.75;1902100;5116850.000
08/17/2005;1.74;1.81;1.68;1.79;1556159;4220533.000
08/18/2005;1.79;1.97;1.78;1.89;8218628;24651328.000
08/19/2005;1.86;1.95;1.76;1.81;4215083;12163105.000
08/22/2005;1.79;1.83;1.75;1.81;1494076;4146996.000
08/23/2005;1.80;1.80;1.68;1.69;1991277;5299275.000
08/24/2005;1.71;1.74;1.68;1.70;1248373;3299736.000
08/25/2005;1.70;1.83;1.70;1.78;2275353;6236235.000
08/26/2005;1.75;1.90;1.75;1.88;3087809;8773335.000
08/29/2005;1.88;1.90;1.81;1.83;2271649;6428845.000
08/30/2005;1.81;1.82;1.75;1.76;1250567;3444400.000
08/31/2005;1.75;1.81;1.75;1.81;837726;2310659.000
09/01/2005;1.82;1.86;1.79;1.86;1541473;4405421.000
09/02/2005;1.86;1.89;1.84;1.87;1519690;4400701.000
09/05/2005;1.86;1.91;1.86;1.90;1092945;3201831.000
09/06/2005;1.91;2.00;1.86;1.97;4146261;12476021.000
09/07/2005;1.97;2.10;1.92;2.09;5024578;15797442.000
09/08/2005;2.12;2.19;2.01;2.04;5189346;16776677.000
09/09/2005;2.04;2.10;2.01;2.05;2250470;7215170.000
09/12/2005;2.05;2.05;1.97;1.99;1283885;3987888.000
09/13/2005;1.99;2.05;1.98;2.05;1322609;4127266.000
09/14/2005;2.06;2.09;2.04;2.06;1374650;4397666.000
09/15/2005;2.05;2.08;2.02;2.06;1212249;3844715.000
09/16/2005;2.06;2.08;2.04;2.07;897714;2861769.000
09/19/2005;2.09;2.09;2.05;2.08;1422270;4552362.000
09/20/2005;2.08;2.10;2.02;2.05;1735746;5502884.000
09/21/2005;2.07;2.07;1.99;2.00;1252900;3922389.000
09/22/2005;1.99;1.99;1.83;1.86;1816603;5352719.000
09/23/2005;1.81;1.87;1.78;1.81;796472;2265668.000
09/27/2005;1.77;1.82;1.75;1.75;821480;2263442.000
09/28/2005;1.75;1.80;1.75;1.79;684472;1878945.000
09/29/2005;1.86;1.97;1.86;1.97;1217338;3681312.000
09/30/2005;2.08;2.15;1.98;1.99;6639690;21218500.000
10/10/2005;1.96;1.96;1.86;1.89;1416103;4167959.000
10/11/2005;1.87;1.93;1.83;1.92;1055559;3079655.000
10/12/2005;1.92;1.92;1.87;1.90;941674;2769825.000
10/13/2005;1.90;1.90;1.85;1.87;865529;2510404.000
10/14/2005;1.87;1.90;1.83;1.88;684609;1978853.000
10/17/2005;1.85;1.88;1.82;1.84;639797;1820993.000
10/18/2005;1.78;1.86;1.78;1.86;1106409;3132929.000
10/19/2005;1.86;1.90;1.83;1.83;1164320;3356293.000
10/20/2005;1.82;1.86;1.81;1.85;766429;2179166.000
10/21/2005;1.85;1.88;1.84;1.87;898949;2597042.000
10/24/2005;1.85;1.89;1.84;1.87;678403;1957701.000
10/25/2005;1.86;1.87;1.80;1.80;740000;2100850.000
10/26/2005;1.79;1.81;1.68;1.69;930000;2526645.000
10/27/2005;1.60;1.70;1.60;1.65;553997;1427491.000
10/28/2005;1.65;1.68;1.57;1.60;751300;1885945.000
10/31/2005;1.59;1.66;1.59;1.63;370894;935562.000
11/01/2005;1.63;1.68;1.62;1.65;476570;1215723.000
11/02/2005;1.66;1.71;1.64;1.68;721243;1889889.000
11/03/2005;1.68;1.70;1.62;1.63;854850;2180071.000
11/04/2005;1.62;1.68;1.61;1.67;667430;1707045.000
11/07/2005;1.69;1.70;1.65;1.70;754323;1963963.000
11/08/2005;1.79;1.86;1.79;1.86;2477692;7131232.000
11/09/2005;1.90;1.92;1.79;1.79;4727154;13606021.000
11/10/2005;1.76;1.76;1.71;1.72;1327400;3565123.000
11/11/2005;1.70;1.76;1.69;1.75;816469;2196286.000
11/14/2005;1.72;1.75;1.72;1.75;622093;1670890.000
11/15/2005;1.75;1.76;1.71;1.71;555000;1493195.000
11/16/2005;1.70;1.76;1.66;1.75;713034;1881257.000
11/17/2005;1.75;1.75;1.72;1.74;557864;1502222.000
11/18/2005;1.74;1.80;1.73;1.78;1219558;3351853.000
11/21/2005;1.77;1.81;1.75;1.80;657200;1822177.000
11/22/2005;1.80;1.83;1.72;1.72;653400;1779481.000
11/23/2005;1.72;1.75;1.70;1.74;367800;986347.000
11/24/2005;1.73;1.78;1.72;1.75;357654;972800.000
11/25/2005;1.75;1.77;1.73;1.77;355214;966637.000
11/28/2005;1.77;1.77;1.74;1.75;301000;821143.000
11/29/2005;1.73;1.74;1.72;1.72;280300;750764.000
11/30/2005;1.72;1.75;1.70;1.72;284277;755714.000
12/01/2005;1.83;1.85;1.77;1.79;3282403;9200925.000
12/02/2005;1.74;1.79;1.73;1.75;682274;1853011.000
12/05/2005;1.74;1.74;1.65;1.65;756455;1985516.000
12/06/2005;1.63;1.70;1.61;1.65;545126;1390602.000
12/07/2005;1.66;1.68;1.64;1.68;268250;694721.000
12/08/2005;1.68;1.68;1.65;1.67;331700;855123.000
12/09/2005;1.67;1.72;1.65;1.70;450532;1173783.000
12/12/2005;1.70;1.73;1.68;1.72;436800;1160720.000
12/13/2005;1.71;1.72;1.67;1.72;413049;1084793.000
12/14/2005;1.68;1.74;1.68;1.73;485491;1291393.000
12/15/2005;1.73;1.74;1.71;1.72;326160;872017.000
12/16/2005;1.72;1.73;1.70;1.72;330500;878473.000
12/19/2005;1.70;1.74;1.70;1.74;337399;900650.000
12/20/2005;1.74;1.74;1.70;1.72;245300;653086.000
12/21/2005;1.74;1.74;1.67;1.69;460700;1214641.000
12/22/2005;1.68;1.70;1.67;1.69;285366;745797.000
12/23/2005;1.68;1.72;1.68;1.72;583408;1539230.000
12/26/2005;1.72;1.72;1.68;1.71;1065708;2813710.000
12/27/2005;1.71;1.71;1.68;1.70;435968;1143518.000
12/28/2005;1.69;1.70;1.68;1.69;381908;1001239.000
12/29/2005;1.69;1.72;1.69;1.72;782922;2070273.000
12/30/2005;1.71;1.73;1.66;1.68;764106;2000035.000
01/04/2006;1.68;1.70;1.66;1.69;680052;1765392.000
01/05/2006;1.68;1.72;1.68;1.70;1169187;3080639.000
01/06/2006;1.72;1.77;1.70;1.75;1772601;4778532.000
01/09/2006;1.76;1.84;1.75;1.81;2733763;7576506.000
01/10/2006;1.80;1.80;1.77;1.79;879143;2427183.000
01/11/2006;1.77;1.79;1.73;1.75;1126200;3066995.000
01/12/2006;1.74;1.81;1.74;1.81;1207460;3337623.000
01/13/2006;1.81;1.83;1.79;1.81;1336083;3746037.000
01/16/2006;1.81;1.83;1.77;1.78;970056;2695878.000
01/17/2006;1.77;1.78;1.75;1.78;492767;1348260.000
01/18/2006;1.77;1.81;1.76;1.81;817639;2273676.000
01/19/2006;1.81;1.83;1.78;1.83;1117178;3125503.000
01/20/2006;1.84;1.85;1.77;1.81;1196358;3374284.000
01/23/2006;1.84;1.84;1.75;1.78;1150960;3190982.000
01/24/2006;1.82;1.90;1.81;1.81;3127242;8979257.000
01/25/2006;1.68;1.80;1.65;1.71;2080514;5474371.000
02/06/2006;1.86;1.88;1.86;1.88;1169407;3414478.000
02/07/2006;2.02;2.05;1.91;1.92;8160102;24904508.000
02/08/2006;1.89;1.93;1.83;1.89;2446331;7106191.000
02/09/2006;1.89;1.90;1.85;1.88;918183;2665004.000
02/10/2006;1.90;1.90;1.86;1.88;959598;2793006.000
02/13/2006;1.86;1.87;1.84;1.86;814414;2339836.000
02/14/2006;1.85;1.87;1.85;1.86;705230;2033650.000
02/15/2006;1.86;1.91;1.86;1.90;1521810;4461488.000
02/16/2006;1.90;1.99;1.90;1.97;4692995;14201563.000
02/17/2006;1.96;2.06;1.91;1.98;3664323;11348276.000
02/20/2006;1.98;2.15;1.94;2.05;4397133;14119802.000
02/21/2006;2.03;2.09;1.95;2.05;2803154;8726827.000
02/22/2006;2.03;2.11;1.99;2.08;3220976;10278910.000
02/23/2006;2.07;2.09;2.03;2.04;2132356;6772976.000
02/28/2006;1.98;2.01;1.90;1.96;2438726;7347249.000
03/01/2006;1.95;2.00;1.92;1.98;1605072;4919158.000
03/02/2006;1.96;1.99;1.90;1.92;1220491;3677145.000
03/03/2006;1.90;1.92;1.84;1.89;1173380;3424940.000
03/06/2006;1.88;1.93;1.88;1.92;564399;1672726.000
03/07/2006;1.91;1.91;1.81;1.83;852560;2436103.000
03/08/2006;1.82;1.83;1.77;1.83;619029;1732527.000
03/09/2006;1.84;1.85;1.77;1.78;576700;1617255.000
03/10/2006;1.77;1.82;1.75;1.76;649036;1794193.000
03/13/2006;1.77;1.79;1.74;1.78;527895;1445527.000
03/14/2006;1.77;1.79;1.75;1.79;375196;1027714.000
03/15/2006;1.78;1.84;1.78;1.83;568816;1594000.000
03/16/2006;1.85;1.86;1.81;1.83;596839;1692692.000
03/17/2006;1.83;1.85;1.79;1.81;663206;1863103.000
03/20/2006;1.80;1.82;1.76;1.81;721769;1999847.000
03/21/2006;1.81;1.82;1.78;1.81;627540;1756803.000
03/22/2006;1.81;1.96;1.80;1.93;3650416;10874387.000
03/23/2006;1.91;1.92;1.87;1.92;1344479;3946526.000
03/24/2006;1.90;1.92;1.87;1.89;634041;1854408.000
03/27/2006;1.89;1.91;1.85;1.89;705924;2053679.000
03/28/2006;1.89;1.91;1.85;1.89;747639;2169935.000
03/29/2006;1.88;1.94;1.86;1.92;1546837;4577273.000
03/30/2006;1.90;1.91;1.86;1.88;797839;2328373.000
03/31/2006;1.88;1.89;1.84;1.86;641761;1847702.000
04/03/2006;1.87;1.90;1.85;1.89;820431;2384769.000
04/04/2006;1.89;1.91;1.85;1.90;1344740;3913927.000
04/05/2006;1.90;1.98;1.88;1.95;2084481;6264825.000
04/06/2006;1.94;1.97;1.90;1.92;1336811;3996294.000
04/07/2006;1.90;1.93;1.88;1.93;1393639;4128344.000
04/10/2006;1.92;1.97;1.90;1.97;1476817;4451190.000
04/11/2006;1.97;1.98;1.91;1.97;1961616;5928564.000
04/12/2006;2.00;2.08;2.00;2.04;4045959;12781739.000
04/13/2006;2.00;2.04;1.92;1.92;1967244;6021481.000
04/14/2006;1.92;1.97;1.88;1.94;1059272;3160486.000
04/17/2006;1.94;1.97;1.93;1.95;1147278;3462651.000
04/18/2006;1.95;1.95;1.90;1.92;1024484;3052562.000
04/19/2006;1.92;1.93;1.89;1.90;994959;2939880.000
04/20/2006;1.90;1.90;1.77;1.80;2130598;6035583.000
04/21/2006;1.80;1.82;1.77;1.82;1092295;3041439.000
04/24/2006;1.81;1.84;1.69;1.70;1512300;4069270.000
04/25/2006;1.68;1.70;1.63;1.69;1150625;2975013.000
04/26/2006;1.70;1.75;1.68;1.74;913961;2424887.000
04/27/2006;1.71;1.71;1.65;1.68;1015762;2640866.000
04/28/2006;1.68;1.71;1.65;1.68;1032731;2687962.000
05/08/2006;1.71;1.75;1.68;1.74;1315334;3482625.000
05/09/2006;1.74;1.79;1.71;1.79;1758005;4773212.000
05/10/2006;1.77;1.83;1.75;1.81;1743155;4873773.000
05/11/2006;1.82;1.90;1.82;1.83;2203662;6364086.000
05/12/2006;1.81;1.91;1.79;1.90;3273949;9491494.000
05/15/2006;1.90;1.97;1.87;1.96;3266838;9753571.000
05/16/2006;1.97;1.97;1.87;1.92;3404976;10045603.000
05/17/2006;1.92;2.11;1.87;2.11;8818733;28232976.000
05/18/2006;2.06;2.13;2.05;2.10;3598543;11627339.000
05/19/2006;2.10;2.29;2.05;2.16;5553610;18758980.000
05/22/2006;2.16;2.38;2.12;2.25;5111174;18176984.000
05/23/2006;2.25;2.25;2.06;2.08;3724866;12364224.000
05/24/2006;2.08;2.15;1.96;2.01;2402975;7622171.000
05/25/2006;2.02;2.21;2.01;2.21;5056329;17120032.000
05/26/2006;2.25;2.32;2.17;2.24;4624419;16025691.000
05/29/2006;2.22;2.42;2.19;2.37;4131982;14937649.000
05/30/2006;2.34;2.45;2.28;2.41;4291213;15612184.000
05/31/2006;2.39;2.50;2.35;2.37;4537180;17038884.000
06/01/2006;2.36;2.51;2.35;2.49;3938890;15035526.000
06/02/2006;2.50;2.70;2.50;2.60;5641063;22940246.000
06/05/2006;2.59;2.81;2.55;2.77;3424119;14408909.000
06/06/2006;2.71;2.84;2.68;2.72;3332895;14215024.000
06/07/2006;2.72;2.81;2.45;2.45;4580360;18461410.000
06/08/2006;2.39;2.45;2.24;2.37;3738428;13520232.000
06/09/2006;2.35;2.43;2.27;2.28;2055219;7480030.000
06/12/2006;2.26;2.29;2.19;2.27;1294910;4508419.000
06/13/2006;2.28;2.34;2.24;2.30;1100197;3926267.000
06/14/2006;2.28;2.29;2.21;2.26;1103149;3825098.000
06/15/2006;2.25;2.34;2.25;2.28;1320413;4679152.000
06/16/2006;2.29;2.34;2.28;2.33;1423786;5107420.000
06/19/2006;2.32;2.44;2.28;2.39;2218683;8114363.000
06/20/2006;2.32;2.39;2.30;2.37;1748023;6343652.000
06/21/2006;2.35;2.37;2.31;2.34;1161089;4219008.000
06/22/2006;2.33;2.44;2.31;2.39;1983580;7303156.000
06/23/2006;2.37;2.41;2.33;2.39;1476141;5425316.000
07/03/2006;2.46;2.48;2.31;2.41;2999383;11059378.000
07/04/2006;2.42;2.48;2.39;2.47;3306536;12446124.000
07/05/2006;2.46;2.46;2.37;2.38;1542872;5750985.000
07/06/2006;2.37;2.44;2.35;2.42;1414112;5289973.000
07/07/2006;2.42;2.50;2.40;2.48;2425277;9198526.000
07/10/2006;2.48;2.65;2.45;2.59;3315448;13142444.000
07/11/2006;2.58;2.68;2.56;2.62;2162608;8831637.000
07/12/2006;2.62;2.72;2.62;2.64;2676791;11080068.000
07/13/2006;2.63;2.63;2.37;2.37;3863200;14688644.000
07/14/2006;2.35;2.45;2.28;2.44;1810140;6684612.000
07/17/2006;2.44;2.46;2.37;2.45;1025176;3873169.000
07/18/2006;2.46;2.70;2.44;2.70;7980950;32900456.000
07/19/2006;2.72;2.75;2.57;2.61;4599870;18904756.000
07/20/2006;2.68;2.72;2.61;2.69;3125779;12922659.000
07/21/2006;2.68;2.83;2.65;2.77;5974407;25159232.000
07/24/2006;2.70;2.93;2.65;2.87;5410291;23435150.000
07/25/2006;2.84;2.98;2.82;2.86;4396101;19864872.000
07/26/2006;2.90;3.14;2.85;3.14;9765856;47007216.000
07/27/2006;3.08;3.21;3.05;3.15;3985272;19431062.000
07/28/2006;3.10;3.15;2.97;2.99;3916871;18396652.000
07/31/2006;2.95;3.09;2.95;2.99;2981419;13898651.000
08/01/2006;2.99;3.08;2.70;2.74;2783040;12383614.000
08/02/2006;2.74;2.83;2.62;2.72;1937251;8143087.000
08/03/2006;2.67;2.76;2.67;2.71;655200;2765816.000
08/04/2006;2.74;2.76;2.64;2.68;975002;4078568.000
08/07/2006;2.65;2.66;2.41;2.45;2301700;8891133.000
08/08/2006;2.51;2.52;2.31;2.48;2874371;10638496.000
08/09/2006;2.46;2.46;2.38;2.41;1051445;3935392.000
08/10/2006;2.42;2.55;2.42;2.54;1305497;5040812.000
08/11/2006;2.55;2.61;2.52;2.55;1155840;4605286.000
08/14/2006;2.52;2.70;2.42;2.55;1460717;5909291.000
08/15/2006;2.54;2.66;2.54;2.66;611957;2475610.000
08/16/2006;2.65;2.68;2.58;2.67;1169340;4774758.000
08/17/2006;2.63;2.65;2.59;2.62;818397;3305350.000
08/18/2006;2.61;2.63;2.54;2.55;777600;3106211.000
08/21/2006;2.44;2.61;2.40;2.59;656318;2545044.000
08/22/2006;2.59;2.61;2.54;2.57;581537;2324116.000
08/23/2006;2.57;2.62;2.54;2.58;631351;2522251.000
08/24/2006;2.61;2.61;2.54;2.56;580644;2314135.000
08/25/2006;2.63;2.65;2.59;2.61;1338108;5427732.000
08/28/2006;2.66;2.79;2.61;2.74;2037117;8456474.000
08/29/2006;2.73;2.80;2.66;2.69;1769500;7494937.000
08/30/2006;2.69;2.73;2.65;2.73;799138;3347617.000
08/31/2006;2.74;2.76;2.70;2.73;856450;3619844.000
09/01/2006;2.71;2.81;2.66;2.76;1820534;7742134.000
09/04/2006;2.75;2.82;2.70;2.80;1409591;6049498.000
09/05/2006;2.85;2.85;2.76;2.77;1048639;4531778.000
09/06/2006;2.78;2.79;2.70;2.76;869812;3685493.000
09/07/2006;2.74;2.75;2.65;2.65;1158100;4801176.000
09/08/2006;2.65;2.74;2.62;2.66;424616;1765706.000
09/11/2006;2.68;2.79;2.65;2.76;1519122;6472031.000
09/12/2006;2.76;2.79;2.72;2.75;1082586;4624703.000
09/13/2006;2.74;2.75;2.67;2.68;542663;2282641.000
09/14/2006;2.70;2.77;2.68;2.74;500425;2106494.000
09/15/2006;2.77;3.01;2.77;2.90;4179766;18930226.000
10/10/2006;3.19;3.19;3.04;3.06;9026710;44014484.000
10/11/2006;3.06;3.06;2.87;2.93;5261206;23938612.000
10/12/2006;2.95;3.02;2.90;2.95;4467295;20537796.000
11/02/2006;2.98;2.98;2.80;2.86;8318652;23810806.000
11/03/2006;2.80;2.89;2.78;2.89;5582908;15788283.000
11/06/2006;2.82;3.14;2.80;2.98;8666503;26002010.000
11/07/2006;2.96;3.10;2.91;3.04;7480025;22583854.000
11/08/2006;3.05;3.10;2.96;3.04;7951202;24143148.000
11/09/2006;3.01;3.05;2.92;3.00;6200834;18397878.000
11/10/2006;3.00;3.01;2.79;2.82;4846896;13966762.000
11/13/2006;2.82;2.84;2.60;2.64;3955755;10683194.000
11/14/2006;2.56;2.77;2.56;2.75;2890442;7712051.000
11/15/2006;2.75;2.85;2.67;2.80;2891525;8017258.000
11/16/2006;2.80;2.84;2.68;2.69;2827265;7805364.000
11/17/2006;2.70;2.75;2.60;2.69;1699497;4575183.000
11/20/2006;2.65;2.73;2.56;2.62;2444968;6395756.000
11/21/2006;2.60;2.63;2.54;2.62;3083642;7940046.000
11/22/2006;2.62;2.65;2.55;2.64;2335953;6077642.000
11/23/2006;2.62;2.64;2.58;2.63;2296433;5984514.000
11/24/2006;2.63;2.82;2.61;2.77;5745394;15818742.000
11/27/2006;2.75;2.79;2.71;2.78;1903445;5243113.000
11/28/2006;2.77;2.80;2.72;2.76;2004293;5514859.000
11/29/2006;2.73;2.76;2.67;2.75;2507977;6808793.000
11/30/2006;2.75;2.84;2.75;2.83;4399198;12304014.000
12/01/2006;2.82;2.83;2.76;2.77;2342519;6521204.000
12/04/2006;2.77;2.87;2.73;2.84;4377013;12310745.000
12/06/2006;2.84;2.90;2.71;2.78;4307809;12046539.000
12/07/2006;2.75;2.86;2.74;2.80;4880962;13677506.000
12/08/2006;2.80;2.98;2.76;2.84;9885317;28421520.000
12/11/2006;2.86;3.08;2.85;3.07;11664493;34615832.000
12/12/2006;3.10;3.10;2.94;2.98;6406734;19097450.000
12/13/2006;2.98;2.98;2.85;2.88;4211952;12169619.000
12/14/2006;2.86;2.96;2.83;2.94;3907630;11338908.000
12/15/2006;2.92;3.05;2.90;3.04;5229095;15477813.000
12/18/2006;3.02;3.06;2.98;3.06;6712294;20313572.000
12/19/2006;3.06;3.17;2.95;3.14;13627521;42141968.000
12/20/2006;3.07;3.22;3.00;3.16;11055631;34508592.000
12/21/2006;3.14;3.47;3.12;3.32;17232058;57385592.000
12/22/2006;3.29;3.32;3.14;3.16;8307026;26680482.000
12/26/2006;3.20;3.26;3.02;3.09;5893880;18268342.000
12/27/2006;3.09;3.11;2.99;3.09;3636608;11067368.000
12/28/2006;3.07;3.10;2.95;2.97;3507930;10529174.000
12/29/2006;2.98;3.06;2.93;3.00;3270929;9850490.000
01/04/2007;3.00;3.08;2.96;3.02;5814133;17504854.000
01/05/2007;3.02;3.15;2.97;3.13;4857144;15021373.000
01/08/2007;3.12;3.27;3.10;3.25;5495826;17649898.000
01/09/2007;3.28;3.45;3.20;3.41;9455739;31420096.000
01/10/2007;3.43;3.54;3.35;3.50;11024863;37959624.000
01/11/2007;3.51;3.63;3.41;3.46;9763719;34194252.000
01/12/2007;3.40;3.63;3.37;3.37;9098753;31844816.000
01/15/2007;3.34;3.52;3.32;3.50;5826692;20104828.000
01/16/2007;3.54;3.58;3.37;3.49;6359972;21959552.000
01/17/2007;3.50;3.84;3.40;3.84;14173468;50672224.000
01/18/2007;3.78;3.94;3.61;3.78;13461317;50637420.000
01/19/2007;3.78;3.98;3.74;3.90;9553424;36957272.000
01/22/2007;3.90;4.07;3.84;4.04;8933371;35506272.000
01/23/2007;4.02;4.39;3.89;4.22;14602560;59950940.000
01/24/2007;4.27;4.27;4.04;4.13;11075735;46035708.000
01/25/2007;4.10;4.10;3.79;3.80;8415211;33085008.000
01/26/2007;3.69;3.80;3.52;3.70;6212972;22651044.000
01/29/2007;3.71;3.90;3.71;3.90;4963207;18898032.000
01/30/2007;3.91;3.95;3.80;3.84;5669695;22045580.000
01/31/2007;3.80;4.05;3.59;3.63;6769647;26197866.000
02/01/2007;3.55;3.70;3.51;3.65;4533222;16368112.000
02/02/2007;3.66;3.76;3.60;3.63;3679286;13529720.000
02/05/2007;3.66;3.94;3.55;3.92;6707019;25512972.000
02/06/2007;3.94;4.09;3.86;4.08;8898644;35576236.000
02/07/2007;4.10;4.10;3.95;4.03;6303178;25296124.000
02/08/2007;4.02;4.36;3.95;4.28;9162124;37887156.000
02/09/2007;4.36;4.56;4.24;4.43;16915425;75038512.000
02/12/2007;4.45;4.46;4.31;4.45;7400189;32461064.000
02/13/2007;4.45;4.45;4.33;4.40;4230249;18521360.000
02/14/2007;4.39;4.61;4.35;4.48;6072188;27077152.000
02/16/2007;4.63;4.73;4.51;4.52;7335641;33674968.000
02/26/2007;4.50;4.73;4.36;4.70;7559169;34681496.000
02/27/2007;4.68;5.05;4.64;4.70;24157888;116822328.000
02/28/2007;4.69;5.17;4.69;5.17;21620724;106949432.000
03/01/2007;5.20;5.67;5.07;5.54;21966044;117606936.000
03/05/2007;6.09;6.09;5.20;5.42;13306517;74033008.000
03/06/2007;5.33;5.58;5.16;5.27;7134868;37823000.000
03/07/2007;5.30;5.40;5.23;5.37;5417788;28845000.000
03/08/2007;5.08;5.55;5.08;5.46;13743782;72892520.000
03/09/2007;5.43;5.43;5.25;5.31;6882832;36723276.000
03/12/2007;5.31;5.53;5.15;5.48;8890323;47390748.000
03/13/2007;5.50;5.72;5.50;5.67;7895302;44336284.000
03/14/2007;5.55;5.85;5.35;5.72;8086106;45012904.000
03/15/2007;5.66;5.91;5.63;5.89;8399254;48549208.000
03/16/2007;5.91;5.99;5.50;5.53;8728668;50244660.000
03/19/2007;5.36;5.68;5.25;5.46;7323907;39878192.000
03/20/2007;5.56;5.82;5.46;5.77;6666035;37840312.000
03/21/2007;5.92;5.95;5.70;5.78;10377657;60334476.000
03/22/2007;5.80;5.99;5.70;5.76;9509669;55245544.000
03/23/2007;5.78;6.06;5.73;6.02;10093987;59748716.000
03/26/2007;6.08;6.30;6.02;6.20;7677140;47416488.000
03/27/2007;6.20;6.24;6.05;6.20;6646571;40895272.000
03/28/2007;6.21;6.47;5.88;6.43;13160479;83003592.000
03/29/2007;6.40;6.42;5.88;5.89;8563978;52726472.000
03/30/2007;5.85;6.05;5.73;5.89;4384381;25882584.000
04/02/2007;5.94;6.07;5.81;5.98;3807345;22642266.000
04/03/2007;5.99;6.52;5.90;6.41;8959318;55679824.000
04/04/2007;6.39;6.94;6.26;6.60;13923529;92502976.000
04/05/2007;6.57;6.78;6.45;6.62;6368273;42008192.000
04/06/2007;6.51;6.78;6.45;6.66;5340671;35575068.000
04/09/2007;6.68;6.80;6.65;6.72;7720961;51840068.000
04/10/2007;6.72;6.76;6.30;6.61;7840336;51711668.000
04/11/2007;6.60;6.65;6.40;6.58;7653045;49878792.000
04/12/2007;6.58;6.92;6.55;6.82;9481903;64124232.000
04/13/2007;6.88;7.14;6.68;6.82;11925742;83523344.000
04/16/2007;6.89;7.29;6.89;7.18;9590565;68471480.000
04/17/2007;7.22;7.45;6.97;7.41;10600699;75960432.000
04/18/2007;7.38;8.15;7.15;8.15;17139901;133411168.000
04/20/2007;7.60;8.60;7.55;8.37;16989144;139498608.000
04/23/2007;8.40;8.88;8.20;8.86;13990951;120199256.000
04/24/2007;9.00;9.28;8.60;8.75;26151183;234558288.000
04/25/2007;8.58;8.65;7.93;8.35;11153793;92381336.000
04/26/2007;8.39;8.59;8.05;8.45;8883552;73778536.000
04/27/2007;8.40;8.40;8.07;8.09;7910582;64511168.000
05/08/2007;7.69;7.69;7.69;7.69;3783600;29095884.000
05/09/2007;7.40;8.07;7.40;8.07;17521654;134895344.000
05/10/2007;7.90;8.26;7.87;7.95;9645207;77800496.000
05/11/2007;7.90;8.25;7.72;8.22;8256138;66929012.000
05/14/2007;8.10;8.63;8.01;8.63;8417464;71188168.000
05/15/2007;8.87;9.02;8.64;8.72;11390359;100868928.000
05/16/2007;8.78;9.05;8.67;8.86;7336831;64694704.000
05/17/2007;8.86;9.30;8.85;9.30;7652796;70630864.000
05/18/2007;9.69;9.77;9.50;9.77;3910293;37887384.000
05/21/2007;9.91;10.26;9.91;10.26;2150852;21795094.000
05/23/2007;10.77;10.77;10.77;10.77;483625;5208641.000
05/24/2007;11.31;11.31;10.23;10.28;20262189;212393728.000
05/25/2007;10.18;10.19;9.77;9.77;10269498;100945336.000
05/28/2007;9.82;10.26;9.82;10.13;5477739;56044640.000
05/29/2007;10.15;10.19;9.62;9.83;14139825;138437232.000
05/30/2007;9.34;9.57;9.34;9.34;4846693;45409576.000
05/31/2007;8.87;9.01;8.87;8.87;2381400;21136796.000
06/01/2007;8.43;8.65;8.43;8.43;4784825;40398792.000
06/04/2007;8.01;8.01;8.01;8.01;334300;2677743.000
06/05/2007;7.61;7.61;7.61;7.61;125500;955055.000
06/06/2007;7.23;7.95;7.23;7.23;11858661;87858264.000
06/07/2007;7.08;7.50;6.87;7.41;10475406;74483656.000
06/08/2007;7.46;7.74;7.37;7.60;7586997;57447588.000
06/11/2007;7.58;7.76;7.22;7.23;8400450;61483824.000
06/12/2007;7.07;7.59;6.87;7.58;10648413;74758200.000
06/13/2007;7.66;7.96;7.38;7.96;8180517;63971264.000
06/14/2007;8.36;8.36;7.98;8.14;14382392;118405496.000
06/15/2007;8.00;8.30;7.73;7.79;9745135;77355392.000
06/18/2007;7.91;8.05;7.58;7.89;6359062;49715368.000
06/19/2007;7.85;7.96;7.66;7.95;4534473;35591624.000
06/20/2007;8.00;8.03;7.64;7.74;5783620;45020648.000
06/21/2007;7.72;7.87;7.35;7.41;6648004;49997652.000
06/22/2007;7.35;7.35;7.04;7.04;3816276;27073068.000
06/25/2007;6.71;6.89;6.69;6.69;3852199;25842160.000
06/26/2007;6.36;6.40;6.36;6.36;1437800;9150928.000
06/27/2007;6.05;6.38;6.05;6.23;5856559;36186664.000
06/28/2007;6.23;6.35;5.92;5.92;3897553;23956260.000
06/29/2007;5.62;5.70;5.62;5.62;1707200;9597646.000
07/02/2007;5.34;5.80;5.34;5.43;3694507;19775852.000
07/03/2007;5.50;5.64;5.18;5.55;4152479;22396616.000
07/04/2007;5.57;5.61;5.36;5.37;2400348;13135588.000
07/05/2007;5.44;5.58;5.27;5.39;4408160;24026940.000
07/06/2007;5.36;5.66;5.30;5.66;3981232;21841014.000
07/09/2007;5.71;5.94;5.58;5.92;5804563;34159240.000
07/10/2007;6.00;6.00;5.70;5.70;3190547;18502468.000
07/11/2007;5.66;5.66;5.42;5.58;3327069;18313624.000
07/12/2007;5.55;5.65;5.40;5.45;2298229;12600071.000
07/13/2007;5.45;5.62;5.44;5.61;1658138;9133457.000
07/16/2007;5.62;5.89;5.58;5.72;2909325;16684856.000
07/17/2007;5.74;5.85;5.71;5.78;1643689;9490591.000
07/18/2007;5.71;5.85;5.65;5.73;1906858;11014284.000
07/19/2007;5.78;6.02;5.75;6.02;4282916;25672724.000
07/20/2007;6.07;6.25;5.98;6.18;3342756;20392380.000
07/23/2007;6.16;6.39;6.12;6.37;3867465;24249170.000
07/24/2007;6.36;6.43;6.22;6.30;2455063;15477250.000
07/25/2007;6.30;6.32;5.99;6.20;8319283;50447812.000
07/26/2007;6.10;6.40;6.08;6.38;4916936;30673884.000
07/27/2007;6.31;6.58;6.21;6.44;3439730;22113480.000
07/30/2007;6.46;6.76;6.46;6.76;5010521;33775064.000
07/31/2007;6.79;7.08;6.68;6.89;4427365;30513202.000
08/01/2007;6.89;6.93;6.55;6.55;4052041;26968776.000
08/02/2007;6.45;6.62;6.22;6.43;3930420;25194938.000
08/03/2007;6.43;6.60;6.34;6.55;3203393;20718334.000
08/06/2007;6.55;6.62;6.40;6.46;3363419;21795082.000
08/07/2007;6.46;6.58;6.35;6.38;2669122;17262550.000
08/08/2007;6.39;6.49;6.17;6.41;2180750;13902522.000
08/09/2007;6.41;6.73;6.39;6.73;4053667;26620340.000
08/10/2007;6.97;7.01;6.48;6.57;4473184;30113524.000
08/13/2007;6.55;6.90;6.38;6.90;5031452;34350516.000
08/14/2007;7.05;7.25;7.01;7.25;3105643;22388824.000
08/15/2007;7.59;7.61;7.01;7.19;7544364;55500920.000
08/16/2007;7.20;7.50;7.10;7.19;3684913;26866992.000
08/17/2007;7.19;7.39;7.01;7.15;3450547;24771116.000
08/20/2007;7.20;7.51;7.19;7.51;3635737;27086300.000
08/21/2007;7.75;7.88;7.55;7.70;4583978;35351360.000
08/22/2007;7.70;8.09;7.60;8.09;3885132;31172556.000
08/23/2007;8.49;8.49;8.31;8.49;4758768;40349848.000
08/24/2007;8.91;8.91;8.88;8.91;2616996;23317212.000
08/27/2007;9.36;9.36;8.46;8.46;11273741;98875872.000
08/28/2007;8.20;8.29;8.04;8.04;8027015;64793220.000
08/29/2007;8.11;8.44;8.11;8.44;2405710;20179560.000
08/30/2007;8.86;8.86;8.44;8.86;12202542;107313264.000
08/31/2007;8.85;9.30;8.58;9.14;8076032;73233416.000
09/03/2007;9.38;9.50;9.01;9.10;5334399;49066084.000
09/04/2007;9.10;9.20;8.73;8.81;3757412;33275508.000
09/05/2007;8.91;9.24;8.80;9.07;3993438;36161376.000
09/06/2007;9.10;9.25;8.90;8.92;3898683;35104116.000
09/07/2007;8.90;8.90;8.47;8.47;6561045;55853108.000
09/10/2007;8.20;8.89;8.05;8.85;6959875;59385168.000
09/12/2007;8.41;8.68;8.41;8.41;4057353;34227480.000
09/13/2007;8.40;8.66;8.25;8.40;3276029;27806444.000
09/14/2007;8.55;8.60;8.21;8.44;2735908;22898118.000
09/17/2007;8.43;8.86;8.29;8.86;5210065;45382712.000
09/18/2007;9.00;9.10;8.61;8.80;3445573;30543328.000
09/19/2007;8.82;9.24;8.70;9.24;6271350;56780260.000
09/20/2007;9.43;9.70;9.21;9.70;7317655;69729288.000
09/21/2007;9.88;10.18;9.58;9.92;6597163;65396760.000
09/24/2007;9.92;10.09;9.42;9.47;3877545;37574492.000
09/25/2007;9.40;9.70;9.15;9.31;2875665;26948588.000
09/26/2007;9.30;9.51;9.19;9.36;2430526;22580578.000
09/28/2007;9.66;9.83;9.66;9.83;1119074;10986662.000
10/08/2007;10.27;10.27;9.60;9.67;3664992;36508260.000
10/09/2007;9.68;9.78;9.25;9.39;2303104;21665344.000
10/10/2007;9.37;9.50;9.09;9.25;2591277;23941772.000
10/11/2007;9.12;9.41;8.93;9.00;2883466;26262824.000
10/12/2007;9.00;9.00;8.55;8.77;3702623;31900276.000
10/15/2007;8.77;8.90;8.34;8.43;2322467;19863156.000
10/16/2007;8.50;8.85;8.31;8.85;2233243;19649192.000
10/17/2007;9.29;9.29;9.10;9.29;2002038;18587728.000
10/18/2007;9.59;9.66;8.84;9.63;5393279;50429612.000
01/14/2008;10.11;10.11;10.11;10.11;71963;727546.000
01/15/2008;10.62;10.62;10.62;10.62;328700;3490794.000
01/16/2008;11.15;11.15;10.81;11.15;13983450;155072528.000
01/17/2008;11.60;11.60;10.70;11.40;10012790;112984856.000
01/18/2008;11.20;11.40;10.83;10.83;4456129;48836180.000
01/21/2008;10.53;10.53;10.29;10.29;1886200;19437832.000
01/22/2008;9.78;9.78;9.78;9.78;175800;1719324.000
01/23/2008;9.29;9.30;9.29;9.29;766500;7120786.000
01/24/2008;9.01;9.75;8.83;9.60;6608919;60376428.000
01/25/2008;9.36;9.58;9.12;9.12;4090177;37750432.000
01/28/2008;8.88;8.98;8.66;8.66;1064600;9252854.000
01/29/2008;8.23;8.46;8.23;8.27;4172175;34433220.000
01/30/2008;8.41;8.44;7.86;7.93;2885725;23296684.000
01/31/2008;8.00;8.00;7.58;7.73;1648666;12765342.000
02/01/2008;7.68;7.79;7.34;7.34;1747720;13014660.000
02/04/2008;7.40;7.71;7.40;7.71;2264949;17282892.000
02/05/2008;7.71;7.99;7.65;7.83;1528351;12033245.000
02/13/2008;7.82;8.15;7.50;7.90;1154452;9050502.000
02/14/2008;7.95;8.30;7.89;8.30;2068702;16997144.000
02/15/2008;8.25;8.29;8.00;8.23;1398185;11356343.000
02/18/2008;8.31;8.45;8.10;8.36;1853338;15458053.000
02/19/2008;8.31;8.43;8.26;8.34;1503866;12526713.000
02/20/2008;8.34;8.39;8.13;8.24;2423267;19967976.000
02/21/2008;8.11;8.23;7.98;8.18;1917973;15531970.000
02/22/2008;8.13;8.15;7.77;7.77;2450129;19341888.000
02/25/2008;7.80;7.89;7.41;7.42;1569944;11835345.000
02/26/2008;7.50;7.67;7.39;7.63;1560033;11710210.000
02/27/2008;7.63;7.90;7.62;7.88;1142264;8885177.000
02/28/2008;7.89;8.10;7.80;8.04;1222779;9684120.000
02/29/2008;8.04;8.44;8.00;8.39;4850201;40432172.000
03/03/2008;8.23;8.48;8.20;8.37;2594594;21637526.000
03/04/2008;8.35;8.55;8.25;8.30;1921852;16019393.000
03/05/2008;8.28;8.40;8.01;8.23;1689602;13928598.000
03/06/2008;8.20;8.41;8.15;8.40;2196731;18219516.000
03/07/2008;8.41;8.48;8.17;8.27;1119952;9314874.000
03/10/2008;8.18;8.27;7.86;7.87;1740504;13868373.000
03/11/2008;7.75;7.98;7.55;7.94;1140848;8867291.000
03/12/2008;8.06;8.07;7.71;7.75;1029325;8117822.000
03/13/2008;7.67;8.00;7.51;7.72;1550293;11991788.000
03/14/2008;7.78;7.82;7.55;7.61;556272;4251817.000
03/17/2008;7.65;7.65;7.23;7.23;1300723;9468125.000
03/18/2008;6.96;7.00;6.87;6.87;818800;5630828.000
03/19/2008;6.54;6.94;6.53;6.62;3155466;20929326.000
03/20/2008;6.29;6.95;6.29;6.80;1754941;11454818.000
03/21/2008;6.76;6.99;6.68;6.89;1708433;11679301.000
03/24/2008;6.99;7.05;6.69;6.74;1543249;10706023.000
03/25/2008;6.54;6.81;6.47;6.74;1079922;7164302.000
03/26/2008;6.79;6.90;6.70;6.79;938342;6393875.000
03/27/2008;6.79;6.79;6.45;6.45;1215100;8002746.000
03/28/2008;6.40;6.50;6.13;6.40;1725751;10741735.000
03/31/2008;6.30;6.30;6.08;6.08;1846154;11280873.000
04/01/2008;6.13;6.13;5.78;5.78;1007400;5841137.000
04/02/2008;5.60;5.74;5.49;5.49;1490513;8217165.000
04/03/2008;5.25;5.40;5.22;5.32;2070489;10867112.000
04/07/2008;5.59;5.59;5.43;5.59;2509908;13891365.000
04/08/2008;5.71;5.87;5.60;5.80;2474095;14326896.000
04/09/2008;5.78;5.85;5.51;5.51;1820490;10269955.000
04/10/2008;5.35;5.53;5.23;5.43;1747629;9372457.000
04/11/2008;5.43;5.70;5.43;5.70;2041226;11525274.000
04/14/2008;5.55;5.76;5.42;5.42;1985292;10993773.000
04/15/2008;5.31;5.48;5.18;5.48;908100;4819525.000
04/16/2008;5.47;5.47;5.27;5.31;573760;3079392.000
04/17/2008;5.19;5.41;5.04;5.04;1795213;9254995.000
04/18/2008;5.00;5.00;4.79;4.79;1710484;8213115.000
04/21/2008;5.03;5.03;4.55;4.57;2194326;10454188.000
04/23/2008;4.67;4.80;4.50;4.80;1013098;4810246.000
04/24/2008;5.04;5.04;5.04;5.04;570299;2874307.000
04/25/2008;5.19;5.28;4.99;5.14;4347477;22338066.000
04/29/2008;5.14;5.40;5.08;5.39;2408091;12744841.000
04/30/2008;5.38;5.66;5.31;5.66;3755333;20830448.000
05/05/2008;5.66;5.72;5.50;5.67;2543374;14214864.000
05/06/2008;5.65;5.74;5.50;5.57;2265743;12696672.000
05/07/2008;5.53;5.72;5.29;5.29;2121822;11789418.000
05/08/2008;5.21;5.55;5.20;5.48;1566759;8347260.000
05/09/2008;5.49;5.57;5.22;5.34;1578526;8507036.000
05/12/2008;5.32;5.38;5.10;5.35;1512322;7950899.000
05/13/2008;5.13;5.33;5.11;5.30;1803703;9437224.000
05/14/2008;5.16;5.57;5.16;5.57;2626151;14342591.000
05/15/2008;5.63;5.71;5.49;5.50;2902752;16290205.000
05/16/2008;5.49;5.65;5.45;5.56;1893851;10529470.000
05/19/2008;5.55;5.56;5.45;5.54;1016323;5595291.000
05/20/2008;5.53;5.58;5.26;5.26;2005150;10743219.000
05/21/2008;5.06;5.27;5.00;5.20;2044929;10310918.000
05/22/2008;5.19;5.19;5.04;5.08;1336949;6846101.000
05/23/2008;5.10;5.18;4.95;5.13;1238701;6289892.000
05/26/2008;5.11;5.13;4.94;4.96;1326426;6636154.000
05/27/2008;4.91;5.00;4.91;4.99;577934;2865103.000
05/28/2008;4.99;5.19;4.95;5.16;1833517;9322143.000
05/29/2008;5.17;5.17;4.90;4.93;1206712;6078266.000
05/30/2008;4.98;5.03;4.88;4.97;774629;3823964.000
06/02/2008;4.95;5.10;4.93;5.04;790230;3975657.000
06/03/2008;5.06;5.10;5.01;5.10;793194;4018148.000
06/04/2008;5.10;5.33;5.06;5.14;1980272;10274404.000
06/05/2008;5.16;5.16;5.00;5.09;804991;4084218.000
06/10/2008;4.90;4.90;4.84;4.84;433300;2098575.000
06/11/2008;4.60;4.60;4.60;4.60;200900;924140.000
06/12/2008;4.37;4.48;4.37;4.37;1292440;5658145.000
06/13/2008;4.20;4.37;4.15;4.15;1207095;5039270.000
06/16/2008;4.06;4.18;3.94;3.98;1675571;6660073.000
06/17/2008;4.01;4.01;3.78;3.78;1209704;4679477.000
06/19/2008;3.97;3.97;3.79;3.80;5919993;23309888.000
06/20/2008;3.61;3.88;3.61;3.61;4092832;15013482.000
06/23/2008;3.45;3.56;3.43;3.43;1811683;6253939.000
06/24/2008;3.27;3.52;3.27;3.50;1293272;4456270.000
06/25/2008;3.49;3.68;3.47;3.68;2285784;8272594.000
06/26/2008;3.68;3.76;3.60;3.70;1882685;6919760.000
06/27/2008;3.62;3.62;3.52;3.52;831750;2936369.000
07/01/2008;3.36;3.44;3.34;3.34;1344697;4530558.000
07/02/2008;3.36;3.43;3.28;3.41;695009;2347975.000
07/03/2008;3.34;3.53;3.30;3.51;1351320;4666764.000
07/04/2008;3.47;3.54;3.45;3.51;925900;3237387.000
07/07/2008;3.52;3.68;3.43;3.66;1503750;5449072.000
07/08/2008;3.68;3.75;3.62;3.73;1447009;5317221.000
07/09/2008;3.73;3.85;3.71;3.83;2241202;8475451.000
07/10/2008;3.80;3.86;3.74;3.77;1597806;6072276.000
07/11/2008;3.78;3.81;3.60;3.69;1242798;4585587.000
07/14/2008;3.69;3.77;3.61;3.76;2046105;7539776.000
07/15/2008;3.76;3.82;3.59;3.60;2641741;9809520.000
07/16/2008;3.58;3.58;3.42;3.42;1652200;5715477.000
07/17/2008;3.42;3.49;3.33;3.34;1793787;6080907.000
07/18/2008;3.38;3.45;3.23;3.41;1574635;5270991.000
07/21/2008;3.38;3.58;3.35;3.58;2012801;7080081.000
07/22/2008;3.63;3.68;3.58;3.59;2370481;8577879.000
07/23/2008;3.60;3.77;3.58;3.77;4019184;14883991.000
07/24/2008;3.81;3.96;3.79;3.96;3545637;13808532.000
07/25/2008;3.80;3.96;3.76;3.83;4157895;15957439.000
07/28/2008;3.78;3.89;3.77;3.83;2876051;10990731.000
07/29/2008;3.80;4.02;3.70;3.97;5048708;19586360.000
07/30/2008;3.92;4.14;3.92;4.03;5331894;21431492.000
07/31/2008;3.99;4.02;3.83;3.83;3560005;13710255.000
08/01/2008;3.80;3.86;3.65;3.80;2156101;8154519.000
08/04/2008;3.76;3.84;3.70;3.72;1238109;4651705.000
08/05/2008;3.70;3.80;3.59;3.60;1704293;6329360.000
08/06/2008;3.64;3.74;3.53;3.66;1236481;4498765.000
08/07/2008;3.68;3.68;3.48;3.53;1346193;4782624.000
08/08/2008;3.53;3.63;3.35;3.48;2726571;9479500.000
08/11/2008;3.40;3.60;3.31;3.42;2900881;9931397.000
08/12/2008;3.37;3.54;3.31;3.49;1350699;4704003.000
08/13/2008;3.45;3.55;3.42;3.54;1922438;6695355.000
08/15/2008;3.54;3.55;3.36;3.51;1263457;4365354.000
08/18/2008;3.42;3.69;3.34;3.49;2281008;8016708.000
08/19/2008;3.45;3.59;3.43;3.49;3107026;10935558.000
08/20/2008;3.49;3.66;3.43;3.66;6854917;24521916.000
08/21/2008;3.58;3.60;3.48;3.49;4339772;15381895.000
08/22/2008;3.33;3.66;3.33;3.66;4772482;17044242.000
08/25/2008;3.62;3.84;3.62;3.73;3537225;13299684.000
08/26/2008;3.73;3.92;3.70;3.87;5314266;20455056.000
08/27/2008;3.81;3.94;3.75;3.81;2047918;7855407.000
08/28/2008;3.81;3.87;3.62;3.66;2647716;9771040.000
08/29/2008;3.70;3.75;3.55;3.71;2109835;7728256.000
09/01/2008;3.66;3.72;3.53;3.60;862681;3107719.000
09/02/2008;3.51;3.61;3.51;3.54;804189;2858911.000
09/03/2008;3.43;3.65;3.43;3.57;780557;2785224.000
09/04/2008;3.62;3.65;3.54;3.62;482614;1735805.000
09/05/2008;3.56;3.60;3.44;3.50;1117486;3891416.000
09/08/2008;3.50;3.55;3.33;3.33;1394599;4692659.000
09/09/2008;3.22;3.42;3.22;3.35;1201037;3959326.000
09/10/2008;3.32;3.33;3.18;3.20;1400120;4515345.000
09/11/2008;3.16;3.27;3.04;3.04;1575368;4869735.000
09/12/2008;3.00;3.05;2.89;2.89;1392193;4105622.000
09/16/2008;2.75;2.86;2.75;2.75;790782;2180922.000
09/17/2008;2.64;2.70;2.61;2.61;1361000;3577402.000
09/18/2008;2.57;2.57;2.48;2.52;1815857;4530681.000
09/19/2008;2.65;2.65;2.65;2.65;1034799;2742217.000
09/22/2008;2.78;2.78;2.65;2.74;5334556;14584284.000
09/23/2008;2.73;2.73;2.60;2.60;2285654;5981644.000
09/24/2008;2.54;2.59;2.47;2.58;1268900;3198755.000
09/25/2008;2.57;2.65;2.47;2.62;1945783;5052865.000
09/26/2008;2.61;2.75;2.58;2.70;2678740;7253018.000
10/06/2008;2.69;2.69;2.57;2.57;1099600;2869411.000
10/07/2008;2.47;2.70;2.44;2.70;2699608;6991476.000
10/08/2008;2.72;2.84;2.62;2.65;3322721;9153128.000
10/09/2008;2.66;2.74;2.61;2.63;490201;1314825.000
10/10/2008;2.57;2.67;2.50;2.50;1458493;3659558.000
10/13/2008;2.40;2.58;2.38;2.53;1079093;2606693.000
10/14/2008;2.64;2.64;2.41;2.43;644651;1598277.000
10/15/2008;2.36;2.44;2.31;2.39;850190;2018475.000
10/16/2008;2.35;2.35;2.27;2.27;1076000;2466276.000
10/17/2008;2.28;2.31;2.16;2.26;808956;1800399.000
10/20/2008;2.21;2.36;2.21;2.34;577910;1318942.000
10/21/2008;2.34;2.34;2.27;2.27;355909;820973.000
10/22/2008;2.26;2.33;2.20;2.25;683395;1538888.000
10/23/2008;2.22;2.28;2.14;2.26;502591;1115254.000
10/24/2008;2.22;2.26;2.17;2.25;389200;865836.000
10/27/2008;2.15;2.24;2.14;2.14;323500;695094.000
10/28/2008;2.03;2.19;2.03;2.13;1508920;3095757.000
10/29/2008;2.17;2.17;2.02;2.02;1365900;2766850.000
10/30/2008;2.05;2.05;1.92;1.92;1438686;2764995.000
10/31/2008;1.82;1.86;1.82;1.82;444800;809913.000
11/03/2008;1.75;1.76;1.73;1.73;270010;467404.000
11/04/2008;1.64;1.64;1.64;1.64;234800;385072.000
11/05/2008;1.60;1.71;1.57;1.65;2389840;3936864.000
11/06/2008;1.60;1.60;1.57;1.57;1436173;2260354.000
11/07/2008;1.51;1.61;1.50;1.59;905110;1414866.000
11/10/2008;1.60;1.67;1.57;1.67;1529783;2529274.000
11/11/2008;1.67;1.74;1.65;1.68;1297099;2205139.000
11/12/2008;1.67;1.76;1.63;1.74;1089444;1870284.000
11/13/2008;1.71;1.83;1.70;1.81;2448995;4394747.000
11/14/2008;1.83;1.88;1.77;1.88;1970473;3591253.000
11/17/2008;1.86;1.97;1.84;1.97;2676084;5146377.000
11/18/2008;2.00;2.01;1.87;1.87;2245513;4311610.000
11/19/2008;1.78;1.95;1.78;1.94;3584376;6574926.000
11/20/2008;1.91;1.98;1.87;1.90;3179072;6098772.000
11/21/2008;1.82;1.98;1.81;1.90;2525371;4685474.000
11/24/2008;1.90;1.92;1.81;1.82;1575482;2918088.000
11/25/2008;1.85;1.85;1.77;1.81;912321;1656631.000
11/26/2008;1.83;1.90;1.80;1.90;1650705;3073647.000
11/27/2008;1.97;1.98;1.88;1.89;1947764;3750322.000
11/28/2008;1.88;1.88;1.80;1.84;1266309;2318095.000
12/01/2008;1.80;1.93;1.79;1.93;2160803;4094240.000
12/02/2008;1.88;1.98;1.86;1.93;1465235;2835339.000
12/03/2008;1.94;2.01;1.89;1.99;2255970;4448179.000
12/04/2008;2.00;2.06;1.98;2.00;2561455;5168531.000
12/05/2008;2.00;2.09;1.97;2.09;2260757;4576008.000
12/08/2008;2.09;2.19;2.07;2.19;5479007;11932015.000
12/09/2008;2.28;2.30;2.16;2.20;7321217;16517447.000
12/10/2008;2.18;2.31;2.13;2.31;3622283;8231425.000
12/11/2008;2.43;2.43;2.27;2.31;4528581;10707269.000
12/12/2008;2.30;2.36;2.19;2.19;3247901;7217976.000
12/15/2008;2.22;2.22;2.11;2.16;1169476;2533713.000
12/16/2008;2.17;2.17;2.05;2.13;2274692;4740653.000
12/17/2008;2.13;2.17;2.10;2.17;1777104;3820822.000
12/18/2008;2.15;2.23;2.14;2.21;1780992;3903153.000
12/19/2008;2.21;2.32;2.20;2.32;3968074;9134345.000
12/22/2008;2.32;2.44;2.29;2.44;4157234;9896107.000
12/23/2008;2.46;2.56;2.33;2.36;5382588;13347440.000
12/24/2008;2.24;2.44;2.24;2.30;2394817;5511938.000
12/25/2008;2.23;2.42;2.23;2.42;2172114;5171558.000
12/26/2008;2.50;2.54;2.46;2.54;892570;2258815.000
12/29/2008;2.67;2.67;2.41;2.47;7252531;18749530.000
12/31/2008;2.56;2.56;2.35;2.35;2670148;6363899.000
01/05/2009;2.35;2.47;2.32;2.47;2965035;7209958.000
01/08/2009;2.59;2.59;2.59;2.59;474205;1228191.000
01/09/2009;2.72;2.72;2.60;2.72;11405491;30720750.000
01/12/2009;2.69;2.71;2.60;2.66;5059684;13375599.000
01/13/2009;2.65;2.79;2.60;2.79;2190838;6072699.000
01/14/2009;2.92;2.92;2.75;2.80;4687079;13225236.000
01/15/2009;2.81;2.94;2.80;2.93;3504300;10095494.000
01/16/2009;2.93;3.08;2.93;3.08;6165494;18941764.000
01/19/2009;3.02;3.15;2.97;3.10;6559317;20076408.000
01/20/2009;3.08;3.19;3.06;3.14;2617843;8173740.000
01/21/2009;3.10;3.23;2.98;3.04;4132674;12867859.000
01/22/2009;2.99;3.08;2.99;3.05;1815708;5504664.000
01/23/2009;3.05;3.05;2.98;2.99;1514111;4537536.000
02/02/2009;3.03;3.08;2.98;3.03;1632109;4935697.000
02/03/2009;3.05;3.18;3.00;3.13;2494550;7765585.000
02/04/2009;3.10;3.19;3.07;3.13;2675679;8314941.000
02/05/2009;3.13;3.13;3.00;3.06;3468489;10626930.000
02/06/2009;3.09;3.21;3.05;3.21;4980240;15811794.000
02/09/2009;3.25;3.29;3.10;3.28;7748047;24619802.000
02/10/2009;3.22;3.25;3.12;3.22;4231885;13506530.000
02/11/2009;3.17;3.29;3.12;3.24;4426990;14165457.000
02/12/2009;3.26;3.28;3.17;3.24;3466520;11214216.000
02/13/2009;3.24;3.40;3.20;3.40;6729880;22637948.000
02/16/2009;3.57;3.57;3.51;3.57;2409100;8596729.000
02/17/2009;3.75;3.75;3.68;3.75;10676197;40002420.000
02/18/2009;3.93;3.94;3.60;3.94;12875010;50451704.000
02/19/2009;3.99;4.11;3.74;3.90;11895887;45917472.000
02/20/2009;3.99;3.99;3.71;3.79;4518521;17229788.000
02/23/2009;3.80;3.93;3.72;3.83;4866509;18649196.000
02/24/2009;3.83;3.88;3.74;3.80;3132811;11898515.000
02/25/2009;3.80;3.88;3.75;3.87;3788641;14436134.000
02/26/2009;3.80;4.06;3.80;4.06;7463422;29902952.000
02/27/2009;3.96;4.24;3.86;4.09;5961663;24083916.000
03/02/2009;4.05;4.08;3.89;3.99;3532011;13966709.000
03/03/2009;3.95;3.95;3.79;3.79;3185293;12143616.000
03/04/2009;3.97;3.97;3.81;3.96;2298663;8948288.000
03/05/2009;3.93;4.16;3.93;4.07;3850286;15656416.000
03/06/2009;4.04;4.17;3.95;4.09;1729592;7035647.000
03/09/2009;4.06;4.29;4.06;4.29;6136848;26137500.000
03/10/2009;4.26;4.39;4.15;4.33;3021822;12892541.000
03/11/2009;4.33;4.35;4.11;4.11;4546513;19044240.000
03/12/2009;4.08;4.09;3.94;4.01;1845660;7365928.000
03/13/2009;4.04;4.10;3.97;4.02;1313191;5299581.000
03/16/2009;4.05;4.10;3.92;4.03;1327732;5334998.000
03/17/2009;4.07;4.12;4.00;4.11;1907447;7758777.000
03/18/2009;4.12;4.19;4.09;4.11;2040705;8434035.000
03/19/2009;4.11;4.16;4.05;4.13;1634090;6709973.000
03/20/2009;4.11;4.24;4.08;4.23;1967433;8185771.000
03/23/2009;4.27;4.30;4.16;4.22;2090362;8811474.000
03/24/2009;4.20;4.27;4.09;4.12;2772125;11488608.000
03/25/2009;4.17;4.27;4.08;4.12;2620000;10887300.000
03/26/2009;4.12;4.15;3.91;4.08;3948825;15826128.000
03/27/2009;4.08;4.24;4.02;4.20;3839081;15804995.000
03/30/2009;4.21;4.41;4.18;4.34;5961546;26032924.000
03/31/2009;4.16;4.30;4.14;4.24;3466369;14585937.000
04/01/2009;4.24;4.34;4.15;4.19;2812977;11914651.000
04/02/2009;4.19;4.25;4.10;4.11;3695231;15371926.000
04/03/2009;4.19;4.19;4.09;4.12;1628815;6709904.000
04/08/2009;4.14;4.30;4.14;4.14;3199268;13432272.000
04/09/2009;4.14;4.21;4.13;4.21;1709122;7121695.000
04/10/2009;4.20;4.35;4.20;4.26;3718631;15896710.000
04/13/2009;4.20;4.28;4.18;4.23;3207576;13533884.000
04/14/2009;4.20;4.44;4.18;4.44;4918251;21607976.000
04/15/2009;4.58;4.66;4.50;4.66;8624147;40045772.000
04/16/2009;4.66;4.71;4.43;4.55;5613052;25414056.000
04/17/2009;4.50;4.54;4.32;4.38;3625024;15971751.000
04/20/2009;4.35;4.60;4.34;4.60;4120963;18826196.000
04/21/2009;4.68;4.83;4.61;4.83;5698549;27468740.000
04/22/2009;5.07;5.07;4.90;5.07;9456492;47771588.000
04/23/2009;5.23;5.23;4.82;4.94;6219432;30787256.000
04/24/2009;4.95;5.19;4.94;5.19;1140621;5904863.000
04/27/2009;5.45;5.45;5.10;5.27;12080110;64944828.000
04/28/2009;5.14;5.29;5.01;5.01;7107780;36105292.000
04/29/2009;4.76;4.97;4.76;4.90;6245058;30134076.000
04/30/2009;4.96;5.15;4.85;5.15;7707236;39176284.000
05/04/2009;5.10;5.19;4.94;5.15;5775860;29261790.000
05/05/2009;5.13;5.41;5.12;5.41;6577795;35360132.000
05/06/2009;5.41;5.68;5.35;5.57;8386808;46071044.000
05/07/2009;5.50;5.62;5.29;5.33;6669688;35879776.000
05/08/2009;5.34;5.41;5.11;5.33;3131442;16461539.000
05/11/2009;5.33;5.59;5.25;5.26;3575459;19377756.000
05/12/2009;5.08;5.30;5.08;5.29;2406313;12447066.000
05/13/2009;5.34;5.34;5.10;5.18;3678844;18976044.000
05/14/2009;5.16;5.17;4.93;5.02;3578984;18018644.000
05/15/2009;5.00;5.27;4.99;5.27;3186674;16657985.000
05/18/2009;5.44;5.53;5.39;5.53;9122979;50147268.000
05/19/2009;5.59;5.81;5.53;5.81;7753687;44958300.000
05/20/2009;5.81;6.07;5.70;5.80;7877026;46657036.000
05/21/2009;5.82;6.09;5.78;5.93;5948616;35306356.000
05/22/2009;5.96;5.96;5.63;5.80;3688189;21149012.000
05/25/2009;5.60;6.09;5.53;5.98;3935703;23064638.000
05/26/2009;5.90;6.05;5.84;5.85;2974725;17634238.000
05/27/2009;5.93;5.93;5.69;5.81;1581595;9190710.000
06/01/2009;5.85;5.98;5.74;5.79;3187535;18478878.000
06/02/2009;5.82;5.85;5.59;5.61;3365523;19095594.000
06/03/2009;5.70;5.85;5.70;5.77;2798396;16113007.000
06/04/2009;5.76;5.76;5.58;5.67;2070499;11706900.000
06/05/2009;5.68;5.80;5.57;5.72;2734633;15600341.000
06/08/2009;5.72;5.87;5.61;5.85;4169394;23975262.000
06/09/2009;5.85;5.95;5.70;5.81;2968551;17251384.000
06/10/2009;5.81;5.85;5.68;5.76;3007746;17261260.000
06/11/2009;5.78;5.85;5.73;5.84;2908057;16829932.000
06/12/2009;5.84;6.13;5.77;6.13;11415406;69365776.000
06/15/2009;6.09;6.15;5.82;5.96;10645083;62859972.000
06/16/2009;5.85;5.95;5.77;5.87;4026667;23572592.000
06/17/2009;5.85;6.15;5.78;6.00;3958000;23789600.000
06/18/2009;6.00;6.27;5.91;6.20;6018520;37012532.000
06/19/2009;6.18;6.47;6.11;6.27;3602831;22781632.000
06/22/2009;6.27;6.31;6.10;6.11;2275276;14018004.000
06/23/2009;6.05;6.19;6.00;6.07;1707184;10406216.000
06/24/2009;6.04;6.28;6.03;6.13;1861032;11487535.000
06/25/2009;6.13;6.20;6.05;6.08;1842034;11244955.000
06/26/2009;6.16;6.16;5.95;6.02;2425235;14629192.000
06/29/2009;6.00;6.25;5.95;6.16;4109146;25082154.000
06/30/2009;6.32;6.47;6.20;6.47;9295210;59793312.000
07/01/2009;6.45;6.79;6.40;6.79;6849293;46063484.000
07/02/2009;6.80;7.13;6.75;6.84;13225631;92549248.000
07/03/2009;6.50;6.95;6.50;6.57;9455916;62431288.000
07/06/2009;6.57;6.57;6.28;6.43;5044642;32432468.000
07/07/2009;6.57;6.75;6.46;6.75;3912292;26296692.000
07/08/2009;6.79;7.06;6.75;6.90;4942396;33947104.000
07/09/2009;6.79;7.17;6.79;7.08;4411817;30916778.000
07/10/2009;7.10;7.43;7.10;7.36;4924399;36127852.000
07/13/2009;7.36;7.73;7.36;7.73;6681010;51366404.000
07/14/2009;7.80;7.98;7.60;7.65;6924934;53625168.000
07/15/2009;7.68;7.98;7.65;7.74;4308547;33615168.000
07/16/2009;7.70;7.85;7.60;7.70;2602147;20035374.000
07/17/2009;7.67;8.07;7.67;8.04;4986171;39531884.000
07/20/2009;8.10;8.20;7.80;7.96;5772341;45867412.000
07/21/2009;8.00;8.04;7.80;7.82;3250315;25675752.000
07/22/2009;7.76;7.94;7.70;7.88;3071990;23986112.000
07/23/2009;7.88;8.25;7.76;8.12;4271333;34289296.000
07/24/2009;8.33;8.33;7.71;7.73;6702328;52428488.000
07/27/2009;7.72;7.90;7.34;7.89;4718805;35987564.000
07/28/2009;7.89;7.90;7.61;7.80;2803129;21673876.000
07/29/2009;7.80;7.86;7.41;7.41;4118321;31040688.000
07/30/2009;7.36;7.53;7.04;7.27;4819209;34565944.000
07/31/2009;7.27;7.47;7.18;7.34;4058333;29716024.000
08/03/2009;7.35;7.40;7.27;7.32;2991137;21917564.000
08/04/2009;7.32;7.55;7.09;7.53;4264795;30977120.000
08/05/2009;7.51;7.54;7.25;7.30;3103535;22845436.000
08/06/2009;7.37;7.37;7.00;7.05;2915055;20677366.000
08/07/2009;7.06;7.18;7.00;7.02;2345475;16608815.000
08/10/2009;7.02;7.17;6.78;6.95;2320904;16250988.000
08/11/2009;6.95;7.00;6.73;6.75;3320939;22551300.000
08/12/2009;6.78;6.79;6.41;6.41;4535300;29417280.000
08/13/2009;6.20;6.45;6.09;6.20;5178280;31969708.000
08/14/2009;6.26;6.51;6.10;6.40;6268138;40273736.000
08/17/2009;6.22;6.29;6.08;6.08;4588609;28121216.000
08/18/2009;5.84;6.00;5.78;5.92;4876317;28371536.000
08/19/2009;5.90;5.99;5.62;5.62;3195700;18541526.000
08/20/2009;5.60;5.84;5.34;5.68;6716331;36908784.000
08/21/2009;5.50;5.96;5.43;5.96;10570890;62262424.000
08/24/2009;5.97;6.24;5.78;6.22;8239841;49298304.000
08/25/2009;6.08;6.28;5.91;6.07;7393343;44771768.000
08/26/2009;6.12;6.27;5.98;6.18;5804669;35605160.000
08/27/2009;6.18;6.27;5.92;6.06;3959084;24164256.000
08/28/2009;6.06;6.06;5.76;5.76;4499239;26103628.000
08/31/2009;5.51;5.69;5.47;5.47;2354465;12920859.000
09/01/2009;5.27;5.39;5.20;5.20;4194127;21978740.000
09/02/2009;5.24;5.34;4.95;5.08;3141634;16017086.000
09/03/2009;5.11;5.33;5.11;5.33;3753650;19818218.000
09/04/2009;5.33;5.44;5.26;5.39;3207631;17162904.000
09/07/2009;5.39;5.58;5.36;5.45;3530927;19380362.000
09/08/2009;5.40;5.72;5.36;5.62;4254694;23647600.000
09/09/2009;5.57;5.70;5.51;5.62;3420825;19147964.000
09/10/2009;5.62;5.67;5.51;5.51;2139707;11964622.000
09/11/2009;5.50;5.62;5.45;5.57;2086322;11571405.000
09/14/2009;5.29;5.60;5.29;5.59;5357614;29261878.000
09/15/2009;5.60;5.87;5.51;5.87;5702319;32867012.000
09/16/2009;5.96;6.12;5.68;6.00;6394841;37651100.000
09/17/2009;6.03;6.07;5.84;5.99;4257146;25380358.000
09/18/2009;5.98;6.25;5.93;6.00;4827518;29242240.000
09/21/2009;5.96;5.96;5.70;5.90;2833449;16421727.000
09/22/2009;5.89;5.96;5.61;5.63;2081749;12153275.000
09/23/2009;5.68;5.75;5.45;5.55;2678350;14858236.000
09/24/2009;5.53;5.54;5.27;5.41;3253841;17461116.000
09/25/2009;5.30;5.37;5.15;5.24;3477400;18232714.000
09/28/2009;5.17;5.30;5.01;5.05;2892061;14978402.000
09/29/2009;5.01;5.08;4.80;4.80;4061200;19660068.000
09/30/2009;4.80;4.94;4.65;4.84;3680200;17670998.000
10/09/2009;4.88;5.08;4.88;5.08;3272624;16420055.000
10/13/2009;5.20;5.28;5.08;5.16;2995150;15430121.000
10/14/2009;5.22;5.27;5.16;5.22;2070151;10797256.000
10/15/2009;5.25;5.48;5.20;5.48;3916926;21083064.000
10/16/2009;5.55;5.75;5.50;5.75;8141278;46511108.000
10/19/2009;5.75;6.04;5.60;5.79;6446917;37459600.000
10/20/2009;5.85;5.97;5.75;5.80;3960658;23093296.000
10/21/2009;5.80;5.88;5.66;5.69;4022299;23077072.000
10/22/2009;5.69;5.77;5.60;5.69;1938557;11039048.000
10/23/2009;5.71;5.82;5.67;5.73;2627102;15091155.000
10/26/2009;5.74;5.98;5.70;5.81;3962051;23112462.000
10/27/2009;5.80;5.80;5.60;5.61;2545063;14446584.000
10/28/2009;5.70;5.76;5.54;5.70;2508850;14136720.000
10/29/2009;5.73;5.85;5.62;5.74;3660067;21028864.000
10/30/2009;5.96;5.96;5.79;5.84;5151321;30165240.000
11/02/2009;5.68;5.88;5.56;5.87;5064618;29296450.000
11/03/2009;5.88;6.16;5.87;6.16;7835669;47659960.000
11/04/2009;6.30;6.47;6.18;6.29;10897128;69274072.000
11/05/2009;6.25;6.44;6.18;6.38;5319471;33507830.000
11/06/2009;6.43;6.68;6.30;6.54;5941449;38923336.000
11/09/2009;6.54;6.87;6.54;6.87;10091029;68664080.000
11/10/2009;6.95;7.15;6.79;6.81;8720036;60493140.000
11/11/2009;6.78;7.10;6.50;7.02;7731796;52110804.000
11/12/2009;6.94;7.16;6.94;7.02;6165935;43477964.000
11/13/2009;7.03;7.09;6.69;6.94;4917604;34030352.000
11/16/2009;6.87;7.07;6.85;6.94;4960875;34510528.000
11/17/2009;6.95;7.08;6.92;7.00;3500078;24470070.000
11/18/2009;7.04;7.26;6.91;7.18;5490582;38779432.000
11/19/2009;7.12;7.24;7.02;7.10;4603582;32716236.000
11/20/2009;7.09;7.46;7.01;7.39;7150670;52295608.000
11/23/2009;7.40;7.75;7.28;7.69;7345630;55316124.000
11/24/2009;7.70;7.79;7.31;7.31;8165902;61463364.000
11/25/2009;7.17;7.31;6.94;7.30;7782741;55231744.000
11/26/2009;7.25;7.57;6.94;6.94;7795136;55957924.000
11/27/2009;6.80;6.90;6.59;6.59;6139460;40836280.000
11/30/2009;6.50;6.75;6.50;6.70;4924077;32677424.000
12/01/2009;6.70;6.85;6.65;6.82;4796655;32417820.000
12/02/2009;6.88;7.05;6.81;6.97;4340959;30217352.000
12/03/2009;6.97;7.14;6.94;7.03;3973103;27879408.000
12/04/2009;7.06;7.19;6.71;6.89;5717228;39975060.000
12/07/2009;6.89;7.04;6.76;6.97;2848518;19789906.000
12/08/2009;7.03;7.08;6.92;7.00;3644966;25492076.000
12/09/2009;6.99;7.18;6.91;7.06;3714035;26285024.000
12/10/2009;7.10;7.35;7.10;7.27;5414856;39359792.000
12/11/2009;7.33;7.38;7.12;7.16;3603370;25929780.000
12/14/2009;7.15;7.20;6.92;7.13;2870879;20254124.000
12/15/2009;7.10;7.24;7.10;7.13;2252138;16113803.000
12/16/2009;7.13;7.19;6.95;6.97;3286297;23132812.000
12/17/2009;6.97;7.02;6.66;6.67;2911292;19697792.000
12/18/2009;6.66;6.66;6.40;6.45;2162516;14089181.000
12/21/2009;6.40;6.74;6.40;6.66;1779575;11732390.000
12/22/2009;6.75;6.75;6.41;6.44;1629400;10737474.000
12/23/2009;6.49;6.65;6.44;6.61;1288050;8434719.000
12/24/2009;6.61;6.90;6.61;6.81;1874888;12712158.000
12/25/2009;6.90;7.15;6.80;7.06;4433969;31432224.000
12/28/2009;7.00;7.19;6.99;7.17;3860252;27365212.000
12/29/2009;7.15;7.20;7.03;7.12;2063738;14702001.000
12/30/2009;7.12;7.17;7.00;7.11;2940801;20774360.000
12/31/2009;7.13;7.30;7.06;7.28;3852494;27695994.000
01/04/2010;7.39;7.42;7.23;7.24;3106251;22679676.000
01/05/2010;7.24;7.25;7.06;7.16;2156813;15369992.000
01/06/2010;7.16;7.27;7.07;7.08;3103801;22255116.000
01/07/2010;7.08;7.16;6.98;7.04;2107686;14879791.000
01/08/2010;7.04;7.04;6.80;6.97;2564716;17724542.000
01/11/2010;7.02;7.11;6.93;7.03;1606201;11285303.000
01/12/2010;7.30;7.30;7.09;7.18;3424468;24505544.000
01/13/2010;7.01;7.12;6.93;6.99;3115630;21914240.000
01/14/2010;7.00;7.05;6.90;7.05;3444407;24078940.000
01/15/2010;7.07;7.09;6.96;6.98;3812441;26645084.000
01/18/2010;6.99;7.09;6.98;7.08;3570614;25201708.000
01/19/2010;7.12;7.22;7.04;7.19;5068536;36146392.000
01/20/2010;7.24;7.24;6.83;6.83;4793264;33540052.000
01/21/2010;6.80;7.03;6.80;6.95;3100324;21421968.000
01/22/2010;6.91;7.23;6.84;7.14;5899845;41762400.000
01/25/2010;7.15;7.25;6.98;7.19;5700398;40873700.000
01/26/2010;7.15;7.27;6.83;6.98;3663240;25824592.000
01/27/2010;6.90;7.10;6.83;6.95;3025725;21180672.000
01/28/2010;6.90;7.07;6.90;6.96;1574768;11013528.000
01/29/2010;6.96;7.03;6.87;6.90;1772940;12362201.000
02/01/2010;6.86;7.17;6.76;7.09;4402859;31027778.000
02/02/2010;7.07;7.16;7.01;7.02;2374772;16828454.000
02/03/2010;7.01;7.07;6.67;7.00;3305738;22641898.000
02/04/2010;7.01;7.02;6.85;6.95;2308709;16029684.000
02/05/2010;6.79;6.85;6.70;6.78;2356139;15931377.000
02/08/2010;6.73;6.83;6.60;6.64;1608543;10749470.000
02/09/2010;6.60;6.79;6.60;6.76;1250776;8380531.000
02/10/2010;6.77;6.98;6.75;6.91;1808999;12430502.000
02/11/2010;6.91;7.00;6.80;6.95;1304391;9024917.000
02/12/2010;6.90;7.15;6.90;7.02;2494751;17654750.000
02/22/2010;7.12;7.12;6.92;6.99;1387444;9722533.000
02/23/2010;7.07;7.10;6.94;7.09;1922131;13519409.000
02/24/2010;7.09;7.19;7.06;7.19;2763239;19728940.000
02/25/2010;7.21;7.28;7.14;7.26;4111408;29662878.000
02/26/2010;7.18;7.21;7.05;7.08;4071080;29008088.000
03/01/2010;7.08;7.20;7.05;7.11;3790566;27036504.000
03/02/2010;7.11;7.47;7.11;7.47;11585044;85426056.000
03/03/2010;7.45;7.57;7.35;7.48;5843741;43516056.000
03/04/2010;7.48;7.74;7.30;7.34;6588564;49578608.000
03/05/2010;7.39;7.64;7.35;7.60;5439556;41002536.000
03/08/2010;7.68;7.72;7.51;7.65;3851809;29303852.000
03/09/2010;7.65;7.65;7.41;7.51;2863069;21483504.000
03/10/2010;7.49;7.52;7.17;7.26;3242455;23776052.000
03/11/2010;7.25;7.46;7.20;7.40;2216524;16204619.000
03/12/2010;7.36;7.42;7.20;7.29;1843609;13429718.000
03/15/2010;7.22;7.27;7.09;7.11;2059555;14755515.000
03/16/2010;7.08;7.17;7.08;7.15;1387906;9884468.000
03/17/2010;7.15;7.51;7.15;7.51;2523147;18876950.000
03/18/2010;7.70;7.70;7.48;7.54;4388385;33206616.000
03/19/2010;7.54;7.61;7.44;7.60;2411070;18177686.000
03/22/2010;7.65;7.65;7.50;7.63;3219345;24398092.000
03/23/2010;7.60;7.60;7.44;7.47;2685600;20137184.000
