600900 长江电力 日线
      日期	    开盘	    最高	    最低	    收盘	    成交量	    成交额
11/18/2003;3.64;3.85;3.54;3.60;753863103;4693850112.000
11/19/2003;3.58;3.68;3.57;3.65;96487383;601303040.000
11/20/2003;3.64;3.74;3.61;3.74;80413119;504194752.000
11/21/2003;3.75;3.90;3.72;3.72;83514726;535389760.000
11/24/2003;3.72;4.02;3.72;4.00;67664675;439502304.000
11/25/2003;4.00;4.07;3.92;3.97;73092530;486006592.000
11/26/2003;3.97;4.07;3.92;3.97;30557854;202771296.000
11/27/2003;3.97;4.05;3.93;4.01;34184475;227201856.000
11/28/2003;4.02;4.18;4.02;4.15;46420361;315038272.000
12/01/2003;4.15;4.32;4.14;4.30;60715269;422053728.000
12/02/2003;4.32;4.35;4.27;4.30;49673663;348166240.000
12/03/2003;4.30;4.89;4.29;4.63;123634920;899776576.000
12/04/2003;4.63;4.79;4.58;4.69;80532968;600057600.000
12/05/2003;4.70;4.77;4.57;4.70;65851201;488630112.000
12/08/2003;4.70;4.76;4.60;4.61;41100500;305294848.000
12/09/2003;4.61;4.79;4.61;4.77;53130054;397336352.000
12/10/2003;4.80;4.93;4.77;4.93;62604522;479721088.000
12/11/2003;4.95;5.00;4.72;4.81;81716704;623975936.000
12/12/2003;4.78;4.83;4.71;4.80;36584294;275712416.000
12/15/2003;4.80;4.81;4.70;4.74;30550542;229670112.000
12/16/2003;4.73;4.90;4.64;4.87;54410022;410789376.000
12/17/2003;4.82;4.97;4.77;4.78;48720370;373294976.000
12/18/2003;4.75;4.97;4.74;4.93;34982281;267809648.000
12/19/2003;4.96;5.23;4.95;5.16;86725345;685083776.000
12/22/2003;5.20;5.76;5.13;5.67;95295105;791970304.000
12/23/2003;5.67;5.79;5.62;5.75;62355811;539230144.000
12/24/2003;5.75;5.90;5.68;5.89;50427107;438304480.000
12/25/2003;5.92;6.06;5.77;5.87;59412995;528050112.000
12/26/2003;5.87;5.90;5.71;5.77;38569083;336355072.000
12/29/2003;5.74;5.82;5.66;5.69;32623334;282820480.000
12/30/2003;5.69;6.06;5.69;6.00;69945314;624765248.000
12/31/2003;6.06;6.07;5.72;5.74;50752639;448534176.000
01/02/2004;5.77;6.01;5.74;5.87;37709688;333953440.000
01/05/2004;5.85;6.26;5.79;6.18;82084105;746490944.000
01/06/2004;6.20;6.24;5.95;6.07;88712116;804496832.000
01/07/2004;6.07;6.48;5.99;6.24;90452548;839939712.000
01/08/2004;6.23;6.33;6.11;6.22;43007348;396610048.000
01/09/2004;6.22;6.31;5.89;5.94;60537381;549535616.000
01/12/2004;5.91;6.15;5.74;6.12;66829066;598502656.000
01/13/2004;6.14;6.14;5.83;5.90;45907320;411131296.000
01/14/2004;5.88;5.94;5.75;5.83;28824540;253404176.000
01/15/2004;5.82;5.93;5.65;5.68;41954580;364488256.000
01/16/2004;5.69;5.94;5.69;5.86;41367966;363682240.000
01/29/2004;5.87;5.97;5.81;5.94;21044688;186076080.000
01/30/2004;5.94;6.03;5.76;5.79;32595507;289238784.000
02/02/2004;6.54;6.54;5.93;6.05;99835968;912461888.000
02/03/2004;6.05;6.22;5.98;6.18;38943150;356039040.000
02/04/2004;6.19;6.83;6.19;6.70;94118764;905155264.000
02/05/2004;6.70;6.82;6.58;6.74;41389287;405781472.000
02/06/2004;6.74;6.75;6.55;6.64;33573141;327012960.000
02/09/2004;6.66;6.83;6.61;6.67;28180910;277047904.000
02/10/2004;6.67;6.72;6.42;6.48;34964524;335705056.000
02/11/2004;6.48;6.53;6.30;6.39;37963693;358030304.000
02/12/2004;6.48;6.51;5.93;5.94;73026053;665299008.000
02/13/2004;5.93;6.08;5.88;5.97;37122371;332319040.000
02/16/2004;5.98;6.13;5.97;6.13;33429351;302272864.000
02/17/2004;6.16;6.18;5.98;6.01;47690942;433284416.000
02/18/2004;6.01;6.08;5.94;6.05;27925117;251818080.000
02/19/2004;6.05;6.19;6.01;6.12;51395038;468882720.000
02/20/2004;6.12;6.16;6.06;6.10;21038314;191666352.000
02/23/2004;6.11;6.14;5.77;5.80;35458400;315331232.000
02/24/2004;5.76;5.88;5.68;5.82;29280401;255554944.000
02/25/2004;5.82;6.02;5.77;5.82;19574663;173421152.000
02/26/2004;5.82;5.96;5.71;5.94;25823242;227582272.000
02/27/2004;6.00;6.07;5.93;6.00;21895110;196919552.000
03/01/2004;6.00;6.00;5.79;5.92;19291123;170456944.000
03/02/2004;5.94;6.03;5.83;5.87;18607398;165461776.000
03/03/2004;5.88;5.97;5.67;5.75;23755499;207739104.000
03/04/2004;5.72;5.79;5.58;5.65;27046919;232197904.000
03/05/2004;5.65;5.76;5.58;5.63;17186536;147444416.000
03/08/2004;5.63;5.68;5.57;5.58;14198038;121125416.000
03/09/2004;5.59;5.79;5.58;5.66;23094768;199466640.000
03/10/2004;5.69;6.01;5.69;6.00;48307505;428078112.000
03/11/2004;6.00;6.07;5.94;6.00;34019181;306170336.000
03/12/2004;6.00;6.07;5.94;6.01;22138805;199469696.000
03/15/2004;6.01;6.27;6.00;6.18;41299024;379711008.000
03/16/2004;6.22;6.37;6.17;6.21;36584088;339703616.000
03/17/2004;6.23;6.27;6.11;6.21;18174481;167179760.000
03/18/2004;6.21;6.29;6.11;6.12;23897293;220294496.000
03/19/2004;6.08;6.27;6.04;6.25;17853076;163644928.000
03/22/2004;6.24;6.31;6.16;6.18;15176842;140110912.000
03/23/2004;6.18;6.18;6.02;6.04;15300401;138601696.000
03/24/2004;6.01;6.10;5.99;6.01;10058420;90723648.000
03/25/2004;6.00;6.06;5.90;5.94;13141468;117492944.000
03/26/2004;5.92;5.95;5.85;5.93;10777752;95582280.000
03/29/2004;5.93;6.07;5.89;6.01;11477529;103024016.000
03/30/2004;6.01;6.08;5.92;5.93;9008942;80676256.000
03/31/2004;5.97;6.16;5.93;6.01;18081255;163748080.000
04/01/2004;6.05;6.25;6.00;6.22;27606980;253570960.000
04/02/2004;6.24;6.42;6.21;6.32;39144879;366959488.000
04/05/2004;6.33;6.38;6.15;6.18;22119351;205196656.000
04/06/2004;6.17;6.24;6.12;6.24;15118431;139134608.000
04/07/2004;6.25;6.35;6.14;6.14;19547408;181063952.000
04/08/2004;6.14;6.27;6.13;6.20;23086531;212865744.000
04/09/2004;6.21;6.26;6.00;6.07;22585715;205395376.000
04/12/2004;6.00;6.15;5.94;6.01;22846734;206533376.000
04/13/2004;6.01;6.18;5.98;6.14;22232333;202826656.000
04/14/2004;6.14;6.41;6.12;6.34;49508861;461481728.000
04/15/2004;6.36;6.42;6.30;6.34;33916390;318983360.000
04/16/2004;6.34;6.56;6.33;6.54;57184233;545451840.000
04/19/2004;6.57;6.60;6.23;6.31;35125279;333362240.000
04/20/2004;6.27;6.36;6.21;6.30;16868616;157261584.000
04/21/2004;6.32;6.53;6.28;6.37;26058431;246621056.000
04/22/2004;6.33;6.45;6.08;6.24;29321781;271414880.000
04/23/2004;6.16;6.26;6.12;6.14;12082457;110950288.000
04/26/2004;6.14;6.29;6.12;6.27;12845591;118456704.000
04/27/2004;6.27;6.37;6.21;6.27;16194549;151131232.000
04/28/2004;6.25;6.27;6.01;6.12;25223005;230150016.000
04/29/2004;6.09;6.16;5.88;5.89;33098353;296226272.000
04/30/2004;5.88;6.07;5.87;6.00;14142442;126998936.000
05/10/2004;6.08;6.18;5.91;6.00;15179805;137002768.000
05/11/2004;5.94;6.00;5.72;5.85;19128359;167494192.000
05/12/2004;5.84;5.98;5.73;5.95;14957648;132672320.000
05/13/2004;5.95;6.09;5.89;6.01;23123142;208417104.000
05/17/2004;5.88;5.94;5.74;5.81;22217947;195278448.000
05/18/2004;5.63;5.77;5.47;5.62;211859586;1808974592.000
05/19/2004;5.51;5.88;5.51;5.73;63393282;551082176.000
05/20/2004;5.77;5.94;5.69;5.82;40219835;354296800.000
05/21/2004;5.80;5.88;5.77;5.84;20778895;182331824.000
05/24/2004;5.85;5.98;5.84;5.89;23545032;209319136.000
05/25/2004;5.90;5.93;5.77;5.83;21432244;188253696.000
05/26/2004;5.80;5.95;5.78;5.94;13320372;117904224.000
05/27/2004;5.94;6.08;5.86;6.03;33199708;298753408.000
05/28/2004;6.03;6.04;5.93;5.95;21082129;188403536.000
05/31/2004;5.95;5.99;5.91;5.97;11753237;104889984.000
06/01/2004;6.00;6.12;5.96;6.12;16432277;147624192.000
06/02/2004;6.12;6.13;5.99;6.02;13221238;118226976.000
06/03/2004;6.00;6.01;5.95;5.97;10367406;91995616.000
06/04/2004;5.96;6.06;5.93;5.96;10488066;93051208.000
06/07/2004;5.96;5.96;5.88;5.89;15047771;132219224.000
06/08/2004;5.88;5.91;5.74;5.80;24667150;214329200.000
06/09/2004;5.76;5.86;5.75;5.82;17356143;150108960.000
06/10/2004;5.77;5.84;5.71;5.76;17520732;151471168.000
06/11/2004;5.81;5.89;5.74;5.79;15541438;134769168.000
06/14/2004;5.76;5.78;5.63;5.67;22334424;190245744.000
06/15/2004;5.67;5.83;5.66;5.81;8459217;72691840.000
06/16/2004;5.83;5.92;5.77;5.86;15792524;137838656.000
06/17/2004;5.92;5.92;5.69;5.72;13725394;119253320.000
06/18/2004;5.68;5.75;5.38;5.51;43137639;360213184.000
06/21/2004;5.47;5.53;5.41;5.50;13671274;113377832.000
06/22/2004;5.49;5.75;5.43;5.66;24284126;206369584.000
06/23/2004;5.66;5.70;5.62;5.68;10837314;91922352.000
06/24/2004;5.68;5.75;5.65;5.66;9249899;78826880.000
06/25/2004;5.65;5.67;5.49;5.50;13092122;109752888.000
06/28/2004;5.43;5.59;5.42;5.54;8012912;66662268.000
06/29/2004;5.55;5.71;5.48;5.70;14152770;119319936.000
06/30/2004;5.66;5.74;5.59;5.65;12129950;103219008.000
07/01/2004;5.62;5.89;5.61;5.83;20792132;180392832.000
07/02/2004;5.80;5.92;5.79;5.89;10345406;90411376.000
07/05/2004;5.91;5.91;5.79;5.88;5800828;50522032.000
07/06/2004;5.89;6.00;5.83;5.86;15696480;138252272.000
07/07/2004;5.83;5.85;5.78;5.83;3696036;32038164.000
07/08/2004;5.82;5.90;5.78;5.90;3906460;34005664.000
07/09/2004;5.92;6.01;5.88;5.90;10965658;96822296.000
07/12/2004;5.89;5.89;5.77;5.79;7752094;67227936.000
07/13/2004;5.77;5.90;5.76;5.89;7835946;68267464.000
07/14/2004;5.89;6.00;5.88;5.97;11228146;98980576.000
07/15/2004;5.99;6.18;5.89;6.15;42562056;382235776.000
07/16/2004;6.15;6.31;6.14;6.17;41837511;383013024.000
07/19/2004;6.17;6.37;6.13;6.29;25320445;233263504.000
07/20/2004;6.29;6.32;6.20;6.24;23524789;216392816.000
07/21/2004;6.24;6.28;6.17;6.22;10070367;92228640.000
07/22/2004;6.20;6.24;5.96;6.01;25811956;231484960.000
07/23/2004;6.00;6.09;5.93;6.07;24992609;221625344.000
07/26/2004;6.00;6.18;5.98;6.11;10016946;90275480.000
07/27/2004;6.09;6.17;6.06;6.08;10558287;95285952.000
07/28/2004;6.22;6.26;5.94;6.12;21982603;198297280.000
07/29/2004;6.12;6.24;6.09;6.18;15728544;143158512.000
07/30/2004;6.18;6.18;6.04;6.06;8085379;72886760.000
08/02/2004;6.05;6.06;5.94;5.94;8021424;71376304.000
08/03/2004;5.92;6.02;5.83;5.84;16953918;148932032.000
08/04/2004;5.84;6.39;5.82;6.15;34919948;315621696.000
08/05/2004;6.12;6.20;6.01;6.03;13757563;124190808.000
08/06/2004;6.00;6.11;5.98;6.01;6739054;60129188.000
08/09/2004;6.01;6.13;6.01;6.10;8015702;72128888.000
08/10/2004;6.11;6.17;6.07;6.14;7054553;63741788.000
08/11/2004;6.12;6.12;6.02;6.04;9795146;87667144.000
08/12/2004;6.00;6.08;5.93;6.07;8730709;77542336.000
08/13/2004;6.03;6.12;5.99;6.06;6055875;54386856.000
08/16/2004;6.06;6.18;5.98;6.01;16820869;151181072.000
08/17/2004;6.00;6.11;5.97;6.07;11240484;100751080.000
08/18/2004;6.08;6.20;6.07;6.11;16441220;149078320.000
08/19/2004;6.11;6.13;6.07;6.11;8416607;75844800.000
08/20/2004;6.09;6.18;6.08;6.12;16463405;148879536.000
08/23/2004;6.12;6.12;6.00;6.00;17138054;153525216.000
08/24/2004;5.94;6.06;5.94;6.00;11473754;102148312.000
08/25/2004;6.00;6.05;5.95;6.01;3981019;35371416.000
08/26/2004;6.00;6.03;5.96;6.01;3982858;35421808.000
08/27/2004;6.01;6.03;5.82;5.83;13247821;116184768.000
08/31/2004;6.00;6.08;5.83;5.94;14662533;129030784.000
09/01/2004;5.93;5.93;5.57;5.66;27274113;232903792.000
09/02/2004;5.65;5.71;5.50;5.61;24156405;203433200.000
09/03/2004;5.62;5.67;5.58;5.65;9714001;82136624.000
09/06/2004;5.60;5.66;5.58;5.63;5444726;45996752.000
09/07/2004;5.64;5.66;5.60;5.65;3628499;30669044.000
09/08/2004;5.63;5.65;5.49;5.53;10725973;89838704.000
09/09/2004;5.49;5.55;5.47;5.50;10191977;84724032.000
09/10/2004;5.48;5.52;5.39;5.51;17056368;140414336.000
09/13/2004;5.49;5.49;5.43;5.47;10381837;85810240.000
09/14/2004;5.49;5.73;5.49;5.67;26151654;221854304.000
09/15/2004;5.70;5.98;5.65;5.83;37304629;325214880.000
09/16/2004;5.87;5.90;5.75;5.83;18913162;164459728.000
09/17/2004;5.83;6.00;5.77;5.98;30991331;272522976.000
09/20/2004;6.09;6.13;5.96;6.11;56086869;503091840.000
09/21/2004;6.11;6.13;5.98;6.04;29742977;266284816.000
09/22/2004;6.03;6.11;5.83;5.87;24432878;215734864.000
09/23/2004;5.87;6.11;5.80;6.08;24304240;213725936.000
09/24/2004;6.13;6.33;6.00;6.02;89257071;810112064.000
09/27/2004;6.32;6.32;5.94;6.05;31737028;286083232.000
09/28/2004;6.01;6.10;6.00;6.03;14382351;128747792.000
09/29/2004;6.04;6.05;5.88;5.88;17560254;155207936.000
09/30/2004;5.88;5.93;5.81;5.86;17355712;151469552.000
10/08/2004;5.86;5.92;5.73;5.90;14072579;122007704.000
10/11/2004;5.90;5.90;5.75;5.83;19397509;168586112.000
10/12/2004;5.81;5.81;5.64;5.65;18636624;159047888.000
10/13/2004;5.65;5.69;5.57;5.59;19330959;163289216.000
10/14/2004;5.59;5.65;5.52;5.58;27098919;227011120.000
10/15/2004;5.53;5.75;5.53;5.68;17345970;146986896.000
10/18/2004;5.65;5.70;5.57;5.68;10492583;88644216.000
10/19/2004;5.66;5.77;5.65;5.66;8443547;72187032.000
10/20/2004;5.66;5.76;5.62;5.75;9560927;81606352.000
10/21/2004;5.75;5.84;5.67;5.68;12877090;110936944.000
10/22/2004;5.81;6.12;5.75;6.06;60188584;534716512.000
10/25/2004;6.16;6.18;5.94;5.94;27853651;249238720.000
10/26/2004;5.92;6.30;5.89;6.25;65387115;594948992.000
10/27/2004;6.26;6.30;6.20;6.27;55325184;508271648.000
10/28/2004;6.30;6.30;6.14;6.16;36495634;334407584.000
10/29/2004;5.96;6.23;5.94;6.10;39649615;357353280.000
11/01/2004;6.08;6.28;6.00;6.22;31512537;288470144.000
11/02/2004;6.22;6.31;6.16;6.24;32080422;294721760.000
11/03/2004;6.29;6.54;6.24;6.48;63492153;592709056.000
11/04/2004;6.50;6.54;6.18;6.23;52652246;493478688.000
11/05/2004;6.26;6.31;6.10;6.18;28480662;260646288.000
11/08/2004;6.18;6.36;6.14;6.27;22538028;208038992.000
11/09/2004;6.29;6.36;6.24;6.33;11414226;105925888.000
11/10/2004;6.35;6.64;6.28;6.54;42562367;404726400.000
11/11/2004;6.57;6.59;6.41;6.45;30853631;292673504.000
11/12/2004;6.43;6.58;6.39;6.52;18570682;175628576.000
11/15/2004;6.53;6.65;6.49;6.54;18521993;177036976.000
11/16/2004;6.54;6.56;6.40;6.43;18226444;171615872.000
11/17/2004;6.40;6.45;6.36;6.40;12474037;116853440.000
11/18/2004;6.40;6.50;6.38;6.42;10780374;101284760.000
11/19/2004;6.42;6.46;6.32;6.41;12244041;114162432.000
11/22/2004;6.42;6.43;6.28;6.33;14679115;136226944.000
11/23/2004;6.33;6.33;6.21;6.23;16952619;155649600.000
11/24/2004;6.22;6.39;6.18;6.24;21133026;194717200.000
11/25/2004;6.24;6.31;6.20;6.27;12948857;118932304.000
11/26/2004;6.27;6.29;6.18;6.23;9132878;83626624.000
11/29/2004;6.21;6.30;6.18;6.24;7289927;66716548.000
11/30/2004;6.23;6.34;6.21;6.28;11410535;105302568.000
12/01/2004;6.30;6.32;6.24;6.30;8614803;79501392.000
12/02/2004;6.30;6.30;6.06;6.13;19649908;177780640.000
12/03/2004;6.12;6.17;6.06;6.10;8910585;80276040.000
12/06/2004;6.09;6.20;6.07;6.15;4212538;38052668.000
12/07/2004;6.16;6.18;6.07;6.10;4638427;41843004.000
12/08/2004;6.15;6.20;6.06;6.08;10772356;97419720.000
12/09/2004;6.10;6.24;6.04;6.10;14610743;132625976.000
12/10/2004;6.10;6.13;5.99;6.00;10493521;93966984.000
12/13/2004;5.96;6.05;5.87;6.03;15224603;134730160.000
12/14/2004;6.01;6.07;5.97;6.00;7006484;62375728.000
12/15/2004;6.00;6.06;5.96;6.06;9982360;89034152.000
12/16/2004;6.06;6.12;6.00;6.07;6957300;62464236.000
12/17/2004;6.06;6.06;5.92;5.95;10231661;90703600.000
12/20/2004;5.92;6.00;5.77;5.89;19035111;165609344.000
12/21/2004;5.88;6.00;5.84;5.89;16353763;144198400.000
12/22/2004;5.91;6.02;5.75;6.00;21679249;190024368.000
12/23/2004;6.00;6.00;5.79;5.83;9843414;86347784.000
12/24/2004;5.83;5.90;5.79;5.83;5832748;50870336.000
12/27/2004;5.87;5.90;5.81;5.83;12254212;106717312.000
12/28/2004;5.83;5.85;5.77;5.82;12444713;107869288.000
12/29/2004;5.83;5.94;5.82;5.89;13334867;116620008.000
12/30/2004;5.89;5.90;5.81;5.85;15121793;131876312.000
12/31/2004;5.89;5.94;5.85;5.91;19116409;168080656.000
01/04/2005;5.88;5.88;5.75;5.80;20129673;174453344.000
01/05/2005;5.80;5.92;5.80;5.91;13661040;119066744.000
01/06/2005;5.91;5.91;5.83;5.85;10004968;87360456.000
01/07/2005;5.86;6.00;5.85;5.87;11113603;97873368.000
01/10/2005;5.88;5.99;5.88;5.98;12727686;112592480.000
01/11/2005;5.98;6.04;5.94;6.01;10304366;91726712.000
01/12/2005;6.00;6.06;5.96;6.04;6420023;57189212.000
01/13/2005;6.03;6.05;5.94;5.95;8819100;78376632.000
01/14/2005;5.95;6.01;5.83;5.84;11682014;102969104.000
01/17/2005;5.79;5.85;5.64;5.71;23327166;200352896.000
01/18/2005;5.71;5.73;5.57;5.66;16696951;141422688.000
01/19/2005;5.66;5.71;5.58;5.60;15029674;127354424.000
01/20/2005;5.56;5.65;5.38;5.57;28859532;239825504.000
01/21/2005;5.51;5.79;5.41;5.64;25898836;217865216.000
01/24/2005;5.78;5.81;5.57;5.72;25354619;215677440.000
01/25/2005;5.70;5.70;5.61;5.67;9692333;82208688.000
01/26/2005;5.65;5.73;5.60;5.67;4902086;41723300.000
01/27/2005;5.65;5.73;5.62;5.68;10061532;85910776.000
01/28/2005;5.66;5.71;5.65;5.66;7272292;62023552.000
01/31/2005;5.71;5.72;5.58;5.69;9318579;79428776.000
02/01/2005;5.70;5.76;5.65;5.73;7080631;60646472.000
02/02/2005;5.73;5.98;5.73;5.97;30562827;267725952.000
02/03/2005;5.97;6.00;5.83;5.89;13001637;114262352.000
02/04/2005;5.89;6.09;5.83;6.00;18186487;161134208.000
02/16/2005;6.08;6.08;5.95;5.97;13985550;124369104.000
02/17/2005;5.97;5.97;5.80;5.83;16159531;140869776.000
02/18/2005;5.83;5.88;5.81;5.83;4964131;43202500.000
02/21/2005;5.86;5.92;5.81;5.89;8437018;73786512.000
02/22/2005;5.96;6.05;5.88;5.96;21809714;192137168.000
02/23/2005;5.99;5.99;5.83;5.88;20759233;181814032.000
02/24/2005;5.85;5.89;5.82;5.85;14212238;123849456.000
02/25/2005;5.85;5.97;5.83;5.83;30816045;270430240.000
02/28/2005;5.83;5.85;5.67;5.71;26132273;224704688.000
03/01/2005;5.71;5.77;5.65;5.75;12553917;107414632.000
03/02/2005;5.77;6.00;5.77;5.88;63460996;559674432.000
03/04/2005;5.92;6.02;5.91;5.92;32665988;289570112.000
03/07/2005;5.95;5.98;5.92;5.94;7706337;67997136.000
03/08/2005;5.94;5.99;5.89;5.98;13663972;120748400.000
03/09/2005;6.00;6.13;5.92;5.94;25235172;225758304.000
03/10/2005;5.93;5.97;5.86;5.90;13939749;122556576.000
03/11/2005;5.89;6.01;5.88;5.93;11918410;105162656.000
03/14/2005;5.94;6.09;5.87;6.00;26003173;230739744.000
03/15/2005;6.00;6.02;5.81;5.83;14801517;129358176.000
03/16/2005;5.82;5.83;5.66;5.70;20434909;175514624.000
03/17/2005;5.73;5.77;5.65;5.71;13534598;115615384.000
03/18/2005;5.71;5.78;5.67;5.69;9177561;78655456.000
03/21/2005;5.69;5.79;5.69;5.73;5292379;45514040.000
03/22/2005;5.75;5.83;5.65;5.79;9341012;80024904.000
03/23/2005;5.79;5.79;5.67;5.74;10660091;91258384.000
03/24/2005;5.73;5.85;5.66;5.83;16199594;139697584.000
03/25/2005;5.83;5.88;5.74;5.86;7791458;67350520.000
03/28/2005;5.82;5.83;5.74;5.83;6927564;59848096.000
03/29/2005;5.89;5.89;5.75;5.76;9750442;84435136.000
03/30/2005;5.75;5.82;5.71;5.77;11458043;98832400.000
03/31/2005;5.75;5.80;5.65;5.79;11721060;100471616.000
04/01/2005;5.79;6.07;5.74;5.99;32827366;289989184.000
04/04/2005;5.88;5.99;5.83;5.91;12472348;109599872.000
04/05/2005;5.89;5.94;5.78;5.78;9591615;83501016.000
04/06/2005;5.79;5.99;5.77;5.94;18312811;160916256.000
04/07/2005;5.94;6.13;5.91;5.91;36123496;322252544.000
04/08/2005;5.88;5.92;5.75;5.91;21358805;185377808.000
04/11/2005;5.90;5.90;5.75;5.82;14621010;126763248.000
04/12/2005;5.79;5.85;5.77;5.79;7328698;63486132.000
04/13/2005;5.83;5.94;5.75;5.81;14491359;126780480.000
04/14/2005;5.86;5.87;5.73;5.74;13037129;112711728.000
04/15/2005;5.69;5.79;5.66;5.71;14341299;122842160.000
04/18/2005;5.71;5.71;5.47;5.52;40844904;341968864.000
04/19/2005;5.49;5.59;5.47;5.57;10044565;84144680.000
04/20/2005;5.56;5.58;5.53;5.53;8904629;74501976.000
04/21/2005;5.53;5.55;5.36;5.46;23220199;191530944.000
04/22/2005;5.41;5.49;5.39;5.42;13662344;112278192.000
04/25/2005;5.41;5.51;5.40;5.47;6415510;53019360.000
04/26/2005;5.47;5.55;5.45;5.49;7923858;65915256.000
04/27/2005;5.51;5.57;5.43;5.45;7312136;60732912.000
04/28/2005;5.45;5.61;5.43;5.57;10441278;87262208.000
04/29/2005;5.62;5.64;5.48;5.49;9457522;78903000.000
05/10/2005;5.32;5.37;5.11;5.17;52396747;415387744.000
05/11/2005;5.15;5.17;4.89;4.95;22106372;171906480.000
05/12/2005;4.90;4.92;4.69;4.71;38125851;285670848.000
05/13/2005;4.68;4.94;4.65;4.87;19470770;146638768.000
05/16/2005;4.72;4.90;4.70;4.76;18252968;137410304.000
05/17/2005;4.76;4.94;4.72;4.84;14233242;107855488.000
05/18/2005;4.91;5.09;4.81;4.98;40316100;309705120.000
05/19/2005;4.99;5.06;4.93;5.05;14840276;114171616.000
05/20/2005;5.05;5.07;5.01;5.05;11854896;92279664.000
05/23/2005;5.02;5.05;4.96;4.99;8569942;66217892.000
05/24/2005;5.00;5.00;4.82;4.90;13395526;99599224.000
05/25/2005;4.91;5.16;4.90;5.06;10775968;81564672.000
05/26/2005;5.02;5.12;5.01;5.05;6495633;49377604.000
05/27/2005;5.01;5.13;4.97;5.02;15842305;120747832.000
05/30/2005;4.99;5.10;4.95;5.05;14236014;108019672.000
05/31/2005;5.08;5.30;5.06;5.23;24390104;189093728.000
06/01/2005;5.22;5.25;5.11;5.14;15498690;119987152.000
06/02/2005;5.16;5.17;4.91;4.95;16807351;126656088.000
06/03/2005;4.94;4.99;4.84;4.98;12351372;91463120.000
06/06/2005;4.98;5.25;4.96;5.21;16705688;128333568.000
06/07/2005;5.26;5.40;5.20;5.21;21949769;172816176.000
06/08/2005;5.41;5.87;5.23;5.75;97103986;803131584.000
06/09/2005;5.67;5.78;5.48;5.77;87826704;726945088.000
06/10/2005;5.76;5.76;5.39;5.55;82297442;666998848.000
06/13/2005;5.49;5.49;5.32;5.38;28493513;227099040.000
06/14/2005;5.41;5.51;5.34;5.34;23919706;191611136.000
06/15/2005;5.33;5.38;5.24;5.28;13832679;108997040.000
06/16/2005;5.31;5.57;5.31;5.56;45227537;364313088.000
06/17/2005;5.57;5.64;5.53;5.56;37640310;308443328.000
07/05/2005;5.59;5.76;5.56;5.65;125490624;1038146432.000
07/06/2005;5.63;5.68;5.57;5.64;29224437;241629248.000
07/07/2005;5.64;5.69;5.59;5.68;15576715;128944648.000
07/08/2005;5.67;5.67;5.57;5.66;17006920;140118016.000
07/11/2005;5.71;5.76;5.65;5.66;12991696;108305688.000
07/12/2005;5.63;5.85;5.58;5.77;28843027;242030048.000
07/13/2005;5.80;5.80;5.71;5.77;11521504;96913504.000
07/14/2005;5.76;5.89;5.76;5.83;14019377;119027392.000
07/15/2005;5.80;5.85;5.75;5.77;7738263;65268368.000
07/18/2005;5.75;5.85;5.72;5.83;6727429;56896256.000
07/19/2005;5.83;5.83;5.76;5.80;5771604;48689168.000
07/20/2005;5.83;5.86;5.75;5.85;16981808;144002848.000
07/21/2005;5.89;6.07;5.85;6.05;29528088;257039840.000
08/15/2005;6.94;7.11;6.65;7.05;195544666;1544279296.000
08/16/2005;7.06;7.08;6.81;6.91;85346089;674049536.000
08/17/2005;6.90;6.99;6.83;6.97;32736000;257000288.000
08/18/2005;6.98;6.99;6.69;6.73;57713596;449949632.000
08/19/2005;6.73;6.83;6.68;6.76;26673709;204732064.000
08/22/2005;6.83;6.97;6.78;6.95;40362402;316799872.000
08/23/2005;6.92;7.00;6.83;6.97;34110094;268602368.000
08/24/2005;6.96;6.99;6.87;6.91;15943235;125498960.000
08/25/2005;6.95;6.97;6.89;6.90;16213679;127467616.000
08/26/2005;6.89;6.91;6.73;6.77;18504009;142905744.000
08/29/2005;6.77;6.77;6.68;6.76;11114254;85053304.000
08/30/2005;6.82;6.90;6.75;6.83;12120177;94284152.000
08/31/2005;6.91;6.93;6.83;6.90;18160335;141798304.000
09/01/2005;6.91;6.99;6.88;6.92;30227092;238770992.000
09/02/2005;6.91;6.96;6.89;6.94;12407521;97516240.000
09/05/2005;6.96;6.99;6.86;6.88;12257966;96198264.000
09/06/2005;6.89;6.92;6.84;6.89;13117997;102746040.000
09/07/2005;6.88;6.88;6.76;6.85;12600608;97839672.000
09/08/2005;6.84;6.84;6.74;6.77;16757355;129391080.000
09/09/2005;6.76;6.80;6.73;6.77;16719354;128755536.000
09/12/2005;6.78;6.78;6.68;6.70;14295271;109289672.000
09/13/2005;6.68;6.77;6.66;6.75;13243672;101207288.000
09/14/2005;6.75;6.77;6.65;6.70;19756013;150846992.000
09/15/2005;6.69;6.70;6.64;6.65;18865076;143563264.000
09/16/2005;6.64;6.69;6.58;6.59;15972049;120732544.000
09/19/2005;6.59;6.69;6.58;6.65;13031947;98999384.000
09/20/2005;6.66;6.77;6.65;6.70;20439346;156419952.000
09/21/2005;6.69;6.70;6.58;6.60;10735124;81266208.000
09/22/2005;6.58;6.64;6.48;6.59;19804320;148161968.000
09/23/2005;6.61;6.61;6.52;6.52;8149913;61088732.000
09/26/2005;6.52;6.54;6.47;6.51;6092356;45370492.000
09/27/2005;6.51;6.55;6.38;6.40;14455330;106952696.000
09/28/2005;6.40;6.52;6.39;6.50;16595645;123077984.000
09/29/2005;6.50;6.54;6.45;6.50;11581308;86065184.000
10/10/2005;6.50;6.60;6.46;6.51;7610618;57040040.000
10/11/2005;6.51;6.57;6.47;6.56;5244094;39075972.000
10/12/2005;6.55;6.59;6.44;6.56;16310182;121490760.000
10/13/2005;6.56;6.62;6.48;6.53;12203657;91602440.000
10/14/2005;6.53;6.53;6.35;6.36;11649556;85823280.000
10/17/2005;6.36;6.37;6.28;6.36;6894986;50104888.000
10/18/2005;6.36;6.36;6.17;6.23;14076379;101351648.000
10/19/2005;6.23;6.23;6.11;6.13;10238371;72703456.000
10/20/2005;6.12;6.23;6.08;6.17;8141083;58036864.000
10/21/2005;6.17;6.21;6.03;6.05;14336003;100520704.000
10/24/2005;6.06;6.11;5.98;6.03;8527892;59595252.000
10/25/2005;6.01;6.10;5.96;6.04;11725421;81566664.000
10/26/2005;6.04;6.12;6.01;6.07;12878664;90286872.000
10/27/2005;6.07;6.27;6.07;6.20;18705504;133525168.000
10/28/2005;6.19;6.31;6.10;6.28;17062248;122159952.000
10/31/2005;6.26;6.41;6.24;6.30;15812778;114913112.000
11/01/2005;6.29;6.35;6.16;6.22;16845061;120806112.000
11/02/2005;6.22;6.38;6.21;6.23;15011416;108409368.000
11/03/2005;6.24;6.33;6.21;6.25;8784869;63531896.000
11/04/2005;6.23;6.34;6.19;6.27;11478791;82634392.000
11/07/2005;6.27;6.31;6.22;6.28;4055313;29267356.000
11/08/2005;6.27;6.32;6.21;6.21;7095982;50994572.000
11/09/2005;6.21;6.27;6.04;6.09;31718521;223542976.000
11/10/2005;6.08;6.09;5.94;6.02;20648645;143628000.000
11/11/2005;6.02;6.06;5.92;5.97;11013449;76267216.000
11/14/2005;5.97;6.07;5.95;6.04;7274311;50506692.000
11/15/2005;6.04;6.08;6.01;6.02;6561524;45794544.000
11/16/2005;6.01;6.11;5.96;6.08;7578026;52837596.000
11/17/2005;6.06;6.09;6.05;6.07;5285795;37053420.000
11/18/2005;6.06;6.23;6.04;6.19;16369525;116051504.000
11/21/2005;6.21;6.23;6.13;6.18;6481098;46036636.000
11/22/2005;6.16;6.18;6.07;6.08;7807744;55011472.000
11/23/2005;6.06;6.12;6.04;6.07;6508849;45646176.000
11/24/2005;6.06;6.36;6.05;6.26;25851650;185865920.000
11/25/2005;6.26;6.35;6.22;6.35;16417394;118765304.000
11/28/2005;6.34;6.51;6.26;6.32;24772717;181752208.000
11/29/2005;6.30;6.31;6.16;6.19;15925523;113954024.000
11/30/2005;6.16;6.22;6.10;6.19;11917023;84409680.000
12/01/2005;6.19;6.22;6.06;6.13;8914027;63229348.000
12/02/2005;6.13;6.20;6.06;6.12;12982647;91531760.000
12/05/2005;6.09;6.22;6.07;6.20;12457395;88727160.000
12/06/2005;6.19;6.27;6.15;6.21;12407942;88666232.000
12/07/2005;6.21;6.32;6.20;6.23;21031351;151492352.000
12/08/2005;6.23;6.32;6.15;6.18;15129873;108106496.000
12/09/2005;6.24;6.33;6.16;6.27;15137670;108796192.000
12/12/2005;6.28;6.33;6.24;6.26;11121936;80139400.000
12/13/2005;6.25;6.29;6.14;6.19;20553428;146512128.000
12/14/2005;6.19;6.20;6.04;6.11;46687686;327340416.000
12/15/2005;6.11;6.14;6.04;6.09;39535850;277446528.000
12/16/2005;6.09;6.16;6.05;6.12;27286279;192017296.000
12/19/2005;6.11;6.13;6.04;6.08;26186427;183377456.000
12/20/2005;6.07;6.12;6.03;6.11;24844243;174055168.000
12/21/2005;6.11;6.12;6.03;6.04;22156518;155128688.000
12/22/2005;6.04;6.14;6.03;6.11;22780664;159914528.000
12/23/2005;6.11;6.12;6.03;6.06;31640763;221344512.000
12/26/2005;6.06;6.12;6.05;6.09;40269711;282512896.000
12/27/2005;6.10;6.11;5.97;5.99;46511941;323337696.000
12/28/2005;5.98;5.99;5.92;5.98;47899392;330251008.000
12/29/2005;5.99;6.07;5.94;6.06;58769170;408505632.000
12/30/2005;6.06;6.10;5.96;5.98;33497959;233189744.000
01/04/2006;5.98;6.03;5.91;6.02;71624123;493613152.000
01/05/2006;6.03;6.10;5.98;6.08;81900813;572391616.000
01/06/2006;6.11;6.38;6.05;6.27;112351271;805129024.000
01/09/2006;6.28;6.32;6.19;6.24;64419781;462203872.000
01/10/2006;6.24;6.25;6.11;6.18;71058256;503926912.000
01/11/2006;6.17;6.17;6.07;6.08;67630465;476595200.000
01/12/2006;6.06;6.15;6.04;6.12;55383684;388635232.000
01/13/2006;6.12;6.13;6.02;6.03;50468870;353157376.000
01/16/2006;6.02;6.04;5.85;5.88;61593303;423672512.000
01/17/2006;5.87;5.87;5.76;5.79;59141079;398167616.000
01/18/2006;5.78;5.87;5.75;5.87;51427235;348015168.000
01/19/2006;5.87;5.90;5.78;5.84;48634765;328988544.000
01/20/2006;5.81;5.98;5.78;5.93;64489908;441968032.000
01/23/2006;5.93;5.93;5.82;5.86;35950629;244369488.000
01/24/2006;5.86;5.86;5.75;5.77;57035198;383731744.000
01/25/2006;5.77;5.83;5.69;5.71;43716982;291694912.000
02/06/2006;5.72;5.80;5.70;5.80;36076702;241349312.000
02/07/2006;5.80;5.92;5.72;5.91;54144606;365247904.000
02/08/2006;5.90;6.04;5.85;5.95;67913745;468759648.000
02/09/2006;5.95;5.98;5.81;5.81;47060195;321922656.000
02/10/2006;5.81;5.88;5.79;5.84;19004694;129014272.000
02/13/2006;5.83;5.88;5.72;5.77;34543012;232665616.000
02/14/2006;5.78;5.91;5.78;5.89;39628914;269171424.000
02/15/2006;5.89;6.00;5.85;5.91;44739160;306490368.000
02/16/2006;5.91;5.95;5.75;5.81;54814904;371235552.000
02/17/2006;5.80;5.85;5.75;5.79;26789695;180500272.000
02/20/2006;5.78;5.85;5.75;5.76;18133133;122231296.000
02/21/2006;5.76;5.85;5.71;5.84;40816169;274809632.000
02/22/2006;5.84;5.97;5.82;5.86;66000141;451806624.000
02/23/2006;5.88;5.94;5.84;5.90;23617224;161245392.000
02/24/2006;5.90;5.96;5.89;5.91;25749027;176583712.000
02/27/2006;5.91;5.96;5.86;5.87;28512191;195053712.000
02/28/2006;5.87;5.88;5.78;5.84;27408684;184892816.000
03/01/2006;5.84;5.89;5.79;5.86;23456317;158793312.000
03/02/2006;5.86;5.86;5.73;5.74;37543894;252282064.000
03/03/2006;5.74;5.80;5.72;5.80;22358311;149629776.000
03/06/2006;5.79;5.79;5.72;5.75;20890519;139609440.000
03/07/2006;5.76;5.76;5.55;5.57;46915257;307900032.000
03/08/2006;5.56;5.60;5.40;5.46;45298449;290661184.000
03/09/2006;5.46;5.52;5.44;5.48;16455317;105655176.000
03/10/2006;5.48;5.52;5.46;5.50;15299209;98379272.000
03/13/2006;5.48;5.49;5.42;5.46;21658811;138452288.000
03/14/2006;5.46;5.55;5.43;5.51;20314999;130948264.000
03/15/2006;5.51;5.65;5.51;5.58;25570781;166986256.000
03/16/2006;5.59;5.62;5.50;5.51;16798726;108849392.000
03/17/2006;5.51;5.51;5.46;5.49;11800203;75867888.000
03/20/2006;5.49;5.68;5.47;5.67;29908551;194628704.000
03/21/2006;5.66;5.67;5.57;5.58;19994867;130814872.000
03/22/2006;5.58;5.61;5.51;5.54;19903177;128879608.000
03/23/2006;5.54;5.56;5.44;5.52;49944090;320432768.000
03/24/2006;5.52;5.53;5.42;5.44;34133537;218530096.000
03/27/2006;5.44;5.50;5.44;5.49;14146433;90614064.000
03/28/2006;5.49;5.57;5.46;5.51;28224531;182013808.000
03/29/2006;5.52;5.64;5.51;5.58;48415994;314806432.000
03/30/2006;5.58;5.66;5.56;5.56;34391227;224870864.000
03/31/2006;5.56;5.56;5.45;5.47;29677201;190537232.000
04/03/2006;5.47;5.54;5.44;5.53;40580601;260029696.000
04/04/2006;5.53;5.68;5.50;5.62;65623929;428601504.000
04/05/2006;5.63;5.77;5.63;5.68;64224666;427315328.000
04/06/2006;5.68;5.73;5.57;5.59;38174366;249731792.000
04/07/2006;5.60;5.63;5.49;5.51;35373292;228838384.000
04/10/2006;5.51;5.59;5.50;5.57;36525079;236932944.000
04/11/2006;5.58;5.74;5.57;5.70;73141226;484000416.000
04/12/2006;5.71;5.79;5.64;5.66;48687439;324697280.000
04/13/2006;5.66;5.76;5.60;5.63;42041873;278105184.000
04/14/2006;5.63;5.75;5.58;5.74;35895251;238314816.000
04/17/2006;5.74;5.90;5.69;5.83;65941188;447015424.000
04/18/2006;5.85;5.91;5.81;5.82;47835313;325706592.000
04/19/2006;5.83;5.87;5.74;5.76;38441992;258552912.000
04/20/2006;5.76;5.81;5.66;5.68;42596742;283641120.000
04/21/2006;5.69;5.74;5.62;5.69;37259690;246073984.000
04/24/2006;5.69;5.70;5.56;5.57;38646442;253277408.000
04/25/2006;5.56;5.62;5.45;5.54;41894288;269930720.000
04/26/2006;5.54;5.71;5.47;5.63;34947277;228425296.000
04/27/2006;5.63;5.65;5.51;5.54;27749709;180231536.000
05/08/2006;5.67;6.09;5.67;6.07;149537035;1025089024.000
05/09/2006;6.10;6.17;5.93;6.03;101854217;709147904.000
05/10/2006;6.06;6.14;5.96;6.06;71100528;497881184.000
05/11/2006;6.06;6.18;5.96;6.05;80015551;561168384.000
05/12/2006;6.04;6.12;6.00;6.12;72600256;509139296.000
05/15/2006;6.15;6.44;6.11;6.41;119267519;861222592.000
05/16/2006;6.51;7.03;6.51;6.75;138020298;1069588032.000
05/17/2006;6.81;7.21;6.81;7.19;183347575;1453407360.000
05/18/2006;6.75;6.75;6.38;6.38;138004922;1016127296.000
05/19/2006;6.34;6.42;6.26;6.36;96159196;698252544.000
05/22/2006;6.36;6.44;6.20;6.29;89290771;646940928.000
05/23/2006;6.24;6.36;6.08;6.17;80586013;576489088.000
05/24/2006;6.21;6.31;6.09;6.29;74611608;532638752.000
05/25/2006;6.34;6.35;6.06;6.12;66675275;473037472.000
05/26/2006;6.12;6.16;6.07;6.14;49133988;346138048.000
05/29/2006;6.14;6.16;6.00;6.10;81890869;573637504.000
05/30/2006;6.11;6.13;6.01;6.09;56092561;392716064.000
05/31/2006;6.10;6.11;5.94;5.97;58817078;409438528.000
06/01/2006;5.97;6.11;5.96;6.04;71534344;498959008.000
06/02/2006;6.04;6.07;5.81;5.85;95109379;651832128.000
06/05/2006;5.84;5.98;5.73;5.97;76186262;516260864.000
06/06/2006;5.96;6.01;5.89;5.95;40440747;279051136.000
06/07/2006;6.00;6.01;5.73;5.77;58111527;382667360.000
06/08/2006;5.73;6.05;5.68;6.01;104275603;694474496.000
06/09/2006;6.01;6.02;5.85;5.87;41543315;276938848.000
06/12/2006;5.85;5.96;5.82;5.91;38967702;259140672.000
06/13/2006;5.91;5.96;5.84;5.86;21546612;143235936.000
06/14/2006;5.85;5.97;5.81;5.95;42938776;286311648.000
06/15/2006;5.95;5.96;5.89;5.90;19228547;128408960.000
06/16/2006;5.90;5.95;5.88;5.93;27104350;180715104.000
06/19/2006;5.91;5.93;5.87;5.90;29175527;193918992.000
06/20/2006;5.90;5.96;5.83;5.91;38379872;254980672.000
06/21/2006;5.91;5.95;5.85;5.88;36461583;242576304.000
06/22/2006;5.87;5.93;5.86;5.87;21733513;144357312.000
06/23/2006;5.87;5.93;5.84;5.88;25748918;170536992.000
06/26/2006;5.88;5.97;5.81;5.94;65881412;438965696.000
06/27/2006;5.94;5.95;5.87;5.91;28496145;189453520.000
06/28/2006;5.91;5.95;5.86;5.92;30248642;201041936.000
06/29/2006;5.93;6.09;5.92;6.05;67818288;459302720.000
06/30/2006;6.11;6.21;6.06;6.10;56833528;390421792.000
07/03/2006;6.14;6.14;6.05;6.12;29378475;201147328.000
07/04/2006;6.13;6.17;6.06;6.09;38612704;265664784.000
07/05/2006;6.08;6.10;5.94;6.00;26262423;177538528.000
07/06/2006;6.00;6.04;5.96;6.03;25577967;172543264.000
07/07/2006;6.02;6.02;5.90;5.93;37912594;253459920.000
07/10/2006;5.90;5.97;5.86;5.94;20695996;137848768.000
07/11/2006;5.93;5.96;5.88;5.94;20311948;135362112.000
07/12/2006;5.93;5.93;5.84;5.84;35479738;234832672.000
07/13/2006;5.84;5.85;5.59;5.61;47116623;303397088.000
07/14/2006;5.61;5.65;5.56;5.59;22737092;144487056.000
07/17/2006;5.58;5.68;5.54;5.64;19193680;122004400.000
07/18/2006;5.64;5.66;5.58;5.60;11065020;70212208.000
07/19/2006;5.60;5.64;5.51;5.52;19268349;121976176.000
07/20/2006;5.52;5.57;5.46;5.56;19377984;121161520.000
07/21/2006;5.55;5.57;5.47;5.49;12337497;77289800.000
07/24/2006;5.48;5.61;5.40;5.58;17403824;109649248.000
07/25/2006;5.59;5.70;5.55;5.63;16926898;108270952.000
07/26/2006;5.64;5.74;5.59;5.60;13133436;84452360.000
07/27/2006;5.62;5.75;5.62;5.68;24948083;160915520.000
07/28/2006;5.69;5.73;5.61;5.62;9412381;60198080.000
07/31/2006;5.62;5.64;5.43;5.44;14092811;88015760.000
08/01/2006;5.44;5.51;5.43;5.44;8857914;54974644.000
08/02/2006;5.45;5.52;5.42;5.44;8495971;52734248.000
08/03/2006;5.45;5.46;5.39;5.42;8461412;52214760.000
08/04/2006;5.43;5.44;5.37;5.37;13698809;84341560.000
08/07/2006;5.38;5.54;5.31;5.43;18815501;116470696.000
08/08/2006;5.43;5.49;5.42;5.45;6490928;40224088.000
08/09/2006;5.45;5.46;5.35;5.37;9859718;60814620.000
08/10/2006;5.35;5.61;5.35;5.60;28589674;178612320.000
08/11/2006;5.60;5.75;5.56;5.66;41385650;266185872.000
08/14/2006;5.65;5.66;5.40;5.46;16266842;102409416.000
08/15/2006;5.45;5.59;5.43;5.55;13179135;82582000.000
08/16/2006;5.54;5.62;5.49;5.55;18451665;116179912.000
08/17/2006;5.55;5.56;5.46;5.50;11085644;69435328.000
08/18/2006;5.50;5.64;5.50;5.57;12585720;79654648.000
08/21/2006;5.45;5.55;5.44;5.53;6999930;43807284.000
08/22/2006;5.53;5.60;5.49;5.54;11375371;71544408.000
08/23/2006;5.52;5.57;5.50;5.52;11024137;69205608.000
08/24/2006;5.51;5.64;5.49;5.60;13429990;85095792.000
08/25/2006;5.60;5.77;5.58;5.65;32411993;209199920.000
08/28/2006;5.65;5.75;5.64;5.72;12460356;80478016.000
08/29/2006;5.73;5.74;5.64;5.65;9278850;59690992.000
08/30/2006;5.65;5.65;5.55;5.62;12705262;80699568.000
08/31/2006;5.60;5.63;5.54;5.55;10071309;63598676.000
09/01/2006;5.54;5.59;5.49;5.51;10253212;64298736.000
09/04/2006;5.51;5.56;5.49;5.54;13158787;82539560.000
09/05/2006;5.55;5.57;5.50;5.52;9856646;61882840.000
09/06/2006;5.52;5.56;5.49;5.54;7157992;44877760.000
09/07/2006;5.54;5.55;5.44;5.45;10877529;67850528.000
09/08/2006;5.46;5.57;5.44;5.56;14631411;91378960.000
09/11/2006;5.55;5.55;5.51;5.52;11338195;71194976.000
09/12/2006;5.52;5.61;5.49;5.59;22956967;144575328.000
09/13/2006;5.60;5.71;5.58;5.66;44364635;285035200.000
09/14/2006;5.66;5.68;5.56;5.61;15335425;97552112.000
09/15/2006;5.60;6.10;5.60;6.06;130434820;867254464.000
09/18/2006;6.05;6.11;6.00;6.04;50175123;341674464.000
09/19/2006;6.05;6.11;6.03;6.08;31384429;214298464.000
09/20/2006;6.05;6.06;5.89;5.92;34085287;228688352.000
09/21/2006;5.94;6.03;5.79;5.84;29843514;198447200.000
09/22/2006;5.85;5.93;5.80;5.84;17675131;116741464.000
09/25/2006;5.83;5.88;5.75;5.82;10032582;65811640.000
09/26/2006;5.83;5.85;5.69;5.74;17973203;116794880.000
09/27/2006;5.73;5.81;5.69;5.80;12277656;79745632.000
09/28/2006;5.81;5.83;5.74;5.82;32588156;212712848.000
10/09/2006;5.92;6.06;5.88;5.95;41094538;276157504.000
10/10/2006;5.98;6.13;5.93;6.12;50534606;342608960.000
10/11/2006;6.09;6.09;5.94;6.02;29514376;199494256.000
10/12/2006;6.03;6.13;5.96;6.06;26386067;179777312.000
10/13/2006;6.03;6.17;6.01;6.09;37442769;257090608.000
10/16/2006;6.09;6.15;5.94;5.96;18297878;124308864.000
10/17/2006;5.95;6.00;5.89;5.91;14291437;95700984.000
10/18/2006;5.91;6.06;5.91;5.97;11105870;74767248.000
10/19/2006;6.04;6.05;5.95;5.97;12941900;87472032.000
10/20/2006;5.97;6.06;5.96;6.00;12547256;84795184.000
10/23/2006;5.98;6.05;5.86;5.89;11182292;75056848.000
10/24/2006;5.88;6.01;5.87;5.99;16858600;113166920.000
10/25/2006;5.99;6.08;5.95;6.00;20472816;138621168.000
10/26/2006;6.00;6.07;5.94;6.05;35036693;236669440.000
10/27/2006;6.07;6.17;6.00;6.10;54868370;375532256.000
10/30/2006;6.10;6.34;6.09;6.33;71250538;498259904.000
10/31/2006;6.35;6.46;6.27;6.36;58407193;416353824.000
11/01/2006;6.36;6.49;6.33;6.40;38918269;278446272.000
11/02/2006;6.39;6.55;6.37;6.39;58000772;418847840.000
11/03/2006;6.44;6.63;6.44;6.51;55409785;403683136.000
11/06/2006;6.48;6.96;6.43;6.88;114984909;864139968.000
11/07/2006;6.91;7.02;6.81;6.94;80956260;621536768.000
11/08/2006;6.93;7.07;6.83;6.87;44431543;341228512.000
11/09/2006;6.82;6.93;6.65;6.84;70708280;532476192.000
11/10/2006;6.81;6.98;6.65;6.66;72374586;548524736.000
11/13/2006;6.64;6.92;6.63;6.67;46217068;347724448.000
11/14/2006;6.67;6.73;6.41;6.51;42715661;310788512.000
11/15/2006;6.52;6.83;6.47;6.79;50217343;371251648.000
11/16/2006;6.81;6.90;6.59;6.64;52851039;397672640.000
11/17/2006;6.63;6.86;6.55;6.85;40370029;301776000.000
11/20/2006;6.97;6.98;6.82;6.94;51482907;393923648.000
11/21/2006;6.90;7.00;6.78;6.94;37128029;284040704.000
11/22/2006;6.92;7.35;6.85;7.11;79870231;630883968.000
11/23/2006;7.11;7.34;7.05;7.16;44695034;355852288.000
11/24/2006;7.16;7.31;7.07;7.16;31229225;247528608.000
11/27/2006;7.15;7.35;7.08;7.33;36326504;290923168.000
11/28/2006;7.33;7.44;7.17;7.29;34896331;280601056.000
11/29/2006;7.15;7.31;7.04;7.19;43902885;346765888.000
11/30/2006;7.20;7.31;7.11;7.24;49745387;395997600.000
12/01/2006;7.25;7.29;7.11;7.19;43713495;345977120.000
12/04/2006;7.23;7.52;7.20;7.45;57765755;470397536.000
12/05/2006;7.46;7.61;7.41;7.61;58279145;480326688.000
12/06/2006;7.58;7.83;7.27;7.45;62258398;516895040.000
12/07/2006;7.51;7.81;7.42;7.43;77796425;653697408.000
12/08/2006;7.33;7.56;7.27;7.31;47272565;384881728.000
12/11/2006;7.35;7.57;7.33;7.56;34720350;284801952.000
12/12/2006;7.59;7.64;7.38;7.44;27991374;230924112.000
12/13/2006;7.45;7.72;7.34;7.35;63401659;523177632.000
12/14/2006;7.43;7.63;7.35;7.62;60850699;499366528.000
12/15/2006;7.64;7.74;7.52;7.55;44771870;373327104.000
12/18/2006;7.54;7.70;7.38;7.54;81352153;672876288.000
12/19/2006;7.56;7.66;7.43;7.54;58132343;480778016.000
12/20/2006;7.56;8.01;7.53;7.94;98571735;842085824.000
12/21/2006;7.90;8.19;7.83;7.84;61667038;540563648.000
12/22/2006;7.76;8.05;7.73;7.94;48168219;417912320.000
12/25/2006;8.03;8.34;7.95;8.15;57960953;519511584.000
12/26/2006;8.15;8.30;7.83;8.00;50821173;445991360.000
12/27/2006;8.00;8.29;7.95;8.25;52394711;466980672.000
12/28/2006;8.31;9.15;8.27;9.00;90588425;870202624.000
12/29/2006;9.06;9.19;8.81;9.02;64487581;628981568.000
01/04/2007;9.15;9.63;8.95;9.07;90027226;907741440.000
01/05/2007;8.90;9.66;8.75;9.45;89453759;899331072.000
01/08/2007;9.53;10.16;9.46;9.58;66491627;700586432.000
01/09/2007;9.61;9.88;9.40;9.84;56925233;590490880.000
01/10/2007;9.74;10.03;9.47;9.83;59492935;620451520.000
01/11/2007;9.84;9.87;9.36;9.43;62332221;645066688.000
01/12/2007;9.35;9.35;8.81;8.82;91082170;890929216.000
01/15/2007;8.75;9.16;8.70;9.14;53469732;519035840.000
01/16/2007;9.25;9.32;8.75;9.21;92790037;905208256.000
01/17/2007;9.35;9.79;9.13;9.41;125831618;1288034688.000
01/18/2007;9.31;9.61;8.90;9.03;123523636;1226502400.000
01/19/2007;9.00;9.51;9.00;9.47;82727554;830845184.000
01/22/2007;9.55;9.87;9.50;9.78;95065513;997253504.000
01/23/2007;9.86;9.95;9.38;9.60;69707051;728616704.000
01/24/2007;9.55;10.15;9.55;10.11;127961953;1355993472.000
01/25/2007;10.04;10.60;9.80;10.23;123662918;1351428736.000
01/26/2007;10.07;10.75;9.97;10.58;117252230;1314793216.000
01/29/2007;10.55;10.99;10.50;10.94;85625458;990543424.000
01/30/2007;10.97;11.05;10.49;10.57;51949024;596173760.000
01/31/2007;10.57;11.02;9.85;9.96;64591381;730358976.000
02/01/2007;9.85;10.18;9.37;9.79;70315722;741602880.000
02/02/2007;9.81;9.92;9.34;9.38;58213479;604031360.000
02/05/2007;9.25;9.55;9.09;9.49;41475650;416575648.000
02/06/2007;9.51;9.58;8.90;9.43;68419917;682446336.000
02/07/2007;9.44;10.35;9.44;10.08;90696835;965084672.000
02/08/2007;9.93;10.93;9.93;10.69;85762841;975492288.000
02/09/2007;10.75;11.83;10.45;11.83;135861199;1627716480.000
02/12/2007;11.69;11.90;11.33;11.67;99908099;1232359296.000
02/13/2007;11.65;12.10;11.39;11.52;62110949;765056704.000
02/14/2007;11.68;12.47;11.68;12.23;90122725;1169863680.000
02/15/2007;12.35;12.60;11.95;12.29;85974125;1113822464.000
02/16/2007;12.30;12.40;11.95;12.02;70476009;908093504.000
02/26/2007;12.02;12.10;11.60;11.90;56447873;710670272.000
02/27/2007;11.95;12.53;10.64;10.64;117271506;1445162496.000
02/28/2007;10.47;11.55;10.40;11.32;79048069;921591808.000
03/01/2007;11.33;11.33;10.53;10.69;60170907;697909312.000
03/02/2007;10.62;11.03;10.61;10.83;42121052;486214464.000
03/05/2007;10.83;10.93;10.06;10.35;59208691;664452544.000
03/06/2007;10.23;10.87;10.15;10.62;42297869;477959360.000
03/07/2007;10.66;11.12;10.66;10.99;47211120;553106432.000
03/08/2007;11.10;11.45;11.08;11.27;56337686;675862784.000
03/09/2007;11.30;11.47;10.93;11.06;54762289;650263232.000
03/12/2007;11.06;11.13;10.65;10.88;58023015;671863744.000
03/13/2007;10.89;11.67;10.68;11.64;96921848;1150309504.000
03/14/2007;11.33;11.60;10.95;11.23;74322190;896776576.000
03/15/2007;11.19;11.59;11.10;11.40;53941386;655079360.000
03/16/2007;11.39;11.73;11.03;11.24;70279080;852285312.000
03/19/2007;10.85;11.60;10.77;11.30;57714046;692087552.000
03/20/2007;11.30;11.58;11.00;11.47;66368490;799399488.000
03/21/2007;11.42;11.56;11.33;11.44;42149831;513232384.000
03/22/2007;11.50;11.72;11.44;11.51;60684836;748243648.000
03/23/2007;11.45;12.00;11.43;11.91;81177276;1016425472.000
03/27/2007;12.19;12.19;11.81;11.96;68619852;872773184.000
03/28/2007;11.93;12.05;11.33;11.96;60045519;753432896.000
03/29/2007;11.96;12.34;11.70;12.27;101662967;1309570816.000
03/30/2007;12.34;12.73;12.18;12.29;88077622;1164462720.000
04/02/2007;12.31;12.40;12.04;12.32;57505447;746338688.000
04/03/2007;12.41;12.65;12.14;12.37;59317026;779170176.000
04/04/2007;12.37;12.42;12.05;12.14;74143092;957140224.000
04/05/2007;12.12;12.22;11.87;12.17;68227640;869896896.000
04/06/2007;12.09;12.31;12.00;12.18;66224493;856294912.000
04/09/2007;12.20;12.55;12.11;12.37;86409325;1127003392.000
04/10/2007;12.30;12.38;11.71;12.06;80151682;1028067584.000
04/11/2007;12.07;12.19;11.92;12.09;89410519;1142262400.000
04/12/2007;12.13;12.79;12.08;12.68;151811612;2003771136.000
04/13/2007;12.69;13.26;12.49;12.82;144241747;1970314880.000
04/16/2007;13.10;13.26;12.92;13.08;77551929;1071093824.000
04/17/2007;13.16;13.23;12.45;12.81;94821752;1289705216.000
04/18/2007;12.81;12.86;12.47;12.69;88680680;1188274304.000
04/19/2007;12.70;13.04;11.84;12.29;107580814;1446645376.000
04/20/2007;12.36;12.80;12.36;12.62;75043216;1004808128.000
04/23/2007;12.67;13.33;12.56;13.20;112056429;1539772672.000
04/24/2007;13.28;13.41;12.98;13.03;86594473;1205089408.000
04/25/2007;13.00;14.35;12.73;14.20;155023399;2205857280.000
04/26/2007;14.27;14.34;13.75;13.97;115915297;1712125440.000
04/27/2007;13.98;14.33;13.76;13.83;68130227;1009667328.000
04/30/2007;13.83;14.13;13.65;13.86;68986848;1011201984.000
05/09/2007;14.37;14.75;13.90;14.29;122021365;1853086208.000
05/10/2007;14.35;14.90;14.34;14.69;103140822;1585355776.000
05/11/2007;14.50;14.76;14.24;14.37;85646415;1301123712.000
05/14/2007;14.06;14.35;13.85;13.99;69063254;1027293120.000
05/15/2007;14.05;14.35;13.30;13.38;68234591;991910400.000
05/16/2007;13.39;13.70;13.03;13.64;79789324;1122812672.000
05/17/2007;13.67;13.91;13.63;13.74;80076609;1160661248.000
05/18/2007;13.74;13.74;13.35;13.53;60405185;860339392.000
05/21/2007;13.13;13.64;13.05;13.56;118806493;1678056576.000
05/22/2007;13.66;14.19;13.54;14.02;165768110;2414352896.000
05/23/2007;14.04;14.09;13.75;13.93;98214129;1437041280.000
05/24/2007;13.94;13.98;13.25;13.46;110641896;1586354048.000
05/25/2007;13.43;13.88;13.36;13.57;98993726;1421697920.000
05/28/2007;13.91;13.99;13.68;13.83;129661865;1893081728.000
05/29/2007;13.95;14.39;13.95;14.24;147967709;2209154048.000
05/31/2007;13.15;13.75;12.74;13.44;171367727;2376308992.000
06/01/2007;13.55;14.14;12.97;13.38;134835641;1953151360.000
06/04/2007;13.47;13.63;11.97;11.97;113678107;1495965568.000
06/05/2007;11.75;12.24;10.71;12.00;110583882;1360413184.000
06/06/2007;12.19;12.25;11.65;12.00;79779049;1010020288.000
06/07/2007;12.03;12.38;11.90;12.29;78629626;1015029504.000
06/08/2007;12.32;12.73;12.04;12.59;94409441;1240557952.000
06/11/2007;12.64;12.83;12.44;12.68;65829238;863795968.000
06/12/2007;13.00;13.66;13.00;13.47;121245834;1680681344.000
06/13/2007;13.62;14.00;13.62;13.66;84231083;1204809728.000
06/14/2007;13.64;13.64;13.19;13.23;52253091;725656128.000
06/15/2007;13.14;13.49;13.05;13.26;48430162;667914880.000
06/18/2007;13.69;13.99;13.54;13.78;81210587;1161995904.000
06/19/2007;13.69;14.03;13.54;13.84;61843865;889439168.000
06/20/2007;13.89;14.38;13.59;13.72;78671312;1149467392.000
06/21/2007;13.68;14.13;13.64;14.01;60924088;881014144.000
06/22/2007;14.10;14.39;13.50;13.76;85819701;1250351744.000
06/25/2007;13.87;14.05;13.30;13.34;71713817;1019922944.000
06/26/2007;13.09;13.49;12.85;13.38;38989894;533876096.000
06/27/2007;13.39;13.97;13.25;13.76;56638810;801325824.000
06/28/2007;13.75;15.19;13.67;14.62;261781742;4004643072.000
06/29/2007;14.19;15.30;14.19;14.61;156576480;2426992384.000
07/02/2007;14.79;15.83;14.79;15.39;90127300;1429171072.000
07/03/2007;15.37;15.37;14.85;15.08;57892719;902824128.000
07/04/2007;15.06;15.56;14.75;14.85;31523137;494565312.000
07/06/2007;14.24;14.89;13.59;14.87;61542006;905675008.000
07/09/2007;14.89;15.15;14.57;15.01;46068085;710083584.000
07/10/2007;15.08;15.08;14.38;14.62;39789388;602803584.000
07/11/2007;14.50;14.64;14.17;14.40;24750530;368427872.000
07/12/2007;14.42;14.61;14.21;14.43;17966861;268236240.000
07/13/2007;14.50;15.59;14.50;15.31;49859067;781954560.000
07/16/2007;15.31;15.49;14.68;14.69;26056797;402040864.000
07/17/2007;14.66;15.19;14.64;14.90;24625793;380203936.000
07/18/2007;15.04;15.93;14.91;15.51;68913462;1106762240.000
07/19/2007;15.44;15.82;15.24;15.58;33138275;534058560.000
07/20/2007;15.51;16.04;15.47;15.92;36866850;602926080.000
07/23/2007;16.14;16.91;16.08;16.76;65161771;1101460352.000
07/24/2007;16.77;17.09;16.30;16.53;47454013;813195712.000
07/25/2007;16.49;16.97;16.40;16.86;39220985;675125568.000
07/26/2007;16.91;16.97;16.55;16.69;36407077;628102336.000
07/27/2007;16.55;16.62;16.21;16.37;41917969;706902400.000
07/31/2007;16.86;17.48;16.47;17.36;53888007;950259968.000
08/01/2007;17.46;17.77;16.47;16.57;50509460;888440256.000
08/02/2007;16.69;17.23;16.39;16.85;41673708;721462784.000
08/03/2007;16.99;17.37;16.71;17.13;42224513;739632448.000
08/06/2007;17.47;17.97;17.39;17.70;48946252;891161856.000
08/07/2007;17.70;17.98;17.38;17.61;39024745;709514368.000
08/08/2007;17.49;17.50;16.96;17.33;37301591;660247616.000
08/09/2007;17.20;17.74;17.14;17.51;34753388;626216768.000
08/10/2007;17.69;18.26;17.49;17.80;67493553;1241804928.000
08/13/2007;17.92;19.63;17.92;19.47;150539148;2968096256.000
08/14/2007;19.59;19.74;18.98;19.24;59697415;1182006400.000
08/15/2007;19.29;19.77;18.84;19.48;55644887;1102903552.000
08/16/2007;19.37;19.47;18.39;18.63;61424461;1184643840.000
08/17/2007;18.45;18.85;17.74;17.87;66915360;1249065216.000
08/20/2007;18.48;18.97;18.21;18.96;42055036;803127232.000
08/21/2007;19.09;19.19;18.79;18.91;29921675;583283904.000
08/22/2007;18.62;18.91;18.50;18.70;53301526;1024960768.000
08/23/2007;18.90;19.02;18.42;18.86;45614555;872987584.000
08/24/2007;18.99;19.66;18.99;19.23;62630637;1239127680.000
08/27/2007;19.31;19.64;18.67;18.86;60687162;1189983744.000
08/28/2007;18.83;18.84;18.37;18.67;60030928;1145972224.000
08/29/2007;18.66;18.89;18.29;18.48;54513208;1035550272.000
08/30/2007;18.69;19.03;18.55;18.79;49687377;960490368.000
08/31/2007;18.85;19.34;18.59;18.82;58970786;1145243264.000
09/03/2007;18.94;19.62;18.75;19.54;84997326;1678024704.000
09/04/2007;19.77;20.59;19.77;20.07;95040021;1979441664.000
09/05/2007;20.39;20.87;19.49;19.95;60886361;1257249152.000
09/06/2007;19.97;20.39;19.69;19.98;55252351;1131797632.000
09/10/2007;19.49;19.99;19.07;19.83;50524977;1013681792.000
09/11/2007;19.75;19.76;18.49;18.55;52168548;1036024192.000
09/12/2007;18.39;18.89;17.90;18.46;62842942;1180922880.000
09/13/2007;18.47;19.09;18.37;18.78;61763628;1185817216.000
09/14/2007;18.79;18.80;17.99;18.47;62920167;1185399296.000
09/17/2007;18.49;19.47;18.37;19.32;75913576;1467081088.000
09/18/2007;19.39;20.22;18.94;19.78;64150003;1296688640.000
09/19/2007;19.90;20.64;19.48;19.59;57687950;1187871232.000
09/20/2007;19.59;19.88;19.11;19.38;36668269;731933696.000
09/21/2007;19.44;19.49;18.48;19.14;49428734;961225408.000
09/24/2007;19.34;19.48;18.67;19.05;37325092;728595328.000
09/25/2007;19.17;19.49;18.95;19.47;43645877;862567616.000
09/26/2007;19.57;19.65;18.48;18.55;26772815;521773920.000
09/27/2007;18.55;18.81;18.16;18.61;25097192;477787168.000
09/28/2007;18.80;19.19;18.65;18.81;31093698;602223616.000
10/08/2007;19.08;19.59;18.87;18.92;33700434;662948992.000
10/09/2007;18.84;18.84;18.44;18.68;42810141;817122176.000
10/10/2007;18.69;19.54;18.68;19.11;71045337;1402307200.000
10/11/2007;19.29;20.48;19.19;20.44;126388763;2576402688.000
10/12/2007;20.48;20.48;18.45;19.63;109042838;2200403456.000
10/15/2007;19.69;21.64;19.29;21.64;125468315;2685744896.000
10/16/2007;22.49;23.31;21.39;21.83;171250402;3939269376.000
10/17/2007;21.49;22.09;20.97;20.99;89113939;1949275136.000
10/18/2007;21.01;21.44;19.67;19.93;74243183;1555884032.000
10/19/2007;20.31;20.70;19.73;20.67;53796740;1121396096.000
10/22/2007;20.64;20.65;19.63;19.69;55652819;1155038336.000
10/23/2007;19.97;20.51;19.59;20.29;68524990;1413888512.000
10/24/2007;20.34;21.06;20.09;20.66;60824165;1286533760.000
10/25/2007;20.39;20.57;18.95;19.07;57664147;1162475904.000
10/26/2007;19.99;20.29;18.99;19.44;33593372;671203392.000
10/29/2007;19.54;20.47;19.49;20.37;30291747;624883328.000
10/30/2007;20.49;20.97;19.79;20.84;48603302;1023401152.000
10/31/2007;20.99;21.64;20.80;20.97;58582444;1269350400.000
11/01/2007;21.04;21.62;20.67;21.22;57104938;1244894848.000
11/02/2007;20.79;20.79;20.00;20.24;50491492;1058200896.000
11/05/2007;20.17;20.57;19.51;19.83;40187081;823935296.000
11/06/2007;19.85;19.99;19.40;19.57;34159240;689591872.000
11/07/2007;19.74;19.94;19.34;19.92;25865178;519159520.000
11/08/2007;19.67;19.67;18.37;18.39;50427182;983179392.000
11/09/2007;18.27;18.29;17.50;17.56;48828432;892772672.000
11/12/2007;17.04;17.49;16.77;17.20;33136954;584689280.000
11/13/2007;17.49;17.82;16.99;17.39;47157530;846753920.000
11/14/2007;17.70;18.16;17.37;18.15;27758945;506997408.000
11/15/2007;18.00;18.30;17.78;17.79;25952545;480901408.000
11/16/2007;17.50;17.81;17.39;17.62;13579544;245230384.000
11/19/2007;17.55;17.79;17.45;17.69;17537960;317568736.000
11/20/2007;17.66;18.09;17.19;17.91;29608439;537876672.000
11/21/2007;17.91;18.25;17.49;17.57;19814981;365007712.000
11/22/2007;17.20;17.46;16.55;16.67;26596453;466913984.000
11/23/2007;16.59;16.81;16.47;16.77;17862136;305962336.000
11/26/2007;16.99;17.14;16.69;16.92;22886425;399037760.000
11/27/2007;16.74;17.02;16.49;16.51;14001354;240224992.000
11/28/2007;16.52;16.78;15.79;15.88;18437251;308952192.000
11/29/2007;16.21;16.64;15.73;16.59;57248525;954306432.000
11/30/2007;16.58;16.59;15.92;16.27;44206845;738902528.000
12/03/2007;16.27;16.39;15.95;16.33;21722223;363096064.000
12/04/2007;16.37;16.85;16.29;16.58;23729338;406033728.000
12/05/2007;16.64;17.19;16.51;17.15;27764975;483566912.000
12/06/2007;17.20;17.25;16.77;16.87;29185100;509617792.000
12/07/2007;16.99;17.34;16.91;17.28;16682349;295219776.000
12/10/2007;16.99;17.71;16.87;17.63;26262271;473036672.000
12/11/2007;17.71;17.99;17.71;17.97;30691473;563446720.000
12/12/2007;17.87;18.49;17.69;18.19;38892353;731121152.000
12/13/2007;18.13;18.79;17.96;18.00;46134589;877367232.000
12/14/2007;17.72;17.98;17.37;17.93;36061489;653814336.000
12/17/2007;17.95;18.09;17.34;17.36;19076194;344600256.000
12/18/2007;17.29;17.74;17.18;17.48;19666632;353960384.000
12/19/2007;17.61;18.24;17.49;17.95;32843054;604110976.000
12/20/2007;17.98;18.66;17.83;18.28;38718095;730029824.000
12/21/2007;18.28;18.78;18.28;18.65;33189609;635096064.000
12/24/2007;18.78;19.73;18.78;19.50;47664287;950972992.000
12/25/2007;19.51;19.86;19.29;19.42;29471928;592914688.000
12/26/2007;19.39;19.71;19.04;19.42;34621117;685188096.000
12/27/2007;19.45;19.71;19.28;19.51;35311125;708085696.000
12/28/2007;19.56;19.65;18.89;18.98;42714197;838021440.000
01/02/2008;18.99;19.28;18.79;19.01;31680148;618730432.000
01/03/2008;19.04;19.59;18.62;19.51;53592610;1042472768.000
01/04/2008;19.67;20.13;19.67;19.77;47514065;969277952.000
01/07/2008;19.97;19.97;19.54;19.82;44220729;893953408.000
01/08/2008;19.99;20.17;19.29;19.47;44330658;902001472.000
01/09/2008;19.28;19.72;18.86;19.68;57898962;1137906432.000
01/10/2008;19.49;19.49;18.98;19.20;120345800;2357932032.000
01/11/2008;19.20;19.20;18.54;18.70;78535845;1512863360.000
01/14/2008;18.70;19.02;18.64;18.87;48062290;927916032.000
01/15/2008;18.90;19.19;18.77;19.02;38894252;757154560.000
01/16/2008;18.89;18.89;18.38;18.40;58311971;1112595968.000
01/17/2008;18.29;18.63;17.52;17.87;50729309;936775360.000
01/18/2008;17.89;18.19;17.73;18.04;32290925;595618304.000
01/21/2008;18.19;18.19;16.79;17.01;38562630;692508672.000
01/22/2008;16.73;16.79;15.74;16.41;78795222;1334402560.000
01/23/2008;16.49;17.37;16.49;17.36;31660950;551362112.000
01/24/2008;17.51;17.62;17.29;17.30;29914685;536704000.000
01/25/2008;17.32;17.55;16.72;17.45;25248817;445738400.000
01/28/2008;17.26;17.26;16.26;16.29;30537043;522346688.000
01/29/2008;16.35;16.64;16.04;16.56;12403622;209732336.000
01/30/2008;16.68;16.86;16.14;16.44;22941486;393350752.000
01/31/2008;16.49;16.74;16.15;16.43;22289428;379453472.000
02/01/2008;16.52;16.59;15.50;15.82;19928779;328197312.000
02/04/2008;16.19;17.23;16.19;17.07;23543355;406735648.000
02/05/2008;16.94;17.32;16.71;17.13;16021818;280459776.000
02/13/2008;16.89;17.24;16.70;16.88;12039927;210114880.000
02/14/2008;16.97;17.49;16.97;17.32;12298102;218676944.000
02/15/2008;17.14;17.19;16.79;17.08;8821313;154192608.000
02/18/2008;17.31;17.37;16.97;17.15;16625486;293527008.000
02/19/2008;17.14;17.45;16.95;17.37;20916622;369718528.000
02/20/2008;17.38;17.59;16.92;17.12;18251208;323696512.000
02/21/2008;17.11;17.19;16.49;16.80;16194057;279842208.000
02/22/2008;16.74;16.74;16.04;16.13;24934174;418602400.000
02/25/2008;16.13;16.48;15.80;15.83;17266318;287112224.000
02/26/2008;16.35;16.69;15.69;16.56;21322624;353068224.000
02/27/2008;16.49;17.14;16.20;17.09;28347603;492633792.000
02/28/2008;17.18;17.19;16.69;16.73;15211310;265456800.000
02/29/2008;16.71;17.13;16.69;16.91;12236754;213794112.000
03/03/2008;16.92;17.74;16.75;17.51;34578859;621569792.000
03/04/2008;17.55;17.64;17.07;17.49;29366084;524074496.000
03/05/2008;17.34;17.50;16.59;16.73;34060657;593078400.000
03/06/2008;16.79;17.44;16.79;16.82;27106759;476031616.000
03/07/2008;16.69;16.79;16.50;16.55;20003246;342791456.000
03/10/2008;16.50;16.51;15.79;15.90;31716773;523699008.000
03/11/2008;15.92;16.39;15.77;16.29;16552026;272070976.000
03/12/2008;16.49;16.54;15.59;15.71;17784303;292505376.000
03/13/2008;15.49;15.58;14.99;15.04;20780602;326990720.000
03/14/2008;15.03;15.26;14.66;14.90;14146416;217419312.000
03/17/2008;14.90;14.90;14.07;14.10;13777085;205266784.000
03/18/2008;14.10;14.42;13.24;13.76;27104495;384796160.000
03/19/2008;14.12;14.31;13.65;14.13;15962325;232407040.000
03/20/2008;13.84;14.57;13.35;14.36;17964969;260778464.000
03/21/2008;14.35;14.58;14.06;14.40;19451403;289265824.000
03/24/2008;14.70;14.79;13.98;14.00;17509020;261606032.000
03/25/2008;13.56;14.19;13.39;14.00;9874530;141863680.000
03/26/2008;14.04;14.29;13.75;13.80;12088144;175575792.000
03/27/2008;13.61;13.80;13.25;13.29;16587030;232428096.000
03/28/2008;13.17;14.20;13.05;14.00;31471723;450095200.000
03/31/2008;13.51;14.00;13.48;13.54;10020231;142049184.000
04/01/2008;13.54;13.79;12.85;13.00;17164827;235237584.000
04/02/2008;13.17;13.69;12.72;13.22;21796393;299413344.000
04/03/2008;13.03;13.99;13.00;13.92;23474381;331739200.000
04/07/2008;13.79;14.59;13.65;14.49;26898524;399387680.000
04/08/2008;14.49;14.69;14.09;14.45;21648430;323580096.000
04/09/2008;14.30;14.38;13.49;13.49;21378001;309731904.000
04/10/2008;13.49;13.67;12.91;13.62;24542520;338997120.000
04/11/2008;13.68;13.74;13.29;13.39;17652069;247267024.000
04/14/2008;13.09;13.59;12.99;13.10;13886176;189957712.000
04/15/2008;13.05;13.26;12.82;13.03;16389352;221340784.000
04/16/2008;12.69;12.70;11.68;11.68;81171522;999169472.000
04/17/2008;11.24;11.62;10.89;11.14;42600059;499787744.000
04/18/2008;10.94;11.27;10.79;10.86;21823424;250767168.000
04/21/2008;11.64;11.79;10.91;11.00;31239634;363919648.000
04/22/2008;10.75;11.40;10.57;11.35;19841460;228523280.000
04/23/2008;11.27;11.84;10.79;11.66;74246757;875569536.000
04/24/2008;12.49;12.82;11.78;12.59;193305187;2486249984.000
04/25/2008;12.29;12.50;11.89;12.17;103299162;1311663616.000
04/28/2008;12.00;12.35;11.87;12.17;50645877;644014464.000
04/29/2008;12.19;12.74;12.18;12.57;67763104;879648704.000
04/30/2008;12.65;13.63;12.43;13.48;92718522;1268317440.000
05/05/2008;13.60;13.69;13.19;13.40;39293759;546446464.000
05/06/2008;13.36;14.55;13.19;13.87;117998324;1737280768.000
05/07/2008;13.79;14.60;13.79;14.14;90473144;1340988800.000
05/18/2009;14.08;15.57;13.78;14.72;531500340;7946969600.000
05/19/2009;14.68;14.68;13.89;13.95;252955409;3641081600.000
05/20/2009;13.78;13.78;13.33;13.40;153285609;2101120768.000
05/21/2009;13.23;13.92;13.15;13.53;110000301;1523623168.000
05/22/2009;13.39;13.76;13.29;13.55;63678139;872777472.000
05/25/2009;13.33;13.43;13.10;13.22;98358328;1323549952.000
05/26/2009;13.27;13.37;13.06;13.10;75320886;1007519040.000
05/27/2009;13.11;13.23;12.86;12.95;81277890;1072401152.000
06/01/2009;13.08;13.50;12.98;13.37;98958518;1330048000.000
06/02/2009;13.47;13.49;13.25;13.29;80795678;1096800896.000
06/03/2009;13.29;13.37;13.11;13.25;86701975;1165930624.000
06/04/2009;13.25;14.14;12.99;13.97;246129616;3390611456.000
06/05/2009;13.88;13.97;13.64;13.67;109126220;1527473920.000
06/08/2009;13.62;13.63;13.32;13.49;69924621;956120064.000
06/09/2009;13.47;13.66;13.38;13.60;65114757;895204608.000
06/10/2009;13.61;14.01;13.47;13.88;113708350;1593279744.000
06/11/2009;13.80;14.01;13.64;13.66;78258710;1101043328.000
06/12/2009;13.62;13.72;13.29;13.34;60299056;824639296.000
06/15/2009;13.30;13.38;13.09;13.31;45422519;610783040.000
06/16/2009;13.23;13.30;13.14;13.25;30693257;412317600.000
06/17/2009;13.23;13.47;13.18;13.40;37970206;517048288.000
06/18/2009;13.39;13.53;13.31;13.38;64286366;874188672.000
06/19/2009;13.38;13.62;13.26;13.59;86690845;1184521600.000
06/22/2009;13.72;14.15;13.66;13.80;128724066;1816717824.000
06/23/2009;13.61;13.98;13.58;13.83;81514062;1140720896.000
06/24/2009;13.81;14.22;13.80;14.12;112327084;1605950336.000
06/25/2009;14.15;14.33;13.87;13.92;85427022;1222672000.000
06/29/2009;13.90;13.99;13.69;13.92;89597711;1254953600.000
06/30/2009;13.93;13.93;13.53;13.56;72637316;1009950848.000
07/01/2009;13.56;13.70;13.48;13.63;59548475;821064832.000
07/02/2009;13.63;13.68;13.51;13.62;77456653;1068197632.000
07/03/2009;13.57;13.74;13.51;13.68;66673733;925789632.000
07/06/2009;13.71;14.07;13.60;14.01;131664432;1851731968.000
07/07/2009;14.05;14.43;14.04;14.31;171379897;2479132928.000
07/08/2009;14.18;14.28;13.83;14.07;102533105;1457805440.000
07/09/2009;14.09;14.16;13.92;14.07;98765567;1403823872.000
07/10/2009;14.09;14.12;13.87;13.92;104530125;1479532032.000
07/13/2009;13.78;14.02;13.77;13.89;74545081;1053056192.000
07/14/2009;13.93;14.09;13.86;14.04;139528152;1981239680.000
07/15/2009;14.08;14.24;13.99;14.19;127186097;1826094592.000
07/16/2009;14.38;14.44;14.08;14.08;132132162;1911385728.000
07/17/2009;14.09;14.15;13.93;14.01;84014272;1195087104.000
07/20/2009;14.03;14.35;13.98;14.29;127298867;1838757376.000
07/21/2009;14.33;14.42;14.03;14.04;104033073;1498513792.000
07/22/2009;14.01;14.34;13.97;14.23;100351436;1445306752.000
07/23/2009;14.28;15.34;14.12;15.27;276261491;4143364352.000
07/24/2009;15.29;15.42;14.71;15.20;198090647;3033855232.000
07/27/2009;15.23;15.53;15.19;15.30;140676951;2188285952.000
07/28/2009;15.32;15.36;14.98;15.15;112370401;1722235648.000
07/29/2009;15.15;15.53;14.03;14.47;175443348;2665880832.000
07/30/2009;14.48;14.73;14.18;14.57;114557925;1681511040.000
07/31/2009;14.62;15.67;14.61;15.52;227551039;3533202944.000
08/03/2009;15.70;15.93;15.39;15.78;194717229;3094361088.000
08/04/2009;15.61;15.77;15.38;15.60;111142651;1748939264.000
08/05/2009;15.63;16.17;15.41;16.08;162394331;2606887936.000
08/06/2009;15.92;16.25;15.60;15.99;146773016;2374575360.000
08/07/2009;16.00;16.08;15.00;15.25;106636698;1663404032.000
08/10/2009;15.40;15.50;14.78;15.01;90522337;1362504448.000
08/11/2009;15.05;15.11;14.85;14.99;44290849;663724160.000
08/12/2009;15.01;15.04;14.06;14.09;99920341;1441298944.000
08/13/2009;14.09;14.23;13.83;14.09;63035159;884017216.000
08/14/2009;14.10;14.12;13.50;13.55;77272609;1059197056.000
08/17/2009;13.47;13.53;13.00;13.07;68864030;911702272.000
08/18/2009;13.01;13.39;12.99;13.33;44291637;583937728.000
08/19/2009;13.33;13.33;12.67;12.80;58793700;759557056.000
08/20/2009;13.11;13.64;13.11;13.49;71109457;953480768.000
08/21/2009;13.54;13.63;13.34;13.59;50100945;676579328.000
08/24/2009;13.59;13.64;13.33;13.49;42613598;575545280.000
08/25/2009;13.50;13.50;13.01;13.23;48414200;641007744.000
08/26/2009;13.22;13.79;13.13;13.50;49144501;665835072.000
08/27/2009;13.48;13.68;13.40;13.61;52624762;713919488.000
08/28/2009;13.60;13.61;13.20;13.29;38427123;513316000.000
09/01/2009;12.72;13.15;12.69;12.83;57513787;740004672.000
09/02/2009;12.83;13.05;12.78;12.87;32234489;415743424.000
09/03/2009;13.01;13.37;12.89;13.30;41585960;547005504.000
09/04/2009;13.28;13.35;13.18;13.33;34198116;453654624.000
09/07/2009;13.39;13.60;13.29;13.34;34645212;465949120.000
09/14/2009;13.90;13.98;13.61;13.73;67847720;935892800.000
09/15/2009;13.84;13.85;13.62;13.73;44440577;609691712.000
09/16/2009;13.77;13.77;13.41;13.47;41178037;556876096.000
09/17/2009;13.51;13.85;13.44;13.84;59327928;812047360.000
09/18/2009;13.93;13.93;13.41;13.44;49814888;680743104.000
09/21/2009;13.75;14.05;13.59;13.91;86435495;1195860224.000
09/22/2009;13.98;14.48;13.81;13.83;98899577;1403413888.000
09/23/2009;13.90;14.04;13.41;13.50;46345632;634034560.000
09/24/2009;13.44;13.52;13.15;13.31;35597547;473988416.000
09/25/2009;13.27;13.52;13.09;13.29;23966569;319214368.000
09/28/2009;13.48;13.79;13.26;13.34;44652547;604757376.000
09/29/2009;13.40;13.48;13.15;13.32;24145969;321738208.000
09/30/2009;13.40;13.60;13.32;13.37;17903648;240158512.000
10/09/2009;13.51;13.74;13.49;13.73;32965474;449836576.000
10/12/2009;13.78;13.83;13.56;13.56;35180133;480219488.000
10/13/2009;13.56;13.75;13.50;13.70;28367218;385939040.000
10/14/2009;13.73;13.85;13.60;13.69;52500124;721503232.000
10/15/2009;13.75;13.80;13.52;13.55;37074621;505719040.000
10/16/2009;13.68;13.77;13.36;13.55;38830168;525961504.000
10/19/2009;13.54;13.75;13.48;13.71;42554010;580382720.000
10/20/2009;13.79;13.93;13.70;13.91;75004093;1034222848.000
10/21/2009;13.91;13.92;13.70;13.76;53840519;742427840.000
10/22/2009;13.71;13.76;13.58;13.61;39531584;539174144.000
10/23/2009;13.61;13.82;13.61;13.74;45839842;630050304.000
10/26/2009;13.73;13.74;13.56;13.63;37493287;510575616.000
10/27/2009;13.58;13.58;13.20;13.23;47002350;629001088.000
10/28/2009;13.20;13.30;13.07;13.22;33486042;441128896.000
10/29/2009;13.10;13.11;12.92;13.00;38906660;506455904.000
10/30/2009;13.16;13.22;13.00;13.07;33752806;442654880.000
11/02/2009;12.88;13.28;12.82;13.24;37638467;490836544.000
11/03/2009;13.24;13.38;13.17;13.36;42896855;570196160.000
11/04/2009;13.38;13.41;13.20;13.33;41999712;559030720.000
11/05/2009;13.34;13.44;13.28;13.43;45756902;611064384.000
11/06/2009;13.53;13.57;13.43;13.47;50729283;684040128.000
11/09/2009;13.59;13.81;13.52;13.75;80569830;1106620032.000
11/10/2009;13.83;13.87;13.62;13.63;55587114;763864000.000
11/11/2009;13.63;13.64;13.38;13.48;41002172;553027968.000
11/12/2009;13.52;13.62;13.48;13.54;43904874;594384576.000
11/13/2009;13.55;13.78;13.39;13.64;50634771;688245632.000
11/16/2009;13.69;13.83;13.64;13.80;87305601;1201869184.000
11/17/2009;13.84;13.90;13.72;13.82;62944789;870176768.000
11/18/2009;13.87;14.18;13.86;13.99;80018351;1123845504.000
11/19/2009;14.03;14.17;13.89;14.13;64818905;908512704.000
11/20/2009;14.31;14.39;13.97;13.99;121403600;1719777024.000
11/23/2009;14.00;14.08;13.81;13.89;72988453;1012366400.000
11/24/2009;13.94;13.96;13.50;13.51;103292523;1421048448.000
11/25/2009;13.51;13.65;13.31;13.64;100820544;1357116544.000
11/26/2009;13.64;13.65;13.15;13.19;77913216;1041940160.000
11/27/2009;13.19;13.37;13.11;13.21;55057198;728342528.000
11/30/2009;13.30;13.47;13.22;13.46;45135576;602378176.000
12/01/2009;13.46;13.46;13.29;13.42;53288369;712141248.000
12/02/2009;13.48;13.55;13.40;13.49;57004302;767927232.000
12/03/2009;13.50;13.53;13.30;13.35;58374149;780401984.000
12/04/2009;13.35;13.66;13.27;13.64;102608081;1384167936.000
12/07/2009;13.65;13.67;13.40;13.49;74822484;1014223424.000
12/08/2009;13.53;13.57;13.35;13.40;53237452;714318656.000
12/09/2009;13.28;13.35;13.15;13.18;59219271;783591360.000
12/10/2009;13.20;13.29;13.14;13.23;42936945;566638016.000
12/11/2009;13.25;13.27;13.16;13.18;32752830;432528160.000
12/14/2009;13.18;13.33;13.00;13.29;54302461;714421376.000
12/15/2009;13.23;13.30;13.17;13.18;28117794;371797312.000
12/16/2009;13.17;13.35;13.16;13.22;36991952;490887456.000
12/17/2009;13.26;13.29;13.00;13.02;42512637;555829760.000
12/18/2009;13.00;13.00;12.83;12.89;41894159;540256832.000
12/21/2009;12.95;13.02;12.90;12.96;21373469;276665536.000
12/22/2009;12.98;13.01;12.81;12.89;34062105;438715968.000
12/23/2009;12.90;12.95;12.84;12.90;32708369;421804448.000
12/24/2009;12.92;13.09;12.88;13.04;41354769;536419104.000
12/25/2009;13.04;13.04;12.89;12.91;25285369;327157664.000
12/28/2009;12.93;13.04;12.92;12.98;26162469;339872896.000
12/29/2009;12.98;13.03;12.93;13.00;36600331;474771040.000
12/30/2009;13.00;13.45;12.96;13.37;101694871;1352966272.000
12/31/2009;13.37;13.44;13.27;13.36;53903602;721118144.000
01/04/2010;13.40;13.42;13.18;13.19;29704266;394184544.000
01/05/2010;13.21;13.29;13.04;13.20;42220065;554958656.000
01/06/2010;13.20;13.24;13.10;13.12;32602223;428819200.000
01/07/2010;13.11;13.13;12.91;12.95;40560736;527976768.000
01/08/2010;12.97;13.05;12.92;12.99;30110219;390440256.000
01/11/2010;13.29;13.35;12.98;13.02;38693421;506897536.000
01/12/2010;13.01;13.21;12.97;13.20;38055456;499271488.000
01/13/2010;13.07;13.31;12.99;13.05;68283620;899269824.000
01/14/2010;13.08;13.13;13.01;13.08;32451968;424075936.000
01/15/2010;13.09;13.11;13.00;13.03;30449103;396909408.000
01/18/2010;13.04;13.08;12.97;13.01;38218654;497151424.000
01/19/2010;13.01;13.08;12.97;12.99;31576931;410562848.000
01/21/2010;12.84;12.91;12.68;12.85;59540092;761047488.000
01/22/2010;12.80;12.80;12.50;12.60;43545019;550518400.000
01/25/2010;12.60;12.94;12.58;12.84;70754722;908797824.000
01/26/2010;12.82;12.93;12.69;12.88;59313136;761896832.000
01/27/2010;12.90;12.97;12.80;12.90;45992983;593214080.000
01/28/2010;12.89;12.92;12.74;12.91;25916162;333075264.000
01/29/2010;12.88;12.90;12.69;12.78;33545731;430074656.000
02/01/2010;12.77;12.83;12.60;12.70;41502249;528987040.000
02/02/2010;12.77;12.77;12.61;12.67;26920200;341285408.000
02/03/2010;12.63;12.90;12.63;12.85;44638536;570679040.000
02/04/2010;12.85;12.92;12.77;12.88;26858599;345588896.000
02/05/2010;12.79;12.96;12.70;12.79;40595437;520028224.000
02/08/2010;12.79;12.82;12.69;12.71;11958401;152253840.000
02/09/2010;12.70;12.76;12.68;12.75;11897786;151283776.000
02/10/2010;12.77;12.80;12.68;12.74;13473485;171282448.000
02/11/2010;12.74;12.77;12.70;12.71;11949105;152138976.000
02/12/2010;12.75;12.77;12.67;12.74;20065330;254955280.000
02/22/2010;12.74;12.82;12.72;12.78;17098198;218598048.000
02/23/2010;12.78;12.83;12.74;12.83;19835843;253736096.000
02/24/2010;12.80;13.04;12.78;12.98;27826044;360324352.000
02/25/2010;12.99;13.07;12.93;12.99;32191875;418273088.000
02/26/2010;12.97;13.02;12.95;12.99;23615996;306855776.000
03/01/2010;13.02;13.16;13.02;13.14;31216240;409739616.000
03/02/2010;13.14;13.18;13.00;13.02;26277965;343825664.000
03/03/2010;13.01;13.09;12.97;13.06;23904988;311854816.000
03/05/2010;12.91;12.94;12.78;12.80;34608360;444187008.000
03/08/2010;12.82;12.83;12.72;12.75;28262918;360575200.000
03/09/2010;12.76;12.83;12.70;12.80;16502920;210785552.000
03/10/2010;12.79;12.86;12.73;12.75;16989274;217278272.000
03/11/2010;12.76;12.82;12.72;12.78;13882046;177175632.000
03/12/2010;12.77;12.85;12.73;12.74;18025456;230287088.000
03/15/2010;12.72;12.80;12.70;12.72;20300827;258359296.000
03/16/2010;12.71;12.76;12.70;12.72;13021599;165761680.000
03/17/2010;12.74;12.90;12.73;12.87;20882511;267355760.000
03/18/2010;12.85;12.86;12.75;12.79;15985001;204627008.000
03/19/2010;12.78;12.82;12.73;12.79;26232083;334664736.000
03/22/2010;12.79;12.80;12.73;12.76;26386902;336609312.000
03/23/2010;12.74;12.75;12.62;12.65;33189200;420701504.000
