600475 华光股份 日线
      日期	    开盘	    最高	    最低	    收盘	    成交量	    成交额
07/21/2003;2.84;3.24;2.84;3.21;36236032;311934112.000
07/22/2003;3.28;3.28;3.05;3.16;13637888;120493248.000
07/23/2003;3.14;3.26;3.08;3.20;8732768;78020040.000
07/24/2003;3.17;3.20;3.11;3.13;4184528;37074092.000
07/25/2003;3.11;3.16;2.95;3.00;5792490;49968488.000
07/28/2003;2.97;3.06;2.90;3.02;1471153;12604031.000
07/29/2003;3.05;3.06;2.97;2.99;1355809;11618328.000
07/30/2003;2.98;2.99;2.85;2.95;3755800;31343878.000
07/31/2003;2.92;3.00;2.86;2.93;1074139;9052839.000
08/01/2003;2.91;2.95;2.87;2.93;722342;6057827.000
08/04/2003;2.95;3.06;2.90;3.04;2020210;17334004.000
08/05/2003;3.04;3.14;3.01;3.06;1397758;12177463.000
08/06/2003;3.06;3.10;3.02;3.06;591954;5137710.000
08/07/2003;3.02;3.16;3.02;3.10;1760875;15460086.000
08/08/2003;3.10;3.25;3.07;3.17;3465272;30940720.000
08/11/2003;3.17;3.19;3.10;3.17;1133758;10043300.000
08/12/2003;3.16;3.26;3.11;3.12;1623845;14503071.000
08/13/2003;3.19;3.35;3.08;3.22;4194663;37999976.000
08/14/2003;3.17;3.23;3.10;3.12;2285000;20333684.000
08/15/2003;3.12;3.14;3.05;3.09;1373252;12001778.000
08/18/2003;3.09;3.25;3.07;3.18;2153336;19305688.000
08/19/2003;3.18;3.28;3.15;3.20;1509011;13582180.000
08/20/2003;3.17;3.20;3.11;3.18;884449;7830674.000
08/21/2003;3.17;3.23;3.14;3.23;715151;6406000.000
08/22/2003;3.22;3.39;3.19;3.31;4076482;37555304.000
08/25/2003;3.29;3.37;3.26;3.34;2254952;20770898.000
08/26/2003;3.33;3.41;3.29;3.33;1416626;13136083.000
08/27/2003;3.31;3.34;3.26;3.29;901407;8267263.000
08/28/2003;3.40;3.41;3.27;3.29;1034939;9547691.000
08/29/2003;3.27;3.40;3.25;3.36;1505654;13897057.000
09/01/2003;3.35;3.82;3.32;3.72;7586088;75171464.000
09/02/2003;3.68;3.93;3.62;3.79;6740593;68281504.000
09/03/2003;3.78;3.82;3.71;3.76;2500810;25328614.000
09/04/2003;3.73;4.19;3.73;4.12;5059366;53955588.000
09/05/2003;4.07;4.28;4.00;4.07;4674346;50849008.000
09/08/2003;4.04;4.10;3.86;3.94;3192945;33506916.000
09/09/2003;3.95;4.18;3.89;4.17;2222131;23668120.000
09/10/2003;4.14;4.27;4.10;4.10;2325420;25506332.000
09/11/2003;4.05;4.12;3.94;4.03;1753679;18600568.000
09/12/2003;4.00;4.24;3.95;4.11;2208092;24008904.000
09/15/2003;4.12;4.46;4.06;4.42;4076200;45782876.000
09/16/2003;4.40;4.53;4.33;4.44;3264063;37539588.000
09/17/2003;4.44;4.57;4.34;4.46;2592623;30003698.000
09/18/2003;4.44;4.54;4.26;4.32;2824526;32200312.000
09/19/2003;4.27;4.39;4.17;4.18;1599039;17840546.000
09/22/2003;4.14;4.29;4.12;4.23;1684100;18595388.000
09/23/2003;4.23;4.24;4.00;4.06;2845531;30612218.000
09/24/2003;4.05;4.16;3.98;4.07;1950416;20929344.000
09/25/2003;4.09;4.17;4.03;4.07;1152091;12470775.000
09/26/2003;4.05;4.12;3.95;4.10;1612839;17196644.000
09/29/2003;4.10;4.10;3.89;3.93;884588;9356081.000
09/30/2003;3.93;4.01;3.89;3.97;922360;9671171.000
10/08/2003;3.96;4.08;3.95;3.99;506580;5400605.000
10/09/2003;3.99;4.14;3.96;4.13;837416;8977998.000
10/10/2003;4.13;4.66;4.10;4.66;4800435;56088264.000
10/13/2003;4.69;4.73;4.50;4.55;3533173;41758112.000
10/14/2003;4.56;4.63;4.41;4.54;1987920;23120032.000
10/15/2003;4.54;4.61;4.42;4.44;1533551;17920410.000
10/16/2003;4.44;4.44;4.27;4.30;1771792;19992420.000
10/17/2003;4.31;4.36;4.23;4.25;1116675;12493810.000
10/20/2003;4.25;4.36;4.22;4.34;985904;11076726.000
10/21/2003;4.34;4.38;4.25;4.35;643556;7217173.000
10/22/2003;4.29;4.60;4.29;4.52;1918691;22299052.000
10/23/2003;4.49;4.54;4.36;4.38;943030;10818206.000
10/24/2003;4.33;4.38;4.05;4.12;2948084;32178168.000
10/27/2003;3.96;4.09;3.96;4.06;957415;10175620.000
10/28/2003;3.99;4.17;3.99;4.03;692108;7442627.000
10/29/2003;4.42;4.42;3.97;4.16;1835062;19738410.000
10/30/2003;4.12;4.31;4.06;4.16;982888;10810180.000
10/31/2003;4.16;4.24;4.08;4.17;616827;6780564.000
11/03/2003;4.13;4.31;4.13;4.29;905339;10058252.000
11/04/2003;4.30;4.44;4.28;4.39;1287187;14637830.000
11/05/2003;4.40;4.41;4.14;4.15;1249517;13868009.000
11/06/2003;4.13;4.13;3.90;3.95;2133667;22618252.000
11/07/2003;3.93;3.97;3.76;3.77;1407347;14558239.000
11/10/2003;3.71;3.83;3.61;3.79;846657;8530757.000
11/12/2003;3.83;3.83;3.63;3.68;757410;7566066.000
11/13/2003;3.63;3.84;3.57;3.82;701491;7125668.000
11/14/2003;3.78;3.84;3.78;3.84;140125;1435447.000
11/17/2003;3.86;3.88;3.81;3.85;240275;2468336.000
11/18/2003;3.81;3.85;3.71;3.73;471700;4787042.000
11/19/2003;3.66;3.84;3.62;3.71;362026;3669830.000
11/20/2003;3.75;3.97;3.72;3.78;644456;6597902.000
11/21/2003;3.78;3.97;3.71;3.94;1381397;14310079.000
11/24/2003;3.93;4.05;3.85;3.98;574658;6032548.000
11/25/2003;4.00;4.06;3.87;3.97;806132;8449425.000
11/26/2003;3.98;3.98;3.86;3.91;677470;7064606.000
11/27/2003;3.90;4.04;3.88;3.91;778166;8174412.000
11/28/2003;3.90;3.95;3.86;3.93;413531;4292817.000
12/01/2003;3.95;4.06;3.95;4.05;1036002;11051215.000
12/02/2003;4.05;4.12;4.00;4.06;617968;6618643.000
12/03/2003;4.05;4.34;3.98;4.16;2163282;23384818.000
12/04/2003;4.15;4.36;4.15;4.21;1148474;12837159.000
12/05/2003;4.21;4.33;4.20;4.28;512108;5683020.000
12/08/2003;4.31;4.43;4.28;4.32;1038000;11730652.000
12/09/2003;4.39;4.39;4.29;4.38;538923;6090009.000
12/10/2003;4.44;4.44;4.34;4.42;834058;9522471.000
12/11/2003;4.44;4.46;4.29;4.29;1397300;15839633.000
12/12/2003;4.29;4.36;4.27;4.36;756635;8497082.000
12/15/2003;4.37;4.48;4.29;4.33;993371;11266103.000
12/16/2003;4.34;4.34;4.23;4.29;1143402;12772579.000
12/17/2003;4.25;4.29;4.15;4.19;526059;5817336.000
12/18/2003;4.14;4.21;4.04;4.15;547350;5933243.000
12/19/2003;4.14;4.33;4.11;4.20;666398;7346585.000
12/22/2003;4.19;4.32;4.04;4.30;1102820;12052041.000
12/23/2003;4.36;4.40;4.21;4.37;1587323;17956228.000
12/24/2003;4.35;4.39;4.28;4.29;1525910;17153854.000
12/25/2003;4.32;4.84;4.30;4.67;6596146;79385688.000
12/26/2003;4.69;4.87;4.66;4.76;2997535;36649224.000
12/29/2003;4.71;4.86;4.68;4.83;1820719;22312554.000
12/30/2003;4.82;4.95;4.74;4.80;1595595;19633078.000
12/31/2003;4.79;5.09;4.79;4.97;3469806;43788480.000
01/02/2004;4.88;5.22;4.88;5.21;2348707;29943950.000
01/05/2004;5.22;5.32;5.11;5.27;2080261;27291492.000
01/06/2004;5.27;5.37;5.15;5.32;1771451;23347064.000
01/07/2004;5.36;5.38;5.05;5.06;2877060;37420480.000
01/08/2004;5.06;5.59;4.97;5.27;2265978;29887704.000
01/09/2004;5.23;5.35;5.08;5.10;1544086;20200596.000
01/12/2004;5.09;5.56;5.02;5.51;2000120;26739138.000
01/13/2004;5.51;5.99;5.51;5.80;3219201;45691800.000
01/14/2004;5.85;5.98;5.60;5.65;3093920;44199816.000
01/15/2004;5.64;5.71;5.52;5.54;1408784;19481156.000
01/16/2004;5.54;5.80;5.54;5.56;867671;12149935.000
01/29/2004;5.65;6.23;5.51;6.14;1894244;27859772.000
01/30/2004;6.15;6.19;5.89;5.92;1078025;15889982.000
02/02/2004;6.05;6.24;5.86;5.95;1446830;21356234.000
02/03/2004;6.00;6.00;5.70;5.95;963682;13790867.000
02/04/2004;5.93;6.24;5.80;6.21;1851203;27612260.000
02/05/2004;6.22;6.22;5.90;5.99;847143;12439719.000
02/06/2004;5.98;5.99;5.71;5.71;987232;14150185.000
02/09/2004;5.73;5.99;5.73;5.85;1106313;15996010.000
02/10/2004;5.85;5.92;5.59;5.60;2032954;28635890.000
02/11/2004;5.60;5.71;5.58;5.66;1155595;16147582.000
02/12/2004;5.66;5.80;5.66;5.78;617983;8750011.000
02/13/2004;5.78;5.92;5.76;5.80;642931;9229062.000
02/16/2004;5.88;5.88;5.60;5.86;1055344;14972946.000
02/17/2004;5.84;5.96;5.69;5.94;1241608;17780376.000
02/18/2004;5.94;6.10;5.75;6.01;956864;13988660.000
02/19/2004;6.00;6.04;5.84;5.89;563062;8180528.000
02/20/2004;5.88;5.89;5.71;5.76;772081;10975065.000
02/23/2004;5.75;5.79;5.51;5.53;1329800;18581812.000
02/24/2004;5.46;5.68;5.42;5.59;842543;11661998.000
02/25/2004;5.60;5.71;5.44;5.46;748196;10403890.000
02/26/2004;5.46;5.56;5.42;5.49;475487;6489355.000
02/27/2004;5.50;5.80;5.50;5.71;723067;10144888.000
03/01/2004;5.63;5.78;5.63;5.76;535527;7574227.000
03/02/2004;5.80;5.80;5.65;5.75;445141;6257153.000
03/03/2004;5.66;5.76;5.62;5.63;320950;4504624.000
03/04/2004;5.57;5.64;5.54;5.57;573610;7922039.000
03/05/2004;5.57;5.63;5.42;5.49;502197;6869080.000
03/08/2004;5.46;5.52;5.42;5.44;240702;3271921.000
03/09/2004;5.48;5.56;5.44;5.51;328086;4487345.000
03/10/2004;5.59;5.68;5.52;5.66;600434;8375050.000
03/11/2004;5.80;5.80;5.65;5.75;461284;6536569.000
03/12/2004;5.71;5.94;5.66;5.89;627646;9038537.000
03/15/2004;5.90;6.07;5.73;6.02;1022124;14993985.000
03/16/2004;6.02;6.08;5.97;6.07;767495;11356018.000
03/17/2004;6.07;6.07;5.93;5.98;992579;14591530.000
03/18/2004;5.93;6.00;5.81;5.83;880847;12768113.000
03/19/2004;5.65;5.90;5.65;5.80;691550;9900264.000
03/22/2004;5.78;5.81;5.64;5.68;1336764;18899680.000
03/23/2004;5.69;5.80;5.69;5.80;516786;7334135.000
03/24/2004;5.66;6.03;5.66;5.94;1205043;17432320.000
03/25/2004;5.89;6.34;5.85;6.25;2697256;40540984.000
03/26/2004;6.24;6.34;6.15;6.24;1011667;15365349.000
03/29/2004;6.27;6.60;6.25;6.27;1478209;23108520.000
03/30/2004;6.29;6.39;6.05;6.12;1393172;21065112.000
03/31/2004;6.10;6.24;6.10;6.10;975160;14588777.000
04/01/2004;6.17;6.57;6.10;6.53;2573634;39820588.000
04/02/2004;6.59;7.00;6.44;6.89;2834228;46040972.000
04/05/2004;6.90;7.10;6.73;7.08;1788955;29972312.000
04/06/2004;7.10;7.20;6.96;7.16;1743018;29405440.000
04/07/2004;7.15;7.15;6.79;6.85;1331616;22127484.000
04/08/2004;6.54;7.31;6.44;7.20;3128217;51475472.000
04/09/2004;7.17;7.60;7.09;7.26;2316260;40376740.000
04/12/2004;7.12;7.44;6.93;7.26;1179755;20064868.000
04/13/2004;7.26;7.27;7.01;7.04;878901;14946491.000
04/14/2004;7.03;7.15;6.64;6.69;1152853;18956656.000
04/15/2004;6.71;6.99;6.71;6.81;1049908;17274230.000
04/16/2004;6.83;6.97;6.67;6.95;1205280;19761168.000
04/19/2004;6.97;7.51;6.86;7.47;2054596;35807688.000
04/20/2004;7.42;7.86;7.17;7.30;2326969;41852212.000
04/21/2004;7.22;7.42;6.88;7.06;987056;16800440.000
04/22/2004;7.05;7.16;6.91;7.11;435364;7305622.000
04/23/2004;7.15;7.15;6.81;6.89;762925;12632499.000
04/26/2004;6.88;7.09;6.68;7.00;838678;14009148.000
04/27/2004;7.07;7.47;6.95;6.99;1536717;26292294.000
04/28/2004;6.74;7.17;6.73;6.78;927631;15352669.000
04/29/2004;6.78;6.95;6.54;6.61;1416992;22925012.000
04/30/2004;6.58;6.83;6.56;6.81;1788541;29073738.000
05/11/2004;6.68;6.68;6.27;6.54;727560;11355115.000
05/12/2004;6.54;6.73;6.45;6.68;858366;13797329.000
05/13/2004;6.73;6.74;6.50;6.53;664800;10534393.000
05/14/2004;6.64;6.83;6.48;6.49;800697;12791923.000
05/17/2004;6.45;6.60;6.38;6.49;188569;2956734.000
05/18/2004;6.49;6.54;6.09;6.24;1547917;23532630.000
05/19/2004;6.29;6.39;6.15;6.18;550677;8324067.000
05/20/2004;6.05;6.27;6.05;6.16;478397;7191041.000
05/21/2004;6.09;6.27;6.09;6.20;321043;4846322.000
05/24/2004;6.20;6.24;6.05;6.06;230178;3426737.000
05/25/2004;5.99;6.08;5.93;6.05;500390;7386986.000
05/26/2004;5.96;6.12;5.95;6.11;421134;6233400.000
05/27/2004;6.10;6.33;6.04;6.31;696237;10511274.000
05/28/2004;6.29;6.35;6.24;6.25;209597;3209637.000
05/31/2004;6.24;6.53;6.22;6.46;386037;5997977.000
06/01/2004;6.49;6.68;6.46;6.64;638407;10176782.000
06/02/2004;6.68;6.72;6.51;6.59;284700;4524004.000
06/03/2004;6.56;6.70;6.42;6.49;243182;3822490.000
06/04/2004;6.34;6.49;6.34;6.42;267374;4141271.000
06/07/2004;6.43;6.49;6.05;6.16;447650;6717571.000
06/08/2004;6.15;6.15;5.66;5.78;1423632;20451064.000
06/09/2004;5.60;5.82;5.51;5.77;1015974;14203587.000
06/10/2004;5.59;5.77;5.56;5.63;736761;10358375.000
06/11/2004;5.59;5.83;5.59;5.79;549956;7747157.000
06/14/2004;5.68;5.74;5.54;5.56;261203;3597520.000
06/15/2004;5.47;5.77;5.47;5.76;303437;4231531.000
06/16/2004;5.76;5.92;5.71;5.86;229427;3273196.000
06/17/2004;5.81;5.85;5.56;5.70;210192;2932815.000
06/18/2004;5.60;5.97;5.59;5.89;648195;9251165.000
06/21/2004;5.95;6.11;5.74;6.10;647089;9428495.000
06/22/2004;6.08;6.19;5.98;6.07;484240;7189285.000
06/23/2004;6.00;6.04;5.83;5.89;95360;1375776.000
06/24/2004;5.81;6.17;5.70;5.88;797165;11410569.000
06/25/2004;5.80;5.85;5.51;5.56;334302;4626052.000
06/28/2004;5.47;5.67;4.89;5.08;773409;9984508.000
06/29/2004;5.06;5.18;4.61;4.94;1260049;15296995.000
06/30/2004;4.92;5.15;4.83;5.09;383484;4820546.000
07/01/2004;5.22;5.37;4.97;5.28;1374248;17863844.000
07/02/2004;5.35;5.35;5.15;5.31;429371;5648569.000
07/05/2004;5.31;5.38;5.10;5.36;403850;5283980.000
07/06/2004;5.35;5.41;5.21;5.25;672803;8830468.000
07/07/2004;5.23;5.28;5.12;5.24;488461;6309507.000
07/08/2004;5.22;5.26;5.17;5.22;347919;4516557.000
07/09/2004;5.22;5.41;5.19;5.37;764357;10032981.000
07/12/2004;5.27;5.28;5.11;5.21;1095117;14145247.000
07/13/2004;5.17;5.29;5.11;5.28;1619825;21009288.000
07/14/2004;5.17;5.34;4.97;5.18;1225058;15711209.000
07/15/2004;4.97;5.21;4.97;5.04;1262957;16018504.000
07/16/2004;4.98;5.44;4.98;5.41;1271141;16605810.000
07/19/2004;5.40;5.40;5.27;5.32;711010;9400118.000
07/20/2004;5.33;5.47;5.15;5.31;1013230;13237681.000
07/21/2004;5.18;5.33;5.17;5.19;384975;5000647.000
07/22/2004;5.17;5.22;4.56;4.64;2091105;25565350.000
07/23/2004;4.62;4.62;4.27;4.42;1112135;12602639.000
07/26/2004;4.37;4.46;4.27;4.34;679919;7621690.000
07/27/2004;4.34;4.40;4.27;4.32;219300;2450831.000
07/28/2004;4.30;4.41;4.28;4.32;512875;5725908.000
07/29/2004;4.36;4.51;4.31;4.48;366974;4150702.000
07/30/2004;4.48;4.49;4.00;4.13;1114641;12023139.000
08/02/2004;4.04;4.05;3.75;3.90;1649139;16887270.000
08/03/2004;3.83;3.94;3.80;3.89;1009029;10282261.000
08/04/2004;3.89;4.22;3.85;4.12;1170828;12408043.000
08/05/2004;4.11;4.23;4.01;4.06;791179;8506237.000
08/06/2004;4.05;4.18;3.96;4.14;532035;5611891.000
08/09/2004;4.08;4.12;4.00;4.09;232600;2479393.000
08/10/2004;4.09;4.17;4.05;4.11;269840;2897596.000
08/11/2004;4.12;4.29;4.08;4.22;795729;8694769.000
08/12/2004;4.13;4.14;4.01;4.11;519190;5545796.000
08/13/2004;4.04;4.14;4.04;4.07;336689;3601134.000
08/16/2004;4.07;4.19;3.93;4.14;861442;9133327.000
08/17/2004;4.14;4.16;4.01;4.05;739830;7900063.000
08/18/2004;3.97;4.19;3.97;4.07;594750;6390245.000
08/19/2004;4.09;4.09;3.72;3.75;1565691;16001349.000
08/20/2004;3.74;3.81;3.73;3.79;909596;9117004.000
08/23/2004;3.79;3.79;3.56;3.67;820210;8027576.000
08/24/2004;3.58;3.75;3.57;3.71;621193;6154277.000
08/25/2004;3.74;3.74;3.63;3.73;469882;4638931.000
08/26/2004;3.68;3.89;3.67;3.81;332777;3356670.000
08/27/2004;3.76;3.85;3.76;3.82;299300;3026292.000
08/30/2004;3.75;3.81;3.66;3.75;365299;3602459.000
08/31/2004;3.85;3.95;3.76;3.81;576993;5878099.000
09/01/2004;3.81;3.83;3.69;3.74;144754;1450769.000
09/02/2004;3.66;3.83;3.66;3.82;133341;1337642.000
09/03/2004;3.82;3.85;3.77;3.84;163414;1652021.000
09/06/2004;3.82;3.84;3.75;3.80;138941;1392540.000
09/07/2004;3.79;3.79;3.70;3.76;94450;939077.000
09/08/2004;3.75;3.81;3.67;3.75;94300;935953.000
09/09/2004;3.71;3.71;3.31;3.43;1117001;10426363.000
09/10/2004;3.32;3.41;3.32;3.36;331824;3050433.000
09/13/2004;3.36;3.36;3.12;3.12;560300;4937588.000
09/14/2004;3.18;3.31;3.17;3.24;685135;6104864.000
09/15/2004;3.24;3.67;3.24;3.67;2381439;23130052.000
09/16/2004;3.71;3.90;3.70;3.82;1371691;13830126.000
09/17/2004;3.76;4.32;3.76;4.19;2947387;31134770.000
09/21/2004;4.39;4.67;4.34;4.49;7750079;89225128.000
09/22/2004;4.47;4.49;4.22;4.42;2378420;26763408.000
09/23/2004;4.41;4.66;4.29;4.65;2258929;26148148.000
09/24/2004;4.70;4.92;4.39;4.44;3943781;46854036.000
09/27/2004;4.49;4.62;4.39;4.40;1283795;14677514.000
09/28/2004;4.42;4.49;4.39;4.42;638335;7276958.000
09/29/2004;4.48;4.61;4.42;4.43;1075615;12430799.000
09/30/2004;4.42;4.49;4.22;4.30;1282507;14312239.000
10/08/2004;4.30;4.51;4.18;4.49;1426745;16228523.000
10/11/2004;4.53;4.80;4.48;4.60;2274816;26752674.000
10/12/2004;4.56;4.72;4.53;4.53;1148898;13473317.000
10/13/2004;4.56;4.63;4.50;4.58;801338;9301689.000
10/14/2004;4.54;4.61;4.01;4.01;1715300;18959504.000
10/15/2004;3.97;4.10;3.90;3.99;1112562;11717283.000
10/18/2004;4.05;4.14;3.97;4.08;537879;5749545.000
10/19/2004;4.13;4.21;3.95;3.95;790665;8481550.000
10/20/2004;3.95;3.99;3.49;3.70;2264267;22173208.000
10/21/2004;3.66;3.81;3.58;3.76;1265250;12518329.000
10/22/2004;3.75;4.04;3.72;4.01;1066120;11030269.000
10/25/2004;4.02;4.36;4.02;4.22;2674017;29229988.000
10/26/2004;4.21;4.31;4.14;4.29;1199488;13164840.000
10/27/2004;4.29;4.43;4.24;4.41;1554118;17306680.000
10/28/2004;4.41;4.41;4.22;4.27;909900;10100302.000
10/29/2004;4.15;4.21;4.00;4.09;1072100;11539390.000
11/01/2004;4.00;4.17;3.78;3.90;429650;4502574.000
11/02/2004;3.90;4.03;3.83;3.95;307278;3152559.000
11/03/2004;3.95;4.31;3.90;4.28;945646;10114769.000
11/04/2004;4.28;4.37;4.14;4.15;682950;7478932.000
11/05/2004;4.25;4.29;4.00;4.09;1083400;11579018.000
11/08/2004;4.10;4.26;4.04;4.23;868752;9350263.000
11/09/2004;4.28;4.46;4.22;4.35;3371089;37723360.000
11/10/2004;4.38;4.68;4.38;4.68;3121314;36084128.000
11/11/2004;4.73;4.76;4.62;4.65;2471184;29128946.000
11/12/2004;4.65;4.76;4.52;4.71;1662598;19512800.000
11/15/2004;4.73;4.75;4.64;4.70;1417801;16751104.000
11/16/2004;4.71;4.73;4.55;4.62;1248187;14600015.000
11/17/2004;4.59;4.91;4.58;4.85;2491283;29764074.000
11/18/2004;4.82;5.01;4.78;4.98;2110390;25891172.000
11/19/2004;4.98;5.04;4.84;4.96;1410861;17421422.000
11/22/2004;4.96;4.98;4.86;4.94;884326;10840068.000
11/23/2004;4.93;5.00;4.83;4.84;762114;9348520.000
11/24/2004;4.83;4.91;4.74;4.76;993020;11981411.000
11/25/2004;4.73;4.79;4.61;4.72;978956;11557761.000
11/26/2004;4.69;4.77;4.61;4.63;825199;9729997.000
11/29/2004;4.63;4.78;4.63;4.74;638520;7563094.000
11/30/2004;4.74;4.76;4.59;4.68;760096;8956502.000
12/01/2004;4.69;4.69;4.65;4.66;267200;3142838.000
12/02/2004;4.66;4.70;4.42;4.44;1300105;14880932.000
12/03/2004;4.39;4.58;4.36;4.45;711908;8113136.000
12/06/2004;4.43;4.51;4.36;4.48;544460;6141913.000
12/07/2004;4.48;4.55;4.36;4.36;430560;4858572.000
12/08/2004;4.38;4.46;4.34;4.38;357064;3992321.000
12/09/2004;4.45;4.61;4.36;4.44;1084144;12330016.000
12/10/2004;4.44;4.45;4.22;4.24;994810;10983851.000
12/13/2004;4.05;4.19;4.00;4.12;830000;8774213.000
12/14/2004;4.10;4.16;4.05;4.08;387742;4101969.000
12/15/2004;4.04;4.15;3.89;3.99;937920;9704822.000
12/16/2004;3.99;4.04;3.95;3.99;269300;2800445.000
12/17/2004;3.95;4.03;3.90;3.95;410759;4233762.000
12/20/2004;3.85;3.94;3.74;3.77;494549;4933569.000
12/21/2004;3.76;3.85;3.74;3.79;247141;2460934.000
12/22/2004;3.86;4.01;3.79;4.01;633129;6509292.000
12/23/2004;4.02;4.03;3.81;3.88;287900;2945630.000
12/24/2004;3.79;3.92;3.79;3.91;269002;2722040.000
12/27/2004;3.94;3.94;3.80;3.85;374000;3771031.000
12/28/2004;3.85;3.92;3.80;3.88;165841;1678106.000
12/29/2004;3.81;3.90;3.79;3.85;257701;2585167.000
12/30/2004;3.90;3.90;3.67;3.74;350846;3452993.000
12/31/2004;3.83;3.84;3.64;3.64;242029;2373618.000
01/04/2005;3.51;3.65;3.48;3.50;316300;3000285.000
01/05/2005;3.42;3.55;3.40;3.47;850718;7932220.000
01/06/2005;3.46;3.49;3.24;3.38;741148;6697516.000
01/07/2005;3.32;3.42;3.28;3.32;823246;7443872.000
01/10/2005;3.22;3.34;3.16;3.30;1033460;9170841.000
01/11/2005;3.32;3.34;3.26;3.29;616486;5499039.000
01/12/2005;3.30;3.56;3.28;3.55;2142810;19838504.000
01/13/2005;3.55;3.57;3.48;3.55;887069;8358620.000
01/14/2005;3.55;3.55;3.38;3.40;640545;5967490.000
01/17/2005;3.31;3.35;3.19;3.22;707756;6271424.000
01/18/2005;3.22;3.33;3.19;3.33;730801;6471131.000
01/19/2005;3.31;3.31;3.19;3.20;742503;6537015.000
01/20/2005;3.14;3.16;3.03;3.08;627444;5323036.000
01/21/2005;3.08;3.30;3.04;3.27;846061;7406613.000
01/24/2005;3.45;3.49;3.30;3.36;933971;8501819.000
01/25/2005;3.22;3.31;3.22;3.29;483351;4292023.000
01/26/2005;3.39;3.48;3.34;3.36;1248095;11495952.000
01/27/2005;3.29;3.36;3.22;3.23;385470;3433888.000
01/28/2005;3.21;3.27;3.18;3.21;277300;2441121.000
01/31/2005;3.17;3.17;3.06;3.10;437684;3743257.000
02/01/2005;3.08;3.21;3.08;3.12;367770;3187650.000
02/02/2005;3.11;3.40;3.11;3.40;841601;7586136.000
02/03/2005;3.40;3.51;3.33;3.41;1545834;14198789.000
02/04/2005;3.39;3.49;3.31;3.46;1120571;10271567.000
02/16/2005;3.51;3.63;3.43;3.54;1042987;9842578.000
02/17/2005;3.52;3.52;3.44;3.48;408329;3811373.000
02/18/2005;3.49;3.50;3.36;3.38;550507;5074248.000
02/21/2005;3.40;3.49;3.37;3.48;499500;4619223.000
02/22/2005;3.48;3.65;3.46;3.59;1130117;10774672.000
02/23/2005;3.63;3.77;3.56;3.72;1756456;17179708.000
02/24/2005;3.67;3.77;3.63;3.76;1052930;10290250.000
02/25/2005;3.94;4.10;3.81;3.81;3040221;31199624.000
02/28/2005;3.83;3.87;3.66;3.70;1319144;13056858.000
03/01/2005;3.68;3.84;3.62;3.83;1212483;11900059.000
03/02/2005;3.82;3.91;3.68;3.69;1467440;14637620.000
03/03/2005;3.66;3.77;3.66;3.73;815077;7987746.000
03/04/2005;3.74;3.79;3.72;3.73;556929;5505915.000
03/07/2005;3.76;3.83;3.72;3.75;449548;4461799.000
03/08/2005;3.75;3.88;3.72;3.87;881906;8857641.000
03/09/2005;3.90;3.93;3.80;3.84;754100;7624109.000
03/10/2005;3.84;3.84;3.62;3.62;973600;9529499.000
03/11/2005;3.62;3.68;3.59;3.63;767953;7410604.000
03/14/2005;3.63;3.63;3.37;3.48;1732843;16098372.000
03/15/2005;3.48;3.49;3.35;3.37;693827;6391887.000
03/16/2005;3.33;3.43;3.33;3.40;483740;4429778.000
03/17/2005;3.37;3.43;3.34;3.35;380100;3465707.000
03/18/2005;3.35;3.39;3.17;3.21;558535;4958268.000
03/21/2005;3.21;3.24;3.12;3.22;351248;3065906.000
03/22/2005;3.22;3.42;3.14;3.33;951419;8542445.000
03/23/2005;3.31;3.46;3.30;3.35;724025;6600920.000
03/24/2005;3.32;3.41;3.31;3.40;402063;3662077.000
03/25/2005;3.41;3.44;3.35;3.36;283309;2595659.000
03/28/2005;3.35;3.35;3.16;3.28;400297;3519494.000
03/29/2005;3.22;3.31;3.22;3.23;247800;2201410.000
03/30/2005;3.17;3.22;3.13;3.14;313147;2727153.000
03/31/2005;3.13;3.13;2.85;2.92;847925;6977360.000
04/01/2005;3.05;3.32;2.87;3.32;2368282;20674384.000
04/04/2005;3.27;3.50;3.22;3.44;2876380;26442006.000
04/05/2005;3.42;3.49;3.37;3.44;1408594;13008869.000
04/06/2005;3.41;3.66;3.41;3.62;1617802;15389817.000
04/07/2005;3.62;3.72;3.57;3.59;2532235;24573672.000
04/08/2005;3.52;3.81;3.52;3.79;1651670;16283752.000
04/11/2005;3.78;3.80;3.70;3.73;933474;9240790.000
04/12/2005;3.70;3.75;3.65;3.65;1069599;10403012.000
04/13/2005;3.68;3.78;3.66;3.71;1199716;11783604.000
04/14/2005;3.73;3.84;3.70;3.71;1406756;13961697.000
04/15/2005;3.68;3.79;3.66;3.72;1951535;19179264.000
04/18/2005;3.85;3.85;3.71;3.74;1350407;13407172.000
04/19/2005;3.75;3.84;3.66;3.73;1162660;11470352.000
04/20/2005;3.71;3.72;3.64;3.65;933420;9072214.000
04/21/2005;3.61;3.63;3.50;3.55;956498;9061464.000
04/22/2005;3.56;3.69;3.51;3.68;639144;6155847.000
04/25/2005;3.73;3.73;3.54;3.65;742981;7186649.000
04/26/2005;3.72;3.88;3.67;3.88;1761672;17599588.000
04/27/2005;3.93;3.93;3.73;3.75;1039100;10397305.000
04/28/2005;3.76;4.01;3.75;4.00;1788238;18299976.000
04/29/2005;3.98;4.02;3.78;3.87;1258881;12859176.000
05/09/2005;3.79;3.92;3.56;3.58;742861;7283797.000
05/10/2005;3.54;3.60;3.22;3.43;1121523;10178677.000
05/11/2005;3.41;3.45;3.22;3.25;488165;4389604.000
05/12/2005;3.25;3.31;3.15;3.25;800026;7050720.000
05/13/2005;3.22;3.31;3.17;3.30;442863;3938769.000
05/16/2005;3.23;3.31;3.22;3.26;301550;2676115.000
05/17/2005;3.25;3.34;3.22;3.34;557225;4974208.000
05/19/2005;3.27;3.27;2.92;3.08;1996474;16877392.000
05/20/2005;3.04;3.13;2.99;3.04;614328;5219054.000
05/23/2005;3.01;3.01;2.77;2.81;1300746;10529245.000
05/24/2005;2.81;2.95;2.77;2.89;566603;4586872.000
05/25/2005;2.88;2.97;2.88;2.90;486032;3981672.000
05/26/2005;2.90;2.95;2.83;2.84;323151;2611616.000
05/27/2005;2.83;2.89;2.80;2.83;365969;2931145.000
05/30/2005;2.83;2.90;2.77;2.87;262345;2107026.000
05/31/2005;2.88;2.91;2.85;2.87;237300;1924028.000
06/01/2005;2.87;2.88;2.62;2.64;747450;5813352.000
06/02/2005;2.62;2.65;2.50;2.53;636174;4749366.000
06/03/2005;2.54;2.58;2.48;2.51;316862;2339787.000
06/06/2005;2.51;2.68;2.48;2.67;835932;6284167.000
06/07/2005;2.67;2.80;2.62;2.67;883065;6841434.000
06/08/2005;2.52;3.05;2.52;3.02;2122252;17376868.000
06/09/2005;3.02;3.21;2.95;3.12;2217753;19050032.000
06/10/2005;3.12;3.14;3.01;3.04;960885;8162406.000
06/13/2005;3.02;3.08;2.98;3.06;693168;5837512.000
06/14/2005;3.05;3.09;2.85;2.85;957705;7928375.000
06/15/2005;2.83;2.85;2.72;2.74;659886;5192148.000
06/16/2005;2.74;2.84;2.74;2.82;346024;2748702.000
06/17/2005;2.83;2.98;2.78;2.95;1149553;9417025.000
06/20/2005;2.95;3.10;2.85;3.10;849160;7133539.000
06/21/2005;3.12;3.12;3.02;3.08;596659;5062630.000
06/22/2005;3.02;3.08;3.00;3.07;441068;3711111.000
06/23/2005;3.02;3.08;2.99;3.01;241999;2037998.000
06/24/2005;3.00;3.06;2.99;3.05;381682;3205268.000
06/27/2005;3.12;3.32;3.09;3.29;1602272;14157974.000
06/28/2005;3.26;3.26;3.14;3.23;925863;8091239.000
06/29/2005;3.24;3.42;3.24;3.38;1803741;16365923.000
06/30/2005;3.39;3.41;3.31;3.32;1451354;13219933.000
07/01/2005;3.28;3.33;3.22;3.27;1228330;10973740.000
07/04/2005;3.27;3.29;3.10;3.12;1387272;12134284.000
07/05/2005;3.09;3.12;2.99;3.10;471033;2426252.000
07/06/2005;3.08;3.12;2.95;3.06;787081;4043158.000
07/07/2005;3.00;3.06;2.99;3.06;739200;3775999.000
07/08/2005;3.04;3.11;2.99;3.10;662670;3425170.000
07/11/2005;3.12;3.22;2.92;2.99;712781;3747932.000
07/12/2005;2.96;3.20;2.91;3.14;1426290;7347901.000
07/13/2005;3.12;3.13;3.00;3.07;595912;3078769.000
07/14/2005;3.06;3.10;3.02;3.07;457200;2366454.000
07/15/2005;3.08;3.08;2.97;2.99;466220;2384555.000
07/18/2005;2.97;3.06;2.93;3.01;289019;1469543.000
07/19/2005;3.00;3.04;2.96;3.03;133040;679732.000
07/20/2005;2.99;3.07;2.98;3.03;306305;1567279.000
07/21/2005;3.03;3.15;3.03;3.11;958396;5016332.000
07/22/2005;3.11;3.25;3.07;3.20;1242414;6639809.000
07/25/2005;3.20;3.30;3.14;3.16;916379;4915628.000
07/26/2005;3.47;3.47;3.24;3.29;2222279;12177344.000
07/27/2005;3.31;3.38;3.28;3.37;1421231;7837185.000
07/28/2005;3.38;3.41;3.30;3.31;1256390;6983582.000
07/29/2005;3.30;3.30;3.22;3.24;828252;4495550.000
08/01/2005;3.24;3.42;3.24;3.42;1443922;8051833.000
08/02/2005;3.42;3.46;3.35;3.46;1266149;7099595.000
08/03/2005;3.46;3.54;3.41;3.44;1881540;10757716.000
08/04/2005;3.41;3.43;3.35;3.42;714245;4002345.000
08/05/2005;3.42;3.54;3.42;3.54;1563604;8996533.000
08/08/2005;3.56;3.63;3.51;3.60;2428615;14168801.000
08/09/2005;3.60;3.69;3.47;3.64;3628467;21391596.000
08/10/2005;3.64;3.69;3.55;3.64;3378691;19921862.000
08/11/2005;3.68;3.79;3.64;3.75;5493649;33161888.000
08/12/2005;3.78;3.81;3.60;3.61;2963415;17721156.000
08/15/2005;3.69;4.07;3.64;4.06;6094510;38112548.000
08/16/2005;4.03;4.21;3.96;4.06;4191271;27298040.000
08/17/2005;4.03;4.21;4.02;4.17;2640030;17312540.000
08/18/2005;4.17;4.28;3.81;3.88;2903171;18881444.000
08/19/2005;3.89;3.99;3.82;3.96;1753009;10977026.000
08/22/2005;3.96;4.15;3.96;4.13;2128732;13829948.000
08/23/2005;4.07;4.14;3.95;4.05;1508812;9653296.000
08/24/2005;4.06;4.10;3.98;4.05;1035418;6660017.000
08/25/2005;4.06;4.10;3.90;3.98;1277535;8130932.000
08/29/2005;3.98;4.06;3.80;3.85;1238140;7700552.000
08/30/2005;3.85;3.85;3.78;3.78;1079138;6623551.000
08/31/2005;3.78;3.92;3.78;3.91;1882668;11623073.000
09/01/2005;3.85;4.10;3.83;4.06;2171107;13753339.000
09/02/2005;4.06;4.15;4.02;4.08;1208185;7835072.000
09/05/2005;4.10;4.14;4.01;4.10;1656851;10718979.000
09/06/2005;4.10;4.10;3.90;3.92;1917980;12256267.000
09/07/2005;3.90;4.05;3.86;4.05;1630892;10322544.000
09/08/2005;4.09;4.28;4.08;4.17;4105481;27160800.000
09/09/2005;4.17;4.20;4.04;4.08;1976522;12856473.000
09/12/2005;4.06;4.14;4.01;4.05;1282995;8262555.000
09/13/2005;4.06;4.17;4.03;4.17;3517559;22793708.000
09/14/2005;4.20;4.29;4.15;4.25;4107633;27444578.000
09/15/2005;4.28;4.42;4.17;4.40;5280002;35813016.000
09/16/2005;4.43;4.45;4.32;4.35;3780332;25878662.000
09/19/2005;4.34;4.53;4.31;4.53;3905846;27107168.000
09/20/2005;4.59;4.62;4.39;4.52;4928180;34492152.000
09/21/2005;4.50;4.51;4.29;4.32;3688862;25254584.000
09/22/2005;4.30;4.36;4.02;4.17;2844522;18782082.000
09/23/2005;4.12;4.19;4.06;4.09;2086033;13612677.000
09/26/2005;4.08;4.16;4.02;4.12;947597;6138696.000
09/27/2005;4.14;4.17;3.94;3.98;1786303;11454389.000
09/28/2005;3.98;4.06;3.96;4.00;1399778;8940879.000
09/29/2005;4.01;4.14;4.01;4.14;2162280;14069612.000
09/30/2005;4.16;4.25;4.12;4.21;2726057;18055476.000
10/10/2005;4.24;4.24;4.03;4.04;1874720;12195229.000
10/11/2005;4.02;4.22;3.99;4.21;2152667;14049419.000
10/12/2005;4.24;4.40;4.21;4.33;4819005;32805064.000
10/13/2005;4.32;4.44;4.28;4.40;3391994;23304456.000
10/14/2005;4.38;4.42;4.28;4.31;2252963;15371171.000
10/17/2005;4.33;4.48;4.31;4.48;3826168;26427024.000
10/18/2005;4.47;4.66;4.38;4.47;8111002;57273052.000
10/19/2005;4.52;4.64;4.38;4.39;3842336;26148266.000
10/20/2005;4.41;4.42;4.17;4.19;4061622;26239884.000
10/21/2005;4.20;4.38;4.20;4.34;2907010;19088042.000
10/24/2005;4.34;4.48;4.26;4.46;2399534;15900419.000
10/25/2005;4.46;4.52;4.38;4.39;2511002;16867520.000
10/26/2005;4.38;4.45;4.27;4.28;3156109;20934644.000
10/27/2005;4.26;4.52;4.17;4.51;4487266;29821144.000
10/28/2005;4.52;4.56;4.33;4.44;4577633;30738082.000
10/31/2005;4.44;4.60;4.44;4.58;5113280;35080244.000
11/01/2005;4.59;4.70;4.45;4.69;5695769;39211096.000
11/02/2005;4.74;4.82;4.50;4.52;13616180;95175304.000
11/03/2005;4.46;4.59;4.31;4.33;6902511;46411428.000
11/04/2005;4.33;4.39;4.21;4.35;4012932;26228572.000
11/07/2005;4.36;4.45;4.30;4.41;2720812;18139412.000
11/08/2005;4.42;4.45;4.37;4.41;2231519;14919758.000
11/09/2005;4.42;4.45;4.29;4.31;2363874;15578860.000
11/10/2005;4.23;4.31;3.94;3.96;4177429;26458786.000
11/11/2005;3.92;4.02;3.81;3.85;4354397;26158284.000
11/14/2005;3.85;3.96;3.84;3.94;1417492;8600487.000
11/15/2005;3.95;3.99;3.78;3.81;1764289;10574563.000
11/16/2005;3.81;3.81;3.59;3.74;2178783;12501194.000
11/17/2005;3.76;3.81;3.70;3.70;1099711;6421095.000
11/18/2005;3.70;4.16;3.69;4.16;8271980;51468600.000
11/21/2005;4.19;4.33;4.13;4.25;6891190;44617904.000
11/22/2005;4.25;4.45;4.20;4.31;7029220;46360472.000
11/23/2005;4.27;4.37;4.20;4.29;2658721;17348516.000
11/24/2005;4.29;4.33;4.23;4.25;1952956;12693993.000
11/25/2005;4.27;4.29;4.11;4.16;2409781;15372134.000
11/28/2005;4.16;4.27;4.15;4.17;2822747;18087504.000
11/29/2005;4.16;4.16;3.95;3.98;2987845;18419688.000
11/30/2005;3.95;4.07;3.90;4.02;1439680;8787586.000
12/01/2005;3.99;4.06;3.96;4.01;763278;4702896.000
12/02/2005;3.99;4.01;3.96;3.99;798884;4905388.000
12/05/2005;4.00;4.06;3.95;3.98;1221389;7522949.000
12/06/2005;3.99;3.99;3.88;3.93;893164;5437211.000
12/07/2005;3.95;4.17;3.92;4.12;2113465;13265289.000
12/08/2005;4.17;4.23;4.09;4.17;2290589;14634299.000
12/09/2005;4.12;4.26;4.12;4.20;2414040;15507209.000
12/12/2005;4.23;4.23;4.15;4.19;1265678;8098578.000
12/13/2005;4.17;4.31;4.13;4.31;2925914;18964244.000
12/14/2005;4.27;4.33;4.23;4.32;2147764;13997231.000
12/15/2005;4.33;4.34;4.17;4.18;2612894;16889382.000
12/16/2005;4.18;4.23;4.16;4.18;1160860;7433710.000
12/19/2005;4.18;4.23;4.16;4.16;1021910;6540299.000
12/20/2005;4.15;4.15;4.03;4.10;1602395;10045951.000
12/21/2005;4.10;4.13;4.06;4.09;829640;5205043.000
12/22/2005;4.09;4.20;4.07;4.20;1681776;10726640.000
12/23/2005;4.24;4.32;4.20;4.28;2998301;19554876.000
12/26/2005;4.28;4.33;4.25;4.31;2517710;16460204.000
12/27/2005;4.31;4.31;4.22;4.26;1610815;10473843.000
12/28/2005;4.26;4.32;4.23;4.30;1827157;11907665.000
12/29/2005;4.30;4.51;4.30;4.47;5967682;40139000.000
12/30/2005;4.48;4.54;4.37;4.39;3447879;23179600.000
01/04/2006;4.38;4.79;4.37;4.77;9498906;66690504.000
01/05/2006;4.78;4.99;4.74;4.92;12329864;89766832.000
01/06/2006;4.80;5.08;4.79;4.93;6092205;44794752.000
01/09/2006;4.93;5.18;4.85;5.11;4643943;35152044.000
01/10/2006;5.11;5.28;5.05;5.20;4232464;32472088.000
01/11/2006;5.20;5.21;5.02;5.09;3565612;27027720.000
01/12/2006;5.06;5.42;5.02;5.39;3761376;29348836.000
01/13/2006;5.39;5.45;5.33;5.45;3283340;26103014.000
01/16/2006;5.48;5.50;5.24;5.29;2651491;20878352.000
01/17/2006;5.25;5.40;5.20;5.33;2475526;19378978.000
01/18/2006;5.32;5.48;5.25;5.45;3045069;24321576.000
01/19/2006;5.44;5.63;5.31;5.59;3033384;24376184.000
01/20/2006;5.57;5.90;5.45;5.69;3295165;27377468.000
01/24/2006;5.64;6.34;5.64;6.06;7118954;63090268.000
01/25/2006;6.04;6.18;5.84;6.08;1618254;14151950.000
02/06/2006;6.13;6.32;5.95;6.25;1352778;12127408.000
02/07/2006;6.25;6.27;5.92;5.99;2655388;23335868.000
02/08/2006;5.92;6.02;5.70;5.92;2363816;20164008.000
02/09/2006;5.89;5.99;5.59;5.63;2070708;17380616.000
02/10/2006;5.61;5.74;5.56;5.66;2529488;20937128.000
02/13/2006;5.67;5.89;5.61;5.72;2250155;18852724.000
02/14/2006;5.74;5.81;5.67;5.78;1409656;11824402.000
02/15/2006;5.75;5.88;5.58;5.63;3223857;26968856.000
02/16/2006;5.63;5.63;5.25;5.28;3892229;30824020.000
02/17/2006;5.27;5.46;5.22;5.29;2616276;20636708.000
02/20/2006;5.28;5.34;5.10;5.18;1251704;9691109.000
02/21/2006;5.19;5.44;5.06;5.42;3143842;24327240.000
02/22/2006;5.41;5.49;5.31;5.32;1659155;13146963.000
02/23/2006;5.32;5.34;5.15;5.21;1496241;11544547.000
02/24/2006;5.26;5.31;5.19;5.21;2674447;20662016.000
02/27/2006;5.23;5.48;5.23;5.40;2952965;23439956.000
02/28/2006;5.44;5.44;5.27;5.35;2906639;22835744.000
03/01/2006;5.38;5.51;5.37;5.45;1915205;15356170.000
03/02/2006;5.47;5.49;5.14;5.19;2398274;18800288.000
03/03/2006;5.19;5.33;5.09;5.15;2979497;22959784.000
03/06/2006;5.13;5.25;4.93;4.93;3115247;23329488.000
03/07/2006;4.95;5.13;4.95;5.00;4729437;35300572.000
03/08/2006;5.02;5.02;4.86;4.91;3898599;28711860.000
03/09/2006;4.92;5.06;4.88;4.96;2172700;16041030.000
03/10/2006;4.97;4.99;4.77;4.80;2172014;15711507.000
03/13/2006;4.81;4.84;4.74;4.81;2572505;18427696.000
03/14/2006;4.83;4.96;4.83;4.91;1777260;13019613.000
03/15/2006;4.91;5.13;4.89;5.09;2221529;16608274.000
03/16/2006;5.10;5.10;5.00;5.05;1789070;13405612.000
03/17/2006;5.09;5.18;5.05;5.09;1845775;13996621.000
03/20/2006;5.09;5.19;5.03;5.16;2632342;19904684.000
03/21/2006;5.17;5.23;5.09;5.20;2827906;21625968.000
03/22/2006;5.19;5.38;5.06;5.28;2760374;21254402.000
03/23/2006;5.27;5.42;5.21;5.38;3367195;26497380.000
03/24/2006;5.38;5.42;5.25;5.27;2733000;21475880.000
04/13/2006;5.88;5.88;5.67;5.84;19350564;165129744.000
04/14/2006;5.74;5.95;5.59;5.84;7494063;63555384.000
04/17/2006;5.75;6.29;5.74;6.27;6493995;57169856.000
04/18/2006;6.20;6.27;6.05;6.13;3349830;29940740.000
04/19/2006;6.06;6.38;6.06;6.37;4407484;39711736.000
04/20/2006;6.38;6.45;6.23;6.31;3901905;35609128.000
04/21/2006;6.34;6.99;6.34;6.79;5131022;49537872.000
04/24/2006;7.00;7.29;6.84;7.06;5424972;55144880.000
04/25/2006;7.08;7.50;6.78;7.31;4215457;43418328.000
04/26/2006;7.31;7.52;7.04;7.27;4958947;50827684.000
04/27/2006;7.24;8.04;7.20;7.85;7634133;82250072.000
05/24/2006;7.84;8.49;6.84;7.19;27418037;229565664.000
05/25/2006;7.09;7.39;6.67;6.87;11343603;87938120.000
05/26/2006;6.86;7.35;6.84;7.20;11169757;88809088.000
05/29/2006;7.18;7.42;7.09;7.40;6848357;55227308.000
05/30/2006;7.34;7.60;7.19;7.57;8082870;66276388.000
05/31/2006;7.57;7.80;7.29;7.32;9497095;79676216.000
06/01/2006;7.27;7.56;7.24;7.51;7503705;61740472.000
06/02/2006;7.51;7.54;7.19;7.46;8078870;65964848.000
06/05/2006;7.49;8.12;7.46;8.00;13523764;116796096.000
06/06/2006;8.04;8.05;7.73;7.81;5401786;46877104.000
06/07/2006;7.80;7.83;7.04;7.07;6646086;54441704.000
06/08/2006;6.99;7.10;6.60;7.01;5157480;39362152.000
06/09/2006;6.95;6.95;6.57;6.58;3746487;28417968.000
06/12/2006;6.48;6.54;6.32;6.40;2735724;19770196.000
06/13/2006;6.43;6.68;6.29;6.49;3849423;28061624.000
06/14/2006;6.55;6.67;6.46;6.60;3596014;26556376.000
06/15/2006;6.54;6.71;6.53;6.58;1906335;14166458.000
06/16/2006;6.62;6.93;6.57;6.83;2755420;20943132.000
06/19/2006;6.78;7.06;6.68;6.94;3011406;23265224.000
06/20/2006;6.96;7.49;6.84;7.31;5708360;45733912.000
06/21/2006;7.34;7.51;7.29;7.45;5290720;43517880.000
06/22/2006;7.33;7.44;7.21;7.25;3554157;28959992.000
06/23/2006;7.19;7.51;7.19;7.46;2567711;21034312.000
06/26/2006;7.46;8.29;7.46;8.12;10982713;96788224.000
06/27/2006;8.15;8.48;7.97;8.39;7082924;64054156.000
06/28/2006;8.39;8.47;8.16;8.30;3661769;33363628.000
06/29/2006;8.37;8.77;8.28;8.58;9973781;93081896.000
06/30/2006;8.59;8.64;8.21;8.38;4496703;41383484.000
07/04/2006;8.57;8.74;7.95;8.41;8843358;81438608.000
07/05/2006;8.36;8.55;7.98;8.50;5616504;51075416.000
07/06/2006;8.50;9.04;8.39;8.99;13063335;124768360.000
07/07/2006;8.99;9.00;8.75;8.89;2568129;24792874.000
07/10/2006;8.94;8.97;8.61;8.95;2542165;24426552.000
07/11/2006;9.06;9.55;9.06;9.37;9779698;99183568.000
07/12/2006;9.34;9.85;9.27;9.61;8576511;88981000.000
07/13/2006;9.60;9.60;8.57;8.57;8054179;78438056.000
07/14/2006;8.39;8.76;8.25;8.73;4885338;45547412.000
07/17/2006;8.60;9.37;8.40;9.35;3248027;31481830.000
07/18/2006;9.21;9.42;9.07;9.22;2957766;29627618.000
07/19/2006;9.33;9.42;8.72;8.78;3994502;39245428.000
07/20/2006;8.78;9.02;8.66;8.74;1925621;18452876.000
07/21/2006;8.71;8.94;8.71;8.75;1412215;13555855.000
07/24/2006;8.42;8.83;8.33;8.82;1723164;16267443.000
07/25/2006;8.77;9.42;8.77;9.24;3751075;37483164.000
07/26/2006;9.21;9.31;9.07;9.08;1453052;14465884.000
07/27/2006;9.07;9.22;8.70;8.79;1871087;18109612.000
07/28/2006;8.79;8.88;8.40;8.55;2362877;22073684.000
07/31/2006;8.53;8.53;8.00;8.12;4137212;37205500.000
08/01/2006;8.04;8.20;7.80;7.90;1719162;15038313.000
08/02/2006;7.98;8.16;7.90;8.12;2062734;18217818.000
08/03/2006;8.32;8.37;8.04;8.26;1368493;12341356.000
08/04/2006;8.40;8.40;7.64;7.67;1406761;12288883.000
08/07/2006;7.54;7.92;7.53;7.80;1443322;12391300.000
08/08/2006;7.93;8.19;7.93;8.17;1770835;15672056.000
08/09/2006;8.17;8.21;8.01;8.03;1205608;10699201.000
08/10/2006;8.04;8.20;8.02;8.16;1126673;10046013.000
08/11/2006;8.17;8.61;8.17;8.49;2588919;23960448.000
08/14/2006;8.57;8.70;8.09;8.25;1953636;17838580.000
08/15/2006;8.28;8.43;8.09;8.40;1224168;11108403.000
08/16/2006;8.34;8.57;8.34;8.51;1679152;15549330.000
08/17/2006;8.47;8.51;8.21;8.42;1449109;13164970.000
08/18/2006;8.47;9.07;8.42;8.68;5338028;51314448.000
08/21/2006;8.36;8.99;8.27;8.92;2812445;26635712.000
08/22/2006;8.90;9.01;8.77;8.92;2245120;21740002.000
08/23/2006;8.90;9.16;8.85;8.87;1732133;16948862.000
08/24/2006;8.83;8.98;8.66;8.97;1651640;15849715.000
08/25/2006;8.97;9.10;8.76;8.77;2125711;20649076.000
08/28/2006;8.77;9.20;8.77;9.14;3531482;34459972.000
08/29/2006;9.15;9.34;9.07;9.08;3683007;36805588.000
08/30/2006;8.95;9.08;8.88;8.93;2574719;25026120.000
08/31/2006;8.93;9.03;8.82;8.95;1500450;14528121.000
09/01/2006;8.94;9.26;8.92;8.98;4009597;39774564.000
09/04/2006;8.97;9.20;8.22;9.03;2242080;21857456.000
09/05/2006;9.07;9.12;8.75;8.91;2370544;22896916.000
09/06/2006;8.83;8.97;8.72;8.77;2846917;27266714.000
09/07/2006;8.79;8.82;8.22;8.23;5663916;51906776.000
09/08/2006;8.32;8.41;8.23;8.34;1495382;13650728.000
09/11/2006;8.38;8.43;8.22;8.40;1858591;16922630.000
09/12/2006;8.41;8.52;8.38;8.50;1744939;16138766.000
09/13/2006;8.47;8.57;8.32;8.35;1249590;11583964.000
09/14/2006;8.30;8.33;8.22;8.30;1626735;14705754.000
09/15/2006;8.37;8.48;8.32;8.37;1096961;10058977.000
09/18/2006;8.42;8.51;8.22;8.39;3721862;33814032.000
09/19/2006;8.46;8.62;8.27;8.54;4343772;40142988.000
09/20/2006;8.50;8.50;8.28;8.35;2553641;23312460.000
09/21/2006;8.39;8.39;8.25;8.31;1693381;15380582.000
09/22/2006;8.31;8.31;8.07;8.07;3124773;27925998.000
09/25/2006;8.05;8.17;7.94;8.02;1876036;16540472.000
09/26/2006;8.02;8.07;7.79;7.92;2436125;21105972.000
09/27/2006;7.91;8.14;7.90;8.14;1695537;14953613.000
09/28/2006;8.19;8.42;8.08;8.32;2258908;20422036.000
09/29/2006;8.32;8.36;8.12;8.14;3198270;28730896.000
10/09/2006;8.18;8.47;8.18;8.42;2289022;20908794.000
10/10/2006;8.40;8.48;8.31;8.39;2413121;22175850.000
10/11/2006;8.39;8.58;8.37;8.50;2364231;21930460.000
10/12/2006;8.45;8.50;8.23;8.24;2838255;25936894.000
10/13/2006;8.24;8.33;8.15;8.30;3006367;27103788.000
10/16/2006;8.25;8.30;8.07;8.09;1718898;15415609.000
10/17/2006;8.03;8.20;8.02;8.08;1171433;10399017.000
10/18/2006;8.08;8.35;8.05;8.32;1365314;12342729.000
10/19/2006;8.33;8.44;8.26;8.37;2539130;23225102.000
10/20/2006;8.37;8.42;8.22;8.26;2496100;22598568.000
10/23/2006;8.23;8.31;7.94;8.02;2159650;19171524.000
10/24/2006;8.02;8.20;8.02;8.17;2151718;19140582.000
10/25/2006;8.17;8.27;7.92;8.01;2500240;22073668.000
10/26/2006;8.01;8.13;7.97;8.03;2481175;21897576.000
10/27/2006;8.19;8.63;8.18;8.53;10190067;94220144.000
10/30/2006;8.55;8.80;8.48;8.71;6966164;65533808.000
10/31/2006;8.72;8.82;8.47;8.77;5316366;50018304.000
11/01/2006;8.72;8.72;8.52;8.63;4166274;39075100.000
11/02/2006;8.59;8.74;8.44;8.72;3652734;34169840.000
11/03/2006;8.79;8.97;8.62;8.73;4324188;41407904.000
11/06/2006;8.62;8.68;8.54;8.62;2526562;23694348.000
11/07/2006;8.62;8.62;8.32;8.45;3137288;28845540.000
11/08/2006;8.45;8.48;8.35;8.42;1436292;13199176.000
11/09/2006;8.42;8.73;8.38;8.67;3740617;35151900.000
11/10/2006;8.70;8.71;8.22;8.27;3421001;31562956.000
11/13/2006;8.21;8.26;7.85;7.88;4500904;39576424.000
11/14/2006;7.90;8.04;7.69;7.99;2395690;20608516.000
11/15/2006;7.96;8.12;7.88;8.06;1562761;13766567.000
11/16/2006;8.11;8.11;7.77;7.88;4037451;35150612.000
11/17/2006;7.77;7.93;7.75;7.81;2668853;22926992.000
11/20/2006;7.82;8.12;7.82;8.03;2516438;22071168.000
11/21/2006;8.02;8.31;7.84;8.27;3016641;26901136.000
11/22/2006;8.24;8.50;8.16;8.26;3153495;28842032.000
11/23/2006;8.24;8.37;8.14;8.24;1748249;15743208.000
11/24/2006;8.21;8.39;8.11;8.34;2172625;19718016.000
11/27/2006;8.32;8.64;8.30;8.58;2763234;25750084.000
11/28/2006;8.57;8.66;8.40;8.55;2810786;26154698.000
11/29/2006;8.41;8.92;8.35;8.82;5806656;55194376.000
11/30/2006;8.84;9.05;8.81;8.86;5166023;50115856.000
12/01/2006;8.88;9.42;8.83;9.23;7306115;71851832.000
12/04/2006;9.11;9.96;9.11;9.73;9356376;97541872.000
12/05/2006;9.74;9.82;9.46;9.63;5664940;58776712.000
12/06/2006;9.63;9.65;8.72;9.04;9758690;96374504.000
12/07/2006;8.91;9.17;8.78;8.79;4744383;46322100.000
12/08/2006;8.73;8.92;8.58;8.64;4085428;38819832.000
12/11/2006;8.62;8.96;8.62;8.92;2809252;26918160.000
12/12/2006;8.88;8.98;8.63;8.74;3378713;32212192.000
12/13/2006;8.74;9.03;8.72;8.98;4125365;39852064.000
12/14/2006;9.01;9.08;8.82;9.07;3767717;36690392.000
12/15/2006;9.07;9.35;9.03;9.18;4884226;48717672.000
12/18/2006;9.22;9.39;9.12;9.32;5983845;60054984.000
12/19/2006;9.33;9.38;8.82;9.04;6963722;68258264.000
12/20/2006;8.97;9.41;8.84;9.36;5736604;57311296.000
12/21/2006;9.37;9.95;9.22;9.40;8891664;92442120.000
12/22/2006;9.35;9.76;9.25;9.63;7371588;76258960.000
12/25/2006;9.72;10.42;9.72;9.88;7583993;81988464.000
12/26/2006;9.88;9.99;9.54;9.68;4088919;42949768.000
12/27/2006;9.68;10.11;9.62;9.94;4560390;49007740.000
12/28/2006;9.99;10.02;9.33;9.49;4327082;44953984.000
12/29/2006;9.49;9.68;9.30;9.52;4326997;44506892.000
01/04/2007;9.55;9.62;9.12;9.23;7659665;77032960.000
01/05/2007;9.12;9.66;9.12;9.65;4766913;48443220.000
01/08/2007;9.72;10.40;9.67;10.32;7700053;83737344.000
01/09/2007;10.34;10.55;10.17;10.41;6080219;67767760.000
01/10/2007;10.42;10.77;10.24;10.66;5641859;63983516.000
01/11/2007;10.82;11.07;10.44;10.65;7028462;81730936.000
01/12/2007;10.50;10.79;10.03;10.11;6825812;75810848.000
01/15/2007;10.22;11.07;10.21;11.06;6917274;79886552.000
01/16/2007;11.24;11.38;10.87;11.37;6784350;80584672.000
01/17/2007;11.47;11.64;10.62;10.89;7748606;92699376.000
01/18/2007;10.87;11.70;10.68;11.59;6872918;81856752.000
01/19/2007;11.72;12.22;11.60;11.97;6422874;81537992.000
01/22/2007;12.22;13.02;12.22;12.90;6493026;87680576.000
01/23/2007;12.97;13.01;11.98;12.49;8935175;117613616.000
01/24/2007;12.46;12.65;12.21;12.42;3964757;52333488.000
01/25/2007;12.35;12.35;11.43;11.52;6086379;76997056.000
01/26/2007;11.28;11.72;10.88;11.62;4869878;58977160.000
01/29/2007;11.58;12.30;11.58;12.28;6512743;83128528.000
01/30/2007;12.32;12.32;11.60;11.70;5646356;71677440.000
01/31/2007;11.67;12.02;11.24;11.31;5018295;62598300.000
02/01/2007;11.21;11.67;10.83;11.32;4458974;53436512.000
02/02/2007;11.32;11.44;10.83;10.85;3157098;37407608.000
02/05/2007;10.77;10.97;10.57;10.88;2417371;27948556.000
02/06/2007;11.11;11.32;10.93;11.22;3340020;39877832.000
02/07/2007;11.37;11.43;11.10;11.25;4057025;48873632.000
02/08/2007;11.37;11.70;11.19;11.66;5978497;73193896.000
02/09/2007;11.66;11.87;11.37;11.47;3302722;40750004.000
02/12/2007;11.52;11.91;11.41;11.90;6351764;78555744.000
02/13/2007;11.95;12.00;11.74;11.93;5453113;68995728.000
02/14/2007;11.96;12.46;11.87;12.31;6054532;78788168.000
02/15/2007;12.42;12.70;12.29;12.62;5403063;71715320.000
02/16/2007;12.70;12.84;12.40;12.49;6829951;91409208.000
02/26/2007;12.47;12.99;12.21;12.91;6474816;86425608.000
02/27/2007;12.97;13.41;11.54;11.54;8644179;114951040.000
02/28/2007;11.57;12.07;11.42;11.97;5288265;66331116.000
03/01/2007;11.97;12.07;11.14;11.25;6123062;75371352.000
03/02/2007;11.23;11.62;11.22;11.52;3420354;41784060.000
03/05/2007;11.52;11.86;11.27;11.64;3729557;46077916.000
03/06/2007;11.62;11.80;11.45;11.71;2327359;28921052.000
03/07/2007;11.72;12.12;11.71;12.00;4539072;57680880.000
03/08/2007;12.05;12.36;11.95;12.26;4696992;60892768.000
03/09/2007;12.33;12.42;11.94;12.09;3878187;50162964.000
03/12/2007;12.13;12.62;11.93;12.60;4991901;65062664.000
03/13/2007;12.67;13.50;12.43;13.24;11309496;157248464.000
03/14/2007;13.00;13.17;12.57;12.86;7218283;98584392.000
03/15/2007;13.06;13.52;13.02;13.21;7082815;100021792.000
03/16/2007;13.24;13.37;12.42;12.65;6029919;82364496.000
03/19/2007;12.16;13.40;12.11;13.05;5341408;73095432.000
03/20/2007;13.02;13.97;13.02;13.71;8381759;120571952.000
03/21/2007;13.98;14.02;13.42;13.72;4440260;64122416.000
03/22/2007;13.75;13.89;13.38;13.47;5336536;77106440.000
03/23/2007;13.38;13.56;12.97;13.37;6840382;96097392.000
03/26/2007;13.51;14.07;13.42;14.06;6478461;94368776.000
03/27/2007;14.20;14.20;13.82;14.13;5375145;79348112.000
03/28/2007;14.22;14.55;13.43;14.29;11419117;171012176.000
03/29/2007;14.50;15.05;14.23;14.32;11225304;173522960.000
03/30/2007;14.22;14.52;13.97;14.38;4985087;75185032.000
04/02/2007;14.49;14.80;14.12;14.75;5532495;84536248.000
04/03/2007;14.87;15.07;14.63;14.75;5041374;78699120.000
04/04/2007;14.82;15.27;14.60;15.06;5881970;92761808.000
04/05/2007;15.04;15.28;14.83;15.06;4625622;73123624.000
04/06/2007;14.87;15.28;14.82;15.14;5208490;82593568.000
04/09/2007;15.32;16.01;15.20;15.94;6389336;105110696.000
04/10/2007;16.00;16.02;15.43;15.89;5618174;93026704.000
04/11/2007;15.82;17.07;15.74;16.66;6655663;115548528.000
04/12/2007;16.67;17.12;16.52;17.02;4898106;86454048.000
04/13/2007;17.08;17.39;16.57;16.68;5245732;93191016.000
04/16/2007;16.67;17.41;16.64;17.20;4920691;87885392.000
04/17/2007;17.27;17.41;16.14;16.71;10124444;176061760.000
04/18/2007;16.42;16.51;15.77;16.32;12311691;207790832.000
04/19/2007;16.20;16.20;14.61;14.92;11431544;185634864.000
04/20/2007;14.97;15.70;14.97;15.70;7820874;127145432.000
04/23/2007;15.72;16.37;15.68;16.25;8241293;139400592.000
04/24/2007;16.38;16.47;15.79;15.99;8913730;149932416.000
04/25/2007;16.11;16.70;15.72;16.57;8812640;151224352.000
04/26/2007;16.72;16.87;16.34;16.71;5870402;101702304.000
04/27/2007;16.44;16.77;16.02;16.10;6109984;104284224.000
04/30/2007;15.72;16.00;15.28;15.50;10265976;167007088.000
05/09/2007;16.09;16.20;15.47;16.09;13813305;231051984.000
05/10/2007;16.44;17.61;16.44;17.26;19898173;355096160.000
05/11/2007;17.17;17.65;16.67;17.26;13706936;246957552.000
05/14/2007;17.32;17.32;16.88;16.98;8322715;148730608.000
05/15/2007;16.98;17.17;15.90;15.95;8301313;143543904.000
05/16/2007;15.95;16.42;15.70;16.40;5456405;92731256.000
05/17/2007;16.45;17.28;16.45;17.10;8338128;147688784.000
05/18/2007;17.37;17.87;17.12;17.23;12791980;233207984.000
05/21/2007;16.70;17.72;16.53;17.51;9950306;179794912.000
05/22/2007;17.82;18.19;17.52;17.68;10422222;194204320.000
05/23/2007;17.70;18.62;17.53;18.50;11682091;221760384.000
05/24/2007;18.42;20.43;18.22;19.86;14673696;290868800.000
05/25/2007;19.97;20.17;19.57;19.61;9643700;198584240.000
05/28/2007;19.82;20.08;19.45;19.85;9383770;193075792.000
05/29/2007;19.92;21.12;19.64;21.01;9928165;209029936.000
05/30/2007;18.90;20.37;18.83;18.83;9914848;200412416.000
05/31/2007;17.95;18.61;16.87;17.37;11429183;208472320.000
06/01/2007;17.74;18.49;16.83;17.09;12845699;236650848.000
06/04/2007;17.47;17.71;16.10;16.30;11305880;199382416.000
06/05/2007;16.69;18.01;16.32;18.01;15835440;287177568.000
06/06/2007;18.44;19.21;18.10;18.62;12237820;237944224.000
06/07/2007;18.78;19.17;18.23;19.00;8851593;173258160.000
06/08/2007;18.92;20.98;18.60;20.53;15569936;323628416.000
06/11/2007;20.75;21.52;20.23;20.71;10672879;231652976.000
06/12/2007;20.82;22.55;20.82;22.35;10773364;243848208.000
06/13/2007;22.32;22.72;21.92;22.44;7116697;164482160.000
06/14/2007;22.17;22.48;21.52;21.57;5900512;134178648.000
06/15/2007;21.57;22.01;21.22;21.30;3805368;84625656.000
06/18/2007;21.82;22.70;21.52;22.16;5147823;117956688.000
06/19/2007;21.92;22.51;21.30;22.14;3972283;89898224.000
06/20/2007;22.12;22.20;20.22;20.26;6638593;146566208.000
06/21/2007;20.10;20.91;19.40;19.91;4624161;96102368.000
06/22/2007;19.92;20.42;18.50;18.95;5001621;101005792.000
06/25/2007;18.79;19.20;17.90;18.05;4401022;83946176.000
06/26/2007;17.70;18.89;17.55;18.82;3202553;60475344.000
06/27/2007;19.00;19.29;18.11;19.12;3300605;63816520.000
06/28/2007;19.12;19.12;17.24;17.51;4206297;78575280.000
06/29/2007;17.10;17.25;16.08;16.10;4124524;70302792.000
07/02/2007;15.71;16.70;15.71;16.59;3404804;57366292.000
07/03/2007;16.72;16.85;16.20;16.68;2180145;37265108.000
07/04/2007;16.69;16.93;16.15;16.21;1516029;25901972.000
07/05/2007;15.80;16.00;14.60;14.61;3174372;50130764.000
07/06/2007;14.78;15.89;14.50;15.81;2783312;43572632.000
07/09/2007;16.00;16.39;15.83;16.25;2198604;36587404.000
07/10/2007;16.00;16.30;15.16;15.29;2981601;47800880.000
07/11/2007;15.28;15.59;15.02;15.42;937420;14890962.000
07/12/2007;15.60;16.70;15.49;16.24;2927357;48586124.000
07/13/2007;16.05;16.23;15.65;16.19;1300401;21364248.000
07/16/2007;15.99;16.06;15.55;15.61;1067316;17360648.000
07/17/2007;15.35;16.00;15.35;15.95;1080597;17474016.000
07/18/2007;15.88;16.70;15.72;16.18;2780471;46938944.000
07/19/2007;16.01;16.47;15.80;16.30;1978813;32820996.000
07/20/2007;16.33;17.03;16.33;16.97;3486915;60247120.000
07/23/2007;16.91;17.90;16.91;17.82;4093959;73791672.000
07/24/2007;17.95;18.20;17.40;17.51;2972340;54328012.000
07/25/2007;17.79;17.98;17.29;17.79;3443254;62241792.000
07/26/2007;17.79;18.63;17.79;18.21;2563745;48150984.000
07/27/2007;18.17;18.36;17.80;18.27;2268136;42123776.000
07/30/2007;18.21;18.70;18.00;18.49;5259197;99260192.000
07/31/2007;18.39;19.03;18.21;18.92;3951289;75751816.000
08/01/2007;19.18;19.18;17.21;17.24;4737699;87702936.000
08/02/2007;17.41;17.82;17.00;17.66;3244117;58169756.000
08/03/2007;17.80;17.95;17.20;17.86;3503995;63391676.000
08/06/2007;17.79;17.94;17.41;17.74;3326533;60333376.000
08/07/2007;17.85;18.80;17.64;18.69;6476762;122955280.000
08/08/2007;18.49;18.89;17.80;18.25;4056609;76556672.000
08/09/2007;18.20;18.60;18.06;18.39;2686983;50568936.000
08/10/2007;18.35;18.35;17.10;17.45;3227844;58286904.000
08/13/2007;17.30;18.40;16.66;18.17;7492600;136379648.000
08/14/2007;18.55;18.78;18.15;18.57;10685181;203055360.000
08/15/2007;18.73;19.79;18.57;19.49;16686106;327137792.000
08/16/2007;19.32;19.32;18.48;18.76;8853510;170167696.000
08/17/2007;18.75;18.75;18.00;18.08;6741492;126343944.000
08/20/2007;18.51;18.85;18.10;18.57;8017578;152522144.000
08/21/2007;18.66;19.08;18.39;18.84;10939476;209773872.000
08/22/2007;18.45;19.03;18.37;18.79;7828074;151114576.000
08/23/2007;18.82;19.60;18.81;19.38;8045979;159567024.000
08/24/2007;19.50;20.00;19.10;19.21;7454539;149125248.000
08/27/2007;19.40;19.73;18.59;19.01;6540019;127959760.000
08/28/2007;18.92;19.25;18.48;19.19;4821498;93802240.000
08/29/2007;19.03;20.20;18.80;19.90;11501878;233010656.000
08/30/2007;19.90;20.70;19.63;20.52;8051938;166411168.000
08/31/2007;20.40;20.79;20.00;20.03;5792551;120314688.000
09/03/2007;20.16;20.48;20.00;20.17;6095796;126214792.000
09/04/2007;20.31;20.98;20.28;20.59;6468416;136812752.000
09/05/2007;20.65;20.88;19.80;20.18;5743924;118581920.000
09/07/2007;20.38;20.38;19.30;19.32;6508798;132291576.000
09/10/2007;19.15;19.79;18.60;19.70;4961908;97111736.000
09/11/2007;19.49;19.99;18.11;18.16;5299994;104732496.000
09/12/2007;18.28;18.80;17.60;18.17;3774142;70433936.000
09/13/2007;18.19;18.62;18.00;18.51;2717694;51011244.000
09/14/2007;18.50;19.15;18.20;18.63;3310278;63427532.000
09/17/2007;18.60;19.17;18.50;18.81;3464674;66939872.000
09/18/2007;19.00;19.09;18.20;18.49;4212165;80228352.000
09/19/2007;18.48;18.79;18.11;18.25;3097055;58368288.000
09/20/2007;18.32;18.59;18.05;18.18;3703912;69262376.000
09/21/2007;18.30;18.78;18.15;18.61;3910653;74420288.000
09/24/2007;18.80;18.94;18.09;18.27;4080468;76634656.000
09/25/2007;18.38;18.69;18.08;18.29;3397297;64011740.000
09/26/2007;18.30;18.97;18.22;18.76;4807538;92212072.000
09/27/2007;18.80;18.96;18.57;18.93;3253376;62835444.000
09/28/2007;19.00;19.41;18.92;19.40;6934159;136671504.000
10/08/2007;19.85;19.99;19.30;19.32;5692780;114753776.000
10/09/2007;19.30;20.19;19.11;19.96;6789387;138221584.000
10/10/2007;20.10;20.10;19.51;19.96;5360115;108611952.000
10/11/2007;19.80;20.55;19.71;19.99;7428885;154015184.000
10/12/2007;20.53;21.55;19.51;21.06;15266477;324996352.000
10/15/2007;21.06;22.00;20.62;21.51;10351137;227674016.000
10/16/2007;21.59;21.60;20.23;20.42;7806555;165711952.000
10/17/2007;20.25;20.60;19.65;19.94;4254558;87480944.000
10/18/2007;19.95;20.66;19.72;19.96;3810284;78918192.000
10/19/2007;20.03;20.35;19.31;19.37;3060689;61646224.000
10/22/2007;19.10;19.10;18.11;18.14;3646516;69555312.000
10/23/2007;18.10;18.40;17.20;17.79;3477606;63451288.000
10/24/2007;17.98;18.15;17.03;17.16;3378814;60655808.000
10/25/2007;17.08;17.10;15.43;15.60;5844299;95872592.000
10/26/2007;15.49;16.00;15.46;15.91;2447280;39882368.000
10/29/2007;15.89;16.15;15.15;16.01;2918705;47076112.000
10/30/2007;16.20;16.43;15.65;16.35;2480933;40886088.000
10/31/2007;16.55;17.00;16.25;16.94;3432711;58868312.000
11/01/2007;16.85;16.85;15.21;15.89;2639846;44312072.000
11/02/2007;15.65;15.80;15.30;15.38;3023309;48116104.000
11/05/2007;15.45;15.88;15.19;15.70;1367572;22002894.000
11/06/2007;15.70;15.95;15.59;15.74;1414109;23009808.000
11/07/2007;15.74;16.40;15.60;16.27;1846045;30215116.000
11/08/2007;16.16;16.27;15.31;15.34;1806200;29578030.000
11/09/2007;15.26;15.99;15.10;15.90;3028694;48982728.000
11/12/2007;15.68;16.70;15.50;16.41;3213814;53660588.000
11/13/2007;16.41;16.69;16.33;16.42;3350591;56940332.000
11/14/2007;16.70;16.82;16.35;16.73;1908430;32666450.000
11/15/2007;16.80;16.80;16.08;16.23;1805182;30550532.000
11/16/2007;16.08;16.51;16.08;16.37;837130;14051311.000
11/19/2007;16.60;17.53;16.60;17.14;3369721;59592536.000
11/20/2007;16.95;17.37;16.90;17.13;1565728;27583234.000
11/21/2007;17.05;17.35;16.70;16.73;1275063;22377688.000
11/22/2007;16.58;16.58;15.50;15.67;1550334;25802260.000
11/23/2007;15.59;16.19;15.41;16.17;785925;12817906.000
11/26/2007;16.50;16.68;15.82;15.83;1016036;17012892.000
11/27/2007;16.19;16.19;15.68;15.85;778476;12764488.000
11/28/2007;15.80;16.41;15.78;15.86;1188775;19772190.000
11/29/2007;16.07;16.35;15.81;16.35;1392181;23195494.000
11/30/2007;16.37;16.73;16.10;16.47;1846830;31340822.000
12/03/2007;16.60;16.93;16.38;16.59;1142717;19645712.000
12/04/2007;16.59;16.72;16.35;16.63;1117076;18973486.000
12/05/2007;16.60;16.74;16.41;16.73;1871199;31960788.000
12/06/2007;16.78;16.79;16.46;16.55;1109075;18932468.000
12/07/2007;16.78;16.78;16.43;16.74;1713069;29302660.000
12/10/2007;16.40;17.08;16.30;16.97;2769972;47922076.000
12/11/2007;17.08;17.22;16.85;17.01;2349466;41191424.000
12/12/2007;17.01;17.36;16.85;17.09;1977320;34938644.000
12/13/2007;17.20;17.35;16.53;16.62;2105787;36851548.000
12/14/2007;16.45;16.68;16.10;16.65;1782573;30149746.000
12/17/2007;16.71;17.17;16.53;16.89;2012264;34987500.000
12/18/2007;16.70;16.93;16.52;16.64;1045748;18007200.000
12/19/2007;16.74;17.07;16.66;16.96;1758831;30665160.000
12/20/2007;17.00;17.25;16.96;17.09;2214345;39031692.000
12/21/2007;17.02;17.59;17.02;17.49;3048194;54487680.000
12/24/2007;17.63;18.00;17.53;17.88;3790894;69510480.000
12/25/2007;17.96;18.00;17.76;17.92;2277689;41842968.000
12/26/2007;18.20;18.57;18.08;18.29;4325086;81489688.000
12/27/2007;18.40;18.67;18.27;18.32;2979322;56439500.000
12/28/2007;18.28;18.54;18.00;18.05;2410900;45094756.000
01/02/2008;18.08;18.80;18.08;18.61;2092880;39871300.000
01/03/2008;18.70;19.00;18.64;18.96;2701669;52252732.000
01/04/2008;19.00;19.18;18.70;18.98;2812514;54677132.000
01/07/2008;18.98;19.59;18.95;19.46;3039527;60264632.000
01/08/2008;19.51;19.55;18.53;18.62;4138145;80391664.000
01/09/2008;18.52;18.84;18.32;18.78;3048457;58280808.000
01/10/2008;18.81;20.25;18.53;19.98;7752656;155400352.000
01/11/2008;19.80;20.28;19.38;19.96;4585062;93125528.000
01/14/2008;19.79;20.00;19.43;19.85;2432300;49176764.000
01/15/2008;19.84;20.38;19.70;19.79;4114241;84561088.000
01/16/2008;19.80;19.88;18.84;18.89;4624836;91257360.000
01/17/2008;18.70;19.25;18.11;18.66;3574066;68888584.000
01/18/2008;18.55;18.80;18.20;18.75;1836986;34980148.000
01/21/2008;18.75;18.78;17.70;17.79;2350363;44176916.000
01/22/2008;17.50;18.79;15.96;16.20;4018852;69241416.000
01/23/2008;16.31;17.19;16.20;16.85;2424708;41946168.000
01/24/2008;16.87;17.38;16.70;17.06;1887449;33179274.000
01/25/2008;17.09;17.76;17.01;17.37;2212084;39851472.000
01/28/2008;17.50;17.65;15.65;15.70;1862530;31613172.000
01/29/2008;16.00;16.40;15.67;16.30;948145;15755350.000
01/30/2008;16.50;16.98;16.10;16.40;1192607;20294272.000
01/31/2008;16.50;16.66;15.62;15.65;1586542;26292380.000
02/01/2008;15.98;15.98;14.70;15.41;1707169;27104128.000
02/04/2008;16.00;16.70;15.60;16.68;1656490;27946976.000
02/05/2008;16.67;16.99;16.45;16.72;1427232;24698024.000
02/13/2008;16.61;17.25;16.38;17.14;1956616;34251616.000
02/14/2008;17.16;17.38;17.10;17.23;1038946;18409356.000
02/15/2008;16.91;17.18;16.69;16.88;797264;13896782.000
02/18/2008;17.02;17.53;17.02;17.27;1453029;25871138.000
02/19/2008;17.28;17.78;17.07;17.70;1714817;30904408.000
02/20/2008;17.77;17.80;17.30;17.52;1636088;29466068.000
02/21/2008;17.45;17.98;17.31;17.88;2393195;43525136.000
02/22/2008;17.88;17.91;16.90;17.36;1718951;30892526.000
02/25/2008;17.31;17.60;16.52;16.52;1074393;18745564.000
02/26/2008;17.10;17.27;15.70;16.25;1861547;31195136.000
02/27/2008;16.40;16.68;16.23;16.50;1426571;24206768.000
02/28/2008;16.68;17.43;15.41;16.95;5498550;92776624.000
02/29/2008;16.60;17.36;16.50;17.18;4511819;78889008.000
03/03/2008;17.08;18.40;17.01;18.29;5054687;93036696.000
03/04/2008;18.30;18.44;17.74;17.75;3928844;73143632.000
03/05/2008;17.61;18.67;17.61;18.66;3676783;68580328.000
03/06/2008;18.64;18.99;18.20;18.26;3822546;72939856.000
03/07/2008;18.23;18.23;17.61;17.76;1700980;31354948.000
03/10/2008;17.70;17.98;17.50;17.71;1807678;32976326.000
03/11/2008;17.69;17.80;17.08;17.80;1690902;30378520.000
03/12/2008;18.10;18.18;16.78;16.80;2053850;36785036.000
03/13/2008;16.57;17.00;15.90;15.93;3357850;56480988.000
03/14/2008;15.95;16.34;15.95;16.12;1171620;19464464.000
03/17/2008;16.20;16.20;15.15;15.22;1263623;20376250.000
03/18/2008;15.08;15.48;13.71;14.03;2491032;37494548.000
03/19/2008;14.25;14.95;14.22;14.75;2252794;33974588.000
03/20/2008;14.48;15.45;13.78;15.19;1842537;28022780.000
03/21/2008;15.18;15.43;14.91;15.21;1367509;21529476.000
03/24/2008;15.41;15.58;14.80;14.83;1197023;18943462.000
03/25/2008;14.51;15.38;14.51;15.24;890639;13730395.000
03/26/2008;15.30;15.45;15.00;15.07;821525;12929453.000
03/27/2008;14.76;15.05;14.23;14.33;1212709;18320736.000
03/28/2008;14.60;14.95;13.78;14.86;930018;13869973.000
03/31/2008;14.61;14.61;14.05;14.09;731014;10811503.000
04/01/2008;14.20;14.20;12.63;12.69;1533560;20990004.000
04/02/2008;12.80;13.26;11.91;12.03;1787296;22972412.000
04/03/2008;11.98;12.65;11.70;12.40;1038921;13094002.000
04/07/2008;12.28;13.22;12.20;13.05;1749694;23413340.000
04/08/2008;13.05;13.45;12.90;13.35;1296978;17822812.000
04/09/2008;13.28;13.35;12.68;12.70;1480436;19885256.000
04/10/2008;12.51;12.85;12.20;12.76;1808458;23319804.000
04/11/2008;12.95;13.04;12.62;12.78;1031387;13749309.000
04/14/2008;12.47;12.47;11.88;11.89;1276745;16073384.000
04/15/2008;11.76;12.20;11.50;12.15;1200005;14868816.000
04/16/2008;12.15;12.37;11.93;12.07;927000;11743130.000
04/17/2008;12.02;12.20;11.20;11.52;1800378;21916620.000
04/18/2008;11.08;11.36;10.50;10.51;2678458;30408276.000
04/21/2008;11.35;11.35;9.55;10.12;5335635;58942388.000
04/22/2008;10.10;10.26;9.06;9.59;8399846;84211512.000
04/23/2008;9.48;10.50;9.16;10.44;8640612;89460160.000
04/24/2008;11.50;11.53;11.12;11.53;11842246;141027744.000
04/25/2008;11.43;11.98;11.21;11.30;8823945;106989144.000
04/28/2008;11.15;11.58;10.85;11.37;5212778;60537680.000
04/29/2008;11.30;11.57;11.18;11.50;3788836;45224552.000
04/30/2008;11.61;12.08;11.45;11.95;4727807;58066588.000
05/05/2008;12.10;12.21;11.75;12.18;4100936;51299116.000
05/06/2008;12.00;12.09;11.71;11.82;4145571;51417460.000
05/07/2008;11.73;12.00;10.75;10.83;5134132;61629900.000
05/08/2008;10.62;11.10;10.55;11.09;2756449;31539526.000
05/09/2008;11.34;11.70;11.06;11.39;3930228;46748004.000
05/13/2008;11.24;11.92;11.00;11.80;5230597;63421216.000
05/14/2008;11.80;12.16;11.60;12.09;4266568;53195900.000
05/15/2008;12.17;12.47;11.85;11.86;4729172;59994520.000
05/16/2008;11.81;12.07;11.41;11.67;2758850;33702664.000
05/19/2008;11.43;11.66;11.31;11.57;1377943;16592283.000
05/20/2008;11.56;11.67;10.36;10.41;3100858;35713132.000
05/21/2008;10.30;10.70;9.85;10.56;2919230;31302356.000
05/22/2008;10.45;10.94;10.28;10.62;2492704;27861770.000
05/23/2008;10.55;10.70;10.30;10.35;1926550;21079700.000
05/26/2008;10.35;10.38;9.94;9.95;1514587;16073882.000
05/27/2008;9.95;10.16;9.91;10.11;897218;9451668.000
05/28/2008;10.15;10.56;10.11;10.51;1327465;14444797.000
05/29/2008;10.60;10.60;10.15;10.17;1369370;14872089.000
05/30/2008;10.11;10.38;9.93;10.22;1046319;11130509.000
06/02/2008;10.20;10.60;10.18;10.58;1755363;19284938.000
06/03/2008;10.60;10.68;10.28;10.39;1349065;14718701.000
06/04/2008;10.42;10.49;10.01;10.18;1068110;11413418.000
06/05/2008;10.18;10.32;9.96;10.17;855538;9115510.000
06/06/2008;10.17;10.35;10.11;10.24;729636;7822607.000
06/10/2008;9.75;9.95;9.17;9.17;1583399;15696599.000
06/11/2008;9.00;9.14;8.60;8.63;1572659;14559095.000
06/12/2008;8.60;8.76;8.30;8.53;1113916;10034052.000
06/13/2008;8.53;8.65;8.40;8.47;1455580;13076303.000
06/16/2008;8.45;8.67;8.23;8.62;2092065;18848180.000
06/17/2008;8.67;9.08;8.61;8.78;6449344;60393512.000
06/18/2008;8.75;9.48;8.10;9.11;4794032;44885316.000
06/19/2008;8.95;9.30;8.15;8.15;3340306;30776440.000
06/20/2008;8.58;8.70;7.70;8.34;3006130;26651160.000
06/23/2008;8.30;8.36;7.90;8.01;1256227;10848065.000
06/24/2008;8.01;8.47;7.95;8.37;1994330;17589760.000
06/25/2008;8.21;8.86;8.21;8.82;2402904;21981804.000
06/26/2008;8.80;8.95;8.61;8.81;2263006;20980092.000
06/27/2008;8.48;8.57;8.09;8.22;2417727;21355364.000
06/30/2008;8.20;8.47;8.08;8.39;952028;8368506.000
07/01/2008;8.34;8.50;8.14;8.20;862837;7556403.000
07/02/2008;8.28;8.66;8.20;8.53;2410733;21761706.000
07/03/2008;8.35;8.91;8.05;8.82;3189207;28246056.000
07/04/2008;8.80;9.04;8.68;8.73;2285721;20821892.000
07/07/2008;8.90;9.23;8.78;9.18;2635616;24673536.000
07/08/2008;9.20;9.52;9.07;9.37;3051284;29130590.000
07/09/2008;9.45;9.57;9.25;9.54;3879658;37575912.000
07/10/2008;9.35;9.60;9.26;9.31;3222793;31264152.000
07/11/2008;9.25;9.44;9.05;9.26;1961764;18549262.000
07/14/2008;9.08;9.59;9.08;9.59;2166305;20860572.000
07/15/2008;9.60;9.60;9.05;9.11;2453672;23383480.000
07/16/2008;8.91;9.06;8.35;8.57;1989731;17765936.000
07/17/2008;8.73;8.75;8.25;8.39;1876570;16509045.000
07/18/2008;8.53;8.74;8.35;8.63;1075154;9463872.000
07/21/2008;8.65;8.99;8.56;8.96;1848874;16827450.000
07/22/2008;8.93;9.17;8.83;9.05;1328716;12352812.000
07/23/2008;9.07;9.28;8.87;8.90;2038712;19004354.000
07/24/2008;9.08;9.34;9.01;9.30;2607845;24695684.000
07/25/2008;9.18;9.51;9.08;9.45;2101439;20027128.000
07/28/2008;9.67;10.30;9.64;10.05;9420845;96428784.000
07/29/2008;9.84;10.17;9.72;9.81;4576145;46515652.000
07/30/2008;10.02;10.06;9.58;9.61;2858703;28578860.000
07/31/2008;9.65;9.71;9.17;9.20;2346002;22463872.000
08/01/2008;9.14;9.35;8.79;9.26;1886932;17658822.000
08/04/2008;9.05;9.05;8.70;8.76;1869054;17125932.000
08/05/2008;8.73;8.83;8.36;8.42;1659708;14624373.000
08/06/2008;8.50;9.08;8.50;8.64;1155962;10357330.000
08/07/2008;8.64;8.75;8.39;8.60;999871;8785620.000
08/08/2008;8.70;8.70;7.80;7.81;1536047;12977916.000
08/11/2008;7.75;7.84;7.00;7.01;1605900;12081803.000
08/12/2008;7.01;7.14;6.95;7.01;811654;5911340.000
08/13/2008;7.01;7.01;6.55;6.90;1254410;8832825.000
08/14/2008;6.79;7.01;6.73;6.91;590174;4206562.000
08/15/2008;6.94;7.03;6.83;6.91;592198;4259888.000
08/18/2008;6.91;6.92;6.22;6.26;934929;6329028.000
08/19/2008;6.25;6.41;6.07;6.38;509331;3338717.000
08/20/2008;6.30;7.04;6.15;6.99;1544444;10857846.000
08/21/2008;6.80;7.00;6.58;6.60;1399592;9867928.000
08/22/2008;6.55;6.57;6.31;6.45;803973;5374667.000
08/25/2008;6.50;6.62;6.35;6.43;452994;3066177.000
08/26/2008;6.38;6.45;5.85;5.96;934730;5957472.000
08/27/2008;5.96;6.11;5.82;5.98;735912;4572620.000
08/28/2008;6.01;6.11;5.92;6.04;704599;4432935.000
08/29/2008;6.10;6.41;6.08;6.29;926082;6019856.000
09/01/2008;6.20;6.30;6.00;6.08;593861;3766355.000
09/02/2008;6.05;6.23;5.93;6.11;699969;4420007.000
09/03/2008;6.15;6.28;5.98;6.26;926755;5931258.000
09/04/2008;6.23;6.43;6.17;6.31;928459;6083468.000
09/05/2008;6.10;6.19;5.90;5.94;833322;5248612.000
09/08/2008;5.90;5.99;5.62;5.65;870978;5213116.000
09/09/2008;5.75;5.82;5.65;5.74;389985;2328939.000
09/10/2008;5.73;5.93;5.69;5.83;637448;3872605.000
09/11/2008;5.84;5.91;5.70;5.71;598452;3606526.000
09/12/2008;5.76;5.83;5.68;5.75;606719;3653226.000
09/16/2008;5.65;5.78;5.53;5.60;971225;5724170.000
09/17/2008;5.63;5.69;5.43;5.45;832100;4818644.000
09/18/2008;5.32;5.35;4.93;5.21;1355899;7310952.000
09/19/2008;5.71;5.76;5.63;5.76;1436502;8598022.000
09/22/2008;6.11;6.34;5.86;6.07;3725754;23625704.000
09/23/2008;5.85;5.91;5.61;5.80;2104002;12623492.000
09/24/2008;5.66;6.19;5.61;6.16;2349214;14445194.000
09/25/2008;6.44;6.72;6.40;6.47;8091308;54633284.000
09/26/2008;6.51;6.51;6.18;6.28;3210160;20996736.000
10/06/2008;6.33;6.33;5.93;6.06;1690821;10636516.000
10/07/2008;5.85;6.05;5.76;5.98;1392686;8604357.000
10/08/2008;5.95;5.95;5.55;5.62;1501064;8975551.000
10/09/2008;5.73;5.75;5.49;5.50;784585;4610186.000
10/10/2008;5.34;5.34;4.93;4.93;2394938;12752378.000
10/13/2008;5.02;5.07;4.66;5.06;1661614;8496312.000
10/14/2008;5.18;5.25;4.87;4.88;2051088;10928119.000
10/15/2008;4.85;4.92;4.73;4.91;1143331;5762587.000
10/16/2008;4.66;5.13;4.60;5.01;2638492;13490864.000
10/17/2008;5.23;5.53;5.19;5.48;10816426;61192616.000
10/20/2008;5.45;5.70;5.26;5.64;7141235;41547152.000
10/21/2008;5.55;5.60;5.31;5.32;5499344;31326820.000
10/22/2008;5.25;5.25;4.93;4.94;4201812;22387670.000
10/23/2008;4.77;4.95;4.70;4.95;2295875;11690105.000
10/24/2008;4.95;5.01;4.78;4.83;1807522;9332485.000
10/27/2008;4.71;4.71;4.32;4.32;2599450;12357875.000
10/28/2008;4.15;4.52;4.15;4.44;1770351;8184200.000
10/29/2008;4.56;4.75;4.41;4.72;3454690;16747742.000
10/30/2008;4.64;4.73;4.51;4.65;2517521;12291856.000
10/31/2008;4.60;4.65;4.36;4.38;1741144;8187524.000
11/03/2008;4.28;4.38;4.25;4.28;1182768;5392841.000
11/04/2008;4.27;4.28;4.10;4.19;944499;4180762.000
11/05/2008;4.24;4.48;4.24;4.37;1839225;8484022.000
11/06/2008;4.24;4.35;4.20;4.30;906978;4108740.000
11/07/2008;4.21;4.44;4.20;4.37;1471850;6779616.000
11/10/2008;4.46;4.78;4.46;4.76;2873862;14062219.000
11/11/2008;4.75;4.93;4.70;4.75;3256169;16473528.000
11/12/2008;4.71;4.85;4.66;4.84;2394081;12029670.000
11/13/2008;4.77;5.22;4.71;5.14;5139335;27237476.000
11/14/2008;5.15;5.37;5.10;5.32;6447291;35341912.000
11/17/2008;5.45;5.76;5.36;5.72;9653378;56348224.000
11/18/2008;5.72;5.90;5.18;5.23;9320676;53986192.000
11/19/2008;5.25;5.77;5.23;5.75;7435858;42683944.000
11/20/2008;5.60;6.35;5.60;6.15;14263943;90964488.000
11/21/2008;5.95;6.40;5.71;6.27;12918286;81032800.000
11/24/2008;6.22;6.32;5.95;6.24;8845524;56654264.000
11/25/2008;6.27;6.47;6.15;6.32;7560444;49594616.000
11/26/2008;6.42;6.98;6.34;6.89;11536786;80011912.000
11/27/2008;7.30;7.45;6.68;6.71;13680298;101381320.000
11/28/2008;6.62;7.41;6.62;7.41;13484930;100719736.000
12/01/2008;7.65;7.71;7.25;7.63;14478317;112349184.000
12/02/2008;7.36;7.94;7.28;7.55;12352543;96567640.000
12/03/2008;7.57;7.69;7.35;7.63;10678261;82948056.000
12/04/2008;7.73;8.03;7.65;7.85;11270545;91109896.000
12/05/2008;7.75;7.87;7.46;7.67;7444233;58757948.000
12/08/2008;7.70;8.03;7.52;7.91;8403208;67880696.000
12/09/2008;7.86;7.92;7.59;7.77;5696262;45588064.000
12/10/2008;7.67;8.56;7.67;8.10;9169328;77391880.000
12/11/2008;7.95;8.19;7.75;7.84;6648514;54613220.000
12/12/2008;7.90;7.90;7.49;7.57;6277763;49582080.000
12/15/2008;7.84;8.11;7.71;8.10;5985204;48861824.000
12/16/2008;7.96;8.28;7.76;8.19;4205185;34646180.000
12/17/2008;8.20;9.03;8.16;8.56;9596699;85772560.000
12/18/2008;8.44;8.75;8.26;8.61;5146962;45015524.000
12/19/2008;8.67;8.92;8.46;8.57;4743692;42294272.000
12/22/2008;8.44;8.62;8.33;8.46;3173091;27531810.000
12/23/2008;8.40;8.45;7.81;7.83;5365405;44755648.000
12/24/2008;7.70;7.81;7.45;7.58;3962564;31335736.000
12/25/2008;7.73;7.85;7.53;7.77;2599797;20660716.000
12/26/2008;7.77;8.00;7.75;7.77;2123282;17181074.000
12/29/2008;7.70;7.90;7.45;7.82;2075650;16556093.000
12/30/2008;7.88;8.00;7.56;7.67;2987559;23815088.000
12/31/2008;7.62;7.79;7.48;7.73;2384875;18816788.000
01/05/2009;7.80;8.20;7.80;8.13;4630631;38205024.000
01/06/2009;8.10;8.53;8.01;8.41;4881923;41688552.000
01/07/2009;8.35;8.78;8.27;8.46;4569082;40330948.000
01/08/2009;8.27;8.60;8.15;8.35;2997039;25916916.000
01/09/2009;8.32;8.88;8.32;8.87;3591218;32041748.000
01/12/2009;8.83;9.08;8.73;8.86;4047584;37085500.000
01/13/2009;8.74;8.91;8.57;8.72;3169796;28399084.000
01/14/2009;8.71;9.20;8.71;9.15;2982815;27702872.000
01/15/2009;8.95;9.19;8.93;9.03;2356961;21954690.000
01/16/2009;9.11;9.40;8.86;8.94;3272460;30754882.000
01/19/2009;9.04;9.09;8.54;8.65;2648488;23810260.000
01/20/2009;8.58;8.80;8.47;8.70;1929735;17154028.000
01/21/2009;8.55;8.70;8.45;8.57;1919114;16897716.000
01/22/2009;8.57;8.88;8.57;8.84;3975513;35667352.000
01/23/2009;8.76;8.81;8.55;8.60;1156110;10310249.000
02/02/2009;8.65;9.05;8.63;9.03;2259616;20642720.000
02/03/2009;9.07;9.18;8.93;9.13;3005782;27898668.000
02/04/2009;9.15;9.22;8.96;9.18;2943278;27532392.000
02/05/2009;9.18;9.18;8.91;8.97;3819529;35360144.000
02/06/2009;8.96;9.53;8.96;9.39;5623457;53807752.000
02/09/2009;9.45;9.66;9.29;9.58;5666801;55048196.000
02/10/2009;9.55;9.59;9.23;9.57;4563712;44020824.000
02/11/2009;9.42;10.05;9.30;9.61;5823978;57950956.000
02/12/2009;9.67;10.53;9.65;10.50;8155029;84021264.000
02/13/2009;10.61;11.00;10.33;10.75;8726575;95585952.000
02/16/2009;10.91;10.91;10.17;10.40;8621584;91922432.000
02/17/2009;10.24;10.26;9.62;9.66;8104442;82425984.000
02/18/2009;9.60;9.60;9.32;9.58;6200990;60124824.000
02/19/2009;9.69;9.73;9.42;9.53;3809845;37344016.000
02/20/2009;9.46;9.84;9.45;9.80;5002419;49711200.000
02/23/2009;9.71;10.50;9.53;10.34;8837715;90645832.000
02/24/2009;10.25;10.62;9.95;10.15;12851372;135951600.000
02/25/2009;10.25;10.39;9.61;9.76;9263157;93568432.000
02/26/2009;9.84;10.01;8.76;8.86;7486971;73088376.000
02/27/2009;8.77;8.87;7.95;8.00;5607159;47926392.000
03/02/2009;7.80;8.63;7.80;8.56;4660207;40089992.000
03/03/2009;8.22;8.60;8.16;8.33;2424383;20914086.000
03/04/2009;8.36;8.92;8.36;8.79;4404182;39409916.000
03/05/2009;8.98;9.19;8.74;8.98;3801805;34898592.000
03/06/2009;8.75;8.93;8.62;8.72;2132867;19152450.000
03/09/2009;8.75;8.78;8.39;8.71;3890509;34389132.000
03/10/2009;8.60;8.91;8.46;8.90;1565000;14086059.000
03/11/2009;9.06;9.13;8.67;8.69;2089652;19164696.000
03/12/2009;8.65;8.73;8.33;8.71;1261796;11084773.000
03/13/2009;8.74;8.91;8.61;8.84;2308541;20878480.000
03/16/2009;8.84;8.88;8.56;8.80;1013985;9106121.000
03/17/2009;8.81;9.45;8.80;9.38;4991347;47063552.000
03/18/2009;9.40;9.57;9.15;9.44;3496198;33698920.000
03/19/2009;9.44;9.60;9.27;9.55;2389050;23231636.000
03/20/2009;9.56;9.64;9.28;9.37;2009276;19403772.000
03/23/2009;9.43;9.52;9.30;9.36;2818252;27205716.000
03/24/2009;9.44;9.56;9.33;9.55;3846427;37287016.000
03/25/2009;9.52;9.78;9.39;9.68;5491659;54197592.000
03/26/2009;9.64;9.72;9.37;9.65;4254321;41893724.000
03/27/2009;9.74;10.25;9.71;10.07;7889473;80649808.000
03/30/2009;10.12;10.12;9.71;9.84;4831148;49136840.000
03/31/2009;9.51;10.09;9.51;9.93;3671328;36765324.000
04/01/2009;10.14;10.60;10.08;10.56;8096667;85850984.000
04/02/2009;10.47;10.63;10.29;10.40;4658331;49848800.000
04/03/2009;10.46;10.56;10.27;10.45;4509433;48216540.000
04/07/2009;10.45;10.85;10.41;10.61;4123534;44739524.000
04/08/2009;10.34;10.50;9.93;9.94;6882119;72443344.000
04/09/2009;9.91;10.48;9.76;10.43;5899766;61420852.000
04/10/2009;10.46;11.00;10.46;10.78;8723893;96029832.000
04/13/2009;11.05;11.14;10.57;10.79;7232889;79773232.000
04/14/2009;10.81;11.52;10.68;11.40;9170965;103933440.000
04/15/2009;11.25;11.33;11.08;11.32;4743033;54372124.000
04/16/2009;11.37;12.48;11.37;12.48;16245622;202768320.000
04/17/2009;12.48;13.75;11.87;13.28;20655959;272101440.000
04/20/2009;13.24;13.60;12.83;13.55;12167049;164711872.000
04/21/2009;13.28;14.54;13.20;14.12;12110707;173656944.000
04/22/2009;14.52;15.00;13.35;13.75;13321545;194835056.000
04/23/2009;13.56;14.97;13.55;14.83;12580441;184566880.000
04/24/2009;14.75;15.73;14.45;15.35;10524023;162575808.000
04/27/2009;15.05;15.45;13.79;13.79;8149857;118723640.000
04/29/2009;13.86;15.19;13.75;14.60;10590488;157161248.000
04/30/2009;14.59;15.54;14.15;15.28;11223473;169582240.000
05/04/2009;15.17;15.80;15.03;15.25;9146413;142625984.000
05/05/2009;15.34;16.80;15.06;16.80;18147519;302400000.000
05/06/2009;16.64;17.70;16.35;16.98;12050116;207875232.000
05/07/2009;16.95;17.17;16.05;16.20;9722866;161979584.000
05/08/2009;16.20;16.54;15.30;16.35;11153101;180754416.000
05/11/2009;16.35;16.74;14.96;15.05;7034850;111242536.000
05/12/2009;14.86;15.49;14.50;14.80;6416300;97326584.000
05/13/2009;14.80;15.28;14.66;14.93;7717618;117316688.000
05/14/2009;14.83;15.15;14.73;14.93;4459788;67929520.000
05/15/2009;15.07;15.48;14.00;14.51;11551618;171101072.000
05/18/2009;14.26;14.57;14.05;14.53;6866562;99673120.000
05/19/2009;14.59;14.86;14.49;14.55;6559797;97703128.000
05/20/2009;14.73;15.18;14.13;14.96;7554884;112419824.000
05/21/2009;14.95;15.71;14.71;15.46;9818228;151821088.000
05/22/2009;15.70;15.71;14.90;15.13;6024104;92127528.000
05/25/2009;14.71;14.88;14.39;14.63;6991078;101802080.000
05/26/2009;14.60;15.59;14.31;15.41;8640411;130416296.000
05/27/2009;15.30;15.54;15.12;15.37;5504501;84629544.000
06/01/2009;15.46;15.55;15.06;15.45;5556083;85188248.000
06/02/2009;15.43;15.57;15.00;15.13;7157306;108798088.000
06/03/2009;15.01;15.14;14.40;14.57;8896204;130496240.000
06/04/2009;14.57;14.65;13.83;14.11;6648005;94506408.000
06/05/2009;14.12;14.56;14.10;14.40;4837992;69397720.000
06/08/2009;14.55;14.69;14.11;14.23;6194681;89517224.000
06/09/2009;14.20;14.29;13.79;14.09;4028360;56422736.000
06/10/2009;14.08;14.52;13.95;14.40;5459816;77741080.000
06/11/2009;14.35;14.75;14.25;14.60;5102737;74228616.000
06/12/2009;14.77;16.05;14.62;15.63;14800592;229971712.000
06/15/2009;15.63;16.88;15.63;16.69;9907383;162072192.000
06/16/2009;16.50;16.67;16.05;16.52;7703777;125947440.000
06/17/2009;16.40;17.15;16.35;16.81;7413456;124751536.000
06/18/2009;16.80;16.86;16.16;16.53;5696303;93409664.000
06/19/2009;16.31;16.70;16.11;16.32;3891830;63543644.000
06/22/2009;16.31;16.31;15.61;15.72;4498541;71627912.000
06/23/2009;15.40;17.00;15.35;16.51;5575656;90870048.000
06/24/2009;16.57;16.60;16.23;16.43;3037902;49714256.000
06/25/2009;16.42;16.94;16.20;16.30;2353744;38898632.000
06/26/2009;16.20;17.30;16.20;17.10;8874249;149803616.000
06/29/2009;17.30;18.47;17.08;18.05;9051777;160808416.000
06/30/2009;18.05;18.08;17.29;17.55;4561423;80103944.000
07/01/2009;17.31;17.59;16.99;17.00;4614739;79376272.000
07/02/2009;17.01;17.50;16.62;17.18;4241783;71966440.000
07/03/2009;17.03;17.28;16.01;17.08;4554491;76642776.000
07/06/2009;16.97;17.20;16.51;16.91;3315910;55800884.000
07/07/2009;16.78;16.86;16.55;16.74;2004860;33545418.000
07/08/2009;16.60;16.99;16.51;16.81;2784710;46755720.000
07/09/2009;16.66;17.30;16.49;17.29;5429565;91418824.000
07/10/2009;17.38;17.57;16.90;17.45;6135973;106230560.000
07/13/2009;17.41;18.01;17.30;17.83;7891748;139983216.000
07/14/2009;17.65;17.99;17.50;17.83;5328344;94266600.000
07/15/2009;17.75;17.95;17.38;17.50;5393760;94709304.000
07/16/2009;17.49;17.80;17.08;17.38;5247528;91419680.000
07/17/2009;17.34;17.65;17.13;17.50;6133303;107195712.000
07/20/2009;17.89;17.90;17.20;17.41;7071669;123619040.000
07/21/2009;17.45;17.70;17.12;17.48;6591799;114601368.000
07/22/2009;17.45;17.89;17.35;17.57;7849199;138320352.000
07/23/2009;17.58;17.75;17.13;17.20;5075431;87661080.000
07/24/2009;17.22;17.30;16.78;17.21;8354975;141996512.000
07/27/2009;17.21;17.39;17.00;17.25;3711118;64010736.000
07/28/2009;17.32;18.20;16.78;18.13;12467425;219768608.000
07/29/2009;17.92;18.22;16.32;16.53;8624183;150085552.000
07/30/2009;16.60;16.90;16.03;16.60;4730693;78359352.000
07/31/2009;16.85;17.10;16.65;16.94;4845198;81554704.000
08/03/2009;16.86;17.94;16.80;17.88;8857214;156720368.000
08/04/2009;18.00;18.89;17.61;18.54;11100039;204751840.000
08/05/2009;18.54;18.75;17.82;18.56;6273611;114777920.000
08/06/2009;18.55;19.80;17.90;19.32;14892838;284912512.000
08/07/2009;19.20;19.65;18.41;18.46;8852506;169501520.000
08/10/2009;18.85;19.26;18.08;18.55;4116985;76285696.000
08/11/2009;18.55;19.30;18.39;19.02;6206508;118090792.000
08/12/2009;18.91;19.10;17.82;17.95;4269087;78388288.000
08/13/2009;18.21;18.40;17.80;17.81;5163048;93466880.000
08/14/2009;17.90;17.90;16.60;16.65;4807650;82300376.000
08/17/2009;16.69;17.79;15.99;16.01;6538023;111417600.000
08/18/2009;15.80;16.69;15.80;16.49;3009147;49287784.000
08/19/2009;16.55;16.90;15.95;16.30;3633151;59776824.000
08/20/2009;16.29;17.01;16.10;16.99;4861476;81284968.000
08/21/2009;17.00;17.22;16.50;17.01;4549374;76954352.000
08/24/2009;17.00;17.61;16.70;17.57;6324076;108143136.000
08/25/2009;17.45;18.23;17.05;18.17;7985951;141080528.000
08/26/2009;17.85;18.57;17.81;18.04;9868592;179783904.000
08/27/2009;17.90;18.57;17.80;18.08;4881701;88898616.000
08/28/2009;18.15;18.50;17.70;18.23;6255110;113403072.000
08/31/2009;18.00;18.23;17.00;17.08;4983164;86449688.000
09/01/2009;16.80;17.18;16.20;16.55;3163225;52711936.000
09/02/2009;16.38;17.28;16.10;17.06;3727533;63321020.000
09/03/2009;17.19;18.21;16.91;18.00;4130609;73644704.000
09/04/2009;18.03;19.68;17.85;18.99;10515841;197669312.000
09/07/2009;19.09;20.56;18.82;20.54;14046147;280633600.000
09/08/2009;20.39;20.68;20.00;20.53;8117194;165262528.000
09/09/2009;20.40;20.68;19.82;20.48;7743211;156474352.000
09/10/2009;20.30;20.48;18.93;18.97;10551636;205370064.000
09/11/2009;19.03;19.65;18.81;19.19;7046885;135426672.000
09/14/2009;19.36;19.65;18.96;19.61;7234956;140049184.000
09/15/2009;19.64;20.14;19.50;20.02;6918095;137670272.000
09/16/2009;20.00;20.02;19.15;19.52;4848621;94477952.000
09/17/2009;19.39;20.90;19.10;20.86;10496098;212432944.000
09/18/2009;20.90;20.98;19.92;19.98;7088678;145003392.000
09/21/2009;19.78;20.68;19.18;20.51;7767035;154904752.000
09/22/2009;20.50;20.89;19.48;19.50;5192705;105594552.000
09/23/2009;19.92;20.80;19.40;19.75;7287910;146675296.000
09/24/2009;19.52;19.88;18.40;18.94;5224863;99229744.000
09/25/2009;18.79;19.19;18.50;18.80;1934881;36504160.000
09/28/2009;18.80;19.19;17.80;18.03;3269379;60384896.000
09/29/2009;17.99;18.46;17.76;18.15;2443475;44179144.000
09/30/2009;17.80;18.80;17.80;18.50;2307633;42666772.000
10/09/2009;18.69;19.40;18.50;19.27;3514973;66946648.000
10/12/2009;19.27;19.65;19.01;19.17;2045186;39445016.000
10/13/2009;19.05;19.35;18.77;19.33;3190396;60675296.000
10/14/2009;19.32;19.90;19.28;19.58;3777769;74505184.000
10/15/2009;19.70;19.98;19.31;19.55;1874541;36594664.000
10/16/2009;19.56;19.75;18.75;18.98;3910948;74611056.000
10/19/2009;19.06;19.32;18.63;19.21;4623426;88196152.000
10/20/2009;19.02;19.25;18.66;18.85;8704641;164250112.000
10/21/2009;18.81;19.15;18.52;18.72;6464808;121299616.000
10/22/2009;18.78;19.17;18.65;19.09;5478462;103791216.000
10/23/2009;19.13;19.70;19.01;19.68;8289367;160115616.000
10/26/2009;19.78;19.86;19.08;19.16;5635547;109010112.000
10/27/2009;19.14;19.14;17.24;18.21;6172777;114246232.000
10/28/2009;18.03;18.47;17.88;18.21;3774584;68358240.000
10/29/2009;18.05;18.42;17.90;18.02;2571007;46676228.000
10/30/2009;18.11;18.39;17.95;17.98;2840702;51478056.000
11/02/2009;17.42;18.40;17.42;18.37;5473752;98145968.000
11/03/2009;18.45;19.04;18.28;18.87;5247898;98111032.000
11/04/2009;18.95;20.27;18.92;19.99;12420249;245216384.000
11/05/2009;19.96;20.00;19.48;19.70;5437562;107156800.000
11/06/2009;19.90;20.18;19.53;19.67;7859315;156302448.000
11/09/2009;19.90;20.19;19.55;19.97;4993575;99230144.000
11/10/2009;20.10;20.10;19.42;19.48;7211954;142399216.000
11/11/2009;19.50;19.50;18.98;19.04;5215956;99941968.000
11/12/2009;19.11;19.70;19.11;19.25;3806848;73943776.000
11/13/2009;19.19;20.55;19.12;20.52;9521993;189036960.000
11/16/2009;20.98;21.55;20.61;20.69;11811089;248029856.000
11/17/2009;20.76;20.89;20.18;20.59;7501421;153146240.000
11/18/2009;20.60;20.98;20.29;20.76;6235331;128643168.000
11/19/2009;20.75;20.85;20.38;20.65;5918406;122302016.000
11/20/2009;20.58;21.15;20.40;20.85;5686771;118641416.000
11/23/2009;20.88;20.90;20.45;20.65;6273695;129068944.000
11/24/2009;20.69;20.69;19.38;19.40;9455458;190559232.000
11/25/2009;19.42;19.65;18.82;19.40;7344302;141303184.000
11/26/2009;19.42;19.81;18.10;18.31;8416258;160854544.000
11/27/2009;18.33;19.43;18.33;18.87;10020162;190270768.000
11/30/2009;19.11;19.64;18.98;19.30;11040254;213316816.000
12/01/2009;19.30;20.00;19.30;19.90;11856895;234029440.000
12/02/2009;19.95;20.85;19.95;20.28;10623876;216799088.000
12/03/2009;20.23;20.93;19.80;20.92;13513666;275942272.000
12/04/2009;20.85;20.88;19.51;20.05;11462322;232223424.000
12/07/2009;20.50;20.52;20.00;20.50;6263045;127355936.000
12/08/2009;20.51;20.58;19.86;20.17;4529854;91087104.000
12/09/2009;19.85;20.09;19.49;19.58;3860230;76443680.000
12/10/2009;19.65;19.90;19.57;19.74;2366769;46677840.000
12/11/2009;19.85;20.46;19.55;20.16;6143800;123597896.000
12/14/2009;20.10;20.56;20.00;20.25;8051204;163343056.000
12/15/2009;20.29;20.82;20.12;20.49;7156621;147112976.000
12/16/2009;20.40;20.45;19.80;19.82;4793812;96333376.000
12/17/2009;19.90;19.95;18.98;19.19;4085362;79202208.000
12/18/2009;18.93;19.18;18.28;18.29;3082631;57701908.000
12/21/2009;18.36;18.78;18.36;18.59;2693536;49925592.000
12/22/2009;18.60;18.76;17.91;17.98;3057395;55687000.000
12/23/2009;18.05;18.20;17.58;17.90;3340594;59455528.000
12/24/2009;17.91;18.65;17.87;18.53;4564048;83634784.000
12/25/2009;18.55;18.58;18.14;18.35;3078699;56353732.000
12/28/2009;18.50;18.66;18.36;18.60;2953485;54751296.000
12/29/2009;18.65;18.76;18.29;18.63;3908258;72396144.000
12/30/2009;18.61;18.66;18.34;18.53;2870116;53019328.000
12/31/2009;18.65;18.97;18.35;18.69;4650291;86658144.000
01/04/2010;18.90;19.10;18.60;18.90;4835531;90983984.000
01/05/2010;18.89;19.12;18.85;19.07;7475112;141637552.000
01/06/2010;19.18;19.36;18.84;18.94;5122155;97714736.000
01/07/2010;18.82;18.92;18.01;18.11;7646898;140011376.000
01/08/2010;18.03;18.28;17.92;18.25;3791367;68697416.000
01/11/2010;18.31;18.46;17.68;18.01;4148768;74140200.000
01/12/2010;18.05;18.23;17.69;18.18;4491968;80983664.000
01/13/2010;17.80;18.16;17.63;17.70;3836084;68311816.000
01/14/2010;17.85;18.50;17.78;18.47;4970705;90264640.000
01/15/2010;18.50;18.81;18.00;18.32;5948682;110326752.000
01/18/2010;18.25;18.75;18.20;18.71;4543705;84027016.000
01/19/2010;18.67;18.77;18.38;18.51;4209334;77972720.000
01/20/2010;18.45;18.55;17.95;18.02;4578021;83308672.000
01/21/2010;18.03;18.86;18.03;18.78;6672207;123890704.000
01/22/2010;18.57;19.01;17.92;18.32;4479120;83133000.000
01/25/2010;18.18;18.28;18.00;18.10;3835124;69431992.000
01/26/2010;18.10;18.13;17.32;17.46;3128372;55485508.000
01/27/2010;17.40;17.48;17.05;17.22;2963976;50933900.000
01/28/2010;17.22;17.80;17.09;17.56;3373306;58834320.000
01/29/2010;17.54;17.62;17.00;17.05;2499113;43249688.000
02/01/2010;17.06;17.69;17.00;17.67;5577548;97515416.000
02/02/2010;17.68;17.81;17.12;17.27;2015066;35193116.000
02/03/2010;17.36;17.50;17.01;17.47;1349704;23281888.000
02/04/2010;17.26;17.77;17.25;17.60;2163573;37981408.000
02/05/2010;17.36;17.63;17.18;17.37;1380170;24031492.000
02/08/2010;17.38;17.43;17.25;17.41;756731;13112173.000
02/09/2010;17.40;17.78;17.27;17.70;1562542;27456336.000
02/10/2010;17.68;17.79;17.46;17.60;946438;16656021.000
02/11/2010;17.59;17.65;17.40;17.43;1357268;23696994.000
02/12/2010;17.48;17.51;17.34;17.40;1964963;34176656.000
02/22/2010;17.45;17.99;17.30;17.72;1810927;31967632.000
02/23/2010;17.70;18.00;17.21;17.61;1438179;25189856.000
02/24/2010;17.52;18.57;17.45;18.50;6005500;109731864.000
02/25/2010;18.50;18.70;18.40;18.53;5870721;108871944.000
02/26/2010;18.52;19.33;18.47;19.10;7728189;147033536.000
03/01/2010;19.10;19.56;18.79;18.91;6941793;133011008.000
03/02/2010;19.00;19.37;18.81;18.90;8472517;161813424.000
03/03/2010;19.11;20.27;19.11;19.73;12577883;247381472.000
03/04/2010;19.71;19.71;18.60;18.61;8862832;169562336.000
03/05/2010;18.68;19.00;18.50;18.74;3251838;61051480.000
03/08/2010;18.92;19.51;18.83;19.20;4437805;85710064.000
03/09/2010;19.20;19.30;18.77;19.02;2973087;56372252.000
03/10/2010;18.89;19.08;18.48;18.68;1520147;28469488.000
03/11/2010;18.99;18.99;18.53;18.93;2305943;43305024.000
03/12/2010;18.74;18.96;18.62;18.68;1669701;31331596.000
03/15/2010;18.51;18.87;18.44;18.63;1180088;21920924.000
03/16/2010;18.63;18.77;18.31;18.57;1171274;21644488.000
03/17/2010;18.68;18.99;18.53;18.98;2808453;52767812.000
03/18/2010;19.19;19.50;18.90;18.99;3661048;70331768.000
03/19/2010;19.00;19.19;18.85;19.11;2009351;38170852.000
03/22/2010;19.29;19.35;18.98;19.17;2971378;57010892.000
03/23/2010;19.16;19.20;18.65;18.68;2724900;51369160.000
