600536 中国软件 日线
      日期	    开盘	    最高	    最低	    收盘	    成交量	    成交额
05/17/2002;12.03;12.89;11.89;12.03;24837380;774979776.000
05/20/2002;12.18;12.77;12.10;12.59;7802012;246160240.000
05/21/2002;12.89;12.96;12.41;12.61;5653265;180819536.000
05/22/2002;12.60;12.94;12.09;12.13;4819072;152009664.000
05/23/2002;12.19;12.34;11.57;11.60;4132819;124837096.000
05/24/2002;11.60;11.75;11.24;11.52;2234952;65004020.000
05/27/2002;11.54;11.83;11.54;11.62;798786;23692978.000
05/28/2002;11.65;11.73;11.36;11.40;1171402;34282144.000
05/29/2002;11.35;11.40;10.85;10.89;2008400;56655660.000
05/30/2002;10.94;11.27;10.84;11.06;1458403;41171160.000
05/31/2002;10.97;11.13;10.73;10.78;1143165;31734108.000
06/03/2002;10.76;10.76;10.48;10.53;1258827;33989500.000
06/04/2002;10.64;10.69;10.40;10.52;750000;20258218.000
06/05/2002;10.52;10.72;10.43;10.66;619777;16795828.000
06/06/2002;10.63;11.23;10.54;11.04;1796334;50285104.000
06/07/2002;11.06;11.13;10.85;11.03;959563;26922864.000
06/10/2002;11.07;11.07;10.75;10.77;492605;13599732.000
06/11/2002;10.75;10.97;10.73;10.77;305807;8461733.000
06/12/2002;10.77;10.89;10.71;10.89;439371;12073714.000
06/13/2002;10.88;10.88;10.56;10.57;531928;14521340.000
06/14/2002;10.48;10.55;10.14;10.16;1280835;33828672.000
06/17/2002;10.04;10.16;9.99;10.12;445901;11516050.000
06/18/2002;10.14;10.39;10.14;10.37;565160;14897149.000
06/19/2002;10.33;10.41;10.11;10.16;386833;10181772.000
06/20/2002;10.18;10.39;10.10;10.26;286764;7559487.000
06/21/2002;10.25;10.60;10.18;10.53;889455;23913324.000
06/24/2002;11.65;11.65;11.40;11.65;4905771;144782496.000
06/25/2002;11.65;11.69;10.94;11.04;2842308;81676168.000
06/26/2002;10.98;11.60;10.94;11.24;1338453;38643100.000
06/27/2002;11.22;11.50;11.19;11.34;736634;21134012.000
06/28/2002;11.31;11.52;11.05;11.31;1012113;29037806.000
07/01/2002;11.23;11.67;11.22;11.35;750104;21872600.000
07/02/2002;11.31;11.43;11.23;11.30;370543;10649290.000
07/03/2002;11.23;11.38;10.98;11.24;843468;23864138.000
07/04/2002;11.19;11.19;11.04;11.17;367080;10380843.000
07/05/2002;11.19;11.73;11.02;11.41;1466121;42827164.000
07/08/2002;11.39;11.50;11.34;11.39;361667;10489315.000
07/09/2002;11.80;11.80;11.32;11.41;556460;16236250.000
07/10/2002;11.42;11.48;11.23;11.23;381071;10974532.000
07/11/2002;11.22;11.48;11.22;11.31;465075;13458560.000
07/12/2002;11.31;11.44;11.26;11.31;169070;4878582.000
07/15/2002;11.39;11.39;11.12;11.19;322200;9219591.000
07/16/2002;11.17;11.26;11.02;11.03;317824;8986585.000
07/17/2002;11.04;11.06;10.80;10.94;438846;12225210.000
07/18/2002;10.89;11.05;10.85;10.93;225026;6274246.000
07/19/2002;10.90;11.02;10.88;10.98;199359;5557022.000
07/22/2002;10.99;10.99;10.72;10.72;416752;11501222.000
07/23/2002;10.69;10.89;10.59;10.89;342276;9365487.000
07/24/2002;10.80;10.87;10.72;10.82;149886;4132436.000
07/25/2002;10.79;11.11;10.65;10.89;369901;10343335.000
07/26/2002;10.79;11.00;10.79;10.93;141013;3926349.000
07/29/2002;10.88;10.99;10.74;10.99;106895;2979033.000
07/30/2002;10.91;10.97;10.80;10.89;101050;2804921.000
07/31/2002;10.90;10.98;10.77;10.79;159349;4426258.000
08/01/2002;10.73;11.39;10.73;10.97;362993;10177433.000
08/02/2002;10.98;11.06;10.87;10.93;127015;3549334.000
08/05/2002;10.81;10.94;10.81;10.90;61470;1706265.000
08/06/2002;10.81;10.94;10.79;10.89;138375;3841226.000
08/07/2002;10.87;10.95;10.77;10.81;126200;3488672.000
08/08/2002;10.81;10.98;10.77;10.93;224699;6233197.000
08/09/2002;10.61;10.94;10.60;10.85;313654;8577390.000
08/12/2002;10.64;10.76;10.63;10.65;77200;2101970.000
08/13/2002;10.66;10.72;10.59;10.63;156879;4269022.000
08/14/2002;10.64;10.96;10.57;10.78;185421;5104410.000
08/15/2002;10.70;10.81;10.70;10.77;138541;3808496.000
08/16/2002;10.66;10.94;10.59;10.89;164772;4532348.000
08/19/2002;10.89;10.89;10.74;10.76;34925;961159.000
08/20/2002;10.73;10.90;10.73;10.86;100215;2773788.000
08/21/2002;10.89;11.01;10.73;10.97;230483;6422008.000
08/22/2002;10.89;11.43;10.89;11.27;1510907;43430472.000
08/23/2002;11.23;11.36;11.10;11.26;388875;11111355.000
08/26/2002;11.27;11.35;11.14;11.29;354900;10206158.000
08/27/2002;11.27;11.62;11.23;11.48;1164071;34107200.000
08/28/2002;11.48;11.48;11.28;11.36;917090;26447012.000
08/29/2002;11.28;11.34;11.09;11.10;236859;6747497.000
08/30/2002;11.10;11.22;11.06;11.09;104661;2960892.000
09/02/2002;11.12;11.17;11.07;11.17;90669;2568989.000
09/03/2002;11.17;11.56;11.14;11.35;544136;15796316.000
09/04/2002;11.31;11.35;11.16;11.19;219900;6304754.000
09/05/2002;11.17;11.27;10.97;10.98;352052;9943784.000
09/06/2002;10.97;11.31;10.94;11.06;348353;9901723.000
09/09/2002;11.06;11.44;10.98;11.29;988855;28509868.000
09/10/2002;11.30;11.39;11.21;11.39;424645;12223018.000
09/11/2002;11.38;11.42;11.24;11.38;485609;14046911.000
09/12/2002;11.39;11.45;11.32;11.35;597165;17338260.000
09/13/2002;11.40;11.40;11.23;11.31;281754;8097660.000
09/16/2002;11.33;11.33;11.06;11.22;297200;8435811.000
09/17/2002;11.10;11.31;11.10;11.27;209897;5988512.000
09/18/2002;11.27;11.35;11.14;11.16;129395;3701666.000
09/19/2002;11.19;11.42;11.10;11.33;899236;25738900.000
09/20/2002;11.34;11.34;11.21;11.23;112784;3237852.000
09/24/2002;11.22;11.31;11.19;11.24;209957;6020116.000
09/25/2002;11.24;11.31;11.21;11.26;187543;5379406.000
09/26/2002;11.21;11.25;10.77;10.80;1028766;28746452.000
09/27/2002;10.77;10.80;10.61;10.62;679075;18526860.000
10/08/2002;10.56;10.58;10.46;10.48;188306;5063265.000
10/09/2002;10.54;10.54;10.26;10.39;259926;6909934.000
10/10/2002;10.31;10.43;10.27;10.31;240312;6345219.000
10/11/2002;10.31;10.38;10.06;10.10;240500;6311539.000
10/14/2002;10.10;10.28;10.03;10.28;201045;5209905.000
10/15/2002;10.23;10.29;10.10;10.11;137000;3575499.000
10/16/2002;10.20;10.32;10.14;10.21;116721;3055898.000
10/17/2002;10.30;10.31;10.01;10.06;213710;5514314.000
10/18/2002;10.06;10.14;9.81;9.98;156805;4008075.000
10/21/2002;9.93;10.03;9.89;10.03;87830;2240873.000
10/22/2002;9.98;10.31;9.98;10.22;138249;3600399.000
10/23/2002;10.16;10.31;10.08;10.26;180363;4698093.000
10/24/2002;10.23;10.26;10.10;10.11;87481;2279572.000
10/25/2002;10.11;10.27;9.93;9.95;66450;1711414.000
10/28/2002;9.91;9.98;9.64;9.67;356200;8916275.000
10/29/2002;9.57;9.77;9.55;9.72;204534;5062664.000
10/30/2002;9.64;9.72;9.42;9.47;148560;3635526.000
10/31/2002;9.42;9.55;9.38;9.52;134245;3272571.000
11/01/2002;9.47;9.56;9.39;9.45;69957;1703794.000
11/04/2002;9.46;9.61;9.46;9.56;141031;3463310.000
11/05/2002;9.60;9.93;9.58;9.80;394652;9925871.000
11/06/2002;9.78;9.85;9.73;9.76;153900;3872051.000
11/07/2002;9.77;9.86;9.60;9.73;158349;3972145.000
11/08/2002;9.81;9.93;9.40;9.46;263853;6534127.000
11/11/2002;9.42;9.60;9.10;9.23;309900;7466450.000
11/12/2002;9.25;9.27;8.67;8.72;515511;11894140.000
11/13/2002;8.70;8.95;8.68;8.89;334519;7624997.000
11/14/2002;8.87;9.26;8.69;8.90;568561;13281477.000
11/15/2002;8.81;9.26;8.79;8.98;363704;8527466.000
11/18/2002;8.99;9.10;8.86;8.95;220611;5106743.000
11/19/2002;9.07;9.10;8.89;9.04;109325;2544600.000
11/20/2002;9.08;9.08;8.73;8.77;149727;3438336.000
11/21/2002;8.77;8.84;8.53;8.56;289464;6498945.000
11/22/2002;8.64;8.68;8.39;8.51;153324;3397769.000
11/25/2002;8.60;8.67;8.47;8.65;119745;2668996.000
11/26/2002;8.66;8.72;8.31;8.31;221009;4869604.000
11/27/2002;8.31;8.42;8.14;8.36;266474;5719083.000
11/28/2002;8.35;9.26;8.31;9.16;1101300;25473228.000
11/29/2002;9.16;9.85;9.06;9.51;1772472;43238992.000
12/02/2002;9.39;9.47;8.89;8.90;606750;14307484.000
12/03/2002;8.87;9.24;8.83;9.17;384500;9021452.000
12/04/2002;9.22;9.31;9.10;9.11;231347;5489260.000
12/05/2002;8.91;9.16;8.86;8.97;159579;3694192.000
12/06/2002;8.97;9.09;8.89;8.93;141805;3281126.000
12/09/2002;8.89;8.99;8.83;8.85;110569;2540029.000
12/10/2002;8.76;8.95;8.58;8.58;196854;4451809.000
12/11/2002;8.55;8.69;8.47;8.64;247300;5492838.000
12/12/2002;8.64;8.83;8.59;8.66;160183;3600831.000
12/13/2002;8.64;8.74;8.52;8.70;367393;8203341.000
12/16/2002;8.74;9.04;8.69;8.92;381596;8731172.000
12/17/2002;8.92;8.93;8.79;8.90;102489;2353076.000
12/18/2002;8.92;8.97;8.83;8.83;140900;3249215.000
12/19/2002;8.79;8.85;8.69;8.79;94899;2151824.000
12/20/2002;8.75;9.06;8.75;8.89;175159;4060273.000
12/23/2002;8.89;9.06;8.85;8.96;311494;7188989.000
12/24/2002;8.99;8.99;8.88;8.93;62700;1447580.000
12/25/2002;9.02;9.05;8.81;8.83;132170;3039089.000
12/26/2002;8.73;8.83;8.45;8.45;228800;5123227.000
12/27/2002;8.39;8.57;8.34;8.44;129874;2848330.000
12/30/2002;8.43;8.44;8.29;8.34;294088;6386501.000
12/31/2002;8.34;8.60;8.28;8.28;341575;7456915.000
01/02/2003;8.18;8.33;8.11;8.19;328489;7027240.000
01/03/2003;8.26;8.28;8.11;8.21;50800;1086224.000
01/06/2003;8.26;8.29;8.14;8.29;61295;1309706.000
01/07/2003;8.27;8.51;8.24;8.31;102564;2227167.000
01/08/2003;8.19;8.54;8.19;8.51;81409;1773707.000
01/09/2003;8.51;8.67;8.39;8.62;239119;5303146.000
01/10/2003;8.62;8.68;8.51;8.53;288960;6439135.000
01/13/2003;8.47;8.60;8.45;8.55;115258;2554350.000
01/14/2003;8.51;9.17;8.47;9.02;618693;14247837.000
01/15/2003;9.14;9.68;9.06;9.17;1316347;31892872.000
01/16/2003;9.18;9.61;9.14;9.46;596546;14491426.000
01/17/2003;9.47;9.52;9.22;9.31;657900;15927114.000
01/20/2003;9.33;9.58;9.25;9.48;452219;11004505.000
01/21/2003;9.54;9.68;9.31;9.32;1263799;30714814.000
01/22/2003;9.22;9.43;9.10;9.33;234884;5636932.000
01/23/2003;9.31;9.39;9.19;9.24;170261;4081131.000
01/24/2003;9.23;9.37;9.19;9.34;213035;5103590.000
01/27/2003;9.32;9.55;9.32;9.54;399483;9762180.000
01/28/2003;9.43;9.56;9.43;9.53;182302;4456042.000
01/29/2003;9.48;9.62;9.48;9.55;233200;5739033.000
02/10/2003;9.38;9.43;9.25;9.26;90600;2173294.000
02/11/2003;9.22;9.37;9.18;9.31;75912;1803973.000
02/12/2003;9.31;9.45;9.27;9.41;77219;1859400.000
02/13/2003;9.39;9.48;9.30;9.30;121770;2936636.000
02/14/2003;9.27;9.46;9.25;9.38;178475;4307939.000
02/17/2003;9.31;9.41;9.25;9.30;71690;1717874.000
02/18/2003;9.25;9.31;9.17;9.22;68009;1619587.000
02/19/2003;9.22;9.33;9.17;9.31;107356;2575477.000
02/20/2003;9.31;9.39;9.26;9.31;75698;1818204.000
02/21/2003;9.19;9.31;9.18;9.19;75555;1798007.000
02/24/2003;9.17;9.45;9.17;9.32;162612;3907892.000
02/25/2003;9.35;9.62;9.35;9.55;330787;8121248.000
02/26/2003;9.55;9.59;9.47;9.50;89705;2200649.000
02/27/2003;9.56;9.80;9.44;9.79;627430;15642441.000
02/28/2003;9.81;9.96;9.64;9.92;680042;17204150.000
03/03/2003;9.92;10.01;9.75;9.87;508459;12934823.000
03/04/2003;9.91;9.93;9.68;9.79;248275;6220294.000
03/05/2003;9.72;9.79;9.64;9.69;124550;3106725.000
03/06/2003;9.68;9.68;9.38;9.40;279364;6844353.000
03/07/2003;9.39;9.55;9.31;9.34;223411;5388104.000
03/10/2003;9.35;9.41;9.22;9.22;148196;3541791.000
03/11/2003;9.22;9.33;9.18;9.19;87450;2087036.000
03/12/2003;9.19;9.30;9.16;9.30;76700;1823472.000
03/13/2003;9.23;9.38;9.18;9.19;104980;2506412.000
03/14/2003;9.18;9.29;9.10;9.14;186142;4401730.000
03/17/2003;9.26;9.26;8.91;9.14;113532;2662849.000
03/18/2003;9.14;9.26;8.81;8.99;279614;6437916.000
03/19/2003;9.02;9.05;8.89;9.04;191700;4432527.000
03/20/2003;9.03;9.04;8.73;8.86;145509;3344630.000
03/21/2003;9.26;9.26;8.85;9.18;670486;15926323.000
03/24/2003;9.18;9.20;8.95;9.00;75773;1771180.000
03/25/2003;8.94;9.10;8.73;9.05;412149;9430122.000
03/26/2003;9.14;9.18;8.98;9.03;344450;8105561.000
03/27/2003;8.90;9.25;8.90;9.22;144411;3395780.000
03/28/2003;9.25;9.28;9.05;9.12;161635;3829432.000
03/31/2003;9.11;9.26;8.93;9.25;460331;10771629.000
04/01/2003;9.22;9.26;9.06;9.11;333881;7864866.000
04/02/2003;9.18;9.18;9.06;9.07;129500;3043127.000
04/03/2003;9.10;9.43;9.02;9.26;654802;15677492.000
04/04/2003;9.30;9.30;9.18;9.21;166650;3962210.000
04/07/2003;9.18;9.26;9.08;9.23;294832;6983846.000
04/08/2003;9.23;9.35;9.10;9.26;136947;3254997.000
04/09/2003;9.22;9.29;8.94;9.20;364200;8573825.000
04/10/2003;9.22;9.85;9.22;9.73;2055027;50932184.000
04/11/2003;9.73;10.43;9.66;10.43;2757719;71122952.000
04/14/2003;10.35;10.48;10.23;10.25;1192956;31737248.000
04/15/2003;10.21;10.34;10.06;10.21;661557;17239964.000
04/16/2003;10.26;10.47;9.98;10.18;419781;10953916.000
04/17/2003;10.18;10.37;10.06;10.33;773150;20316552.000
04/18/2003;10.27;10.36;10.14;10.20;405682;10643172.000
04/21/2003;10.14;10.15;9.89;10.07;420942;10809841.000
04/22/2003;10.07;10.11;9.92;10.10;360460;9252148.000
04/23/2003;10.08;10.16;9.77;9.78;200400;5145298.000
04/24/2003;9.73;9.77;9.32;9.52;371949;9081310.000
04/25/2003;9.50;9.50;9.02;9.02;218701;5200780.000
04/28/2003;8.99;9.21;8.89;9.17;245320;5722298.000
04/29/2003;9.17;9.17;8.77;8.89;159789;3702840.000
04/30/2003;8.90;9.04;8.77;8.90;211900;4884035.000
05/13/2003;9.02;9.02;8.26;8.35;279676;6187434.000
05/14/2003;8.35;8.59;8.34;8.43;223702;4924199.000
05/15/2003;8.48;8.97;8.47;8.78;699889;15795567.000
05/16/2003;8.83;8.89;8.61;8.68;190481;4321657.000
05/19/2003;8.68;8.85;8.68;8.72;229180;5185510.000
05/20/2003;8.72;8.72;8.47;8.59;298445;6619402.000
05/21/2003;8.60;8.70;8.51;8.62;97600;2186334.000
05/22/2003;8.67;8.68;8.52;8.62;115730;2583405.000
05/23/2003;8.68;8.77;8.55;8.69;148439;3330476.000
05/26/2003;8.72;8.81;8.63;8.66;373615;8408157.000
05/27/2003;8.70;9.14;8.63;8.97;822699;19050268.000
05/28/2003;8.97;9.27;8.97;9.05;741332;17378808.000
05/29/2003;9.10;9.46;9.04;9.25;1096241;26289476.000
05/30/2003;9.42;9.42;9.02;9.35;695425;13606928.000
06/02/2003;9.37;9.58;9.27;9.42;900352;18016450.000
06/03/2003;9.43;9.48;9.18;9.23;505723;10010425.000
06/04/2003;9.26;9.52;9.08;9.26;589804;11673624.000
06/05/2003;9.28;9.28;9.12;9.14;107740;2101818.000
06/06/2003;9.12;9.39;9.12;9.26;363592;7148125.000
06/09/2003;9.31;9.39;9.13;9.14;253410;4971741.000
06/10/2003;9.18;9.23;9.05;9.07;55994;1083604.000
06/11/2003;9.16;9.18;9.04;9.17;111523;2156829.000
06/12/2003;9.18;9.33;9.06;9.13;87600;1702470.000
06/13/2003;9.16;9.32;9.16;9.31;254301;4997303.000
06/16/2003;9.18;9.36;9.10;9.20;99920;1952105.000
06/17/2003;9.23;9.29;9.11;9.18;241500;4733774.000
06/18/2003;9.23;9.32;9.13;9.16;91801;1802909.000
06/19/2003;9.18;9.19;8.43;8.91;181020;3440345.000
06/20/2003;8.90;8.99;8.63;8.64;158450;2961328.000
06/23/2003;8.63;8.78;8.56;8.70;195880;3621007.000
06/24/2003;8.71;8.73;8.19;8.47;594105;10603927.000
06/25/2003;8.43;8.53;8.23;8.32;271538;4829881.000
06/26/2003;8.33;8.52;8.26;8.43;277676;4978019.000
06/27/2003;8.45;8.56;8.28;8.45;254927;4605586.000
06/30/2003;8.38;8.46;8.27;8.30;147904;2636531.000
07/01/2003;8.40;8.40;8.23;8.33;87200;1547088.000
07/02/2003;8.33;8.40;8.26;8.33;119251;2123616.000
07/03/2003;8.31;8.38;8.28;8.30;110270;1958486.000
07/04/2003;8.28;8.36;8.10;8.10;336950;5908915.000
07/07/2003;8.13;8.18;7.77;7.82;506040;8561214.000
07/08/2003;7.82;8.21;7.76;8.14;1048037;17757128.000
07/09/2003;8.14;8.18;7.95;8.02;191420;3291729.000
07/10/2003;8.01;8.32;8.01;8.28;543040;9518224.000
07/11/2003;8.31;8.62;8.26;8.47;1078747;19515846.000
07/14/2003;8.53;8.63;8.43;8.47;305416;5530686.000
07/15/2003;8.48;8.57;8.32;8.51;348676;6288709.000
07/16/2003;8.51;8.51;8.33;8.43;65469;1168570.000
07/17/2003;8.34;8.48;8.31;8.38;233749;4176938.000
07/18/2003;8.38;8.38;8.20;8.27;225066;3982774.000
07/21/2003;8.18;8.31;7.68;8.26;402773;6910422.000
07/22/2003;8.26;8.43;8.08;8.29;199278;3519145.000
07/23/2003;8.28;8.36;8.26;8.34;125711;2233125.000
07/24/2003;8.31;8.33;7.99;8.19;43418;761700.000
07/25/2003;8.22;8.43;8.09;8.25;219416;3893112.000
07/28/2003;8.18;8.26;8.09;8.18;52030;907461.000
07/29/2003;8.18;8.21;8.10;8.13;41540;723725.000
07/30/2003;7.99;8.31;7.96;8.21;136400;2385353.000
07/31/2003;8.21;8.37;8.16;8.32;263295;4652481.000
08/01/2003;8.33;8.53;8.33;8.51;395160;7126066.000
08/04/2003;8.53;8.58;8.36;8.51;225489;4091165.000
08/05/2003;8.51;8.56;8.43;8.52;273977;4980535.000
08/06/2003;8.52;8.53;8.45;8.47;237461;4298365.000
08/07/2003;8.52;8.56;8.43;8.48;224271;4061223.000
08/08/2003;8.57;8.57;8.28;8.32;396100;7145840.000
08/11/2003;8.31;8.43;8.23;8.37;262072;4674753.000
08/12/2003;8.38;8.52;8.37;8.49;501458;9038360.000
08/13/2003;8.56;8.83;8.43;8.68;2356536;43147520.000
08/14/2003;8.63;9.01;8.54;8.87;1440278;26876540.000
08/15/2003;8.85;8.98;8.77;8.83;1077312;20330954.000
08/18/2003;8.93;8.93;8.78;8.90;1111039;20984948.000
08/19/2003;8.93;9.18;8.86;9.16;1100636;21062084.000
08/20/2003;9.18;9.18;8.97;9.13;638150;12258249.000
08/21/2003;9.13;9.48;9.12;9.47;1747063;34629184.000
08/25/2003;9.51;9.51;9.31;9.43;1034902;20574222.000
08/26/2003;9.43;9.91;9.43;9.83;1434576;29272998.000
08/27/2003;9.91;10.25;9.89;9.97;1484223;31454560.000
08/28/2003;9.93;9.93;9.68;9.70;715646;14818525.000
08/29/2003;9.68;10.03;9.37;9.55;1946337;40260420.000
09/01/2003;9.52;9.76;9.35;9.67;629006;12760864.000
09/02/2003;9.73;10.42;9.58;10.28;2967777;62380108.000
09/03/2003;10.28;10.41;10.06;10.25;1331957;28670136.000
09/04/2003;10.25;10.32;10.08;10.20;797767;17143012.000
09/05/2003;10.16;10.32;9.93;10.22;887026;19044600.000
09/08/2003;10.22;10.36;10.18;10.36;1263175;27370974.000
09/09/2003;10.38;10.68;10.37;10.59;1454904;32278632.000
09/10/2003;10.64;10.69;10.49;10.64;810308;18054500.000
09/11/2003;10.69;10.88;10.66;10.74;946455;21423416.000
09/12/2003;10.74;10.83;10.31;10.42;1328000;29626922.000
09/15/2003;10.46;10.59;10.38;10.47;1475035;32520912.000
09/16/2003;10.47;10.68;10.47;10.66;1110264;24799858.000
09/17/2003;10.69;10.78;10.18;10.48;2828529;62744832.000
09/18/2003;10.42;10.54;9.93;10.01;1335550;29214682.000
09/19/2003;10.01;10.17;9.64;9.66;564220;11733913.000
09/22/2003;9.68;9.70;9.36;9.38;513600;10313197.000
09/23/2003;9.38;9.68;9.38;9.52;292886;5901019.000
09/24/2003;9.52;9.73;9.43;9.64;529729;10706937.000
09/25/2003;9.63;9.73;9.43;9.53;326220;6593682.000
09/26/2003;9.53;9.71;9.44;9.53;120401;2437846.000
09/29/2003;9.53;9.63;9.18;9.31;241541;4773331.000
09/30/2003;9.33;9.48;9.19;9.43;272831;5401477.000
10/08/2003;9.38;9.43;9.18;9.36;697220;13693184.000
10/09/2003;9.36;9.43;9.23;9.37;921299;18238668.000
10/10/2003;9.37;9.58;9.32;9.52;1214045;24272916.000
10/13/2003;9.53;10.08;9.44;10.05;1967996;40217048.000
10/14/2003;10.08;10.18;9.93;10.02;641934;13557167.000
10/15/2003;9.98;10.23;9.83;10.09;444656;9443846.000
10/17/2003;10.03;10.03;9.83;10.01;173663;3638780.000
10/20/2003;10.01;10.12;9.91;9.95;131208;2759104.000
10/21/2003;9.95;10.22;9.95;10.15;549417;11736878.000
10/22/2003;10.18;10.62;10.18;10.50;1990316;44128576.000
10/23/2003;10.51;10.61;10.28;10.34;1530520;33950872.000
10/24/2003;10.33;10.51;10.22;10.29;627425;13782807.000
10/27/2003;10.26;10.33;10.06;10.21;877057;18822584.000
10/28/2003;10.20;10.20;9.68;9.74;367007;7745832.000
10/29/2003;9.73;9.83;9.43;9.49;580940;11787268.000
10/30/2003;9.49;9.76;9.37;9.50;294646;5933346.000
10/31/2003;9.56;9.83;9.43;9.62;75800;1539241.000
11/03/2003;9.62;9.73;9.43;9.67;654176;13236762.000
11/04/2003;9.63;10.38;9.53;10.20;2260986;46445396.000
11/05/2003;10.20;10.33;10.12;10.27;909542;19601712.000
11/06/2003;10.23;10.33;9.98;10.16;660222;14182417.000
11/07/2003;10.16;10.54;10.02;10.43;651782;14033176.000
11/10/2003;10.43;10.59;10.33;10.42;360250;7913589.000
11/11/2003;10.41;10.54;10.41;10.45;258173;5697931.000
11/12/2003;10.45;10.58;10.38;10.43;348506;7661147.000
11/13/2003;10.43;10.53;10.35;10.43;306606;6741955.000
11/14/2003;10.33;10.64;10.23;10.61;1113951;24703094.000
11/17/2003;10.61;10.66;10.54;10.61;814030;18197908.000
11/18/2003;10.61;10.84;10.01;10.08;1793004;39880184.000
11/19/2003;10.08;10.64;10.07;10.42;2197470;47797096.000
11/20/2003;10.43;10.62;10.28;10.43;756512;16703028.000
11/21/2003;10.43;10.51;10.08;10.11;454198;9801933.000
11/24/2003;10.11;10.49;10.11;10.30;395742;8574975.000
11/25/2003;10.30;10.38;10.08;10.24;252692;5431751.000
11/26/2003;10.13;10.40;10.11;10.22;191040;4119528.000
11/27/2003;10.21;10.41;10.08;10.24;227420;4900499.000
11/28/2003;10.21;10.33;10.08;10.22;72221;1550539.000
12/01/2003;10.20;10.38;10.17;10.33;254110;5510999.000
12/02/2003;10.33;10.49;10.28;10.42;703351;15440086.000
12/03/2003;10.42;10.51;10.38;10.43;518850;11414123.000
12/04/2003;10.43;10.53;10.33;10.38;456739;10014317.000
12/05/2003;10.38;10.49;10.33;10.36;223340;4887998.000
12/08/2003;10.36;10.64;10.34;10.62;699000;15405041.000
12/09/2003;10.63;11.07;10.63;11.05;1001597;22745124.000
12/10/2003;11.08;11.19;10.94;11.05;1097203;25644922.000
12/11/2003;11.05;11.25;11.04;11.19;1686700;39711236.000
12/15/2003;11.19;11.34;10.73;10.88;304010;6975645.000
12/16/2003;10.89;10.99;10.43;10.55;329419;7331758.000
12/17/2003;10.50;10.84;10.50;10.69;514020;11589644.000
12/18/2003;10.69;10.81;10.28;10.43;190120;4185587.000
12/19/2003;10.43;10.62;10.11;10.23;334305;7228025.000
12/22/2003;10.23;10.46;9.92;10.41;534225;11562520.000
12/23/2003;10.43;10.59;10.34;10.40;270781;5955798.000
12/24/2003;10.40;10.50;10.14;10.28;528805;11524950.000
12/25/2003;10.28;10.69;10.18;10.68;1485666;32959840.000
12/26/2003;10.71;10.84;10.54;10.68;541700;12175986.000
12/29/2003;10.69;10.80;10.53;10.68;328504;7365140.000
12/30/2003;10.68;11.09;10.68;10.94;521490;11991172.000
12/31/2003;10.94;11.11;10.84;10.91;425980;9830904.000
01/02/2004;10.91;11.01;10.84;10.92;495210;11365398.000
01/05/2004;10.94;10.99;10.69;10.96;459638;10487454.000
01/06/2004;10.96;11.13;10.76;10.79;167840;3848372.000
01/07/2004;10.79;10.93;10.58;10.93;604712;13665512.000
01/08/2004;10.94;11.74;10.94;11.48;1025927;24545120.000
01/09/2004;11.50;11.59;11.28;11.36;575490;13816700.000
01/12/2004;11.36;11.80;11.36;11.78;825471;20187156.000
01/13/2004;11.81;11.89;11.44;11.61;387420;9475276.000
01/14/2004;11.59;11.74;11.19;11.33;317034;7607633.000
01/15/2004;11.34;11.44;11.16;11.17;175960;4171931.000
01/16/2004;11.17;11.59;11.10;11.39;513587;12221996.000
01/29/2004;11.39;12.09;11.39;11.89;793387;19563920.000
01/30/2004;11.94;12.19;11.65;11.66;738003;18525768.000
02/02/2004;11.79;12.27;11.79;12.20;865329;21930140.000
02/03/2004;12.20;12.76;12.20;12.48;2057456;54037492.000
02/04/2004;12.48;12.69;12.13;12.28;1319278;33981236.000
02/05/2004;12.28;12.64;12.28;12.39;1033233;26884338.000
02/06/2004;12.39;12.49;11.99;12.09;1390855;35258220.000
02/09/2004;12.09;13.36;12.09;13.09;3443805;92795656.000
02/10/2004;13.10;13.19;12.54;12.78;1366580;36530960.000
02/11/2004;12.78;13.19;12.66;12.97;1698067;45741464.000
02/12/2004;12.99;13.64;12.99;13.45;1879327;52457100.000
02/13/2004;13.45;13.59;13.14;13.26;1378441;38248212.000
02/16/2004;13.29;13.44;12.87;13.11;1798632;48980792.000
02/17/2004;13.11;13.22;12.89;13.03;2014279;54858500.000
02/18/2004;13.03;13.37;12.94;13.07;1555355;42469804.000
02/19/2004;13.07;13.29;12.55;12.69;1076996;28964582.000
02/20/2004;12.64;12.64;12.10;12.43;3070357;78495392.000
02/23/2004;12.44;12.69;12.20;12.22;1228817;32082228.000
02/24/2004;12.22;12.25;11.83;11.97;1197350;29980590.000
02/25/2004;11.94;12.24;11.86;11.98;513418;12912615.000
02/26/2004;11.96;12.19;11.78;11.84;582645;14572575.000
02/27/2004;11.84;12.18;11.69;12.09;752492;18841736.000
03/01/2004;12.09;12.23;11.92;12.11;604019;15232026.000
03/02/2004;12.09;12.22;11.80;11.82;707890;17692476.000
03/03/2004;11.82;11.94;11.44;11.60;996991;24224732.000
03/04/2004;11.60;11.74;11.45;11.64;500305;12122621.000
03/05/2004;11.64;11.76;11.49;11.64;637571;15468419.000
03/08/2004;11.64;11.65;11.44;11.60;331129;8004161.000
03/09/2004;11.60;11.80;11.54;11.63;464987;11360825.000
03/10/2004;11.63;11.79;11.63;11.69;669555;16436497.000
03/11/2004;11.69;12.12;11.69;11.99;1214725;30408040.000
03/12/2004;11.99;12.11;11.86;11.87;602962;15093115.000
03/15/2004;11.87;12.15;11.78;12.05;817405;20457326.000
03/16/2004;12.05;12.18;11.92;12.02;671160;16890120.000
03/17/2004;12.02;12.02;11.44;11.45;1082640;26515938.000
03/18/2004;11.43;11.69;10.94;10.99;842044;19565848.000
03/19/2004;10.99;11.09;10.94;11.06;253780;5863780.000
03/22/2004;11.06;11.23;11.04;11.09;467120;10911233.000
03/23/2004;11.09;11.24;11.08;11.18;307310;7199888.000
03/24/2004;11.18;11.29;11.06;11.12;363000;8529729.000
03/25/2004;11.09;11.51;11.01;11.48;1007675;23958868.000
03/26/2004;11.48;11.62;11.46;11.49;978980;23700152.000
03/29/2004;11.54;12.43;11.54;11.96;1898820;47818640.000
03/30/2004;11.95;12.15;11.44;11.84;914340;22751672.000
03/31/2004;11.84;12.19;11.75;11.99;1062407;26583070.000
04/01/2004;11.96;11.97;11.69;11.85;687563;16981932.000
04/02/2004;11.85;12.16;11.85;11.96;819499;20615120.000
04/05/2004;11.96;12.09;11.94;11.99;677675;17047224.000
04/06/2004;11.99;12.43;11.94;12.31;1345472;34392572.000
04/07/2004;12.32;12.54;12.20;12.36;1249471;32311680.000
04/08/2004;12.36;12.54;12.20;12.27;1035962;26659324.000
04/09/2004;12.34;13.44;12.34;12.93;4804493;128997872.000
04/12/2004;12.93;12.94;12.59;12.89;1976490;52593048.000
04/13/2004;12.89;12.94;12.69;12.90;1290999;34500360.000
04/14/2004;12.90;12.93;12.24;12.35;1346066;35010556.000
04/15/2004;12.33;12.38;11.94;12.04;849345;21429482.000
04/16/2004;12.04;12.19;11.64;11.68;956320;23624506.000
04/20/2004;11.67;11.67;11.29;11.39;1206557;28901260.000
04/21/2004;11.39;11.76;11.39;11.59;876860;21448332.000
04/22/2004;11.59;11.79;11.42;11.68;652437;15866221.000
04/23/2004;11.68;11.76;11.45;11.59;527870;12813625.000
04/26/2004;11.59;11.63;11.29;11.49;388094;9281502.000
04/27/2004;11.49;11.64;11.39;11.53;558340;13448069.000
04/28/2004;11.53;11.54;11.18;11.20;662347;15767218.000
04/29/2004;11.09;11.19;10.43;10.97;729129;16433444.000
04/30/2004;10.97;11.26;10.97;11.06;975460;22685598.000
05/10/2004;11.06;11.06;10.69;10.93;631803;14414577.000
05/11/2004;10.93;10.99;10.73;10.96;281354;6434486.000
05/12/2004;10.96;11.14;10.94;11.06;159558;3694100.000
05/13/2004;11.06;11.14;10.89;11.07;398260;9208485.000
05/14/2004;11.07;11.11;10.64;10.70;274107;6280175.000
05/17/2004;10.70;10.70;10.44;10.59;185013;4106716.000
05/18/2004;10.59;10.69;10.43;10.60;289696;6432226.000
05/19/2004;10.60;10.66;10.29;10.44;493690;10842726.000
05/20/2004;10.40;10.51;10.18;10.49;588376;12800636.000
05/21/2004;10.59;10.59;10.34;10.38;272443;5926847.000
05/24/2004;10.38;10.38;9.86;9.97;367680;7719425.000
05/25/2004;9.97;9.97;9.56;9.76;798880;16198151.000
05/26/2004;9.76;9.91;9.61;9.88;448749;9162637.000
05/27/2004;9.88;10.31;9.75;10.30;694077;14568369.000
05/28/2004;10.30;10.36;10.12;10.17;339500;7276689.000
05/31/2004;10.17;10.22;10.06;10.22;160964;3395424.000
06/01/2004;10.22;10.51;10.21;10.48;419529;9084055.000
06/02/2004;10.48;10.59;10.30;10.34;272500;5926008.000
06/03/2004;10.34;10.36;10.06;10.09;181741;3853616.000
06/04/2004;10.06;10.13;9.81;10.11;305292;6332632.000
06/07/2004;10.11;10.13;9.71;9.92;280107;5779833.000
06/08/2004;9.92;9.95;9.65;9.73;243360;4969788.000
06/09/2004;9.73;9.89;9.71;9.79;422020;8666320.000
06/10/2004;9.79;9.79;9.56;9.60;142875;2874663.000
06/11/2004;9.58;9.66;9.19;9.25;289763;5740833.000
06/14/2004;9.25;9.25;8.56;8.81;430222;8007686.000
06/15/2004;8.81;8.86;8.50;8.84;706011;12737392.000
06/16/2004;8.84;8.85;8.64;8.71;597450;10942813.000
06/17/2004;8.71;8.76;8.56;8.72;830700;15074746.000
06/18/2004;8.71;8.76;8.63;8.73;696249;12724242.000
06/21/2004;8.73;8.92;8.70;8.92;464883;8589520.000
06/22/2004;8.92;9.06;8.92;8.98;507875;9574572.000
06/23/2004;8.98;9.16;8.98;9.03;439610;8352310.000
06/24/2004;9.03;9.12;8.81;8.91;240100;4512363.000
06/25/2004;8.93;8.96;8.57;8.58;232800;4307630.000
06/28/2004;8.58;8.58;7.86;8.05;423591;7198861.000
06/29/2004;8.05;8.23;7.86;8.21;384652;6489122.000
06/30/2004;8.21;8.24;8.01;8.23;254208;4356769.000
07/01/2004;8.22;8.48;8.05;8.41;494801;8555108.000
07/02/2004;8.40;8.40;8.16;8.30;365679;6354718.000
07/05/2004;8.30;8.31;8.08;8.24;194040;3345729.000
07/06/2004;8.23;8.28;8.12;8.25;333281;5745212.000
07/07/2004;8.24;8.24;7.92;7.98;228590;3898597.000
07/08/2004;7.96;8.06;7.88;8.05;414375;6982392.000
07/09/2004;8.04;8.05;7.88;7.89;195000;3263319.000
07/12/2004;7.89;8.01;7.87;7.93;689870;11515040.000
07/13/2004;7.92;7.96;7.64;7.82;249270;4112667.000
07/14/2004;7.81;7.95;7.79;7.85;162349;2685683.000
07/15/2004;7.85;7.91;7.81;7.85;182900;3029810.000
07/16/2004;7.83;8.66;7.81;8.63;1157225;20300088.000
07/19/2004;8.83;9.31;8.75;9.00;1711435;32360654.000
07/20/2004;9.00;9.00;8.77;8.92;705870;13129519.000
07/21/2004;8.92;8.92;8.66;8.75;717170;13211471.000
07/22/2004;8.75;9.21;8.56;8.66;752800;14079866.000
07/23/2004;8.63;8.63;8.14;8.46;504673;8864911.000
07/26/2004;8.46;8.46;8.11;8.12;344100;6008267.000
07/27/2004;8.12;8.47;8.06;8.40;1612978;27874392.000
07/28/2004;8.40;8.66;8.36;8.63;1320003;23609048.000
07/29/2004;8.64;9.20;8.63;8.98;1346591;25340824.000
07/30/2004;9.01;9.29;8.88;9.05;1875627;35621876.000
08/02/2004;9.05;9.06;8.78;8.94;614378;11431480.000
08/03/2004;8.94;9.56;8.72;9.16;1715672;32657568.000
08/04/2004;9.13;9.14;8.81;9.02;1472868;27734128.000
08/05/2004;9.02;9.20;8.86;8.99;956149;18067072.000
08/06/2004;8.99;9.05;8.70;8.86;973731;18034916.000
08/09/2004;8.86;8.90;8.56;8.70;568869;10352783.000
08/10/2004;8.70;8.80;8.58;8.73;309070;5623871.000
08/11/2004;8.73;8.76;8.20;8.35;648410;11583850.000
08/12/2004;8.34;8.34;7.85;7.93;582052;9766901.000
08/13/2004;7.91;8.30;7.87;7.97;407889;6942467.000
08/16/2004;7.97;8.01;7.50;7.68;439210;7140513.000
08/17/2004;7.67;7.67;7.26;7.32;544310;8509435.000
08/18/2004;7.31;7.31;6.77;6.80;777242;11562329.000
08/19/2004;6.77;6.77;6.31;6.47;669437;9216233.000
08/20/2004;6.49;7.16;6.44;7.14;2446008;37119852.000
08/23/2004;7.05;7.05;6.38;6.38;1278270;17591280.000
08/24/2004;6.05;6.05;5.70;5.77;2167392;27035540.000
08/25/2004;5.73;5.85;5.53;5.80;1624166;19717912.000
08/26/2004;5.55;5.74;5.55;5.60;470231;5716521.000
08/27/2004;5.53;5.53;5.30;5.32;764486;8897388.000
08/30/2004;5.32;5.70;5.30;5.60;929601;11190334.000
08/31/2004;5.69;5.88;5.65;5.76;1041567;12960938.000
09/01/2004;5.76;5.76;5.54;5.62;336560;4094025.000
09/02/2004;5.57;5.85;5.56;5.83;656704;8165527.000
09/03/2004;5.80;5.84;5.69;5.73;345749;4287685.000
09/06/2004;5.73;5.74;5.60;5.70;167500;2055797.000
09/07/2004;5.68;5.82;5.65;5.75;197698;2456085.000
09/08/2004;5.75;5.77;5.61;5.66;249050;3045314.000
09/09/2004;5.57;5.60;5.36;5.42;383372;4535182.000
09/10/2004;5.40;5.50;5.34;5.49;182066;2140447.000
09/13/2004;5.45;5.45;5.13;5.15;397520;4518160.000
09/14/2004;5.30;5.65;5.21;5.51;893726;10609779.000
09/15/2004;5.50;6.04;5.43;5.95;1463819;18414804.000
09/16/2004;6.03;6.20;5.95;6.08;1051908;13740201.000
09/17/2004;6.14;6.33;6.03;6.31;958291;12730822.000
09/21/2004;6.99;6.99;6.99;6.99;341409;5076752.000
09/22/2004;7.74;7.74;7.60;7.74;1882934;30778440.000
09/23/2004;7.74;7.81;7.40;7.79;2152936;34593276.000
09/24/2004;7.79;8.51;7.60;7.81;2376267;40326664.000
09/27/2004;8.06;8.21;7.51;7.62;971764;16135883.000
09/28/2004;7.62;7.71;7.25;7.54;660455;10414917.000
09/29/2004;7.50;7.63;7.35;7.40;374852;5939656.000
09/30/2004;7.43;8.06;7.43;8.01;1624936;26838504.000
10/08/2004;8.05;8.51;7.80;8.45;1233736;21224120.000
10/12/2004;8.40;8.43;7.86;7.91;1019592;17338452.000
10/13/2004;7.91;8.04;7.65;7.95;573800;9445111.000
10/14/2004;7.89;7.95;7.11;7.11;822088;12883983.000
10/15/2004;7.04;7.04;6.56;6.89;653305;9481384.000
10/18/2004;6.89;7.25;6.82;7.11;478468;7181624.000
10/19/2004;7.18;7.44;6.95;6.96;488730;7494390.000
10/20/2004;6.84;6.95;6.64;6.94;374161;5421472.000
10/21/2004;6.99;7.04;6.84;6.85;241377;3549582.000
10/22/2004;6.88;7.10;6.64;7.05;440769;6516438.000
10/25/2004;7.10;7.43;7.10;7.14;633891;9789790.000
10/26/2004;7.15;7.29;6.95;7.27;357757;5430438.000
10/27/2004;7.24;7.30;6.99;7.28;488304;7393040.000
10/28/2004;7.30;7.43;7.06;7.11;583319;8979660.000
10/29/2004;6.95;7.15;6.84;6.87;406660;6022609.000
11/01/2004;6.80;6.80;6.16;6.35;702059;9720053.000
11/02/2004;6.35;6.48;6.21;6.38;238368;3260346.000
11/03/2004;6.49;6.65;6.46;6.63;334989;4706262.000
11/04/2004;6.65;6.74;6.40;6.42;320140;4499389.000
11/05/2004;6.49;6.70;6.39;6.50;205970;2862984.000
11/08/2004;6.41;6.88;6.38;6.76;503905;7234227.000
11/09/2004;6.71;6.80;6.65;6.78;215121;3079684.000
11/10/2004;6.88;7.50;6.88;7.50;1976699;30720424.000
11/11/2004;7.81;7.87;7.44;7.45;1836816;29841628.000
11/12/2004;7.45;7.53;7.23;7.33;930619;14542030.000
11/15/2004;7.35;7.50;7.25;7.37;387648;6045017.000
11/16/2004;7.46;7.46;7.29;7.31;212243;3314021.000
11/17/2004;7.29;7.64;7.29;7.47;723369;11501751.000
11/18/2004;7.38;7.65;7.38;7.49;463368;7372038.000
11/19/2004;7.49;7.70;7.44;7.65;770897;12380398.000
11/22/2004;7.65;8.42;7.65;8.08;1804333;30916402.000
11/23/2004;8.08;8.28;7.83;8.05;895586;15169959.000
11/24/2004;8.03;8.03;7.56;7.59;738156;12082249.000
11/25/2004;7.55;7.61;7.24;7.31;587589;9166257.000
11/26/2004;7.31;7.51;7.29;7.34;186231;2920587.000
11/29/2004;7.38;7.38;7.20;7.23;171260;2634010.000
11/30/2004;7.19;7.31;7.18;7.28;174574;2687662.000
12/01/2004;7.20;7.37;7.18;7.33;177195;2742293.000
12/02/2004;7.25;7.30;7.13;7.29;248671;3798768.000
12/03/2004;7.26;7.74;7.25;7.56;518701;8348608.000
12/06/2004;7.56;7.69;7.41;7.54;201883;3205677.000
12/07/2004;7.55;7.55;7.25;7.26;177600;2781824.000
12/08/2004;7.25;7.45;7.23;7.27;102970;1592024.000
12/09/2004;7.28;7.45;7.20;7.36;165839;2581260.000
12/10/2004;7.30;7.32;6.85;6.91;386137;5766967.000
12/13/2004;6.90;6.93;6.74;6.80;176211;2564246.000
12/14/2004;6.80;7.05;6.70;6.82;108990;1585054.000
12/15/2004;6.90;6.90;6.55;6.74;192248;2731089.000
12/16/2004;6.73;6.77;6.60;6.62;82830;1176724.000
12/17/2004;6.56;6.69;6.53;6.55;101219;1421943.000
12/20/2004;6.55;6.55;6.39;6.44;106150;1464181.000
12/21/2004;6.44;6.54;6.43;6.44;46600;644471.000
12/22/2004;6.55;6.95;6.46;6.89;249350;3600691.000
12/23/2004;6.89;6.89;6.55;6.58;194400;2788190.000
12/24/2004;6.60;6.90;6.60;6.73;175016;2527961.000
12/27/2004;6.64;6.79;6.56;6.69;57430;818856.000
12/28/2004;6.65;6.83;6.65;6.77;70900;1020488.000
12/29/2004;6.80;6.82;6.60;6.62;86199;1231393.000
12/30/2004;6.63;6.68;6.46;6.48;126190;1767535.000
12/31/2004;6.49;6.64;6.49;6.50;89248;1244596.000
01/04/2005;6.45;6.65;6.30;6.50;84639;1178961.000
01/05/2005;6.54;6.73;6.48;6.67;100674;1426585.000
01/06/2005;6.67;6.67;6.48;6.53;78863;1101286.000
01/07/2005;6.52;7.05;6.50;6.80;365884;5371671.000
01/10/2005;6.70;6.83;6.70;6.80;100326;1444909.000
01/11/2005;6.80;6.89;6.69;6.75;111760;1617024.000
01/12/2005;6.75;6.78;6.60;6.73;92939;1326968.000
01/13/2005;6.73;6.87;6.64;6.75;125389;1815585.000
01/14/2005;6.68;6.84;6.53;6.55;173532;2458195.000
01/17/2005;6.50;6.55;6.35;6.36;123864;1709617.000
01/18/2005;6.36;6.50;6.35;6.50;106442;1458873.000
01/19/2005;6.49;6.62;6.38;6.50;125818;1745885.000
01/20/2005;6.44;6.59;6.34;6.39;115300;1586536.000
01/21/2005;6.40;6.48;5.73;6.14;366223;4743683.000
01/24/2005;6.35;6.40;6.20;6.29;229938;3099051.000
01/25/2005;6.29;6.29;6.02;6.15;147980;1936665.000
01/26/2005;6.11;6.11;5.88;5.92;213312;2725386.000
01/27/2005;5.93;5.95;5.83;5.83;90005;1137670.000
01/28/2005;5.83;5.93;5.80;5.83;87295;1096834.000
01/31/2005;5.78;5.78;5.33;5.54;143439;1722359.000
02/01/2005;5.55;5.55;5.30;5.49;111103;1314972.000
02/02/2005;5.50;6.09;5.50;6.00;227222;2855038.000
02/03/2005;6.00;6.08;5.80;5.85;212873;2721391.000
02/04/2005;5.76;6.05;5.76;6.02;267338;3437651.000
02/16/2005;6.12;6.20;6.03;6.07;128880;1681918.000
02/17/2005;6.05;6.05;5.90;6.05;110670;1421941.000
02/18/2005;6.05;6.05;5.90;5.91;72900;935543.000
02/21/2005;5.95;6.00;5.90;6.00;156305;1999754.000
02/22/2005;6.04;6.25;5.99;6.25;378199;5005230.000
02/23/2005;6.28;6.65;6.23;6.52;886039;12289259.000
02/24/2005;6.52;6.60;6.33;6.53;480300;6655179.000
02/25/2005;6.53;6.60;6.45;6.50;262813;3666478.000
02/28/2005;6.40;6.53;6.28;6.30;229951;3146962.000
03/01/2005;6.45;6.45;6.30;6.38;149850;2041104.000
03/02/2005;6.44;6.48;6.27;6.30;170589;2318833.000
03/03/2005;6.30;6.39;6.20;6.34;125150;1685402.000
03/04/2005;6.33;6.57;6.33;6.39;267631;3700805.000
03/07/2005;6.30;6.44;6.27;6.30;142978;1938012.000
03/08/2005;6.31;6.51;6.30;6.51;215689;2959221.000
03/09/2005;6.53;6.70;6.49;6.65;443534;6235312.000
03/10/2005;6.60;6.65;6.47;6.49;408100;5709743.000
03/11/2005;6.43;6.65;6.36;6.48;181040;2522917.000
03/14/2005;6.47;6.51;6.30;6.41;181830;2495205.000
03/15/2005;6.42;6.42;6.27;6.28;148300;2011182.000
03/16/2005;6.28;6.35;6.22;6.26;127140;1703563.000
03/17/2005;6.28;6.38;6.20;6.30;135682;1831607.000
03/18/2005;6.21;6.30;5.94;6.25;278061;3653084.000
03/21/2005;6.23;6.23;6.00;6.04;63099;820552.000
03/22/2005;6.04;6.04;5.76;5.76;190882;2407118.000
03/23/2005;5.70;5.94;5.61;5.90;149295;1859267.000
03/24/2005;5.89;5.90;5.74;5.87;54340;679192.000
03/25/2005;5.83;5.88;5.76;5.79;55810;697600.000
03/28/2005;5.80;5.88;5.78;5.85;61391;766990.000
03/29/2005;5.94;5.98;5.85;5.85;39500;501135.000
03/30/2005;5.85;5.85;5.55;5.56;92700;1135723.000
03/31/2005;5.55;5.68;5.44;5.59;116610;1399265.000
04/01/2005;5.56;5.95;5.45;5.88;234196;2871163.000
04/04/2005;5.79;5.84;5.35;5.67;134600;1669098.000
04/05/2005;5.68;5.77;5.66;5.75;191722;2362814.000
04/06/2005;5.74;5.93;5.64;5.84;209588;2594097.000
04/07/2005;5.72;6.30;5.72;5.99;440834;5731585.000
04/08/2005;6.53;6.63;6.44;6.60;1040426;14571261.000
04/11/2005;6.63;6.89;6.61;6.69;872676;12575184.000
04/12/2005;6.69;6.69;6.36;6.37;465500;6452437.000
04/13/2005;6.46;6.64;6.43;6.47;756471;10546158.000
04/14/2005;6.53;6.57;6.45;6.55;710881;9911315.000
04/15/2005;6.55;6.55;6.38;6.45;354110;4874871.000
04/18/2005;6.46;6.54;6.38;6.45;300877;4151253.000
04/19/2005;6.48;6.50;6.32;6.44;200972;2762087.000
04/20/2005;6.44;6.44;6.21;6.27;193328;2597989.000
04/21/2005;6.27;6.27;5.90;6.01;429779;5608713.000
04/22/2005;5.99;6.05;5.88;6.00;232571;2990781.000
04/25/2005;5.95;5.95;5.72;5.85;189543;2375327.000
04/26/2005;5.79;6.03;5.78;5.94;153400;1948784.000
04/27/2005;5.95;6.02;5.83;5.94;214280;2727521.000
04/28/2005;5.90;6.25;5.70;6.11;703426;9143097.000
04/29/2005;6.05;6.06;5.86;5.90;375069;4777338.000
05/09/2005;6.04;6.10;5.56;5.85;137881;1741646.000
05/11/2005;5.84;5.93;5.68;5.77;318347;3976885.000
05/12/2005;5.85;5.87;5.59;5.68;316536;3859067.000
05/13/2005;5.72;5.95;5.64;5.78;494442;6173323.000
05/16/2005;5.80;5.80;5.61;5.63;183700;2252077.000
05/17/2005;5.63;5.86;5.56;5.83;394349;4913475.000
05/18/2005;5.83;5.85;5.69;5.80;183271;2279078.000
05/19/2005;5.80;5.80;5.68;5.76;117091;1447437.000
05/20/2005;5.73;5.85;5.68;5.83;256898;3218807.000
05/23/2005;5.76;5.76;5.66;5.67;110276;1355283.000
05/24/2005;5.65;5.79;5.63;5.76;98400;1219645.000
05/25/2005;5.80;5.83;5.75;5.77;116032;1446053.000
05/26/2005;5.77;5.80;5.73;5.76;115590;1437589.000
05/27/2005;5.76;5.85;5.51;5.58;222448;2714215.000
05/30/2005;5.55;5.57;5.40;5.50;211934;2507300.000
05/31/2005;5.50;5.54;5.39;5.44;165324;1950666.000
06/01/2005;5.41;5.48;5.15;5.22;296414;3383210.000
06/02/2005;5.20;5.24;5.16;5.19;131774;1485587.000
06/03/2005;5.19;5.19;4.97;5.04;150964;1657412.000
06/06/2005;4.97;5.04;4.77;5.03;248032;2651238.000
06/07/2005;5.05;5.29;4.98;5.00;285436;3197169.000
06/08/2005;5.00;5.51;5.00;5.50;664892;7715906.000
06/09/2005;5.50;5.71;5.45;5.71;794563;9610030.000
06/10/2005;5.71;5.88;5.65;5.74;726709;9040089.000
06/13/2005;5.73;5.73;5.56;5.68;323488;3927208.000
06/14/2005;5.70;5.74;5.51;5.55;325700;3946514.000
06/15/2005;5.52;5.55;5.31;5.45;219720;2579335.000
06/16/2005;5.43;5.54;5.31;5.53;191127;2250411.000
06/17/2005;5.64;5.64;5.47;5.55;158861;1905552.000
06/20/2005;5.63;5.79;5.50;5.77;271261;3322061.000
06/21/2005;5.71;5.75;5.64;5.68;153159;1876740.000
06/22/2005;5.68;5.74;5.59;5.73;135001;1645853.000
06/23/2005;5.69;5.78;5.65;5.75;304432;3768091.000
06/24/2005;5.73;5.75;5.61;5.70;121555;1493547.000
06/27/2005;5.70;6.03;5.68;5.95;482963;6147286.000
06/28/2005;5.94;6.08;5.84;6.04;622682;8041617.000
06/29/2005;6.00;6.08;5.98;6.05;321725;4157759.000
06/30/2005;6.05;6.05;5.92;5.93;321487;4118049.000
07/01/2005;5.83;5.90;5.65;5.68;500685;6231995.000
07/04/2005;5.69;5.69;5.38;5.63;151500;1177286.000
07/05/2005;5.53;5.83;5.47;5.72;196025;1570599.000
07/06/2005;5.80;5.81;5.60;5.71;96825;771721.000
07/07/2005;5.71;5.71;5.61;5.64;81095;647624.000
07/08/2005;5.66;5.70;5.56;5.66;149155;1182983.000
07/11/2005;5.66;5.94;5.66;5.71;300745;2457144.000
07/12/2005;5.62;5.92;5.60;5.90;298032;2442356.000
07/13/2005;5.90;6.01;5.83;5.90;287676;2401845.000
07/14/2005;5.98;6.48;5.83;6.26;1467693;12866801.000
07/15/2005;6.26;6.42;6.05;6.13;1223095;10765867.000
07/18/2005;6.05;6.34;5.94;6.25;569092;4911497.000
07/19/2005;6.18;6.39;6.13;6.36;558607;4922720.000
07/20/2005;6.37;6.49;6.18;6.31;444870;3945604.000
07/21/2005;6.31;6.58;6.16;6.48;613536;5478774.000
07/22/2005;6.35;6.61;6.35;6.54;1263892;11495594.000
07/25/2005;6.52;6.62;6.46;6.53;480789;4380495.000
07/26/2005;6.51;6.63;6.50;6.56;758224;6963247.000
07/27/2005;6.56;6.95;6.54;6.87;1543852;14566134.000
07/28/2005;6.87;7.01;6.69;6.74;869100;8252607.000
07/29/2005;6.77;6.83;6.65;6.68;451485;4235349.000
08/01/2005;6.72;6.84;6.61;6.76;469787;4388839.000
08/02/2005;6.76;6.76;6.61;6.71;402622;3748849.000
08/03/2005;6.73;6.75;6.65;6.74;503966;4728631.000
08/04/2005;6.73;6.74;6.62;6.72;364592;3399984.000
08/05/2005;6.73;7.07;6.71;6.95;2544302;24478308.000
08/08/2005;6.95;7.13;6.79;7.02;1788446;17389972.000
08/09/2005;7.01;7.09;6.88;6.99;754990;7360105.000
08/10/2005;6.97;7.09;6.86;6.98;590455;5747728.000
08/11/2005;6.98;7.16;6.94;7.14;1663334;16363593.000
08/12/2005;7.14;7.25;7.06;7.18;1729869;17240268.000
08/15/2005;7.19;7.39;7.18;7.37;1065317;10813353.000
08/16/2005;7.37;7.44;7.17;7.30;537500;5465752.000
08/17/2005;7.28;7.31;7.02;7.17;809945;8035201.000
08/18/2005;7.48;7.92;7.01;7.10;787800;7887752.000
08/19/2005;7.07;7.09;6.77;6.92;806330;7740153.000
08/22/2005;6.92;6.98;6.80;6.86;311790;2981240.000
08/23/2005;6.86;6.95;6.80;6.88;410056;3917047.000
08/24/2005;6.89;7.08;6.85;6.96;444680;4306835.000
08/25/2005;6.98;7.10;6.82;7.01;413355;4019784.000
08/26/2005;7.03;7.05;6.83;7.01;401134;3894924.000
08/29/2005;7.01;7.08;6.85;6.98;536954;5197846.000
08/30/2005;6.98;7.02;6.80;6.92;264610;2551859.000
08/31/2005;6.90;6.94;6.71;6.91;480350;4564147.000
09/01/2005;6.91;7.01;6.80;6.97;741957;7145819.000
09/02/2005;6.97;7.05;6.88;7.00;801100;7796637.000
09/05/2005;6.98;7.32;6.98;7.29;1531555;15371304.000
09/06/2005;7.28;7.40;6.89;7.00;1061650;10523114.000
09/07/2005;6.99;7.03;6.88;7.03;624036;6057151.000
09/08/2005;7.03;7.25;6.88;6.97;802047;7846262.000
09/09/2005;6.95;6.95;6.80;6.86;590362;5664573.000
09/12/2005;6.95;7.07;6.84;6.95;318340;3073096.000
09/13/2005;6.95;6.99;6.83;6.98;727850;6995027.000
09/14/2005;7.01;7.22;6.95;7.15;1472700;14601217.000
09/15/2005;7.14;7.32;7.13;7.31;2181387;22053416.000
09/16/2005;7.33;7.39;7.16;7.22;700100;7056415.000
09/19/2005;7.25;7.30;7.06;7.19;987222;9796652.000
09/20/2005;7.18;7.25;7.07;7.10;531300;5278768.000
09/21/2005;7.10;7.40;7.10;7.40;2145902;21727916.000
09/22/2005;7.44;8.14;7.43;7.73;4571123;49667280.000
09/23/2005;7.74;7.84;6.95;7.37;1732431;18138228.000
09/26/2005;7.33;7.55;7.09;7.55;1041285;10737725.000
09/27/2005;7.63;8.16;7.63;7.72;4035178;44162440.000
09/28/2005;7.64;7.78;7.41;7.52;1563599;16435776.000
09/29/2005;7.49;7.65;7.40;7.53;1041909;10873048.000
09/30/2005;7.55;7.55;7.27;7.40;901565;9237190.000
10/10/2005;7.37;7.37;7.10;7.16;639082;6391614.000
10/11/2005;7.13;7.33;6.99;7.31;783676;7859113.000
10/12/2005;7.30;7.35;7.11;7.13;763500;7737934.000
10/13/2005;7.14;7.38;7.14;7.31;733521;7439603.000
10/14/2005;7.32;7.40;7.13;7.25;447471;4513237.000
10/17/2005;7.22;7.36;7.13;7.19;497266;4979911.000
10/18/2005;7.19;7.50;7.15;7.47;1370497;14025719.000
10/19/2005;7.46;7.62;7.33;7.46;961807;10016627.000
10/20/2005;7.43;7.51;7.15;7.27;686559;6930652.000
10/21/2005;7.27;7.40;7.19;7.37;491254;4981222.000
10/24/2005;7.38;7.43;7.24;7.36;337150;3435806.000
10/25/2005;7.33;7.36;7.04;7.22;600010;5985386.000
10/26/2005;7.19;7.21;6.95;7.01;883147;8645059.000
10/27/2005;6.96;7.10;6.80;6.86;521607;5026656.000
10/28/2005;6.85;6.94;6.57;6.67;664480;6232948.000
10/31/2005;6.65;6.74;6.54;6.70;311028;2881504.000
11/01/2005;6.68;6.87;6.42;6.60;392910;3642183.000
11/02/2005;6.59;6.80;6.59;6.77;610681;5722533.000
11/03/2005;6.75;6.85;6.58;6.73;354606;3325092.000
11/04/2005;6.69;6.71;6.52;6.71;461795;4255068.000
11/07/2005;6.68;6.71;6.44;6.68;238251;2191884.000
11/08/2005;6.68;6.76;6.54;6.69;277956;2576661.000
11/09/2005;6.68;6.71;6.56;6.69;311375;2885907.000
11/10/2005;6.68;6.69;6.50;6.58;445232;4109875.000
11/11/2005;6.56;6.65;6.43;6.56;318899;2893190.000
11/14/2005;6.53;6.53;6.38;6.49;159700;1439835.000
11/15/2005;6.48;6.54;6.43;6.48;162500;1469850.000
11/16/2005;6.49;6.49;6.36;6.48;173450;1559857.000
11/17/2005;6.49;6.49;6.40;6.46;206044;1853883.000
11/18/2005;6.45;6.64;6.38;6.63;654097;5982508.000
11/21/2005;6.61;6.84;6.52;6.78;678112;6391502.000
11/22/2005;6.76;6.88;6.64;6.69;214622;2008788.000
11/23/2005;6.68;6.80;6.62;6.77;192450;1800323.000
11/24/2005;6.73;6.86;6.65;6.76;360450;3381741.000
11/25/2005;6.75;6.75;6.50;6.66;253706;2345719.000
11/28/2005;6.62;6.64;6.50;6.61;163300;1496912.000
11/29/2005;6.58;6.58;6.47;6.53;96836;881014.000
11/30/2005;6.51;6.56;6.46;6.55;110652;1010502.000
12/01/2005;6.53;6.61;6.52;6.56;59220;543333.000
12/02/2005;6.58;6.58;6.42;6.51;130190;1178819.000
12/05/2005;6.50;6.50;6.31;6.42;167450;1495643.000
12/06/2005;6.38;6.38;6.33;6.38;68100;606297.000
12/07/2005;6.38;6.56;6.35;6.53;212425;1919843.000
12/08/2005;6.52;6.58;6.38;6.49;104481;940801.000
12/09/2005;6.47;6.50;6.31;6.48;222826;1996353.000
12/12/2005;6.47;6.49;6.43;6.47;109555;990036.000
12/13/2005;6.46;6.56;6.42;6.48;189174;1712873.000
12/14/2005;6.48;6.53;6.36;6.51;226438;2050896.000
12/15/2005;6.51;6.54;6.41;6.49;199820;1809262.000
12/16/2005;6.47;6.53;6.35;6.53;1178772;10558181.000
12/19/2005;6.50;6.58;6.44;6.50;256250;2331795.000
12/20/2005;6.48;6.51;6.43;6.48;107300;970745.000
12/21/2005;6.50;6.65;6.47;6.55;291100;2668369.000
12/22/2005;6.53;6.62;6.49;6.55;156950;1436078.000
12/23/2005;6.55;6.61;6.50;6.57;245496;2252823.000
12/26/2005;6.60;6.77;6.56;6.74;809702;7595884.000
12/27/2005;6.74;6.86;6.56;6.75;471692;4445240.000
12/28/2005;6.76;6.83;6.62;6.77;242480;2273277.000
12/29/2005;6.74;6.78;6.68;6.76;275504;2595036.000
12/30/2005;6.74;6.75;6.64;6.65;250200;2338329.000
01/04/2006;6.63;7.07;6.59;6.98;773673;7389704.000
01/05/2006;6.94;6.99;6.83;6.98;652660;6288046.000
01/06/2006;6.98;7.16;6.89;7.13;1753426;17219412.000
01/09/2006;7.13;7.51;7.04;7.48;2770874;28310216.000
01/10/2006;7.47;7.62;7.39;7.55;1573083;16419545.000
01/11/2006;7.53;7.60;7.40;7.47;1110625;11523553.000
01/12/2006;7.46;7.92;7.46;7.85;1584404;16948036.000
01/13/2006;7.84;7.97;7.74;7.80;1088008;11856684.000
01/16/2006;7.86;8.08;7.46;7.58;1233799;13116918.000
01/17/2006;7.55;7.55;7.29;7.43;1385181;14292569.000
01/18/2006;7.40;7.63;7.40;7.61;594244;6241152.000
01/19/2006;7.63;7.86;7.62;7.79;1001688;10789349.000
01/20/2006;7.77;7.93;7.56;7.73;635044;6781025.000
01/23/2006;7.70;7.82;7.55;7.77;615592;6535844.000
01/24/2006;7.74;8.13;7.71;8.08;1863316;20602890.000
01/25/2006;8.08;8.30;8.00;8.18;1402416;15904518.000
02/06/2006;8.23;8.31;8.10;8.27;694732;7906289.000
02/07/2006;8.25;8.38;7.83;7.96;1444337;15948369.000
02/08/2006;7.92;8.07;7.78;7.98;760303;8299942.000
02/09/2006;8.00;8.00;7.78;7.87;799121;8698931.000
02/10/2006;7.86;8.00;7.64;7.74;760611;8196377.000
02/13/2006;7.74;7.74;7.58;7.58;531700;5645532.000
02/14/2006;7.58;7.72;7.58;7.66;407370;4337403.000
02/15/2006;7.68;7.77;7.63;7.70;322645;3442538.000
02/16/2006;7.71;7.72;7.52;7.63;677826;7155308.000
02/17/2006;7.62;7.71;7.48;7.55;480050;5048901.000
02/20/2006;7.55;7.55;7.37;7.47;299859;3097740.000
02/21/2006;7.46;7.84;7.33;7.77;883977;9306745.000
02/22/2006;7.74;7.90;7.63;7.74;359409;3855006.000
02/23/2006;7.72;7.77;7.56;7.68;157250;1666973.000
02/24/2006;7.70;7.82;7.64;7.72;461085;4936417.000
02/27/2006;7.74;7.78;7.54;7.69;286991;3061607.000
02/28/2006;7.67;7.78;7.46;7.76;250722;2667770.000
03/01/2006;7.74;7.89;7.74;7.84;658996;7151118.000
03/02/2006;7.82;7.83;7.48;7.59;326406;3458963.000
03/03/2006;7.52;7.62;7.39;7.48;253606;2631183.000
03/06/2006;7.46;7.48;7.31;7.40;284885;2917881.000
03/07/2006;7.38;7.38;7.14;7.22;390028;3918045.000
03/08/2006;7.20;7.24;7.10;7.18;236670;2354676.000
03/09/2006;7.16;7.29;7.15;7.25;184184;1846420.000
03/10/2006;7.23;7.25;7.14;7.18;172490;1722577.000
03/30/2006;7.71;7.71;7.40;7.45;1269821;13219040.000
03/31/2006;7.40;7.45;7.25;7.43;963856;9844776.000
04/03/2006;7.41;7.56;7.39;7.54;521922;5438304.000
04/04/2006;7.55;7.64;7.47;7.55;505194;5299663.000
04/05/2006;7.59;7.64;7.40;7.63;781858;8172735.000
04/06/2006;7.63;7.96;7.62;7.86;1234949;13371800.000
04/07/2006;7.84;7.93;7.65;7.83;589651;6403327.000
04/10/2006;7.83;8.30;7.78;8.16;1247281;13994135.000
04/11/2006;8.22;8.33;8.07;8.17;858827;9757852.000
04/12/2006;8.17;8.33;8.08;8.22;767819;8726589.000
04/13/2006;8.22;8.34;7.92;7.96;1250000;14055562.000
05/15/2006;11.35;11.97;10.78;11.70;7877172;92948272.000
05/16/2006;11.70;11.76;10.50;10.81;3616846;41260392.000
05/17/2006;10.71;10.97;10.28;10.56;2442755;26675704.000
05/19/2006;10.67;11.40;10.67;11.13;2044556;23316024.000
05/22/2006;11.17;11.67;11.07;11.42;2371494;27847936.000
05/23/2006;11.47;11.55;10.52;10.55;1427299;16005721.000
05/24/2006;10.67;10.77;9.66;9.95;1970611;20491148.000
05/25/2006;10.05;10.22;9.75;10.03;1038935;10804630.000
05/26/2006;10.07;10.55;10.07;10.27;987647;10509066.000
05/29/2006;10.30;10.47;9.97;10.47;1113783;11843804.000
05/30/2006;10.47;10.85;10.16;10.37;1352433;14409639.000
05/31/2006;10.37;10.37;9.87;9.95;1503362;15682178.000
06/01/2006;9.93;10.34;9.87;10.20;1342570;14090380.000
06/02/2006;10.27;10.65;10.22;10.44;2517326;27195404.000
06/05/2006;10.44;10.92;10.38;10.92;2015915;22304914.000
06/06/2006;10.87;11.02;10.67;10.72;1397555;15648297.000
06/07/2006;10.87;11.55;10.72;10.92;3719426;42459532.000
06/08/2006;10.67;10.67;10.07;10.33;1619635;17223306.000
06/09/2006;10.25;10.52;10.04;10.07;1259775;13266395.000
06/12/2006;9.95;10.25;9.94;9.99;477027;4950064.000
06/13/2006;9.97;10.49;9.92;10.26;744347;7914359.000
06/14/2006;10.26;10.27;9.90;10.07;519608;5389042.000
06/15/2006;10.05;10.34;10.05;10.16;635408;6686124.000
06/16/2006;10.17;10.34;10.07;10.32;681320;7201172.000
06/19/2006;10.26;10.85;10.17;10.60;1009545;11006791.000
06/20/2006;10.55;10.90;10.55;10.80;978993;10820753.000
06/21/2006;10.67;10.80;10.50;10.69;711921;7802445.000
06/22/2006;10.67;10.84;10.54;10.60;758590;8337348.000
06/23/2006;10.57;11.69;10.56;11.69;3521540;41259372.000
06/26/2006;11.69;12.65;11.67;12.08;3921633;49423560.000
06/27/2006;12.07;12.57;11.96;12.38;2056842;25909978.000
06/28/2006;12.37;12.50;12.04;12.39;1403438;17715326.000
06/29/2006;12.40;12.72;12.27;12.54;2021301;25874470.000
06/30/2006;12.57;12.72;11.97;12.10;1901375;23867300.000
07/03/2006;12.10;12.32;11.87;12.18;1309710;16313271.000
07/04/2006;12.21;12.42;11.99;12.16;1268926;15871154.000
07/05/2006;12.15;12.36;11.85;12.12;1167582;14507759.000
07/06/2006;12.17;12.61;12.17;12.49;1825277;23378556.000
07/07/2006;12.57;12.67;12.02;12.23;1304806;16506534.000
07/10/2006;12.33;12.68;12.17;12.67;1723968;22089052.000
07/11/2006;12.64;12.75;12.28;12.43;1093948;13826084.000
07/12/2006;12.36;12.49;12.08;12.14;1297746;16066598.000
07/13/2006;12.28;12.38;11.13;11.13;2202626;25753000.000
07/14/2006;10.94;11.28;10.86;11.15;708037;8006677.000
07/17/2006;11.11;11.60;11.08;11.34;546765;6287607.000
07/18/2006;11.34;11.51;11.21;11.47;488067;5643761.000
07/19/2006;11.48;11.70;11.04;11.08;485855;5562702.000
07/20/2006;11.07;11.40;10.95;11.30;380920;4315432.000
07/21/2006;11.33;11.46;11.08;11.23;439561;5001127.000
07/24/2006;11.06;11.21;10.93;11.14;239008;2683078.000
07/25/2006;11.13;11.51;11.13;11.48;520146;5992328.000
07/26/2006;11.48;11.83;11.39;11.52;679629;8054702.000
07/27/2006;11.58;11.71;11.15;11.30;388949;4500179.000
07/28/2006;11.25;11.50;10.98;11.10;440995;5006676.000
07/31/2006;11.08;11.08;10.33;10.35;848112;9165134.000
08/01/2006;10.35;10.56;9.99;10.07;703989;7341151.000
08/02/2006;10.13;10.19;9.83;10.01;375216;3812691.000
08/03/2006;10.08;10.19;9.83;10.07;500236;5077200.000
08/04/2006;10.08;10.51;10.04;10.05;688483;7167294.000
08/07/2006;9.90;9.98;9.78;9.79;354327;3568324.000
08/08/2006;9.73;10.23;9.73;10.17;356835;3661416.000
08/09/2006;10.19;10.31;10.04;10.21;239467;2470993.000
08/10/2006;10.11;10.56;10.06;10.49;550614;5818878.000
08/11/2006;10.31;10.73;10.31;10.72;617080;6633312.000
08/14/2006;10.65;11.03;10.46;10.49;1128053;12415617.000
08/15/2006;10.49;10.63;10.36;10.56;385853;4130536.000
08/16/2006;10.65;10.73;10.56;10.73;984245;10647416.000
08/17/2006;10.73;10.92;10.53;10.66;1072029;11654560.000
08/18/2006;10.52;10.69;10.18;10.26;720331;7578733.000
08/21/2006;9.83;10.28;9.63;10.22;414481;4227116.000
08/22/2006;10.21;10.53;10.21;10.38;863966;9126305.000
08/23/2006;10.43;10.57;10.28;10.36;563677;5964002.000
08/24/2006;10.33;10.43;10.19;10.38;228379;2405405.000
08/25/2006;10.33;10.76;10.33;10.58;1411038;15185420.000
08/28/2006;10.60;10.77;10.33;10.68;777524;8398983.000
08/29/2006;10.73;10.99;10.65;10.69;1531955;16797848.000
08/30/2006;10.66;10.82;10.58;10.71;812574;8835718.000
08/31/2006;10.73;10.78;10.58;10.73;764327;8302251.000
09/01/2006;10.69;10.79;10.28;10.45;842841;8974080.000
09/04/2006;10.43;11.08;10.43;10.88;1829503;20112850.000
09/06/2006;10.73;11.41;10.63;11.31;2130887;23941550.000
09/07/2006;11.21;11.28;10.98;11.13;1242558;14040401.000
09/08/2006;11.13;11.53;11.13;11.19;978581;11252765.000
09/11/2006;11.31;11.62;11.20;11.50;1481147;17213660.000
09/12/2006;11.50;11.57;11.28;11.34;1008144;11641470.000
09/13/2006;11.43;11.46;10.98;10.99;1481020;16744521.000
09/14/2006;10.97;11.18;10.73;10.94;838223;9289746.000
09/15/2006;11.08;11.12;10.88;11.11;752072;8402203.000
09/18/2006;11.20;11.26;11.02;11.13;680919;7668568.000
09/19/2006;11.15;11.26;10.95;10.99;956000;10730361.000
09/20/2006;10.98;10.99;10.70;10.94;1015714;11142347.000
09/21/2006;10.92;11.02;10.83;11.02;853172;9466594.000
09/22/2006;11.01;11.08;10.84;10.93;522514;5814174.000
09/25/2006;10.88;11.26;10.88;11.18;1057132;11959145.000
09/26/2006;11.21;11.33;10.98;11.24;885300;10067581.000
09/27/2006;11.25;11.39;11.14;11.27;653131;7488220.000
09/28/2006;11.27;11.68;11.16;11.59;1586846;18516772.000
09/29/2006;11.53;11.71;11.51;11.62;1280392;15047244.000
10/09/2006;11.82;11.82;11.49;11.60;1059267;12490018.000
10/10/2006;11.68;11.95;11.53;11.81;1285595;15288400.000
10/11/2006;11.72;11.90;11.43;11.70;850386;10014170.000
10/12/2006;11.63;11.67;11.31;11.44;632421;7343245.000
10/13/2006;11.38;11.51;11.31;11.34;489393;5664752.000
10/16/2006;11.36;11.46;11.28;11.34;423408;4882791.000
10/17/2006;11.35;11.35;11.26;11.33;424598;4873238.000
10/18/2006;11.41;11.64;11.28;11.56;756916;8853920.000
10/19/2006;11.56;11.71;11.38;11.43;565532;6584423.000
10/20/2006;11.43;11.43;10.99;11.02;1275184;14391936.000
10/23/2006;11.06;11.12;10.51;10.82;910787;9968798.000
10/24/2006;10.78;11.05;10.63;11.00;616344;6804056.000
10/25/2006;11.01;11.33;10.91;11.17;1894578;21570828.000
10/26/2006;11.13;11.18;10.93;10.96;554107;6196344.000
10/27/2006;10.96;11.31;10.96;11.05;1228826;13961831.000
10/30/2006;11.04;11.04;10.52;10.81;1109283;12046749.000
10/31/2006;10.78;10.81;10.39;10.43;1466966;15663117.000
11/01/2006;10.42;10.61;10.34;10.46;787927;8352092.000
11/02/2006;10.48;10.57;10.28;10.30;904187;9555867.000
11/03/2006;10.30;10.52;10.25;10.32;1326546;13954548.000
11/06/2006;10.27;10.38;10.11;10.29;1148468;11949639.000
11/07/2006;10.28;10.56;10.15;10.55;2975047;31472988.000
11/08/2006;10.53;10.57;10.26;10.39;614998;6499881.000
11/09/2006;10.38;10.49;10.31;10.40;502816;5316016.000
11/10/2006;10.39;10.39;9.95;10.10;712410;7357599.000
11/13/2006;10.10;10.10;9.88;9.93;755602;7629046.000
11/14/2006;9.93;10.16;9.82;10.16;365485;3684676.000
11/15/2006;10.18;10.27;10.08;10.15;587588;6096951.000
11/16/2006;10.16;10.31;9.83;9.83;1035900;10519387.000
11/17/2006;9.84;10.01;9.83;9.95;573210;5761623.000
11/20/2006;9.95;10.11;9.76;9.78;1091393;10968702.000
11/21/2006;9.67;10.04;9.65;9.94;586696;5873769.000
11/22/2006;10.01;10.09;9.88;10.02;711412;7243733.000
11/23/2006;10.13;10.13;9.93;10.06;604547;6146142.000
11/24/2006;9.98;10.38;9.98;10.35;1199735;12396403.000
11/27/2006;10.43;10.76;10.33;10.58;1557253;16622497.000
11/28/2006;10.81;10.81;10.29;10.48;690528;7384766.000
11/29/2006;10.36;10.74;10.23;10.68;1189079;12840107.000
11/30/2006;10.63;10.76;10.55;10.65;856010;9263260.000
12/01/2006;10.75;10.75;10.50;10.67;1520977;16435055.000
12/04/2006;10.61;11.11;10.55;10.97;1862522;20683854.000
12/05/2006;11.03;11.13;10.90;11.03;1271818;14184244.000
12/06/2006;10.95;11.16;10.45;10.61;1283993;14080652.000
12/07/2006;10.63;10.81;10.56;10.75;1203219;13099505.000
12/08/2006;10.71;10.71;10.19;10.23;933523;9848877.000
12/11/2006;10.22;10.48;10.21;10.46;653436;6849412.000
12/12/2006;10.49;10.51;10.20;10.41;528443;5557998.000
12/13/2006;10.41;10.51;10.13;10.28;743883;7728244.000
12/14/2006;10.29;10.69;10.29;10.57;1195804;12783104.000
12/15/2006;10.57;11.64;10.55;11.39;5859344;67862280.000
12/18/2006;11.33;11.63;11.15;11.31;1986354;22902760.000
12/19/2006;11.33;12.43;11.10;12.03;4257959;50694212.000
12/20/2006;11.84;12.22;11.60;11.96;2148247;26084406.000
12/21/2006;11.88;12.09;11.38;11.42;1687410;20017420.000
12/22/2006;11.33;11.50;11.13;11.41;1130481;12978731.000
12/25/2006;11.33;12.00;11.31;11.75;1772097;21139084.000
12/26/2006;11.75;12.03;11.33;11.62;1006899;11912969.000
12/27/2006;11.48;12.63;11.44;12.42;2988159;37264392.000
12/28/2006;12.28;12.41;11.75;12.22;1446370;17663904.000
12/29/2006;12.09;12.29;12.01;12.20;959084;11801289.000
01/04/2007;12.24;12.33;11.66;11.77;1518216;18336868.000
01/05/2007;11.75;11.83;11.43;11.78;1014470;11946953.000
01/08/2007;11.88;12.33;11.73;12.16;2543650;31069260.000
01/09/2007;12.34;12.96;12.34;12.64;3159642;40649792.000
01/10/2007;12.63;13.53;12.48;13.37;2817259;37046740.000
01/11/2007;13.37;13.72;13.01;13.16;2491812;33545000.000
01/12/2007;12.98;13.31;12.55;12.56;1709739;22331700.000
01/15/2007;12.65;13.83;12.64;13.83;3833338;52906984.000
01/16/2007;14.15;14.71;13.82;14.42;3150265;45300048.000
01/17/2007;14.42;14.56;13.01;13.64;2871931;40371748.000
01/18/2007;13.58;15.02;13.35;14.82;2819034;40669256.000
01/19/2007;14.81;16.28;14.63;15.62;3654311;58220116.000
01/22/2007;15.73;16.81;15.72;16.60;3000026;49505072.000
01/23/2007;16.60;16.60;15.48;16.26;2012653;32765606.000
01/24/2007;16.18;16.33;15.53;16.05;2279893;36505508.000
01/25/2007;16.03;16.56;15.08;15.65;1959842;31397268.000
01/26/2007;15.53;15.93;15.06;15.27;2718460;42602596.000
01/29/2007;15.63;16.33;15.63;16.32;2853074;46338904.000
01/30/2007;16.34;17.27;16.13;16.32;2067057;34893820.000
01/31/2007;16.11;16.23;14.68;14.71;1999877;31076996.000
02/01/2007;14.61;14.95;13.92;14.28;2161871;31376590.000
02/02/2007;14.59;14.78;14.01;14.20;1053466;15340194.000
02/05/2007;14.13;14.53;14.13;14.38;661915;9599587.000
02/06/2007;14.72;14.91;14.43;14.83;651934;9692157.000
02/07/2007;15.33;15.38;14.84;15.26;1099001;16755377.000
02/08/2007;15.28;15.50;14.94;15.28;1116120;17235106.000
02/09/2007;15.29;15.30;14.84;14.97;1096656;16658476.000
02/12/2007;14.84;15.14;14.84;15.06;1568538;23784744.000
02/13/2007;15.21;15.21;14.58;15.07;3483757;51989832.000
02/14/2007;14.92;15.76;14.85;15.64;2820164;43994100.000
02/15/2007;15.83;16.60;15.51;16.12;1971561;32153966.000
02/16/2007;16.13;16.80;15.86;16.22;2408671;39928924.000
02/26/2007;16.22;16.79;15.89;16.67;1930530;31997246.000
02/27/2007;17.13;17.13;14.99;14.99;2507369;40053208.000
02/28/2007;14.81;15.41;14.63;15.26;1642408;24980108.000
03/01/2007;15.23;15.23;14.41;14.66;1813319;27115460.000
03/02/2007;15.03;15.41;15.03;15.32;1599588;24568300.000
03/05/2007;15.40;15.83;14.88;15.55;2007547;31350580.000
03/06/2007;15.43;16.30;15.13;16.07;2585660;41626704.000
03/07/2007;16.02;16.33;15.79;16.18;1631459;26563880.000
03/08/2007;16.21;16.48;15.85;16.37;1689118;27573296.000
03/09/2007;16.33;16.63;16.03;16.32;2291560;37964744.000
03/12/2007;16.25;16.71;16.01;16.31;1261426;20752426.000
03/13/2007;16.43;16.43;16.03;16.24;1084443;17747934.000
03/14/2007;16.18;17.88;15.85;17.88;5582460;97156328.000
03/15/2007;17.58;18.61;17.43;17.90;4332892;79602944.000
03/16/2007;17.92;18.28;17.43;18.16;2810691;50362960.000
03/19/2007;17.44;19.41;17.44;18.50;2038065;38116372.000
03/20/2007;18.58;19.43;18.23;18.51;1483189;28028394.000
03/21/2007;18.61;18.81;17.83;18.21;1340940;24657536.000
03/22/2007;18.21;18.57;17.90;18.33;1577947;29070456.000
03/23/2007;18.58;18.58;17.63;18.20;1315486;23899852.000
03/26/2007;18.23;18.60;17.63;18.33;1659977;30364152.000
03/27/2007;18.34;18.82;18.13;18.56;2490820;46462252.000
03/28/2007;18.71;19.20;17.63;18.64;2841383;53196436.000
03/29/2007;18.73;19.65;18.14;18.73;2288017;43420688.000
03/30/2007;18.38;18.82;17.81;18.01;1820497;33513976.000
04/02/2007;17.83;18.19;17.31;17.91;1928483;34359632.000
04/03/2007;17.93;18.32;17.43;18.11;1318560;23589196.000
04/04/2007;18.01;18.01;17.58;17.82;1405343;25171520.000
04/05/2007;17.71;18.48;17.65;18.03;1010715;18435820.000
04/06/2007;18.03;19.03;17.84;18.69;2022106;37898196.000
04/09/2007;18.71;19.03;18.39;18.79;3118899;58741088.000
04/10/2007;18.81;18.91;18.13;18.58;2486521;46354000.000
04/11/2007;18.63;18.78;17.83;18.09;4515287;82486264.000
04/12/2007;18.07;18.65;17.93;18.43;2929921;54025676.000
04/13/2007;18.58;19.72;18.39;18.87;4090266;78431952.000
04/16/2007;18.99;19.38;18.77;19.35;2829908;54609508.000
04/17/2007;20.13;20.43;18.44;19.15;3112090;60577856.000
04/18/2007;19.25;19.63;18.74;19.40;2457940;47585280.000
04/19/2007;19.43;21.35;18.93;21.07;8203070;168860640.000
04/20/2007;21.03;22.72;20.46;21.95;5815672;125978032.000
04/23/2007;21.83;22.42;21.33;21.77;5034792;110495368.000
04/24/2007;21.83;22.15;21.33;21.52;4101140;89586608.000
04/25/2007;21.54;22.33;21.33;21.85;3363639;74164728.000
04/26/2007;21.85;22.03;20.64;21.18;3573775;76110848.000
04/27/2007;21.13;21.13;19.71;20.12;4607600;93542144.000
04/30/2007;19.83;20.49;19.73;20.13;2752221;55733608.000
05/08/2007;20.14;21.03;20.14;20.66;2438563;50567820.000
05/09/2007;20.58;20.63;18.92;20.22;3273390;65498204.000
05/10/2007;20.02;20.71;19.41;20.29;3700796;74893496.000
05/11/2007;19.96;20.33;19.60;19.78;2408114;48179036.000
05/15/2007;20.44;21.51;20.41;20.94;6483644;137226480.000
05/16/2007;20.83;21.43;20.68;21.28;5101160;108736032.000
05/17/2007;21.29;21.83;20.84;21.82;7065991;152227424.000
05/18/2007;21.91;22.01;21.11;21.29;4267724;92224480.000
05/21/2007;20.41;21.83;19.94;21.35;4027625;85293096.000
05/22/2007;21.23;22.34;21.23;21.70;5637289;124680336.000
05/23/2007;21.98;23.03;21.83;22.44;4346103;98372384.000
05/24/2007;22.70;22.71;21.04;21.60;4321085;94574144.000
05/25/2007;21.53;21.83;21.33;21.49;3275673;70990184.000
05/28/2007;21.64;22.75;21.34;22.29;5010414;111449352.000
05/29/2007;22.43;22.68;21.83;22.43;3874852;87102832.000
05/30/2007;20.23;21.63;20.17;20.17;3696539;77421920.000
05/31/2007;19.83;19.83;18.14;18.82;4547905;85928904.000
06/01/2007;18.79;19.30;16.92;16.98;3693379;66749008.000
06/04/2007;17.15;17.68;15.27;15.27;2785189;45138276.000
06/05/2007;14.84;15.67;13.73;15.60;3896037;58063940.000
06/06/2007;15.64;16.26;15.31;15.92;3194450;51374440.000
06/07/2007;15.81;16.61;15.43;16.53;3645522;59713284.000
06/08/2007;16.78;17.03;16.52;16.72;2789004;47343844.000
06/11/2007;16.82;17.03;16.64;16.74;2467856;41892068.000
06/12/2007;16.92;17.22;15.79;17.21;3473346;57892168.000
06/13/2007;17.28;18.19;17.28;17.75;3618601;65014928.000
06/14/2007;17.85;17.86;17.03;17.06;3219015;56367552.000
06/15/2007;17.03;17.79;16.84;17.42;2180906;38344676.000
06/19/2007;18.23;19.18;18.13;19.18;5540960;105026352.000
06/20/2007;19.68;20.63;18.06;18.71;5420964;107969776.000
06/21/2007;18.76;19.21;18.18;18.32;2344652;43885280.000
06/22/2007;18.34;19.43;16.98;17.64;2539062;46860776.000
06/25/2007;17.64;17.78;15.86;15.86;2360163;39345712.000
06/26/2007;15.43;15.81;14.66;15.81;2481127;38159900.000
06/27/2007;15.81;16.31;15.52;16.28;2853394;46093704.000
06/28/2007;16.12;16.15;14.73;14.73;2221091;34653392.000
06/29/2007;14.28;14.70;13.93;14.06;1900158;27428984.000
07/02/2007;14.18;14.66;14.03;14.63;1331348;19321332.000
07/03/2007;14.62;14.83;14.23;14.70;1030914;15245107.000
07/04/2007;14.77;14.83;14.04;14.36;1192087;17433036.000
07/05/2007;14.13;14.33;13.45;13.49;1157688;16011637.000
07/06/2007;13.49;14.73;13.25;14.59;1902874;27002990.000
07/09/2007;14.74;15.13;14.59;14.94;1664485;24811820.000
07/10/2007;14.87;14.88;14.33;14.36;982251;14346364.000
07/11/2007;14.03;15.21;14.03;14.85;1282609;19103752.000
07/12/2007;14.91;15.41;14.73;14.98;1366092;20669788.000
07/13/2007;14.78;15.23;14.58;14.79;496719;7338238.000
07/16/2007;14.79;15.08;14.58;14.63;651283;9649831.000
07/17/2007;14.63;15.23;14.51;14.98;1208864;18196392.000
07/18/2007;15.13;15.13;14.68;14.88;892640;13325629.000
07/19/2007;14.83;15.20;14.78;15.02;795557;12016693.000
07/20/2007;15.16;15.68;15.02;15.55;1504373;23247444.000
07/23/2007;15.71;16.20;15.53;16.16;2019511;32289578.000
07/24/2007;16.29;16.43;15.93;15.96;1771132;28692448.000
07/25/2007;15.94;16.23;15.83;16.14;1118272;18040746.000
07/26/2007;16.33;16.72;16.17;16.33;1558920;25677132.000
07/27/2007;16.23;16.41;15.95;16.39;1643207;26670982.000
07/30/2007;16.29;16.93;16.26;16.83;1983741;33204580.000
07/31/2007;16.88;16.92;16.43;16.88;1507815;25222352.000
08/01/2007;16.88;16.99;15.73;15.81;1626349;26811816.000
08/02/2007;16.03;16.24;15.53;16.02;1293021;20771384.000
08/03/2007;16.23;16.23;15.93;16.22;1546371;24951040.000
08/06/2007;16.26;16.66;16.23;16.61;1627703;26839112.000
08/07/2007;16.60;16.81;16.36;16.37;1854228;30844022.000
08/08/2007;16.23;17.05;15.78;17.03;3320497;55198996.000
08/09/2007;16.94;17.23;16.78;16.86;1969620;33634656.000
08/10/2007;16.73;17.85;15.92;17.42;3338147;57431388.000
08/13/2007;17.08;17.92;16.94;17.63;3232495;56415500.000
08/14/2007;17.41;18.93;17.41;18.44;5115481;93569328.000
08/15/2007;18.15;18.35;17.43;17.55;4159936;73673256.000
08/16/2007;17.63;17.70;16.94;17.35;1290350;22496940.000
08/17/2007;17.32;17.80;17.08;17.35;1486603;26089676.000
08/20/2007;17.91;18.13;17.55;18.09;2361031;42407728.000
08/21/2007;18.15;18.28;17.74;17.83;1398812;25230698.000
08/22/2007;17.54;18.03;17.43;17.93;1535513;27474680.000
08/23/2007;17.94;18.13;17.68;18.12;2094364;37631212.000
08/24/2007;18.13;18.43;17.73;17.94;1580838;28721070.000
08/27/2007;17.94;18.19;17.43;17.52;1592979;28327412.000
08/28/2007;17.38;17.71;17.23;17.49;1256040;21991676.000
08/29/2007;17.51;17.88;17.03;17.73;1695257;29745106.000
08/30/2007;17.76;18.55;17.75;18.25;2165296;39810984.000
08/31/2007;18.38;18.54;17.93;18.06;1780558;32528296.000
09/03/2007;18.28;18.77;18.05;18.56;3055523;56656712.000
09/04/2007;18.61;19.18;18.43;18.51;2547842;48184208.000
09/05/2007;18.53;18.63;18.06;18.38;1804423;33232726.000
09/06/2007;18.40;19.51;18.33;19.15;3833572;73178112.000
09/07/2007;18.93;19.04;18.13;18.42;1815309;33757244.000
09/10/2007;18.34;18.49;17.74;18.48;1126221;20453688.000
09/11/2007;18.42;18.42;16.63;16.77;1731251;30967130.000
09/12/2007;16.77;17.35;16.61;17.11;1677579;28454796.000
09/13/2007;17.18;17.18;16.83;17.17;1098843;18733276.000
09/14/2007;17.18;17.21;16.64;17.10;1232400;20998028.000
09/17/2007;16.98;17.61;16.98;17.47;1381295;24000556.000
09/18/2007;17.48;17.53;16.75;17.13;2216076;37748768.000
09/19/2007;17.12;17.32;16.88;17.00;808495;13865830.000
09/20/2007;17.03;17.63;17.03;17.23;1105663;19186280.000
09/21/2007;17.43;17.43;16.68;17.09;985574;16877104.000
09/24/2007;17.09;17.13;16.58;16.71;1238109;20796188.000
09/25/2007;16.64;17.03;16.45;16.90;897778;15126741.000
09/26/2007;16.88;16.91;16.48;16.61;613091;10241777.000
09/27/2007;16.86;16.86;16.53;16.76;574935;9634714.000
09/28/2007;16.81;17.23;16.81;16.92;1522601;26029592.000
10/08/2007;17.12;17.50;17.06;17.26;1399894;24276824.000
10/09/2007;17.36;18.38;17.26;18.15;2984325;53975136.000
10/10/2007;18.20;18.38;17.80;17.91;1311375;23596310.000
10/11/2007;18.02;18.02;17.27;17.32;973928;17208984.000
10/12/2007;17.53;17.63;15.63;16.60;1785903;29511050.000
10/15/2007;16.68;18.27;16.48;18.27;2220803;38997128.000
10/16/2007;18.53;20.10;18.46;18.80;6137632;119340248.000
10/17/2007;18.13;19.41;18.13;19.02;2432878;45924000.000
10/18/2007;18.81;19.13;18.26;18.57;1602092;29991772.000
10/19/2007;18.54;18.81;17.68;17.91;1620378;29555996.000
10/22/2007;17.73;17.73;16.73;16.74;1516676;26341866.000
10/23/2007;16.48;17.51;16.48;16.93;952349;16209128.000
10/24/2007;16.96;17.23;16.14;16.23;1129600;18836552.000
10/25/2007;16.23;16.43;14.63;14.73;1577029;23978440.000
10/26/2007;14.46;14.98;14.18;14.81;778853;11450080.000
10/29/2007;14.88;15.43;14.55;15.29;733723;11096293.000
10/30/2007;15.43;15.51;15.01;15.39;489420;7482354.000
10/31/2007;15.43;16.18;15.43;16.01;881810;14033459.000
11/01/2007;16.00;16.01;15.18;15.27;638746;9945348.000
11/02/2007;15.13;15.20;14.81;15.06;622575;9394320.000
11/05/2007;15.06;15.73;14.56;15.36;418815;6477120.000
11/06/2007;15.28;15.81;15.18;15.51;531681;8294860.000
11/07/2007;15.63;15.63;15.03;15.28;323725;4955086.000
11/08/2007;15.16;15.57;14.96;15.30;706220;10910527.000
11/09/2007;15.13;15.66;15.02;15.57;641609;9929237.000
11/12/2007;15.14;15.43;14.68;15.13;729654;11007922.000
11/13/2007;15.38;15.63;14.99;15.19;559404;8586816.000
11/14/2007;15.41;15.78;15.19;15.66;718099;11209776.000
11/15/2007;15.66;15.88;15.39;15.53;435139;6801969.000
11/16/2007;15.44;15.73;15.23;15.65;471151;7356614.000
11/19/2007;15.66;16.09;15.66;15.99;893371;14288161.000
11/20/2007;16.22;16.42;15.95;16.05;815446;13253354.000
11/21/2007;16.05;16.31;15.86;15.97;534765;8605016.000
11/22/2007;16.12;16.53;15.83;16.33;2333709;38199868.000
11/23/2007;16.33;16.53;15.51;16.18;1006757;16135318.000
11/26/2007;16.26;16.51;15.78;15.82;767508;12446681.000
11/27/2007;15.55;15.90;14.93;15.22;689321;10771075.000
11/28/2007;15.22;15.41;15.03;15.08;550571;8411724.000
11/29/2007;15.23;15.53;14.93;15.36;496471;7644829.000
11/30/2007;15.37;15.62;15.11;15.14;515160;7982699.000
12/03/2007;15.12;15.54;15.08;15.35;847361;13111017.000
12/04/2007;15.48;15.53;15.21;15.37;450712;6969236.000
12/05/2007;15.33;15.63;15.23;15.61;701390;10871183.000
12/06/2007;15.64;15.73;15.42;15.68;545035;8506242.000
12/07/2007;15.65;15.88;15.54;15.83;485188;7679599.000
12/10/2007;15.55;16.13;15.55;16.12;853234;13656208.000
12/11/2007;16.18;16.92;15.98;16.52;1660195;27538366.000
12/12/2007;16.41;16.66;16.16;16.43;974784;16104079.000
12/13/2007;16.49;16.70;16.04;16.09;1139534;18836612.000
12/14/2007;16.03;16.47;15.71;16.46;989370;15959153.000
12/17/2007;16.42;17.08;16.42;16.92;2528785;42822772.000
12/18/2007;16.98;17.08;16.63;16.73;845416;14281930.000
12/19/2007;16.94;17.57;16.91;17.08;2052982;35474276.000
12/20/2007;17.17;17.30;16.93;17.12;933727;16043992.000
12/21/2007;17.12;17.33;16.98;17.23;958554;16482998.000
12/24/2007;17.29;17.77;17.23;17.32;1282996;22549962.000
12/25/2007;17.32;17.71;17.13;17.51;795410;13912201.000
12/26/2007;17.51;18.00;17.51;17.86;1230299;21961804.000
12/27/2007;18.03;18.59;17.83;18.08;1856063;33950328.000
12/28/2007;18.13;18.22;17.71;17.91;1191353;21379496.000
01/02/2008;17.75;18.81;17.75;18.50;1556222;28979456.000
01/03/2008;18.58;19.23;18.50;18.74;1384811;26257456.000
01/04/2008;18.73;18.98;18.36;18.90;1132203;21194390.000
01/07/2008;18.90;19.21;18.53;19.12;1193119;22756504.000
01/08/2008;19.08;19.18;18.22;18.36;1434441;26897888.000
01/09/2008;18.20;19.23;18.04;19.12;2200400;40985116.000
01/10/2008;19.12;19.33;18.83;18.86;1357439;26020936.000
01/11/2008;18.78;18.92;18.31;18.67;1089561;20290256.000
01/14/2008;18.63;19.31;18.43;19.00;1246256;23783772.000
01/15/2008;19.03;19.58;18.85;19.51;1746775;33723244.000
01/16/2008;19.90;20.38;18.93;19.13;2578854;51204048.000
01/17/2008;18.94;19.23;17.93;18.62;2022253;37838368.000
01/18/2008;18.73;19.18;18.53;19.07;1096257;20780252.000
01/21/2008;19.18;20.03;18.55;18.59;1733633;33625184.000
01/22/2008;18.13;18.13;16.72;16.72;1581616;27467720.000
01/23/2008;16.82;17.59;16.65;17.57;1774249;30416260.000
01/24/2008;17.63;18.29;17.38;18.07;1549825;27897028.000
01/25/2008;18.03;18.40;17.73;17.78;1061660;19151720.000
01/28/2008;17.58;17.91;16.05;16.93;1415127;23934704.000
01/29/2008;16.93;17.81;16.70;17.36;918458;16006906.000
01/30/2008;17.33;17.62;16.81;17.43;1123128;19543160.000
01/31/2008;17.63;17.63;16.73;16.83;448050;7703817.000
02/01/2008;16.82;17.20;15.29;15.72;928642;14842594.000
02/04/2008;16.05;16.98;16.05;16.93;818733;13649287.000
02/05/2008;16.91;17.08;16.46;16.87;563900;9536311.000
02/13/2008;16.66;17.11;16.43;16.72;472835;7992350.000
02/14/2008;16.93;17.48;16.93;17.22;529412;9173653.000
02/15/2008;16.94;17.23;16.70;17.21;520572;8838076.000
02/18/2008;17.25;17.63;17.25;17.60;669782;11767894.000
02/19/2008;17.72;17.93;17.43;17.81;795341;14149219.000
02/20/2008;17.90;18.02;17.53;17.69;723122;12892896.000
02/21/2008;17.63;18.03;17.31;17.88;884904;15729677.000
02/22/2008;17.83;17.88;16.96;17.32;829881;14505947.000
02/25/2008;17.38;17.58;16.83;16.95;743565;12817513.000
02/26/2008;17.40;17.48;16.63;17.12;788871;13516323.000
02/27/2008;17.18;17.60;16.98;17.47;447856;7840851.000
02/28/2008;17.61;17.88;17.43;17.65;716821;12759022.000
02/29/2008;17.88;18.23;17.53;18.01;767189;13846108.000
03/03/2008;17.87;18.57;17.60;18.52;1384509;25508786.000
03/04/2008;18.85;18.90;18.14;18.44;1478110;27659670.000
03/05/2008;18.33;19.14;18.06;19.12;1586465;29729376.000
03/06/2008;19.01;19.73;18.73;18.75;1942056;37457944.000
03/07/2008;18.73;18.83;18.14;18.15;937907;17377584.000
03/10/2008;18.18;18.61;17.85;18.00;808661;14798101.000
03/11/2008;17.93;18.52;17.84;18.45;553299;10085517.000
03/12/2008;18.82;18.82;17.93;17.94;701240;12897414.000
03/13/2008;17.75;18.08;17.22;17.61;857089;15168894.000
03/14/2008;17.53;17.73;17.03;17.20;738516;12758109.000
03/17/2008;17.03;17.20;15.73;15.93;712919;11797219.000
03/18/2008;16.11;16.26;14.53;14.81;938265;14523123.000
03/19/2008;15.11;15.81;14.94;15.51;803623;12438948.000
03/20/2008;15.41;16.38;14.64;16.08;874513;13705550.000
03/21/2008;15.93;16.48;15.88;16.11;516643;8371940.000
03/24/2008;16.38;16.43;15.63;15.66;470502;7621785.000
03/25/2008;15.33;15.91;15.33;15.82;460978;7259422.000
03/26/2008;15.91;16.17;15.53;15.68;344360;5500142.000
03/27/2008;15.53;15.83;14.74;14.81;525396;7974973.000
03/28/2008;14.65;15.38;14.43;15.23;438518;6563202.000
03/31/2008;15.03;15.03;14.56;14.58;304544;4514385.000
04/01/2008;14.45;14.82;13.22;13.43;626169;8735306.000
04/02/2008;13.91;13.91;12.33;12.49;836831;10832121.000
04/03/2008;12.71;12.86;12.10;12.63;699783;8727991.000
04/07/2008;12.53;13.41;12.43;13.36;777409;10245810.000
04/08/2008;12.93;13.99;12.93;13.64;664773;9137862.000
04/09/2008;13.70;13.78;12.63;12.65;525216;7004271.000
04/10/2008;12.91;12.91;12.33;12.80;551042;6971995.000
04/11/2008;12.91;13.19;12.69;12.99;601254;7836407.000
04/14/2008;12.63;12.64;12.11;12.20;478720;5942851.000
04/15/2008;11.94;12.40;11.83;12.38;393606;4771698.000
04/16/2008;12.33;12.53;12.05;12.32;369668;4587548.000
04/17/2008;12.13;12.42;11.63;11.84;440515;5281285.000
04/18/2008;11.84;11.84;11.01;11.02;450531;5137156.000
04/21/2008;11.93;11.93;10.96;11.02;488919;5586603.000
04/22/2008;11.03;11.13;10.23;10.71;468557;4968811.000
04/23/2008;10.82;11.38;10.63;11.19;452438;5065443.000
04/24/2008;12.32;12.32;12.23;12.32;2262205;28026762.000
04/25/2008;12.83;13.56;12.68;13.56;3122833;41688292.000
04/28/2008;13.38;14.33;13.08;13.92;3570521;49678460.000
04/29/2008;13.53;14.03;13.46;13.82;1755341;24188864.000
04/30/2008;13.84;14.19;13.63;14.12;2132950;30038420.000
05/05/2008;14.15;14.58;13.63;14.39;2077270;29489300.000
05/06/2008;14.10;14.20;13.73;13.86;1775929;24863516.000
05/07/2008;13.74;14.01;13.15;13.20;1107631;15116716.000
05/08/2008;13.20;14.53;13.20;14.53;4097034;59333196.000
05/09/2008;14.85;15.18;13.83;14.32;4883288;71700048.000
05/12/2008;14.00;14.68;13.51;14.62;2306356;32692292.000
05/13/2008;14.02;14.32;13.84;14.02;1583434;22391568.000
05/14/2008;13.78;14.52;13.45;14.17;1957750;27944688.000
05/15/2008;14.01;14.71;14.01;14.21;1571267;22786740.000
05/19/2008;14.03;14.21;13.58;13.89;941033;13070673.000
05/20/2008;13.81;14.10;12.73;12.76;1157460;15593972.000
05/21/2008;12.78;12.92;12.03;12.85;1404113;17492222.000
05/22/2008;12.81;13.07;12.44;12.80;776447;9978354.000
05/23/2008;12.59;13.45;12.53;13.20;1255752;16439616.000
05/26/2008;13.08;13.53;12.63;12.63;966202;12695676.000
05/27/2008;12.63;12.91;12.30;12.78;731654;9270819.000
05/28/2008;12.78;13.20;12.73;13.05;699388;9121137.000
05/29/2008;12.93;13.26;12.70;12.73;802731;10511632.000
05/30/2008;12.93;14.01;12.93;14.01;1636912;22924296.000
06/02/2008;14.33;15.42;14.21;15.42;8152793;121978576.000
06/03/2008;15.23;15.51;14.73;14.89;4454818;67308328.000
06/04/2008;14.81;15.17;14.43;14.71;2445999;36144876.000
06/05/2008;14.73;14.89;14.11;14.30;2098844;30319716.000
06/06/2008;14.29;14.63;14.00;14.42;2043706;29378066.000
06/10/2008;13.73;13.73;12.97;12.97;1238400;16264493.000
06/11/2008;12.41;12.44;11.67;11.76;2287023;27601012.000
06/12/2008;11.74;12.03;11.54;11.88;1157093;13763319.000
06/13/2008;11.91;12.21;11.49;11.54;1003163;11953162.000
06/16/2008;11.45;11.78;10.83;10.90;1132061;12611554.000
06/17/2008;10.86;11.21;10.38;10.48;921799;10038726.000
06/18/2008;10.34;11.32;10.23;11.19;1265738;13756668.000
06/19/2008;11.18;11.18;10.06;10.06;1364193;14515165.000
06/23/2008;10.30;10.60;10.08;10.19;997961;10351465.000
06/24/2008;10.22;10.70;10.08;10.59;701978;7400889.000
06/25/2008;10.59;11.21;10.59;11.20;1211585;13373291.000
06/26/2008;11.27;11.38;10.81;11.28;1237131;13894914.000
06/27/2008;10.83;10.92;10.16;10.37;1084595;11533985.000
06/30/2008;10.37;10.70;10.23;10.57;423201;4438050.000
07/01/2008;10.62;10.62;10.23;10.33;360354;3773840.000
07/02/2008;10.33;11.15;10.33;10.78;1120378;12285189.000
07/03/2008;10.74;11.45;10.40;11.20;1151995;12766525.000
07/04/2008;11.24;11.34;10.94;11.21;899965;10000466.000
07/07/2008;11.12;11.89;11.10;11.71;1084370;12683804.000
07/08/2008;11.87;11.92;11.55;11.79;909939;10682986.000
07/09/2008;11.79;12.13;11.72;12.04;1285461;15308540.000
07/10/2008;11.74;12.17;11.69;11.69;1067682;12748088.000
07/11/2008;11.55;12.15;11.55;11.85;1107444;13183853.000
07/14/2008;11.67;11.95;11.67;11.91;595034;7060652.000
07/15/2008;11.97;12.08;11.41;11.46;1069911;12530196.000
07/16/2008;11.29;11.57;10.58;10.85;561671;6244873.000
07/17/2008;10.93;11.27;10.60;10.73;531652;5819742.000
07/18/2008;10.98;11.34;10.69;11.28;421620;4651513.000
07/21/2008;11.39;11.68;11.14;11.64;572464;6588360.000
07/22/2008;11.64;11.72;11.49;11.53;626730;7255508.000
07/23/2008;11.68;11.69;11.47;11.52;561090;6509581.000
07/25/2008;11.79;12.67;11.69;12.67;3455973;43380168.000
07/28/2008;13.27;13.94;13.01;13.92;9648589;131819192.000
07/29/2008;13.59;13.59;12.80;12.99;4086981;53487400.000
07/30/2008;13.01;13.21;12.69;12.95;3181147;41109156.000
07/31/2008;12.95;13.08;12.20;12.23;2291374;28937410.000
08/01/2008;12.09;12.50;11.74;12.35;2465096;29786848.000
08/04/2008;12.14;12.29;11.79;11.86;1559440;18782548.000
08/05/2008;11.87;12.47;11.86;11.93;2243417;27446238.000
08/06/2008;11.96;12.29;11.37;12.08;1927981;22826628.000
08/07/2008;12.13;12.45;12.08;12.40;1717588;21097856.000
08/08/2008;12.49;12.49;11.16;11.16;1560660;18191236.000
08/11/2008;11.14;11.27;10.04;10.04;1701578;17523756.000
08/12/2008;9.89;10.06;9.41;9.58;1059090;10280123.000
08/13/2008;9.49;9.66;9.08;9.52;950772;8930950.000
08/14/2008;9.59;9.76;9.41;9.67;804625;7743983.000
08/15/2008;9.65;9.74;9.44;9.58;696539;6700682.000
08/18/2008;9.59;9.70;8.62;8.65;935998;8550319.000
08/19/2008;8.70;9.04;8.50;8.88;559536;4924180.000
08/20/2008;8.79;9.75;8.69;9.65;1219318;11458249.000
08/21/2008;9.46;9.69;8.99;9.17;1018232;9490365.000
08/22/2008;9.24;9.24;8.70;8.91;629322;5610593.000
08/25/2008;9.04;9.09;8.82;8.97;670984;6018426.000
08/26/2008;8.73;8.87;8.19;8.25;616250;5225013.000
08/27/2008;8.07;8.48;7.81;8.45;1007650;8174526.000
08/28/2008;8.29;8.34;8.10;8.23;509906;4192486.000
08/29/2008;8.19;8.59;8.17;8.46;606495;5100967.000
09/01/2008;8.43;8.43;7.92;8.06;472247;3845249.000
09/02/2008;8.07;8.34;7.96;8.21;370765;3025470.000
09/03/2008;8.07;8.34;7.90;8.32;499679;4115232.000
09/04/2008;8.33;8.47;8.25;8.37;553755;4627700.000
09/05/2008;8.14;8.18;7.87;7.99;619168;4948963.000
09/08/2008;7.94;7.99;7.71;7.76;582959;4563833.000
09/09/2008;7.87;7.88;7.69;7.84;509259;3976337.000
09/10/2008;7.78;8.36;7.67;8.15;1326362;10899576.000
09/12/2008;7.84;8.03;7.74;7.75;914732;7195953.000
09/16/2008;7.79;7.79;7.37;7.37;757891;5676374.000
09/17/2008;7.39;7.44;7.08;7.09;543074;3931400.000
09/18/2008;6.99;6.99;6.38;6.76;963317;6453917.000
09/19/2008;7.43;7.44;7.17;7.44;798331;5922469.000
09/22/2008;7.94;8.19;7.60;7.99;1817703;14348627.000
09/23/2008;7.77;7.77;7.35;7.59;780738;5872143.000
09/24/2008;7.45;7.60;7.29;7.59;779143;5786156.000
09/25/2008;7.61;7.84;7.58;7.75;1276330;9863484.000
09/26/2008;7.78;7.84;7.37;7.56;893787;6765241.000
10/06/2008;7.54;7.54;6.97;7.08;1028626;7292331.000
10/07/2008;6.95;7.14;6.49;7.07;743982;5119444.000
10/08/2008;6.91;7.29;6.84;7.00;719662;5127757.000
10/09/2008;7.06;7.19;6.85;7.02;544456;3818459.000
10/10/2008;6.87;6.87;6.32;6.32;880801;5689424.000
10/13/2008;6.11;6.49;5.87;6.40;1048380;6393072.000
10/14/2008;6.57;6.69;6.03;6.06;909678;5815336.000
10/15/2008;6.06;6.06;5.89;5.98;633549;3774369.000
10/16/2008;5.69;5.79;5.54;5.55;618310;3509400.000
10/17/2008;5.67;5.78;5.59;5.67;388389;2212937.000
10/20/2008;5.57;5.92;5.57;5.91;582033;3365861.000
10/21/2008;5.94;6.04;5.84;5.92;579251;3447204.000
10/22/2008;5.91;6.02;5.82;5.96;490429;2918467.000
10/23/2008;5.94;6.10;5.79;6.05;593154;3541626.000
10/24/2008;6.12;6.12;5.79;5.93;612033;3624773.000
10/27/2008;5.87;5.87;5.34;5.41;654426;3718371.000
10/28/2008;5.29;5.64;5.29;5.63;466229;2580390.000
10/29/2008;5.72;5.79;5.49;5.49;346055;1949816.000
10/30/2008;5.49;5.78;5.44;5.76;491733;2779837.000
10/31/2008;5.69;5.74;5.49;5.62;420843;2359516.000
11/03/2008;5.62;5.62;5.45;5.51;231275;1278153.000
11/04/2008;5.47;5.56;5.29;5.35;268329;1444890.000
11/05/2008;5.35;5.59;5.35;5.52;459758;2538215.000
11/06/2008;5.35;5.44;5.23;5.39;348749;1857835.000
11/07/2008;5.39;5.80;5.29;5.75;820420;4599750.000
11/10/2008;5.70;6.16;5.59;6.10;1499323;8893737.000
11/11/2008;6.07;6.26;5.90;6.12;1405665;8539632.000
11/12/2008;6.07;6.18;5.99;6.16;747049;4556251.000
11/13/2008;6.12;6.42;6.00;6.30;1304490;8187317.000
11/14/2008;6.37;6.59;6.29;6.57;1791199;11571603.000
11/17/2008;6.72;6.87;6.50;6.81;1680476;11214685.000
11/18/2008;6.77;6.77;6.15;6.17;1880801;12107336.000
11/19/2008;6.19;6.71;6.19;6.63;1686201;10969080.000
11/20/2008;6.49;6.93;6.44;6.65;1731271;11658723.000
11/24/2008;6.69;6.84;6.42;6.45;1113233;7269015.000
11/25/2008;6.49;6.53;6.19;6.37;714226;4529118.000
11/26/2008;6.37;6.38;6.24;6.32;479507;3033807.000
11/27/2008;6.73;6.77;6.35;6.35;1049251;6866986.000
11/28/2008;6.33;6.38;6.12;6.33;633850;3964893.000
12/01/2008;6.38;6.74;6.31;6.71;1286627;8498595.000
12/02/2008;6.49;7.12;6.40;7.09;2531468;17495012.000
12/03/2008;7.09;7.22;7.00;7.14;2624976;18687456.000
12/04/2008;7.26;7.41;7.08;7.19;2541872;18476246.000
12/05/2008;7.10;7.34;7.08;7.31;1504538;10832454.000
12/08/2008;7.42;7.79;7.41;7.58;1977901;14961400.000
12/09/2008;7.59;8.17;7.38;7.99;4340808;34245488.000
12/16/2008;8.49;8.49;7.27;7.59;2878336;22296568.000
12/17/2008;7.65;7.99;7.65;7.67;1985184;15502747.000
12/18/2008;7.58;7.79;7.41;7.74;1587867;12096646.000
12/19/2008;7.69;8.09;7.60;7.88;2178193;17087416.000
12/22/2008;7.88;8.04;7.59;7.90;1567955;12342678.000
12/23/2008;7.90;7.94;7.39;7.45;1210984;9302483.000
12/24/2008;7.29;7.47;7.05;7.31;1150638;8353130.000
12/25/2008;7.21;7.42;7.11;7.24;628410;4578204.000
12/26/2008;7.48;7.97;7.29;7.97;3557902;28232712.000
12/29/2008;7.98;8.77;7.89;8.77;6186154;52298620.000
12/30/2008;9.29;9.59;8.78;9.01;8043786;73880784.000
01/05/2009;8.97;9.03;8.50;8.93;5429190;47402956.000
01/06/2009;8.77;9.25;8.52;9.10;6935542;61830544.000
01/07/2009;8.90;9.03;8.62;8.75;5145680;45354624.000
01/08/2009;8.44;8.67;8.19;8.23;3252558;27424122.000
01/09/2009;8.29;8.69;8.29;8.64;3110306;26446792.000
01/12/2009;8.57;9.06;8.39;8.87;3939398;34400024.000
01/13/2009;8.67;8.77;8.29;8.36;1995745;17097424.000
01/14/2009;8.39;8.86;8.36;8.78;2485032;21601156.000
01/15/2009;8.69;9.09;8.64;8.94;4262351;38170348.000
01/16/2009;8.97;9.20;8.59;8.64;3614789;32341688.000
01/19/2009;8.77;9.13;8.59;8.91;3260509;29004128.000
01/20/2009;8.94;9.07;8.79;8.88;1844929;16494241.000
01/21/2009;8.77;8.91;8.70;8.76;1443516;12708505.000
01/22/2009;8.79;8.99;8.70;8.99;1987309;17681432.000
01/23/2009;8.99;8.99;8.66;8.71;1598159;14084521.000
02/02/2009;8.79;9.04;8.67;9.04;2066162;18326264.000
02/03/2009;9.09;9.95;9.06;9.95;7163756;70214488.000
02/04/2009;10.09;10.13;9.71;9.92;4400393;43630468.000
02/05/2009;9.93;9.94;9.59;9.66;3264440;31829150.000
02/06/2009;9.76;10.24;9.76;10.15;3912266;39451040.000
02/09/2009;10.15;10.34;9.99;10.21;4571737;46438876.000
02/10/2009;10.16;10.29;9.95;10.26;3198627;32199874.000
02/11/2009;10.06;10.90;9.96;10.29;3692697;38513380.000
02/12/2009;10.22;10.79;10.22;10.68;2783027;29321400.000
02/13/2009;10.68;11.75;10.53;11.41;4360267;48958396.000
02/16/2009;11.79;11.89;11.15;11.59;3654923;42176232.000
02/17/2009;11.49;11.83;11.10;11.13;2855520;32833620.000
02/18/2009;11.04;11.04;10.34;10.41;2661281;28564324.000
02/19/2009;11.19;11.45;11.02;11.45;5434807;62106940.000
02/20/2009;11.29;11.43;10.85;11.31;4594003;51150200.000
02/23/2009;11.19;11.63;10.99;11.58;3173965;36053572.000
02/24/2009;11.30;11.58;10.82;10.95;2962691;33232904.000
02/25/2009;11.07;11.24;10.51;10.83;2153221;23141296.000
02/26/2009;10.83;11.09;9.77;10.02;2157801;23017158.000
02/27/2009;9.99;9.99;9.07;9.18;2421494;22795442.000
03/02/2009;9.12;10.10;9.02;10.10;2659001;25948246.000
03/03/2009;10.11;10.82;10.10;10.55;5157383;54091240.000
03/04/2009;10.53;11.61;10.29;11.61;7714252;87897544.000
03/05/2009;11.93;12.77;11.69;12.77;9169148;115169312.000
03/06/2009;13.10;14.05;13.10;14.05;9271561;127280424.000
03/09/2009;13.51;14.88;13.51;13.61;11813266;167718400.000
03/10/2009;13.27;14.97;13.10;14.97;8354226;118157632.000
03/11/2009;15.48;16.28;14.98;15.22;9443461;147832960.000
03/12/2009;15.07;16.14;14.50;15.64;7039599;107593736.000
03/13/2009;15.39;16.11;15.09;15.47;5167267;80767528.000
03/16/2009;15.19;16.18;15.03;15.94;4817082;76113632.000
03/17/2009;16.09;17.54;15.65;17.54;4768757;78945600.000
03/18/2009;17.57;18.99;17.57;17.93;7561753;138086944.000
03/19/2009;17.64;18.80;17.50;18.53;4981662;91440168.000
03/20/2009;18.54;19.08;18.17;18.54;5202171;97242008.000
03/23/2009;18.19;19.09;17.59;18.63;6514949;118571840.000
03/24/2009;18.66;18.99;18.29;18.38;4001211;74625648.000
03/25/2009;18.19;19.99;17.99;19.35;5451301;104982944.000
03/26/2009;19.20;19.94;19.20;19.67;3088973;60680848.000
03/27/2009;19.59;19.87;19.24;19.75;3198540;62508836.000
03/30/2009;19.76;19.80;19.19;19.36;2631075;51355588.000
03/31/2009;19.19;19.88;18.70;19.68;2539677;49012980.000
04/01/2009;19.68;21.65;19.68;21.65;4929102;105060744.000
04/02/2009;21.89;23.82;21.88;23.82;6466236;149831520.000
04/03/2009;24.01;26.20;24.01;26.20;8314622;215604672.000
04/07/2009;26.20;27.98;25.42;27.66;8914145;236922048.000
04/08/2009;27.57;28.57;24.89;24.95;16379859;433814176.000
04/09/2009;24.44;25.64;24.39;25.37;8687090;217656368.000
04/10/2009;25.70;27.91;25.40;27.91;11724563;318637664.000
04/13/2009;28.87;29.98;28.04;29.44;10192419;295811040.000
04/14/2009;28.94;31.87;28.19;30.91;9267158;278437888.000
04/15/2009;30.57;33.19;29.99;32.84;9391846;304118016.000
04/16/2009;32.59;33.89;30.19;31.14;9828182;311787776.000
04/17/2009;30.87;32.78;28.96;30.98;8612781;265385856.000
04/20/2009;29.49;30.49;28.81;29.16;7745914;228280784.000
04/21/2009;28.49;29.99;28.39;28.96;5030765;147077104.000
04/22/2009;28.67;29.37;26.54;26.85;6902856;190681152.000
04/23/2009;26.56;29.08;26.37;29.05;8113665;227096960.000
04/24/2009;28.94;29.28;27.29;27.51;4142420;117331528.000
04/27/2009;28.10;28.19;26.50;27.49;4000128;109971816.000
04/28/2009;27.20;27.99;26.79;27.00;3051242;83260544.000
04/29/2009;26.78;27.99;26.69;27.52;3675504;100431064.000
04/30/2009;27.62;29.34;27.62;28.67;4305861;123159144.000
05/04/2009;28.65;30.85;28.04;30.60;5864128;175755488.000
05/05/2009;30.59;30.59;29.55;29.89;3472559;104106304.000
05/06/2009;29.44;31.40;29.32;30.35;4640258;140958336.000
05/07/2009;30.37;30.39;29.04;29.58;4383631;129997672.000
05/08/2009;28.99;29.07;27.89;28.27;3720628;105398744.000
05/11/2009;28.04;28.87;27.38;27.46;3591790;100680272.000
05/12/2009;27.34;27.88;27.04;27.53;2954343;81008216.000
05/13/2009;27.53;28.18;27.49;27.68;2301510;63983320.000
05/14/2009;27.89;28.74;27.69;27.94;3759844;106189776.000
05/15/2009;27.65;27.94;26.94;27.34;3025273;82536992.000
05/18/2009;27.37;27.37;25.50;26.56;4724960;124360280.000
05/19/2009;26.59;26.96;25.84;26.88;4723342;125232632.000
05/20/2009;26.81;28.26;26.78;27.70;6018355;167456096.000
05/21/2009;27.19;27.77;26.34;26.46;2970154;79589976.000
05/22/2009;26.43;26.99;25.94;26.69;2494334;65913032.000
05/25/2009;25.99;26.49;25.68;26.22;1953841;51004836.000
05/26/2009;26.19;28.39;26.04;27.55;7052064;196596112.000
06/01/2009;26.94;27.98;26.52;27.45;3651013;99185696.000
06/02/2009;27.47;27.74;26.78;26.99;2984312;80695112.000
06/03/2009;26.99;27.59;26.59;26.92;2847262;76744792.000
06/04/2009;26.86;28.32;26.86;28.02;5984089;165984320.000
06/05/2009;28.05;28.20;26.99;27.12;3407530;93425096.000
06/08/2009;27.12;27.34;26.50;26.83;2293584;61476116.000
06/09/2009;26.79;26.81;25.98;26.22;2984219;78452008.000
06/10/2009;26.59;26.69;26.17;26.55;1623363;42885796.000
06/11/2009;26.49;26.96;26.37;26.46;1479959;39430056.000
06/12/2009;26.40;27.04;26.29;26.62;2212166;58931048.000
06/15/2009;26.88;29.28;26.88;29.28;9571993;271607968.000
06/16/2009;29.61;32.18;29.60;30.47;11298461;348773312.000
06/17/2009;30.44;31.14;29.30;29.70;6387999;191221072.000
06/18/2009;29.75;30.47;29.31;29.83;4328267;128712152.000
06/19/2009;29.74;29.98;27.71;28.04;7749024;219712176.000
06/22/2009;28.04;28.07;26.79;27.06;5495677;149140464.000
06/23/2009;27.19;27.54;26.29;26.89;3158659;85155616.000
06/24/2009;26.96;27.49;26.57;27.30;3466338;93739280.000
06/25/2009;27.30;28.44;26.94;27.46;5266421;146964128.000
06/26/2009;27.25;27.25;26.48;26.81;4020603;107750624.000
06/29/2009;26.79;26.79;26.31;26.58;3410410;90231264.000
06/30/2009;26.55;26.84;25.99;26.82;4210124;111308456.000
07/01/2009;26.74;26.77;26.16;26.39;2809647;74058048.000
07/02/2009;26.39;26.84;26.39;26.52;2165716;57485248.000
07/03/2009;26.59;27.50;26.58;26.94;3886749;105249024.000
07/06/2009;26.69;26.69;26.08;26.14;3962223;103855152.000
07/07/2009;26.19;26.53;25.99;26.29;2047840;53697760.000
07/08/2009;26.41;26.47;26.09;26.32;1966694;51632412.000
07/09/2009;26.38;26.85;26.05;26.78;5861328;155237456.000
07/10/2009;26.49;27.78;26.49;27.08;5465387;149015184.000
07/13/2009;27.08;27.08;26.45;26.69;4293329;114436656.000
07/14/2009;26.75;27.50;26.55;27.28;6114087;165457280.000
07/15/2009;27.39;28.32;27.28;27.69;7303303;203753376.000
07/16/2009;27.49;28.38;27.23;27.29;5979328;165845120.000
07/17/2009;27.16;27.49;26.64;26.82;4140414;111423944.000
07/20/2009;27.30;29.30;26.90;28.56;10695494;299663488.000
07/21/2009;28.30;28.89;27.22;27.29;6610240;184669920.000
07/22/2009;27.31;27.55;27.00;27.11;3987746;108352200.000
07/23/2009;27.15;27.39;26.71;27.24;3690115;99751080.000
07/24/2009;27.25;27.35;26.12;26.33;5897147;156755808.000
07/27/2009;26.60;27.05;26.20;27.00;4258496;113033512.000
07/28/2009;27.03;27.28;26.35;26.98;4122787;110600320.000
07/29/2009;26.99;28.70;26.35;27.14;12213711;335195040.000
07/30/2009;26.85;29.85;26.36;29.85;24631920;710539392.000
07/31/2009;30.20;32.23;29.31;29.75;23285920;712238336.000
08/03/2009;29.15;29.88;28.21;28.93;11879307;341113504.000
08/04/2009;28.79;28.79;27.71;28.04;6552137;183750800.000
08/05/2009;28.03;28.93;27.98;28.26;5222748;148466224.000
08/06/2009;28.24;28.24;26.80;27.21;4821139;131433840.000
08/07/2009;27.07;27.30;26.80;26.84;3374642;91216320.000
08/11/2009;26.93;27.68;26.40;27.06;2375641;64040608.000
08/12/2009;27.10;27.10;25.80;25.86;3090982;81639256.000
08/13/2009;26.00;26.24;23.70;24.86;4253372;105212752.000
08/14/2009;24.95;24.95;22.60;22.62;5954347;140083808.000
08/17/2009;22.30;23.14;20.60;22.41;5145760;113643448.000
08/18/2009;22.00;22.20;21.21;22.06;2533986;55169192.000
08/19/2009;22.24;22.36;19.85;19.85;3000760;62815856.000
08/20/2009;19.31;20.36;19.31;20.33;4120162;82080616.000
08/21/2009;20.19;21.49;19.83;20.97;4959746;102390344.000
08/24/2009;20.81;21.10;20.36;20.93;3608994;74879008.000
08/25/2009;20.76;23.02;20.56;23.02;7801626;174325808.000
08/26/2009;23.80;24.09;22.16;23.38;10545842;245369888.000
08/27/2009;22.73;22.98;22.18;22.50;5162635;116551776.000
08/28/2009;22.01;22.37;20.73;20.99;3783792;80569440.000
08/31/2009;20.40;20.40;18.89;18.89;3072563;59925436.000
09/01/2009;18.49;19.20;18.28;18.58;2151354;40282920.000
09/02/2009;18.43;19.00;18.43;18.74;1522605;28523780.000
09/03/2009;18.87;19.71;18.80;19.70;2742832;53145772.000
09/04/2009;19.72;20.67;19.72;20.36;3418642;69201720.000
09/07/2009;20.67;20.96;20.03;20.26;3438165;70764296.000
09/08/2009;19.61;20.85;19.61;20.84;3263099;66572592.000
09/09/2009;20.84;21.75;20.39;21.19;5214387;110340496.000
09/10/2009;20.90;21.50;20.50;20.58;2804281;58757332.000
09/11/2009;20.40;21.41;20.14;20.89;3282492;68629872.000
09/14/2009;20.89;21.66;20.80;21.45;5339174;113634584.000
09/15/2009;21.50;22.49;21.21;21.94;6348571;139599408.000
09/16/2009;21.61;23.59;21.60;22.60;8444195;191080720.000
09/17/2009;22.64;23.45;22.30;23.09;7467109;172256960.000
09/18/2009;23.20;23.88;21.31;21.68;6274962;142431280.000
09/21/2009;21.37;21.37;20.30;21.22;3928365;82059032.000
09/22/2009;21.09;21.75;20.59;20.61;2983879;63265112.000
09/23/2009;20.60;20.97;19.64;19.82;2379774;48042672.000
09/24/2009;19.84;20.00;18.92;19.57;2008785;39097968.000
09/25/2009;19.50;19.81;19.40;19.65;1220210;23913996.000
09/28/2009;19.95;20.15;18.88;18.93;1508622;29501338.000
09/29/2009;19.20;19.20;17.50;17.92;2036714;37004220.000
09/30/2009;17.90;18.38;17.90;18.13;1432821;25982512.000
10/09/2009;18.35;19.50;18.35;19.49;1959982;37304720.000
10/12/2009;19.40;19.87;19.20;19.78;2283872;44897436.000
10/13/2009;19.68;19.70;19.30;19.69;1507039;29382312.000
10/14/2009;19.76;20.00;19.66;19.83;1930972;38352976.000
10/15/2009;19.75;20.18;19.66;19.86;1649035;32792204.000
10/16/2009;19.99;20.00;19.43;19.77;1649886;32379432.000
10/19/2009;19.62;20.23;19.62;20.23;2724008;54549656.000
10/20/2009;20.26;22.00;20.26;21.75;5903745;126435624.000
10/21/2009;21.50;21.88;20.83;21.56;5525423;117419720.000
10/22/2009;21.12;23.72;21.11;23.72;14420670;334480512.000
10/23/2009;24.35;26.05;23.80;25.16;15976479;397124896.000
10/26/2009;24.78;25.66;24.38;24.76;7396612;184057152.000
10/27/2009;24.65;24.67;22.90;23.07;7096214;168699744.000
10/28/2009;22.91;23.80;22.38;23.70;6480748;149508240.000
10/29/2009;23.10;24.30;22.91;24.05;4896798;115580272.000
10/30/2009;24.49;25.00;23.80;23.91;6310126;153988864.000
11/02/2009;23.57;24.30;22.88;24.14;3648686;86562960.000
11/03/2009;24.00;25.20;24.00;24.52;4171241;103227528.000
11/04/2009;24.53;25.60;24.16;25.38;6600511;165581120.000
11/05/2009;25.65;27.29;25.65;26.84;8567256;228368288.000
11/06/2009;26.80;26.80;25.88;25.98;5118184;134679200.000
11/09/2009;26.00;26.18;25.50;25.65;3657377;94179840.000
11/10/2009;25.60;26.90;25.30;26.61;5598479;146279792.000
11/11/2009;26.55;26.91;26.16;26.69;3960753;105595712.000
11/12/2009;26.69;27.10;26.39;26.67;3614425;97067312.000
11/13/2009;26.41;26.77;25.40;25.87;3761676;97563464.000
11/16/2009;25.85;26.40;25.30;26.17;3748333;97358320.000
11/17/2009;26.17;26.26;25.40;25.61;4464793;114407712.000
11/18/2009;25.61;26.00;25.38;25.74;3277737;84019784.000
11/19/2009;25.74;26.75;25.62;26.73;6025231;158108416.000
11/20/2009;26.60;26.73;25.88;26.46;4523304;119115056.000
11/23/2009;26.28;26.80;26.20;26.55;3700847;98068416.000
11/24/2009;26.58;26.80;24.98;25.00;5309440;137768608.000
11/25/2009;24.52;25.21;24.18;24.98;4662475;115542960.000
11/26/2009;25.18;25.25;23.40;23.84;3979821;96965280.000
11/27/2009;23.50;24.24;23.10;23.30;1919479;45089684.000
11/30/2009;23.44;24.20;23.30;24.00;3314122;78608208.000
12/01/2009;24.19;24.33;23.51;24.29;3345833;80206480.000
12/02/2009;24.30;24.99;23.80;24.94;4945557;120255744.000
12/03/2009;24.60;24.80;24.23;24.41;3103899;75878392.000
12/04/2009;24.43;24.60;23.28;23.75;3512771;83983632.000
12/07/2009;23.97;24.35;23.77;24.14;1788040;43068364.000
12/08/2009;24.23;24.29;23.40;23.69;1878086;44599376.000
12/09/2009;23.77;25.98;23.41;24.79;6167958;154238800.000
12/10/2009;24.50;24.97;24.17;24.51;2993833;73624056.000
12/11/2009;24.36;24.55;23.93;23.99;1949127;47003468.000
12/14/2009;24.18;24.18;23.38;23.84;1212986;28797096.000
12/15/2009;23.80;24.40;23.80;23.98;1253103;30226766.000
12/16/2009;23.80;24.06;23.48;23.60;1681961;39768676.000
12/17/2009;23.60;23.94;22.80;23.00;1451969;33914312.000
12/18/2009;22.05;22.80;21.91;21.94;1430232;31753888.000
12/21/2009;21.84;22.20;21.80;22.20;771745;17010340.000
12/22/2009;22.39;22.39;21.68;21.76;1174347;25779504.000
12/23/2009;21.76;22.28;21.76;22.21;1173450;25945652.000
12/24/2009;22.28;22.99;22.26;22.88;1817188;41348900.000
12/25/2009;23.00;23.30;22.62;22.91;1157675;26594028.000
12/28/2009;22.93;23.28;22.93;23.24;1217534;28161318.000
12/29/2009;23.42;23.66;23.02;23.54;2222308;52181400.000
12/30/2009;23.50;23.64;23.11;23.44;1360089;31731186.000
12/31/2009;23.46;23.99;23.46;23.59;1414592;33459670.000
01/04/2010;23.43;23.88;23.43;23.69;1167109;27565256.000
01/05/2010;23.60;24.20;23.08;24.03;3042468;72719160.000
01/06/2010;23.85;23.95;23.60;23.83;1854344;44055048.000
01/07/2010;23.84;24.35;23.65;23.78;3047059;73260656.000
01/08/2010;23.70;25.30;23.17;24.31;3565141;86670624.000
01/11/2010;24.51;26.48;23.98;26.34;12148191;312144256.000
01/12/2010;26.05;26.48;25.60;25.74;5765735;149619104.000
01/14/2010;26.15;27.94;26.15;27.28;10166003;276768416.000
01/15/2010;27.27;27.55;26.66;27.03;3979373;107331184.000
01/18/2010;27.60;27.69;25.77;26.73;4789711;127118392.000
01/19/2010;26.87;27.44;26.20;27.23;5901440;158989360.000
01/20/2010;26.99;28.50;26.81;26.99;7727160;213578320.000
01/21/2010;26.82;27.10;26.03;26.16;2535551;66914456.000
01/22/2010;25.88;25.88;23.69;24.53;3271624;80733856.000
01/26/2010;24.52;24.52;22.66;22.82;2361642;55091680.000
01/27/2010;22.82;23.36;22.00;22.35;1745916;39649040.000
01/28/2010;22.01;23.19;22.01;23.13;1698727;38274008.000
01/29/2010;22.77;23.98;22.59;23.29;2327694;54637160.000
02/01/2010;23.60;23.60;22.28;22.71;2376861;53724624.000
02/02/2010;22.71;23.46;22.71;23.08;1811286;42001496.000
02/03/2010;23.45;24.52;23.30;24.09;2691927;64315068.000
02/04/2010;24.11;25.53;24.11;24.81;3669847;91362664.000
02/05/2010;24.40;25.48;23.86;25.20;3409280;84932192.000
02/08/2010;25.10;25.50;24.80;24.86;1547572;38762324.000
02/09/2010;24.70;25.00;24.20;24.35;1195520;29460360.000
02/11/2010;24.76;24.96;24.00;24.23;954630;23299012.000
02/12/2010;24.23;24.40;24.15;24.27;709007;17184592.000
02/22/2010;24.45;24.50;23.52;23.96;1391898;33390436.000
02/23/2010;24.16;24.45;23.25;23.58;1601972;37642040.000
02/24/2010;23.30;24.17;23.28;24.15;1242290;29611640.000
02/25/2010;24.38;24.88;24.18;24.78;2175444;53322800.000
02/26/2010;24.90;26.00;24.66;25.51;3780433;96520608.000
03/01/2010;25.85;26.37;25.60;26.27;3304435;86022000.000
03/02/2010;26.25;26.25;25.45;25.60;1864806;47960496.000
03/03/2010;25.68;26.50;25.53;25.94;2037729;53244048.000
03/04/2010;26.00;26.89;25.80;25.90;5056736;133473568.000
03/05/2010;25.93;26.27;25.11;25.94;2000887;51725260.000
03/08/2010;26.00;26.16;25.51;25.92;1573058;40694208.000
03/09/2010;26.00;26.59;25.40;26.25;1627886;42456448.000
03/10/2010;26.14;27.50;26.00;27.29;5583083;150260176.000
03/11/2010;27.43;27.45;25.52;25.74;3872889;102259144.000
03/12/2010;25.74;26.32;24.95;24.97;2794026;71703232.000
03/15/2010;24.78;24.90;23.80;24.06;1923715;46420256.000
03/16/2010;24.18;24.38;23.85;24.30;756765;18282288.000
03/17/2010;24.35;25.12;24.05;25.06;1298083;32045500.000
03/18/2010;25.30;25.58;25.07;25.09;1508245;38113428.000
03/19/2010;25.20;25.45;24.90;25.38;1046603;26374320.000
03/22/2010;25.70;26.25;25.30;26.06;1990986;51389792.000
03/23/2010;26.39;26.39;25.36;25.39;1924900;49471552.000
