600489 中金黄金 日线
      日期	    开盘	    最高	    最低	    收盘	    成交量	    成交额
08/14/2003;2.17;2.67;2.12;2.54;66385234;541183552.000
08/15/2003;2.42;2.62;2.41;2.54;38924520;340719232.000
08/18/2003;2.55;2.67;2.50;2.59;19065660;170937008.000
08/19/2003;2.57;2.66;2.53;2.55;13065785;116919648.000
08/20/2003;2.54;2.63;2.51;2.62;16940265;151181088.000
08/21/2003;2.61;2.70;2.59;2.68;14040146;127738896.000
08/22/2003;2.69;2.78;2.66;2.72;14437163;134649248.000
08/25/2003;2.70;2.72;2.59;2.61;14653411;133733432.000
08/26/2003;2.60;2.69;2.55;2.67;11722427;106299864.000
08/27/2003;2.67;2.67;2.56;2.57;10061547;90613112.000
08/28/2003;2.56;2.63;2.43;2.46;13724728;120612520.000
08/29/2003;2.42;2.52;2.35;2.50;6342687;54961176.000
09/01/2003;2.50;2.81;2.50;2.81;29116997;271714656.000
09/02/2003;2.81;2.95;2.74;2.81;44711549;432410816.000
09/03/2003;2.80;2.81;2.71;2.76;12749643;120235280.000
09/04/2003;2.76;2.86;2.73;2.77;11392191;109011648.000
09/05/2003;2.77;2.85;2.71;2.72;10352041;98369304.000
09/08/2003;2.71;2.77;2.68;2.71;4924948;46023460.000
09/09/2003;2.71;2.73;2.56;2.61;8766659;79469552.000
09/10/2003;2.61;2.73;2.61;2.65;7040227;64728184.000
09/11/2003;2.65;2.68;2.59;2.61;3691214;33439722.000
09/12/2003;2.61;2.61;2.51;2.55;4884063;43224744.000
09/15/2003;2.52;2.58;2.47;2.50;3097923;27229002.000
09/16/2003;2.49;2.58;2.49;2.58;3751487;33221196.000
09/17/2003;2.58;2.58;2.45;2.46;3590144;31191320.000
09/18/2003;2.46;2.49;2.43;2.45;2369107;20360056.000
09/19/2003;2.45;2.49;2.35;2.44;4443502;37405800.000
09/22/2003;2.44;2.51;2.41;2.48;3455700;29765300.000
09/23/2003;2.49;2.53;2.48;2.53;3150928;27502390.000
09/24/2003;2.53;2.55;2.49;2.51;2311663;20280160.000
09/25/2003;2.52;2.52;2.42;2.43;2049061;17592812.000
09/26/2003;2.44;2.70;2.43;2.54;11586916;103187288.000
09/30/2003;2.48;2.52;2.32;2.45;6940315;59034108.000
10/08/2003;2.42;2.50;2.35;2.44;3013756;25546284.000
10/09/2003;2.44;2.46;2.38;2.39;1656568;14030482.000
10/10/2003;2.39;2.57;2.36;2.52;6358298;55181140.000
10/13/2003;2.51;2.61;2.50;2.51;4939126;43703948.000
10/14/2003;2.50;2.56;2.47;2.50;2112804;18471738.000
10/15/2003;2.50;2.60;2.48;2.52;4411963;39120068.000
10/16/2003;2.52;2.59;2.49;2.54;4233684;37411888.000
10/17/2003;2.52;2.56;2.46;2.48;3164090;27503366.000
10/20/2003;2.46;2.49;2.41;2.46;1750365;14942724.000
10/21/2003;2.46;2.47;2.40;2.45;1606882;13669533.000
10/22/2003;2.46;2.66;2.46;2.58;12030714;107726504.000
10/23/2003;2.58;2.67;2.57;2.59;7818149;70819336.000
10/24/2003;2.60;2.70;2.59;2.61;8747929;80133408.000
10/27/2003;2.62;2.64;2.49;2.58;4606532;40846576.000
10/28/2003;2.53;2.62;2.51;2.57;3708101;32921844.000
10/29/2003;2.56;2.60;2.36;2.44;6183210;53096376.000
10/30/2003;2.44;2.45;2.35;2.35;4030532;33848632.000
10/31/2003;2.32;2.47;2.32;2.38;2537251;21378100.000
11/03/2003;2.38;2.46;2.36;2.45;2289725;19547108.000
11/04/2003;2.46;2.60;2.45;2.51;6636120;58216180.000
11/05/2003;2.50;2.53;2.42;2.45;3607530;31235856.000
11/06/2003;2.43;2.54;2.43;2.47;3748344;32447834.000
11/07/2003;2.47;2.47;2.26;2.35;5593686;46482656.000
11/10/2003;2.36;2.38;2.33;2.38;1809008;15015768.000
11/11/2003;2.38;2.42;2.32;2.35;1961840;16355290.000
11/12/2003;2.33;2.34;2.13;2.14;6639662;52396992.000
11/13/2003;2.14;2.20;2.13;2.18;2312811;17974118.000
11/14/2003;2.19;2.24;2.19;2.21;1961646;15509147.000
11/17/2003;2.22;2.28;2.22;2.25;2194226;17605654.000
11/18/2003;2.25;2.25;2.13;2.16;1991263;15548790.000
11/19/2003;2.17;2.25;2.16;2.24;2358843;18716466.000
11/20/2003;2.24;2.36;2.22;2.34;4801749;39243632.000
11/21/2003;2.35;2.39;2.25;2.27;3851081;31511960.000
11/24/2003;2.27;2.38;2.25;2.35;3227377;26522752.000
11/25/2003;2.36;2.44;2.32;2.41;6502124;54637156.000
11/26/2003;2.42;2.51;2.34;2.39;3968287;33363572.000
11/27/2003;2.41;2.42;2.31;2.32;2933800;24308268.000
11/28/2003;2.32;2.39;2.31;2.36;2153610;17794070.000
12/01/2003;2.37;2.46;2.36;2.43;4974044;42189752.000
12/02/2003;2.45;2.58;2.43;2.47;10997029;96065392.000
12/03/2003;2.46;2.51;2.42;2.46;4691156;40414724.000
12/04/2003;2.59;2.76;2.57;2.76;9404483;87920432.000
12/05/2003;2.95;2.95;2.67;2.71;24246558;231288384.000
12/08/2003;2.67;2.74;2.63;2.65;6498500;59813428.000
12/09/2003;2.67;2.73;2.65;2.71;4515213;41841256.000
12/10/2003;2.73;2.74;2.66;2.72;4851665;45014696.000
12/11/2003;2.73;2.75;2.67;2.70;3357051;31067500.000
12/12/2003;2.70;2.70;2.63;2.66;2671312;24446880.000
12/15/2003;2.67;2.73;2.64;2.67;2349710;21716630.000
12/16/2003;2.65;2.68;2.57;2.66;4776464;43227032.000
12/17/2003;2.65;2.72;2.61;2.62;4203135;38725256.000
12/18/2003;2.62;2.71;2.60;2.69;4434737;40874020.000
12/19/2003;2.69;2.79;2.66;2.73;8432825;78798376.000
12/22/2003;2.76;2.86;2.74;2.79;11377883;108708064.000
12/23/2003;2.81;2.82;2.74;2.79;4721753;44763776.000
12/24/2003;2.79;2.86;2.77;2.81;4880868;46886560.000
12/25/2003;2.82;2.91;2.75;2.90;9090046;88226672.000
12/26/2003;2.94;3.08;2.90;2.96;12115794;122527296.000
12/29/2003;2.96;3.05;2.91;2.98;5347839;54072876.000
12/30/2003;2.97;3.17;2.95;3.11;8239831;84741128.000
12/31/2003;3.13;3.19;3.05;3.06;6275471;65750320.000
01/02/2004;3.09;3.27;3.07;3.24;8009804;85742512.000
01/05/2004;3.26;3.37;3.21;3.36;8124764;89127176.000
01/06/2004;3.36;3.52;3.35;3.49;8421247;95515704.000
01/07/2004;3.48;3.55;3.42;3.53;6308427;72482576.000
01/08/2004;3.50;3.50;3.40;3.40;9996686;113377544.000
01/09/2004;3.39;3.39;3.13;3.15;13090546;142660240.000
01/12/2004;3.13;3.26;3.09;3.26;5708484;60676228.000
01/13/2004;3.26;3.26;3.13;3.15;5451756;57886324.000
01/14/2004;3.13;3.22;3.11;3.15;4113377;43581920.000
01/15/2004;3.13;3.18;3.08;3.10;3383325;35299564.000
01/16/2004;3.11;3.11;2.95;3.04;5490429;55963480.000
01/29/2004;3.05;3.14;3.05;3.13;2870231;29724110.000
01/30/2004;3.13;3.13;2.92;2.92;5925301;59713060.000
02/02/2004;2.93;3.04;2.85;2.94;5126929;50790992.000
02/03/2004;2.93;3.07;2.88;3.06;5262277;53314132.000
02/04/2004;3.06;3.09;3.03;3.09;4847936;49948592.000
02/05/2004;3.10;3.11;3.00;3.03;4198867;43020444.000
02/06/2004;3.01;3.12;2.96;3.07;5558270;57266464.000
02/09/2004;3.13;3.24;3.10;3.23;7400595;78971088.000
02/10/2004;3.23;3.26;3.14;3.16;5127194;54811236.000
02/11/2004;3.17;3.18;3.03;3.08;4086637;42291824.000
02/12/2004;3.08;3.11;3.03;3.03;2956961;30448260.000
02/13/2004;3.04;3.06;3.00;3.00;2155273;21983166.000
02/16/2004;3.01;3.10;3.01;3.08;2494134;25621208.000
02/17/2004;3.08;3.22;3.02;3.22;7673272;80464072.000
02/18/2004;3.23;3.36;3.23;3.26;12381254;135506192.000
02/19/2004;3.27;3.29;3.18;3.20;4246656;45623468.000
02/20/2004;3.19;3.23;3.17;3.22;2596808;27656652.000
02/23/2004;3.19;3.20;3.02;3.04;4483908;46590600.000
02/24/2004;3.02;3.05;2.96;3.03;3080302;31166220.000
02/25/2004;3.04;3.06;2.89;2.90;2904757;29252288.000
02/26/2004;2.89;2.95;2.85;2.93;2702344;26587972.000
02/27/2004;2.94;2.96;2.89;2.94;1802275;17846486.000
03/01/2004;2.94;2.99;2.87;2.98;1760439;17432536.000
03/02/2004;2.99;2.99;2.92;2.93;1522983;15141949.000
03/03/2004;2.95;2.96;2.88;2.89;1415650;13949974.000
03/04/2004;2.88;2.88;2.80;2.85;2017272;19476868.000
03/05/2004;2.85;2.87;2.76;2.77;2169820;20780704.000
03/08/2004;2.78;2.87;2.78;2.79;1972678;18982626.000
03/09/2004;2.80;2.88;2.80;2.83;1687938;16373384.000
03/10/2004;2.88;2.98;2.88;2.95;4264030;42410964.000
03/11/2004;2.95;3.02;2.93;2.96;3459098;34791588.000
03/12/2004;2.97;2.98;2.90;2.92;1656436;16385249.000
03/15/2004;2.90;2.98;2.90;2.98;2235756;22316384.000
03/16/2004;3.01;3.02;2.90;2.94;2091649;20878880.000
03/17/2004;2.95;2.96;2.89;2.91;1754230;17345596.000
03/18/2004;2.94;2.95;2.82;2.84;2091050;20470428.000
03/19/2004;2.84;2.90;2.84;2.88;1270565;12397565.000
03/22/2004;2.89;2.94;2.86;2.94;1617623;15956847.000
03/23/2004;2.95;3.09;2.95;3.04;6512416;66528684.000
03/24/2004;3.05;3.06;2.96;2.98;2241978;22763380.000
03/25/2004;2.98;3.01;2.91;2.94;1644204;16439210.000
03/26/2004;2.95;3.00;2.90;2.97;1788980;17901648.000
03/29/2004;3.00;3.03;2.96;2.98;1892008;19161104.000
03/30/2004;2.96;2.99;2.91;2.93;1715589;17101380.000
03/31/2004;3.04;3.12;2.95;3.02;2705658;27557568.000
04/01/2004;3.06;3.10;3.03;3.04;2684337;27661894.000
04/02/2004;3.04;3.11;3.04;3.07;2371904;24472034.000
04/05/2004;3.06;3.21;3.06;3.18;7403896;78080208.000
04/06/2004;3.18;3.20;3.13;3.18;3462409;36619000.000
04/07/2004;3.20;3.20;3.13;3.15;2726594;28785264.000
04/08/2004;3.15;3.15;3.07;3.07;2257009;23425196.000
04/09/2004;3.07;3.10;2.96;2.97;2243637;22783564.000
04/12/2004;2.96;2.96;2.89;2.95;1395927;13848098.000
04/13/2004;2.92;2.98;2.90;2.93;1033177;10264367.000
04/14/2004;2.93;2.93;2.82;2.84;1601241;15533837.000
04/15/2004;2.84;2.88;2.80;2.82;1005086;9687290.000
04/16/2004;2.82;2.83;2.69;2.77;1413940;13328177.000
04/19/2004;2.78;2.79;2.64;2.68;1304669;12130745.000
04/20/2004;2.67;2.73;2.67;2.71;674337;6251864.000
04/21/2004;2.71;2.76;2.69;2.71;757366;7076625.000
04/22/2004;2.71;2.73;2.68;2.73;544803;5052137.000
04/23/2004;2.73;2.74;2.62;2.62;824839;7553480.000
04/26/2004;2.62;2.65;2.51;2.54;1276403;11361260.000
04/27/2004;2.54;2.57;2.48;2.49;1063891;9292248.000
04/28/2004;2.48;2.56;2.46;2.54;821471;7203650.000
04/29/2004;2.49;2.49;2.42;2.42;995800;8513729.000
04/30/2004;2.42;2.46;2.35;2.39;898586;7561181.000
05/10/2004;2.37;2.42;2.28;2.29;719750;5919660.000
05/11/2004;2.28;2.38;2.28;2.36;670840;5525938.000
05/12/2004;2.35;2.43;2.30;2.43;835069;7024826.000
05/14/2004;2.41;2.41;2.31;2.33;628060;5200641.000
05/17/2004;2.34;2.34;2.28;2.29;532659;4351542.000
05/18/2004;2.33;2.43;2.30;2.42;828579;6915224.000
05/19/2004;2.42;2.48;2.39;2.40;1134995;9674853.000
05/20/2004;2.41;2.46;2.38;2.40;551234;4657701.000
05/21/2004;2.40;2.42;2.39;2.41;351345;2968304.000
05/24/2004;2.41;2.45;2.36;2.37;395281;3321031.000
05/25/2004;2.37;2.37;2.28;2.29;761694;6205676.000
05/26/2004;2.29;2.32;2.25;2.30;425509;3453030.000
05/27/2004;2.31;2.36;2.26;2.35;826128;6806208.000
05/28/2004;2.35;2.41;2.33;2.36;827840;6917448.000
05/31/2004;2.38;2.41;2.37;2.41;535651;4497801.000
06/01/2004;2.40;2.49;2.39;2.47;1605531;13744522.000
06/02/2004;2.47;2.50;2.44;2.46;1428418;12301041.000
06/03/2004;2.45;2.47;2.39;2.42;803816;6825376.000
06/04/2004;2.45;2.45;2.38;2.40;502304;4170476.000
06/07/2004;2.41;2.42;2.32;2.35;600160;4879152.000
06/08/2004;2.35;2.38;2.34;2.35;407754;3320424.000
06/09/2004;2.35;2.38;2.27;2.28;605800;4907137.000
06/10/2004;2.27;2.33;2.21;2.28;570408;4513835.000
06/11/2004;2.28;2.39;2.28;2.29;686099;5556215.000
06/14/2004;2.28;2.28;2.15;2.18;901945;6939768.000
06/15/2004;2.18;2.28;2.17;2.25;474009;3675071.000
06/16/2004;2.25;2.32;2.22;2.27;745016;5924440.000
06/17/2004;2.25;2.28;2.21;2.22;435426;3407366.000
06/18/2004;2.22;2.23;2.19;2.19;470957;3638328.000
06/21/2004;2.19;2.27;2.19;2.27;416643;3260133.000
06/22/2004;2.27;2.31;2.25;2.28;422014;3355554.000
06/23/2004;2.26;2.28;2.22;2.23;411766;3208154.000
06/24/2004;2.23;2.28;2.19;2.20;299480;2338150.000
06/25/2004;2.23;2.26;2.16;2.17;563195;4349431.000
06/28/2004;2.13;2.16;2.10;2.10;669894;5018198.000
06/29/2004;2.11;2.13;2.05;2.12;463691;3440156.000
06/30/2004;2.12;2.13;2.05;2.06;425243;3157202.000
07/01/2004;2.06;2.16;2.04;2.13;750179;5629819.000
07/02/2004;2.14;2.19;2.13;2.14;589080;4484230.000
07/05/2004;2.13;2.18;2.12;2.18;331542;2517869.000
07/06/2004;2.16;2.23;2.16;2.20;664356;5135381.000
07/07/2004;2.20;2.20;2.12;2.13;299400;2272413.000
07/08/2004;2.12;2.24;2.12;2.22;1066942;8252217.000
07/09/2004;2.22;2.24;2.19;2.20;642595;4977381.000
07/12/2004;2.19;2.20;2.08;2.11;412204;3084300.000
07/13/2004;2.11;2.15;2.09;2.12;271700;2041089.000
07/14/2004;2.12;2.15;2.07;2.12;505050;3763464.000
07/15/2004;2.12;2.21;2.11;2.16;570682;4329461.000
07/16/2004;2.18;2.28;2.18;2.26;2131902;16757965.000
07/19/2004;2.28;2.35;2.22;2.33;2595652;20888394.000
07/20/2004;2.33;2.34;2.28;2.29;1022508;8175514.000
07/21/2004;2.29;2.30;2.25;2.27;584359;4625330.000
07/22/2004;2.27;2.28;2.18;2.20;967256;7529732.000
07/23/2004;2.16;2.22;2.16;2.22;505938;3875743.000
07/26/2004;2.22;2.22;2.12;2.13;512113;3878065.000
07/27/2004;2.12;2.15;2.12;2.14;476089;3583014.000
07/28/2004;2.18;2.19;2.12;2.17;291960;2214739.000
07/29/2004;2.16;2.21;2.16;2.20;437989;3355077.000
07/30/2004;2.20;2.21;2.08;2.10;921989;6905010.000
08/02/2004;2.09;2.09;2.05;2.06;652850;4788586.000
08/03/2004;2.06;2.09;2.05;2.06;280698;2060821.000
08/04/2004;2.06;2.15;2.06;2.13;618928;4633469.000
08/05/2004;2.13;2.14;2.07;2.08;408100;3029044.000
08/06/2004;2.07;2.12;2.06;2.08;306216;2261015.000
08/09/2004;2.08;2.09;2.05;2.06;318293;2334655.000
08/10/2004;2.07;2.10;2.07;2.09;185710;1372723.000
08/11/2004;2.11;2.11;2.06;2.07;548000;4037420.000
08/12/2004;2.04;2.04;1.88;1.89;1490582;10348077.000
08/13/2004;1.88;1.91;1.78;1.80;1666843;11098259.000
08/16/2004;1.79;1.80;1.73;1.74;613832;3966575.000
08/17/2004;1.73;1.76;1.73;1.74;794700;5110303.000
08/18/2004;1.74;1.79;1.74;1.78;797882;5186112.000
08/19/2004;1.78;1.80;1.72;1.73;619078;3970080.000
08/20/2004;1.73;1.77;1.72;1.75;509418;3269261.000
08/23/2004;1.76;1.77;1.71;1.73;602098;3861167.000
08/24/2004;1.73;1.80;1.72;1.77;937295;6088671.000
08/25/2004;1.76;1.77;1.55;1.58;3359355;20546368.000
08/26/2004;1.56;1.60;1.55;1.58;793133;4733544.000
08/27/2004;1.57;1.59;1.52;1.54;761138;4499358.000
08/30/2004;1.53;1.53;1.46;1.52;874001;4996599.000
08/31/2004;1.55;1.62;1.54;1.59;1679382;10029584.000
09/01/2004;1.59;1.59;1.54;1.54;541742;3196319.000
09/02/2004;1.53;1.60;1.52;1.59;635767;3781870.000
09/03/2004;1.57;1.64;1.57;1.61;1035431;6274185.000
09/06/2004;1.61;1.62;1.59;1.62;320150;1937881.000
09/07/2004;1.66;1.67;1.63;1.64;1354391;8342401.000
09/08/2004;1.64;1.65;1.59;1.61;602950;3654136.000
09/09/2004;1.60;1.60;1.54;1.55;579241;3442022.000
09/10/2004;1.55;1.57;1.53;1.56;360580;2120164.000
09/13/2004;1.55;1.55;1.49;1.49;413800;2402652.000
09/14/2004;1.49;1.59;1.49;1.58;768061;4559844.000
09/15/2004;1.58;1.79;1.58;1.73;3323528;21008098.000
09/16/2004;1.75;1.77;1.70;1.75;1933239;12398350.000
09/17/2004;1.76;1.86;1.73;1.85;2782605;18305720.000
09/20/2004;1.87;1.97;1.85;1.97;3529962;24272116.000
09/21/2004;1.98;2.00;1.90;1.96;3447651;24191588.000
09/22/2004;1.96;2.03;1.90;1.94;3126317;21943036.000
09/23/2004;1.92;2.00;1.89;1.99;1959681;13719218.000
09/24/2004;2.03;2.14;1.96;1.96;5666969;41630880.000
09/27/2004;1.97;2.04;1.88;1.89;2448868;17158108.000
09/28/2004;1.91;1.94;1.86;1.91;865492;5936310.000
09/29/2004;1.93;2.00;1.90;1.98;2350378;16571862.000
09/30/2004;2.00;2.00;1.89;1.91;1606000;11182424.000
10/08/2004;1.93;2.04;1.90;2.03;2118531;15085335.000
10/11/2004;2.07;2.18;2.05;2.09;6428850;48449104.000
10/12/2004;2.09;2.17;2.06;2.10;2580931;19381612.000
10/13/2004;2.09;2.12;2.01;2.06;2201611;16059886.000
10/14/2004;2.06;2.06;1.80;1.81;2486261;17160652.000
10/15/2004;1.80;1.87;1.77;1.81;1225212;8131549.000
10/18/2004;1.85;1.88;1.81;1.83;798438;5362520.000
10/19/2004;1.84;1.93;1.82;1.84;1124222;7665970.000
10/20/2004;1.84;1.84;1.74;1.80;1039638;6791883.000
10/21/2004;1.80;1.91;1.80;1.85;1600505;10828600.000
10/22/2004;1.91;1.95;1.85;1.94;2465751;17031940.000
10/25/2004;1.95;2.03;1.92;1.95;2184923;15490608.000
10/26/2004;1.96;2.02;1.92;2.01;2251549;16027673.000
10/27/2004;1.92;1.99;1.82;1.96;2882969;19858872.000
10/28/2004;1.95;1.95;1.85;1.89;2240788;15318730.000
10/29/2004;1.81;1.86;1.77;1.80;1526065;10131951.000
11/01/2004;1.79;1.80;1.61;1.62;2202780;13753709.000
11/02/2004;1.61;1.64;1.60;1.61;1886780;11458183.000
11/03/2004;1.61;1.69;1.61;1.68;1152956;7125876.000
11/04/2004;1.68;1.70;1.62;1.63;919842;5683932.000
11/05/2004;1.65;1.67;1.61;1.64;767838;4726148.000
11/08/2004;1.64;1.74;1.64;1.74;1426940;8976662.000
11/09/2004;1.75;1.78;1.71;1.75;2600870;16806676.000
11/10/2004;1.75;1.84;1.72;1.81;2389072;15673256.000
11/11/2004;1.83;1.85;1.77;1.78;2298396;15282771.000
11/12/2004;1.78;1.81;1.74;1.76;1111650;7251858.000
11/15/2004;1.78;1.97;1.77;1.96;3465417;23608848.000
11/16/2004;1.96;2.00;1.88;1.98;4600795;32265592.000
11/17/2004;1.98;2.20;1.96;2.08;10195600;75891104.000
11/18/2004;2.09;2.19;2.07;2.15;7720286;58358536.000
11/19/2004;2.18;2.20;2.13;2.18;5759074;44030976.000
11/22/2004;2.18;2.29;2.14;2.16;6099595;47329964.000
11/23/2004;2.16;2.22;2.14;2.15;2757679;21040308.000
11/24/2004;2.18;2.39;2.18;2.29;9065824;72578832.000
11/25/2004;2.30;2.36;2.24;2.26;4919301;39393720.000
11/26/2004;2.26;2.31;2.24;2.25;2196098;17369640.000
11/29/2004;2.26;2.28;2.16;2.18;2300309;17794956.000
11/30/2004;2.18;2.21;2.12;2.16;1879220;14260509.000
12/01/2004;2.16;2.24;2.16;2.20;1891870;14642223.000
12/02/2004;2.13;2.19;2.13;2.17;1476191;11189463.000
12/03/2004;2.17;2.18;2.09;2.17;2034002;15345001.000
12/06/2004;2.18;2.20;2.15;2.18;993149;7586522.000
12/07/2004;2.19;2.19;2.09;2.09;1385855;10389213.000
12/08/2004;2.09;2.14;2.09;2.11;1013197;7552159.000
12/09/2004;2.12;2.24;2.10;2.19;2031986;15593814.000
12/10/2004;2.18;2.19;2.11;2.13;886848;6695449.000
12/13/2004;2.12;2.12;2.01;2.04;1003442;7297816.000
12/14/2004;2.03;2.09;2.03;2.08;686607;5046032.000
12/15/2004;2.08;2.09;2.01;2.08;723695;5270691.000
12/17/2004;2.08;2.08;1.98;1.98;793666;5676493.000
12/20/2004;1.95;1.95;1.90;1.91;646815;4481306.000
12/21/2004;1.90;1.97;1.90;1.95;522851;3654101.000
12/22/2004;1.97;2.03;1.94;2.02;886438;6302436.000
12/23/2004;2.02;2.04;1.95;1.96;611799;4384717.000
12/24/2004;1.96;2.01;1.92;1.98;314650;2228118.000
12/27/2004;1.98;2.02;1.95;2.02;351912;2520398.000
12/28/2004;2.01;2.04;2.00;2.04;525945;3788842.000
12/29/2004;2.04;2.07;2.02;2.03;782986;5708752.000
12/30/2004;2.03;2.06;2.01;2.06;448981;3252708.000
12/31/2004;2.05;2.07;1.99;2.00;413060;2971607.000
01/04/2005;1.97;1.97;1.90;1.93;306200;2145418.000
01/05/2005;1.91;1.99;1.91;1.96;493879;3458654.000
01/06/2005;1.96;1.97;1.71;1.76;2441145;16053537.000
01/07/2005;1.76;1.79;1.73;1.75;1057160;6855992.000
01/10/2005;1.75;1.81;1.73;1.80;489130;3181828.000
01/11/2005;1.79;1.81;1.77;1.81;429170;2826615.000
01/12/2005;1.80;1.83;1.78;1.82;306282;2021966.000
01/13/2005;1.83;1.84;1.77;1.79;614820;4032347.000
01/14/2005;1.80;1.85;1.77;1.82;1144216;7608479.000
01/17/2005;1.77;1.82;1.73;1.75;591666;3869903.000
01/18/2005;1.77;1.81;1.74;1.80;256856;1671340.000
01/19/2005;1.79;1.82;1.77;1.81;343590;2271093.000
01/20/2005;1.78;1.78;1.68;1.70;656987;4192000.000
01/21/2005;1.70;1.77;1.63;1.75;1034618;6522575.000
01/24/2005;1.82;1.84;1.75;1.78;862781;5632873.000
01/25/2005;1.77;1.77;1.70;1.74;373228;2380836.000
01/26/2005;1.73;1.74;1.70;1.70;309600;1966799.000
01/27/2005;1.70;1.71;1.68;1.70;377960;2380552.000
01/28/2005;1.67;1.70;1.64;1.65;424787;2628527.000
01/31/2005;1.63;1.63;1.53;1.55;1322164;7826043.000
02/01/2005;1.55;1.59;1.53;1.53;807550;4743001.000
02/02/2005;1.53;1.70;1.53;1.66;2307419;14071358.000
02/03/2005;1.66;1.77;1.64;1.68;1707929;10823193.000
02/04/2005;1.69;1.74;1.65;1.72;1081403;6856081.000
02/16/2005;1.73;1.79;1.71;1.74;1053326;6750555.000
02/17/2005;1.73;1.74;1.70;1.73;1006924;6409046.000
02/18/2005;1.73;1.73;1.69;1.69;589769;3731549.000
02/21/2005;1.70;1.78;1.66;1.77;2606853;16781304.000
02/22/2005;1.78;1.87;1.75;1.85;2371890;15862309.000
02/23/2005;1.85;1.96;1.84;1.90;2139303;14763803.000
02/24/2005;1.90;1.93;1.87;1.92;1294863;8924557.000
02/25/2005;1.92;1.96;1.89;1.89;1102483;7656927.000
02/28/2005;1.89;1.98;1.89;1.93;1649591;11522654.000
03/01/2005;1.93;1.98;1.91;1.92;821945;5737399.000
03/02/2005;1.91;1.94;1.84;1.84;1395687;9507875.000
03/03/2005;1.82;1.86;1.81;1.85;1117919;7455124.000
03/04/2005;1.86;1.86;1.83;1.83;617877;4146925.000
03/07/2005;1.90;1.90;1.82;1.84;513190;3448192.000
03/08/2005;1.85;1.96;1.85;1.95;1851585;12846725.000
03/09/2005;1.97;2.03;1.94;2.01;2214298;15802926.000
03/10/2005;2.02;2.03;1.92;1.98;1654248;11682288.000
03/11/2005;1.97;2.01;1.93;1.98;813307;5756349.000
03/14/2005;1.98;2.14;1.93;2.08;1882807;13660373.000
03/15/2005;2.07;2.08;1.98;1.99;1213287;8758558.000
03/16/2005;1.97;1.97;1.90;1.93;945303;6566240.000
03/17/2005;1.93;1.98;1.93;1.95;954077;6690555.000
03/18/2005;1.95;1.95;1.82;1.91;1263959;8574176.000
03/21/2005;1.84;1.93;1.84;1.91;338290;2303098.000
03/22/2005;1.90;1.90;1.76;1.82;1260986;8329989.000
03/23/2005;1.79;1.84;1.70;1.81;1180757;7701919.000
03/24/2005;1.80;1.80;1.70;1.74;1195521;7696547.000
03/25/2005;1.74;1.79;1.71;1.77;1167600;7500877.000
03/28/2005;1.76;1.79;1.73;1.77;623815;4038006.000
03/29/2005;1.77;1.77;1.71;1.71;495592;3173521.000
03/30/2005;1.70;1.70;1.56;1.58;917063;5554353.000
03/31/2005;1.58;1.73;1.56;1.69;983489;6079207.000
04/01/2005;1.69;1.81;1.65;1.78;1291159;8321019.000
04/04/2005;1.77;1.77;1.71;1.74;1089397;7008776.000
04/05/2005;1.73;1.81;1.71;1.79;1164364;7603306.000
04/06/2005;1.78;1.86;1.74;1.84;1044621;6928470.000
04/07/2005;1.86;1.91;1.83;1.85;1222012;8320862.000
04/08/2005;1.85;1.89;1.80;1.87;1032955;6919599.000
04/11/2005;1.89;1.89;1.77;1.81;1423419;9402753.000
04/12/2005;1.80;1.80;1.72;1.74;1538247;9913250.000
04/13/2005;1.76;1.87;1.76;1.86;1975774;13164766.000
04/14/2005;1.87;1.90;1.83;1.86;1352463;9169860.000
04/15/2005;1.84;1.92;1.81;1.89;1725769;11798210.000
04/18/2005;1.90;1.95;1.88;1.93;1829670;12725926.000
04/19/2005;1.93;1.99;1.90;1.92;1623911;11329780.000
04/20/2005;1.91;1.92;1.81;1.89;1304754;8872631.000
04/21/2005;1.88;1.93;1.82;1.93;928259;6331848.000
04/22/2005;1.92;1.94;1.87;1.93;835370;5772389.000
04/25/2005;1.91;1.93;1.87;1.92;929489;6388343.000
04/26/2005;1.92;1.92;1.85;1.92;1025619;7028205.000
04/27/2005;1.93;2.00;1.91;1.97;2134345;15062853.000
04/28/2005;1.97;2.08;1.93;2.06;3159158;22578686.000
04/29/2005;2.06;2.07;1.93;1.95;3257309;23284688.000
05/09/2005;1.95;1.96;1.76;1.79;1864348;12597124.000
05/10/2005;1.80;1.87;1.70;1.86;1322497;8630861.000
05/11/2005;1.86;1.86;1.77;1.78;1038539;6872465.000
05/13/2005;1.73;1.83;1.70;1.82;1747996;11257643.000
05/16/2005;1.76;1.80;1.70;1.74;1193102;7635486.000
05/17/2005;1.73;1.79;1.70;1.76;1120670;7239148.000
05/18/2005;1.75;1.80;1.72;1.79;726365;4726674.000
05/19/2005;1.79;1.83;1.76;1.82;612392;4022513.000
05/20/2005;1.81;1.86;1.80;1.82;1092097;7272148.000
05/23/2005;1.80;1.80;1.74;1.75;523200;3393983.000
05/24/2005;1.73;1.81;1.73;1.79;462040;3018398.000
05/25/2005;1.78;1.81;1.76;1.79;424401;2777876.000
05/26/2005;1.77;1.78;1.63;1.66;1256808;7910032.000
05/27/2005;1.65;1.71;1.64;1.65;636609;3938684.000
05/30/2005;1.64;1.65;1.58;1.64;1056559;6385081.000
05/31/2005;1.64;1.68;1.62;1.67;618000;3823159.000
06/01/2005;1.66;1.68;1.60;1.66;777288;4764903.000
06/02/2005;1.64;1.67;1.55;1.65;1431115;8701882.000
06/03/2005;1.64;1.66;1.61;1.62;472500;2822555.000
06/06/2005;1.62;1.63;1.53;1.63;722077;4215819.000
06/07/2005;1.64;1.69;1.60;1.63;1018411;6124005.000
06/08/2005;1.59;1.82;1.59;1.80;2985628;18743578.000
06/09/2005;1.80;1.90;1.75;1.85;3962600;25832804.000
06/10/2005;1.86;1.88;1.79;1.84;2914173;19032944.000
06/13/2005;1.82;1.87;1.77;1.85;1371818;8892250.000
06/14/2005;1.85;1.86;1.80;1.81;1046655;6820526.000
06/15/2005;1.80;1.80;1.74;1.77;801400;5080426.000
06/16/2005;1.77;1.80;1.71;1.79;665335;4205265.000
06/17/2005;1.80;1.81;1.76;1.76;406721;2589929.000
06/20/2005;1.77;1.86;1.69;1.85;2975161;18996312.000
06/21/2005;1.84;1.89;1.83;1.86;3768764;24928464.000
06/22/2005;1.86;1.88;1.82;1.87;1802295;11849515.000
06/23/2005;1.86;1.88;1.82;1.82;1457029;9577410.000
06/24/2005;1.81;1.86;1.79;1.85;1073506;6987452.000
06/27/2005;1.86;1.95;1.86;1.91;2902098;19625758.000
06/28/2005;1.90;1.91;1.86;1.90;1348597;8986857.000
06/29/2005;1.88;1.92;1.87;1.91;1231284;8280304.000
06/30/2005;1.90;1.91;1.82;1.84;1350539;8927855.000
07/01/2005;1.83;1.83;1.74;1.76;1229297;7840669.000
07/04/2005;1.74;1.79;1.64;1.76;778590;4809685.000
07/05/2005;1.73;1.77;1.70;1.74;845950;5287759.000
07/06/2005;1.75;1.76;1.68;1.70;811117;5009423.000
07/07/2005;1.70;1.73;1.68;1.71;552660;3401068.000
07/08/2005;1.73;1.76;1.71;1.71;1184217;7411636.000
07/11/2005;1.73;1.78;1.67;1.68;915230;5734697.000
07/12/2005;1.65;1.77;1.60;1.76;2263863;13874137.000
07/13/2005;1.76;1.76;1.66;1.68;1972977;12123594.000
07/14/2005;1.66;1.71;1.65;1.71;878432;5383248.000
07/15/2005;1.71;1.73;1.64;1.64;1652967;10023517.000
07/18/2005;1.63;1.65;1.60;1.62;567405;3380505.000
07/19/2005;1.61;1.67;1.61;1.65;571893;3428868.000
07/20/2005;1.68;1.68;1.65;1.66;490204;2962773.000
07/21/2005;1.66;1.69;1.65;1.69;703402;4279349.000
07/22/2005;1.72;1.75;1.69;1.73;1922637;12011484.000
07/25/2005;1.73;1.74;1.69;1.71;1406850;8675621.000
07/26/2005;1.71;1.76;1.71;1.74;1591874;9980752.000
07/27/2005;1.74;1.77;1.73;1.77;1511894;9532111.000
07/28/2005;1.77;1.86;1.77;1.80;3683542;23840714.000
07/29/2005;1.79;1.80;1.75;1.77;998688;6359036.000
08/01/2005;1.77;1.80;1.76;1.78;863940;5499760.000
08/02/2005;1.78;1.83;1.76;1.82;1290326;8342519.000
08/03/2005;1.83;1.88;1.81;1.81;2010290;13200546.000
08/04/2005;1.81;1.84;1.78;1.80;1196800;7732504.000
08/05/2005;1.80;1.85;1.80;1.85;2713688;17702104.000
08/08/2005;1.88;1.90;1.85;1.88;3561880;23712482.000
08/09/2005;1.88;1.93;1.85;1.93;2408132;16143154.000
08/10/2005;1.93;1.93;1.86;1.90;3186361;21341056.000
08/11/2005;1.91;1.97;1.89;1.94;2842997;19355652.000
08/12/2005;1.96;2.01;1.88;1.90;3905173;26871698.000
08/15/2005;1.91;1.97;1.89;1.96;1605334;10917192.000
08/16/2005;2.00;2.00;1.90;1.91;1624500;11120717.000
08/17/2005;1.91;2.00;1.86;2.00;2773629;18978814.000
08/18/2005;2.00;2.03;1.86;1.87;3054896;20964144.000
08/19/2005;1.87;1.91;1.81;1.84;2689751;17738816.000
08/22/2005;1.83;1.90;1.82;1.88;1167199;7758700.000
08/23/2005;1.88;1.88;1.82;1.85;819901;5403538.000
08/24/2005;1.85;1.90;1.85;1.89;1129583;7530144.000
08/25/2005;1.89;1.93;1.88;1.91;1301999;8767213.000
08/26/2005;1.92;1.93;1.87;1.90;1540715;10345784.000
08/29/2005;1.91;1.97;1.86;1.91;1216394;8154655.000
08/30/2005;1.91;1.97;1.89;1.97;3234884;22217944.000
08/31/2005;1.97;2.00;1.95;1.99;3605500;25039684.000
09/01/2005;2.00;2.02;1.97;2.00;3574928;24934174.000
09/02/2005;2.00;2.01;1.96;1.96;3139275;21716386.000
09/05/2005;1.96;2.03;1.95;2.03;3605400;25270530.000
09/06/2005;2.03;2.04;1.95;1.97;3115005;21906476.000
09/07/2005;1.97;2.12;1.95;2.12;7450572;53553356.000
09/08/2005;2.11;2.12;2.04;2.07;4593959;33183850.000
09/09/2005;2.07;2.10;2.03;2.06;2513305;18080572.000
09/12/2005;2.06;2.12;2.05;2.07;2500853;18073792.000
09/13/2005;2.07;2.19;2.07;2.14;6409385;47553564.000
09/14/2005;2.14;2.15;2.11;2.15;2492742;18358976.000
09/15/2005;2.13;2.14;2.10;2.11;2588244;18942832.000
09/16/2005;2.12;2.15;2.09;2.10;1888150;13857433.000
09/19/2005;2.11;2.17;2.11;2.14;2807898;20853488.000
09/20/2005;2.14;2.23;2.11;2.15;4720496;35271088.000
09/21/2005;2.17;2.18;2.08;2.09;2376099;17362392.000
09/22/2005;2.09;2.16;2.04;2.07;2998385;21857004.000
09/23/2005;2.06;2.10;2.02;2.02;1803006;12831393.000
09/26/2005;2.01;2.05;1.98;2.04;1401061;9903530.000
09/27/2005;2.04;2.09;2.02;2.03;1872072;13359981.000
09/28/2005;2.02;2.05;2.02;2.04;870265;6172348.000
09/29/2005;2.05;2.12;2.05;2.10;2827770;20540680.000
09/30/2005;2.11;2.12;2.09;2.10;1293335;9432288.000
10/10/2005;2.09;2.20;2.09;2.16;4302368;32116692.000
10/11/2005;2.16;2.19;2.13;2.19;1898752;14185525.000
10/12/2005;2.19;2.24;2.14;2.18;2612060;19771688.000
10/13/2005;2.18;2.19;2.12;2.13;2248476;16627069.000
10/14/2005;2.13;2.16;2.11;2.13;1256425;9267877.000
10/17/2005;2.12;2.12;2.04;2.09;1868028;13424482.000
10/18/2005;2.11;2.21;2.11;2.19;3924945;29318364.000
10/19/2005;2.21;2.21;2.07;2.10;2802430;20794848.000
10/20/2005;2.07;2.10;2.03;2.08;2441420;17498004.000
10/21/2005;2.08;2.10;2.05;2.06;1679154;12081959.000
10/24/2005;2.10;2.12;2.05;2.10;1157137;8377310.000
10/25/2005;2.10;2.10;2.03;2.04;1256648;8979275.000
10/26/2005;2.05;2.05;1.90;1.91;3083890;21099776.000
10/27/2005;1.90;1.96;1.90;1.93;1709406;11633405.000
10/28/2005;1.93;1.95;1.82;1.87;1857620;12359916.000
10/31/2005;1.89;1.91;1.87;1.89;965189;6470533.000
11/01/2005;1.90;1.93;1.82;1.86;974789;6476666.000
11/02/2005;1.87;1.92;1.87;1.91;1186028;7958028.000
11/03/2005;1.91;1.92;1.85;1.86;836950;5583387.000
11/04/2005;1.85;1.85;1.76;1.78;1950987;12494671.000
11/07/2005;1.78;1.80;1.76;1.78;1411915;9001110.000
11/08/2005;1.78;1.83;1.78;1.82;1193114;7718463.000
11/09/2005;1.82;1.83;1.79;1.80;1155134;7461267.000
11/10/2005;1.79;1.79;1.68;1.69;1773504;11055910.000
11/11/2005;1.69;1.72;1.69;1.69;1267979;7802634.000
11/14/2005;1.69;1.74;1.69;1.74;1112320;6883324.000
11/15/2005;1.70;1.74;1.69;1.73;1234600;7648201.000
11/16/2005;1.71;1.76;1.70;1.76;884211;5530897.000
11/17/2005;1.78;1.81;1.76;1.79;2336996;15022461.000
11/18/2005;1.80;1.90;1.80;1.86;4700981;31098208.000
11/21/2005;1.87;1.88;1.84;1.86;1757434;11583964.000
11/22/2005;1.85;1.87;1.82;1.84;895600;5866015.000
11/23/2005;1.83;1.89;1.82;1.87;1615654;10718726.000
11/24/2005;1.87;1.90;1.85;1.89;1356178;9019780.000
11/25/2005;1.89;1.89;1.84;1.87;887670;5880828.000
11/28/2005;1.88;1.89;1.85;1.88;966783;6422657.000
11/30/2005;1.85;1.87;1.82;1.86;1215757;7958776.000
12/01/2005;1.85;1.91;1.82;1.90;1892044;12554889.000
12/02/2005;1.91;1.93;1.89;1.90;1862009;12563622.000
12/05/2005;1.91;1.97;1.91;1.92;2663341;18193548.000
12/06/2005;1.93;1.97;1.91;1.97;2102993;14465193.000
12/07/2005;1.97;2.00;1.95;1.97;1080102;7470619.000
12/08/2005;1.99;2.02;1.97;2.01;2291637;16068166.000
12/09/2005;2.02;2.03;1.98;2.01;2583167;18211836.000
12/12/2005;2.02;2.08;2.01;2.06;3857340;27655188.000
12/13/2005;2.06;2.07;1.99;2.03;1656740;11719345.000
12/14/2005;2.01;2.07;1.95;2.07;2739149;19448092.000
12/15/2005;2.06;2.08;2.00;2.01;2306100;16492813.000
12/16/2005;2.00;2.04;1.99;2.03;1602089;11286004.000
12/19/2005;2.04;2.09;2.00;2.08;2523982;18041056.000
12/20/2005;2.08;2.15;2.06;2.13;3059289;22395852.000
12/21/2005;2.10;2.14;2.08;2.09;1637598;11960071.000
12/22/2005;2.08;2.12;2.06;2.09;1073010;7775361.000
12/23/2005;2.09;2.14;2.09;2.12;1490890;10975251.000
12/26/2005;2.11;2.18;2.11;2.18;2840379;21121732.000
12/27/2005;2.18;2.19;2.14;2.16;1275171;9524135.000
12/28/2005;2.16;2.19;2.13;2.18;1346386;10046472.000
12/29/2005;2.18;2.22;2.18;2.20;2023236;15322750.000
12/30/2005;2.19;2.21;2.15;2.20;2053952;15421775.000
01/04/2006;2.20;2.47;2.20;2.42;6661916;54347968.000
01/05/2006;2.42;2.64;2.38;2.46;7946216;66993560.000
01/06/2006;2.46;2.54;2.37;2.49;6071703;50341264.000
01/09/2006;2.53;2.70;2.53;2.67;8145535;71689560.000
01/10/2006;2.67;2.70;2.57;2.69;5691129;50228792.000
01/11/2006;2.67;2.73;2.61;2.68;6625666;59253544.000
01/12/2006;2.68;2.72;2.62;2.67;3767652;33366248.000
01/13/2006;2.68;2.88;2.67;2.81;7122132;65662544.000
01/16/2006;2.81;3.14;2.81;3.07;10110708;100499896.000
01/17/2006;3.08;3.14;2.98;3.04;6036954;60055792.000
01/18/2006;3.01;3.25;2.96;3.18;5840933;58779760.000
01/19/2006;3.15;3.26;3.10;3.20;6013500;61811796.000
01/20/2006;3.22;3.37;3.21;3.32;8341782;88973456.000
01/23/2006;3.32;3.70;3.28;3.67;7443667;84105424.000
01/24/2006;3.68;3.88;3.53;3.71;9538872;112728640.000
01/25/2006;3.68;3.83;3.60;3.72;6245049;74274264.000
02/06/2006;3.85;4.14;3.85;4.14;7757036;99464496.000
02/07/2006;4.20;4.61;4.19;4.48;13665693;190417728.000
02/08/2006;4.09;4.30;3.99;3.99;14288931;183915008.000
02/09/2006;3.98;4.09;3.89;4.06;11024280;139350464.000
02/10/2006;4.13;4.26;3.85;3.92;14421189;184506112.000
02/13/2006;3.77;3.77;3.49;3.58;12730830;146817824.000
02/14/2006;3.46;3.69;3.46;3.66;9425965;108657904.000
02/15/2006;3.66;3.78;3.60;3.66;7374503;86786296.000
02/16/2006;3.60;3.65;3.45;3.64;6582960;74787120.000
02/17/2006;3.64;3.70;3.34;3.36;7420969;83558208.000
02/20/2006;3.38;3.56;3.38;3.43;6569661;72814432.000
02/21/2006;3.46;3.55;3.31;3.54;6426902;71448136.000
02/22/2006;3.53;3.61;3.48;3.56;6199005;70378304.000
02/23/2006;3.55;3.58;3.37;3.42;4447264;49244196.000
02/24/2006;3.42;3.48;3.35;3.44;4633468;51090664.000
02/27/2006;3.53;3.60;3.44;3.51;6281172;70711360.000
02/28/2006;3.49;3.51;3.36;3.50;4193296;46034536.000
03/01/2006;3.53;3.55;3.47;3.51;3390710;38264304.000
03/02/2006;3.52;3.75;3.44;3.61;9568042;110682032.000
03/03/2006;3.63;3.81;3.63;3.76;9669336;115371368.000
03/06/2006;3.81;3.84;3.68;3.76;3438894;41059560.000
03/07/2006;3.67;3.67;3.41;3.43;5144104;57906936.000
03/08/2006;3.39;3.39;3.10;3.21;6282634;65249064.000
03/09/2006;3.11;3.18;3.09;3.17;3463535;35302280.000
03/10/2006;3.17;3.18;3.03;3.12;4515394;45627748.000
03/13/2006;3.12;3.18;3.08;3.15;2238852;22785408.000
03/14/2006;3.16;3.19;3.11;3.17;2186391;22377452.000
03/15/2006;3.19;3.33;3.18;3.32;5056427;53348136.000
03/16/2006;3.35;3.36;3.25;3.27;2607772;27670922.000
03/17/2006;3.28;3.32;3.17;3.20;2506947;26256896.000
03/20/2006;3.22;3.35;3.22;3.33;3426089;36514152.000
03/21/2006;3.32;3.64;3.27;3.64;7272753;80276120.000
03/22/2006;3.50;3.75;3.50;3.63;7192794;83419256.000
03/23/2006;3.63;3.70;3.58;3.61;3681138;42687984.000
03/24/2006;3.59;3.84;3.58;3.63;5812148;68802456.000
03/27/2006;3.77;3.81;3.69;3.77;5839614;69768032.000
03/28/2006;3.84;4.20;3.84;4.20;9938767;126298832.000
03/29/2006;4.17;4.38;4.09;4.13;8966706;119052528.000
03/30/2006;4.22;4.48;4.15;4.37;11219737;151685776.000
03/31/2006;4.48;4.85;4.46;4.79;20156700;293404352.000
04/03/2006;4.77;5.32;4.66;5.32;9390526;147006192.000
04/04/2006;5.39;5.65;5.05;5.23;11198258;184730800.000
04/05/2006;5.23;5.31;5.05;5.30;7450402;119434112.000
04/06/2006;5.35;5.87;5.23;5.70;9084527;155935616.000
04/07/2006;5.84;5.93;5.51;5.78;8742029;153858800.000
04/10/2006;5.73;5.90;5.51;5.70;5141331;89035328.000
04/11/2006;5.90;6.08;5.78;5.88;5907373;106318728.000
04/12/2006;5.83;6.04;5.59;5.92;6819310;121913104.000
04/13/2006;5.87;5.87;5.28;5.28;8353373;141029120.000
04/14/2006;5.20;5.50;5.07;5.44;6233115;101061904.000
04/17/2006;5.48;5.55;5.34;5.41;3038508;50785032.000
04/18/2006;5.59;6.00;5.59;6.00;7978312;142518960.000
04/19/2006;6.15;6.65;5.90;6.65;8488234;161532704.000
04/20/2006;6.79;7.36;6.79;7.36;9309319;203770400.000
04/21/2006;7.33;7.67;6.83;7.23;8670310;189104960.000
05/17/2006;8.00;8.00;8.00;8.00;166050;3968595.000
05/18/2006;8.85;8.85;8.85;8.85;122956;3232513.000
05/19/2006;9.78;9.78;9.78;9.78;605427;17508948.000
06/14/2006;7.92;7.99;6.11;6.24;24761053;381195200.000
06/15/2006;6.13;6.56;5.96;6.41;12418613;184973840.000
06/16/2006;6.68;6.77;6.45;6.50;8495098;130738472.000
06/19/2006;6.40;6.63;6.15;6.36;7062282;106149552.000
06/20/2006;6.22;6.61;6.14;6.54;11830932;175663232.000
06/21/2006;6.49;7.24;6.33;7.24;12027967;191851696.000
06/22/2006;7.55;7.97;7.43;7.77;17487307;311530432.000
06/23/2006;7.64;7.95;7.45;7.90;10536342;188685536.000
06/26/2006;7.95;8.01;7.34;7.46;10153832;180824560.000
06/27/2006;7.46;7.77;7.46;7.70;7054242;124873264.000
06/28/2006;7.63;7.64;7.45;7.50;3852250;67122384.000
06/29/2006;7.45;7.84;7.38;7.76;6241989;109895816.000
06/30/2006;8.10;8.58;8.05;8.16;12839811;245818784.000
07/03/2006;8.59;9.02;8.41;9.02;11452575;230497120.000
07/04/2006;9.27;9.96;9.27;9.95;14380222;322415616.000
07/05/2006;10.36;10.42;9.59;10.36;13819794;318178176.000
07/06/2006;10.42;10.85;10.08;10.10;9226084;219231184.000
07/07/2006;10.41;10.94;10.14;10.71;9100804;219437696.000
07/10/2006;10.40;10.70;9.96;10.30;5798263;136088336.000
07/11/2006;9.95;10.68;9.42;10.59;7810443;177311152.000
07/12/2006;11.05;11.67;10.72;11.18;10902093;279423776.000
07/13/2006;11.40;11.42;10.23;10.28;10503651;258344272.000
07/14/2006;10.55;11.20;10.45;11.04;10708061;265213968.000
07/17/2006;11.32;11.64;11.06;11.45;8526824;221439744.000
07/18/2006;10.26;10.81;10.26;10.64;8727247;210717552.000
07/19/2006;10.05;10.14;9.54;9.54;9794798;216558976.000
07/20/2006;9.99;9.99;8.89;9.21;11212949;243311888.000
07/21/2006;8.52;9.35;8.37;9.12;8491222;171408816.000
07/24/2006;8.68;8.88;8.53;8.70;4559431;91652968.000
07/25/2006;8.81;9.36;8.81;9.27;7143134;150955104.000
07/26/2006;9.18;9.33;8.93;9.10;4478267;93473432.000
07/27/2006;9.45;9.45;9.06;9.35;5962075;127086904.000
07/28/2006;9.45;9.45;9.01;9.19;3842769;81410680.000
07/31/2006;9.14;9.14;8.64;8.68;4162975;84220640.000
08/01/2006;8.68;8.86;8.30;8.32;4090122;80146584.000
08/02/2006;8.54;8.62;8.34;8.61;5190961;101736840.000
08/03/2006;8.71;8.75;7.98;8.21;4481262;86106904.000
08/04/2006;8.02;8.09;7.35;7.36;7423670;131720848.000
08/07/2006;7.05;7.70;7.05;7.59;4792251;82969552.000
08/08/2006;7.77;7.85;7.61;7.76;3391721;60596672.000
08/09/2006;7.55;7.67;7.45;7.54;2616621;45717788.000
08/10/2006;7.66;8.04;7.66;8.00;5473327;99632112.000
08/11/2006;7.76;7.85;7.59;7.77;3550319;63638536.000
08/14/2006;7.50;7.75;7.40;7.41;2984446;52109856.000
08/15/2006;7.32;7.54;7.14;7.49;3004249;51316740.000
08/16/2006;7.45;7.95;7.37;7.80;5136183;91986344.000
08/17/2006;7.77;8.22;7.64;8.09;7171850;132502048.000
08/18/2006;7.78;7.89;7.69;7.72;4100662;73659800.000
08/21/2006;7.33;7.97;7.32;7.92;3417433;61238688.000
08/22/2006;8.08;8.29;8.01;8.16;6356608;119768392.000
08/23/2006;8.22;8.23;7.95;8.03;3800119;70854288.000
08/24/2006;8.00;8.10;7.83;8.05;2300252;42512620.000
08/25/2006;7.95;8.05;7.82;7.85;3490626;63658036.000
08/28/2006;7.91;8.15;7.73;8.06;3675492;67516944.000
08/29/2006;8.23;8.77;8.07;8.37;8442323;164126336.000
08/30/2006;8.28;8.44;8.23;8.34;2952454;56691508.000
08/31/2006;8.42;8.63;8.42;8.52;2973533;58337476.000
09/01/2006;8.68;8.82;8.46;8.50;5166844;103100688.000
09/04/2006;8.54;8.59;8.44;8.56;2508292;49271560.000
09/05/2006;8.62;8.64;8.36;8.38;3097980;60404504.000
09/06/2006;8.59;9.18;8.59;9.11;9536928;193326416.000
09/07/2006;8.91;9.18;8.68;9.05;7282931;149339904.000
09/08/2006;8.59;8.95;8.55;8.74;4557569;91493848.000
09/11/2006;8.48;8.50;7.82;7.93;9785156;180790288.000
09/12/2006;7.75;7.90;7.59;7.87;5714336;103139456.000
09/13/2006;7.77;7.77;7.59;7.60;5912753;104965480.000
09/14/2006;7.68;7.84;7.65;7.75;3817644;68648288.000
09/15/2006;7.52;7.67;7.39;7.66;4737667;82587040.000
09/18/2006;7.70;7.79;7.50;7.78;3523301;62586568.000
09/19/2006;7.89;7.93;7.71;7.75;2929041;52877472.000
09/20/2006;7.55;7.64;7.48;7.53;5325010;93117256.000
09/21/2006;7.60;7.61;7.45;7.51;3414537;59442112.000
09/22/2006;7.59;7.63;7.49;7.58;2574988;45129632.000
09/25/2006;7.57;7.63;7.41;7.48;2240518;38899796.000
09/26/2006;7.50;7.53;7.17;7.26;3394404;57580728.000
09/27/2006;7.25;7.36;7.18;7.33;1757457;29605404.000
09/28/2006;7.55;7.66;7.45;7.54;3553701;62315536.000
09/29/2006;7.57;7.58;7.41;7.52;2306586;40122156.000
10/09/2006;7.31;7.50;7.15;7.47;8109497;137057552.000
10/10/2006;7.47;7.49;7.34;7.39;3065503;52718384.000
10/11/2006;7.31;7.32;7.22;7.27;3342868;56303016.000
10/12/2006;7.27;7.30;7.14;7.18;3162495;52909932.000
10/13/2006;7.24;7.35;7.22;7.25;2265696;38294440.000
10/16/2006;7.44;7.45;7.18;7.29;2166561;36880336.000
10/17/2006;7.35;7.70;7.35;7.63;7933423;139242768.000
10/18/2006;7.51;7.51;7.40;7.47;2484218;42940400.000
10/19/2006;7.45;7.45;7.28;7.32;2978713;50805820.000
10/20/2006;7.47;7.54;7.37;7.50;3633857;63018364.000
10/23/2006;7.41;7.41;7.22;7.27;2588439;43928160.000
10/24/2006;7.16;7.20;7.04;7.18;7990587;131591272.000
10/25/2006;7.18;7.20;6.99;7.00;5116906;84016384.000
10/26/2006;7.13;7.17;6.97;7.00;3005551;49243600.000
10/27/2006;7.07;7.07;6.57;6.63;7046351;110172784.000
10/30/2006;6.68;6.90;6.55;6.83;4550353;71224248.000
10/31/2006;6.82;6.85;6.64;6.83;3368091;53133944.000
11/01/2006;6.86;7.43;6.85;7.31;13007750;218113232.000
11/02/2006;7.43;7.66;7.36;7.39;9156263;159798944.000
11/03/2006;7.55;7.72;7.36;7.46;4940434;86353128.000
11/06/2006;7.51;7.76;7.42;7.65;7400956;131416936.000
11/07/2006;7.55;7.59;7.32;7.55;5658837;97802440.000
11/08/2006;7.45;7.70;7.42;7.47;3071980;54046304.000
11/09/2006;7.22;7.36;7.09;7.25;4386409;73621544.000
11/10/2006;7.59;7.68;7.31;7.42;6329686;110179896.000
11/13/2006;7.34;7.39;7.17;7.22;3076195;51785200.000
11/14/2006;7.20;7.20;6.77;7.07;2926414;47377716.000
11/15/2006;6.98;7.09;6.87;7.08;2422845;39434436.000
11/16/2006;7.07;7.18;6.94;6.96;3422057;55878332.000
11/17/2006;6.76;6.90;6.69;6.87;2411181;38366248.000
11/20/2006;6.80;6.93;6.72;6.86;2846236;45057808.000
11/21/2006;6.86;7.08;6.77;7.00;2337568;38041600.000
11/22/2006;7.10;7.16;6.97;7.02;3118486;50970824.000
11/23/2006;7.02;7.31;6.89;7.30;6183529;102257624.000
11/24/2006;7.32;7.59;7.13;7.48;9295409;160214608.000
11/27/2006;7.70;8.27;7.69;8.27;14282209;266141488.000
11/28/2006;8.51;8.67;8.27;8.34;16531377;322702752.000
11/29/2006;8.16;8.98;7.91;8.74;11472456;226116208.000
11/30/2006;8.60;9.49;8.55;9.05;12801064;268265216.000
12/01/2006;9.44;9.95;9.39;9.78;14265450;316844640.000
12/04/2006;9.64;9.92;9.51;9.86;9225399;204657232.000
12/05/2006;9.77;9.86;9.41;9.53;7296070;160756000.000
12/06/2006;9.30;9.30;8.57;8.80;12306388;251016160.000
12/07/2006;8.25;8.60;8.21;8.22;8936712;172610608.000
12/08/2006;8.21;8.56;8.07;8.21;7973674;152884240.000
12/11/2006;8.08;8.39;8.00;8.38;4325380;82256576.000
12/12/2006;8.47;8.55;8.20;8.30;4119792;79182392.000
12/13/2006;8.33;8.86;8.20;8.73;7062710;139071296.000
12/14/2006;8.73;8.73;8.48;8.51;5272307;103969256.000
12/15/2006;8.45;8.83;8.41;8.63;6496534;129667120.000
12/18/2006;8.44;8.53;8.30;8.52;8724360;169396880.000
12/19/2006;8.52;8.55;8.23;8.32;5550759;106699584.000
12/20/2006;8.43;8.67;8.39;8.46;5668896;111276368.000
12/21/2006;8.49;8.50;8.28;8.30;4055833;78155720.000
12/22/2006;8.22;8.23;7.85;7.90;7290430;134830032.000
12/25/2006;7.96;8.15;7.94;8.04;3604844;66863716.000
12/26/2006;8.05;8.10;7.64;7.73;5669878;102574128.000
12/27/2006;7.95;8.08;7.69;8.05;5019252;91431600.000
12/28/2006;8.09;8.17;7.81;7.82;3442483;63199420.000
12/29/2006;8.01;8.23;7.93;8.17;6834201;128252048.000
01/04/2007;8.05;8.07;7.91;7.96;5739870;105849688.000
01/05/2007;7.89;7.89;7.59;7.87;4613140;82744496.000
01/08/2007;7.59;8.05;7.52;7.96;5207375;94060368.000
01/09/2007;8.07;8.39;8.05;8.30;8616184;164088608.000
01/10/2007;8.30;8.76;8.14;8.65;11343616;221472768.000
01/11/2007;8.65;8.77;8.39;8.44;8383217;165823680.000
01/12/2007;8.39;8.48;7.95;7.96;5701794;108072256.000
01/15/2007;8.14;8.32;8.02;8.32;4839451;91962840.000
01/16/2007;8.44;8.82;8.34;8.68;11815349;235182176.000
01/17/2007;8.69;8.91;8.23;8.38;10164247;201833088.000
01/18/2007;8.56;9.14;8.45;9.03;14775786;299587104.000
01/19/2007;8.96;9.35;8.82;9.17;12371009;259160400.000
01/22/2007;9.50;9.68;9.28;9.47;10714835;231848976.000
01/23/2007;9.45;9.70;8.84;9.52;12713871;271571136.000
01/24/2007;9.86;10.08;9.59;9.67;13068417;295458784.000
01/25/2007;9.72;9.72;9.00;9.01;8784288;187766496.000
01/26/2007;8.86;9.35;8.59;9.18;8000694;165785456.000
01/29/2007;9.32;10.11;9.18;9.98;13269022;293839584.000
01/30/2007;9.92;9.92;9.50;9.54;8419465;187001824.000
01/31/2007;9.63;9.84;8.61;8.86;7716381;165997344.000
02/01/2007;9.14;9.62;8.86;9.59;10106137;215243744.000
02/02/2007;9.84;9.90;9.32;9.43;9264581;204955184.000
02/05/2007;9.08;9.24;8.58;8.59;10021245;203479392.000
02/06/2007;8.75;8.96;8.37;8.95;6190311;124185632.000
02/07/2007;9.05;9.88;9.05;9.88;17612487;392801920.000
02/08/2007;10.14;10.91;10.09;10.79;25512160;623380032.000
02/09/2007;10.92;11.80;10.64;11.46;14779798;380084448.000
02/12/2007;12.63;12.63;11.64;11.97;11154114;308989696.000
02/13/2007;11.86;12.86;11.70;12.74;8958769;253619264.000
02/14/2007;12.73;13.95;12.46;13.91;10694549;318876800.000
02/15/2007;14.12;15.22;14.12;15.13;6786798;228872448.000
02/16/2007;15.64;15.82;14.41;14.58;6746789;230078256.000
02/26/2007;15.48;15.73;15.06;15.34;5545309;192900512.000
02/27/2007;15.37;15.93;13.76;13.76;8057108;264852016.000
02/28/2007;13.22;14.72;12.82;14.64;6629622;210034048.000
03/01/2007;14.41;14.41;13.23;13.65;5219555;163287024.000
03/02/2007;13.41;13.90;13.00;13.55;3245983;99952512.000
03/06/2007;12.48;13.45;12.46;13.10;3877184;114695824.000
03/07/2007;13.40;13.91;13.37;13.91;3647472;113525512.000
03/08/2007;14.14;14.57;13.91;14.50;3355105;108162416.000
03/09/2007;14.63;14.72;13.92;14.41;2927345;95140536.000
03/12/2007;14.27;14.27;13.44;13.89;2533556;78942432.000
03/13/2007;13.85;14.05;13.49;13.90;2092010;65328668.000
03/14/2007;13.50;13.76;12.78;13.26;4891751;147794336.000
03/15/2007;13.23;13.64;13.16;13.31;2217304;67234208.000
03/16/2007;13.24;13.50;12.81;12.90;4149844;124101472.000
03/19/2007;12.67;13.74;12.48;13.65;4129742;125351448.000
03/20/2007;13.68;14.04;13.43;13.50;2450051;75621824.000
03/21/2007;13.76;14.02;13.47;13.53;3383445;105421056.000
03/22/2007;13.82;14.70;13.68;14.34;5655908;181931728.000
03/23/2007;14.36;14.59;14.02;14.40;3063041;99107640.000
03/26/2007;14.18;14.50;13.98;14.47;2918521;94013312.000
03/27/2007;14.59;15.59;14.59;14.86;3586891;121878296.000
03/28/2007;14.77;15.10;14.13;14.88;3212922;107622560.000
03/29/2007;14.82;15.04;14.36;14.50;2192729;72426624.000
03/30/2007;14.41;14.55;14.09;14.21;1668790;53714424.000
04/02/2007;14.45;14.89;14.18;14.85;2247748;73684672.000
04/03/2007;14.82;16.38;14.82;16.35;8377736;298384128.000
04/04/2007;16.18;16.23;15.73;15.92;3798497;136503776.000
04/05/2007;16.18;16.68;16.09;16.46;3180604;117847576.000
04/06/2007;16.41;16.60;16.18;16.44;2101761;77840312.000
04/09/2007;16.37;17.55;16.27;17.19;3475827;132805288.000
04/10/2007;16.93;17.91;16.41;17.84;3307948;128569560.000
04/11/2007;17.76;19.41;17.60;18.95;4286837;182488288.000
04/12/2007;18.93;19.50;18.69;19.08;2361567;101564496.000
04/13/2007;18.99;18.99;17.31;18.67;4383090;179697440.000
04/16/2007;18.55;19.36;18.55;18.92;3210267;136592880.000
04/17/2007;19.13;20.23;18.92;19.23;4858331;213401104.000
04/18/2007;19.26;19.72;18.70;19.35;3091555;133348376.000
04/20/2007;21.33;21.33;19.82;21.28;3684274;172368592.000
04/23/2007;21.41;23.32;20.96;22.93;3180605;161149344.000
04/24/2007;23.14;23.20;21.73;21.85;3348080;166885680.000
04/25/2007;21.63;21.63;20.32;20.95;3930556;183363056.000
04/26/2007;21.01;21.57;20.95;21.41;2838232;135546176.000
04/27/2007;20.50;20.75;19.95;20.45;3540370;161569312.000
04/30/2007;20.07;20.59;19.41;20.49;3991475;179357968.000
05/08/2007;21.00;21.09;20.27;20.56;3400295;157727024.000
05/09/2007;20.10;20.50;19.59;20.14;2938391;131931664.000
05/10/2007;20.05;20.06;19.57;19.66;3245204;143586960.000
05/11/2007;19.23;19.54;18.25;19.23;3730103;158350912.000
05/14/2007;19.36;19.72;18.86;18.98;4147931;177740320.000
05/15/2007;18.91;18.95;17.64;17.89;5516644;226647184.000
05/16/2007;17.86;18.45;17.50;18.30;3820457;154918768.000
05/17/2007;18.05;19.35;17.77;18.88;5143064;215663088.000
05/21/2007;18.04;18.88;17.85;18.80;3683243;153767728.000
05/22/2007;18.86;18.91;18.43;18.50;5047135;210893072.000
05/23/2007;18.50;19.12;17.98;19.05;5369478;224396816.000
05/24/2007;19.05;19.11;18.22;18.65;4226009;177640752.000
05/25/2007;18.40;19.18;18.25;19.07;4423923;186300416.000
05/28/2007;19.23;20.59;18.99;20.40;7954639;349075136.000
05/29/2007;20.45;20.93;19.99;20.49;5144070;236391840.000
05/30/2007;19.13;20.05;18.40;18.53;6237474;267916896.000
05/31/2007;18.55;19.16;17.09;18.66;4691106;194769408.000
06/01/2007;18.95;20.22;18.95;19.18;6175566;272702656.000
06/04/2007;19.82;19.84;17.91;18.22;4491801;190329072.000
06/05/2007;17.95;18.98;16.35;18.49;4360334;175394304.000
06/06/2007;18.64;20.38;18.00;20.38;10209212;453310112.000
06/07/2007;20.50;21.35;20.03;20.50;7049746;329001888.000
06/08/2007;20.23;22.59;19.60;22.19;9024026;434060160.000
06/11/2007;21.64;23.22;21.59;22.12;8022648;402641088.000
06/12/2007;22.13;23.40;21.18;22.69;5876633;293471872.000
06/13/2007;22.55;22.76;21.87;22.32;5460364;271229088.000
06/14/2007;21.86;22.41;21.55;21.85;3718868;182587568.000
06/15/2007;21.45;23.23;21.35;22.50;6063758;306124064.000
06/18/2007;23.14;24.40;23.00;23.17;6499496;345590208.000
06/19/2007;23.36;23.41;22.13;22.39;5277958;265740064.000
06/20/2007;22.45;22.45;21.13;21.34;4570022;223177984.000
06/21/2007;21.05;23.26;21.05;23.20;6017444;295658880.000
06/22/2007;23.27;23.62;21.41;22.35;4751072;241980448.000
06/25/2007;22.31;22.31;20.31;20.84;4599187;221589376.000
06/26/2007;20.05;21.39;19.73;20.89;2753256;127599944.000
06/27/2007;20.95;22.29;20.86;21.99;4720667;224265936.000
06/28/2007;22.32;22.32;20.50;20.58;2545221;121335048.000
06/29/2007;20.41;21.26;19.90;20.97;3376615;157484784.000
07/02/2007;20.86;22.41;20.50;22.12;5859914;287703552.000
07/03/2007;22.59;24.37;22.18;24.37;8586393;452802368.000
07/04/2007;24.50;24.95;23.06;23.18;6764119;367025728.000
07/05/2007;22.77;23.23;21.41;22.68;3765962;189890784.000
07/06/2007;22.11;23.67;21.86;23.56;3519535;181352512.000
07/09/2007;24.13;24.45;23.59;23.66;4371588;234828800.000
07/10/2007;23.91;24.25;23.10;23.79;2967743;157518016.000
07/11/2007;23.92;25.95;23.82;25.48;6314210;353438912.000
07/12/2007;25.45;26.02;24.70;25.47;3326037;187822128.000
07/13/2007;25.85;25.91;24.85;25.11;2257594;126388552.000
07/16/2007;25.15;25.54;24.08;24.25;1898492;104962192.000
07/17/2007;23.80;24.67;23.67;24.24;1473728;79516768.000
07/18/2007;24.16;24.76;23.22;24.26;2356769;125852112.000
07/19/2007;24.40;25.98;24.35;25.42;3274097;184997632.000
07/20/2007;25.74;26.45;25.17;26.28;2697548;154943840.000
07/23/2007;26.31;28.54;26.31;28.45;4496645;279957952.000
07/24/2007;28.42;28.93;27.55;28.33;1848901;116263616.000
07/25/2007;28.45;29.49;28.04;28.91;1755486;112425168.000
07/26/2007;28.54;29.49;28.35;28.74;2422976;155430400.000
07/27/2007;28.35;28.58;27.69;28.46;1958377;122636200.000
07/30/2007;28.37;29.04;27.90;29.01;2137550;135596096.000
07/31/2007;29.04;30.74;29.01;30.47;2596169;174033792.000
08/01/2007;30.51;31.01;29.04;29.26;2228828;148825344.000
08/02/2007;29.21;30.47;29.21;30.42;1800463;120103360.000
08/03/2007;30.49;31.97;30.49;31.66;2443920;169855920.000
08/06/2007;32.22;34.85;31.54;34.85;3365884;254797040.000
08/07/2007;35.12;37.45;35.10;35.83;4815316;390347712.000
08/08/2007;35.04;36.04;34.13;34.67;2224345;172957728.000
08/09/2007;33.95;36.99;33.92;36.35;2320152;184052176.000
08/10/2007;35.45;36.45;34.83;35.98;2378162;188361168.000
08/13/2007;35.95;36.35;33.81;34.99;2005934;157620912.000
08/14/2007;34.96;36.99;34.53;36.51;1613214;129724088.000
08/15/2007;36.76;37.72;35.99;37.21;2132797;175543792.000
08/16/2007;36.76;36.81;35.20;36.30;2431881;193284672.000
08/17/2007;34.99;36.03;33.49;33.85;5312227;406893728.000
08/20/2007;34.54;36.30;34.54;35.85;4723982;367799424.000
08/21/2007;35.81;37.67;35.64;37.45;4452167;363047456.000
08/22/2007;36.58;41.22;36.57;41.22;5645319;508409952.000
08/28/2007;45.37;45.37;44.72;45.37;782122;78517808.000
08/29/2007;49.26;49.26;45.13;46.15;6953401;729783296.000
08/30/2007;46.99;49.72;46.22;49.63;3499308;372831488.000
08/31/2007;49.72;49.72;46.98;48.54;1896793;201614512.000
09/03/2007;49.26;51.99;47.45;50.98;2901332;314541920.000
09/04/2007;50.58;56.06;50.58;54.34;2857838;337629408.000
09/05/2007;54.57;59.04;54.49;55.29;2896313;360991712.000
09/06/2007;56.53;56.63;53.08;54.45;3573565;427691360.000
09/07/2007;54.76;56.58;52.90;53.22;2745175;329025248.000
09/10/2007;52.90;58.57;51.99;58.57;3553345;445886400.000
09/11/2007;61.08;64.45;58.57;62.21;6155064;855679296.000
09/12/2007;61.54;68.46;60.40;68.46;6547300;948269568.000
09/13/2007;68.46;72.26;62.90;65.33;4888383;722048640.000
09/14/2007;63.81;65.25;61.08;63.99;2981285;416576640.000
09/17/2007;66.08;69.17;63.36;66.92;3340093;487716832.000
09/18/2007;68.72;68.95;63.72;65.15;2427241;353377824.000
09/19/2007;65.79;66.95;63.81;64.70;2947343;421558336.000
09/20/2007;65.54;65.54;62.22;62.89;2764107;385519264.000
09/24/2007;67.45;67.45;63.80;63.93;4665160;674498112.000
09/25/2007;62.54;63.34;60.63;61.02;3913479;530473344.000
09/26/2007;61.08;63.29;59.26;60.96;2325608;316173280.000
09/27/2007;60.96;61.85;59.56;61.25;1624432;216327968.000
09/28/2007;61.90;64.63;61.90;63.59;3161007;442593280.000
10/08/2007;65.17;65.80;61.40;61.97;3720872;517765504.000
10/09/2007;61.04;61.04;56.99;59.26;5273128;680567680.000
10/10/2007;59.26;59.35;56.76;57.51;4211328;535687872.000
10/11/2007;57.98;60.17;57.77;60.02;2676787;348651360.000
10/12/2007;60.63;64.63;59.04;62.48;5610926;769182656.000
10/15/2007;63.81;63.91;60.40;63.14;4946763;676739840.000
10/16/2007;63.14;63.72;60.88;62.44;2545207;350257280.000
10/17/2007;62.35;63.58;61.09;61.94;3558620;491541088.000
10/18/2007;61.33;61.53;55.72;55.72;5061439;648038784.000
10/19/2007;56.14;57.90;54.04;57.15;3746094;467506016.000
10/22/2007;55.98;56.81;54.26;55.36;2541048;312107968.000
10/23/2007;55.63;55.63;52.13;53.87;3345279;393412736.000
10/24/2007;53.35;56.31;53.35;55.28;2996561;361189536.000
10/25/2007;55.17;55.17;51.54;52.32;2849891;334942016.000
10/26/2007;51.94;53.78;50.17;51.71;2065268;236879520.000
10/29/2007;52.45;55.83;52.45;55.43;3260364;392471680.000
10/30/2007;55.54;58.94;55.54;57.38;4605193;587692672.000
10/31/2007;57.38;58.17;56.76;56.94;2194188;278747552.000
11/01/2007;57.22;58.81;57.01;57.40;1801948;231269936.000
11/02/2007;55.68;56.63;52.25;53.36;1916835;229935616.000
11/05/2007;53.81;55.99;53.22;53.82;1687100;202559120.000
11/06/2007;53.90;55.17;52.67;53.74;1559505;186138448.000
11/07/2007;55.17;58.57;54.35;58.21;2982152;370213760.000
11/08/2007;57.85;61.07;56.20;59.15;5222605;690371968.000
11/09/2007;59.08;59.08;54.26;55.18;2767217;341965248.000
11/12/2007;53.35;53.35;49.63;49.63;3240462;361405536.000
11/13/2007;47.45;49.63;44.99;47.18;4823309;497500416.000
11/14/2007;46.54;49.26;44.94;49.02;3317067;343590336.000
11/15/2007;49.58;51.08;48.01;48.25;2507614;275358464.000
11/16/2007;45.63;46.88;45.17;46.00;2343188;237296464.000
11/19/2007;46.01;46.35;43.35;43.63;2978047;290623680.000
11/20/2007;42.67;44.26;41.31;43.58;4015158;377753120.000
11/21/2007;44.26;44.62;42.97;43.64;1927479;187495104.000
11/22/2007;42.90;42.90;40.00;40.41;2140340;196741824.000
11/23/2007;39.72;40.41;38.81;39.50;1962583;171616768.000
11/26/2007;41.15;43.13;40.86;42.92;4636716;432864768.000
11/27/2007;42.45;42.51;39.85;40.83;2792882;255935472.000
11/28/2007;40.40;40.63;38.49;38.70;2407497;210260800.000
11/29/2007;38.82;40.17;37.22;39.70;3763668;321500608.000
11/30/2007;39.72;39.72;37.67;38.25;2213867;187890768.000
12/03/2007;37.62;37.67;36.90;37.05;2236325;184037984.000
12/04/2007;37.22;38.06;37.13;37.30;1289915;107217232.000
12/05/2007;37.58;40.58;37.40;40.48;3800106;330847584.000
12/06/2007;40.46;40.46;38.99;39.47;1949879;170870048.000
12/07/2007;39.65;40.60;39.65;39.98;2058818;182990432.000
12/10/2007;39.17;41.89;38.58;41.25;2459965;221776496.000
12/11/2007;41.99;42.25;40.86;41.51;2141890;197730688.000
12/12/2007;41.65;41.65;39.85;40.11;2083798;186080224.000
12/13/2007;40.16;41.22;38.75;38.94;1748102;155398528.000
12/14/2007;38.24;39.07;36.99;38.89;1684020;141488928.000
12/17/2007;38.63;38.63;37.32;37.45;1525344;127097296.000
12/18/2007;37.25;37.95;36.76;37.58;804550;66515968.000
12/19/2007;38.35;38.58;37.90;38.38;1109189;93973632.000
12/20/2007;38.58;39.57;37.89;39.52;2041230;175667904.000
12/21/2007;39.21;43.01;38.99;42.19;5424389;501197376.000
12/24/2007;43.06;44.72;42.68;43.92;4270691;413611136.000
12/25/2007;44.17;46.58;44.06;45.63;3871772;389152256.000
12/26/2007;45.70;46.81;44.49;46.28;3196710;323500480.000
12/27/2007;46.58;48.35;46.08;47.88;2721983;286299520.000
12/28/2007;48.15;52.44;48.15;51.60;4476578;502841600.000
01/02/2008;52.98;53.35;50.17;51.61;4323844;496655680.000
01/03/2008;52.95;56.80;52.90;56.80;5834719;713957504.000
01/04/2008;58.81;62.51;58.81;62.51;7810354;1066314368.000
01/07/2008;62.57;62.57;59.72;60.70;5579271;752710528.000
01/09/2008;64.72;66.49;61.54;62.88;7064388;993056064.000
01/10/2008;62.85;62.85;60.06;60.08;5062289;678296256.000
01/11/2008;60.07;61.59;57.30;57.50;3626536;474081088.000
01/14/2008;58.81;60.85;54.27;59.92;4167764;537074112.000
01/15/2008;60.88;61.38;58.89;60.35;3582060;476567296.000
01/16/2008;58.54;59.54;56.54;57.98;2455985;316353344.000
01/17/2008;56.08;56.98;52.90;54.13;3633002;440102656.000
01/18/2008;54.13;55.17;52.75;54.70;2253595;268215584.000
01/21/2008;54.95;54.95;49.26;50.35;2777046;321111040.000
01/22/2008;47.26;49.72;45.29;45.29;3891662;404415136.000
01/23/2008;47.35;49.72;46.35;49.72;3905518;418109472.000
01/24/2008;50.67;53.35;49.72;52.25;4551345;518368832.000
01/25/2008;53.68;55.08;52.45;53.32;3371664;400103968.000
01/28/2008;54.26;54.99;49.75;50.95;2831757;327817600.000
01/29/2008;52.45;53.00;50.94;52.88;1785057;206131328.000
01/30/2008;54.25;54.25;50.95;51.66;1622822;188032128.000
01/31/2008;51.00;51.49;47.63;48.03;1991762;216630448.000
02/01/2008;46.47;47.90;43.76;43.98;2651521;264254352.000
02/04/2008;45.31;48.40;45.31;48.40;2041831;213341504.000
02/05/2008;48.59;48.59;46.54;47.68;1420037;148970112.000
02/13/2008;48.58;48.81;43.98;47.14;905216;94069312.000
02/14/2008;47.26;48.17;45.40;46.85;756532;78341552.000
02/15/2008;46.54;46.76;45.08;46.08;995869;100780168.000
02/18/2008;46.57;47.35;45.63;46.54;1430044;146938624.000
02/19/2008;46.54;49.40;46.35;48.81;3232973;342757824.000
02/20/2008;50.63;52.43;49.66;49.72;3706606;417711424.000
02/21/2008;50.49;51.08;48.35;49.45;1885772;207796960.000
02/22/2008;48.81;51.54;47.90;48.52;4033622;442568320.000
02/25/2008;48.59;49.80;46.31;47.59;6082712;656277120.000
02/26/2008;48.35;48.58;42.90;44.61;5100102;506111776.000
02/27/2008;45.17;46.35;43.81;45.19;2107623;209972016.000
02/28/2008;46.08;46.89;45.23;45.94;1874620;192039136.000
02/29/2008;46.56;47.90;46.09;47.85;3245006;341200704.000
03/03/2008;48.55;52.67;48.25;52.67;5503998;626341440.000
03/04/2008;54.26;55.35;49.99;51.55;6057712;705903488.000
03/05/2008;49.49;52.01;48.13;51.64;3204542;351167936.000
03/06/2008;52.12;54.63;52.12;53.10;4837904;572260096.000
03/07/2008;52.67;53.38;51.54;52.36;2581378;299226560.000
03/10/2008;51.08;51.08;48.67;48.96;2202286;242037008.000
03/11/2008;48.35;48.35;46.40;47.85;1571725;165479248.000
03/12/2008;49.17;50.04;46.99;47.67;989374;105216912.000
03/13/2008;47.33;47.33;44.76;45.71;1330909;135120288.000
03/14/2008;46.09;47.90;46.09;47.49;2004990;209321376.000
03/17/2008;48.13;48.58;46.54;47.53;1792849;189387712.000
03/18/2008;46.31;46.31;42.75;44.33;3077395;299616512.000
03/19/2008;44.33;45.63;42.13;44.30;3331429;324224192.000
03/20/2008;39.84;41.58;39.84;41.10;6118375;545596672.000
03/21/2008;39.26;41.76;37.45;41.55;5775683;499040704.000
03/25/2008;38.35;39.95;37.36;39.15;3555825;302476224.000
03/26/2008;39.83;41.54;39.49;39.58;2502907;223525776.000
03/27/2008;40.08;40.08;37.54;38.04;2422514;205975520.000
03/28/2008;36.99;39.12;36.17;38.81;2301158;192285472.000
03/31/2008;37.54;37.54;35.63;35.68;2409374;195396576.000
04/01/2008;35.57;35.57;32.08;32.08;2967259;216116704.000
04/02/2008;30.31;30.45;28.85;29.24;6662945;431774368.000
04/03/2008;28.35;30.63;26.99;30.15;2058979;135877504.000
04/07/2008;30.17;32.85;28.81;32.34;3069488;212933472.000
04/08/2008;32.79;34.26;31.31;33.32;3379898;248780464.000
04/09/2008;32.45;32.90;30.02;30.70;2714340;191233504.000
04/10/2008;30.49;32.08;30.02;31.97;2776123;193015952.000
04/11/2008;31.99;32.20;31.22;31.63;1810445;127275456.000
04/14/2008;30.85;30.85;28.72;29.26;1606495;105391504.000
04/15/2008;29.26;30.08;28.35;30.06;1762690;114579984.000
04/16/2008;30.06;30.52;29.04;29.08;1109512;73173984.000
04/17/2008;29.72;30.26;28.90;29.70;3068585;202137440.000
04/18/2008;29.62;30.06;28.72;29.27;1938819;126575840.000
04/21/2008;30.68;31.54;26.31;26.31;5320683;323050400.000
04/22/2008;25.30;26.54;23.65;24.62;3590636;192183792.000
04/23/2008;27.10;27.10;25.07;25.70;3147622;179295056.000
04/24/2008;27.81;28.30;26.49;28.30;11852311;732346304.000
04/25/2008;27.67;28.40;26.49;27.15;13513626;819204224.000
04/28/2008;26.08;27.11;25.63;26.03;4523952;263891664.000
04/29/2008;26.03;26.54;25.20;25.83;5720376;328893632.000
04/30/2008;25.63;27.22;25.63;26.80;10984439;648681216.000
05/05/2008;27.39;29.51;27.38;29.51;6347857;408279296.000
05/06/2008;31.08;32.44;30.26;31.53;15341278;1069663488.000
05/07/2008;31.72;31.72;29.29;29.38;8389419;568490432.000
05/08/2008;28.58;31.53;27.90;31.11;7187263;466962176.000
05/09/2008;31.45;31.76;29.26;30.71;6817102;464766400.000
05/12/2008;29.93;31.54;29.27;30.80;5450882;374546816.000
05/14/2008;29.25;31.54;29.04;31.00;7442373;508944864.000
05/15/2008;31.17;32.12;30.04;30.45;5741211;397871520.000
05/16/2008;30.95;31.31;29.27;29.95;4138379;276185728.000
05/19/2008;30.65;31.53;30.45;31.22;6011854;415236256.000
05/20/2008;31.53;31.99;29.49;29.72;5364369;368549344.000
05/21/2008;30.17;30.49;28.30;30.04;4762375;313788544.000
05/22/2008;30.08;30.72;29.81;30.63;5304719;358196640.000
05/23/2008;30.02;30.49;29.26;29.62;3123775;206440480.000
05/26/2008;29.62;29.85;29.26;29.34;2363068;155183776.000
05/27/2008;29.22;31.20;29.07;30.82;4484945;303804256.000
05/28/2008;30.49;31.37;30.18;30.92;5043749;346606464.000
05/29/2008;31.01;31.05;29.67;29.72;3491606;235250592.000
05/30/2008;29.49;29.94;28.45;29.44;3569215;229766864.000
06/02/2008;29.44;30.79;29.08;30.27;3138902;208699968.000
06/03/2008;30.17;30.31;29.34;30.07;1617491;106914576.000
06/04/2008;29.74;29.74;28.51;28.82;2076640;133655200.000
06/05/2008;28.72;28.75;27.54;27.56;1763382;109504848.000
06/06/2008;27.54;28.03;26.99;27.29;1703743;103976648.000
06/10/2008;26.29;26.70;24.72;24.73;2507651;142234080.000
06/11/2008;23.99;23.99;22.63;23.58;2962084;153929632.000
06/12/2008;23.32;23.98;22.22;22.95;2049015;105030496.000
06/13/2008;22.40;23.34;20.72;20.80;2400578;115625896.000
06/16/2008;21.08;21.08;19.35;19.65;2102816;93963728.000
06/17/2008;19.71;20.12;19.26;19.84;3165529;139445056.000
06/18/2008;19.67;21.07;18.72;20.59;4765793;213819408.000
06/19/2008;20.54;20.54;18.50;18.50;3407913;146588352.000
06/20/2008;18.85;19.82;17.63;19.04;4616052;196223856.000
06/23/2008;18.61;20.97;18.24;20.97;7524772;340518176.000
06/24/2008;19.95;21.08;19.72;20.60;6320429;285624448.000
06/25/2008;20.40;21.31;20.13;21.29;4702527;220404864.000
06/26/2008;21.54;22.88;21.29;22.31;5567890;275153984.000
06/27/2008;22.56;24.57;21.99;22.60;7203912;371504416.000
06/30/2008;23.12;23.13;21.10;22.37;4121710;203138032.000
07/01/2008;21.77;22.16;21.08;21.59;3041140;145498672.000
07/02/2008;22.00;23.00;21.72;22.40;3527156;176164928.000
07/03/2008;22.26;23.95;21.54;23.34;4814949;247314400.000
07/04/2008;22.45;23.10;22.30;22.59;2874184;145351696.000
07/07/2008;22.63;23.67;22.19;22.92;4136303;208270880.000
07/08/2008;22.64;23.45;22.52;23.18;3945709;201011808.000
07/09/2008;22.87;24.50;22.49;24.08;6005095;310156544.000
07/10/2008;23.95;24.59;23.55;23.70;3931834;208902512.000
07/11/2008;24.14;24.90;24.01;24.31;3942888;212799328.000
07/14/2008;25.14;26.20;24.99;25.58;4671782;263705488.000
07/15/2008;26.31;26.71;24.76;24.96;4716100;266834048.000
07/16/2008;24.39;24.39;22.46;22.80;4338415;223073808.000
07/17/2008;22.64;23.09;21.74;21.98;3408766;168539536.000
07/18/2008;21.73;22.86;21.73;22.75;2223738;109262928.000
07/21/2008;22.59;23.54;22.18;23.40;1915661;97733360.000
07/22/2008;23.54;24.50;23.54;24.12;2320870;123611216.000
07/23/2008;23.32;23.77;22.91;23.57;2690034;138602880.000
07/24/2008;22.69;23.57;22.64;23.36;2502430;128051960.000
07/25/2008;23.10;23.31;22.91;23.06;2405769;122461640.000
07/28/2008;23.16;23.45;22.19;22.89;4504576;224774784.000
07/29/2008;22.64;23.36;22.49;22.92;2595859;131770696.000
07/30/2008;22.55;22.74;21.95;22.06;2257686;111313456.000
07/31/2008;22.07;22.26;21.00;21.09;2672246;125740512.000
08/01/2008;21.11;21.37;19.73;20.89;2930752;132865016.000
08/04/2008;20.82;21.65;20.39;21.19;2315215;108810456.000
08/05/2008;20.68;20.81;19.65;19.76;1917035;85588368.000
08/06/2008;19.45;19.64;18.48;19.10;3573166;149024544.000
08/07/2008;18.80;19.17;18.50;19.07;1975687;82212208.000
08/08/2008;18.77;19.03;18.36;18.54;1774121;73188744.000
08/11/2008;18.00;18.09;16.68;16.70;2289691;87577984.000
08/12/2008;15.36;16.04;15.14;15.61;3696073;126431696.000
08/13/2008;15.31;15.99;14.59;15.90;4351088;146093296.000
08/14/2008;15.87;16.23;15.32;15.65;3076449;107244128.000
08/15/2008;14.90;15.32;14.39;14.95;3262257;107658336.000
08/18/2008;14.95;14.95;13.50;13.54;3103511;96048272.000
08/19/2008;13.40;13.66;13.04;13.53;3436558;101840656.000
08/20/2008;13.76;14.89;13.50;14.89;4748260;151107328.000
08/21/2008;14.77;14.93;14.36;14.68;3194327;103389528.000
08/22/2008;15.00;15.27;14.68;15.00;3459372;114818984.000
08/25/2008;14.59;14.59;13.77;14.32;2216697;70184144.000
08/26/2008;13.91;14.00;13.28;13.33;2207192;66279552.000
08/27/2008;13.32;13.73;13.18;13.59;1672099;50135800.000
08/28/2008;13.64;14.08;13.55;13.90;1666921;50983580.000
08/29/2008;13.86;14.35;13.77;14.18;1609794;50402008.000
09/01/2008;14.00;14.00;13.56;13.76;1230663;37548972.000
09/02/2008;13.09;13.49;13.00;13.16;1580452;46286812.000
09/03/2008;13.08;13.08;12.18;12.25;3736109;102530928.000
09/04/2008;12.18;12.73;11.91;12.50;3025453;82192584.000
09/05/2008;11.91;12.03;11.75;11.76;2364471;62346304.000
09/08/2008;11.91;12.04;11.72;11.77;2354125;61949752.000
09/09/2008;11.64;11.73;11.23;11.31;2564421;64727944.000
09/10/2008;10.73;11.31;10.55;10.87;3376251;81782600.000
09/11/2008;10.67;10.67;10.34;10.41;3303374;76708920.000
09/12/2008;10.34;10.82;10.27;10.61;1974672;46260452.000
09/16/2008;10.77;11.05;10.75;10.79;4042118;97798328.000
09/17/2008;10.77;10.95;10.55;10.83;2681901;64308768.000
09/18/2008;11.92;11.92;11.68;11.92;9448856;249461312.000
09/19/2008;13.12;13.12;13.12;13.12;456287;13259700.000
09/22/2008;14.23;14.44;13.50;14.44;13300989;418854112.000
09/23/2008;14.61;15.90;14.60;15.90;15328349;527566304.000
09/25/2008;15.14;17.09;15.14;15.90;13971074;493598432.000
09/26/2008;15.59;15.68;14.91;15.23;5945525;200724416.000
10/06/2008;13.95;14.55;13.70;13.77;5137057;160146400.000
10/07/2008;14.32;14.68;14.20;14.45;5707885;182326144.000
10/08/2008;14.50;15.91;14.50;15.91;8094601;273989088.000
10/09/2008;16.33;16.77;14.94;15.30;7988435;277312544.000
10/10/2008;15.61;16.00;14.69;15.54;7249465;248809184.000
10/13/2008;14.18;14.98;14.00;14.62;6029194;192455376.000
10/14/2008;14.45;15.17;14.35;14.89;6348634;207274448.000
10/15/2008;14.46;14.71;14.01;14.15;3275482;103744256.000
10/16/2008;13.68;13.98;12.73;12.73;5328194;157071264.000
10/17/2008;11.95;12.65;11.79;12.57;5201105;140806528.000
10/20/2008;12.18;12.92;11.85;12.91;5118560;140656944.000
10/21/2008;12.96;13.09;12.55;12.55;3349798;94357544.000
10/22/2008;11.95;12.32;11.78;11.81;3629465;96369640.000
10/23/2008;11.22;12.27;10.64;12.21;5095481;127757176.000
10/24/2008;11.82;12.05;11.28;11.59;3096870;80689264.000
10/27/2008;11.86;12.05;11.05;11.14;4441003;114332368.000
10/28/2008;10.77;11.73;10.69;11.67;5431055;135404976.000
10/29/2008;11.73;11.82;11.10;11.25;3823506;96768248.000
10/30/2008;11.43;11.75;11.37;11.70;4482290;115525184.000
10/31/2008;11.25;11.62;11.18;11.30;2614739;66069204.000
11/03/2008;11.05;11.35;11.00;11.24;1660642;41265240.000
11/04/2008;11.22;11.22;10.72;10.78;1958674;47220388.000
11/05/2008;11.18;11.52;11.09;11.30;3740719;94039456.000
11/06/2008;10.91;10.93;10.58;10.83;2036240;48895616.000
11/07/2008;10.50;10.93;10.45;10.84;2516617;60143232.000
11/10/2008;11.12;11.75;11.12;11.57;3675359;93430464.000
11/11/2008;11.60;11.77;11.36;11.50;3564797;91622496.000
11/12/2008;11.27;11.76;11.23;11.65;3333497;85509536.000
11/13/2008;11.30;12.26;11.25;12.03;7675667;199112400.000
11/14/2008;12.19;13.25;12.18;13.25;11279056;321813664.000
11/17/2008;13.43;13.91;13.32;13.73;7277396;219185664.000
11/18/2008;13.50;13.50;12.35;12.38;8179776;233532704.000
11/19/2008;12.18;13.52;12.16;13.37;4944661;141114032.000
11/20/2008;13.09;14.71;12.89;14.46;11849343;376051040.000
11/21/2008;14.40;14.59;13.39;14.08;7965205;246628928.000
11/24/2008;15.20;15.20;14.08;14.09;7163797;230138736.000
11/25/2008;14.60;14.84;14.23;14.50;6609568;213266672.000
11/26/2008;14.32;14.40;13.95;14.21;4068317;127883904.000
11/27/2008;14.85;15.22;14.20;14.21;5911939;192358368.000
11/28/2008;14.00;14.00;13.33;13.54;3857257;116461832.000
12/01/2008;13.73;14.21;13.41;14.18;2897735;88140528.000
12/02/2008;13.49;13.85;13.09;13.62;3808080;114652072.000
12/03/2008;13.65;14.18;13.65;14.03;3925264;121469856.000
12/04/2008;14.23;14.91;14.09;14.22;5807307;186875408.000
12/05/2008;14.09;14.40;14.02;14.35;3918435;122898552.000
12/08/2008;14.49;15.08;14.30;15.05;6665584;217432992.000
12/09/2008;15.21;15.80;15.16;15.29;7212915;246676624.000
12/10/2008;15.18;15.59;14.96;15.48;4613882;157115840.000
12/11/2008;15.95;16.54;15.95;16.16;8921489;320525952.000
12/12/2008;16.26;16.53;14.86;15.27;7498426;261506880.000
12/15/2008;15.75;15.97;15.45;15.71;4991801;173657008.000
12/16/2008;15.76;16.22;15.55;16.03;4102974;144712960.000
12/17/2008;16.39;16.95;16.39;16.55;6263582;230486048.000
12/18/2008;16.93;17.05;16.23;16.55;5239741;193477120.000
12/19/2008;16.22;16.72;16.05;16.35;3799260;137247616.000
12/22/2008;16.20;16.39;15.73;16.05;3152481;111435192.000
12/23/2008;16.09;16.58;15.83;15.92;5021197;181040720.000
12/24/2008;15.54;15.59;15.18;15.46;3057821;103629128.000
12/25/2008;15.45;15.67;15.31;15.45;1563298;53485804.000
12/26/2008;15.52;15.54;15.18;15.45;1528172;52169732.000
12/29/2008;16.19;17.00;15.95;16.86;6619711;242481440.000
12/30/2008;16.81;17.32;16.59;16.93;4764255;179734736.000
12/31/2008;16.73;17.16;16.50;16.84;3830194;142664576.000
01/05/2009;17.00;17.32;17.00;17.25;2744729;104158768.000
01/07/2009;17.22;17.22;16.50;16.68;5282242;195339168.000
01/08/2009;16.18;16.18;15.73;15.92;3911032;137679792.000
01/09/2009;16.10;16.36;16.10;16.27;1945809;69919976.000
01/12/2009;16.27;16.81;16.09;16.60;3384629;124298504.000
01/13/2009;15.82;16.27;15.82;15.91;2556358;90453232.000
01/14/2009;15.91;16.23;15.82;16.17;4226549;149421120.000
01/15/2009;15.91;15.95;15.59;15.77;6735286;235039248.000
01/16/2009;15.95;16.44;15.77;16.24;4151156;148039504.000
01/19/2009;16.73;16.86;16.27;16.38;4172584;152586112.000
01/20/2009;16.26;16.36;15.91;16.33;2413609;85969232.000
01/21/2009;16.39;16.68;15.59;16.45;3260261;118767048.000
01/22/2009;16.70;16.75;16.41;16.59;3600265;131696240.000
01/23/2009;16.70;16.70;16.26;16.43;3024320;110181624.000
02/02/2009;18.05;18.09;17.55;18.09;12307853;485921728.000
02/03/2009;17.80;18.62;17.72;18.12;8151495;327049088.000
02/04/2009;17.86;18.39;17.69;18.23;6022852;239562496.000
02/05/2009;18.32;18.59;17.83;18.00;4850398;195576848.000
02/06/2009;18.23;19.70;18.23;19.41;7693851;327467424.000
02/09/2009;19.45;20.27;19.45;20.16;4955282;217913264.000
02/10/2009;19.77;20.10;19.45;19.90;4856547;211788160.000
02/11/2009;20.27;21.48;20.00;20.41;5211159;238130640.000
02/12/2009;21.68;21.73;21.00;21.60;7979260;377546752.000
02/13/2009;22.00;22.32;21.41;22.18;4529419;217669216.000
02/16/2009;22.18;22.31;21.73;21.97;4349367;211085584.000
02/17/2009;22.02;23.29;21.07;22.85;6686729;330200512.000
02/18/2009;22.91;23.77;22.91;23.30;5950692;307079296.000
02/19/2009;23.64;23.95;22.56;22.99;4677006;238273648.000
02/20/2009;22.64;23.16;22.30;23.12;4025545;202550464.000
02/23/2009;23.80;25.34;23.47;24.98;6866838;370816128.000
02/24/2009;24.68;26.93;24.23;26.25;8377908;479194048.000
02/25/2009;25.14;26.08;24.77;24.96;8044480;448127936.000
02/26/2009;24.90;24.90;22.45;23.27;8099722;419455552.000
02/27/2009;21.73;22.64;20.93;22.62;10413849;500293600.000
03/02/2009;22.64;24.23;21.62;24.12;9385071;477572352.000
03/03/2009;22.63;23.15;22.31;22.64;10837466;545783168.000
03/04/2009;21.86;23.22;21.43;22.80;16547267;817103808.000
03/05/2009;22.64;23.76;22.32;23.02;13667570;693043520.000
03/06/2009;23.69;23.81;22.86;23.33;10064712;519955904.000
03/09/2009;23.22;23.23;21.73;21.80;8187057;405264800.000
03/10/2009;21.00;21.71;20.91;21.57;5385377;253316512.000
03/11/2009;21.25;22.18;21.14;21.68;8955750;425208032.000
03/12/2009;21.73;21.75;21.00;21.38;4440280;209235936.000
03/13/2009;21.55;21.98;21.23;21.36;4095818;195973104.000
03/16/2009;21.36;21.59;21.09;21.36;2758941;130056936.000
03/17/2009;21.43;21.99;21.05;21.84;5788575;275964416.000
03/18/2009;21.73;22.55;21.55;22.16;6751966;327992864.000
03/19/2009;22.64;23.81;22.32;23.62;11583010;591506048.000
03/20/2009;24.90;25.99;24.90;25.99;17576698;995437120.000
03/23/2009;26.78;28.60;26.78;28.60;25827838;1589692160.000
03/24/2009;28.02;28.41;26.73;26.90;15107084;914023872.000
03/25/2009;25.97;28.32;25.81;26.50;15584043;929351936.000
03/26/2009;26.73;27.77;25.85;27.44;11762060;699013184.000
03/27/2009;27.63;27.63;26.55;26.85;8423819;501634912.000
03/30/2009;26.27;26.86;25.82;26.39;6531517;378331264.000
03/31/2009;25.82;27.43;25.64;26.87;7517979;442874688.000
04/01/2009;26.84;27.36;26.68;26.79;7034822;419074304.000
04/02/2009;26.98;27.31;26.73;26.79;5581879;331937088.000
04/03/2009;26.18;26.18;24.79;25.32;17073288;955676992.000
04/07/2009;24.25;25.43;24.00;25.28;9972880;545594368.000
04/08/2009;25.32;25.58;24.97;25.30;7333143;410900032.000
04/09/2009;25.27;25.32;24.37;24.95;6065497;332931712.000
04/10/2009;24.91;26.32;24.44;25.97;10627375;597013120.000
04/13/2009;25.95;26.59;25.51;26.21;9829961;565844288.000
04/14/2009;26.69;27.18;26.23;26.63;7807361;460304480.000
04/15/2009;26.27;26.52;26.00;26.31;7445656;431511616.000
04/16/2009;26.27;26.27;25.66;26.12;5825596;334310784.000
04/17/2009;25.36;25.36;24.82;24.98;8306983;460465920.000
04/20/2009;24.68;25.59;24.45;25.36;5336401;296911968.000
04/21/2009;25.87;26.50;25.65;26.02;8145432;468263360.000
04/22/2009;25.77;25.77;24.77;25.07;5062075;283427520.000
04/23/2009;25.18;25.59;24.45;25.15;3349128;185261840.000
04/24/2009;25.73;27.51;25.39;27.00;15002367;880076352.000
04/27/2009;27.54;28.54;27.41;27.91;18251850;1124491136.000
04/28/2009;26.73;27.19;25.97;26.50;11209988;656832960.000
04/29/2009;26.68;27.64;26.55;27.35;15971793;958435008.000
04/30/2009;27.48;27.48;26.69;27.18;8124790;484320896.000
05/04/2009;26.73;27.59;26.64;27.57;8621827;517472928.000
05/05/2009;28.08;29.27;27.95;28.42;14621295;921356608.000
05/06/2009;28.08;28.76;27.96;28.40;7745917;484653888.000
05/07/2009;28.77;29.32;28.45;28.94;8641955;551838400.000
05/08/2009;28.95;29.33;28.45;28.81;7222741;458178240.000
05/11/2009;28.79;28.79;27.18;27.19;11790397;719458112.000
05/12/2009;26.73;27.63;26.73;27.52;5074478;304916928.000
05/13/2009;28.23;28.81;28.23;28.44;8249295;519008320.000
05/14/2009;28.14;28.61;27.73;28.00;6617993;410823200.000
05/15/2009;28.31;28.31;27.75;28.09;4128390;254954240.000
05/20/2009;29.45;30.82;28.92;30.31;15922861;1055379904.000
05/21/2009;30.81;33.35;30.49;33.35;21244219;1518963840.000
05/22/2009;33.35;34.44;32.44;32.76;17118008;1262841600.000
05/25/2009;32.59;34.22;32.52;33.07;12367540;906292736.000
05/26/2009;32.95;33.30;31.78;31.82;10207462;728148608.000
05/27/2009;33.00;34.99;32.33;34.79;17216953;1281525632.000
06/01/2009;36.45;38.27;35.76;38.10;19005602;1561066112.000
06/02/2009;37.86;39.68;37.27;38.35;20920813;1788591872.000
06/03/2009;39.17;42.20;39.05;42.20;17224859;1542849792.000
06/04/2009;41.09;43.75;40.17;42.32;21975293;2028267520.000
06/05/2009;44.75;46.55;44.75;46.55;20357483;941735808.000
06/08/2009;45.58;50.50;44.70;48.29;90232746;4331510272.000
06/09/2009;47.49;48.70;45.41;48.01;46723778;2198548480.000
06/10/2009;48.60;49.50;47.40;48.70;35225237;1701829760.000
06/11/2009;48.00;48.58;46.85;46.95;22836123;1084609152.000
06/12/2009;47.00;47.50;44.18;44.92;39944316;1818437248.000
06/15/2009;42.30;44.18;42.30;43.04;29078151;1252957568.000
06/16/2009;42.56;47.34;42.50;47.34;51080710;2344615680.000
06/17/2009;48.38;52.07;47.01;50.62;79477210;4009779712.000
06/18/2009;51.00;53.17;49.88;52.02;59121699;3059019520.000
06/19/2009;51.49;51.98;50.30;51.02;33439619;1703730304.000
06/22/2009;51.02;56.12;51.00;56.11;60149226;3284024320.000
06/23/2009;54.50;57.50;54.00;56.62;58267476;3263900672.000
06/24/2009;57.50;62.28;57.50;62.28;53894652;3264391680.000
06/25/2009;64.85;66.00;62.00;64.40;69929698;4482229248.000
06/26/2009;65.45;66.00;62.80;64.61;40702361;2609754880.000
06/29/2009;63.90;64.80;59.00;61.42;61592079;3809103360.000
06/30/2009;61.40;66.96;59.01;65.88;72833736;4651852288.000
07/01/2009;63.90;67.40;62.88;64.81;61415561;3999034624.000
07/02/2009;65.50;67.30;64.41;64.94;48395436;3177530368.000
07/03/2009;63.70;64.61;63.00;63.61;35312858;2247025920.000
07/06/2009;63.00;64.99;62.00;63.63;31070204;1975905024.000
07/07/2009;63.00;63.55;61.55;62.00;30514651;1906028288.000
07/08/2009;61.46;64.31;61.00;62.99;33222213;2107261440.000
07/09/2009;62.00;62.60;61.50;62.44;31265872;1936719872.000
07/10/2009;63.00;64.10;62.10;62.54;25332893;1599921408.000
07/13/2009;61.95;61.99;61.00;61.12;23380701;1431740160.000
07/14/2009;61.78;62.65;61.50;62.08;18409454;1140348288.000
07/15/2009;62.52;64.46;61.78;64.38;39816248;2517397760.000
07/16/2009;65.80;66.65;63.18;63.74;38292806;2497850624.000
07/17/2009;62.90;63.97;62.20;63.14;20471536;1287963136.000
07/20/2009;63.21;65.50;63.21;64.68;33745453;2178368512.000
07/21/2009;66.00;66.99;64.50;64.58;33307987;2176443136.000
07/22/2009;64.00;64.88;63.50;64.15;25137872;1607552000.000
07/23/2009;64.75;65.20;63.00;63.44;20065564;1276290944.000
07/24/2009;63.50;63.80;61.60;62.57;26552092;1654627456.000
07/27/2009;62.10;68.83;61.70;68.83;75596848;4982584320.000
07/28/2009;69.11;70.79;66.50;67.75;64685946;4461937664.000
07/29/2009;66.20;66.20;60.99;62.31;44075816;2817828608.000
07/30/2009;61.95;63.08;59.18;62.00;36387252;2222109952.000
07/31/2009;62.88;63.98;61.61;63.36;29229131;1839721472.000
08/03/2009;64.98;65.50;63.70;63.96;28127044;1816572416.000
08/04/2009;64.40;64.50;61.73;63.47;23805893;1497201152.000
08/05/2009;64.29;66.90;63.66;64.88;37745171;2468064512.000
08/06/2009;63.35;63.70;62.00;62.46;22756702;1425205632.000
08/07/2009;62.30;62.99;60.50;60.69;18442424;1137959424.000
08/10/2009;60.90;61.59;58.81;59.95;18625436;1116186368.000
08/11/2009;59.70;60.01;57.21;59.29;16418742;962504256.000
08/12/2009;58.90;58.90;54.20;55.21;20262852;1146203392.000
08/13/2009;55.06;57.40;54.43;56.95;19246285;1076387584.000
08/14/2009;57.11;57.50;54.68;54.90;15610317;872202112.000
08/17/2009;53.00;53.00;49.41;49.41;23137363;1177052928.000
08/18/2009;48.80;53.90;47.40;52.41;23615204;1181152128.000
08/19/2009;52.40;52.40;48.80;49.52;19129541;963160320.000
08/20/2009;50.00;52.30;49.99;51.60;23199557;1192913408.000
08/21/2009;50.80;51.78;50.12;51.55;17824426;911286784.000
08/24/2009;52.80;53.28;51.79;52.40;17965829;943335680.000
08/25/2009;51.00;51.41;48.93;50.06;16949233;847000704.000
08/26/2009;49.90;51.49;49.21;50.71;12010590;609036864.000
08/27/2009;49.99;50.37;49.34;49.80;13086780;650953664.000
08/28/2009;49.82;53.38;49.56;51.50;32713775;1704256000.000
08/31/2009;52.05;53.55;49.89;50.03;28947701;1507763584.000
09/01/2009;48.02;49.10;45.80;47.52;20751164;985158336.000
09/02/2009;47.30;48.49;46.41;47.55;11998958;567764800.000
09/03/2009;50.39;52.31;50.39;52.31;39585970;2050471040.000
09/04/2009;54.58;56.98;53.55;54.10;48212967;2665911296.000
09/07/2009;54.90;58.00;53.40;56.74;39851542;2216709632.000
09/08/2009;56.65;60.71;54.89;59.99;45458011;2610873088.000
09/09/2009;60.33;61.46;58.01;59.02;41321939;2478452224.000
09/10/2009;57.50;58.79;56.55;57.04;22648801;1300892032.000
09/11/2009;56.80;60.45;56.22;58.21;26733764;1569231232.000
09/14/2009;59.93;60.21;58.00;58.20;22889436;1348057600.000
09/15/2009;57.90;58.98;56.83;57.90;19018590;1098834560.000
09/16/2009;58.78;63.69;58.29;63.29;61894849;3796135936.000
09/17/2009;63.50;64.53;62.01;62.86;52807314;3336556032.000
09/18/2009;61.00;61.61;58.08;59.02;30723149;1854906752.000
09/21/2009;57.50;57.50;55.40;57.27;22533031;1272168064.000
09/22/2009;56.97;62.50;56.50;60.38;34403218;2060334464.000
09/23/2009;61.50;62.10;57.40;58.14;29453361;1767734400.000
09/24/2009;56.80;58.15;55.45;57.50;19067908;1082020736.000
09/25/2009;54.90;55.49;54.00;54.60;18291033;1002928256.000
09/28/2009;54.50;55.32;51.01;51.41;15676880;834497408.000
09/29/2009;51.70;53.00;51.08;52.35;12813709;668410176.000
09/30/2009;53.30;55.28;53.30;54.25;15242207;827660160.000
10/09/2009;59.68;59.68;59.68;59.68;6710874;400504960.000
10/12/2009;63.00;63.00;60.12;60.69;37437250;2299564032.000
10/13/2009;60.90;61.15;58.82;60.70;21635262;1303327872.000
10/14/2009;61.81;62.11;60.31;60.51;21768475;1333412352.000
10/15/2009;60.35;60.50;58.90;58.96;16049749;956524672.000
10/16/2009;58.10;60.09;57.50;59.31;17548313;1035950784.000
10/19/2009;58.85;61.53;58.09;60.96;20911001;1256201984.000
10/20/2009;61.55;62.13;60.76;61.58;23061362;1419273984.000
10/21/2009;60.44;60.50;59.40;59.68;16173393;970214912.000
10/22/2009;60.00;60.65;59.00;59.18;12310274;735810816.000
10/23/2009;59.22;60.53;59.22;60.09;13025120;782154240.000
10/26/2009;59.49;59.50;58.88;59.17;10934375;646711552.000
10/27/2009;57.88;57.95;56.81;56.91;18448634;1058097792.000
10/29/2009;55.70;55.70;55.00;55.15;12951240;715721088.000
10/30/2009;56.90;57.50;55.80;56.28;11062662;627277312.000
11/02/2009;55.10;57.01;54.24;57.00;10724963;600496704.000
11/03/2009;58.40;59.50;58.05;58.30;15242599;897317376.000
11/04/2009;60.60;61.99;59.06;59.34;18743145;1129331072.000
11/05/2009;60.50;60.55;58.84;59.47;13254367;789438208.000
11/06/2009;59.90;60.38;59.12;59.93;15778442;942823360.000
11/09/2009;60.51;64.65;60.01;62.68;39394336;2451585280.000
11/10/2009;63.00;63.00;60.50;60.59;27634695;1694236416.000
11/11/2009;61.00;61.85;60.35;60.62;14113096;860634624.000
11/12/2009;61.50;61.99;60.50;61.17;13936169;850505600.000
11/13/2009;60.00;60.00;59.00;59.81;15266009;907209984.000
11/16/2009;60.60;61.57;60.20;61.10;18247521;1111216512.000
11/17/2009;62.00;62.30;60.58;60.69;14512982;886793664.000
11/18/2009;60.70;60.89;60.00;60.34;10348246;623965376.000
11/19/2009;60.53;62.25;60.16;61.17;17543189;1075221888.000
11/20/2009;60.80;61.10;60.08;60.66;10500669;635900672.000
11/23/2009;61.15;62.18;61.00;61.84;26151207;1616118016.000
11/24/2009;61.82;63.50;60.50;60.65;37491219;2332991232.000
11/25/2009;60.55;65.00;60.45;63.93;45185838;2843729408.000
11/26/2009;64.85;65.89;62.20;62.50;41407859;2650930432.000
11/27/2009;60.98;61.22;57.90;58.50;26305537;1574422016.000
11/30/2009;60.00;60.20;58.72;59.82;13902735;825298624.000
12/01/2009;59.90;61.78;59.10;60.61;14266885;866101376.000
12/02/2009;62.51;66.67;61.50;66.67;57443232;3698858496.000
12/03/2009;68.50;68.81;65.61;65.90;61242624;4117646592.000
12/04/2009;64.50;65.89;62.50;64.37;32741080;2096875520.000
12/07/2009;61.00;62.77;60.63;62.72;21630386;1336541568.000
12/08/2009;62.25;63.28;61.56;62.11;14710380;916208320.000
12/09/2009;60.60;62.02;60.60;61.00;14201800;868492288.000
12/10/2009;61.58;61.82;60.32;61.27;11320183;690031296.000
12/11/2009;61.32;61.85;60.76;60.99;10536380;645142784.000
12/14/2009;60.40;61.59;59.30;61.52;14203087;860097984.000
12/15/2009;61.19;61.35;60.25;60.65;8611835;523251168.000
12/16/2009;60.40;61.19;60.20;60.80;6563387;398707552.000
12/17/2009;61.10;61.28;59.68;59.69;9430611;567967552.000
12/18/2009;58.00;58.90;56.84;56.87;12942858;745778304.000
12/21/2009;56.87;57.37;56.28;56.99;6982677;396921120.000
12/22/2009;56.36;56.36;54.02;55.52;11451990;633248320.000
12/23/2009;54.60;55.49;54.36;54.94;6119002;336198880.000
12/24/2009;55.30;59.00;55.30;57.68;14498008;829648320.000
12/25/2009;57.61;57.61;56.00;56.18;9188080;518013152.000
12/28/2009;56.20;58.22;56.20;57.22;7947723;457270176.000
12/29/2009;56.88;57.57;56.28;57.32;7174326;407124544.000
12/30/2009;56.60;57.80;55.96;57.24;10024606;569285312.000
12/31/2009;57.00;58.32;56.82;58.28;10420461;601822016.000
01/04/2010;57.95;57.95;57.30;57.41;9921617;570892544.000
01/05/2010;58.30;58.98;57.90;58.05;11307953;659414656.000
01/06/2010;57.80;57.90;57.20;57.23;9372798;538475968.000
01/07/2010;58.00;58.19;56.29;56.42;9112045;520566560.000
01/08/2010;55.89;56.30;55.30;56.21;6053190;337939680.000
01/11/2010;57.30;57.90;56.51;56.97;5526878;314718176.000
01/12/2010;56.88;57.20;56.18;56.95;7104320;402112576.000
01/13/2010;55.40;55.97;54.91;55.26;8161476;452494720.000
01/14/2010;56.00;56.20;55.01;55.61;5086115;282293824.000
01/15/2010;55.65;56.20;55.31;56.07;5292113;294980928.000
01/18/2010;55.60;55.79;55.20;55.72;5364072;297416096.000
01/19/2010;55.73;57.00;55.55;56.33;6813741;384369280.000
01/20/2010;56.45;56.72;54.60;54.77;6545228;362077664.000
01/21/2010;54.30;54.40;52.60;53.43;9294964;496591296.000
01/22/2010;52.40;52.89;51.00;52.46;9072027;469109984.000
01/25/2010;51.30;53.30;51.22;52.66;5634473;294251616.000
01/26/2010;52.66;52.87;50.50;50.63;5055256;258884192.000
01/27/2010;50.98;50.98;49.20;49.26;5132019;255498304.000
01/28/2010;48.65;50.88;47.50;49.62;5960750;292109280.000
01/29/2010;48.70;50.50;48.52;49.33;3864301;192131904.000
02/01/2010;49.45;49.50;47.65;47.84;4821666;232417792.000
02/02/2010;48.90;52.14;48.42;49.39;10221012;513353536.000
02/03/2010;50.00;50.99;49.15;50.52;6618969;331313632.000
02/04/2010;50.10;50.10;49.41;49.52;4410853;218945840.000
02/05/2010;47.00;48.00;46.80;47.75;6028441;286315968.000
02/08/2010;47.80;48.55;47.79;48.02;2995975;144012576.000
02/09/2010;47.90;49.10;47.85;48.51;2819427;136655456.000
02/10/2010;49.49;49.49;48.50;48.83;2551811;124657200.000
02/11/2010;48.83;49.88;48.60;49.65;4073583;201704992.000
02/12/2010;50.18;52.10;50.16;51.40;8798629;451432640.000
02/22/2010;51.90;52.18;50.60;50.68;4785530;245288144.000
02/23/2010;50.20;50.20;48.56;49.47;4154320;205010544.000
02/24/2010;48.80;49.89;48.61;49.81;3660418;180113552.000
02/25/2010;49.40;50.11;49.00;49.94;7583584;376452192.000
02/26/2010;50.10;50.40;49.48;49.77;4815766;240525248.000
03/01/2010;50.39;50.94;50.02;50.35;5169322;260645856.000
03/02/2010;50.10;50.16;49.29;49.44;4606318;228334656.000
03/03/2010;50.00;50.99;49.70;50.40;6139793;309109920.000
03/04/2010;50.44;50.79;49.11;49.26;4784399;238308336.000
03/05/2010;49.11;49.65;48.81;49.31;3046173;150056448.000
03/08/2010;49.45;50.09;49.03;49.88;3692911;183287232.000
03/09/2010;49.15;50.00;48.88;49.53;3838128;189592272.000
03/10/2010;49.50;50.68;49.31;49.90;6584297;330006816.000
03/11/2010;49.57;49.90;49.10;49.27;4122992;203576896.000
03/12/2010;49.50;49.70;49.08;49.15;3781665;186723504.000
03/15/2010;49.09;49.20;48.00;48.16;3625423;175045408.000
03/16/2010;48.16;49.13;48.16;48.70;2898269;141274912.000
03/17/2010;49.30;49.66;49.11;49.54;4040622;199827104.000
03/18/2010;49.85;50.20;49.12;49.32;4196664;208651472.000
03/19/2010;49.05;50.00;49.05;49.63;3909896;193612480.000
03/22/2010;49.50;49.50;49.01;49.22;3444807;169277088.000
03/23/2010;49.16;49.50;48.99;49.03;3436000;169060688.000
