600552 方兴科技 日线
      日期	    开盘	    最高	    最低	    收盘	    成交量	    成交额
11/08/2002;8.38;8.38;7.71;7.72;19543097;270603232.000
11/11/2002;7.62;8.32;7.62;8.16;13277067;185394688.000
11/12/2002;8.15;8.25;7.89;8.24;7594154;106016288.000
11/13/2002;8.21;8.47;8.02;8.34;10452717;150288800.000
11/14/2002;8.25;8.56;8.04;8.17;7951167;114130552.000
11/15/2002;8.09;8.56;8.09;8.43;8645436;125647688.000
11/18/2002;8.46;8.51;8.18;8.33;3764562;54160568.000
11/19/2002;8.33;8.43;8.12;8.36;2875342;41111776.000
11/20/2002;8.27;8.27;7.94;8.00;5189204;72375496.000
11/21/2002;7.97;8.08;7.91;7.98;2402378;33271048.000
11/22/2002;8.08;8.15;7.79;7.95;3081302;42828704.000
11/25/2002;7.90;7.95;7.80;7.84;1392667;18959332.000
11/26/2002;7.85;7.92;7.26;7.29;4290282;55628504.000
11/27/2002;7.21;7.25;6.91;7.14;2915757;35918932.000
11/28/2002;7.11;7.60;7.02;7.58;2545500;32303784.000
11/29/2002;7.50;7.78;7.38;7.55;5633667;74233056.000
12/02/2002;7.50;7.52;7.17;7.18;2553663;32513296.000
12/03/2002;7.15;7.31;7.15;7.30;1307800;16428456.000
12/04/2002;7.30;7.54;7.23;7.34;1623572;20862140.000
12/05/2002;7.31;7.38;7.20;7.31;910440;11503412.000
12/06/2002;7.37;7.48;7.30;7.34;1097363;14058403.000
12/09/2002;7.34;7.45;7.25;7.36;843465;10771147.000
12/10/2002;7.34;7.41;7.20;7.21;856116;10785871.000
12/11/2002;7.18;7.32;7.15;7.32;947600;11905938.000
12/12/2002;7.30;7.49;7.27;7.31;1179311;15111786.000
12/13/2002;7.20;7.44;7.15;7.38;1110672;14099876.000
12/16/2002;7.37;7.50;7.34;7.45;1079941;13924623.000
12/17/2002;7.49;7.52;7.40;7.51;1148624;14871038.000
12/18/2002;7.51;7.62;7.45;7.51;1660840;21711096.000
12/19/2002;7.49;7.54;7.43;7.48;802651;10396750.000
12/20/2002;7.45;7.59;7.43;7.51;1118797;14588239.000
12/23/2002;7.53;7.57;7.45;7.46;822609;10712243.000
12/24/2002;7.44;7.47;7.38;7.46;800500;10296515.000
12/25/2002;7.44;7.53;7.31;7.33;752163;9633960.000
12/26/2002;7.30;7.32;7.03;7.07;1412200;17592766.000
12/27/2002;7.01;7.17;6.96;7.08;902549;11064016.000
12/30/2002;7.05;7.08;6.73;6.77;1498990;17915992.000
12/31/2002;6.80;6.83;6.64;6.64;880205;10300315.000
01/02/2003;6.63;6.71;6.36;6.40;993630;11237645.000
01/03/2003;6.40;6.48;6.34;6.45;589419;6596843.000
01/06/2003;6.45;6.54;6.26;6.49;609660;6811707.000
01/07/2003;6.52;6.79;6.43;6.54;1300289;15049593.000
01/08/2003;6.56;6.83;6.49;6.82;1322192;15413317.000
01/09/2003;6.82;7.02;6.73;6.98;2380039;28542520.000
01/10/2003;7.02;7.17;6.93;6.94;3254415;39985180.000
01/13/2003;6.91;7.08;6.91;7.04;1115029;13575846.000
01/14/2003;7.04;7.62;7.02;7.52;4001433;51342928.000
01/15/2003;7.59;7.75;7.38;7.43;4124428;54172864.000
01/16/2003;7.41;7.94;7.40;7.78;4754781;63882200.000
01/17/2003;7.84;7.85;7.60;7.64;2166739;28868326.000
01/20/2003;7.56;7.66;7.46;7.56;1359754;17836714.000
01/21/2003;7.59;7.64;7.37;7.37;1540058;19941430.000
01/22/2003;7.31;7.43;7.25;7.34;913839;11613542.000
01/23/2003;7.32;7.44;7.19;7.20;764082;9654472.000
01/24/2003;7.18;7.43;7.15;7.42;1153183;14680145.000
01/27/2003;7.43;7.53;7.39;7.49;848901;11014701.000
01/28/2003;7.49;7.61;7.45;7.55;908124;11825840.000
01/29/2003;7.54;7.57;7.46;7.47;714400;9328058.000
02/10/2003;7.47;7.47;7.24;7.25;546500;6931936.000
02/11/2003;7.21;7.35;7.21;7.32;268617;3396547.000
02/12/2003;7.31;7.49;7.26;7.43;429921;5489116.000
02/13/2003;7.47;7.53;7.37;7.37;725360;9364013.000
02/14/2003;7.37;7.41;7.31;7.37;481296;6139733.000
02/17/2003;7.35;7.47;7.27;7.31;465900;5944142.000
02/18/2003;7.29;7.36;7.27;7.34;286833;3639285.000
02/19/2003;7.34;7.43;7.26;7.42;411101;5239370.000
02/20/2003;7.43;7.47;7.38;7.38;476296;6140103.000
02/21/2003;7.38;7.38;7.22;7.23;667342;8416911.000
02/24/2003;7.21;7.37;7.18;7.29;434442;5490922.000
02/25/2003;7.30;7.57;7.30;7.56;2042997;26544776.000
02/26/2003;7.59;7.59;7.50;7.56;775095;10145955.000
02/27/2003;7.57;7.67;7.50;7.53;1198914;15767002.000
02/28/2003;7.56;7.73;7.53;7.70;2315852;30673640.000
03/03/2003;7.72;7.78;7.66;7.75;1635580;21913956.000
03/04/2003;7.75;7.78;7.60;7.64;1081725;14383583.000
03/05/2003;7.62;7.63;7.52;7.56;653477;8566022.000
03/06/2003;7.56;7.61;7.39;7.42;745093;9659278.000
03/07/2003;7.41;7.47;7.37;7.37;530941;6830397.000
03/10/2003;7.22;7.31;7.08;7.08;1021299;12727070.000
03/11/2003;7.05;7.15;7.02;7.11;691193;8526744.000
03/12/2003;7.10;7.19;7.05;7.19;445100;5492158.000
03/13/2003;7.19;7.20;7.06;7.06;330178;4086658.000
03/14/2003;7.10;7.15;7.06;7.09;286718;3536001.000
03/17/2003;7.10;7.10;6.92;7.00;491783;5956316.000
03/18/2003;6.99;7.10;6.90;6.91;487500;5923058.000
03/19/2003;6.89;6.91;6.78;6.84;629075;7489825.000
03/20/2003;6.84;6.94;6.82;6.93;475337;5683258.000
03/21/2003;6.93;7.08;6.91;7.07;681963;8309787.000
03/24/2003;7.05;7.09;6.96;7.02;254808;3116416.000
03/25/2003;7.01;7.04;6.92;6.92;307916;3716457.000
03/26/2003;6.91;6.96;6.87;6.90;292295;3505000.000
03/27/2003;6.91;7.20;6.80;7.13;779768;9529703.000
03/28/2003;7.17;7.20;7.05;7.07;649359;8039284.000
04/01/2003;7.20;7.25;7.13;7.16;729857;9114864.000
04/02/2003;7.18;7.18;7.09;7.13;309678;3831155.000
04/03/2003;7.13;7.14;7.09;7.10;194268;2399741.000
04/04/2003;7.11;7.15;7.07;7.10;251830;3107377.000
04/07/2003;7.09;7.15;6.96;6.96;400120;4896462.000
04/08/2003;6.96;7.02;6.89;6.92;587331;7078075.000
04/09/2003;6.96;6.96;6.79;6.95;718054;8560363.000
04/10/2003;6.91;7.11;6.83;7.10;1101149;13261028.000
04/11/2003;7.08;7.13;7.00;7.10;685277;8401812.000
04/15/2003;7.26;7.38;7.20;7.29;1763817;22274810.000
04/16/2003;7.32;7.34;7.07;7.08;1328141;16594299.000
04/17/2003;7.08;7.31;7.06;7.20;1096939;13688171.000
04/18/2003;7.14;7.14;6.92;6.99;1068220;13004827.000
04/21/2003;6.98;6.98;6.82;6.92;829208;9892466.000
04/22/2003;6.86;7.02;6.80;6.85;422374;5035161.000
04/23/2003;6.79;6.86;6.79;6.80;491663;5821878.000
04/24/2003;6.80;6.80;6.50;6.55;818550;9437338.000
04/25/2003;6.52;6.64;6.42;6.42;601400;6790004.000
04/28/2003;6.42;6.44;6.08;6.36;960602;10531024.000
04/29/2003;6.37;6.40;6.14;6.14;673150;7290574.000
04/30/2003;6.14;6.25;6.14;6.15;393645;4247801.000
05/12/2003;6.12;6.14;5.88;5.88;635500;6581740.000
05/13/2003;5.72;5.81;5.57;5.74;956174;9462171.000
05/14/2003;5.74;5.91;5.74;5.89;746266;7636945.000
05/15/2003;5.90;6.36;5.78;6.24;1472533;15721102.000
05/16/2003;6.24;6.25;6.05;6.09;574894;6129307.000
05/19/2003;6.11;6.24;6.11;6.17;318337;3427243.000
05/20/2003;6.16;6.16;5.93;5.97;345252;3619077.000
05/21/2003;5.99;6.08;5.96;6.01;279007;2929831.000
05/22/2003;6.02;6.05;5.93;5.99;254968;2658014.000
05/23/2003;5.99;6.17;5.97;6.07;502162;5313817.000
05/26/2003;6.08;6.14;6.01;6.04;326828;3452595.000
05/27/2003;6.06;6.20;6.03;6.09;411480;4386826.000
05/28/2003;6.15;6.19;6.00;6.01;287990;3033398.000
05/29/2003;6.02;6.24;6.02;6.22;528661;5617803.000
05/30/2003;6.24;6.40;6.24;6.31;1200714;13102263.000
06/02/2003;6.35;6.54;6.24;6.50;1043034;11568914.000
06/03/2003;6.48;6.48;6.29;6.30;634520;6968154.000
06/04/2003;6.23;6.33;6.21;6.30;536769;5805157.000
06/05/2003;6.31;6.37;6.18;6.19;256550;2769024.000
06/06/2003;6.14;6.25;6.09;6.10;344511;3658615.000
06/09/2003;6.04;6.09;5.90;5.92;220283;2284760.000
06/10/2003;5.92;6.02;5.92;5.95;187700;1935781.000
06/11/2003;5.96;6.11;5.96;6.08;181985;1900252.000
06/12/2003;6.09;6.18;6.05;6.17;250300;2639507.000
06/13/2003;6.12;6.25;6.12;6.20;277139;2965655.000
06/16/2003;6.22;6.23;6.14;6.15;168950;1798602.000
06/17/2003;6.17;6.23;6.14;6.23;201941;2158095.000
06/18/2003;6.34;6.59;6.34;6.42;2586395;29000074.000
06/19/2003;6.37;6.42;6.23;6.31;770578;8380384.000
06/20/2003;6.31;6.36;6.20;6.22;387900;4193081.000
06/23/2003;6.20;6.20;6.08;6.11;340763;3594135.000
06/24/2003;6.11;6.24;6.08;6.21;261885;2799559.000
06/25/2003;6.21;6.23;6.08;6.09;172400;1829604.000
06/26/2003;6.07;6.22;6.01;6.15;274968;2891418.000
06/27/2003;6.17;6.21;6.01;6.01;193099;2031633.000
06/30/2003;5.99;6.09;5.96;5.98;140151;1454386.000
07/01/2003;5.98;6.09;5.94;5.95;137498;1428226.000
07/02/2003;5.95;6.04;5.95;6.04;138505;1434953.000
07/03/2003;6.05;6.10;6.02;6.07;130700;1368924.000
07/04/2003;6.11;6.11;5.99;6.02;141499;1473643.000
07/07/2003;6.00;6.00;5.95;5.96;162100;1672167.000
07/08/2003;5.96;6.05;5.96;6.02;120100;1246594.000
07/09/2003;6.02;6.05;5.99;5.99;91620;951559.000
07/10/2003;6.02;6.12;5.97;6.11;252310;2641896.000
07/11/2003;6.14;6.14;6.02;6.04;259507;2711697.000
07/14/2003;6.07;6.14;6.04;6.04;93149;974654.000
07/15/2003;6.04;6.08;5.96;6.05;159066;1649901.000
07/16/2003;6.09;6.09;5.96;5.99;141729;1465698.000
07/17/2003;5.98;6.05;5.95;5.96;340860;3512747.000
07/18/2003;5.96;5.97;5.76;5.78;454300;4592171.000
07/21/2003;5.68;5.75;5.65;5.67;404490;3976369.000
07/22/2003;5.73;5.83;5.67;5.75;183019;1816788.000
07/23/2003;5.75;5.81;5.72;5.76;108914;1084863.000
07/24/2003;5.79;5.79;5.72;5.72;91997;912224.000
07/25/2003;5.73;5.83;5.63;5.64;198400;1954750.000
07/28/2003;5.60;5.60;5.46;5.49;326680;3111317.000
07/29/2003;5.54;5.54;5.49;5.51;141303;1345228.000
07/30/2003;5.54;5.54;5.34;5.54;283000;2661493.000
07/31/2003;5.59;5.63;5.54;5.55;295901;2858765.000
08/01/2003;5.51;5.52;5.37;5.50;145738;1376623.000
08/04/2003;5.50;5.58;5.43;5.58;165472;1581188.000
08/05/2003;5.59;5.59;5.51;5.54;138841;1331477.000
08/06/2003;5.52;5.54;5.44;5.49;93617;889127.000
08/07/2003;5.50;5.53;5.49;5.50;71430;681020.000
08/08/2003;5.49;5.49;5.38;5.42;116230;1094960.000
08/11/2003;5.37;5.43;5.37;5.41;63429;593147.000
08/12/2003;5.38;5.53;5.38;5.49;168540;1602074.000
08/13/2003;5.48;5.48;5.40;5.41;100858;949025.000
08/14/2003;5.40;5.58;5.38;5.43;184045;1751336.000
08/15/2003;5.43;5.47;5.41;5.46;87680;827437.000
08/18/2003;5.37;5.41;5.32;5.36;122849;1141692.000
08/19/2003;5.53;5.53;5.38;5.40;82800;778932.000
08/20/2003;5.44;5.44;5.36;5.40;88450;825595.000
08/21/2003;5.37;5.42;5.36;5.39;71320;664026.000
08/22/2003;5.40;5.46;5.38;5.43;107995;1013141.000
08/25/2003;5.44;5.51;5.40;5.50;348422;3284883.000
08/26/2003;5.51;5.69;5.19;5.53;974646;9405685.000
08/27/2003;5.54;5.60;5.46;5.54;372377;3554810.000
08/28/2003;5.54;5.57;5.36;5.37;238500;2249436.000
08/29/2003;5.34;5.34;5.18;5.26;368149;3334190.000
09/01/2003;5.28;5.49;5.18;5.48;408949;3786809.000
09/02/2003;5.44;5.57;5.40;5.40;260439;2470716.000
09/03/2003;5.34;5.40;5.32;5.36;209635;1942880.000
09/04/2003;5.42;5.42;5.33;5.36;183400;1708982.000
09/05/2003;5.36;5.36;5.21;5.25;205900;1873974.000
09/08/2003;5.20;5.25;5.20;5.22;136221;1230899.000
09/09/2003;5.24;5.25;5.20;5.22;75520;682717.000
09/10/2003;5.19;5.25;5.19;5.20;115050;1038403.000
09/11/2003;5.22;5.23;5.19;5.21;56300;508680.000
09/12/2003;5.21;5.21;5.04;5.05;299280;2647814.000
09/15/2003;5.01;5.12;5.00;5.01;165522;1444200.000
09/16/2003;5.02;5.16;5.00;5.15;182227;1601734.000
09/17/2003;5.12;5.12;4.98;5.01;108660;948949.000
09/18/2003;4.96;5.01;4.95;4.98;107450;928652.000
09/19/2003;4.97;5.02;4.95;4.99;84120;727478.000
09/22/2003;5.07;5.08;4.97;5.06;189500;1653433.000
09/23/2003;5.02;5.18;5.02;5.17;215457;1913410.000
09/24/2003;5.25;5.27;5.13;5.18;540892;4883423.000
09/25/2003;5.18;5.19;5.06;5.07;131737;1166130.000
09/26/2003;5.03;5.12;5.03;5.07;56600;498412.000
09/29/2003;5.07;5.07;4.97;4.98;92300;801698.000
09/30/2003;4.98;5.13;4.98;5.08;233797;2051503.000
10/08/2003;5.06;5.20;5.01;5.19;221186;1966345.000
10/09/2003;5.14;5.71;5.14;5.19;488600;4546476.000
10/10/2003;5.13;5.30;5.08;5.25;267289;2413455.000
10/13/2003;5.28;5.36;5.23;5.27;212201;1942307.000
10/14/2003;5.27;5.27;5.13;5.16;86720;778981.000
10/15/2003;5.16;5.25;5.12;5.16;94301;849609.000
10/16/2003;5.20;5.30;5.14;5.15;208700;1882771.000
10/17/2003;5.18;5.18;5.12;5.14;78689;702835.000
10/20/2003;4.86;5.07;4.86;4.92;110601;954925.000
10/21/2003;4.92;5.02;4.82;4.88;186090;1578608.000
10/22/2003;4.85;4.97;4.76;4.92;351605;2979445.000
10/23/2003;4.87;4.98;4.85;4.89;150110;1283349.000
10/24/2003;4.83;4.89;4.78;4.78;196382;1644253.000
10/27/2003;4.79;4.79;4.57;4.60;222300;1790365.000
10/28/2003;4.55;4.68;4.51;4.54;184300;1464783.000
10/29/2003;4.51;4.60;4.35;4.41;220930;1704551.000
10/31/2003;4.31;4.48;4.30;4.37;249800;1904423.000
11/03/2003;4.34;4.45;4.31;4.37;143207;1089600.000
11/04/2003;4.37;4.51;4.37;4.44;288128;2231933.000
11/05/2003;4.44;4.46;4.37;4.37;221700;1705543.000
11/06/2003;4.34;4.34;4.03;4.04;503350;3636349.000
11/07/2003;4.01;4.12;3.90;4.05;374731;2601826.000
11/10/2003;4.04;4.04;3.91;3.96;151464;1047185.000
11/11/2003;3.98;4.05;3.93;4.01;84188;586042.000
11/12/2003;3.95;3.96;3.91;3.93;82669;569151.000
11/13/2003;3.92;4.03;3.91;3.99;153994;1071174.000
11/14/2003;3.95;4.07;3.95;4.04;149509;1049604.000
11/17/2003;4.02;4.07;4.01;4.05;83747;589336.000
11/18/2003;4.04;4.04;3.95;3.96;104080;724153.000
11/19/2003;3.95;4.16;3.95;4.08;335426;2390683.000
11/20/2003;4.11;4.50;4.10;4.50;1919102;14741303.000
11/21/2003;4.57;4.58;4.29;4.37;1370634;10576505.000
11/24/2003;4.25;4.50;4.24;4.48;652353;5034516.000
11/25/2003;4.51;4.65;4.40;4.49;954224;7510107.000
11/26/2003;4.49;4.49;4.39;4.44;460100;3549141.000
11/27/2003;4.45;4.46;4.30;4.31;341081;2592977.000
11/28/2003;4.30;4.42;4.30;4.38;247571;1874606.000
12/01/2003;4.41;4.56;4.41;4.50;543021;4252284.000
12/02/2003;4.49;4.61;4.48;4.51;519865;4115426.000
12/03/2003;4.48;4.60;4.43;4.54;555167;4390438.000
12/04/2003;4.54;4.57;4.47;4.50;474442;3719767.000
12/05/2003;4.50;4.62;4.48;4.61;427778;3384187.000
12/08/2003;4.66;4.67;4.49;4.50;283900;2246078.000
12/09/2003;4.48;4.55;4.44;4.50;198504;1551672.000
12/10/2003;4.54;4.86;4.49;4.80;1919937;15715998.000
12/11/2003;4.80;4.80;4.66;4.67;759041;6202706.000
12/12/2003;4.66;4.70;4.61;4.63;324653;2622319.000
12/16/2003;4.63;4.64;4.46;4.48;472730;3710546.000
12/17/2003;4.49;4.53;4.43;4.43;286604;2237397.000
12/18/2003;4.42;4.44;4.30;4.34;356911;2706120.000
12/19/2003;4.35;4.39;4.02;4.08;564962;4092035.000
12/22/2003;4.07;4.33;4.04;4.27;446228;3236011.000
12/23/2003;4.27;4.30;4.18;4.24;329499;2435696.000
12/24/2003;4.24;4.31;4.14;4.30;361970;2647352.000
12/25/2003;4.27;4.30;4.21;4.25;212360;1573243.000
12/26/2003;4.23;4.36;4.21;4.30;251612;1887142.000
12/29/2003;4.29;4.29;4.21;4.25;211304;1563467.000
12/30/2003;4.24;4.24;4.16;4.18;228463;1670977.000
12/31/2003;4.18;4.21;4.07;4.08;364100;2633113.000
01/02/2004;4.09;4.27;4.09;4.24;293790;2166609.000
01/05/2004;4.27;4.49;4.24;4.47;889561;6865456.000
01/06/2004;4.48;4.51;4.33;4.49;696324;5355069.000
01/07/2004;4.49;4.59;4.43;4.49;643722;5062286.000
01/08/2004;4.54;4.95;4.54;4.95;2399587;20145708.000
01/09/2004;5.00;5.22;4.99;5.07;3791999;33386576.000
01/12/2004;5.07;5.11;5.03;5.11;1155726;10156546.000
01/13/2004;5.10;5.22;5.07;5.12;879529;7845727.000
01/14/2004;5.11;5.21;5.00;5.06;457838;4037396.000
01/15/2004;5.04;5.30;5.01;5.04;293778;2610035.000
01/16/2004;5.04;5.22;5.01;5.18;553151;4933512.000
01/29/2004;5.24;5.49;5.13;5.43;756837;6993103.000
01/30/2004;5.46;5.57;5.30;5.31;959957;9056658.000
02/02/2004;5.43;5.49;5.19;5.36;567647;5248846.000
02/03/2004;5.34;5.38;5.22;5.37;450227;4124390.000
02/04/2004;5.37;5.45;5.31;5.43;484311;4520546.000
02/05/2004;5.43;5.46;5.32;5.37;467522;4348407.000
02/06/2004;5.25;5.36;5.17;5.17;813459;7394393.000
02/09/2004;5.17;5.22;5.13;5.19;639300;5746222.000
02/10/2004;5.22;5.40;5.20;5.30;726780;6710553.000
02/11/2004;5.34;5.60;5.33;5.46;1686354;16057781.000
02/12/2004;5.49;5.56;5.43;5.51;1027880;9773590.000
02/13/2004;5.51;5.82;5.50;5.71;2530181;24849180.000
02/16/2004;5.78;5.96;5.72;5.92;1634291;16531968.000
02/17/2004;5.91;6.25;5.83;6.15;2480332;25793608.000
02/18/2004;6.15;6.24;6.08;6.22;2206221;23496868.000
02/19/2004;6.22;6.27;5.89;6.22;2099000;22187128.000
02/20/2004;6.20;6.37;6.14;6.31;1721437;18632068.000
02/23/2004;6.20;6.40;6.02;6.08;1366410;14623659.000
02/24/2004;6.07;6.13;5.93;6.11;1011083;10506965.000
02/25/2004;6.12;6.20;5.91;5.95;1087927;11296747.000
02/26/2004;5.89;5.96;5.76;5.87;903669;9151085.000
02/27/2004;5.84;6.08;5.84;6.04;938273;9737007.000
03/01/2004;6.04;6.37;5.93;6.29;1269332;13462800.000
03/02/2004;6.37;6.73;6.09;6.52;2978457;33516796.000
03/03/2004;6.55;6.59;6.27;6.27;1356300;15044263.000
03/04/2004;6.27;6.39;5.96;6.07;1844999;19613760.000
03/05/2004;6.09;6.14;5.90;5.91;1411220;14604309.000
03/08/2004;5.96;6.24;5.96;5.97;1645440;17343024.000
03/09/2004;5.99;6.09;5.90;6.02;917428;9572374.000
03/10/2004;6.02;6.17;6.02;6.16;482916;5104619.000
03/11/2004;6.17;6.31;6.11;6.20;685162;7363020.000
03/12/2004;6.17;6.25;6.12;6.19;388460;4153248.000
03/15/2004;6.17;6.33;6.14;6.23;848950;9148198.000
03/16/2004;6.23;6.43;6.23;6.37;1136700;12462877.000
03/17/2004;6.36;6.37;6.22;6.31;442540;4815644.000
03/18/2004;6.31;6.35;6.18;6.31;712640;7672222.000
03/19/2004;6.28;6.54;6.20;6.44;1055301;11651036.000
03/22/2004;6.49;6.53;6.37;6.49;728125;8119143.000
03/23/2004;6.49;6.49;6.35;6.37;689297;7595483.000
03/24/2004;6.35;6.41;6.22;6.28;904711;9837060.000
03/25/2004;6.28;6.49;6.28;6.39;722731;7978364.000
03/26/2004;6.43;6.43;6.32;6.40;410591;4529687.000
03/29/2004;6.48;6.54;6.39;6.49;745186;8321393.000
03/30/2004;6.43;6.76;6.43;6.73;2350598;26998172.000
03/31/2004;6.74;6.85;6.69;6.77;1087407;12701119.000
04/01/2004;6.79;6.87;6.68;6.78;688917;8055714.000
04/02/2004;6.78;6.95;6.75;6.92;1051926;12494795.000
04/05/2004;6.93;7.12;6.85;7.02;1387255;16811276.000
04/06/2004;7.02;7.14;6.91;6.96;1052815;12702784.000
04/07/2004;6.98;7.07;6.82;6.86;1130023;13444422.000
04/08/2004;6.91;6.95;6.78;6.95;990592;11710554.000
04/12/2004;6.79;6.88;6.66;6.85;1035913;12115358.000
04/13/2004;6.85;7.05;6.77;6.78;992492;11862069.000
04/14/2004;6.79;6.85;6.46;6.68;1180191;13469514.000
04/15/2004;6.50;6.79;6.48;6.50;682285;7747644.000
04/16/2004;6.51;6.55;6.28;6.53;554311;6147990.000
04/19/2004;6.55;6.59;6.37;6.49;464515;5187874.000
04/20/2004;6.43;6.61;6.41;6.50;883060;9936497.000
04/21/2004;6.66;6.66;6.31;6.43;574300;6382679.000
04/22/2004;6.37;6.43;6.25;6.41;483930;5284485.000
04/23/2004;6.34;6.41;6.28;6.38;408274;4471082.000
04/26/2004;6.36;6.52;6.31;6.40;246664;2717927.000
04/27/2004;6.37;6.45;6.30;6.34;295345;3251648.000
04/28/2004;6.34;6.48;6.27;6.42;356495;3938799.000
04/29/2004;6.39;6.42;6.02;6.05;580446;6184668.000
04/30/2004;6.07;6.15;5.79;5.96;539863;5556581.000
05/10/2004;5.99;6.07;5.72;5.78;269600;2705948.000
05/11/2004;5.78;5.83;5.69;5.78;223822;2235401.000
05/12/2004;5.78;5.91;5.75;5.91;466268;4736492.000
05/13/2004;5.92;6.00;5.81;5.84;494033;5031823.000
05/14/2004;5.81;5.84;5.60;5.62;332647;3281506.000
05/17/2004;5.59;5.72;5.53;5.62;348917;3404029.000
05/18/2004;5.70;5.87;5.66;5.84;957524;9550817.000
05/19/2004;5.88;5.91;5.78;5.79;465738;4702071.000
05/20/2004;5.79;5.83;5.71;5.77;192740;1924463.000
05/21/2004;5.76;5.89;5.76;5.87;172314;1732355.000
05/24/2004;5.87;5.92;5.78;5.82;276504;2790130.000
05/25/2004;5.78;5.78;5.59;5.62;172498;1696318.000
05/26/2004;5.58;5.64;5.44;5.58;191969;1845819.000
05/27/2004;5.65;5.83;5.57;5.78;279413;2778202.000
05/28/2004;5.78;5.86;5.77;5.80;389899;3914354.000
05/31/2004;5.79;5.89;5.78;5.86;354909;3591708.000
06/01/2004;5.86;6.11;5.86;6.11;1280287;13300348.000
06/02/2004;6.14;6.25;6.08;6.09;1095300;11654075.000
06/03/2004;6.14;6.15;5.89;5.90;632340;6495362.000
06/04/2004;5.81;5.99;5.81;5.92;215770;1682200.000
06/07/2004;5.92;5.92;5.68;5.85;207391;1588322.000
06/08/2004;5.85;5.88;5.66;5.68;380598;2868312.000
06/09/2004;5.65;5.69;5.45;5.48;263758;1935411.000
06/10/2004;5.44;5.49;5.37;5.46;333133;2384338.000
06/11/2004;5.50;5.58;5.36;5.38;248923;1800177.000
06/14/2004;5.37;5.41;5.18;5.22;303149;2100869.000
06/15/2004;5.22;5.35;5.15;5.28;279635;1945515.000
06/16/2004;5.28;5.30;5.15;5.28;538420;3716385.000
06/17/2004;5.32;5.32;4.95;4.98;477546;3193810.000
06/18/2004;4.97;5.08;4.92;5.05;260768;1712791.000
06/21/2004;5.05;5.14;4.98;5.07;273323;1823505.000
06/22/2004;5.15;5.37;5.11;5.29;557717;3877540.000
06/23/2004;5.20;5.32;5.15;5.27;207741;1424414.000
06/24/2004;5.27;5.42;5.27;5.38;437923;3094295.000
06/25/2004;5.35;5.45;5.15;5.18;332050;2303940.000
06/28/2004;5.15;5.21;4.96;5.04;178259;1191463.000
06/29/2004;5.06;5.12;4.95;5.11;219252;1459891.000
06/30/2004;5.14;5.14;4.95;5.00;202965;1349606.000
07/01/2004;4.99;5.19;4.99;5.18;665547;4485335.000
07/02/2004;5.18;5.18;5.06;5.15;294972;1991106.000
07/05/2004;5.15;5.25;5.15;5.22;188398;1288419.000
07/06/2004;5.23;5.41;5.23;5.35;636900;4486375.000
07/07/2004;5.31;5.35;5.25;5.35;306560;2136394.000
07/08/2004;5.37;5.52;5.37;5.46;915130;6596268.000
07/09/2004;5.58;5.58;5.33;5.35;543367;3870489.000
07/12/2004;5.29;5.31;4.97;5.11;443772;2976688.000
07/13/2004;5.11;5.15;5.02;5.13;127252;855907.000
07/14/2004;5.15;5.20;4.96;5.15;392770;2617636.000
07/15/2004;5.15;5.18;5.04;5.17;465173;3140064.000
07/16/2004;5.25;5.69;5.25;5.63;3815646;28069856.000
07/19/2004;5.65;5.68;5.49;5.55;1937007;14230453.000
07/20/2004;5.55;5.62;5.46;5.61;1152383;8387111.000
07/21/2004;5.61;5.68;5.54;5.61;1019963;7534137.000
07/22/2004;5.68;5.68;5.28;5.28;1484380;10587739.000
07/23/2004;5.22;5.37;5.15;5.36;796277;5515987.000
07/26/2004;5.31;5.46;5.18;5.38;561820;3939327.000
07/27/2004;5.37;5.37;5.19;5.27;397465;2764611.000
07/28/2004;5.27;5.38;5.25;5.37;542505;3800837.000
07/29/2004;5.37;5.49;5.29;5.48;586003;4181374.000
07/30/2004;5.48;5.48;5.23;5.24;437740;3080758.000
08/02/2004;5.22;5.30;5.17;5.24;225600;1557896.000
08/03/2004;5.19;5.27;4.81;5.03;534220;3572881.000
08/04/2004;5.00;5.21;5.00;5.16;917858;6218022.000
08/05/2004;5.17;5.17;4.98;4.98;695630;4636703.000
08/06/2004;4.98;5.05;4.88;4.92;467400;3048832.000
08/09/2004;4.88;4.96;4.85;4.95;278975;1806339.000
08/10/2004;4.95;5.03;4.95;5.02;157570;1040031.000
08/11/2004;5.08;5.18;5.02;5.05;795619;5344241.000
08/12/2004;5.00;5.02;4.92;5.00;277970;1819920.000
08/13/2004;4.99;5.11;4.99;5.05;222809;1486203.000
08/16/2004;5.12;5.12;4.88;4.98;270220;1773919.000
08/17/2004;4.99;5.08;4.97;5.03;165879;1100721.000
08/18/2004;5.05;5.10;4.89;4.90;262550;1723670.000
08/19/2004;4.91;4.91;4.55;4.57;820709;5088276.000
08/20/2004;4.55;4.65;4.52;4.58;378771;2289303.000
08/23/2004;4.56;4.56;4.46;4.52;265121;1579729.000
08/24/2004;4.54;4.66;4.54;4.64;264927;1619488.000
08/25/2004;4.65;4.66;4.57;4.58;104130;632745.000
08/26/2004;4.55;4.55;4.47;4.48;144690;861059.000
08/27/2004;4.46;4.52;4.29;4.31;360670;2082544.000
08/30/2004;4.28;4.35;4.25;4.31;147461;839588.000
08/31/2004;4.42;4.63;4.42;4.48;412391;2450413.000
09/01/2004;4.46;4.48;4.36;4.36;109380;635907.000
09/02/2004;4.31;4.53;4.31;4.52;260253;1525128.000
09/03/2004;4.52;4.58;4.43;4.51;235430;1404616.000
09/06/2004;4.55;4.56;4.46;4.49;64365;380846.000
09/07/2004;4.55;4.56;4.47;4.52;98150;584165.000
09/08/2004;4.50;4.53;4.43;4.51;104471;617982.000
09/09/2004;4.47;4.50;4.35;4.36;154900;902652.000
09/10/2004;4.33;4.42;4.31;4.42;110120;637863.000
09/13/2004;4.41;4.41;4.15;4.22;214020;1210399.000
09/14/2004;4.22;4.42;4.22;4.38;702544;4017150.000
09/15/2004;4.38;4.72;4.37;4.66;1027756;6242886.000
09/16/2004;4.62;4.72;4.60;4.71;678325;4171352.000
09/17/2004;4.69;4.98;4.66;4.95;1249606;7996066.000
09/20/2004;4.98;5.19;4.88;5.16;1947016;12950452.000
09/21/2004;5.19;5.28;5.04;5.11;1319355;9010067.000
09/22/2004;5.09;5.18;4.89;4.92;986620;6515675.000
09/23/2004;4.91;5.18;4.85;5.17;896247;5912874.000
09/24/2004;5.19;5.35;4.96;4.98;2328510;16168859.000
09/27/2004;5.17;5.27;5.00;5.03;692584;4658560.000
09/28/2004;5.04;5.14;4.97;5.10;516812;3445817.000
09/29/2004;5.08;5.13;4.95;4.97;335610;2223151.000
09/30/2004;4.95;5.02;4.81;4.82;386650;2498666.000
10/08/2004;4.83;4.99;4.71;4.95;410343;2616782.000
10/11/2004;4.95;5.18;4.95;5.02;833424;5578807.000
10/12/2004;5.02;5.06;4.85;4.91;392800;2574387.000
10/13/2004;4.92;5.07;4.88;5.07;367992;2414123.000
10/14/2004;5.00;5.05;4.76;4.78;766102;4971869.000
10/15/2004;4.77;4.92;4.75;4.78;726064;4617195.000
10/18/2004;4.85;4.96;4.77;4.95;441161;2837405.000
10/19/2004;4.98;5.11;4.88;5.10;1236544;8229601.000
10/20/2004;5.17;5.29;5.05;5.15;3562290;24358208.000
10/21/2004;5.14;5.26;5.08;5.15;2356342;16097355.000
10/22/2004;5.17;5.17;4.92;5.08;1149799;7625208.000
10/25/2004;5.16;5.24;4.82;4.83;999563;6562062.000
10/26/2004;4.81;4.81;4.41;4.65;1684990;10267265.000
10/27/2004;4.65;4.74;4.46;4.69;1176613;7120387.000
10/28/2004;4.73;4.76;4.61;4.62;788490;4883085.000
10/29/2004;4.47;4.58;4.40;4.45;715413;4256966.000
11/01/2004;4.41;4.56;4.40;4.48;352608;2091457.000
11/02/2004;4.46;4.55;4.40;4.55;284019;1682092.000
11/03/2004;4.56;4.63;4.49;4.62;441547;2666031.000
11/04/2004;4.64;4.65;4.40;4.45;430300;2578145.000
11/05/2004;4.45;4.55;4.42;4.48;421780;2490807.000
11/08/2004;4.15;4.48;4.15;4.43;278915;1627605.000
11/09/2004;4.40;4.48;4.40;4.46;246655;1449425.000
11/10/2004;4.46;4.68;4.42;4.66;690936;4213492.000
11/11/2004;4.68;4.76;4.60;4.61;1615446;10021919.000
11/12/2004;4.61;4.65;4.55;4.61;639940;3886958.000
11/15/2004;4.62;4.69;4.59;4.68;393958;2414392.000
11/16/2004;4.65;4.71;4.61;4.65;312085;1917115.000
11/17/2004;4.63;4.63;4.55;4.56;333190;2012816.000
11/18/2004;4.56;4.60;4.52;4.60;491935;2968591.000
11/19/2004;4.62;4.73;4.58;4.72;935133;5764978.000
11/22/2004;4.73;4.79;4.69;4.76;922672;5793404.000
11/23/2004;4.78;4.95;4.73;4.92;2161279;13843074.000
11/24/2004;4.95;4.95;4.81;4.82;1494548;9622799.000
11/25/2004;4.82;5.04;4.78;5.02;2509591;16361076.000
11/26/2004;5.00;5.05;4.95;4.97;1285910;8487360.000
11/29/2004;4.97;4.97;4.76;4.77;780930;4979399.000
11/30/2004;4.73;4.84;4.73;4.81;505816;3188016.000
12/01/2004;4.81;4.82;4.70;4.78;404510;2539137.000
12/02/2004;4.77;4.85;4.70;4.85;620543;3912976.000
12/03/2004;4.86;4.92;4.84;4.92;832700;5366838.000
12/06/2004;4.91;4.99;4.91;4.98;1209693;7906663.000
12/07/2004;4.96;5.04;4.83;4.83;1086269;7061333.000
12/08/2004;4.86;4.92;4.84;4.85;298710;1923286.000
12/09/2004;4.85;4.97;4.83;4.93;362287;2352375.000
12/10/2004;4.77;4.93;4.75;4.76;462785;2932303.000
12/13/2004;4.73;4.76;4.62;4.74;509280;3136420.000
12/14/2004;4.74;4.74;4.62;4.65;239205;1475573.000
12/15/2004;4.63;4.69;4.55;4.68;336911;2050184.000
12/16/2004;4.65;4.67;4.58;4.62;161504;984841.000
12/17/2004;4.60;4.60;4.55;4.57;163745;988912.000
12/20/2004;4.54;4.57;4.51;4.55;133965;801379.000
12/21/2004;4.52;4.61;4.52;4.57;64751;391276.000
12/22/2004;4.57;4.75;4.57;4.73;316570;1962908.000
12/23/2004;4.73;4.73;4.58;4.58;194748;1194915.000
12/24/2004;4.58;4.67;4.57;4.60;81550;497838.000
12/27/2004;4.60;4.68;4.53;4.55;141701;855492.000
12/28/2004;4.63;4.68;4.55;4.59;105590;642876.000
12/29/2004;4.62;4.65;4.55;4.56;97430;591465.000
12/30/2004;4.58;4.58;4.51;4.53;116722;698762.000
12/31/2004;4.54;4.55;4.38;4.43;192880;1138643.000
01/04/2005;4.46;4.46;4.31;4.35;183100;1055585.000
01/05/2005;4.35;4.46;4.31;4.39;203646;1179177.000
01/06/2005;4.45;4.46;4.31;4.33;128920;740371.000
01/07/2005;4.37;4.45;4.32;4.35;145220;839634.000
01/10/2005;4.35;4.39;4.32;4.38;154790;891720.000
01/11/2005;4.38;4.43;4.38;4.42;195247;1139641.000
01/12/2005;4.46;4.46;4.33;4.41;112616;652732.000
01/13/2005;4.39;4.42;4.34;4.38;225624;1309457.000
01/14/2005;4.38;4.45;4.32;4.32;189600;1103255.000
01/17/2005;4.27;4.29;4.16;4.17;323106;1798613.000
01/18/2005;4.15;4.30;4.15;4.29;283284;1585028.000
01/19/2005;4.32;4.32;4.22;4.23;143492;807870.000
01/20/2005;4.23;4.25;4.17;4.18;173858;964872.000
01/21/2005;4.16;4.29;4.06;4.29;355779;1977263.000
01/24/2005;4.33;4.48;4.33;4.39;380064;2195705.000
01/25/2005;4.39;4.39;4.27;4.28;169240;962002.000
01/26/2005;4.27;4.34;4.15;4.18;141050;787308.000
01/27/2005;4.17;4.17;4.07;4.08;267740;1459216.000
01/28/2005;4.06;4.15;4.05;4.05;160360;864543.000
01/31/2005;4.05;4.05;3.80;3.81;328700;1686022.000
02/01/2005;3.81;3.88;3.79;3.80;196540;996642.000
02/02/2005;3.82;4.05;3.82;4.05;360586;1882284.000
02/03/2005;4.08;4.08;3.86;3.86;353800;1861082.000
02/04/2005;3.84;3.98;3.84;3.97;331088;1723989.000
02/16/2005;4.05;4.05;3.98;4.02;227752;1210516.000
02/17/2005;3.98;4.05;3.95;4.04;202750;1070650.000
02/18/2005;4.05;4.05;3.94;3.95;138428;730640.000
02/21/2005;3.96;4.03;3.92;4.02;219710;1161376.000
02/22/2005;4.02;4.15;3.98;4.14;672153;3637582.000
02/23/2005;4.14;4.42;4.12;4.32;1147181;6527713.000
02/24/2005;4.37;4.37;4.25;4.31;542836;3095290.000
02/25/2005;4.31;4.75;4.29;4.66;4643686;28490648.000
02/28/2005;4.62;4.84;4.60;4.72;4125713;25858948.000
03/01/2005;4.69;4.73;4.55;4.58;1601615;9730749.000
03/02/2005;4.58;4.65;4.42;4.45;1291807;7715921.000
03/03/2005;4.42;4.60;4.39;4.52;719035;4261272.000
03/04/2005;4.52;4.52;4.38;4.39;511350;3001666.000
03/07/2005;4.42;4.49;4.39;4.46;309101;1815002.000
03/08/2005;4.52;4.63;4.48;4.63;914660;5531778.000
03/09/2005;4.65;4.66;4.56;4.63;770291;4695429.000
03/10/2005;4.63;4.65;4.41;4.42;854260;5093519.000
03/11/2005;4.39;4.52;4.39;4.52;436881;2569167.000
03/14/2005;4.44;4.52;4.35;4.52;526620;3093917.000
03/15/2005;4.50;4.50;4.40;4.41;347147;2032527.000
03/16/2005;4.41;4.41;4.27;4.30;447781;2553936.000
03/17/2005;4.29;4.29;4.14;4.14;553600;3071991.000
03/18/2005;4.17;4.26;4.02;4.11;364709;1983222.000
03/21/2005;4.08;4.20;4.04;4.17;325756;1778467.000
03/22/2005;4.17;4.21;3.85;3.99;345450;1841873.000
03/23/2005;3.99;4.06;3.88;3.98;401061;2103503.000
03/24/2005;3.94;4.03;3.92;4.00;378146;1984036.000
03/25/2005;3.98;4.03;3.95;4.00;221870;1174596.000
03/28/2005;4.04;4.04;3.88;3.95;202398;1055889.000
03/30/2005;3.95;3.95;3.55;3.55;960026;4685899.000
03/31/2005;3.52;3.58;3.44;3.57;660497;3070467.000
04/01/2005;3.57;3.88;3.49;3.80;1136213;5571109.000
04/04/2005;3.81;4.14;3.73;3.91;2235592;11630726.000
04/05/2005;3.85;3.88;3.72;3.72;804799;4044372.000
04/06/2005;3.65;3.91;3.65;3.86;601935;3023434.000
04/07/2005;3.88;4.03;3.83;3.88;982010;5119390.000
04/08/2005;3.87;3.98;3.86;3.95;505680;2622741.000
04/11/2005;3.95;3.97;3.88;3.92;497300;2587013.000
04/12/2005;3.89;3.94;3.81;3.81;362270;1854223.000
04/13/2005;3.81;3.94;3.81;3.90;430805;2222413.000
04/14/2005;3.92;3.94;3.77;3.81;402636;2054640.000
04/15/2005;3.77;3.77;3.65;3.66;500890;2447568.000
04/18/2005;3.65;3.65;3.55;3.55;242846;1153482.000
04/19/2005;3.53;3.68;3.53;3.60;198000;942238.000
04/20/2005;3.55;3.60;3.47;3.48;316430;1486250.000
04/21/2005;3.48;3.54;3.31;3.35;595812;2685517.000
04/22/2005;3.32;3.42;3.32;3.36;289575;1299057.000
04/25/2005;3.02;3.02;3.02;3.02;391400;1573428.000
04/26/2005;2.71;2.92;2.71;2.88;1997267;7497833.000
04/27/2005;2.88;2.90;2.72;2.74;886273;3312801.000
04/28/2005;2.71;2.86;2.62;2.85;940607;3469806.000
04/29/2005;2.82;2.82;2.68;2.72;724942;2660604.000
05/11/2005;2.60;2.69;2.51;2.63;572511;1993546.000
05/12/2005;2.64;2.67;2.55;2.65;481599;1684470.000
05/13/2005;2.65;2.73;2.61;2.73;675666;2414845.000
05/16/2005;2.73;2.74;2.65;2.69;272540;977107.000
05/17/2005;2.68;2.85;2.66;2.85;1034001;3844166.000
05/18/2005;2.85;2.99;2.85;2.95;2441014;9512817.000
05/19/2005;2.96;2.98;2.88;2.92;714468;2778352.000
05/20/2005;2.92;2.92;2.78;2.80;586180;2220887.000
05/23/2005;2.78;2.79;2.67;2.67;494376;1795302.000
05/24/2005;2.65;2.83;2.64;2.79;414576;1528926.000
05/25/2005;2.78;2.84;2.73;2.79;404485;1505603.000
05/26/2005;2.81;3.05;2.75;2.98;2918440;11482908.000
05/27/2005;2.99;3.02;2.88;2.90;1353003;5308111.000
05/30/2005;2.94;2.98;2.90;2.98;1379772;5437515.000
05/31/2005;2.98;2.98;2.91;2.94;666096;2607542.000
06/01/2005;2.94;2.94;2.82;2.82;596450;2263744.000
06/02/2005;2.81;2.86;2.73;2.85;587476;2192917.000
06/03/2005;2.84;2.88;2.80;2.81;427820;1616905.000
06/06/2005;2.77;2.83;2.69;2.82;467359;1727823.000
06/07/2005;2.82;2.92;2.78;2.82;643612;2456837.000
06/08/2005;2.87;3.08;2.82;3.03;1777952;7069493.000
06/09/2005;3.03;3.15;2.95;3.10;2464898;10081017.000
06/10/2005;3.12;3.13;3.02;3.10;1639550;6679893.000
06/13/2005;3.04;3.12;3.03;3.09;870249;3568013.000
06/14/2005;3.10;3.12;2.98;2.98;946145;3857831.000
06/15/2005;2.97;2.98;2.88;2.98;976672;3823322.000
06/16/2005;2.98;3.03;2.88;2.92;2231145;8813459.000
06/17/2005;2.99;3.05;2.92;2.97;1668076;6640882.000
06/20/2005;2.97;3.03;2.88;3.03;1215101;4812349.000
06/21/2005;3.03;3.03;2.92;2.93;727238;2873115.000
06/22/2005;2.96;2.96;2.82;2.88;644485;2398962.000
06/23/2005;2.85;2.92;2.82;2.85;492964;1835879.000
06/24/2005;2.82;2.88;2.81;2.88;373652;1382732.000
06/27/2005;2.91;3.00;2.91;2.94;801639;3081228.000
06/28/2005;2.94;2.94;2.82;2.83;801721;2966737.000
06/29/2005;2.82;2.88;2.82;2.83;290247;1074589.000
06/30/2005;2.82;2.85;2.70;2.70;621240;2227086.000
07/01/2005;2.69;2.71;2.46;2.48;1087754;3661769.000
07/04/2005;2.45;2.45;2.34;2.41;576520;1792796.000
07/05/2005;2.41;2.46;2.34;2.44;404095;1267396.000
07/06/2005;2.42;2.46;2.38;2.38;213459;670065.000
07/07/2005;2.42;2.42;2.37;2.39;233420;726622.000
07/08/2005;2.38;2.38;2.16;2.17;683960;1999979.000
07/11/2005;2.19;2.38;2.15;2.18;568150;1654671.000
07/12/2005;2.16;2.29;2.16;2.29;612032;1787168.000
07/13/2005;2.29;2.35;2.23;2.35;922350;2751227.000
07/14/2005;2.35;2.48;2.35;2.39;2159224;6786344.000
07/15/2005;2.40;2.41;2.22;2.24;842590;2509270.000
07/18/2005;2.24;2.24;2.09;2.11;437754;1216185.000
07/19/2005;2.08;2.17;2.08;2.17;371750;1029547.000
07/20/2005;2.13;2.19;2.12;2.18;404782;1138003.000
07/21/2005;2.14;2.15;2.04;2.14;423932;1157404.000
07/22/2005;2.15;2.25;2.14;2.21;803050;2310073.000
07/25/2005;2.20;2.21;2.16;2.19;317880;902795.000
07/26/2005;2.18;2.35;2.17;2.30;1279588;3770081.000
07/27/2005;2.28;2.35;2.24;2.34;1046775;3136752.000
07/28/2005;2.34;2.43;2.31;2.35;1511396;4656950.000
07/29/2005;2.31;2.35;2.27;2.30;695909;2087575.000
08/01/2005;2.28;2.37;2.28;2.36;618427;1874422.000
08/02/2005;2.36;2.42;2.33;2.41;828768;2563750.000
08/03/2005;2.43;2.50;2.38;2.44;1712540;5459860.000
08/04/2005;2.44;2.45;2.36;2.37;861240;2686454.000
08/05/2005;2.37;2.54;2.37;2.52;2445435;7850421.000
08/08/2005;2.52;2.56;2.43;2.54;3569323;11601092.000
08/09/2005;2.53;2.63;2.49;2.62;2539174;8469939.000
08/10/2005;2.62;2.74;2.54;2.70;2906013;9952828.000
08/11/2005;2.68;2.71;2.62;2.68;1691724;5862652.000
08/12/2005;2.68;2.76;2.58;2.59;2237196;7811912.000
08/15/2005;2.61;2.68;2.55;2.67;1338845;4559135.000
08/16/2005;2.67;2.82;2.63;2.75;2606349;9255228.000
08/17/2005;2.75;2.96;2.65;2.92;3660259;13385820.000
08/18/2005;2.91;3.17;2.88;2.97;7128545;28336144.000
08/19/2005;2.92;3.07;2.69;2.78;4972594;18624518.000
08/22/2005;2.71;2.89;2.68;2.77;1550236;5536770.000
08/23/2005;2.75;2.83;2.62;2.68;1267460;4445931.000
08/24/2005;2.71;2.75;2.65;2.72;954664;3369022.000
08/25/2005;2.72;2.80;2.70;2.80;1077808;3850048.000
08/26/2005;2.79;2.90;2.78;2.87;1338530;4918142.000
08/29/2005;2.88;2.88;2.72;2.75;1288370;4649910.000
08/30/2005;2.78;2.81;2.75;2.79;1064736;3855809.000
08/31/2005;2.76;2.86;2.76;2.84;1055443;3866040.000
09/01/2005;2.84;2.96;2.82;2.90;2125202;8021483.000
09/02/2005;2.91;2.98;2.87;2.98;2245178;8579868.000
09/05/2005;2.98;3.05;2.95;3.02;1337708;5212849.000
09/06/2005;2.99;3.02;2.90;2.91;2047522;7878093.000
09/07/2005;2.88;3.02;2.82;2.98;1516946;5713898.000
09/08/2005;3.05;3.19;3.04;3.18;5790307;23420760.000
09/09/2005;3.18;3.18;3.02;3.06;2949206;11882995.000
09/12/2005;3.07;3.08;3.00;3.04;1051463;4133456.000
09/13/2005;3.04;3.14;3.02;3.13;1521304;6103536.000
09/14/2005;3.13;3.18;3.10;3.15;1956844;7983910.000
09/15/2005;3.15;3.35;3.12;3.33;5811389;24880736.000
09/16/2005;3.29;3.36;3.23;3.28;3663417;15623874.000
09/19/2005;3.28;3.35;3.23;3.32;2570749;11035680.000
09/20/2005;3.34;3.34;3.22;3.24;1908898;8066353.000
09/21/2005;3.23;3.27;3.12;3.12;1915200;7915813.000
09/22/2005;3.11;3.18;2.88;2.98;1536398;6028494.000
09/23/2005;2.98;3.00;2.85;2.87;873731;3322890.000
09/26/2005;2.85;2.92;2.83;2.89;605747;2266385.000
09/27/2005;2.64;2.79;2.60;2.60;3005403;10406627.000
09/28/2005;2.60;2.62;2.45;2.51;2375434;7773182.000
09/29/2005;2.46;2.62;2.46;2.59;2364816;7806730.000
09/30/2005;2.56;2.58;2.54;2.55;1642709;5463961.000
10/10/2005;2.55;2.56;2.52;2.55;788195;2599714.000
10/11/2005;2.55;2.72;2.53;2.66;2469024;8491877.000
10/12/2005;2.65;2.69;2.59;2.65;1151481;3958174.000
10/13/2005;2.62;2.92;2.62;2.92;6046648;22593456.000
10/14/2005;2.88;2.91;2.77;2.78;3827211;14136993.000
10/17/2005;2.73;2.79;2.69;2.76;1457949;5202508.000
10/18/2005;2.73;2.81;2.72;2.76;1673506;5999847.000
10/19/2005;2.79;2.79;2.71;2.71;1517005;5420512.000
10/20/2005;2.64;2.67;2.49;2.58;2070041;6941837.000
10/21/2005;2.47;2.65;2.47;2.58;1516890;5137712.000
10/24/2005;2.57;2.64;2.55;2.60;994381;3366569.000
10/25/2005;2.59;2.64;2.59;2.60;1013279;3444454.000
10/26/2005;2.58;2.62;2.46;2.49;1040719;3430269.000
10/27/2005;2.46;2.51;2.36;2.40;968628;3043176.000
10/28/2005;2.38;2.45;2.23;2.30;992150;2969129.000
10/31/2005;2.28;2.40;2.26;2.37;720727;2207950.000
11/01/2005;2.35;2.38;2.27;2.35;445408;1340002.000
11/02/2005;2.37;2.44;2.35;2.44;1325450;4165015.000
11/03/2005;2.44;2.45;2.35;2.37;633638;1975436.000
11/04/2005;2.37;2.44;2.34;2.42;607232;1899280.000
11/07/2005;2.42;2.48;2.38;2.45;848720;2693939.000
11/08/2005;2.45;2.48;2.42;2.47;569344;1812330.000
11/09/2005;2.48;2.49;2.40;2.45;963919;3074234.000
11/10/2005;2.45;2.48;2.36;2.47;1485212;4664178.000
11/11/2005;2.45;2.55;2.43;2.51;2233760;7257144.000
11/14/2005;2.53;2.67;2.50;2.60;3792146;12727687.000
11/15/2005;2.60;2.60;2.50;2.52;1347160;4457264.000
11/16/2005;2.51;2.51;2.37;2.49;1167889;3694883.000
11/17/2005;2.48;2.50;2.43;2.47;599639;1919635.000
11/18/2005;2.45;2.54;2.44;2.50;844393;2748810.000
11/21/2005;2.52;2.59;2.48;2.58;725806;2391223.000
11/22/2005;2.58;2.58;2.45;2.47;746212;2439487.000
11/23/2005;2.46;2.52;2.46;2.49;530989;1719930.000
11/24/2005;2.48;2.53;2.48;2.52;385380;1257174.000
11/25/2005;2.50;2.52;2.46;2.48;349632;1133295.000
11/28/2005;2.49;2.53;2.47;2.52;462624;1507136.000
11/29/2005;2.51;2.54;2.42;2.42;410500;1321129.000
11/30/2005;2.42;2.46;2.39;2.45;431950;1366599.000
12/01/2005;2.42;2.45;2.40;2.43;160400;506855.000
12/02/2005;2.42;2.45;2.35;2.36;476700;1483744.000
12/05/2005;2.32;2.38;2.25;2.27;343400;1032617.000
12/06/2005;2.27;2.32;2.27;2.31;298500;890596.000
12/07/2005;2.25;2.32;2.25;2.31;201082;600690.000
12/08/2005;2.31;2.35;2.25;2.28;348989;1041626.000
12/12/2005;2.31;2.38;2.30;2.37;538872;1654169.000
12/13/2005;2.41;2.42;2.32;2.38;1062831;3242674.000
12/14/2005;2.41;2.42;2.35;2.41;811588;2510234.000
12/15/2005;2.41;2.46;2.38;2.40;1402681;4423977.000
12/16/2005;2.35;2.41;2.35;2.40;363790;1122862.000
12/19/2005;2.39;2.41;2.36;2.41;668147;2070273.000
12/20/2005;2.41;2.43;2.35;2.38;844273;2626327.000
12/21/2005;2.37;2.39;2.35;2.35;463950;1428521.000
12/22/2005;2.33;2.36;2.33;2.35;368451;1120731.000
12/23/2005;2.35;2.39;2.35;2.38;396970;1219125.000
12/26/2005;2.40;2.41;2.38;2.39;870431;2707359.000
12/27/2005;2.39;2.39;2.36;2.38;379326;1170841.000
12/28/2005;2.38;2.40;2.36;2.38;222108;686678.000
12/29/2005;2.38;2.41;2.37;2.40;683426;2126743.000
12/30/2005;2.40;2.42;2.33;2.35;614457;1891190.000
01/04/2006;2.35;2.38;2.34;2.37;412278;1266255.000
01/05/2006;2.38;2.42;2.35;2.42;1082880;3347678.000
01/06/2006;2.42;2.44;2.37;2.43;1168126;3658919.000
01/09/2006;2.42;2.49;2.41;2.46;1326476;4232036.000
01/10/2006;2.46;2.48;2.42;2.47;672910;2145249.000
01/11/2006;2.47;2.47;2.41;2.43;756254;2391207.000
01/12/2006;2.45;2.59;2.45;2.55;2583820;8478142.000
01/13/2006;2.54;2.56;2.49;2.53;1505809;4939956.000
01/16/2006;2.56;2.65;2.50;2.52;2454130;8300788.000
01/17/2006;2.52;2.54;2.47;2.51;690471;2252994.000
01/18/2006;2.50;2.61;2.50;2.59;1303536;4337854.000
01/19/2006;2.68;2.72;2.60;2.63;2764658;9533299.000
01/20/2006;2.64;2.64;2.54;2.57;1461890;4894427.000
01/23/2006;2.57;2.58;2.47;2.52;1365047;4450054.000
01/24/2006;2.49;2.54;2.49;2.51;926994;3033062.000
01/25/2006;2.50;2.52;2.32;2.38;1177001;3677038.000
02/06/2006;2.38;2.61;2.38;2.56;2034498;6720011.000
02/07/2006;2.56;2.68;2.52;2.66;3846130;13103177.000
02/08/2006;2.64;2.65;2.56;2.65;1354202;4579312.000
02/09/2006;2.62;2.65;2.58;2.59;772351;2609609.000
02/10/2006;2.58;2.75;2.58;2.73;2304876;7999723.000
02/13/2006;2.75;2.85;2.68;2.70;4756216;17203958.000
02/14/2006;2.68;2.73;2.63;2.68;1469026;5118525.000
02/15/2006;2.68;2.76;2.66;2.73;1158205;4098719.000
02/16/2006;2.73;2.73;2.61;2.63;1212656;4186993.000
02/17/2006;2.62;2.64;2.54;2.56;931312;3142907.000
02/20/2006;2.54;2.56;2.52;2.55;615961;2033869.000
02/21/2006;2.55;2.68;2.48;2.66;1341627;4514868.000
02/22/2006;2.63;2.68;2.61;2.62;588600;2020891.000
02/23/2006;2.58;2.63;2.56;2.62;427836;1440250.000
02/24/2006;2.62;2.64;2.58;2.61;563249;1908847.000
02/27/2006;2.58;2.67;2.58;2.59;458230;1550550.000
02/28/2006;2.59;2.59;2.52;2.56;807348;2667943.000
03/01/2006;2.57;2.62;2.54;2.61;1106095;3709017.000
03/02/2006;2.62;2.68;2.57;2.67;2150787;7307593.000
03/03/2006;2.67;2.68;2.57;2.60;1611618;5506828.000
03/06/2006;2.61;2.61;2.55;2.55;479880;1604158.000
03/07/2006;2.55;2.55;2.45;2.46;867889;2802567.000
03/08/2006;2.45;2.52;2.40;2.50;663691;2125032.000
03/09/2006;2.52;2.55;2.41;2.43;873936;2838242.000
03/10/2006;2.43;2.46;2.40;2.43;681540;2144884.000
03/13/2006;2.42;2.45;2.42;2.42;277530;876247.000
03/14/2006;2.42;2.50;2.42;2.45;381321;1223564.000
03/15/2006;2.43;2.47;2.42;2.46;459231;1458696.000
03/16/2006;2.46;2.47;2.44;2.45;211391;673688.000
03/17/2006;2.45;2.46;2.42;2.44;389676;1236544.000
03/20/2006;2.45;2.48;2.42;2.46;511866;1629066.000
03/21/2006;2.45;2.48;2.45;2.47;576591;1851015.000
03/22/2006;2.45;2.50;2.45;2.48;409325;1316314.000
03/23/2006;2.49;2.52;2.46;2.51;651308;2113058.000
03/24/2006;2.49;2.53;2.45;2.46;491971;1591574.000
03/27/2006;2.45;2.45;2.40;2.42;552589;1739726.000
03/28/2006;2.44;2.48;2.42;2.46;381821;1214498.000
03/29/2006;2.47;2.47;2.40;2.43;974862;3091068.000
03/30/2006;2.42;2.45;2.40;2.41;563250;1772403.000
03/31/2006;2.40;2.42;2.35;2.38;825090;2540975.000
04/03/2006;2.38;2.38;2.34;2.37;1081300;3310293.000
04/04/2006;2.38;2.40;2.34;2.39;1225236;3776261.000
04/05/2006;2.38;2.40;2.36;2.40;899616;2786577.000
04/06/2006;2.40;2.42;2.36;2.38;997703;3087591.000
04/07/2006;2.38;2.43;2.35;2.41;1133135;3528204.000
04/10/2006;2.40;2.46;2.39;2.45;1474949;4670832.000
04/11/2006;2.36;2.45;2.35;2.42;1598039;4990861.000
04/12/2006;2.42;2.52;2.42;2.51;2476399;7939117.000
04/13/2006;2.51;2.51;2.39;2.40;1674260;5348067.000
04/14/2006;2.38;2.45;2.38;2.44;874787;2761085.000
04/17/2006;2.44;2.48;2.42;2.47;1396442;4472654.000
04/18/2006;2.47;2.61;2.35;2.53;2384311;7715864.000
04/19/2006;2.52;2.52;2.42;2.45;1208681;3885631.000
04/20/2006;2.43;2.49;2.35;2.45;1857817;5813710.000
04/21/2006;2.44;2.48;2.39;2.43;2391941;7604006.000
04/24/2006;2.45;2.55;2.45;2.52;6374539;20802758.000
04/25/2006;2.52;2.55;2.38;2.41;3085762;10007768.000
04/26/2006;2.38;2.47;2.38;2.43;2460107;7762396.000
04/27/2006;2.45;2.45;2.34;2.35;1819589;5611628.000
04/28/2006;2.16;2.45;2.16;2.27;1564470;4759438.000
05/08/2006;2.23;2.26;2.16;2.24;1735939;5016964.000
05/09/2006;2.23;2.29;2.17;2.27;2682571;7760769.000
05/10/2006;2.28;2.37;2.23;2.35;2217012;6684891.000
05/11/2006;2.33;2.42;2.29;2.35;2026175;6226266.000
05/12/2006;2.33;2.43;2.32;2.42;2004938;6249692.000
05/15/2006;2.50;2.57;2.41;2.56;3199402;10298715.000
05/16/2006;2.52;2.53;2.42;2.42;2616917;8391077.000
05/17/2006;2.40;2.53;2.38;2.53;2536431;8174223.000
05/18/2006;2.48;2.67;2.48;2.64;3490411;11742525.000
05/19/2006;2.63;2.73;2.58;2.70;4095709;14136059.000
05/22/2006;2.68;2.88;2.65;2.85;4694581;16974080.000
05/23/2006;2.78;3.12;2.78;2.87;7426542;28530910.000
05/24/2006;2.93;3.15;2.93;3.15;9816537;39082576.000
05/25/2006;3.19;3.22;2.97;3.15;4250866;17127028.000
05/26/2006;3.18;3.20;3.05;3.16;4048578;16436957.000
05/29/2006;3.26;3.48;3.22;3.35;10057676;44153908.000
05/31/2006;3.15;3.25;3.02;3.23;7069923;28744892.000
06/01/2006;3.15;3.52;3.12;3.49;6005981;26105644.000
06/02/2006;3.50;3.82;3.33;3.65;6728905;31146652.000
06/19/2006;3.28;3.28;3.28;3.28;634700;2710169.000
06/20/2006;3.22;3.38;3.17;3.25;2956356;12482704.000
06/21/2006;3.23;3.26;3.17;3.18;1589615;6621906.000
06/22/2006;3.18;3.18;3.04;3.08;2521956;10112778.000
06/23/2006;3.12;3.12;3.00;3.12;2712314;10731075.000
06/26/2006;3.09;3.14;3.05;3.08;2688045;10801636.000
06/27/2006;3.09;3.12;3.00;3.02;3484736;13810618.000
07/18/2006;2.98;3.23;2.97;3.21;7335088;22827008.000
07/19/2006;3.17;3.30;3.07;3.22;6097167;19375478.000
07/20/2006;3.29;3.30;3.16;3.20;3669536;11819263.000
07/21/2006;3.22;3.26;3.09;3.15;3743775;11819794.000
07/24/2006;3.15;3.21;3.10;3.15;3178794;10053123.000
07/25/2006;3.18;3.19;3.10;3.17;2479044;7804088.000
07/26/2006;3.18;3.29;3.14;3.24;3421384;11063653.000
07/27/2006;3.24;3.25;3.10;3.15;2802462;8852688.000
07/28/2006;3.15;3.18;3.10;3.18;1732800;5442224.000
07/31/2006;3.18;3.18;2.96;2.96;2255291;6859710.000
08/01/2006;2.97;3.00;2.84;2.87;1524187;4421057.000
08/02/2006;2.87;3.12;2.79;3.01;3293120;9746361.000
08/03/2006;3.00;3.07;2.95;3.05;2623843;7944758.000
08/04/2006;3.08;3.12;2.95;2.96;2715528;8260151.000
08/07/2006;2.93;3.04;2.80;2.94;1539793;4526317.000
08/08/2006;2.98;3.04;2.95;3.02;1736398;5203841.000
08/10/2006;3.02;3.03;2.91;3.00;2048004;6071272.000
08/11/2006;3.00;3.00;2.91;2.93;1387860;4088926.000
08/14/2006;2.94;2.98;2.83;2.84;1101860;3164040.000
08/15/2006;2.84;2.87;2.80;2.86;1080259;3063223.000
08/16/2006;2.86;2.98;2.80;2.93;1469835;4225999.000
08/17/2006;2.91;2.91;2.81;2.82;1306852;3714533.000
08/18/2006;2.82;2.89;2.82;2.85;733360;2088020.000
08/21/2006;2.72;3.13;2.65;3.01;2965744;8677009.000
08/22/2006;3.00;3.14;2.97;3.10;4982232;15328117.000
08/23/2006;3.16;3.20;3.05;3.09;3674279;11454856.000
08/24/2006;3.10;3.15;3.06;3.14;3608346;11210586.000
08/25/2006;3.15;3.15;3.05;3.07;1654109;5107294.000
08/28/2006;3.06;3.28;3.04;3.17;3603717;11319320.000
08/29/2006;3.19;3.22;3.11;3.12;3055953;9638153.000
08/30/2006;3.10;3.11;3.06;3.10;1383742;4266953.000
08/31/2006;3.11;3.14;3.06;3.12;1979161;6136696.000
09/01/2006;3.09;3.10;2.99;3.00;1249801;3800987.000
09/04/2006;3.00;3.15;2.97;3.13;2703160;8389911.000
09/05/2006;3.12;3.15;3.07;3.10;1473726;4567843.000
09/06/2006;3.10;3.20;3.07;3.18;3489078;11019123.000
09/07/2006;3.16;3.17;3.07;3.08;1136646;3530674.000
09/08/2006;3.08;3.18;3.08;3.13;1376911;4310769.000
09/11/2006;3.15;3.18;3.07;3.12;1604000;4992486.000
09/12/2006;3.13;3.25;3.09;3.22;4772961;15245073.000
09/13/2006;3.20;3.21;3.12;3.13;2371586;7465581.000
09/14/2006;3.13;3.15;3.04;3.10;1662953;5117031.000
09/15/2006;3.08;3.13;3.06;3.10;1401532;4338219.000
09/18/2006;3.18;3.18;3.07;3.16;1914389;5991348.000
09/19/2006;3.16;3.16;3.09;3.14;2013665;6276880.000
09/20/2006;3.14;3.17;3.10;3.14;1799434;5651830.000
09/21/2006;3.16;3.16;3.06;3.10;1990453;6215293.000
09/22/2006;3.10;3.12;3.00;3.01;2318811;7071122.000
09/25/2006;2.99;3.03;2.96;3.02;1438098;4293903.000
09/26/2006;3.02;3.02;2.93;2.97;1004955;2974022.000
09/27/2006;2.97;3.12;2.95;3.10;2064652;6266431.000
09/28/2006;3.05;3.22;3.05;3.19;6239022;19845486.000
09/29/2006;3.24;3.37;3.20;3.29;8356756;27565640.000
10/10/2006;3.62;3.62;3.62;3.62;3529171;12775599.000
10/11/2006;3.80;3.98;3.70;3.98;16627739;64920852.000
10/12/2006;3.98;4.29;3.88;4.12;9635337;39094360.000
10/13/2006;4.05;4.25;3.88;4.02;5512549;22476308.000
10/16/2006;4.02;4.24;4.02;4.08;5167541;21429248.000
10/17/2006;4.10;4.13;3.93;3.98;2898945;11596206.000
10/18/2006;3.98;4.04;3.90;4.04;2818692;11186061.000
10/19/2006;4.00;4.44;3.99;4.39;6790869;29340876.000
10/20/2006;4.38;4.55;4.29;4.36;3174397;13971135.000
10/23/2006;4.30;4.45;4.02;4.07;4471305;18760348.000
10/24/2006;4.06;4.29;4.03;4.27;4252217;17639616.000
10/25/2006;4.30;4.70;4.23;4.54;10144344;46200988.000
10/26/2006;4.50;4.64;4.41;4.59;4033807;18294062.000
10/27/2006;4.58;4.60;4.38;4.48;1625760;7287880.000
10/31/2006;4.76;4.76;4.32;4.39;3594129;16087405.000
11/01/2006;4.38;4.57;4.35;4.46;2435541;10858447.000
11/02/2006;4.43;4.53;4.17;4.32;4660869;19931416.000
11/03/2006;4.25;4.44;4.25;4.33;2384652;10405384.000
11/06/2006;4.30;4.37;4.19;4.19;1893532;8082633.000
11/07/2006;4.16;4.18;3.77;3.80;7888567;30177284.000
11/08/2006;3.82;3.82;3.65;3.78;3056196;11420628.000
11/09/2006;3.78;3.95;3.73;3.78;2629935;10103310.000
11/10/2006;3.78;3.93;3.73;3.81;2445624;9341969.000
11/13/2006;3.83;3.84;3.60;3.68;2391784;8760912.000
11/14/2006;3.66;3.76;3.55;3.74;709256;2577138.000
11/15/2006;3.78;3.82;3.70;3.80;1072963;4039740.000
11/16/2006;3.86;4.06;3.75;3.90;3473279;13555467.000
11/17/2006;3.91;3.96;3.79;3.91;961579;3735844.000
11/20/2006;3.90;3.93;3.65;3.84;1504121;5726320.000
11/21/2006;3.84;3.85;3.67;3.79;900264;3370170.000
11/22/2006;3.79;3.88;3.70;3.87;1315388;4994486.000
11/23/2006;3.92;4.00;3.85;3.92;1969585;7740798.000
11/24/2006;3.92;3.96;3.85;3.95;1496567;5874042.000
11/27/2006;3.91;4.09;3.91;4.06;1862562;7471868.000
11/28/2006;4.06;4.08;3.92;3.94;1119590;4459678.000
11/29/2006;3.94;4.02;3.91;3.99;1077662;4290856.000
11/30/2006;4.04;4.10;3.94;4.05;1530433;6173420.000
12/01/2006;4.08;4.10;3.98;4.07;1433196;5780873.000
12/04/2006;4.09;4.20;4.09;4.12;1612094;6691329.000
12/05/2006;4.10;4.18;3.97;3.99;2466502;9919014.000
12/06/2006;3.75;3.90;3.66;3.82;3416654;12913536.000
12/07/2006;3.80;3.99;3.73;3.84;3212830;12431448.000
12/08/2006;3.84;3.93;3.68;3.73;2483064;9370298.000
12/11/2006;3.69;3.76;3.66;3.76;991496;3698933.000
12/12/2006;3.89;3.89;3.74;3.81;1008020;3814396.000
12/13/2006;3.73;3.85;3.65;3.76;1917774;7097389.000
12/14/2006;3.70;3.85;3.67;3.85;2987319;11195808.000
12/15/2006;3.84;3.97;3.78;3.96;2405017;9287805.000
12/18/2006;4.10;4.10;3.88;3.94;3913547;15478539.000
12/19/2006;3.99;4.03;3.91;3.98;6093519;24176124.000
12/20/2006;3.95;3.95;3.75;3.88;2795331;10718739.000
12/21/2006;3.92;3.92;3.67;3.71;3947602;14732931.000
12/22/2006;3.72;3.72;3.59;3.66;2370700;8661794.000
12/25/2006;3.66;3.73;3.62;3.64;1830125;6692347.000
12/26/2006;3.65;3.65;3.50;3.52;2059857;7341698.000
12/27/2006;3.52;3.54;3.39;3.53;2144477;7417582.000
12/29/2006;3.44;3.50;3.25;3.34;3185526;10676087.000
01/04/2007;3.34;3.34;3.08;3.13;3866326;12143174.000
01/05/2007;3.11;3.20;3.08;3.20;2493340;7835750.000
01/08/2007;3.20;3.50;3.16;3.48;4353490;14429132.000
01/09/2007;3.49;3.83;3.38;3.82;8010643;29442556.000
01/10/2007;3.87;4.08;3.75;4.07;6549467;25618436.000
01/11/2007;4.15;4.21;4.03;4.07;10844017;44581084.000
01/12/2007;3.99;3.99;3.66;3.66;5266354;20101244.000
01/15/2007;3.60;3.76;3.50;3.72;4016085;14674117.000
01/16/2007;3.68;3.74;3.61;3.71;3487626;12810955.000
01/17/2007;3.71;3.73;3.59;3.64;3865687;14111652.000
01/18/2007;3.63;3.73;3.58;3.70;2652129;9752095.000
01/19/2007;3.70;4.05;3.70;4.02;6408628;24968372.000
01/22/2007;4.03;4.15;3.94;4.12;8841559;35834064.000
01/23/2007;4.13;4.13;3.90;4.04;5474924;21962040.000
01/24/2007;4.04;4.32;3.99;4.30;8593005;35907440.000
01/25/2007;4.28;4.28;3.90;3.95;6562994;26821626.000
01/26/2007;3.90;4.05;3.78;3.99;3361225;13186740.000
01/29/2007;4.05;4.17;4.03;4.15;4576339;18801558.000
01/30/2007;4.18;4.18;3.97;4.04;4222180;17205076.000
01/31/2007;4.03;4.06;3.68;3.75;2542931;9949279.000
02/01/2007;3.75;3.98;3.72;3.87;3158125;12059716.000
02/02/2007;3.89;4.22;3.80;4.12;7169226;29309272.000
02/05/2007;4.10;4.53;4.08;4.53;12361724;55062672.000
02/06/2007;4.45;4.80;4.20;4.61;9211616;41844640.000
02/07/2007;4.60;5.07;4.48;5.07;9948679;48108468.000
02/08/2007;5.11;5.58;5.00;5.58;4527219;24177626.000
02/09/2007;6.00;6.14;5.58;5.72;14467362;84657024.000
02/12/2007;5.40;6.29;5.40;6.29;12662793;76209536.000
02/13/2007;6.35;6.92;6.19;6.92;11593670;75795720.000
02/14/2007;7.02;7.61;6.90;7.37;8382760;61122088.000
02/27/2007;8.11;8.11;7.30;7.70;9167134;71630032.000
02/28/2007;7.48;8.40;6.93;8.17;10283072;76785040.000
03/01/2007;7.88;8.99;7.50;8.99;16337175;142202480.000
03/05/2007;9.20;9.80;8.20;9.13;7406548;65756488.000
03/06/2007;9.00;9.49;8.71;9.40;3925811;36324492.000
03/07/2007;9.20;10.30;9.20;10.30;4305303;43089232.000
03/08/2007;10.36;11.33;10.32;11.33;4854714;53861544.000
03/09/2007;11.87;12.46;11.40;12.46;7206873;87662096.000
03/14/2007;12.00;12.40;11.21;11.21;12364212;144348704.000
03/15/2007;10.80;11.38;10.33;10.69;16357795;173949888.000
03/16/2007;10.31;10.64;10.10;10.51;11253397;117184856.000
03/19/2007;10.20;11.00;10.05;10.61;8225067;87169776.000
03/20/2007;10.50;10.80;10.22;10.59;4852131;51173020.000
03/21/2007;10.60;10.79;10.36;10.54;3736602;39560948.000
03/22/2007;10.60;11.59;10.45;11.59;10065807;111728976.000
03/23/2007;11.65;12.10;11.04;11.91;10257165;119860144.000
03/26/2007;11.70;12.20;11.40;11.47;6277216;73743568.000
03/27/2007;11.36;11.45;11.05;11.11;4461061;49817984.000
03/28/2007;11.20;11.53;10.60;11.49;3967087;43797096.000
03/29/2007;11.35;11.68;10.77;11.14;3305277;37013816.000
03/30/2007;11.10;12.02;10.92;11.67;4499199;52087688.000
04/02/2007;11.75;11.87;11.50;11.60;2696642;31582324.000
04/03/2007;11.65;12.76;11.41;12.76;6407665;78628520.000
04/04/2007;13.24;14.04;12.90;14.04;6341689;86443504.000
04/05/2007;14.20;14.99;13.64;14.33;5256887;74549840.000
04/06/2007;14.20;14.55;13.60;13.92;3180461;44513236.000
04/09/2007;13.98;13.98;12.53;13.26;5102761;68111088.000
04/10/2007;13.07;13.88;12.98;13.60;3706014;50163248.000
04/11/2007;13.50;13.70;13.27;13.38;2191589;29369868.000
04/12/2007;13.41;13.90;13.22;13.84;3099638;42405880.000
04/13/2007;13.81;15.22;13.54;15.22;3634792;53832980.000
04/16/2007;15.45;16.49;15.45;15.79;4691393;74709664.000
04/17/2007;15.48;15.80;14.40;15.17;4071364;61937768.000
04/18/2007;15.20;16.40;15.15;16.36;4114547;65403248.000
04/19/2007;16.49;17.20;15.60;16.24;4054792;67009732.000
04/20/2007;16.65;17.51;16.00;17.09;3468845;58618440.000
04/23/2007;17.35;17.49;16.85;17.14;4186592;71872960.000
04/24/2007;17.20;17.45;16.70;16.77;3770951;64355304.000
04/25/2007;16.70;16.98;15.53;16.44;3918978;63960544.000
04/26/2007;16.76;17.20;16.39;16.88;4155799;70113944.000
04/27/2007;16.80;17.20;16.00;16.09;3499517;57846600.000
05/08/2007;15.29;16.89;15.29;16.89;2087963;34357720.000
05/09/2007;17.73;17.73;17.40;17.73;2493377;44183872.000
05/10/2007;18.62;18.62;17.20;17.79;4802299;86650608.000
05/11/2007;17.77;17.79;17.00;17.22;2323170;40247872.000
05/14/2007;17.20;17.20;16.36;16.37;3724245;61525596.000
05/15/2007;16.38;17.10;15.55;15.69;3102990;50634488.000
05/16/2007;15.78;16.47;15.78;16.47;2196997;35598752.000
05/17/2007;16.80;17.29;16.50;16.84;5560754;94586032.000
05/18/2007;16.78;16.78;16.00;16.29;3903320;63649676.000
05/21/2007;15.78;16.49;15.53;16.07;3055453;48904600.000
05/22/2007;16.08;16.45;15.68;15.70;5070125;80728048.000
05/23/2007;15.75;16.30;15.75;16.09;4539427;72619272.000
05/24/2007;16.15;16.59;15.29;15.39;5336776;83505360.000
05/25/2007;15.45;16.16;15.45;16.16;3639870;58090604.000
05/28/2007;16.50;16.97;15.35;15.72;11454511;189066112.000
05/29/2007;15.40;15.47;14.93;14.94;13409961;200709904.000
05/31/2007;14.19;14.19;14.19;14.19;129000;1830510.000
06/01/2007;13.48;13.48;13.48;13.48;125900;1697132.000
06/04/2007;12.81;12.81;12.81;12.81;50800;650748.000
06/05/2007;12.17;12.17;12.17;12.17;47300;575641.000
06/06/2007;11.56;12.15;11.56;11.56;6362140;73764376.000
06/07/2007;11.00;11.39;10.98;11.00;6887420;75774648.000
06/08/2007;11.40;11.55;11.12;11.55;7413587;84829104.000
06/11/2007;11.80;11.90;10.97;10.97;6393723;71826800.000
06/12/2007;10.89;11.24;10.42;10.50;5729403;60376312.000
06/13/2007;10.54;11.03;10.41;11.03;8125822;87325680.000
06/14/2007;11.35;11.45;10.75;10.77;5251662;58400104.000
06/15/2007;10.45;10.75;10.23;10.47;4438221;45901452.000
06/18/2007;10.55;10.99;10.37;10.99;6449208;69669800.000
06/19/2007;11.00;11.41;10.91;11.10;4901994;54559936.000
06/20/2007;11.20;11.66;11.18;11.66;8803035;102029904.000
06/21/2007;11.58;12.24;11.38;12.24;6046603;72533376.000
06/22/2007;12.62;12.85;11.75;12.14;7800871;98084320.000
06/25/2007;12.16;12.45;11.53;11.53;1268686;14938142.000
06/26/2007;10.95;10.95;10.95;10.95;149700;1639215.000
06/27/2007;10.40;10.78;10.40;10.40;2004002;20850274.000
06/28/2007;9.95;10.92;9.95;10.50;6711238;70847968.000
06/29/2007;10.50;10.50;9.98;9.98;2674795;26878672.000
07/02/2007;9.51;10.28;9.48;9.48;1418550;13528903.000
07/03/2007;9.16;9.50;9.01;9.19;5807938;52798600.000
07/04/2007;9.18;9.19;8.73;8.73;2147283;18910844.000
07/05/2007;8.33;9.15;8.30;8.86;4245746;37400976.000
07/06/2007;9.00;9.30;9.00;9.30;1773187;16348479.000
07/09/2007;9.77;9.77;9.02;9.48;7869395;75262880.000
07/10/2007;9.38;9.38;9.01;9.01;2105805;19101384.000
07/11/2007;9.05;9.28;8.91;9.03;1647391;14902342.000
07/12/2007;9.20;9.24;8.81;8.89;1641170;14690662.000
07/13/2007;8.98;9.08;8.45;8.45;2573869;21819074.000
07/16/2007;8.35;8.57;8.11;8.14;1108564;9224222.000
07/17/2007;8.00;8.44;7.78;8.18;1776586;14326653.000
07/18/2007;8.20;8.20;7.83;8.13;2223889;17907160.000
07/19/2007;8.17;8.54;8.02;8.54;3628928;30787740.000
07/20/2007;8.75;8.97;8.50;8.79;3621012;31648748.000
07/23/2007;8.86;9.15;8.70;9.12;3238642;29088936.000
07/24/2007;9.12;9.34;9.04;9.14;2567921;23620860.000
07/25/2007;9.06;9.50;9.06;9.38;2221673;20740218.000
07/26/2007;9.55;9.85;9.32;9.85;1574607;15054229.000
07/27/2007;10.34;10.34;10.15;10.34;1388415;14353969.000
07/30/2007;10.86;10.86;10.86;10.86;637214;6920144.000
07/31/2007;11.40;11.40;10.90;11.40;7840679;88849368.000
08/01/2007;11.97;11.97;11.61;11.97;7146673;85219928.000
08/02/2007;12.56;12.57;11.37;11.38;6919535;80753040.000
08/03/2007;11.09;11.95;11.01;11.68;4014600;46699280.000
08/06/2007;11.71;11.84;11.10;11.31;3176933;35872260.000
08/07/2007;11.26;11.30;10.74;10.74;3843366;41535960.000
08/08/2007;10.43;11.28;10.30;11.28;3763196;41933028.000
08/09/2007;11.49;11.84;11.46;11.84;2014823;23798286.000
08/10/2007;12.43;12.43;12.11;12.43;7701491;95366752.000
08/13/2007;12.78;13.05;12.18;12.69;4084954;51963120.000
08/14/2007;12.69;13.05;12.32;12.98;2561806;32689084.000
08/15/2007;13.00;13.63;13.00;13.63;4826104;65394304.000
08/16/2007;13.64;14.31;13.64;14.31;4276341;60879276.000
08/17/2007;14.95;15.03;14.41;15.03;6974631;104549952.000
09/03/2007;15.78;15.78;15.78;15.78;53201;839512.000
09/04/2007;16.57;16.57;16.57;16.57;71062;1177497.000
09/05/2007;17.40;17.40;15.74;15.99;6242353;101797096.000
09/06/2007;15.99;15.99;15.19;15.19;4439704;68231072.000
09/07/2007;14.84;15.78;14.84;14.98;3475306;53173136.000
09/10/2007;14.68;15.73;14.60;15.73;1904618;29440176.000
09/11/2007;15.82;16.52;15.82;16.21;3248971;53305488.000
09/12/2007;16.18;16.88;15.40;15.99;2489618;39656484.000
09/13/2007;15.80;16.20;15.28;15.61;1333039;20847076.000
09/14/2007;15.61;15.70;15.08;15.18;1745167;26630528.000
09/17/2007;15.18;15.50;14.81;14.95;1960179;29571996.000
09/18/2007;15.00;15.68;14.96;15.46;1337781;20539580.000
09/19/2007;15.80;15.80;14.80;14.84;1049916;15706525.000
09/20/2007;14.70;15.20;14.10;14.14;3074942;43677232.000
09/21/2007;14.18;14.85;13.62;14.85;3507471;50603980.000
09/24/2007;15.01;15.59;15.01;15.59;1552671;23953404.000
09/25/2007;15.83;16.26;15.20;15.28;1402265;21947428.000
09/26/2007;15.25;15.54;14.52;14.60;821190;12188367.000
09/27/2007;14.58;14.87;14.10;14.29;826283;11894018.000
09/28/2007;14.36;14.96;13.97;14.53;3797314;55348832.000
10/09/2007;15.26;15.26;14.80;15.26;2099347;31987712.000
10/10/2007;15.99;16.02;15.50;16.02;743628;11876458.000
10/11/2007;16.71;16.71;15.22;15.22;3037266;47438432.000
10/12/2007;15.00;15.00;14.46;14.46;1277800;18517164.000
10/15/2007;14.16;14.80;13.74;14.38;2014884;28083610.000
10/16/2007;14.73;14.77;13.67;13.69;1094091;15138388.000
10/17/2007;13.78;13.99;13.32;13.70;826830;11303914.000
10/18/2007;13.70;13.70;13.02;13.02;1430900;18827248.000
10/19/2007;13.35;13.35;12.38;12.55;1118725;14032391.000
10/22/2007;12.01;12.51;11.92;11.92;755600;9133946.000
10/23/2007;11.75;12.02;11.32;11.61;1537893;17653232.000
10/24/2007;11.61;12.19;11.61;12.19;2207074;26801182.000
10/25/2007;11.90;11.90;11.58;11.58;2004499;23312650.000
10/26/2007;11.20;11.76;11.00;11.08;949851;10585252.000
10/29/2007;11.49;11.57;10.59;11.40;871574;9697963.000
10/30/2007;11.15;11.46;11.12;11.40;603943;6849097.000
10/31/2007;11.60;11.97;11.41;11.97;978693;11612062.000
11/01/2007;12.30;12.57;12.00;12.21;1095141;13488822.000
11/02/2007;12.21;12.29;11.61;11.82;680286;8062263.000
11/05/2007;11.82;12.00;11.39;11.45;558602;6526641.000
11/06/2007;11.45;11.76;11.35;11.44;591184;6797196.000
11/07/2007;11.45;11.69;10.87;11.19;863840;9570754.000
11/08/2007;11.25;11.25;10.63;10.63;732900;7860886.000
11/09/2007;10.50;10.58;10.10;10.12;1517418;15390698.000
11/12/2007;10.09;10.09;9.61;9.61;808659;7797020.000
11/13/2007;9.61;9.98;9.50;9.65;812469;7852156.000
11/14/2007;9.78;10.13;9.78;10.13;1174538;11866945.000
11/15/2007;10.33;10.62;10.01;10.37;1838304;19017216.000
11/16/2007;10.18;10.36;9.88;10.15;685161;6879869.000
11/19/2007;10.37;10.55;10.14;10.40;501428;5197635.000
11/20/2007;10.40;10.87;10.40;10.67;560259;5935237.000
11/21/2007;10.78;10.98;10.43;10.50;677366;7205490.000
11/22/2007;10.45;10.45;9.98;9.98;633791;6367998.000
11/23/2007;9.80;10.42;9.50;10.33;478867;4768699.000
11/27/2007;10.23;10.28;9.81;9.88;634408;6293195.000
11/28/2007;9.85;10.10;9.68;10.09;502584;4983733.000
11/29/2007;10.19;10.49;9.81;10.08;740056;7480108.000
11/30/2007;10.06;10.23;9.90;10.01;419586;4217944.000
12/03/2007;10.01;10.27;9.93;10.13;208400;2109262.000
12/04/2007;10.16;10.18;9.88;9.95;573547;5727661.000
12/05/2007;9.86;10.40;9.85;10.33;893667;9058892.000
12/06/2007;10.30;10.30;10.10;10.23;333050;3387780.000
12/07/2007;10.35;10.53;10.10;10.42;799867;8221186.000
12/10/2007;10.30;10.85;10.20;10.74;1125952;11931131.000
12/11/2007;10.69;10.94;10.56;10.88;1066214;11463696.000
12/12/2007;10.95;11.17;10.85;10.92;774058;8495986.000
12/13/2007;11.10;11.10;10.37;10.38;1167397;12522321.000
12/14/2007;10.30;10.43;9.90;10.36;1430915;14533854.000
12/17/2007;10.39;10.40;10.00;10.05;1352095;13678503.000
12/18/2007;9.98;10.17;9.87;10.07;861562;8588297.000
12/19/2007;10.18;10.30;10.06;10.29;901855;9194920.000
12/20/2007;10.35;10.80;10.31;10.80;677705;7221603.000
12/21/2007;11.15;11.34;10.99;11.34;796552;8942308.000
12/24/2007;11.90;11.91;11.37;11.55;4545475;53400512.000
12/25/2007;11.51;12.13;11.30;12.13;2385699;28595616.000
12/26/2007;12.28;12.74;12.20;12.74;2248122;27984056.000
12/27/2007;12.75;13.38;12.75;13.38;2118390;28047776.000
12/28/2007;13.10;14.00;13.10;13.47;2416769;33134712.000
01/02/2008;13.60;13.95;13.00;13.34;2309081;30996358.000
01/03/2008;13.34;13.80;13.30;13.43;1498705;20232296.000
01/04/2008;13.21;13.50;13.00;13.19;1917362;25266602.000
01/07/2008;13.00;13.85;13.00;13.85;1919093;26286740.000
01/08/2008;14.16;14.54;14.00;14.54;2974851;42925220.000
01/09/2008;14.80;15.15;14.50;14.56;2003238;29562612.000
01/10/2008;14.54;14.57;14.00;14.10;2387019;33873288.000
01/11/2008;14.03;14.25;13.40;13.97;2716724;37243756.000
01/14/2008;14.15;14.66;14.15;14.58;2054791;29576096.000
01/15/2008;14.58;14.70;14.12;14.13;1573743;22468638.000
01/16/2008;14.13;14.30;13.71;13.79;1276237;17763362.000
01/17/2008;13.79;13.98;13.10;13.32;1772599;23821072.000
01/18/2008;13.98;13.99;13.20;13.40;972760;13168567.000
01/21/2008;13.84;13.84;13.01;13.12;861085;11654071.000
01/22/2008;12.90;12.90;12.46;12.46;895675;11182694.000
01/23/2008;11.84;12.90;11.84;12.80;3395506;41446096.000
01/24/2008;12.84;13.44;12.55;13.43;1946665;25622578.000
01/25/2008;13.40;13.80;13.02;13.24;1569427;21245380.000
01/29/2008;12.58;12.95;12.58;12.94;1815946;23057944.000
01/30/2008;12.99;13.59;12.82;13.32;1398605;18563212.000
01/31/2008;13.21;13.32;12.65;12.65;819887;10592934.000
02/01/2008;12.25;12.80;12.02;12.02;866220;10524974.000
02/04/2008;12.21;12.62;12.21;12.62;1220420;15205473.000
02/05/2008;12.80;12.80;12.51;12.63;500820;6338825.000
02/13/2008;12.60;12.60;12.12;12.23;722800;8947442.000
02/14/2008;12.70;12.84;12.45;12.84;1084768;13853511.000
02/15/2008;12.97;13.48;12.90;13.48;2989274;39944896.000
02/18/2008;13.59;14.05;13.40;13.48;2016540;27666560.000
02/19/2008;13.50;13.90;13.22;13.69;1457127;19820252.000
02/20/2008;13.80;13.80;13.50;13.73;1524794;20858644.000
02/21/2008;13.99;14.42;13.65;14.41;3281211;46324680.000
02/22/2008;14.41;14.70;13.69;13.69;2612217;36676784.000
02/25/2008;13.80;13.88;13.01;13.01;1244636;16376770.000
02/26/2008;13.50;13.50;12.43;12.96;1128860;14508530.000
02/27/2008;13.30;13.61;13.02;13.61;2053712;27847826.000
02/28/2008;13.98;14.24;13.85;13.95;3288775;46151796.000
02/29/2008;13.75;13.93;13.40;13.90;1492797;20354244.000
03/03/2008;13.80;14.07;13.41;13.91;2171743;30033494.000
03/04/2008;13.92;14.18;13.28;13.35;1597812;21895048.000
03/05/2008;13.06;13.64;12.88;13.38;1305414;17141136.000
03/06/2008;13.50;13.57;13.10;13.34;976091;13000789.000
03/07/2008;13.30;13.49;12.91;13.02;986089;12926844.000
03/10/2008;12.98;13.28;12.75;12.91;815835;10558292.000
03/11/2008;12.80;13.00;12.59;13.00;530467;6805101.000
03/12/2008;13.13;13.29;13.00;13.14;906585;11917148.000
03/13/2008;12.90;12.90;12.48;12.52;1050551;13237280.000
03/14/2008;12.33;12.70;11.89;11.89;1315310;15704747.000
03/17/2008;11.89;11.89;11.30;11.30;628800;7127607.000
03/18/2008;10.74;10.74;10.74;10.74;133900;1438086.000
03/19/2008;10.20;10.80;10.20;10.57;2264408;23361602.000
03/20/2008;10.40;10.82;10.04;10.78;1728572;17819206.000
03/21/2008;10.78;11.30;10.50;11.22;1762401;19626972.000
03/24/2008;11.49;11.56;10.92;11.16;1319121;14863360.000
03/25/2008;11.16;11.42;10.65;11.31;1320517;14628812.000
03/26/2008;11.47;11.47;11.03;11.06;682099;7651892.000
03/27/2008;10.95;10.95;10.51;10.51;695919;7351946.000
03/28/2008;10.35;10.89;9.98;10.82;1074975;11051009.000
03/31/2008;10.44;10.79;10.28;10.70;977338;10241139.000
04/01/2008;10.86;11.07;10.17;10.17;866270;8850656.000
04/02/2008;10.00;10.00;9.66;9.66;1032260;9991914.000
04/07/2008;10.00;10.63;9.90;10.63;1686558;17367462.000
04/08/2008;11.34;11.69;11.21;11.41;3018598;35020964.000
04/09/2008;10.91;11.33;10.27;10.27;3201919;34678624.000
04/10/2008;9.85;10.27;9.55;10.12;1893229;18764656.000
04/11/2008;10.12;10.45;9.98;10.27;1324987;13542983.000
04/14/2008;9.90;9.95;9.24;9.24;1285083;12232109.000
04/15/2008;8.90;9.24;8.48;9.20;1543325;13569650.000
04/16/2008;9.14;9.14;8.52;8.53;819355;7216733.000
04/17/2008;8.30;8.75;7.80;7.93;1052528;8706414.000
04/18/2008;7.88;7.88;7.25;7.34;1217629;9097774.000
04/21/2008;7.90;8.07;6.80;7.21;1489325;11323147.000
04/22/2008;7.44;7.93;7.20;7.93;5201467;40920296.000
04/23/2008;8.03;8.72;8.03;8.72;6246270;52724168.000
04/24/2008;9.12;9.59;9.10;9.59;6361456;60043900.000
04/25/2008;9.40;9.94;9.12;9.49;5106668;48731068.000
04/28/2008;9.40;9.92;9.13;9.73;3887522;37498544.000
04/29/2008;9.45;10.46;9.43;10.30;3994820;39504072.000
04/30/2008;10.25;10.50;9.98;10.34;4329072;44385152.000
05/05/2008;10.15;10.70;9.85;10.69;4335391;44383416.000
05/06/2008;10.41;10.57;10.18;10.25;2983031;30859210.000
05/07/2008;10.09;10.48;10.00;10.06;2901805;29717196.000
05/08/2008;9.90;10.50;9.82;10.38;2466099;25365484.000
05/09/2008;10.40;11.36;10.10;11.10;5108835;55084592.000
05/12/2008;10.82;11.16;10.60;10.91;3153107;34149992.000
05/13/2008;10.43;10.80;10.25;10.32;2466363;25849536.000
05/14/2008;10.43;10.79;10.30;10.60;2011768;21250792.000
05/15/2008;10.68;10.70;10.29;10.30;1800695;18878144.000
05/16/2008;11.33;11.33;10.00;10.49;2204946;23609108.000
05/19/2008;10.49;10.57;10.01;10.25;1457455;14917952.000
05/20/2008;10.15;10.35;9.23;9.23;2013070;19736820.000
05/21/2008;9.06;9.68;8.36;9.33;2531120;22366708.000
05/22/2008;9.15;9.68;8.84;9.22;1813468;16975596.000
05/23/2008;9.20;9.38;8.58;8.78;1539332;13666748.000
05/26/2008;8.58;8.97;8.53;8.59;901083;7887527.000
05/27/2008;8.58;8.82;8.56;8.73;578557;5028438.000
05/28/2008;8.79;9.60;8.66;9.60;2747306;25653850.000
05/29/2008;9.58;9.60;9.03;9.19;1989689;18520890.000
05/30/2008;9.06;9.28;8.83;9.26;1000590;9072523.000
06/02/2008;9.25;9.39;8.92;9.15;629859;5777950.000
06/03/2008;9.20;9.24;8.88;9.00;980227;8836215.000
06/04/2008;9.05;9.05;8.48;8.58;1006405;8670272.000
06/05/2008;8.58;8.77;8.58;8.62;549148;4756359.000
06/06/2008;8.80;9.44;8.66;8.91;2024717;18548212.000
06/10/2008;8.48;8.50;8.02;8.02;1122150;9151612.000
06/11/2008;7.74;7.98;7.42;7.62;1149950;8766799.000
06/12/2008;7.50;7.91;7.35;7.88;1460635;11038626.000
06/13/2008;7.80;7.94;7.31;7.40;750475;5689804.000
06/16/2008;7.42;7.49;7.06;7.20;657358;4764177.000
06/17/2008;7.21;7.37;6.49;6.50;1020810;6954588.000
06/18/2008;6.28;6.98;6.12;6.85;1485703;9846712.000
06/19/2008;6.75;6.84;6.17;6.17;1340608;8537943.000
06/20/2008;6.44;6.65;5.80;6.28;1113591;7009333.000
06/23/2008;6.20;6.30;6.03;6.18;522636;3215915.000
06/24/2008;6.19;6.80;6.16;6.80;1910748;12737426.000
06/25/2008;6.89;7.15;6.75;7.14;2576551;17955504.000
06/26/2008;7.10;7.24;6.80;7.11;1965738;13805613.000
06/27/2008;6.77;6.99;6.40;6.40;1331508;8783494.000
07/01/2008;6.60;6.62;6.18;6.47;890241;5700122.000
07/02/2008;6.47;6.67;6.41;6.51;724795;4736637.000
07/03/2008;6.39;6.89;6.05;6.71;1909223;12645319.000
07/04/2008;6.60;6.82;6.60;6.81;1357497;9101846.000
07/07/2008;7.33;7.49;7.31;7.49;827285;6177229.000
07/08/2008;8.19;8.24;7.65;8.24;6779045;54352336.000
07/09/2008;8.15;8.48;7.90;8.27;4598263;37634140.000
07/10/2008;8.15;8.40;7.85;7.90;3235384;26402036.000
07/11/2008;7.74;7.95;7.42;7.66;2228167;17035518.000
07/14/2008;7.60;8.43;7.60;8.43;4576830;38091868.000
07/15/2008;8.56;8.73;7.92;7.96;5151384;42332100.000
07/16/2008;7.78;7.84;7.16;7.29;2819301;20993262.000
07/17/2008;7.40;7.70;7.16;7.22;1730539;12852048.000
07/18/2008;7.25;7.56;6.86;7.50;1696322;12266059.000
07/21/2008;7.40;7.90;7.35;7.83;1903952;14743760.000
07/22/2008;7.80;8.08;7.70;7.85;1706597;13468227.000
07/23/2008;7.88;8.02;7.70;7.75;1130156;8816170.000
07/24/2008;7.89;8.14;7.80;8.08;1904288;15266820.000
07/25/2008;8.02;8.02;7.75;7.81;1642362;12930193.000
07/28/2008;7.90;8.20;7.80;8.01;1673425;13445097.000
07/29/2008;7.90;7.90;7.69;7.75;1097550;8520035.000
07/30/2008;7.85;7.95;7.60;7.71;858231;6657402.000
07/31/2008;7.71;7.85;7.42;7.43;808278;6093250.000
08/01/2008;7.17;7.63;7.15;7.59;753591;5604243.000
08/04/2008;7.54;7.54;7.30;7.30;519300;3831554.000
08/05/2008;7.34;7.42;6.98;6.98;658600;4714119.000
08/06/2008;7.01;7.19;6.91;7.10;469705;3308669.000
08/07/2008;7.10;7.18;6.92;7.13;512456;3612062.000
08/08/2008;7.07;7.15;6.43;6.44;868629;5827996.000
08/11/2008;6.45;6.45;5.80;5.82;929581;5553463.000
08/12/2008;5.75;5.85;5.53;5.66;626958;3568278.000
08/13/2008;5.55;5.77;5.35;5.73;649817;3598142.000
08/14/2008;5.60;5.81;5.59;5.75;517420;2955757.000
08/15/2008;5.87;6.33;5.77;6.33;3039236;19180176.000
08/18/2008;6.20;6.25;5.70;5.70;1847800;11090558.000
08/19/2008;5.41;5.69;5.20;5.64;1801751;9865243.000
08/20/2008;5.55;6.18;5.33;6.14;2136418;12539473.000
08/21/2008;6.05;6.19;5.70;5.72;2039960;12133780.000
08/22/2008;5.56;5.70;5.25;5.45;1062614;5828417.000
08/25/2008;5.39;5.60;5.35;5.41;639379;3500958.000
08/26/2008;5.44;5.44;4.88;5.14;1477271;7562438.000
08/27/2008;5.00;5.24;4.93;5.14;649203;3307672.000
08/28/2008;5.18;5.20;5.05;5.11;553451;2831319.000
08/29/2008;5.08;5.46;5.08;5.25;898049;4739924.000
09/01/2008;5.24;5.25;4.95;5.02;537842;2723023.000
09/02/2008;5.00;5.25;4.92;5.18;636002;3270352.000
09/03/2008;5.18;5.50;5.13;5.38;1529818;8147770.000
09/04/2008;5.27;5.47;5.19;5.45;1004331;5371494.000
09/05/2008;5.32;5.35;5.10;5.14;1066413;5547657.000
09/08/2008;5.25;5.29;5.07;5.11;817511;4220664.000
09/09/2008;5.11;5.62;5.11;5.62;4472728;24682712.000
09/10/2008;5.40;5.83;5.11;5.70;4339355;23808228.000
09/11/2008;5.57;5.69;5.36;5.37;1988480;10870770.000
09/12/2008;5.36;5.38;5.18;5.24;1096088;5766258.000
09/16/2008;5.11;5.30;5.08;5.13;1009162;5227388.000
09/17/2008;5.16;5.24;4.62;4.62;2014210;9712811.000
09/18/2008;4.30;4.54;4.16;4.37;2067641;8844677.000
09/19/2008;4.80;4.81;4.66;4.81;1425318;6820527.000
09/22/2008;5.08;5.28;4.75;5.00;2585580;12953175.000
09/23/2008;4.72;4.85;4.50;4.50;1323333;6146171.000
09/24/2008;4.30;4.59;4.23;4.58;1361275;5950474.000
09/25/2008;4.58;4.85;4.50;4.83;2182984;10217215.000
09/26/2008;4.94;4.94;4.61;4.66;1321299;6217098.000
10/06/2008;4.52;4.80;4.45;4.74;1776099;8341610.000
10/07/2008;4.59;4.82;4.55;4.73;817473;3841615.000
10/08/2008;4.60;4.83;4.50;4.60;732750;3425355.000
10/09/2008;4.69;4.73;4.47;4.48;626986;2844606.000
10/10/2008;4.26;4.30;4.03;4.03;890660;3632135.000
10/13/2008;4.00;4.06;3.72;4.05;516147;2011044.000
10/14/2008;4.17;4.18;3.80;3.80;672315;2721807.000
10/15/2008;3.85;4.18;3.69;4.17;2497627;10134013.000
10/16/2008;3.95;4.04;3.75;3.75;1643416;6374223.000
10/17/2008;3.66;3.95;3.66;3.76;936269;3544787.000
10/20/2008;3.80;3.97;3.71;3.89;1084751;4179067.000
10/21/2008;3.94;4.20;3.78;4.03;1922352;7689319.000
10/22/2008;3.95;4.10;3.90;3.98;1506385;6011471.000
10/23/2008;3.90;4.15;3.85;4.05;1161205;4681062.000
10/24/2008;4.04;4.25;4.04;4.16;2511272;10439042.000
10/27/2008;4.13;4.24;3.74;3.76;1590824;6337165.000
10/28/2008;3.73;3.85;3.48;3.83;1635474;5935677.000
10/29/2008;3.83;3.89;3.59;3.67;1065782;3945063.000
10/30/2008;3.65;3.80;3.49;3.79;2270114;8307421.000
10/31/2008;3.78;3.82;3.58;3.77;1761450;6577056.000
11/03/2008;3.76;3.93;3.72;3.80;2941783;11271139.000
11/04/2008;3.74;3.74;3.42;3.43;2002982;6975011.000
11/05/2008;3.40;3.56;3.36;3.48;1387758;4829019.000
11/06/2008;3.42;3.42;3.25;3.32;714300;2367744.000
11/07/2008;3.27;3.45;3.27;3.40;707324;2393864.000
11/10/2008;3.47;3.68;3.42;3.67;2872924;10234187.000
11/11/2008;3.67;3.76;3.60;3.61;2063980;7546518.000
11/12/2008;3.60;3.76;3.53;3.73;2032599;7429117.000
11/13/2008;3.68;3.94;3.68;3.88;3117374;11980305.000
11/14/2008;3.88;4.17;3.84;4.09;3067833;12160289.000
11/17/2008;4.09;4.38;4.03;4.34;3383866;14144820.000
11/18/2008;4.30;4.34;3.91;4.04;3298824;13345994.000
11/19/2008;4.09;4.43;4.03;4.40;4926210;20814314.000
11/20/2008;4.20;4.40;4.15;4.20;3488119;14814325.000
11/21/2008;4.00;4.16;3.86;3.97;2450650;9771711.000
11/24/2008;4.01;4.06;3.80;3.80;1422776;5600113.000
11/25/2008;3.83;3.92;3.75;3.91;1577083;6019795.000
11/27/2008;4.19;4.26;4.00;4.11;3617719;14988831.000
11/28/2008;4.20;4.24;3.95;4.15;3817231;15732511.000
12/01/2008;4.15;4.57;4.02;4.57;4058741;18045738.000
12/02/2008;4.76;4.93;4.30;4.43;10479803;48965804.000
12/03/2008;4.35;4.53;4.32;4.51;6295606;27905742.000
12/04/2008;4.56;4.76;4.46;4.58;5982210;27547928.000
12/05/2008;4.55;4.61;4.35;4.61;3194225;14474753.000
12/08/2008;4.68;4.87;4.61;4.80;4297690;20286640.000
12/09/2008;4.73;5.10;4.61;4.90;6818857;33388748.000
12/10/2008;4.85;5.02;4.76;5.00;4437057;21692128.000
12/11/2008;5.09;5.50;5.03;5.07;8756068;46108228.000
12/12/2008;4.93;4.94;4.56;4.56;5577329;26163280.000
12/15/2008;4.53;4.65;4.42;4.53;2508524;11290865.000
12/16/2008;4.53;4.60;4.30;4.58;2142113;9553216.000
12/17/2008;4.58;4.66;4.50;4.59;2893494;13264552.000
12/18/2008;4.58;4.79;4.49;4.76;2869103;13337936.000
12/19/2008;4.74;4.82;4.68;4.70;2847030;13560978.000
12/22/2008;4.71;4.89;4.69;4.81;3577749;17178376.000
12/23/2008;4.84;5.06;4.65;4.66;6462250;31728048.000
12/24/2008;4.46;4.58;4.19;4.30;3496536;15106644.000
12/25/2008;4.19;4.33;4.05;4.19;1483819;6234220.000
12/26/2008;4.23;4.26;4.05;4.16;982326;4096812.000
12/29/2008;4.19;4.20;3.95;4.15;1266301;5159219.000
12/30/2008;4.14;4.24;4.10;4.17;1322149;5551474.000
12/31/2008;4.20;4.37;4.12;4.24;2697178;11490675.000
01/05/2009;4.36;4.43;4.26;4.39;3328017;14476602.000
01/06/2009;4.20;4.47;4.19;4.43;3023672;13189544.000
01/07/2009;4.35;4.57;4.34;4.50;2487098;11043233.000
01/08/2009;4.42;4.48;4.26;4.36;1831306;8000892.000
01/09/2009;4.31;4.45;4.31;4.40;1302429;5720725.000
01/12/2009;4.41;4.50;4.34;4.42;1337694;5938603.000
01/13/2009;4.40;4.41;4.22;4.23;1216118;5252702.000
01/14/2009;4.35;4.65;4.25;4.65;6735890;31167612.000
01/15/2009;4.66;4.92;4.51;4.75;7452995;34912088.000
01/16/2009;4.80;4.83;4.61;4.66;3864707;18232612.000
01/19/2009;4.60;4.74;4.46;4.55;2969774;13533025.000
01/20/2009;4.51;4.63;4.41;4.62;1817824;8287695.000
01/21/2009;4.47;4.85;4.47;4.72;3478248;16380848.000
01/22/2009;4.70;4.78;4.63;4.73;2408574;11336674.000
01/23/2009;4.80;5.20;4.73;5.18;8895161;44758464.000
02/02/2009;5.10;5.29;5.06;5.26;5143326;26720802.000
02/03/2009;5.23;5.67;5.15;5.43;6372703;34810216.000
02/04/2009;5.44;5.53;5.31;5.44;3435639;18557376.000
02/05/2009;5.44;5.48;5.15;5.23;4887858;25792652.000
02/06/2009;5.18;5.74;5.18;5.62;5535526;30192884.000
02/09/2009;5.60;5.78;5.45;5.64;4999959;27938724.000
02/10/2009;5.60;6.00;5.48;5.85;5650590;32544426.000
02/11/2009;5.68;5.93;5.50;5.69;4913225;28252318.000
02/12/2009;5.65;6.25;5.65;6.10;5386985;31936400.000
02/13/2009;6.05;6.27;5.88;6.21;4118932;25174880.000
02/16/2009;6.18;6.26;5.88;6.11;6982025;42418940.000
02/17/2009;6.15;6.72;6.13;6.31;9922413;64855344.000
02/18/2009;6.00;6.20;5.68;5.76;5964356;35831872.000
02/19/2009;5.80;5.90;5.65;5.81;3503164;20227738.000
02/20/2009;5.78;6.04;5.69;6.02;3332936;19759754.000
02/23/2009;5.97;6.31;5.85;6.22;5027170;30533964.000
02/24/2009;6.15;6.45;6.06;6.10;7372710;45878268.000
02/25/2009;6.15;6.38;5.81;6.34;4770845;29468630.000
02/26/2009;6.25;6.52;5.79;5.92;6306918;39766348.000
02/27/2009;5.82;5.83;5.33;5.33;3662439;19995320.000
03/02/2009;5.32;5.38;4.99;5.37;3014246;15732414.000
03/03/2009;5.20;5.40;5.04;5.30;2475375;12997143.000
03/04/2009;5.34;5.62;5.30;5.59;3620900;19796332.000
03/05/2009;5.58;5.74;5.38;5.56;3646220;20300414.000
03/06/2009;5.49;5.78;5.41;5.68;3825937;21492472.000
03/09/2009;5.74;5.75;5.23;5.26;3167652;17337030.000
03/10/2009;5.18;5.62;5.18;5.61;4031863;21830500.000
03/11/2009;5.75;5.75;5.47;5.50;3854298;21634304.000
03/12/2009;5.57;5.70;5.23;5.61;4075936;22249366.000
03/13/2009;5.55;5.61;5.42;5.48;2621274;14507807.000
03/16/2009;5.45;5.57;5.28;5.52;2315418;12546026.000
03/17/2009;5.58;5.75;5.44;5.71;3481495;19597638.000
03/18/2009;5.77;5.83;5.66;5.67;4333266;24957608.000
03/19/2009;5.70;5.95;5.66;5.93;4196673;24468792.000
03/20/2009;5.90;5.94;5.68;5.81;3611241;20920466.000
03/23/2009;5.89;6.17;5.86;6.03;6861737;41559388.000
03/24/2009;6.09;6.13;5.92;6.02;3836108;23019914.000
03/25/2009;6.01;6.28;5.88;6.16;5894371;35885408.000
03/27/2009;6.78;6.78;6.78;6.78;4779573;32405504.000
03/30/2009;7.14;7.23;6.82;7.02;15066213;105920008.000
03/31/2009;6.98;7.72;6.72;7.72;13337127;98669552.000
04/02/2009;8.15;8.49;7.92;8.49;10387353;85310472.000
04/03/2009;8.80;8.99;7.92;8.08;17543853;146950320.000
04/07/2009;7.99;8.16;7.63;7.82;8711240;68485464.000
04/08/2009;7.71;8.06;7.62;7.65;9182576;72274648.000
04/09/2009;7.63;7.80;7.45;7.72;6489128;49469068.000
04/10/2009;7.72;8.39;7.66;8.28;11772293;95728200.000
04/13/2009;8.28;8.45;8.04;8.15;7353937;60149464.000
04/14/2009;8.10;8.65;8.01;8.63;8368779;70401408.000
04/15/2009;8.48;9.25;8.41;8.98;9011457;80839776.000
04/16/2009;9.00;9.04;8.50;8.69;4765331;41536872.000
04/17/2009;8.51;8.83;8.40;8.42;3300531;28260596.000
04/20/2009;8.46;8.69;8.30;8.68;3012160;25654358.000
04/21/2009;8.55;8.95;8.46;8.67;3182019;27756508.000
04/22/2009;8.68;8.76;7.80;7.86;4001560;32942228.000
04/23/2009;7.70;8.06;7.60;7.88;2124433;16629640.000
04/24/2009;8.02;8.10;7.82;7.83;1485490;11807544.000
04/27/2009;7.85;7.85;7.33;7.43;1322399;10021721.000
04/28/2009;7.36;7.66;7.33;7.57;1496619;11250541.000
04/29/2009;7.60;7.98;7.43;7.91;2148701;16732561.000
04/30/2009;7.98;8.17;7.80;8.03;1338085;10717428.000
05/04/2009;8.04;8.41;8.04;8.30;2059996;16932290.000
05/05/2009;8.35;8.60;8.30;8.51;2720249;23087912.000
05/06/2009;8.52;8.55;8.36;8.51;2346389;19893024.000
05/07/2009;8.60;8.73;8.42;8.69;3066241;26359380.000
05/08/2009;8.61;8.63;8.23;8.48;2049465;17380172.000
05/11/2009;8.54;8.59;7.79;7.81;2244573;18163508.000
05/12/2009;7.79;8.06;7.73;8.05;925644;7326377.000
05/13/2009;8.07;8.86;8.05;8.86;4393531;37777504.000
05/14/2009;9.15;9.75;8.90;9.54;10114565;95408520.000
05/15/2009;9.31;10.47;9.12;9.98;7147771;69478368.000
05/19/2009;10.01;10.01;9.50;9.67;5574844;54113628.000
05/20/2009;9.64;9.80;9.45;9.51;5327395;51168392.000
05/21/2009;9.38;9.52;8.86;8.93;6395094;58029716.000
05/22/2009;9.10;9.24;8.90;8.93;3712953;33637112.000
05/25/2009;8.61;9.18;8.51;9.07;3073468;27413972.000
05/26/2009;8.94;9.35;8.90;8.93;2830485;25903884.000
05/27/2009;8.96;9.13;8.90;9.08;1502835;13566978.000
06/01/2009;9.06;9.30;9.00;9.00;3353173;30518312.000
06/02/2009;9.06;9.27;8.99;9.07;3311399;30086428.000
06/03/2009;9.10;9.10;8.90;9.04;2620958;23500066.000
06/04/2009;9.00;9.00;8.63;8.77;2578434;22664714.000
06/05/2009;8.77;8.98;8.64;8.85;1994950;17675786.000
06/08/2009;8.85;8.98;8.64;8.85;2219195;19547700.000
06/09/2009;8.85;9.70;8.64;9.55;7052744;65506232.000
06/10/2009;9.64;9.64;9.22;9.32;3950047;36917860.000
06/11/2009;9.40;9.46;8.95;8.97;2610235;23925384.000
06/12/2009;9.80;9.80;8.88;9.07;5310115;49676192.000
06/15/2009;8.81;8.98;8.61;8.86;2456589;21550066.000
06/16/2009;8.77;8.77;8.63;8.65;1905191;16549076.000
06/17/2009;8.58;8.73;8.45;8.60;2969063;25471914.000
06/18/2009;8.60;8.95;8.55;8.90;2919004;25565406.000
06/19/2009;8.80;8.90;8.66;8.73;1868299;16313896.000
06/22/2009;8.74;8.88;8.56;8.60;2198467;19115264.000
06/23/2009;8.47;8.75;8.45;8.59;1416627;12213349.000
06/24/2009;8.53;8.73;8.53;8.70;1360558;11767413.000
06/25/2009;8.65;8.94;8.65;8.78;2736933;24140376.000
06/26/2009;8.81;9.30;8.60;9.15;3844446;34426808.000
06/29/2009;9.10;9.15;8.86;8.96;2467113;22101162.000
06/30/2009;8.99;9.00;8.66;8.73;1712585;15037816.000
07/01/2009;8.73;8.82;8.64;8.71;1354549;11819750.000
07/02/2009;8.71;8.80;8.66;8.77;1828388;15952187.000
07/03/2009;8.74;8.78;8.56;8.58;2383052;20535096.000
07/06/2009;8.56;8.58;8.41;8.46;2285230;19309916.000
07/07/2009;8.45;8.93;8.40;8.81;3747322;32810364.000
07/08/2009;8.76;8.94;8.67;8.80;2251771;19791592.000
07/09/2009;8.81;9.20;8.80;9.02;4014196;36007928.000
07/10/2009;9.03;9.20;8.88;9.04;3342351;30225816.000
07/13/2009;8.96;9.38;8.90;9.24;5408885;50014728.000
07/14/2009;9.26;9.29;9.08;9.18;3464413;31713754.000
07/15/2009;9.18;9.34;9.15;9.22;3325958;30629340.000
07/16/2009;9.25;10.12;9.00;10.03;9794186;93309488.000
07/17/2009;10.05;10.68;9.70;10.32;14341568;146644736.000
07/20/2009;10.27;10.53;10.01;10.35;6253953;63899108.000
07/21/2009;10.33;11.39;10.17;11.39;7752070;84632080.000
07/22/2009;11.70;12.53;11.31;12.35;14585926;173017904.000
07/23/2009;11.90;12.49;11.77;12.11;6262770;75588864.000
07/24/2009;12.25;12.46;11.90;12.34;5535461;67553184.000
07/27/2009;12.70;13.20;12.34;12.82;6588118;84385616.000
07/28/2009;12.90;13.29;12.40;12.83;4583969;58852256.000
07/29/2009;12.79;12.80;11.60;12.14;4732886;58548192.000
07/30/2009;12.20;13.25;12.01;13.09;5607761;71168704.000
07/31/2009;13.09;13.80;12.88;13.40;5471151;73675320.000
08/03/2009;13.40;14.56;13.21;14.50;5329922;74622936.000
08/04/2009;14.53;15.95;14.40;15.95;7350765;113665264.000
08/05/2009;15.85;16.25;15.30;15.41;6217511;97829040.000
08/06/2009;15.00;15.65;14.80;15.31;3426277;52021556.000
08/07/2009;15.25;15.40;13.88;14.08;4289776;62166216.000
08/10/2009;14.12;14.70;13.77;14.60;2983848;42081760.000
08/11/2009;14.90;14.91;14.20;14.56;2998249;43614616.000
08/12/2009;14.56;15.20;14.20;14.98;3476128;51193140.000
08/13/2009;14.90;15.60;14.40;15.28;3183793;48303648.000
08/14/2009;15.20;15.76;14.10;14.89;3543504;53048904.000
08/17/2009;14.52;14.68;13.90;14.24;3239118;46372064.000
08/18/2009;14.20;14.72;12.82;12.82;5549151;73922408.000
08/19/2009;13.00;13.20;11.54;11.80;5285905;63915508.000
08/20/2009;11.85;12.50;11.85;12.41;3538159;43102680.000
08/21/2009;12.50;13.65;12.25;13.65;2767248;36589872.000
08/24/2009;14.50;14.96;13.80;14.86;4877196;70122184.000
08/25/2009;14.70;14.86;13.90;14.61;4357860;63223212.000
08/26/2009;14.80;16.07;14.76;15.76;7383199;115482208.000
09/28/2009;14.18;15.00;14.18;14.18;9850500;140315216.000
09/29/2009;13.41;13.72;12.76;12.76;3587897;46306680.000
09/30/2009;12.20;12.69;11.85;12.23;5691094;69271456.000
10/12/2009;12.82;12.82;12.23;12.42;4091436;51316208.000
10/13/2009;12.55;12.56;12.09;12.38;3546108;43469792.000
10/14/2009;12.50;13.00;12.41;12.91;6858847;87678736.000
10/15/2009;12.95;13.18;12.67;12.69;4139925;53203412.000
10/16/2009;12.75;12.87;11.98;12.41;4936635;60642020.000
10/19/2009;12.35;13.15;12.19;13.06;6404201;81001568.000
10/20/2009;13.09;13.46;12.86;13.44;7465060;98099136.000
10/21/2009;13.44;13.67;13.05;13.07;5359048;71495968.000
10/22/2009;12.90;12.99;12.59;12.74;3394285;43272232.000
10/23/2009;12.70;13.40;12.70;13.21;4141810;54401472.000
10/26/2009;13.24;13.55;13.10;13.48;5829443;78034216.000
10/27/2009;13.46;13.46;12.88;12.90;3230048;42334112.000
10/28/2009;12.88;12.88;12.35;12.79;2983139;37524376.000
10/29/2009;12.60;12.72;12.35;12.37;2358177;29400796.000
10/30/2009;12.55;12.62;12.40;12.43;2396066;29880520.000
11/02/2009;11.91;12.57;11.68;12.48;3142324;38370988.000
11/03/2009;12.58;13.16;12.45;13.02;4565243;58797664.000
11/04/2009;12.89;13.30;12.80;13.04;4025019;52838768.000
11/05/2009;13.11;14.19;13.11;14.03;7240020;97790504.000
11/06/2009;14.32;14.58;14.03;14.03;9172748;130502776.000
11/09/2009;14.03;14.33;13.50;14.11;4016090;56297672.000
11/10/2009;14.15;14.80;14.15;14.26;5234161;75817912.000
11/11/2009;14.30;14.55;14.00;14.53;3579303;51165672.000
11/12/2009;14.55;14.79;14.32;14.40;3669100;53386840.000
11/13/2009;14.40;14.40;14.00;14.26;3025771;42830344.000
11/17/2009;14.62;14.79;14.45;14.57;4514728;66032472.000
11/18/2009;14.72;14.89;14.39;14.43;4296427;62857040.000
11/19/2009;14.41;15.10;14.41;14.99;5116813;75463080.000
11/20/2009;14.99;15.81;14.85;15.59;4758652;73705504.000
11/23/2009;15.61;16.26;15.61;16.00;5136186;82101752.000
11/24/2009;16.25;16.36;14.68;14.72;6049694;94641048.000
11/25/2009;14.77;15.35;14.77;15.29;3838153;58147864.000
11/26/2009;15.29;15.75;14.45;14.56;4054631;61459056.000
11/27/2009;14.49;14.68;13.60;14.14;2312109;32863944.000
11/30/2009;14.30;15.55;14.30;15.55;2461199;38117984.000
12/01/2009;16.11;16.56;15.68;16.04;6822878;109199248.000
12/02/2009;15.90;16.89;15.84;16.79;7591765;125036344.000
12/03/2009;16.86;17.90;16.76;17.06;8948775;154887088.000
12/04/2009;16.90;17.38;16.20;16.87;5083102;85489696.000
12/07/2009;16.48;17.49;16.48;17.35;2852271;49213484.000
12/08/2009;17.42;17.59;17.01;17.27;2006946;34609564.000
12/09/2009;17.10;17.25;16.70;16.80;1758367;29698452.000
12/10/2009;17.00;17.15;16.78;16.94;1435641;24248970.000
12/11/2009;17.00;17.10;16.83;16.91;1337686;22608300.000
12/14/2009;16.05;16.85;16.05;16.42;3566958;58395040.000
12/15/2009;16.30;16.80;16.00;16.50;2198518;36111108.000
12/16/2009;16.55;17.49;16.34;17.15;3473864;59346416.000
12/17/2009;17.25;17.30;16.36;16.42;2709904;45665696.000
12/18/2009;16.45;16.86;15.82;16.26;2631918;43387528.000
12/21/2009;16.34;16.58;15.98;16.48;1700247;27820168.000
12/22/2009;16.80;16.80;16.21;16.55;1514280;24959336.000
12/23/2009;16.56;17.35;16.56;17.13;3647054;62125076.000
12/24/2009;17.32;18.80;17.22;18.33;6722899;121345720.000
12/25/2009;18.48;18.48;18.19;18.35;3231479;59160980.000
12/28/2009;19.30;20.00;18.85;19.30;4658133;89836448.000
12/29/2009;19.03;19.78;19.01;19.46;3072336;59804288.000
12/30/2009;19.50;19.70;19.00;19.17;2638091;50773776.000
12/31/2009;19.50;19.50;18.83;19.25;1987447;37942556.000
01/04/2010;19.36;19.85;19.18;19.43;2409307;47115144.000
01/05/2010;19.44;20.68;19.43;20.39;3726581;75025192.000
01/06/2010;20.40;20.60;20.03;20.12;2009647;40689664.000
01/07/2010;20.25;20.25;19.46;19.70;2248803;44285504.000
01/08/2010;19.69;19.80;18.95;19.63;1948543;37757852.000
01/11/2010;19.76;20.68;19.55;20.20;2675130;54273816.000
01/12/2010;20.28;20.90;20.28;20.80;2722638;56193412.000
01/13/2010;20.49;20.89;20.08;20.44;2698883;55459520.000
01/14/2010;20.44;22.40;20.40;22.39;4691562;101980736.000
01/15/2010;22.60;23.50;22.35;23.01;4242085;97391880.000
01/18/2010;23.02;25.31;23.02;25.31;6202247;154496368.000
01/19/2010;25.71;27.84;25.31;27.84;7003506;187142544.000
01/20/2010;27.84;29.95;27.33;28.15;8948754;257868448.000
01/21/2010;28.17;29.00;27.38;28.19;4256435;118790256.000
01/22/2010;28.26;29.87;27.81;29.47;6279462;182357952.000
01/25/2010;29.60;30.98;29.58;29.76;5362982;162550576.000
01/26/2010;29.50;30.30;27.01;28.31;5362961;154812512.000
01/27/2010;27.90;31.14;27.20;31.13;4888385;143918400.000
01/28/2010;31.64;34.24;31.20;34.24;4675682;154437648.000
01/29/2010;34.88;36.99;34.50;35.22;5350573;191061008.000
02/02/2010;35.20;36.41;33.50;35.35;4308196;149665168.000
02/03/2010;35.40;35.98;32.30;33.65;3104729;106734800.000
02/04/2010;33.65;37.02;32.60;37.02;5999278;206483040.000
02/05/2010;36.00;37.80;34.30;34.35;4699229;169744352.000
02/08/2010;33.68;34.45;32.50;32.69;2744255;91371776.000
02/09/2010;32.50;33.40;30.25;30.48;4181597;131463608.000
02/10/2010;30.48;33.47;30.00;33.16;5132415;162875872.000
02/11/2010;32.81;32.81;30.09;30.48;3554262;111510280.000
02/12/2010;30.47;32.54;30.28;31.19;4235870;133262136.000
02/22/2010;31.30;32.80;31.30;31.84;3363517;107801592.000
02/23/2010;31.95;32.59;31.60;32.42;1857573;59589172.000
02/24/2010;32.50;35.66;32.42;35.62;4503304;157055360.000
02/25/2010;35.53;37.72;35.18;35.89;3201790;116209288.000
02/26/2010;35.80;36.48;34.76;35.74;2318103;82124144.000
03/01/2010;35.74;38.52;35.74;37.53;4051590;151845360.000
03/02/2010;37.53;38.46;37.15;37.96;1972385;74483480.000
03/03/2010;37.96;38.48;36.60;37.01;2298554;85887456.000
03/04/2010;37.01;37.60;34.50;34.54;2889566;104016144.000
03/05/2010;34.70;36.89;34.50;36.01;1868729;66579968.000
03/08/2010;35.33;37.50;35.33;36.32;1165449;42639224.000
03/09/2010;36.32;36.88;34.70;34.98;1941338;68780864.000
03/10/2010;34.98;35.50;33.63;34.43;2211201;75606352.000
03/11/2010;34.40;34.50;33.78;34.30;802437;27384520.000
03/12/2010;34.40;35.60;34.32;34.68;1069071;37414024.000
03/15/2010;34.30;35.03;33.00;33.13;1045151;35196952.000
03/16/2010;33.13;34.19;32.08;34.12;1664783;55370900.000
03/17/2010;33.95;35.00;32.35;34.37;4531588;149782144.000
03/19/2010;33.38;35.40;33.10;34.82;3298214;113180352.000
03/22/2010;34.99;35.80;34.56;35.22;1947404;69124232.000
03/23/2010;35.21;35.49;34.56;35.21;1105800;38737980.000
