600029 南方航空 日线
      日期	    开盘	    最高	    最低	    收盘	    成交量	    成交额
07/25/2003;2.25;2.32;2.16;2.23;588100167;2285586176.000
07/28/2003;2.21;2.28;2.18;2.25;103590240;402268832.000
07/29/2003;2.25;2.28;2.24;2.25;50648940;198670896.000
07/30/2003;2.25;2.36;2.24;2.35;130837000;524793248.000
07/31/2003;2.33;2.36;2.32;2.33;76104439;309954464.000
08/01/2003;2.33;2.33;2.29;2.31;48447094;194422608.000
08/04/2003;2.29;2.35;2.28;2.32;40218038;162249168.000
08/05/2003;2.32;2.32;2.29;2.31;24909656;99593680.000
08/06/2003;2.30;2.31;2.29;2.29;17821526;71137672.000
08/07/2003;2.29;2.35;2.29;2.30;32313362;130295720.000
08/08/2003;2.30;2.31;2.24;2.25;53276340;209684640.000
08/11/2003;2.24;2.26;2.23;2.26;17734477;69240152.000
08/12/2003;2.26;2.29;2.25;2.28;22567066;89349976.000
08/13/2003;2.28;2.29;2.25;2.25;16331589;64327276.000
08/14/2003;2.25;2.28;2.22;2.24;23888816;93337248.000
08/15/2003;2.23;2.26;2.22;2.23;29884373;116385480.000
08/18/2003;2.23;2.28;2.22;2.26;39758566;156457152.000
08/19/2003;2.26;2.29;2.25;2.28;19575210;77464288.000
08/20/2003;2.27;2.28;2.25;2.27;15871140;62534232.000
08/21/2003;2.29;2.33;2.28;2.32;63059566;252678560.000
08/22/2003;2.32;2.33;2.30;2.31;21994287;88580160.000
08/25/2003;2.30;2.31;2.29;2.31;15149548;60554792.000
08/26/2003;2.30;2.32;2.28;2.29;26502434;105969768.000
08/27/2003;2.29;2.29;2.26;2.27;21165608;83749280.000
08/28/2003;2.27;2.28;2.26;2.26;9440552;37242064.000
08/29/2003;2.25;2.29;2.25;2.29;12547840;49687616.000
09/01/2003;2.29;2.39;2.27;2.35;52407634;213576448.000
09/02/2003;2.35;2.36;2.32;2.33;32329712;131527792.000
09/03/2003;2.33;2.35;2.29;2.32;15789109;63482704.000
09/04/2003;2.32;2.35;2.31;2.32;10158688;41048584.000
09/05/2003;2.32;2.32;2.27;2.29;19278623;76715416.000
09/08/2003;2.29;2.31;2.27;2.31;7311437;29074712.000
09/09/2003;2.30;2.30;2.24;2.25;56575667;222133040.000
09/10/2003;2.24;2.26;2.22;2.25;16031897;62390900.000
09/11/2003;2.24;2.26;2.24;2.25;7031731;27487166.000
09/12/2003;2.26;2.26;2.22;2.23;9754937;37877028.000
09/15/2003;2.22;2.25;2.22;2.23;5944988;23113852.000
09/16/2003;2.22;2.23;2.17;2.21;27176255;103803736.000
09/17/2003;2.21;2.21;2.16;2.17;20479569;77507696.000
09/18/2003;2.17;2.21;2.17;2.19;6974537;26550132.000
09/19/2003;2.18;2.21;2.18;2.20;4806501;18321764.000
09/22/2003;2.21;2.22;2.18;2.20;4290500;16393518.000
09/23/2003;2.20;2.23;2.18;2.22;4963487;19077428.000
09/24/2003;2.23;2.24;2.21;2.22;3978447;15385670.000
09/25/2003;2.22;2.23;2.19;2.21;6952813;26759248.000
09/26/2003;2.21;2.24;2.20;2.21;6810657;26310408.000
09/29/2003;2.21;2.24;2.20;2.22;8527711;32962672.000
09/30/2003;2.21;2.26;2.21;2.24;13457387;52481868.000
10/08/2003;2.24;2.25;2.21;2.23;3984293;15464853.000
10/09/2003;2.22;2.26;2.22;2.23;7073356;27685112.000
10/10/2003;2.23;2.31;2.22;2.29;26076401;103599792.000
10/13/2003;2.29;2.29;2.25;2.26;14909490;58917824.000
10/14/2003;2.27;2.28;2.25;2.26;7905556;31126712.000
10/15/2003;2.26;2.29;2.25;2.25;12539247;49405984.000
10/16/2003;2.25;2.26;2.24;2.24;10135238;39593716.000
10/17/2003;2.24;2.28;2.24;2.26;10965440;43075184.000
10/20/2003;2.25;2.28;2.25;2.26;11706220;46128156.000
10/21/2003;2.26;2.31;2.25;2.30;20494414;81422672.000
10/22/2003;2.30;2.35;2.29;2.32;36743114;148365072.000
10/23/2003;2.32;2.33;2.28;2.29;15424410;61762608.000
10/24/2003;2.28;2.32;2.28;2.29;9527099;38097740.000
10/27/2003;2.29;2.32;2.29;2.31;11494229;45964776.000
10/28/2003;2.31;2.39;2.30;2.37;66382255;272709920.000
10/29/2003;2.36;2.39;2.33;2.37;25778798;105973336.000
10/30/2003;2.36;2.38;2.32;2.35;25733637;105331584.000
10/31/2003;2.34;2.47;2.33;2.43;55814546;234700304.000
11/03/2003;2.41;2.47;2.40;2.45;37982473;161825872.000
11/04/2003;2.45;2.56;2.43;2.44;71918503;312832384.000
11/05/2003;2.44;2.49;2.43;2.49;41333266;176976032.000
11/06/2003;2.49;2.52;2.43;2.45;36844613;158331968.000
11/07/2003;2.44;2.47;2.41;2.43;33521186;141863648.000
11/10/2003;2.43;2.50;2.42;2.50;19491288;83739792.000
11/11/2003;2.50;2.52;2.44;2.47;28752283;124140952.000
11/12/2003;2.46;2.47;2.39;2.40;26932979;113709784.000
11/13/2003;2.40;2.44;2.40;2.43;16616286;69931152.000
11/14/2003;2.43;2.47;2.39;2.46;26217772;110667968.000
11/17/2003;2.47;2.48;2.44;2.47;11524329;49483308.000
11/18/2003;2.47;2.47;2.41;2.43;26940100;114534480.000
11/19/2003;2.42;2.47;2.40;2.44;7638757;32496848.000
11/20/2003;2.44;2.57;2.43;2.55;52522096;230676304.000
11/21/2003;2.55;2.60;2.50;2.56;41395104;183176176.000
11/24/2003;2.55;2.63;2.53;2.62;40788684;184033472.000
11/25/2003;2.64;2.64;2.56;2.59;26183505;117964384.000
11/26/2003;2.58;2.62;2.56;2.59;15844721;71217800.000
11/27/2003;2.59;2.63;2.55;2.55;15643962;70391648.000
11/28/2003;2.55;2.62;2.55;2.60;8826813;39585356.000
12/01/2003;2.60;2.67;2.60;2.64;20808854;95495568.000
12/02/2003;2.64;2.66;2.62;2.63;25086396;114881760.000
12/03/2003;2.64;2.71;2.59;2.63;44005732;200744176.000
12/04/2003;2.63;2.63;2.57;2.63;27743723;125295984.000
12/05/2003;2.62;2.66;2.62;2.66;22732484;104636768.000
12/08/2003;2.66;2.66;2.57;2.60;23686300;107247736.000
12/09/2003;2.59;2.63;2.56;2.61;14318514;64575412.000
12/10/2003;2.61;2.69;2.59;2.68;32536273;149853792.000
12/11/2003;2.69;2.72;2.67;2.71;16206670;75736264.000
12/12/2003;2.71;2.74;2.69;2.70;19148448;90517536.000
12/15/2003;2.70;2.73;2.67;2.71;14335262;67500336.000
12/16/2003;2.71;2.75;2.66;2.75;25534064;120092488.000
12/17/2003;2.75;2.80;2.66;2.66;52579227;248025984.000
12/18/2003;2.64;2.70;2.64;2.70;13893351;64734068.000
12/19/2003;2.69;2.72;2.66;2.70;20326160;95213384.000
12/22/2003;2.70;2.85;2.66;2.83;35013539;168613312.000
12/23/2003;2.81;2.90;2.81;2.86;23511452;117284576.000
12/24/2003;2.86;2.95;2.85;2.93;26730067;135323328.000
12/25/2003;2.93;3.07;2.93;3.03;32291988;169198432.000
12/26/2003;3.04;3.04;2.95;2.97;19286197;99833240.000
12/29/2003;2.89;2.95;2.86;2.86;34716195;174876352.000
12/30/2003;2.86;2.90;2.85;2.87;28881131;144654368.000
12/31/2003;2.88;2.90;2.83;2.85;20091325;100452960.000
01/02/2004;2.85;2.98;2.85;2.92;24204586;123890496.000
01/05/2004;2.92;3.13;2.89;3.12;37196653;197496880.000
01/06/2004;3.11;3.29;3.09;3.25;43227145;240002160.000
01/07/2004;3.25;3.32;3.16;3.24;29489022;166016080.000
01/08/2004;3.20;3.36;3.16;3.32;46150716;261909280.000
01/09/2004;3.33;3.46;3.31;3.37;42580883;249703040.000
01/12/2004;3.36;3.44;3.33;3.42;26961597;158089632.000
01/13/2004;3.43;3.47;3.31;3.35;34830264;205390896.000
01/14/2004;3.33;3.35;3.27;3.30;18051342;103512744.000
01/15/2004;3.26;3.48;2.99;3.41;49682338;291100128.000
01/16/2004;3.42;3.62;3.42;3.50;56615614;346665024.000
02/02/2004;3.62;3.62;3.28;3.40;56413255;338245504.000
02/03/2004;3.37;3.40;3.28;3.40;28829253;167599488.000
02/04/2004;3.40;3.56;3.39;3.53;27164168;165825792.000
02/05/2004;3.53;3.59;3.50;3.56;22949607;141606896.000
02/06/2004;3.55;3.55;3.44;3.48;26681875;161282480.000
02/09/2004;3.45;3.51;3.39;3.43;24484422;146385360.000
02/10/2004;3.45;3.55;3.43;3.47;27200208;165072160.000
02/11/2004;3.46;3.53;3.42;3.44;24927001;150202016.000
02/12/2004;3.47;3.66;3.45;3.55;58776125;364870592.000
02/13/2004;3.56;3.77;3.56;3.73;72523028;467098016.000
02/16/2004;3.78;3.80;3.69;3.79;29948307;195240224.000
02/17/2004;3.79;3.81;3.71;3.71;25462237;165533568.000
02/18/2004;3.71;3.77;3.66;3.76;19448287;125657376.000
02/19/2004;3.78;3.87;3.71;3.72;25846610;170601200.000
02/20/2004;3.74;3.74;3.65;3.69;14934073;95556152.000
02/23/2004;3.72;3.81;3.68;3.69;29249715;190187904.000
02/24/2004;3.69;3.87;3.68;3.85;29815128;195236432.000
02/25/2004;3.86;3.95;3.74;3.75;31253893;210024176.000
02/26/2004;3.74;3.77;3.60;3.67;46883087;299215616.000
02/27/2004;3.71;3.79;3.66;3.75;21838033;141219232.000
03/01/2004;3.75;3.77;3.66;3.71;17427825;111878272.000
03/02/2004;3.71;3.75;3.65;3.67;13945004;89398232.000
03/03/2004;3.67;3.67;3.51;3.55;37855668;235049952.000
03/04/2004;3.54;3.58;3.45;3.58;29137762;177520032.000
03/05/2004;3.58;3.59;3.53;3.54;6348704;39205776.000
03/08/2004;3.52;3.57;3.47;3.49;15761223;96515256.000
03/09/2004;3.47;3.55;3.47;3.50;21092544;128830800.000
03/10/2004;3.51;3.59;3.47;3.59;13862657;85530464.000
03/11/2004;3.58;3.60;3.51;3.54;23040643;142723600.000
03/12/2004;3.55;3.65;3.54;3.60;21918898;137784608.000
03/15/2004;3.60;3.71;3.60;3.70;30803522;196927056.000
03/16/2004;3.71;3.78;3.69;3.70;18894574;122816880.000
03/17/2004;3.70;3.73;3.64;3.70;11629839;74348752.000
03/18/2004;3.70;3.76;3.61;3.62;14846767;94975168.000
03/19/2004;3.62;3.71;3.62;3.71;14804526;94187080.000
03/22/2004;3.70;3.72;3.61;3.66;17302789;109947336.000
03/23/2004;3.64;3.64;3.54;3.58;15364004;95245736.000
03/24/2004;3.58;3.58;3.49;3.51;19128562;117136952.000
03/25/2004;3.51;3.55;3.44;3.45;29415749;177654896.000
03/26/2004;3.44;3.45;3.36;3.41;25591676;151138240.000
03/29/2004;3.39;3.44;3.37;3.41;12546938;74400480.000
03/30/2004;3.41;3.41;3.32;3.36;31510522;183407552.000
03/31/2004;3.36;3.38;3.33;3.36;23164086;135266496.000
04/01/2004;3.37;3.41;3.36;3.41;31930109;188265600.000
04/02/2004;3.43;3.43;3.37;3.39;31686860;186812352.000
04/05/2004;3.39;3.41;3.33;3.35;32677889;190687040.000
04/06/2004;3.33;3.40;3.29;3.40;23711653;137680512.000
04/07/2004;3.40;3.43;3.38;3.41;19951884;118085392.000
04/09/2004;3.42;3.46;3.30;3.31;24147136;141188832.000
04/12/2004;3.31;3.33;3.23;3.24;13595843;77594456.000
04/13/2004;3.24;3.25;3.17;3.17;24044950;133984024.000
04/14/2004;3.16;3.23;3.15;3.21;15421076;85260976.000
04/15/2004;3.22;3.33;3.22;3.25;30403612;173693136.000
04/16/2004;3.27;3.36;3.27;3.35;23284771;135096080.000
04/19/2004;3.36;3.42;3.35;3.37;30331134;179083216.000
04/20/2004;3.37;3.45;3.37;3.43;27650572;164147376.000
04/21/2004;3.43;3.52;3.40;3.48;53547997;324436160.000
04/22/2004;3.48;3.50;3.41;3.44;22667689;136131072.000
04/23/2004;3.39;3.40;3.29;3.35;31049237;181024224.000
04/26/2004;3.36;3.52;3.33;3.51;28821518;172887648.000
04/27/2004;3.52;3.58;3.51;3.54;30115285;185978880.000
04/28/2004;3.52;3.59;3.45;3.53;20267005;124039624.000
04/29/2004;3.45;3.57;3.44;3.52;27826869;169948688.000
04/30/2004;3.52;3.58;3.46;3.47;16003317;98282368.000
05/10/2004;3.51;3.51;3.12;3.12;24792200;138952672.000
05/11/2004;3.05;3.12;2.98;3.08;16923273;89486176.000
05/12/2004;3.05;3.16;3.02;3.14;9970770;53983288.000
05/13/2004;3.13;3.13;3.04;3.08;7311572;39065256.000
05/14/2004;3.06;3.06;2.98;2.99;6666760;34837816.000
05/17/2004;2.98;3.03;2.95;3.00;4701210;24478128.000
05/18/2004;2.98;3.04;2.96;3.04;5281791;27487404.000
05/19/2004;3.02;3.04;2.77;2.87;28767175;144094432.000
05/20/2004;2.85;2.90;2.83;2.89;7715857;38580840.000
05/21/2004;2.89;2.91;2.86;2.90;3932975;19731868.000
05/24/2004;2.91;2.93;2.87;2.90;3472601;17532136.000
05/25/2004;2.90;2.90;2.82;2.86;5475466;27173096.000
05/26/2004;2.83;2.88;2.81;2.86;5308846;26349444.000
05/27/2004;2.86;2.95;2.83;2.92;9710884;49184584.000
05/28/2004;2.92;2.97;2.91;2.94;7282038;37218112.000
05/31/2004;2.93;2.97;2.91;2.95;3782950;19434272.000
06/01/2004;2.95;3.00;2.93;2.98;7481815;38672720.000
06/02/2004;2.96;3.00;2.87;2.90;7569736;38545088.000
06/03/2004;2.90;2.91;2.86;2.89;3309205;16570624.000
06/04/2004;2.89;2.89;2.82;2.87;4230779;20985796.000
06/07/2004;2.85;2.86;2.78;2.83;5752915;28121786.000
06/08/2004;2.82;2.85;2.73;2.74;11406302;54974448.000
06/09/2004;2.73;2.74;2.63;2.67;12468802;58086064.000
06/10/2004;2.67;2.75;2.64;2.72;4842199;22788544.000
06/11/2004;2.75;2.79;2.66;2.69;7165654;34180004.000
06/14/2004;2.67;2.70;2.63;2.67;5394199;24994926.000
06/15/2004;2.67;2.76;2.67;2.70;5865012;27608680.000
06/17/2004;2.72;2.79;2.69;2.71;6996502;33155660.000
06/18/2004;2.70;2.71;2.65;2.70;3364607;15629785.000
06/21/2004;2.67;2.71;2.64;2.68;4012358;18706282.000
06/22/2004;2.68;2.71;2.64;2.70;8166624;38040096.000
06/23/2004;2.67;2.67;2.48;2.50;13511515;60004724.000
06/24/2004;2.50;2.54;2.49;2.50;10351375;45288608.000
06/25/2004;2.49;2.50;2.43;2.46;7444932;31931292.000
06/28/2004;2.43;2.46;2.39;2.42;10476393;44113028.000
06/29/2004;2.41;2.50;2.38;2.47;9852997;41725180.000
06/30/2004;2.47;2.54;2.43;2.50;15815435;68443480.000
07/01/2004;2.50;2.62;2.48;2.60;22319509;99960640.000
07/02/2004;2.59;2.64;2.57;2.63;13428931;60890044.000
07/05/2004;2.62;2.62;2.56;2.59;6200087;27923936.000
07/06/2004;2.60;2.67;2.59;2.60;11895884;54558120.000
07/07/2004;2.60;2.60;2.56;2.58;3762865;16895556.000
07/08/2004;2.58;2.58;2.53;2.57;5922055;26312740.000
07/09/2004;2.57;2.65;2.55;2.62;8576682;39032288.000
07/12/2004;2.60;2.64;2.58;2.63;7867718;35729580.000
07/13/2004;2.63;2.71;2.59;2.70;8092899;37533268.000
07/14/2004;2.70;2.73;2.66;2.73;14758647;69184488.000
07/15/2004;2.72;2.78;2.70;2.74;16130200;76475728.000
07/16/2004;2.74;2.79;2.71;2.77;35685033;171151488.000
07/19/2004;2.77;2.78;2.71;2.73;11174890;53210912.000
07/20/2004;2.73;2.73;2.65;2.68;8870188;41332124.000
07/21/2004;2.67;2.72;2.66;2.72;12948485;60710096.000
07/22/2004;2.73;2.74;2.60;2.66;14705030;68428224.000
07/23/2004;2.63;2.66;2.55;2.59;10115292;45791972.000
07/26/2004;2.59;2.65;2.55;2.59;13886491;62716148.000
07/27/2004;2.54;2.54;2.39;2.47;29360308;124742624.000
07/28/2004;2.46;2.48;2.41;2.45;11881950;50496104.000
07/29/2004;2.45;2.48;2.45;2.47;13716330;58975472.000
07/30/2004;2.48;2.54;2.44;2.45;16160699;70206528.000
08/02/2004;2.43;2.47;2.42;2.46;6003079;25573220.000
08/03/2004;2.45;2.47;2.43;2.43;7668688;32632486.000
08/04/2004;2.44;2.58;2.42;2.53;21816287;94984152.000
08/05/2004;2.50;2.55;2.48;2.49;8241357;36008616.000
08/06/2004;2.49;2.52;2.47;2.51;5312553;23051622.000
08/09/2004;2.51;2.55;2.48;2.55;7108301;31253026.000
08/10/2004;2.55;2.63;2.53;2.62;25846762;116536192.000
08/11/2004;2.62;2.68;2.60;2.60;24484956;112539024.000
08/12/2004;2.59;2.62;2.56;2.62;7055904;31772220.000
08/13/2004;2.60;2.72;2.59;2.70;16290784;75889584.000
08/16/2004;2.70;2.71;2.66;2.67;5732438;26734364.000
08/17/2004;2.66;2.68;2.59;2.66;5082483;23352914.000
08/18/2004;2.66;2.72;2.64;2.67;4921916;23076866.000
08/19/2004;2.65;2.68;2.64;2.67;4823644;22334546.000
08/20/2004;2.67;2.70;2.64;2.65;6290093;29109700.000
08/23/2004;2.66;2.66;2.52;2.54;10732109;47912940.000
08/24/2004;2.53;2.61;2.52;2.56;5196728;23131856.000
08/25/2004;2.56;2.62;2.55;2.59;4622349;20922284.000
08/26/2004;2.59;2.62;2.55;2.60;6529005;29420522.000
08/27/2004;2.60;2.63;2.56;2.58;9425210;42595536.000
08/30/2004;2.53;2.60;2.53;2.57;7553100;33940404.000
08/31/2004;2.65;2.68;2.59;2.66;12145424;55814840.000
09/01/2004;2.66;2.66;2.61;2.62;4918287;22467658.000
09/02/2004;2.60;2.67;2.59;2.66;4512500;20666940.000
09/03/2004;2.66;2.66;2.60;2.62;4768136;21791804.000
09/06/2004;2.62;2.62;2.58;2.59;3952755;17887922.000
09/07/2004;2.59;2.62;2.54;2.62;2561024;11489225.000
09/08/2004;2.62;2.62;2.54;2.58;2973669;13294681.000
09/09/2004;2.56;2.56;2.44;2.47;10726909;46322800.000
09/10/2004;2.47;2.49;2.43;2.47;3926435;16738003.000
09/13/2004;2.46;2.48;2.43;2.44;3391596;14424219.000
09/14/2004;2.45;2.54;2.45;2.52;4534875;19716092.000
09/15/2004;2.52;2.67;2.49;2.64;19021727;86896168.000
09/16/2004;2.64;2.74;2.61;2.73;26704194;124981728.000
09/17/2004;2.74;2.83;2.67;2.82;33683395;163190672.000
09/20/2004;2.83;2.88;2.82;2.87;40057614;198360224.000
09/21/2004;2.87;2.87;2.77;2.80;22263052;108784024.000
09/22/2004;2.79;2.80;2.69;2.74;18622250;88707248.000
09/23/2004;2.73;2.92;2.70;2.90;24001597;116692688.000
09/24/2004;2.93;2.98;2.77;2.78;44092807;222528288.000
09/27/2004;2.82;2.87;2.74;2.78;15377825;74966456.000
09/28/2004;2.79;2.81;2.73;2.77;13524820;64992064.000
09/29/2004;2.76;2.78;2.56;2.59;40552556;187648832.000
09/30/2004;2.59;2.62;2.52;2.54;22649325;100518280.000
10/08/2004;2.52;2.58;2.43;2.58;19627427;84788192.000
10/11/2004;2.56;2.56;2.44;2.49;38286883;166002816.000
10/12/2004;2.47;2.59;2.47;2.54;29925424;132134368.000
10/13/2004;2.54;2.55;2.48;2.50;12811232;55841528.000
10/14/2004;2.50;2.54;2.41;2.44;19171517;81699864.000
10/15/2004;2.41;2.54;2.41;2.50;17038910;73845312.000
10/18/2004;2.50;2.53;2.45;2.51;9041380;39163116.000
10/19/2004;2.53;2.62;2.52;2.56;22521665;101005976.000
10/20/2004;2.56;2.60;2.54;2.59;13871325;62299884.000
10/21/2004;2.59;2.62;2.44;2.44;22752600;99325944.000
10/22/2004;2.46;2.51;2.40;2.49;12511577;53150296.000
10/25/2004;2.49;2.52;2.43;2.46;10964422;47076680.000
10/26/2004;2.46;2.46;2.36;2.43;14817836;61975960.000
10/27/2004;2.43;2.43;2.33;2.39;16393495;67605600.000
10/28/2004;2.39;2.46;2.35;2.39;13102285;55066724.000
10/29/2004;2.32;2.37;2.28;2.32;21119556;85792552.000
11/01/2004;2.32;2.37;2.31;2.36;7427484;30390300.000
11/02/2004;2.36;2.39;2.33;2.38;3846408;15816115.000
11/03/2004;2.39;2.45;2.37;2.43;7377412;31041142.000
11/04/2004;2.43;2.43;2.31;2.40;9699496;39988368.000
11/05/2004;2.37;2.40;2.34;2.36;5256381;21585840.000
11/08/2004;2.36;2.40;2.33;2.39;5555434;22787288.000
11/09/2004;2.39;2.42;2.37;2.41;3466224;14458779.000
11/10/2004;2.41;2.62;2.40;2.60;33618998;148504096.000
11/11/2004;2.59;2.63;2.55;2.58;23081024;104022088.000
11/12/2004;2.58;2.72;2.56;2.69;27246840;126295264.000
11/15/2004;2.69;2.77;2.66;2.76;28244122;134353456.000
11/16/2004;2.76;2.78;2.73;2.76;15855608;76014928.000
11/17/2004;2.74;2.76;2.69;2.71;12578441;59562296.000
11/18/2004;2.71;2.84;2.68;2.82;23033998;110894976.000
11/19/2004;2.82;2.86;2.78;2.83;13034421;63711092.000
11/22/2004;2.77;2.85;2.76;2.80;14165592;69450832.000
11/23/2004;2.79;2.82;2.71;2.74;14846670;71905960.000
11/24/2004;2.71;2.87;2.71;2.85;21426459;105598272.000
11/25/2004;2.85;2.90;2.83;2.87;21537658;107689752.000
11/26/2004;2.87;2.87;2.79;2.82;9348020;45861256.000
11/30/2004;2.76;2.80;2.73;2.77;11670687;56204648.000
12/01/2004;2.76;2.78;2.73;2.73;4550450;21830960.000
12/02/2004;2.72;2.79;2.71;2.73;8517270;40763048.000
12/03/2004;2.74;2.83;2.73;2.79;8111194;39322644.000
12/06/2004;2.80;2.85;2.77;2.81;4285304;21034432.000
12/07/2004;2.81;2.82;2.71;2.73;7627239;36451576.000
12/08/2004;2.74;2.78;2.73;2.74;2638241;12640032.000
12/09/2004;2.72;2.80;2.70;2.77;6068723;29230564.000
12/10/2004;2.75;2.83;2.75;2.82;7200287;34995796.000
12/13/2004;2.83;2.86;2.81;2.82;7604517;37415352.000
12/14/2004;2.82;2.85;2.80;2.81;2543816;12461542.000
12/15/2004;2.81;2.87;2.81;2.85;8353845;41333620.000
12/16/2004;2.86;2.87;2.76;2.83;4593356;22558580.000
12/17/2004;2.81;2.81;2.74;2.78;3924744;18868472.000
12/20/2004;2.76;2.80;2.71;2.77;5535267;26507948.000
12/21/2004;2.78;2.79;2.70;2.74;4335404;20796124.000
12/22/2004;2.71;2.89;2.70;2.87;8835031;43119904.000
12/23/2004;2.87;2.87;2.81;2.81;4020114;19903136.000
12/24/2004;2.81;2.95;2.81;2.92;11303082;57240760.000
12/27/2004;2.93;3.05;2.90;2.99;16330554;85163384.000
12/28/2004;2.99;3.02;2.95;3.00;7093513;36980568.000
12/29/2004;3.00;3.01;2.91;2.93;6607448;33977776.000
12/30/2004;2.93;3.10;2.92;3.06;16506741;86210040.000
01/04/2005;3.02;3.05;2.93;2.98;15032487;78244352.000
01/05/2005;2.95;3.02;2.94;3.00;9185679;47734256.000
01/06/2005;3.00;3.04;2.95;2.99;11076768;57374944.000
01/07/2005;2.98;3.01;2.88;2.90;15864198;81022112.000
01/10/2005;2.89;2.92;2.86;2.91;9592713;48233228.000
01/11/2005;2.92;2.93;2.85;2.89;11483184;57487900.000
01/12/2005;2.89;2.93;2.87;2.92;6842007;34295844.000
01/13/2005;2.93;2.94;2.90;2.92;3300178;16717168.000
01/14/2005;2.92;2.96;2.79;2.83;14056143;69652720.000
01/17/2005;2.81;2.83;2.77;2.81;5466437;26685126.000
01/18/2005;2.82;2.85;2.78;2.82;4973371;24266332.000
01/19/2005;2.82;2.84;2.64;2.68;21016509;99090488.000
01/20/2005;2.67;2.67;2.49;2.55;16117040;72193920.000
01/21/2005;2.53;2.70;2.46;2.60;17884103;79853768.000
01/24/2005;2.65;2.70;2.59;2.67;20977576;96485472.000
01/25/2005;2.66;2.70;2.63;2.68;6354809;29565040.000
01/26/2005;2.68;2.68;2.57;2.61;9109705;41226700.000
01/27/2005;2.59;2.61;2.56;2.58;4065592;18291420.000
01/28/2005;2.59;2.64;2.58;2.62;6285264;28484622.000
01/31/2005;2.62;2.62;2.47;2.51;6888070;30332844.000
02/01/2005;2.50;2.55;2.47;2.54;3673699;16140139.000
02/02/2005;2.54;2.77;2.51;2.74;13309186;61220284.000
02/03/2005;2.75;2.75;2.58;2.60;22857840;104490136.000
02/04/2005;2.60;2.67;2.56;2.66;26004878;118602272.000
02/16/2005;2.69;2.71;2.64;2.67;13552044;63188564.000
02/17/2005;2.67;2.67;2.63;2.67;9428457;43378652.000
02/18/2005;2.67;2.68;2.58;2.59;10078444;45945672.000
02/21/2005;2.59;2.61;2.55;2.60;17149465;76969104.000
02/22/2005;2.60;2.68;2.58;2.67;21076198;96769160.000
02/23/2005;2.67;2.68;2.59;2.60;25985278;118563640.000
02/24/2005;2.61;2.62;2.54;2.56;25252711;112918680.000
02/25/2005;2.58;2.66;2.57;2.63;24595210;111720776.000
02/28/2005;2.63;2.66;2.60;2.65;22295123;102443840.000
03/01/2005;2.65;2.66;2.58;2.60;8837878;40126528.000
03/02/2005;2.59;2.62;2.56;2.57;17858115;80419752.000
03/03/2005;2.56;2.58;2.53;2.54;12635619;56206892.000
03/04/2005;2.55;2.56;2.45;2.46;27092487;117038272.000
03/07/2005;2.46;2.49;2.45;2.46;15165663;65106624.000
03/08/2005;2.49;2.52;2.47;2.50;14010682;60884968.000
03/09/2005;2.51;2.52;2.43;2.45;20766929;88812656.000
03/10/2005;2.44;2.44;2.36;2.37;24591788;102325728.000
03/11/2005;2.37;2.40;2.36;2.39;16941670;69963280.000
03/14/2005;2.39;2.46;2.36;2.44;23334363;98126272.000
03/15/2005;2.42;2.42;2.29;2.35;43437410;176635712.000
03/16/2005;2.33;2.34;2.29;2.31;20177701;81023840.000
03/17/2005;2.30;2.30;2.24;2.25;17469772;68703968.000
03/18/2005;2.24;2.27;2.22;2.26;8421762;32966316.000
03/21/2005;2.28;2.28;2.15;2.16;19042045;72677904.000
03/22/2005;2.13;2.15;2.09;2.14;17497786;64628256.000
03/23/2005;2.13;2.15;2.05;2.06;17370687;63110016.000
03/24/2005;2.07;2.13;2.06;2.12;12810265;46836836.000
03/25/2005;2.12;2.20;2.09;2.17;18271576;68861472.000
03/28/2005;2.16;2.16;2.09;2.13;6409622;23570972.000
03/29/2005;2.13;2.18;2.13;2.14;6764957;25371070.000
03/30/2005;2.14;2.23;2.12;2.20;22529563;85878088.000
03/31/2005;2.20;2.26;2.19;2.24;19344778;75194544.000
04/01/2005;2.24;2.31;2.16;2.26;21281425;82751824.000
04/04/2005;2.23;2.23;2.14;2.18;17358801;65777616.000
04/05/2005;2.18;2.18;2.06;2.08;18025527;65892520.000
04/06/2005;2.08;2.14;2.05;2.12;8505510;31107920.000
04/07/2005;2.12;2.18;2.08;2.14;15841867;58938908.000
04/08/2005;2.14;2.21;2.14;2.20;13029133;49529216.000
04/11/2005;2.19;2.22;2.14;2.16;13472406;51226804.000
04/12/2005;2.16;2.17;2.10;2.16;7862685;29109588.000
04/13/2005;2.18;2.22;2.16;2.21;15369666;58636688.000
04/14/2005;2.21;2.24;2.17;2.18;11204564;43089112.000
04/15/2005;2.16;2.17;2.12;2.13;6957091;25924040.000
04/18/2005;2.13;2.14;2.08;2.13;5836048;21407592.000
04/19/2005;2.13;2.18;2.12;2.18;6641833;24881988.000
04/20/2005;2.17;2.19;2.12;2.18;13085503;48994032.000
04/21/2005;2.18;2.18;2.04;2.08;13130671;48042452.000
04/22/2005;2.07;2.11;2.07;2.09;7272670;26472868.000
04/25/2005;2.08;2.09;1.97;1.99;11780137;41377720.000
04/26/2005;1.89;1.95;1.79;1.85;19060425;61504152.000
04/27/2005;1.87;1.87;1.80;1.82;9137819;28995072.000
04/28/2005;1.82;1.90;1.81;1.88;16132404;52665872.000
04/29/2005;1.87;2.07;1.83;2.00;35142236;122529240.000
05/09/2005;1.98;2.00;1.89;1.95;8485203;28750480.000
05/10/2005;1.95;2.07;1.93;2.06;11075507;38807908.000
05/11/2005;2.06;2.09;2.02;2.06;7235672;25808272.000
05/12/2005;2.05;2.06;2.00;2.02;5322169;18774442.000
05/13/2005;2.02;2.06;2.01;2.03;5626869;19881906.000
05/16/2005;2.01;2.01;1.93;1.97;5384612;18500946.000
05/17/2005;1.95;2.01;1.93;2.01;6796828;23347828.000
05/18/2005;2.00;2.02;1.98;2.00;4026600;14018423.000
05/19/2005;2.01;2.13;1.99;2.10;16067849;58058300.000
05/20/2005;2.08;2.09;2.05;2.06;6402601;23089556.000
05/23/2005;2.05;2.10;2.04;2.05;5440200;19620112.000
05/24/2005;2.05;2.11;2.05;2.10;6859735;24917176.000
05/25/2005;2.09;2.09;2.04;2.06;7340508;26291008.000
05/26/2005;2.05;2.08;1.98;2.01;5691062;20033290.000
05/27/2005;2.01;2.01;1.89;1.94;9048774;30468844.000
05/30/2005;1.91;1.93;1.86;1.91;6865289;22682084.000
05/31/2005;1.91;1.94;1.89;1.91;4861570;16145368.000
06/01/2005;1.91;1.92;1.87;1.91;4026044;13254360.000
06/02/2005;1.90;1.91;1.72;1.81;14769225;45983240.000
06/03/2005;1.76;1.80;1.73;1.77;6608570;20326024.000
06/06/2005;1.84;1.84;1.70;1.76;15682726;47466164.000
06/07/2005;1.77;1.83;1.75;1.82;23965764;74413744.000
06/08/2005;1.81;1.99;1.80;1.95;39350336;131323816.000
06/09/2005;1.93;1.98;1.89;1.96;37216636;124894576.000
06/10/2005;1.96;1.96;1.87;1.88;16220056;53514256.000
06/13/2005;1.89;1.89;1.79;1.85;17910621;56803088.000
06/14/2005;1.84;1.87;1.81;1.81;17483122;56018268.000
06/16/2005;1.78;1.80;1.75;1.78;24027761;74188840.000
06/17/2005;1.78;1.80;1.72;1.78;31927405;96736880.000
06/20/2005;1.76;1.79;1.67;1.79;33500759;102030048.000
06/21/2005;1.78;1.79;1.74;1.76;21628008;66559092.000
06/22/2005;1.76;1.79;1.75;1.78;14850995;45755780.000
06/23/2005;1.78;1.79;1.75;1.77;9279868;28592696.000
06/24/2005;1.77;1.78;1.70;1.71;36410627;109287936.000
06/27/2005;1.70;1.75;1.70;1.75;36350866;109658576.000
06/28/2005;1.75;1.75;1.70;1.71;28639200;85639424.000
06/29/2005;1.72;1.73;1.68;1.68;14076128;41739580.000
06/30/2005;1.70;1.73;1.69;1.71;17187623;51266904.000
07/01/2005;1.71;1.72;1.68;1.69;14056783;41622176.000
07/04/2005;1.68;1.68;1.56;1.60;15804045;43909624.000
07/05/2005;1.60;1.60;1.56;1.59;4812950;13290779.000
07/06/2005;1.58;1.59;1.53;1.55;12565324;33997752.000
07/07/2005;1.51;1.54;1.43;1.44;40695396;103401824.000
07/08/2005;1.43;1.44;1.38;1.38;21495656;52536992.000
07/11/2005;1.39;1.43;1.35;1.39;29287101;70601208.000
07/12/2005;1.38;1.45;1.35;1.44;38920026;95639920.000
07/13/2005;1.43;1.43;1.37;1.39;21376655;51966456.000
07/14/2005;1.41;1.49;1.37;1.42;19035333;46713708.000
07/15/2005;1.42;1.43;1.39;1.40;14727047;35940240.000
07/18/2005;1.39;1.48;1.39;1.47;40717342;102936560.000
07/19/2005;1.48;1.49;1.45;1.48;20264707;51856648.000
07/20/2005;1.48;1.55;1.48;1.52;41823032;110664688.000
07/21/2005;1.51;1.52;1.49;1.51;10671129;27947360.000
07/22/2005;1.66;1.66;1.55;1.58;86234882;238645104.000
07/25/2005;1.55;1.57;1.52;1.55;21287673;57427920.000
07/26/2005;1.54;1.63;1.53;1.62;51951820;143330608.000
07/27/2005;1.63;1.64;1.57;1.61;36058654;100513384.000
07/28/2005;1.61;1.61;1.57;1.57;26327232;72742872.000
07/29/2005;1.57;1.59;1.55;1.58;15641696;42678840.000
08/01/2005;1.56;1.60;1.55;1.57;12244292;33544062.000
08/02/2005;1.56;1.58;1.53;1.57;18024158;48552256.000
08/03/2005;1.57;1.63;1.56;1.59;35809581;99836480.000
08/04/2005;1.59;1.66;1.57;1.64;43074563;122662576.000
08/05/2005;1.63;1.70;1.62;1.68;33961046;98374200.000
08/08/2005;1.68;1.68;1.63;1.66;25187723;72313160.000
08/09/2005;1.64;1.64;1.60;1.63;23488594;66080200.000
08/10/2005;1.64;1.66;1.62;1.65;19628333;56112848.000
08/11/2005;1.64;1.66;1.61;1.65;35366508;100071912.000
08/12/2005;1.64;1.68;1.60;1.62;42051216;120947256.000
08/15/2005;1.61;1.62;1.55;1.59;29889876;81922608.000
08/16/2005;1.58;1.62;1.56;1.57;20688886;57061224.000
08/17/2005;1.57;1.59;1.54;1.59;16975606;46229448.000
08/18/2005;1.60;1.65;1.53;1.53;49187950;138730912.000
08/19/2005;1.54;1.58;1.52;1.55;16854742;45478716.000
08/22/2005;1.53;1.55;1.51;1.52;15750678;41675396.000
08/23/2005;1.52;1.53;1.48;1.48;18529532;48240852.000
08/24/2005;1.48;1.51;1.48;1.51;13429019;34949392.000
08/25/2005;1.49;1.51;1.44;1.47;18092734;46527756.000
08/26/2005;1.47;1.52;1.46;1.49;21300989;55460640.000
08/29/2005;1.49;1.50;1.44;1.48;21701822;55899312.000
08/30/2005;1.49;1.51;1.48;1.50;19794310;51460792.000
08/31/2005;1.51;1.51;1.47;1.50;11165846;28935628.000
09/01/2005;1.49;1.56;1.49;1.56;39722378;106326752.000
09/02/2005;1.56;1.58;1.54;1.58;22856308;61971320.000
09/05/2005;1.59;1.64;1.59;1.64;53592027;150615360.000
09/06/2005;1.64;1.64;1.57;1.58;27833065;77548408.000
09/07/2005;1.58;1.63;1.58;1.63;25047908;70389656.000
09/08/2005;1.64;1.65;1.60;1.62;17902085;50595876.000
09/09/2005;1.62;1.63;1.58;1.58;16464876;45727904.000
09/12/2005;1.58;1.61;1.58;1.59;7014656;19381984.000
09/13/2005;1.59;1.63;1.58;1.63;15528101;43374736.000
09/14/2005;1.64;1.64;1.60;1.63;19536770;54987804.000
09/15/2005;1.62;1.63;1.59;1.60;15284005;42591064.000
09/16/2005;1.60;1.61;1.58;1.60;11994875;33306544.000
09/19/2005;1.61;1.64;1.60;1.63;28624909;81203480.000
09/20/2005;1.62;1.63;1.60;1.62;20176099;56708936.000
09/21/2005;1.61;1.62;1.55;1.56;17139561;47127688.000
09/22/2005;1.56;1.58;1.49;1.50;11828549;31291512.000
09/23/2005;1.51;1.53;1.49;1.49;17429578;45643240.000
09/26/2005;1.50;1.52;1.49;1.51;9534974;24905724.000
09/27/2005;1.51;1.51;1.43;1.44;15392520;39061564.000
09/28/2005;1.45;1.46;1.41;1.44;12621481;31398560.000
09/29/2005;1.44;1.45;1.41;1.45;23760590;59241860.000
09/30/2005;1.45;1.45;1.43;1.43;12948000;32446456.000
10/10/2005;1.44;1.48;1.44;1.47;18135642;46211600.000
10/11/2005;1.47;1.49;1.45;1.49;8179815;20873936.000
10/12/2005;1.48;1.50;1.47;1.49;11378362;29326180.000
10/13/2005;1.48;1.49;1.44;1.45;9809909;25019322.000
10/14/2005;1.45;1.48;1.43;1.44;18695961;47509712.000
10/17/2005;1.43;1.44;1.32;1.38;20632962;49515340.000
10/18/2005;1.37;1.39;1.36;1.38;7016837;16789494.000
10/19/2005;1.38;1.41;1.37;1.39;7447809;18020864.000
10/20/2005;1.39;1.39;1.35;1.37;9411181;22434644.000
10/21/2005;1.37;1.41;1.37;1.41;11570620;28134586.000
10/24/2005;1.41;1.41;1.39;1.41;4335605;10607802.000
10/25/2005;1.41;1.41;1.37;1.37;7562960;18278780.000
10/26/2005;1.37;1.38;1.33;1.33;6123701;14413415.000
10/27/2005;1.34;1.35;1.28;1.30;9619925;21836860.000
10/28/2005;1.34;1.44;1.33;1.40;58675060;142709408.000
10/31/2005;1.38;1.43;1.36;1.43;19701901;47942160.000
11/01/2005;1.43;1.44;1.37;1.41;17449521;42664516.000
11/02/2005;1.41;1.43;1.40;1.42;15981219;39342424.000
11/03/2005;1.43;1.43;1.39;1.40;11748020;28640452.000
11/04/2005;1.39;1.40;1.37;1.40;10406154;24985958.000
11/07/2005;1.39;1.40;1.36;1.39;11526844;27517502.000
11/08/2005;1.39;1.46;1.39;1.45;32696458;81425488.000
11/09/2005;1.45;1.49;1.44;1.47;28418119;72651800.000
11/10/2005;1.47;1.49;1.43;1.44;20951020;53372296.000
11/11/2005;1.44;1.53;1.44;1.49;37228801;97197736.000
11/14/2005;1.50;1.55;1.50;1.53;18954635;50454752.000
11/15/2005;1.54;1.56;1.51;1.53;15836109;42133964.000
11/16/2005;1.53;1.54;1.49;1.53;15924066;42047340.000
11/17/2005;1.52;1.53;1.49;1.51;18910409;49755332.000
11/18/2005;1.52;1.59;1.52;1.59;39345568;107138200.000
11/21/2005;1.58;1.59;1.56;1.56;22001554;60084800.000
11/22/2005;1.56;1.56;1.52;1.53;9925770;26567596.000
11/23/2005;1.51;1.55;1.51;1.52;15241567;40304660.000
11/24/2005;1.52;1.55;1.51;1.52;10650639;28358110.000
11/25/2005;1.53;1.56;1.53;1.54;11514057;30957468.000
11/28/2005;1.55;1.59;1.55;1.56;14110104;38458176.000
11/29/2005;1.57;1.58;1.53;1.55;7487372;20173588.000
11/30/2005;1.55;1.57;1.54;1.56;7921384;21420264.000
12/01/2005;1.56;1.58;1.53;1.53;8391500;22670812.000
12/02/2005;1.53;1.55;1.51;1.52;6830475;18154712.000
12/05/2005;1.52;1.52;1.48;1.48;11397219;29610190.000
12/06/2005;1.48;1.49;1.45;1.49;8781857;22546124.000
12/07/2005;1.48;1.51;1.48;1.50;11730548;30556620.000
12/08/2005;1.51;1.52;1.48;1.49;10151011;26477092.000
12/09/2005;1.49;1.52;1.46;1.51;14346762;37176820.000
12/12/2005;1.50;1.51;1.48;1.49;11616036;30179696.000
12/13/2005;1.49;1.49;1.47;1.48;12136513;31107112.000
12/14/2005;1.47;1.51;1.47;1.51;12886860;33272132.000
12/15/2005;1.50;1.52;1.48;1.49;13855648;36139496.000
12/19/2005;1.50;1.56;1.49;1.55;33815888;90302448.000
12/20/2005;1.55;1.56;1.53;1.56;12156583;32647216.000
12/21/2005;1.56;1.56;1.53;1.54;15383793;41439340.000
12/22/2005;1.53;1.55;1.52;1.55;11480722;30677116.000
12/23/2005;1.54;1.54;1.52;1.54;17180846;45717828.000
12/26/2005;1.54;1.56;1.53;1.55;12317067;33123058.000
12/27/2005;1.55;1.55;1.52;1.54;13258587;35485704.000
12/28/2005;1.55;1.55;1.51;1.53;17102858;45367728.000
12/29/2005;1.52;1.53;1.50;1.52;26049829;68696336.000
12/30/2005;1.52;1.54;1.51;1.52;23930122;63327444.000
01/04/2006;1.51;1.53;1.49;1.53;19983431;52284968.000
01/05/2006;1.52;1.59;1.50;1.57;60906302;165136096.000
01/06/2006;1.57;1.72;1.56;1.68;94144277;270434752.000
01/09/2006;1.67;1.70;1.65;1.68;36075318;104771584.000
01/10/2006;1.68;1.74;1.66;1.71;39880488;117928816.000
01/11/2006;1.71;1.74;1.66;1.67;30261644;88975360.000
01/12/2006;1.67;1.68;1.63;1.68;25035023;71915888.000
01/13/2006;1.67;1.67;1.63;1.64;23323145;66824888.000
01/16/2006;1.65;1.67;1.62;1.63;19064836;54712372.000
01/17/2006;1.62;1.64;1.60;1.63;14694489;41303120.000
01/18/2006;1.62;1.66;1.59;1.66;33710402;95281800.000
01/19/2006;1.65;1.65;1.60;1.63;42109409;118860200.000
01/20/2006;1.59;1.62;1.53;1.54;50907170;138803168.000
01/23/2006;1.53;1.54;1.47;1.48;52495814;135664704.000
01/24/2006;1.48;1.51;1.48;1.49;28499378;74058288.000
01/25/2006;1.49;1.51;1.45;1.47;31184112;79906168.000
02/06/2006;1.48;1.51;1.48;1.49;34040210;88609232.000
02/07/2006;1.51;1.55;1.50;1.53;39217183;104170480.000
02/08/2006;1.54;1.59;1.53;1.55;34348746;93080168.000
02/09/2006;1.55;1.56;1.52;1.52;18876431;50578076.000
02/10/2006;1.53;1.58;1.53;1.56;33773986;91929680.000
02/13/2006;1.58;1.59;1.54;1.57;15614910;42228848.000
02/14/2006;1.57;1.57;1.54;1.56;16909506;45669112.000
02/15/2006;1.58;1.62;1.58;1.61;52339475;146170784.000
02/16/2006;1.62;1.64;1.58;1.59;33779566;94547232.000
02/17/2006;1.58;1.60;1.56;1.58;16966284;46775420.000
02/20/2006;1.58;1.60;1.51;1.52;18960663;51401024.000
02/21/2006;1.51;1.54;1.47;1.53;24527044;63804720.000
02/22/2006;1.53;1.55;1.52;1.53;20299793;53947836.000
02/23/2006;1.53;1.57;1.53;1.56;20353342;54922904.000
02/24/2006;1.56;1.56;1.52;1.53;25706738;68788720.000
02/27/2006;1.52;1.53;1.50;1.51;31326631;82521904.000
02/28/2006;1.51;1.52;1.49;1.52;18901924;49413380.000
03/01/2006;1.52;1.58;1.51;1.57;34954398;94452024.000
03/02/2006;1.57;1.61;1.55;1.56;38574202;105627000.000
03/03/2006;1.56;1.63;1.55;1.60;56619748;157592320.000
03/06/2006;1.59;1.62;1.57;1.58;15835951;43819352.000
03/07/2006;1.58;1.59;1.51;1.52;23197285;61842936.000
03/08/2006;1.51;1.52;1.48;1.51;19569749;50939304.000
03/09/2006;1.51;1.53;1.50;1.51;13047559;34400256.000
03/10/2006;1.51;1.52;1.49;1.51;9013636;23573310.000
03/13/2006;1.50;1.53;1.49;1.52;9845858;25913576.000
03/14/2006;1.51;1.52;1.48;1.51;13451973;35135924.000
03/15/2006;1.51;1.53;1.49;1.53;18023911;47331040.000
03/16/2006;1.53;1.54;1.51;1.52;8163185;21605424.000
03/17/2006;1.51;1.51;1.48;1.49;18320638;47585088.000
03/20/2006;1.49;1.52;1.48;1.52;16244446;42449024.000
03/21/2006;1.53;1.56;1.52;1.52;24749275;66377128.000
03/22/2006;1.52;1.55;1.51;1.54;15594298;41537696.000
03/23/2006;1.54;1.54;1.49;1.51;34895553;91288040.000
03/24/2006;1.50;1.51;1.48;1.49;15291599;39748648.000
03/27/2006;1.48;1.49;1.43;1.46;35969004;91107504.000
03/28/2006;1.46;1.47;1.44;1.47;19156473;48411740.000
03/29/2006;1.46;1.47;1.44;1.46;38298329;96499888.000
03/30/2006;1.45;1.46;1.43;1.44;15813500;39731168.000
03/31/2006;1.45;1.46;1.41;1.43;25587281;63556620.000
04/03/2006;1.43;1.43;1.39;1.43;28606229;70000536.000
04/04/2006;1.43;1.43;1.40;1.43;16399220;40345084.000
04/05/2006;1.43;1.45;1.41;1.44;24295683;60542316.000
04/06/2006;1.44;1.44;1.41;1.43;21519151;53275520.000
04/07/2006;1.43;1.45;1.41;1.45;28233810;70234792.000
04/10/2006;1.45;1.47;1.42;1.47;47086969;117962000.000
04/11/2006;1.47;1.49;1.45;1.47;50597044;129731376.000
04/12/2006;1.47;1.47;1.45;1.47;20919742;53070224.000
04/13/2006;1.46;1.47;1.43;1.43;21562909;54245152.000
04/14/2006;1.43;1.45;1.42;1.45;14897332;37169832.000
04/17/2006;1.44;1.46;1.43;1.45;22679372;57048120.000
04/18/2006;1.45;1.45;1.43;1.43;20841136;51949068.000
04/19/2006;1.43;1.43;1.41;1.41;23296681;57425920.000
04/20/2006;1.39;1.39;1.33;1.34;37761160;89046160.000
04/21/2006;1.33;1.36;1.32;1.34;27313610;63090668.000
04/24/2006;1.33;1.33;1.28;1.29;34844897;78772016.000
04/25/2006;1.29;1.32;1.28;1.31;20616176;46735380.000
04/26/2006;1.30;1.30;1.26;1.29;20755566;46378004.000
04/27/2006;1.28;1.32;1.28;1.30;19714260;44562484.000
04/28/2006;1.27;1.31;1.26;1.30;18998658;42617944.000
05/08/2006;1.30;1.35;1.29;1.33;29047717;66870820.000
05/09/2006;1.33;1.35;1.31;1.35;30395155;70304032.000
05/10/2006;1.35;1.37;1.32;1.37;35982694;84467384.000
05/11/2006;1.37;1.41;1.35;1.37;54367297;130990448.000
05/12/2006;1.36;1.38;1.34;1.38;32749335;77235888.000
05/15/2006;1.38;1.44;1.35;1.44;69457127;169195952.000
05/16/2006;1.46;1.58;1.41;1.55;124667955;327614784.000
05/17/2006;1.52;1.52;1.45;1.48;61408002;158376208.000
05/18/2006;1.47;1.52;1.45;1.48;37089583;95289552.000
05/19/2006;1.48;1.50;1.47;1.49;37206254;95948464.000
05/22/2006;1.49;1.58;1.48;1.53;62773846;168100896.000
05/23/2006;1.53;1.53;1.44;1.44;48436413;124527272.000
05/24/2006;1.43;1.45;1.36;1.39;39816950;97352800.000
05/25/2006;1.39;1.44;1.37;1.42;22693082;55727172.000
05/26/2006;1.41;1.48;1.41;1.47;33414960;84464832.000
05/29/2006;1.45;1.48;1.44;1.47;31244938;79623000.000
05/30/2006;1.47;1.49;1.44;1.49;29118476;74331112.000
05/31/2006;1.48;1.52;1.45;1.47;37019383;95659792.000
06/01/2006;1.47;1.58;1.47;1.58;88673151;238861344.000
06/02/2006;1.58;1.64;1.53;1.62;87913179;243448768.000
06/05/2006;1.61;1.68;1.58;1.68;68762124;194588480.000
06/06/2006;1.68;1.71;1.64;1.66;81559143;237194176.000
06/07/2006;1.66;1.68;1.53;1.55;63701615;177570784.000
06/08/2006;1.55;1.59;1.52;1.59;49855163;134883216.000
06/09/2006;1.60;1.64;1.55;1.56;44344641;123354264.000
06/12/2006;1.55;1.58;1.52;1.53;21384497;57480452.000
06/13/2006;1.53;1.55;1.47;1.50;31392041;82476152.000
06/14/2006;1.50;1.55;1.49;1.54;25941890;68554384.000
06/16/2006;1.52;1.57;1.45;1.53;58638962;152814832.000
06/19/2006;1.51;1.52;1.49;1.51;26971963;70620688.000
06/20/2006;1.51;1.52;1.48;1.49;23282194;60390692.000
06/21/2006;1.49;1.51;1.46;1.49;19241154;49510812.000
06/22/2006;1.48;1.49;1.47;1.49;12457713;32117166.000
06/23/2006;1.49;1.51;1.47;1.51;19915474;51709316.000
06/26/2006;1.51;1.53;1.49;1.53;22233972;58542684.000
06/27/2006;1.53;1.53;1.50;1.51;16205700;42710476.000
06/28/2006;1.51;1.54;1.50;1.53;21970887;58348248.000
06/29/2006;1.53;1.63;1.53;1.60;80495470;222572832.000
06/30/2006;1.60;1.62;1.58;1.58;44375130;122955584.000
07/03/2006;1.58;1.60;1.55;1.60;28606690;78566032.000
07/04/2006;1.61;1.62;1.56;1.58;37612538;104438808.000
07/05/2006;1.58;1.59;1.53;1.55;20608807;55530520.000
07/06/2006;1.53;1.59;1.52;1.57;32789186;88747568.000
07/07/2006;1.57;1.59;1.53;1.55;23983285;64950200.000
07/10/2006;1.55;1.55;1.52;1.54;14718147;39175464.000
07/11/2006;1.54;1.58;1.53;1.56;18673606;50476168.000
07/12/2006;1.56;1.56;1.54;1.56;19223058;51920888.000
07/13/2006;1.56;1.59;1.49;1.49;50643748;135591584.000
07/14/2006;1.48;1.49;1.44;1.47;28182791;71929888.000
07/17/2006;1.45;1.48;1.44;1.47;12329915;31330970.000
07/18/2006;1.47;1.47;1.44;1.44;17730398;44705352.000
07/19/2006;1.44;1.46;1.42;1.43;16727990;41899356.000
07/20/2006;1.43;1.45;1.42;1.44;12946834;32298764.000
07/21/2006;1.44;1.45;1.43;1.45;11117133;27885580.000
07/24/2006;1.45;1.45;1.43;1.45;9791492;24537168.000
07/25/2006;1.45;1.47;1.44;1.47;11392826;28948336.000
07/26/2006;1.47;1.48;1.45;1.47;8748065;22288756.000
07/27/2006;1.47;1.48;1.44;1.45;10783271;27251560.000
07/28/2006;1.45;1.46;1.42;1.45;10791503;26929008.000
07/31/2006;1.44;1.45;1.39;1.40;9906100;24334952.000
08/01/2006;1.39;1.41;1.37;1.37;10950435;26363184.000
08/02/2006;1.37;1.38;1.34;1.36;10175943;24068268.000
08/03/2006;1.36;1.37;1.35;1.36;6834101;16104060.000
08/04/2006;1.36;1.39;1.34;1.35;10704905;25412266.000
08/07/2006;1.33;1.35;1.28;1.30;11661155;26756004.000
08/08/2006;1.30;1.33;1.30;1.33;7938636;18238440.000
08/09/2006;1.33;1.33;1.30;1.33;8558437;19599128.000
08/10/2006;1.33;1.35;1.32;1.35;7964726;18522588.000
08/11/2006;1.34;1.35;1.32;1.34;5302263;12318389.000
08/14/2006;1.34;1.34;1.29;1.30;7447966;17003082.000
08/15/2006;1.30;1.32;1.29;1.32;8275548;18801622.000
08/16/2006;1.31;1.34;1.31;1.33;9303514;21480348.000
08/17/2006;1.33;1.36;1.32;1.35;10809053;25080472.000
08/18/2006;1.34;1.35;1.32;1.34;10922074;25406324.000
08/21/2006;1.31;1.33;1.29;1.32;7986582;18249356.000
08/22/2006;1.32;1.33;1.32;1.33;8657600;19927780.000
08/23/2006;1.32;1.33;1.30;1.31;8685274;19856812.000
08/24/2006;1.31;1.39;1.30;1.36;30621218;72335384.000
08/25/2006;1.35;1.36;1.34;1.35;14051324;33021358.000
08/28/2006;1.37;1.39;1.35;1.36;15098600;35838012.000
08/29/2006;1.36;1.37;1.35;1.36;14750787;34925412.000
08/30/2006;1.36;1.39;1.36;1.39;17260939;41335580.000
08/31/2006;1.39;1.39;1.36;1.38;9704299;23220472.000
09/01/2006;1.37;1.37;1.34;1.35;12041774;28302134.000
09/04/2006;1.36;1.43;1.36;1.40;25351646;61531468.000
09/05/2006;1.41;1.44;1.40;1.43;25271600;62559252.000
09/06/2006;1.43;1.44;1.41;1.43;15039955;37212268.000
09/07/2006;1.44;1.47;1.42;1.44;22731696;57155552.000
09/08/2006;1.43;1.48;1.43;1.45;21426310;54427952.000
09/11/2006;1.45;1.47;1.43;1.46;16027745;40506064.000
09/12/2006;1.47;1.52;1.46;1.51;49572684;129589920.000
09/13/2006;1.51;1.53;1.47;1.48;27837652;72862432.000
09/14/2006;1.48;1.50;1.45;1.47;12254292;31409984.000
09/15/2006;1.47;1.62;1.47;1.56;62923317;171839360.000
09/18/2006;1.56;1.59;1.55;1.56;28744251;78498800.000
09/19/2006;1.55;1.55;1.51;1.54;26155037;69674400.000
09/20/2006;1.56;1.58;1.55;1.56;23400458;63574800.000
09/21/2006;1.57;1.60;1.56;1.59;37282679;102831824.000
09/22/2006;1.59;1.60;1.53;1.54;18341552;49812852.000
09/25/2006;1.56;1.65;1.55;1.63;51458582;144472096.000
09/26/2006;1.62;1.65;1.60;1.63;30027921;85085112.000
09/27/2006;1.63;1.65;1.60;1.64;15898971;44976444.000
09/28/2006;1.61;1.69;1.60;1.66;31745039;91063088.000
09/29/2006;1.67;1.71;1.66;1.69;36202377;106474464.000
10/09/2006;1.75;1.76;1.68;1.70;34027798;101510704.000
10/10/2006;1.70;1.74;1.66;1.70;27160403;80104080.000
10/11/2006;1.71;1.76;1.70;1.76;33959208;102785088.000
10/12/2006;1.76;1.81;1.74;1.77;33814047;104972512.000
10/13/2006;1.81;1.86;1.78;1.85;29594994;93656800.000
10/17/2006;1.81;1.81;1.69;1.70;47984635;144252864.000
10/18/2006;1.68;1.72;1.66;1.70;40226810;117471672.000
10/19/2006;1.71;1.78;1.70;1.75;34209076;103966232.000
10/20/2006;1.75;1.76;1.71;1.73;29095761;87563936.000
10/23/2006;1.75;1.79;1.71;1.75;23847689;72348424.000
10/24/2006;1.75;1.83;1.74;1.81;28692925;89740728.000
10/25/2006;1.79;1.82;1.75;1.78;18637911;57802820.000
10/26/2006;1.75;1.84;1.73;1.79;40413011;125501704.000
10/27/2006;1.85;1.87;1.79;1.81;52772722;167033424.000
10/30/2006;1.82;1.89;1.81;1.87;52519419;169267168.000
10/31/2006;1.90;2.06;1.89;2.06;122194902;427332960.000
11/01/2006;2.05;2.13;1.99;2.08;65594949;236386144.000
11/02/2006;2.08;2.09;2.01;2.06;56140745;199513216.000
11/03/2006;2.05;2.09;2.01;2.01;36351272;128164072.000
11/06/2006;1.99;2.05;1.96;2.01;26433383;92662928.000
11/07/2006;2.01;2.04;1.90;1.98;35863303;122184376.000
11/08/2006;1.98;2.01;1.94;1.97;14023392;48307216.000
11/09/2006;1.97;2.06;1.96;2.04;25160069;88301760.000
11/10/2006;2.01;2.02;1.89;1.92;62316457;210572016.000
11/13/2006;1.92;2.05;1.90;1.92;65761612;225458704.000
11/14/2006;1.94;1.97;1.83;1.93;33588976;111441016.000
11/15/2006;1.95;2.12;1.93;2.06;70429166;249315504.000
11/16/2006;2.05;2.14;2.03;2.07;60135412;218168384.000
11/17/2006;2.14;2.21;2.14;2.19;69531582;264152144.000
11/20/2006;2.20;2.31;2.20;2.26;72275828;284428096.000
11/21/2006;2.23;2.28;2.17;2.24;35372858;136913616.000
11/22/2006;2.18;2.25;2.14;2.17;41390995;157499072.000
11/23/2006;2.21;2.25;2.16;2.20;31336162;119468488.000
11/24/2006;2.18;2.18;2.09;2.14;40665493;150203456.000
11/27/2006;2.12;2.20;2.10;2.17;21883051;82254080.000
11/28/2006;2.15;2.17;2.08;2.11;42466419;155651392.000
11/29/2006;2.07;2.14;2.05;2.13;25833423;93829288.000
11/30/2006;2.12;2.18;2.08;2.18;43943766;163178864.000
12/01/2006;2.18;2.25;2.10;2.20;55616351;211530896.000
12/04/2006;2.21;2.33;2.20;2.31;54169535;213818336.000
12/05/2006;2.31;2.42;2.27;2.28;50448243;206046256.000
12/06/2006;2.28;2.28;2.15;2.21;41530913;159124608.000
12/07/2006;2.18;2.27;2.18;2.21;35240591;136772688.000
12/08/2006;2.18;2.25;2.16;2.17;27346194;104505320.000
12/11/2006;2.16;2.26;2.14;2.25;21365877;82136272.000
12/12/2006;2.26;2.28;2.20;2.24;22650543;88428624.000
12/13/2006;2.24;2.32;2.22;2.29;36554893;145423536.000
12/14/2006;2.29;2.32;2.25;2.30;20844035;82754368.000
12/15/2006;2.30;2.31;2.26;2.28;19119855;75871328.000
12/18/2006;2.27;2.31;2.21;2.24;36485077;141629248.000
12/19/2006;2.25;2.26;2.16;2.26;39460216;151542704.000
12/20/2006;2.24;2.24;2.18;2.21;30801057;117842544.000
12/21/2006;2.21;2.24;2.18;2.20;24568498;94684648.000
12/22/2006;2.20;2.22;2.16;2.17;30258116;114994992.000
12/25/2006;2.17;2.21;2.17;2.18;29458196;112016368.000
12/26/2006;2.18;2.20;2.04;2.10;42577964;156651984.000
12/27/2006;2.12;2.16;2.12;2.14;27978330;103786184.000
12/29/2006;2.19;2.35;2.19;2.35;84291134;341369248.000
01/04/2007;2.44;2.59;2.42;2.45;177497314;782103168.000
01/05/2007;2.48;2.70;2.48;2.70;119845266;547917696.000
01/08/2007;2.70;2.79;2.60;2.70;49715578;231356848.000
01/09/2007;2.68;2.83;2.67;2.83;54241355;261774288.000
01/10/2007;2.87;2.97;2.84;2.97;46860567;239478304.000
01/11/2007;3.07;3.12;3.04;3.12;10324847;55830348.000
01/12/2007;3.28;3.28;2.97;3.24;66708735;372266752.000
01/15/2007;3.31;3.39;3.10;3.26;59586762;334413024.000
01/16/2007;3.27;3.42;3.26;3.42;45139583;263629424.000
01/17/2007;3.56;3.59;3.41;3.59;45739054;284686816.000
01/18/2007;3.59;3.65;3.41;3.47;59688298;361516352.000
01/19/2007;3.54;3.60;3.41;3.50;37948114;231629904.000
01/22/2007;3.47;3.60;3.36;3.60;49498997;300125472.000
01/23/2007;3.56;3.56;3.42;3.45;31666179;191190400.000
01/24/2007;3.38;3.40;3.28;3.35;36341909;209786672.000
01/25/2007;3.33;3.33;3.18;3.19;24623709;139595312.000
01/26/2007;3.17;3.35;3.13;3.35;32077511;181334208.000
01/29/2007;3.39;3.44;3.34;3.40;25648584;151078880.000
01/30/2007;3.44;3.56;3.38;3.47;42530586;258914832.000
01/31/2007;3.39;3.42;3.29;3.29;21853565;126582512.000
02/01/2007;3.18;3.20;3.13;3.13;36150762;197303360.000
02/02/2007;3.15;3.18;2.97;2.97;30122746;157981568.000
02/05/2007;2.87;2.97;2.82;2.83;28070308;139587824.000
02/06/2007;2.78;2.92;2.70;2.91;51559053;251793136.000
02/07/2007;2.91;3.05;2.89;3.04;40463871;211756880.000
02/08/2007;3.05;3.15;3.03;3.14;33036843;177216320.000
02/09/2007;3.08;3.10;3.02;3.04;17937396;95423736.000
02/12/2007;3.04;3.09;3.01;3.09;19315463;102484336.000
02/13/2007;3.12;3.24;3.10;3.22;26439442;147378000.000
02/14/2007;3.20;3.32;3.17;3.28;20300783;115359856.000
02/15/2007;3.29;3.37;3.29;3.35;25445523;147134720.000
02/16/2007;3.37;3.51;3.31;3.51;36980821;220156992.000
02/26/2007;3.44;3.54;3.33;3.52;42694488;255241888.000
02/27/2007;3.51;3.51;3.34;3.34;29686548;175611200.000
02/28/2007;3.17;3.33;3.17;3.29;54099811;301233664.000
03/01/2007;3.35;3.35;3.13;3.13;36401844;201202992.000
03/02/2007;3.10;3.28;3.08;3.25;53040590;295950016.000
03/05/2007;3.21;3.21;3.09;3.12;44903782;244357040.000
03/06/2007;3.12;3.24;3.12;3.20;32707173;181732400.000
03/07/2007;3.21;3.27;3.18;3.23;26072956;146187232.000
03/08/2007;3.24;3.34;3.22;3.31;35502652;203650992.000
03/09/2007;3.31;3.37;3.28;3.35;33784406;195655648.000
03/12/2007;3.39;3.52;3.32;3.52;65929765;394914336.000
03/13/2007;3.54;3.69;3.50;3.59;52428511;329097632.000
03/14/2007;3.54;3.74;3.41;3.59;65074060;400036640.000
03/15/2007;3.61;3.68;3.56;3.59;35224587;220978256.000
03/16/2007;3.60;3.66;3.41;3.60;59255294;367143744.000
03/19/2007;3.49;3.70;3.45;3.69;58041698;365252032.000
03/20/2007;3.71;3.87;3.66;3.87;69445029;464174880.000
03/21/2007;4.01;4.07;3.94;4.07;43103395;302534624.000
03/22/2007;4.27;4.27;4.17;4.27;53736780;398068928.000
04/25/2007;4.48;4.48;4.48;4.48;2523148;19680554.000
04/26/2007;4.71;4.71;4.71;4.71;1640165;13432951.000
04/27/2007;4.94;4.94;4.94;4.94;2774511;23860796.000
04/30/2007;5.19;5.19;5.09;5.19;85330325;769679744.000
05/08/2007;5.29;5.45;5.20;5.45;123731489;1160804480.000
06/18/2007;6.03;7.25;5.92;6.32;197518401;1959122816.000
06/19/2007;6.12;6.30;5.70;6.03;94130961;848792640.000
06/20/2007;5.87;6.01;5.75;5.77;62169894;548753920.000
06/21/2007;5.69;6.10;5.69;5.99;50681217;454113152.000
06/22/2007;6.00;6.13;5.57;5.73;41738673;365065248.000
06/25/2007;5.67;5.87;5.50;5.54;44864061;383034240.000
06/26/2007;5.45;6.09;5.39;6.09;51295388;442684096.000
06/27/2007;6.19;6.27;5.95;6.13;50142136;463238688.000
06/29/2007;5.61;6.00;5.52;5.72;51957679;444722528.000
07/02/2007;5.63;6.24;5.63;6.13;56495595;504412064.000
07/03/2007;6.15;6.24;5.94;6.18;32507186;298472448.000
07/04/2007;6.25;6.25;5.94;5.98;20816186;189395856.000
07/05/2007;5.87;5.96;5.51;5.61;27031527;231881744.000
07/06/2007;5.67;6.03;5.63;5.95;25526937;222570704.000
07/09/2007;6.03;6.13;5.83;6.01;19875676;178613536.000
07/10/2007;5.99;6.13;5.65;5.93;31212839;276276096.000
07/11/2007;5.80;6.00;5.75;5.89;11213339;99070392.000
07/12/2007;5.86;6.25;5.81;6.03;38798136;353276640.000
07/13/2007;5.99;6.04;5.72;5.93;22021016;193105728.000
07/16/2007;5.90;5.98;5.73;5.79;14194064;124513328.000
07/17/2007;5.77;6.13;5.76;5.97;22837524;204125040.000
07/18/2007;5.97;6.57;5.92;6.57;54689490;522121344.000
07/19/2007;6.55;7.11;6.50;6.76;80110406;813968512.000
07/20/2007;6.77;7.07;6.75;6.85;56587429;587465856.000
07/23/2007;6.93;7.53;6.89;7.53;62060475;691677440.000
07/24/2007;7.40;7.68;7.29;7.46;42104127;473018336.000
07/25/2007;7.56;8.17;7.56;8.13;41419752;486697056.000
07/26/2007;8.20;8.21;7.69;8.19;35478590;424852640.000
07/27/2007;7.91;8.67;7.91;8.63;28606095;355969792.000
07/30/2007;8.57;9.33;8.47;8.90;35426960;474311168.000
07/31/2007;8.79;8.99;8.55;8.64;24853787;325272320.000
08/01/2007;8.63;8.73;7.99;8.11;34712260;434584992.000
08/02/2007;8.15;8.93;8.15;8.93;34787027;449344448.000
08/03/2007;8.95;9.67;8.95;9.41;41377335;581622976.000
08/06/2007;9.47;9.69;9.11;9.53;23966584;341525792.000
08/07/2007;9.53;10.43;9.33;9.99;30615595;454431008.000
08/08/2007;9.79;10.33;9.70;10.03;22847909;344267072.000
08/09/2007;10.03;10.83;10.03;10.67;20323302;317103424.000
08/10/2007;10.67;11.73;10.53;11.73;31769717;541780992.000
08/13/2007;11.87;12.39;10.89;11.19;35465860;609056064.000
08/14/2007;11.17;11.31;10.60;10.64;36319454;595264640.000
08/15/2007;10.57;11.71;10.42;11.71;32953745;559449536.000
08/16/2007;11.75;12.03;11.01;11.39;36946726;643502912.000
08/17/2007;11.25;11.48;10.57;10.91;38265812;627464256.000
08/20/2007;11.12;11.77;11.12;11.35;29827982;512580768.000
08/21/2007;11.35;11.67;11.13;11.67;61613654;1048562176.000
08/22/2007;11.45;11.68;11.30;11.31;23333195;400633184.000
08/23/2007;11.33;11.33;10.67;11.15;42047529;687013952.000
08/24/2007;11.03;11.26;10.79;11.10;30466768;502234880.000
08/27/2007;11.13;11.20;10.52;10.73;40321028;650507840.000
08/28/2007;10.50;11.58;10.50;11.43;49631355;827106240.000
08/29/2007;11.32;12.55;11.03;12.37;60218823;1082348288.000
08/30/2007;12.39;12.67;11.92;12.60;42051686;780802752.000
08/31/2007;12.53;13.86;12.41;13.86;29752669;598377600.000
09/03/2007;14.00;15.25;13.99;15.25;41221560;925034880.000
09/04/2007;15.33;16.38;14.00;14.64;63565602;1444970496.000
09/05/2007;14.57;14.67;13.80;14.64;38697418;821483520.000
09/06/2007;14.65;15.13;14.20;14.51;23890910;527103968.000
09/07/2007;14.51;15.53;13.99;14.57;23570214;522786432.000
09/10/2007;14.44;15.13;14.00;14.85;21046136;466193792.000
09/11/2007;14.97;16.32;14.97;15.50;40865139;964646144.000
09/12/2007;15.40;16.21;15.19;15.99;40338304;954293696.000
09/13/2007;16.03;16.20;15.32;15.67;21626664;506607744.000
09/14/2007;15.67;17.23;15.12;17.23;44097969;1081583744.000
09/17/2007;17.20;18.93;16.93;18.21;27746088;748816896.000
09/18/2007;18.20;19.00;17.33;17.85;20432240;554496576.000
09/19/2007;17.85;18.20;17.47;17.61;11276150;300745856.000
09/20/2007;17.90;19.37;17.80;19.15;37290005;1063505344.000
09/21/2007;19.30;20.33;17.53;18.33;66111207;1908847872.000
09/24/2007;17.92;18.07;16.77;17.11;45433607;1175928320.000
09/25/2007;16.97;16.97;15.39;15.39;41143522;963010112.000
09/26/2007;14.50;15.77;14.50;15.07;39110925;884122816.000
09/27/2007;14.93;15.62;14.80;15.27;16693954;382553760.000
09/28/2007;15.53;16.27;14.93;15.96;26366239;614494336.000
10/08/2007;16.07;16.13;14.59;14.87;25451207;579430336.000
10/09/2007;14.77;15.47;14.40;14.99;18800550;420407424.000
10/10/2007;14.99;15.67;14.67;15.06;17842758;405348096.000
10/11/2007;15.08;15.77;14.80;15.74;19771622;453912608.000
10/12/2007;15.79;17.31;15.79;16.95;54575590;1380068864.000
10/15/2007;17.12;17.57;16.47;16.59;27079555;686947648.000
10/16/2007;16.56;17.31;15.87;16.98;23433063;571208640.000
10/17/2007;16.32;17.21;16.21;16.57;17710014;445463200.000
10/18/2007;16.47;16.47;14.92;14.93;26925851;622923520.000
10/19/2007;14.57;15.47;14.20;14.69;22984486;503715328.000
10/22/2007;14.40;14.53;13.23;13.25;14101804;291026624.000
10/23/2007;13.30;13.67;12.04;12.99;24978501;473465216.000
10/24/2007;13.19;14.26;12.40;13.91;20873890;422200288.000
10/25/2007;14.07;14.65;13.47;14.00;30830312;655371968.000
10/26/2007;13.54;14.13;12.87;13.44;12323186;249532416.000
10/29/2007;13.34;14.13;12.68;13.85;19917507;401308928.000
10/30/2007;14.03;15.23;13.67;15.23;24511781;545799936.000
10/31/2007;15.70;16.67;15.20;15.25;41829215;998487360.000
11/01/2007;14.90;14.97;14.15;14.41;24144740;526608832.000
11/02/2007;14.00;14.07;13.32;13.64;17339254;355080800.000
11/05/2007;13.64;14.50;13.60;13.83;16179403;341411968.000
11/06/2007;13.92;14.33;13.54;13.99;8977578;188925040.000
11/07/2007;13.97;14.34;13.73;14.23;8558704;180870976.000
11/08/2007;14.03;14.05;12.81;12.84;11867304;238061568.000
11/09/2007;12.66;13.40;12.41;12.90;8661602;167814704.000
11/12/2007;12.60;13.07;11.66;12.72;11805644;217889312.000
11/13/2007;12.97;13.59;12.72;13.08;12728026;251493744.000
11/14/2007;13.60;14.39;13.23;14.24;22157989;460410880.000
11/15/2007;14.07;15.28;13.87;14.91;32833100;725497024.000
11/16/2007;14.30;15.20;14.30;14.80;16193368;357821088.000
11/19/2007;14.78;15.58;14.67;15.00;11842402;269087680.000
11/20/2007;14.93;15.45;14.47;15.16;12144150;274723552.000
11/21/2007;15.03;16.13;15.03;15.59;20195432;476799040.000
11/22/2007;15.23;15.40;14.13;14.21;13579435;302891328.000
11/23/2007;14.00;15.63;13.93;15.63;23763677;544694592.000
11/26/2007;16.12;16.73;15.75;15.87;33974807;830618752.000
11/27/2007;15.66;16.87;15.54;16.81;31073411;767893184.000
11/28/2007;17.01;17.20;16.40;16.76;24574749;616885504.000
11/29/2007;16.90;18.40;16.60;18.25;54525837;1452484736.000
11/30/2007;18.00;18.99;16.85;17.09;64774915;1753114496.000
12/03/2007;16.33;16.70;15.53;15.99;31740138;771266368.000
12/04/2007;16.03;16.93;16.03;16.59;17471439;433935840.000
12/05/2007;16.60;17.32;16.39;16.95;14359941;365281376.000
12/06/2007;16.96;17.50;16.60;17.19;12709548;328384288.000
12/07/2007;17.00;17.47;16.87;17.31;11923203;305646016.000
12/10/2007;17.01;18.57;16.95;18.11;29236123;795360640.000
12/11/2007;18.17;18.65;17.81;18.63;17567541;478603872.000
12/12/2007;18.33;18.93;17.85;18.09;24570489;674289280.000
12/13/2007;17.93;18.97;17.85;17.89;29143231;806194176.000
12/14/2007;17.40;17.47;16.37;17.13;33694109;856480768.000
12/17/2007;17.23;17.60;16.60;16.63;31054346;794148736.000
12/18/2007;16.39;16.97;15.55;16.13;22296565;541616576.000
12/19/2007;16.34;16.66;16.07;16.56;15789407;387642080.000
12/20/2007;16.70;17.13;16.32;16.90;13351454;335666496.000
12/21/2007;16.92;17.87;16.91;17.71;18172802;480679520.000
12/24/2007;17.83;18.40;17.70;17.93;24044255;648141824.000
12/25/2007;17.93;18.53;17.93;18.12;12436695;338551808.000
12/26/2007;18.13;18.27;17.35;17.79;20147210;535440000.000
12/27/2007;17.80;18.27;17.29;18.19;23907899;642035712.000
12/28/2007;18.33;19.20;18.33;18.63;42540195;1196179072.000
01/02/2008;18.67;19.60;18.56;19.12;26385079;759282176.000
01/03/2008;18.92;18.93;18.10;18.53;23295654;644080384.000
01/04/2008;18.60;18.73;17.84;18.31;29081275;795181056.000
01/07/2008;18.34;18.49;17.83;18.31;20952882;569655296.000
01/08/2008;18.37;18.63;17.50;17.73;27145581;732970688.000
01/09/2008;17.63;18.19;17.15;18.16;35059090;923201536.000
01/10/2008;18.25;18.33;17.87;17.91;21027077;568034944.000
01/11/2008;18.13;18.63;18.13;18.24;22366924;615988992.000
01/14/2008;18.40;18.49;17.92;18.28;17349288;475981344.000
01/15/2008;18.47;18.73;18.06;18.32;17233384;475705184.000
01/16/2008;18.43;18.86;18.23;18.37;31968595;888260352.000
01/17/2008;18.13;18.33;16.53;16.97;45692424;1170921728.000
01/21/2008;17.44;17.46;15.33;15.90;39802241;977848384.000
01/22/2008;15.13;15.41;14.31;14.31;29929074;659439424.000
01/23/2008;14.33;15.00;14.33;14.95;25917226;570331392.000
01/24/2008;15.37;16.07;14.96;15.88;25182277;589248320.000
01/25/2008;15.87;16.07;15.10;15.55;13281150;310308704.000
01/28/2008;15.52;15.52;13.99;13.99;15007878;326326784.000
01/29/2008;13.73;14.45;13.33;13.89;14131153;296196512.000
01/30/2008;14.20;14.37;13.47;13.79;10994925;228953488.000
01/31/2008;13.77;13.93;13.33;13.37;13651514;280917184.000
02/01/2008;13.41;13.60;12.41;13.21;16066856;318456928.000
02/04/2008;13.87;14.53;13.87;14.53;12784505;273779072.000
02/05/2008;15.01;15.43;14.54;15.16;15561733;353635680.000
02/13/2008;14.67;15.06;14.34;14.71;11507211;254271136.000
02/14/2008;14.85;15.09;14.53;14.83;8945823;197783840.000
02/15/2008;14.83;14.83;13.91;14.39;9336476;198164304.000
02/18/2008;14.44;14.88;14.27;14.85;10565835;230946224.000
02/19/2008;14.85;15.06;14.47;14.99;16298349;362238336.000
02/20/2008;15.00;15.53;14.75;15.07;24723563;564444864.000
02/21/2008;14.99;15.20;14.53;14.86;10465819;233008848.000
02/22/2008;14.63;14.79;13.53;13.80;13992942;293993120.000
02/25/2008;13.82;13.83;12.57;12.63;13890170;271126976.000
02/26/2008;13.05;13.33;12.07;12.73;13661517;259189952.000
02/27/2008;12.87;13.47;12.67;13.17;10132671;199368960.000
02/28/2008;13.29;13.30;12.70;12.84;7307937;141907920.000
02/29/2008;12.90;13.63;12.73;13.46;9113213;182282784.000
03/03/2008;13.20;14.44;13.07;14.39;15161125;320337408.000
03/04/2008;14.40;14.87;13.73;13.78;12487686;268219504.000
03/05/2008;13.67;13.99;13.09;13.51;9377171;188812368.000
03/06/2008;13.47;14.00;13.24;13.83;10656177;218692976.000
03/07/2008;13.81;13.83;13.33;13.45;6464041;131227832.000
03/10/2008;13.20;13.30;12.57;12.66;9677127;185262128.000
03/11/2008;12.53;12.85;12.33;12.84;5585762;105593280.000
03/12/2008;13.13;13.27;11.80;11.96;12517052;231380160.000
03/13/2008;11.87;11.87;10.77;10.77;36469506;592684672.000
03/14/2008;10.33;10.77;9.70;10.27;36279313;546453824.000
03/17/2008;10.00;10.63;9.24;9.33;21704457;312279040.000
03/18/2008;9.32;9.67;8.39;8.65;32761602;440064000.000
03/19/2008;8.98;9.31;8.67;9.01;46878389;626341056.000
03/20/2008;8.80;9.91;8.11;9.91;73942163;1014603136.000
03/21/2008;9.70;10.52;9.64;10.02;68293714;1037318208.000
03/24/2008;10.33;10.45;9.02;9.05;54868324;797796480.000
03/25/2008;8.68;9.95;8.54;9.95;68245277;989312128.000
03/26/2008;10.05;10.17;9.67;9.91;47142221;702092608.000
03/27/2008;9.41;9.80;9.15;9.26;25959233;367268896.000
03/28/2008;9.04;10.00;8.83;9.89;29649442;423346304.000
03/31/2008;9.46;10.19;9.37;9.89;34806994;518211712.000
04/01/2008;9.97;10.59;9.80;9.95;55678768;848669632.000
04/02/2008;10.13;10.34;9.20;9.90;52878614;784099392.000
04/03/2008;9.83;10.20;9.20;9.95;31588792;458813184.000
04/07/2008;9.67;10.63;9.51;10.49;44193187;679683072.000
04/08/2008;10.50;11.43;10.27;11.07;61158790;1007738304.000
04/09/2008;10.73;10.98;9.97;9.99;53522931;848540480.000
04/10/2008;9.73;10.49;9.40;10.47;48395576;726822144.000
04/11/2008;10.64;10.80;10.27;10.42;39890897;631643904.000
04/14/2008;10.01;10.03;9.38;9.38;59689875;857810432.000
04/15/2008;9.20;9.33;8.44;9.18;112377306;1473397632.000
04/16/2008;8.87;8.93;8.26;8.27;69756703;888377024.000
04/17/2008;8.10;8.40;7.50;7.59;56365220;667067456.000
04/18/2008;7.52;7.52;6.83;6.85;71811461;755613184.000
04/21/2008;7.53;7.53;6.16;6.96;137017767;1375730816.000
04/22/2008;6.67;7.10;6.54;6.99;79399207;818834176.000
04/23/2008;6.80;7.38;6.55;7.21;121280732;1280537984.000
04/24/2008;7.72;7.93;7.61;7.93;169724725;1987626752.000
04/25/2008;8.00;8.55;7.85;8.15;122246388;1515153792.000
04/28/2008;7.93;8.13;7.78;7.88;76697015;914583296.000
04/29/2008;7.83;8.17;7.75;7.98;66182712;790255872.000
04/30/2008;8.09;8.52;8.00;8.43;106627519;1320849792.000
05/05/2008;8.69;9.28;8.69;9.28;130112417;1755219584.000
05/06/2008;9.13;9.13;8.69;8.79;108850938;1449715328.000
05/07/2008;8.59;8.80;8.03;8.09;81441046;1035713600.000
05/08/2008;8.00;8.27;7.67;8.25;63283700;755671168.000
05/09/2008;8.21;8.32;7.59;7.85;84734187;1007188864.000
05/12/2008;7.61;8.11;7.42;7.93;58446547;678648192.000
05/13/2008;7.51;7.85;7.51;7.55;51520940;590412096.000
05/14/2008;7.52;7.97;7.47;7.93;48549864;570534272.000
05/15/2008;8.07;8.25;7.85;7.87;55104964;666764544.000
05/16/2008;7.86;7.99;7.67;7.83;32017729;374907360.000
05/19/2008;7.80;7.80;7.60;7.69;22985127;264501232.000
05/20/2008;7.69;8.33;7.59;7.73;69856092;837549120.000
05/21/2008;7.47;7.71;7.01;7.61;54495637;601405824.000
05/22/2008;7.43;7.47;7.26;7.28;36935965;406519200.000
05/23/2008;7.35;7.53;7.10;7.21;34821920;381009952.000
05/26/2008;7.22;7.27;6.85;6.87;26676768;279597760.000
05/27/2008;6.81;7.03;6.77;6.97;22646048;234886928.000
05/28/2008;7.14;7.33;7.07;7.23;32402637;349919456.000
05/29/2008;7.17;7.17;6.84;6.85;32989100;345260896.000
05/30/2008;7.00;7.20;6.87;7.12;36707397;389152160.000
06/02/2008;7.13;7.33;6.93;7.23;33902266;362844128.000
06/03/2008;7.15;7.37;7.05;7.33;41573730;450984192.000
06/04/2008;7.41;7.52;7.15;7.17;37068828;405972992.000
06/05/2008;7.19;7.33;7.04;7.09;20593991;221548992.000
06/06/2008;7.09;7.13;6.85;6.90;22122919;230095664.000
06/10/2008;6.57;6.57;6.21;6.21;21325341;202232848.000
06/11/2008;5.92;6.07;5.72;5.89;31180272;275921600.000
06/12/2008;5.80;5.89;5.57;5.74;28242103;242459408.000
06/13/2008;5.83;6.03;5.65;5.65;38161102;332918912.000
06/16/2008;5.69;5.73;5.29;5.41;26667249;218236192.000
06/17/2008;5.43;5.45;4.87;4.93;39044319;299132000.000
06/18/2008;4.86;5.24;4.57;5.23;54003873;402418880.000
06/19/2008;5.07;5.13;4.71;4.71;40058074;294842592.000
06/20/2008;4.33;4.85;4.25;4.53;65835230;448473408.000
06/23/2008;4.39;4.69;4.28;4.53;34004262;230757568.000
06/24/2008;4.56;4.77;4.47;4.75;35762859;248041024.000
06/26/2008;5.00;5.17;4.89;5.00;75385341;567964992.000
06/27/2008;4.75;4.79;4.50;4.53;48093548;334595520.000
06/30/2008;4.43;4.92;4.41;4.75;44123796;309487104.000
07/01/2008;4.79;4.83;4.50;4.53;33958910;236077504.000
07/02/2008;4.48;4.64;4.48;4.57;19374713;132368832.000
07/03/2008;4.43;4.80;4.32;4.75;50447933;349611552.000
07/04/2008;4.75;4.89;4.65;4.80;48955745;350863584.000
07/07/2008;4.87;5.28;4.87;5.28;111891598;870843264.000
07/08/2008;5.45;5.57;5.17;5.39;133457217;1081363456.000
07/09/2008;5.53;5.63;5.35;5.45;91762415;750729216.000
07/10/2008;5.34;5.43;5.20;5.25;68874383;548815744.000
07/11/2008;5.19;5.24;5.02;5.17;43007650;330897632.000
07/14/2008;5.03;5.27;5.00;5.25;32833204;253821776.000
07/15/2008;5.25;5.30;5.04;5.14;38870619;302589984.000
07/16/2008;5.25;5.30;4.80;4.95;47848621;367432096.000
07/17/2008;5.19;5.30;4.94;5.01;43418585;333736320.000
07/18/2008;5.27;5.49;5.01;5.44;77351709;608284544.000
07/21/2008;5.45;5.63;5.27;5.57;87678570;720593152.000
07/22/2008;5.47;5.66;5.36;5.43;67189386;552624960.000
07/23/2008;5.63;5.70;5.50;5.53;74431182;626817600.000
07/24/2008;5.68;5.73;5.53;5.64;61637968;519273696.000
07/25/2008;5.53;5.53;5.41;5.47;42481704;348580832.000
07/28/2008;5.57;5.63;5.51;5.61;39368315;329027232.000
07/29/2008;5.53;5.53;5.40;5.51;29748962;243380032.000
07/30/2008;5.63;5.79;5.51;5.55;47170738;399620064.000
07/31/2008;5.45;5.45;5.24;5.26;35234673;281826336.000
08/01/2008;5.20;5.37;5.10;5.35;24426303;191929312.000
08/04/2008;5.35;5.37;5.12;5.16;21314929;168231648.000
08/05/2008;5.20;5.38;5.07;5.09;26665581;208368192.000
08/06/2008;5.23;5.26;5.07;5.18;24086784;186550512.000
08/07/2008;5.20;5.21;4.87;5.01;28872127;216189664.000
08/08/2008;5.00;5.00;4.51;4.51;32323951;227252624.000
08/11/2008;4.51;4.53;4.05;4.06;32450176;203209456.000
08/12/2008;3.90;3.99;3.77;3.93;26439949;154567264.000
08/13/2008;3.90;3.97;3.74;3.93;21331105;123067760.000
08/14/2008;3.86;3.97;3.82;3.90;16853204;98629128.000
08/15/2008;3.89;3.97;3.85;3.90;16689711;98189656.000
08/18/2008;3.91;3.93;3.51;3.51;24775201;135327040.000
08/19/2008;3.45;3.63;3.39;3.54;18243044;96209736.000
08/20/2008;3.47;3.87;3.43;3.83;38525269;215426912.000
08/21/2008;3.73;3.81;3.64;3.67;30366449;169134336.000
08/22/2008;3.57;3.90;3.45;3.71;40483711;224017296.000
08/25/2008;3.76;3.80;3.65;3.71;24087082;134922320.000
08/26/2008;3.63;3.65;3.40;3.45;22191260;116758424.000
08/27/2008;3.42;3.53;3.33;3.49;16159797;83695976.000
08/28/2008;3.49;3.53;3.43;3.49;14212395;74449808.000
08/29/2008;3.49;3.70;3.49;3.64;19366533;70060656.000
09/01/2008;3.57;3.57;3.40;3.44;22475051;77989408.000
09/02/2008;3.44;3.58;3.41;3.53;22442213;79018992.000
09/03/2008;3.62;3.72;3.56;3.65;46977472;171160288.000
09/04/2008;3.66;3.69;3.55;3.65;24313160;87999448.000
09/05/2008;3.54;3.59;3.45;3.49;23381249;82312736.000
09/08/2008;3.53;3.55;3.33;3.35;16943063;57804896.000
09/09/2008;3.39;3.50;3.34;3.45;16882326;57900352.000
09/10/2008;3.44;3.62;3.38;3.53;27536774;97543872.000
09/11/2008;3.50;3.59;3.47;3.49;23726646;83276976.000
09/12/2008;3.51;3.60;3.51;3.54;18604544;66139724.000
09/16/2008;3.50;3.58;3.44;3.46;26510775;93135320.000
09/17/2008;3.50;3.54;3.35;3.39;22811818;78320368.000
09/18/2008;3.28;3.31;3.05;3.18;46025868;143279040.000
09/19/2008;3.48;3.50;3.36;3.50;38426094;133589240.000
09/22/2008;3.78;3.85;3.52;3.78;96572480;359982016.000
09/23/2008;3.62;3.67;3.51;3.58;62764442;225189152.000
09/24/2008;3.49;3.57;3.41;3.56;32142140;111235552.000
09/25/2008;3.57;3.74;3.49;3.67;61293805;224510288.000
09/26/2008;3.68;3.75;3.59;3.69;53036907;194907264.000
10/06/2008;3.68;3.76;3.52;3.69;55920784;206195104.000
10/07/2008;3.57;3.99;3.52;3.92;95020887;362790976.000
10/08/2008;3.78;3.89;3.61;3.68;62034311;233258896.000
10/09/2008;3.80;3.83;3.66;3.68;33869141;126052320.000
10/10/2008;3.52;3.57;3.36;3.43;44192897;152885280.000
10/13/2008;3.43;3.67;3.43;3.66;48971482;174787008.000
10/14/2008;3.80;3.85;3.51;3.54;60170237;223644352.000
10/15/2008;3.49;3.57;3.43;3.47;24457091;84859648.000
10/16/2008;3.38;3.38;3.12;3.15;43032754;139993616.000
10/17/2008;3.23;3.27;3.10;3.22;24797564;79312768.000
10/20/2008;3.22;3.35;3.13;3.32;18918994;61498840.000
10/21/2008;3.33;3.47;3.27;3.41;37938483;127640864.000
10/22/2008;3.36;3.43;3.31;3.36;22942029;77407160.000
10/23/2008;3.30;3.55;3.27;3.44;43556738;148942688.000
10/24/2008;3.37;3.43;3.20;3.28;28833821;95401824.000
10/27/2008;3.20;3.20;2.98;2.99;26601499;81740568.000
10/28/2008;2.89;3.11;2.86;3.08;22219612;66849016.000
10/29/2008;3.15;3.15;2.95;2.96;20355693;62210016.000
10/30/2008;3.00;3.03;2.90;2.94;23631289;69727216.000
10/31/2008;2.93;2.96;2.80;2.84;18860499;54220176.000
11/03/2008;2.83;2.83;2.70;2.74;20550334;56363652.000
11/04/2008;2.75;2.81;2.74;2.76;17596395;48868016.000
11/05/2008;2.78;2.86;2.76;2.81;29044535;81344952.000
11/06/2008;2.77;2.77;2.68;2.72;14679625;39804768.000
11/07/2008;2.68;2.79;2.65;2.79;18428788;50604408.000
11/10/2008;2.82;3.01;2.82;3.00;41807616;122428936.000
11/11/2008;2.99;3.04;2.92;2.95;39021544;115685016.000
11/12/2008;2.92;3.02;2.90;3.00;27075227;80412744.000
11/13/2008;2.99;3.18;2.96;3.12;59744447;184738576.000
11/14/2008;3.16;3.38;3.11;3.34;88724203;285255328.000
11/17/2008;3.62;3.67;3.62;3.67;52448765;191832304.000
11/18/2008;3.94;4.04;3.50;3.88;262100799;1013695232.000
11/19/2008;3.86;4.10;3.52;4.00;142769145;548644608.000
11/20/2008;3.85;4.19;3.78;3.84;158088651;621214848.000
11/21/2008;3.69;3.80;3.51;3.66;81834381;297870400.000
11/24/2008;3.55;3.62;3.29;3.34;62051016;214256816.000
11/25/2008;3.36;3.44;3.17;3.28;42461774;139283600.000
11/26/2008;3.28;3.43;3.16;3.33;38159126;127395664.000
12/11/2008;3.66;3.66;3.66;3.66;2526954;9248652.000
12/12/2008;4.03;4.03;4.03;4.03;18733909;75497656.000
12/15/2008;4.28;4.28;3.63;3.71;137589023;521805440.000
12/16/2008;3.64;3.64;3.45;3.60;56584977;199638912.000
12/17/2008;3.59;3.72;3.52;3.62;52275364;190529120.000
12/18/2008;3.62;3.65;3.52;3.61;39922392;142843440.000
12/19/2008;3.83;3.87;3.68;3.71;84724474;318422464.000
12/22/2008;3.71;3.76;3.56;3.73;52734246;192496592.000
12/23/2008;3.74;3.74;3.43;3.44;38567301;137505408.000
12/24/2008;3.37;3.71;3.34;3.52;55903639;199317152.000
12/25/2008;3.53;3.55;3.34;3.39;35166157;120143616.000
12/26/2008;3.39;3.43;3.30;3.32;20272998;67621152.000
12/30/2008;3.48;3.51;3.30;3.31;29487206;99807120.000
12/31/2008;3.32;3.33;3.18;3.19;19076793;61544104.000
01/05/2009;3.22;3.31;3.17;3.28;27353967;88363000.000
01/06/2009;3.24;3.41;3.20;3.39;42105977;140649152.000
01/07/2009;3.40;3.44;3.35;3.42;40382968;137445232.000
01/08/2009;3.37;3.46;3.33;3.42;41128779;140147360.000
01/09/2009;3.46;3.51;3.37;3.43;56296100;193433264.000
01/12/2009;3.39;3.47;3.34;3.45;47207686;161570096.000
01/13/2009;3.44;3.44;3.28;3.29;31442020;104894104.000
01/14/2009;3.30;3.37;3.24;3.36;25226865;83646072.000
01/15/2009;3.34;3.52;3.30;3.45;90014061;309493952.000
01/16/2009;3.40;3.65;3.38;3.54;100805662;353881568.000
01/19/2009;3.60;3.68;3.47;3.52;69014814;247145968.000
01/20/2009;3.46;3.50;3.38;3.45;38308878;131350680.000
01/21/2009;3.42;3.50;3.38;3.41;29634365;101781248.000
01/22/2009;3.43;3.46;3.38;3.46;27862589;95425744.000
01/23/2009;3.43;3.47;3.40;3.42;30494026;104643304.000
02/02/2009;3.46;3.52;3.42;3.49;37393841;130051896.000
02/03/2009;3.48;3.70;3.47;3.66;96379885;349627328.000
02/04/2009;3.66;3.76;3.62;3.72;68828102;254969680.000
02/05/2009;3.74;3.95;3.67;3.79;118680315;455155200.000
02/06/2009;3.79;3.94;3.76;3.93;97402178;376250528.000
02/09/2009;3.94;4.32;3.94;4.30;181911068;764415488.000
02/10/2009;4.27;4.43;4.15;4.39;115839956;500027136.000
02/11/2009;4.29;4.42;4.20;4.28;95952032;413621344.000
02/12/2009;4.30;4.52;4.20;4.49;128883538;565615744.000
02/13/2009;4.58;4.66;4.47;4.58;125272038;569871936.000
02/16/2009;4.70;5.04;4.66;5.02;149501335;719660224.000
02/17/2009;5.04;5.04;4.65;4.68;84061929;404309408.000
02/18/2009;4.57;4.97;4.52;4.76;125036295;600886144.000
02/19/2009;4.80;4.85;4.57;4.75;61340511;288623072.000
02/20/2009;4.73;4.83;4.61;4.77;48278949;228855408.000
02/23/2009;4.77;4.85;4.60;4.80;66891191;316887488.000
02/24/2009;4.75;5.07;4.70;4.78;121303141;593483648.000
02/25/2009;4.84;4.99;4.65;4.89;74145017;360828768.000
02/27/2009;4.50;4.58;4.40;4.40;76842587;339084128.000
03/02/2009;4.10;4.43;3.97;4.26;63490662;265449696.000
03/03/2009;4.13;4.28;4.06;4.09;52558280;217022272.000
03/04/2009;4.11;4.45;4.11;4.42;57895702;249658320.000
03/05/2009;4.55;4.63;4.38;4.51;64031478;288470432.000
03/06/2009;4.41;4.52;4.26;4.28;47648978;208008144.000
03/09/2009;4.30;4.55;4.29;4.35;80153956;355176544.000
03/10/2009;4.32;4.40;4.15;4.38;45006310;192619136.000
03/11/2009;4.48;4.54;4.38;4.40;55030449;244969728.000
03/12/2009;4.37;4.61;4.35;4.60;63783521;286950880.000
03/13/2009;4.58;4.72;4.51;4.58;44246093;204534688.000
03/16/2009;4.55;4.67;4.46;4.54;31879399;145233568.000
03/17/2009;4.55;4.68;4.45;4.67;59602523;271690624.000
03/18/2009;4.67;4.85;4.62;4.74;57905994;274242688.000
03/19/2009;4.73;4.88;4.71;4.80;47749739;228858224.000
03/20/2009;4.88;5.04;4.69;4.76;110784688;541035008.000
03/23/2009;4.73;4.92;4.60;4.82;93308686;444106240.000
03/24/2009;4.85;4.98;4.82;4.90;88596261;435126400.000
03/25/2009;4.85;5.23;4.78;5.07;134552537;681633792.000
03/26/2009;5.07;5.58;5.06;5.58;229403617;1223088256.000
03/27/2009;5.58;5.75;5.38;5.61;191492701;1069993920.000
03/30/2009;5.61;5.84;5.43;5.53;108994506;614850560.000
03/31/2009;5.37;5.54;5.31;5.50;52316789;284003936.000
04/01/2009;5.51;5.69;5.40;5.62;70145414;389298080.000
04/02/2009;5.62;5.90;5.56;5.65;85742749;491883744.000
04/03/2009;5.66;5.70;5.39;5.41;71933194;397010336.000
04/07/2009;5.41;5.55;5.37;5.53;42506841;232641888.000
04/08/2009;5.50;5.51;5.17;5.18;47530988;254166048.000
04/09/2009;5.18;5.38;5.02;5.26;38794290;202918288.000
04/10/2009;5.31;5.79;5.30;5.79;94472853;528474784.000
04/13/2009;5.91;6.26;5.87;6.15;106075185;642723520.000
04/14/2009;6.16;6.37;5.98;6.28;75248806;467147744.000
04/15/2009;6.10;6.35;6.02;6.17;55198777;340469568.000
04/16/2009;6.12;6.15;5.85;5.98;65589686;390086336.000
04/17/2009;5.95;6.15;5.81;5.98;44567919;266277680.000
04/20/2009;6.09;6.56;6.03;6.33;81539539;517819936.000
04/21/2009;6.29;6.39;6.09;6.21;44254825;274237248.000
04/22/2009;6.23;6.30;5.82;5.94;43375081;263206368.000
04/23/2009;5.86;6.10;5.69;6.05;35134045;208690496.000
04/24/2009;6.10;6.14;5.85;6.03;22243835;133399448.000
04/27/2009;5.90;6.00;5.59;5.66;51419351;294865696.000
04/28/2009;5.42;5.45;5.09;5.31;142106456;738858432.000
04/29/2009;5.15;5.61;5.12;5.45;71886081;386984832.000
04/30/2009;5.45;5.76;5.42;5.46;73283271;409740576.000
05/04/2009;5.51;5.75;5.51;5.64;37376502;209640832.000
05/05/2009;5.80;5.94;5.71;5.81;61637976;358827392.000
05/06/2009;5.80;5.85;5.63;5.73;61051753;348572864.000
05/07/2009;5.73;5.77;5.35;5.49;129096445;710478528.000
05/08/2009;5.50;5.55;5.34;5.52;63785788;348414816.000
05/11/2009;5.46;5.48;5.26;5.27;103042434;551083712.000
05/12/2009;5.21;5.33;5.15;5.32;70756709;370408576.000
05/13/2009;5.32;5.39;5.19;5.34;73970924;391013696.000
05/14/2009;5.29;5.45;5.25;5.37;68900798;368938368.000
05/15/2009;5.39;5.43;5.28;5.39;55169899;294519232.000
05/18/2009;5.50;5.60;5.43;5.58;135482249;747810112.000
05/19/2009;5.58;5.58;5.41;5.47;97371967;532041344.000
05/20/2009;5.46;5.46;5.33;5.34;60907439;327152736.000
05/21/2009;5.30;5.30;5.13;5.16;62778237;326442432.000
05/22/2009;5.15;5.25;5.11;5.21;40606948;210842192.000
05/25/2009;5.09;5.20;5.02;5.18;31876791;163389776.000
05/26/2009;5.20;5.25;5.14;5.15;36277237;188129296.000
05/27/2009;5.15;5.24;5.11;5.19;31116505;160947296.000
06/01/2009;5.23;5.29;5.13;5.25;73361928;381729824.000
06/02/2009;5.26;5.31;5.22;5.25;51531197;270932896.000
06/03/2009;5.25;5.41;5.20;5.36;77709335;411742112.000
06/04/2009;5.39;5.39;5.26;5.31;48218929;255699840.000
06/05/2009;5.32;5.34;5.23;5.25;53674508;282819456.000
06/08/2009;5.25;5.34;5.18;5.27;37625220;197903792.000
06/09/2009;5.27;5.46;5.18;5.45;96422799;515865760.000
06/10/2009;5.40;5.49;5.36;5.45;73321087;397151360.000
06/11/2009;5.44;5.44;5.25;5.26;68338871;364350336.000
06/12/2009;5.24;5.25;5.08;5.11;68563579;353786528.000
06/15/2009;5.10;5.18;5.08;5.16;24207151;124157072.000
06/16/2009;5.10;5.16;5.08;5.12;28577527;146200240.000
06/17/2009;5.11;5.17;5.08;5.16;28259482;144875392.000
06/18/2009;5.17;5.30;5.14;5.24;55925648;291777952.000
06/19/2009;5.24;5.34;5.20;5.30;56650576;299070656.000
06/22/2009;5.36;5.43;5.26;5.34;67211785;359644896.000
06/23/2009;5.27;5.35;5.19;5.29;47769330;251630528.000
06/24/2009;5.31;5.59;5.30;5.46;131168570;717396224.000
06/25/2009;5.45;5.59;5.37;5.40;83249260;455456576.000
06/26/2009;5.44;5.45;5.30;5.34;39729248;211943216.000
06/29/2009;5.37;5.48;5.30;5.42;52938016;286436992.000
07/01/2009;5.27;5.33;5.23;5.31;60316917;318343776.000
07/02/2009;5.32;5.37;5.25;5.31;48078224;254361456.000
07/03/2009;5.30;5.34;5.23;5.28;51296090;270186368.000
07/06/2009;5.30;5.55;5.27;5.50;120200182;651086272.000
07/07/2009;5.50;5.70;5.39;5.60;127186722;708539904.000
07/08/2009;5.57;5.80;5.53;5.70;104263934;593188160.000
07/09/2009;5.78;5.95;5.74;5.88;106081035;623295424.000
07/10/2009;5.90;5.92;5.73;5.81;82916161;480563296.000
07/13/2009;5.85;6.02;5.70;5.72;71250474;415888544.000
07/14/2009;5.70;5.79;5.65;5.73;62087128;355752448.000
07/15/2009;5.76;5.98;5.69;5.92;97227540;567734336.000
07/16/2009;5.90;5.96;5.75;5.78;76257004;443750464.000
07/17/2009;5.78;5.81;5.61;5.71;62206989;354342368.000
07/20/2009;5.68;6.08;5.68;6.01;141437181;833937024.000
07/21/2009;6.05;6.07;5.75;5.77;105297226;617686464.000
07/22/2009;5.75;5.85;5.72;5.81;60664524;351797184.000
07/23/2009;5.83;5.93;5.72;5.85;53972923;313804064.000
07/24/2009;5.88;5.94;5.70;5.85;66801109;388530688.000
07/27/2009;5.85;6.44;5.85;6.44;198286812;1230379648.000
07/28/2009;6.61;6.99;6.48;6.81;252656830;1708240896.000
07/29/2009;6.90;7.02;6.16;6.61;171335144;1150931456.000
07/30/2009;6.70;7.10;6.53;7.05;173846905;1191804800.000
07/31/2009;7.05;7.14;6.86;7.01;153855143;1074919296.000
08/03/2009;7.05;7.38;6.92;7.22;112061814;809118592.000
08/04/2009;7.15;7.18;6.90;7.15;100612822;707598016.000
08/05/2009;7.10;7.35;6.88;7.02;86383510;616426752.000
08/06/2009;7.00;7.00;6.70;6.78;59203461;403878496.000
08/07/2009;6.78;6.88;6.48;6.58;49476118;331371776.000
08/10/2009;6.62;6.74;6.34;6.51;45806682;298961984.000
08/11/2009;6.52;6.58;6.37;6.52;28093501;181923872.000
08/12/2009;6.50;6.51;6.08;6.10;45851881;285774752.000
08/13/2009;6.08;6.18;5.90;6.06;53320346;319972864.000
08/14/2009;6.08;6.09;5.76;5.78;56131575;329580160.000
08/17/2009;5.69;5.72;5.31;5.34;60894237;335917408.000
08/18/2009;5.33;5.59;5.20;5.53;46258711;251055744.000
08/19/2009;5.52;5.55;5.22;5.29;40426270;217682048.000
08/20/2009;5.25;5.49;5.25;5.47;41952951;225653408.000
08/21/2009;5.44;5.55;5.37;5.53;40747864;223411152.000
08/24/2009;5.55;5.58;5.43;5.54;45359829;250073056.000
08/25/2009;5.53;5.53;5.03;5.23;49100969;258000832.000
08/26/2009;5.23;5.75;5.23;5.66;89155340;497382208.000
08/27/2009;5.65;5.98;5.55;5.81;111700927;648081856.000
08/28/2009;5.70;5.92;5.42;5.71;110878380;632685696.000
08/31/2009;5.40;5.58;5.18;5.26;60117899;322082272.000
09/01/2009;5.27;5.33;4.97;5.10;50688889;260416160.000
09/02/2009;5.02;5.07;4.82;4.96;49833445;246695616.000
09/03/2009;4.95;5.20;4.89;5.16;50700673;257709760.000
09/04/2009;5.16;5.23;5.07;5.22;54518360;281003680.000
09/07/2009;5.25;5.37;5.16;5.24;56347774;296527840.000
09/08/2009;5.21;5.30;5.10;5.29;43540138;227588320.000
09/09/2009;5.32;5.40;5.25;5.38;55257148;295127936.000
09/10/2009;5.38;5.45;5.30;5.36;58331738;314016640.000
09/11/2009;5.38;5.55;5.37;5.45;53454747;291124192.000
09/14/2009;5.50;5.55;5.43;5.51;52757213;289413792.000
09/15/2009;5.55;5.80;5.51;5.61;71271126;402816960.000
09/16/2009;5.52;5.56;5.38;5.48;46858142;256664144.000
09/17/2009;5.45;5.62;5.43;5.57;54293684;302015936.000
09/18/2009;5.59;5.63;5.42;5.54;59636843;329463168.000
09/21/2009;5.55;5.58;5.34;5.54;50057608;274150816.000
09/22/2009;5.59;5.69;5.43;5.44;66930999;375140864.000
09/23/2009;5.36;5.52;5.16;5.19;37137004;196655312.000
09/24/2009;5.19;5.25;5.06;5.18;27321626;140840336.000
09/25/2009;5.21;5.22;5.10;5.14;17835789;92064760.000
09/28/2009;5.17;5.24;5.01;5.04;19684141;100942448.000
09/29/2009;5.04;5.09;4.90;4.96;18958103;94095512.000
09/30/2009;5.04;5.07;4.99;5.02;15781925;79348648.000
10/09/2009;5.11;5.28;5.11;5.24;24181210;125597824.000
10/12/2009;5.30;5.35;5.04;5.15;24502291;127861120.000
10/13/2009;5.13;5.21;5.09;5.21;22403548;115392736.000
10/14/2009;5.23;5.30;5.18;5.26;37038284;194602608.000
10/15/2009;5.30;5.32;5.19;5.25;29445507;154872688.000
10/16/2009;5.25;5.28;5.05;5.19;25699597;132414320.000
10/19/2009;5.18;5.29;5.01;5.27;33085004;172245168.000
10/20/2009;5.27;5.45;5.25;5.39;52850324;283885120.000
10/21/2009;5.39;5.58;5.36;5.42;58800093;321814336.000
10/22/2009;5.40;5.43;5.33;5.37;31244823;168146192.000
10/23/2009;5.38;5.54;5.37;5.49;45396012;248919120.000
10/26/2009;5.52;5.61;5.48;5.55;48051834;266368208.000
10/27/2009;5.55;5.55;5.27;5.28;35782551;192429600.000
10/28/2009;5.26;5.43;5.25;5.37;25435725;136059936.000
10/29/2009;5.29;5.35;5.15;5.18;26231045;137125360.000
10/30/2009;5.25;5.32;5.20;5.21;24366777;127865992.000
11/02/2009;5.15;5.30;5.05;5.29;29779333;154795680.000
11/03/2009;5.29;5.41;5.26;5.37;30795036;164897424.000
11/04/2009;5.38;5.42;5.31;5.38;32755590;176082896.000
11/05/2009;5.39;5.69;5.39;5.63;83200576;463106528.000
11/06/2009;5.65;5.68;5.56;5.59;60552716;339732256.000
11/09/2009;5.64;5.75;5.57;5.67;49997192;283377504.000
11/10/2009;5.64;5.94;5.61;5.85;90043304;522638624.000
11/11/2009;5.98;6.04;5.80;5.86;94450316;558503872.000
11/12/2009;5.86;5.98;5.80;5.91;59474672;349887776.000
11/13/2009;5.91;6.09;5.86;6.05;83939484;502924992.000
11/16/2009;6.09;6.65;6.01;6.49;125334175;785505920.000
11/17/2009;6.43;6.54;6.32;6.36;64447945;413235008.000
11/18/2009;6.35;6.40;6.23;6.29;54477858;343141056.000
11/19/2009;6.30;6.32;6.12;6.25;56066338;348423552.000
11/20/2009;6.20;6.32;6.15;6.27;44516931;277824224.000
11/23/2009;6.22;6.35;6.22;6.29;35889648;225206272.000
11/24/2009;6.30;6.41;5.94;5.98;74972978;468007296.000
11/25/2009;5.93;6.09;5.81;6.08;47735643;284334912.000
11/26/2009;6.09;6.18;5.77;5.84;63108794;378527424.000
11/30/2009;5.67;6.05;5.67;5.99;65355406;384811040.000
12/01/2009;5.95;6.23;5.85;6.12;67887485;411612768.000
12/02/2009;6.16;6.20;6.05;6.11;47998777;292530656.000
12/03/2009;6.10;6.11;5.95;6.06;53849310;325944192.000
12/04/2009;6.08;6.08;5.77;5.98;60005624;356325216.000
12/07/2009;5.99;6.06;5.96;6.01;46858799;281264480.000
12/08/2009;6.02;6.04;5.87;5.94;32740195;194169280.000
12/09/2009;5.87;5.93;5.78;5.80;28119465;164310464.000
12/10/2009;5.83;5.89;5.79;5.85;30631803;178432928.000
12/11/2009;5.86;5.95;5.83;5.90;25798545;151956320.000
12/14/2009;5.94;6.25;5.93;6.21;100609552;609973824.000
12/15/2009;6.18;6.18;6.06;6.11;54076807;330594624.000
12/16/2009;6.10;6.24;6.05;6.15;52973238;327204064.000
12/17/2009;6.15;6.17;5.80;5.82;40325287;240670320.000
12/18/2009;5.83;5.93;5.71;5.74;29583131;172174544.000
12/21/2009;5.70;5.78;5.65;5.76;16033899;91495440.000
12/22/2009;5.77;5.88;5.61;5.62;24835462;142883872.000
12/23/2009;5.63;5.69;5.55;5.65;13958784;78425280.000
12/24/2009;5.66;5.97;5.60;5.86;27089861;157136544.000
12/25/2009;5.81;5.99;5.79;5.94;29241182;172197504.000
12/28/2009;5.90;6.08;5.90;5.99;37040939;221746064.000
12/29/2009;5.95;6.02;5.90;5.99;28716007;171097152.000
12/30/2009;5.99;6.04;5.94;6.02;33185571;198771744.000
12/31/2009;6.03;6.09;5.97;6.06;32852339;198283104.000
01/04/2010;6.09;6.12;5.97;6.05;40235931;244635552.000
01/05/2010;6.05;6.14;5.94;6.10;39543729;238898448.000
01/06/2010;6.10;6.18;6.00;6.01;40145142;244817744.000
01/07/2010;5.98;6.04;5.81;5.84;40873723;241989232.000
01/08/2010;5.82;5.90;5.76;5.89;22256686;129857896.000
01/11/2010;5.99;6.04;5.80;5.86;27969812;164826464.000
01/12/2010;5.85;6.05;5.79;6.03;50740554;301690336.000
01/13/2010;5.92;6.06;5.85;5.93;41905137;249557280.000
01/14/2010;5.92;6.30;5.92;6.23;94482782;581885888.000
01/15/2010;6.22;6.37;6.17;6.19;72455434;454770400.000
01/18/2010;6.16;6.54;6.16;6.44;89347882;572267136.000
01/19/2010;6.47;6.49;6.35;6.42;48566091;311132352.000
01/20/2010;6.42;6.47;6.10;6.18;59292587;374538240.000
01/21/2010;6.18;6.39;6.18;6.34;55766691;350449760.000
01/22/2010;6.28;6.52;6.15;6.27;78121531;495184480.000
01/25/2010;6.22;6.31;6.11;6.18;27803813;172713104.000
01/26/2010;6.18;6.20;5.84;5.88;31452704;188353056.000
01/27/2010;5.87;6.03;5.68;5.90;29286683;171673488.000
01/28/2010;5.85;6.20;5.84;6.10;40057409;242504480.000
01/29/2010;6.06;6.20;5.97;6.09;26619212;162691936.000
02/01/2010;6.05;6.20;6.00;6.20;31871151;195230112.000
02/02/2010;6.21;6.31;6.07;6.10;25625453;158803376.000
02/03/2010;6.12;6.19;5.80;6.17;35768968;214884976.000
02/04/2010;6.14;6.28;6.06;6.19;37055247;229620960.000
02/05/2010;6.06;6.38;6.00;6.28;67206161;421457472.000
02/08/2010;6.28;6.51;6.25;6.27;69793008;444520544.000
02/09/2010;6.28;6.32;6.16;6.28;25494938;159142016.000
02/10/2010;6.30;6.45;6.29;6.39;44962043;287517760.000
02/11/2010;6.40;6.40;6.17;6.19;36897757;231292256.000
02/12/2010;6.19;6.38;6.15;6.31;32821637;206427120.000
02/22/2010;6.30;6.75;6.26;6.62;126728758;832589120.000
03/09/2010;6.70;7.10;6.68;6.85;167092284;1152494080.000
03/10/2010;6.85;6.86;6.61;6.66;57117092;384173920.000
03/11/2010;6.70;7.20;6.65;6.95;89287597;622129152.000
03/12/2010;6.90;7.09;6.74;6.79;54393696;375577472.000
03/15/2010;6.78;6.79;6.50;6.59;47223365;310949952.000
03/16/2010;6.59;6.78;6.51;6.71;35868568;239341440.000
03/17/2010;6.72;6.93;6.63;6.88;44248501;301092096.000
03/18/2010;6.91;7.05;6.83;6.91;51403795;357739872.000
03/19/2010;6.92;7.30;6.92;7.20;86123164;612837888.000
03/22/2010;7.19;7.33;7.14;7.22;59421351;429023968.000
03/23/2010;7.20;7.25;6.98;7.04;48106500;341068928.000
