600428 中远航运 日线
      日期	    开盘	    最高	    最低	    收盘	    成交量	    成交额
04/18/2002;1.44;1.53;1.32;1.36;83322006;1042539712.000
04/19/2002;1.34;1.36;1.27;1.35;15322407;183420752.000
04/22/2002;1.32;1.34;1.28;1.28;4760213;56682296.000
04/23/2002;1.27;1.32;1.26;1.30;4687928;55503368.000
04/24/2002;1.30;1.32;1.27;1.29;3474682;41315968.000
04/25/2002;1.28;1.36;1.27;1.35;4863837;58327916.000
04/26/2002;1.35;1.37;1.32;1.35;4814504;58536420.000
04/29/2002;1.36;1.37;1.33;1.35;4365700;53002004.000
04/30/2002;1.35;1.48;1.34;1.43;17101216;213726112.000
05/08/2002;1.41;1.43;1.38;1.38;3524101;43563528.000
05/09/2002;1.37;1.41;1.36;1.38;2788338;34331488.000
05/10/2002;1.38;1.38;1.33;1.34;3875800;47217576.000
05/13/2002;1.34;1.34;1.31;1.32;2886769;34640836.000
05/14/2002;1.31;1.35;1.30;1.31;1931617;23169780.000
05/15/2002;1.30;1.32;1.26;1.28;2702184;32130592.000
05/16/2002;1.26;1.28;1.19;1.20;5609868;64921456.000
05/17/2002;1.20;1.26;1.17;1.25;3530054;40573640.000
05/20/2002;1.23;1.23;1.16;1.19;2188085;24869164.000
05/21/2002;1.26;1.29;1.22;1.25;3995531;46713564.000
05/22/2002;1.26;1.27;1.19;1.19;2043819;23504738.000
05/23/2002;1.23;1.25;1.19;1.20;1426083;16419644.000
05/24/2002;1.20;1.20;1.14;1.14;2368596;26618172.000
05/27/2002;1.21;1.21;1.15;1.16;710447;8003190.000
05/28/2002;1.16;1.21;1.16;1.17;838600;9529782.000
05/29/2002;1.17;1.17;1.10;1.11;2635435;29116112.000
05/30/2002;1.11;1.13;1.07;1.12;1821770;19921280.000
05/31/2002;1.11;1.13;1.08;1.08;877061;9599261.000
06/03/2002;1.08;1.08;1.02;1.03;2086521;22292932.000
06/04/2002;1.03;1.06;1.01;1.05;1513270;16134634.000
06/05/2002;1.04;1.05;0.99;1.01;1719810;18079184.000
06/06/2002;1.00;1.16;0.99;1.11;4398508;48051400.000
06/07/2002;1.12;1.17;1.08;1.13;3744975;41745272.000
06/10/2002;1.13;1.13;1.09;1.10;742800;8162979.000
06/11/2002;1.09;1.13;1.09;1.12;837050;9240701.000
06/12/2002;1.12;1.12;1.09;1.10;957290;10525011.000
06/13/2002;1.12;1.12;1.09;1.10;666260;7312451.000
06/14/2002;1.08;1.08;1.04;1.04;1008546;10845995.000
06/17/2002;1.00;1.05;1.00;1.04;328920;3497775.000
06/18/2002;1.04;1.10;1.04;1.09;854854;9294836.000
06/19/2002;1.09;1.09;1.06;1.06;467770;5054724.000
06/20/2002;1.08;1.11;1.06;1.09;554588;6063408.000
06/21/2002;1.08;1.18;1.08;1.16;2843843;31962812.000
06/24/2002;1.40;1.40;1.29;1.40;21738280;267199920.000
06/25/2002;1.44;1.56;1.36;1.43;18128473;230780848.000
06/26/2002;1.42;1.49;1.38;1.48;7031171;88117264.000
06/27/2002;1.43;1.51;1.43;1.49;6388470;81302560.000
06/28/2002;1.49;1.57;1.46;1.54;15026273;194980816.000
07/01/2002;1.56;1.57;1.49;1.50;6686811;86530928.000
07/02/2002;1.49;1.51;1.45;1.50;3163751;40161548.000
07/03/2002;1.50;1.52;1.46;1.49;3180319;40602368.000
07/04/2002;1.50;1.55;1.46;1.47;3840660;49256416.000
07/05/2002;1.47;1.49;1.44;1.49;2710135;34410464.000
07/08/2002;1.51;1.76;1.51;1.64;25630455;347391904.000
07/09/2002;1.62;1.68;1.61;1.63;8768143;118714152.000
07/10/2002;1.62;1.64;1.57;1.58;6302737;83737184.000
07/11/2002;1.57;1.61;1.54;1.59;4150793;54844264.000
07/12/2002;1.58;1.59;1.55;1.57;2919016;38356068.000
07/15/2002;1.55;1.55;1.49;1.49;2912562;37657688.000
07/16/2002;1.50;1.54;1.49;1.50;2145497;27709102.000
07/17/2002;1.50;1.51;1.46;1.50;1770892;22559732.000
07/18/2002;1.51;1.52;1.48;1.49;1436424;18519384.000
07/19/2002;1.50;1.52;1.49;1.52;1344559;17336444.000
07/22/2002;1.52;1.52;1.43;1.44;1948426;24726568.000
07/23/2002;1.43;1.47;1.42;1.42;1581857;19799024.000
07/24/2002;1.42;1.46;1.42;1.44;812699;10202349.000
07/25/2002;1.45;1.46;1.42;1.44;909588;11413333.000
07/26/2002;1.45;1.46;1.43;1.44;546863;6881347.000
07/29/2002;1.44;1.47;1.42;1.46;636195;7956870.000
07/30/2002;1.46;1.46;1.42;1.45;632910;7956989.000
07/31/2002;1.44;1.45;1.42;1.43;772610;9685069.000
08/01/2002;1.42;1.43;1.38;1.38;1057068;13032233.000
08/02/2002;1.43;1.44;1.38;1.41;1262400;15618610.000
08/05/2002;1.42;1.43;1.38;1.41;670379;8321242.000
08/06/2002;1.41;1.49;1.39;1.45;1049294;13247199.000
08/07/2002;1.45;1.46;1.43;1.46;504850;6369526.000
08/08/2002;1.44;1.47;1.43;1.43;379028;4776285.000
08/09/2002;1.43;1.43;1.38;1.39;721402;8909511.000
08/12/2002;1.38;1.39;1.35;1.36;739400;9057336.000
08/13/2002;1.36;1.38;1.34;1.36;456084;5561474.000
08/14/2002;1.37;1.41;1.35;1.40;523565;6415678.000
08/15/2002;1.40;1.40;1.36;1.38;394950;4843519.000
08/16/2002;1.38;1.40;1.32;1.40;591029;7215044.000
08/19/2002;1.39;1.43;1.37;1.39;892248;11084181.000
08/20/2002;1.39;1.44;1.38;1.42;744600;9281730.000
08/21/2002;1.42;1.44;1.40;1.42;1112347;13901925.000
08/22/2002;1.41;1.44;1.40;1.42;1366011;17086658.000
08/23/2002;1.43;1.44;1.40;1.40;717343;8918854.000
08/26/2002;1.40;1.41;1.35;1.36;650198;7970948.000
08/27/2002;1.37;1.38;1.35;1.37;839274;10230587.000
08/28/2002;1.37;1.39;1.35;1.37;577252;7067209.000
08/29/2002;1.36;1.38;1.35;1.35;458690;5584386.000
08/30/2002;1.35;1.36;1.34;1.35;355038;4309330.000
09/02/2002;1.35;1.35;1.34;1.34;379100;4592056.000
09/03/2002;1.35;1.36;1.32;1.33;562246;6804884.000
09/04/2002;1.34;1.34;1.26;1.28;2718290;32171576.000
09/05/2002;1.28;1.28;1.24;1.26;810803;9472072.000
09/06/2002;1.26;1.27;1.23;1.23;601943;6992135.000
09/09/2002;1.23;1.23;1.19;1.19;693170;7924479.000
09/10/2002;1.18;1.21;1.18;1.20;348065;3971472.000
09/11/2002;1.21;1.23;1.19;1.23;381810;4357695.000
09/12/2002;1.23;1.25;1.22;1.23;464940;5389387.000
09/13/2002;1.23;1.23;1.21;1.23;288450;3322544.000
09/16/2002;1.23;1.24;1.16;1.17;607300;6883727.000
09/17/2002;1.18;1.20;1.17;1.19;376571;4267224.000
09/18/2002;1.19;1.20;1.17;1.18;170749;1940404.000
09/19/2002;1.18;1.25;1.18;1.23;403647;4632497.000
09/20/2002;1.23;1.23;1.21;1.23;257650;2970555.000
09/24/2002;1.26;1.27;1.21;1.22;219529;2534662.000
09/25/2002;1.21;1.24;1.20;1.24;1102994;12649284.000
09/26/2002;1.23;1.25;1.21;1.22;290700;3366352.000
09/27/2002;1.21;1.22;1.20;1.20;432150;4952848.000
10/08/2002;1.15;1.19;1.15;1.18;166147;1884014.000
10/09/2002;1.19;1.19;1.12;1.12;478800;5322085.000
10/10/2002;1.12;1.13;1.10;1.10;642100;7073370.000
10/11/2002;1.10;1.11;1.06;1.06;593300;6462689.000
10/14/2002;1.04;1.07;1.04;1.06;373380;4008154.000
10/15/2002;1.07;1.08;1.06;1.06;283311;3056733.000
10/16/2002;1.06;1.12;1.06;1.08;366449;4003643.000
10/17/2002;1.08;1.09;1.04;1.04;262900;2828410.000
10/18/2002;1.03;1.07;1.01;1.03;210974;2247095.000
10/21/2002;1.03;1.04;1.02;1.03;528950;5629457.000
10/22/2002;1.06;1.09;1.05;1.08;701909;7578961.000
10/23/2002;1.08;1.08;1.06;1.07;407230;4395416.000
10/24/2002;1.08;1.08;1.03;1.04;374750;4025802.000
10/25/2002;1.06;1.06;1.03;1.03;264500;2828705.000
10/28/2002;1.03;1.05;0.99;1.01;384490;4057982.000
10/29/2002;1.01;1.04;0.97;1.02;596389;6253606.000
10/30/2002;1.01;1.02;1.00;1.01;232050;2447796.000
10/31/2002;1.01;1.06;1.01;1.04;384500;4100609.000
11/01/2002;1.03;1.06;1.02;1.04;386200;4114856.000
11/04/2002;1.06;1.09;1.06;1.09;541285;5861235.000
11/05/2002;1.09;1.15;1.08;1.13;2147827;23731296.000
11/06/2002;1.13;1.13;1.10;1.11;668872;7371002.000
11/07/2002;1.11;1.14;1.09;1.13;925981;10229484.000
11/08/2002;1.15;1.18;1.03;1.04;1139721;12444262.000
11/11/2002;1.04;1.05;1.03;1.03;404250;4311868.000
11/12/2002;1.01;1.05;0.99;0.99;875200;9216885.000
11/13/2002;0.98;0.99;0.92;0.98;912601;9390878.000
11/14/2002;0.99;0.99;0.92;0.92;418889;4283673.000
11/15/2002;0.90;0.96;0.90;0.92;541200;5512264.000
11/18/2002;0.92;0.94;0.90;0.91;310001;3128954.000
11/19/2002;0.92;0.97;0.92;0.96;430554;4392162.000
11/20/2002;0.94;0.95;0.91;0.92;530200;5366419.000
11/21/2002;0.92;0.98;0.91;0.92;1947731;19929896.000
11/22/2002;0.92;0.97;0.88;0.92;1637451;16650585.000
11/25/2002;0.92;0.93;0.88;0.90;569350;5704722.000
11/26/2002;0.91;0.93;0.81;0.81;1043280;10286027.000
11/27/2002;0.79;0.82;0.76;0.80;1326471;12573800.000
11/28/2002;0.79;0.85;0.77;0.85;1325700;12669393.000
11/29/2002;0.86;0.93;0.83;0.88;2147742;21334358.000
12/02/2002;0.87;0.87;0.79;0.80;637950;6184655.000
12/03/2002;0.79;0.83;0.78;0.82;389500;3735651.000
12/04/2002;0.82;0.90;0.82;0.84;730709;7170903.000
12/05/2002;0.83;0.87;0.82;0.86;529508;5157530.000
12/06/2002;0.86;0.89;0.85;0.86;535399;5302249.000
12/09/2002;0.86;0.87;0.83;0.84;219300;2138572.000
12/10/2002;0.83;0.84;0.81;0.81;296500;2856224.000
12/11/2002;0.80;0.81;0.79;0.81;224700;2150534.000
12/12/2002;0.79;0.85;0.79;0.81;211978;2047703.000
12/13/2002;0.77;0.84;0.77;0.82;330274;3160207.000
12/16/2002;0.83;0.86;0.82;0.83;316276;3076922.000
12/17/2002;0.83;0.86;0.83;0.85;420145;4091212.000
12/18/2002;0.85;0.89;0.85;0.85;647650;6394528.000
12/19/2002;0.84;0.87;0.84;0.87;528277;5183158.000
12/20/2002;0.88;0.92;0.87;0.90;1859733;18596842.000
12/23/2002;0.91;0.93;0.90;0.90;1667883;16747000.000
12/24/2002;0.90;0.92;0.88;0.92;363300;3629779.000
12/25/2002;0.92;0.94;0.88;0.88;457000;4588303.000
12/26/2002;0.88;0.88;0.81;0.81;789900;7684145.000
12/27/2002;0.79;0.83;0.79;0.80;428584;4089542.000
12/30/2002;0.79;0.79;0.69;0.69;1344970;12440146.000
12/31/2002;0.69;0.72;0.67;0.67;722600;6517287.000
01/02/2003;0.64;0.67;0.61;0.62;800950;7001324.000
01/03/2003;0.61;0.63;0.60;0.62;336100;2913598.000
01/06/2003;0.62;0.65;0.58;0.64;590610;5115464.000
01/07/2003;0.64;0.66;0.62;0.63;366890;3228224.000
01/08/2003;0.62;0.70;0.62;0.69;807476;7219792.000
01/09/2003;0.71;0.75;0.67;0.73;1642479;14968503.000
01/10/2003;0.73;0.77;0.69;0.70;1339923;12355236.000
01/13/2003;0.69;0.73;0.69;0.71;831251;7592918.000
01/14/2003;0.71;0.90;0.71;0.88;3843361;36910080.000
01/15/2003;0.89;0.89;0.79;0.81;3385674;32955968.000
01/16/2003;0.81;0.87;0.80;0.85;1952266;18974056.000
01/17/2003;0.87;0.87;0.83;0.84;1280244;12456570.000
01/20/2003;0.83;0.84;0.79;0.82;937519;8975060.000
01/21/2003;0.81;0.84;0.78;0.79;959995;9181350.000
01/22/2003;0.77;0.79;0.74;0.75;932687;8716551.000
01/23/2003;0.75;0.77;0.74;0.74;388331;3617052.000
01/24/2003;0.74;0.78;0.73;0.76;685495;6390053.000
01/29/2003;0.80;0.92;0.80;0.89;6026700;59718056.000
02/10/2003;0.86;0.87;0.81;0.82;1356900;13227141.000
02/11/2003;0.83;0.87;0.83;0.87;1229632;12052290.000
02/12/2003;0.87;0.90;0.85;0.89;1458424;14468478.000
02/13/2003;0.88;0.90;0.86;0.86;1185846;11764709.000
02/14/2003;0.79;0.89;0.79;0.87;990537;9771996.000
02/17/2003;0.88;0.88;0.83;0.85;1153730;11285860.000
02/18/2003;0.84;0.85;0.82;0.83;527907;5118596.000
02/19/2003;0.83;0.86;0.83;0.85;708411;6905351.000
02/20/2003;0.86;0.89;0.86;0.86;780608;7697219.000
02/21/2003;0.86;0.86;0.80;0.80;1255319;12073502.000
02/24/2003;0.79;0.81;0.79;0.80;558428;5331541.000
02/25/2003;0.79;0.84;0.79;0.84;623590;6038824.000
02/26/2003;0.86;0.86;0.83;0.85;469008;4569444.000
02/27/2003;0.86;0.87;0.84;0.86;808753;7942407.000
02/28/2003;0.86;0.86;0.82;0.86;472269;4602257.000
03/03/2003;0.87;0.90;0.87;0.90;2322417;23145504.000
03/04/2003;0.91;0.95;0.90;0.91;5110695;51748316.000
03/05/2003;0.91;0.93;0.89;0.93;1682691;16918316.000
03/06/2003;0.94;0.95;0.89;0.90;2032865;20516788.000
03/07/2003;0.90;0.90;0.87;0.87;1043300;10352043.000
03/10/2003;0.88;0.89;0.83;0.84;971989;9507865.000
03/11/2003;0.84;0.86;0.82;0.85;593586;5764505.000
03/12/2003;0.84;0.84;0.77;0.79;1230300;11669215.000
03/13/2003;0.81;0.81;0.76;0.76;758946;7141209.000
03/14/2003;0.76;0.78;0.76;0.76;516419;4851167.000
03/17/2003;0.76;0.76;0.73;0.75;705384;6510521.000
03/18/2003;0.75;0.77;0.75;0.75;601300;5613532.000
03/19/2003;0.73;0.76;0.72;0.75;647992;5989978.000
03/20/2003;0.75;0.75;0.73;0.74;532759;4922382.000
03/21/2003;0.73;0.75;0.72;0.75;340699;3152645.000
03/24/2003;0.75;0.78;0.75;0.78;356631;3344467.000
03/25/2003;0.78;0.78;0.74;0.75;340500;3170133.000
03/26/2003;0.75;0.75;0.71;0.71;409900;3759762.000
03/27/2003;0.70;0.81;0.69;0.78;839879;7790477.000
03/28/2003;0.78;0.87;0.76;0.80;2903153;28041176.000
03/31/2003;0.79;0.82;0.77;0.82;930498;8849490.000
04/01/2003;0.82;0.83;0.81;0.82;794701;7656399.000
04/02/2003;0.81;0.83;0.81;0.81;501166;4821655.000
04/03/2003;0.80;0.82;0.78;0.78;643236;6102736.000
04/04/2003;0.78;0.80;0.77;0.78;517851;4893153.000
04/07/2003;0.78;0.80;0.74;0.74;1149741;10788452.000
04/08/2003;0.74;0.75;0.71;0.73;1844931;16877084.000
04/09/2003;0.72;0.76;0.69;0.74;1505349;13747656.000
04/10/2003;0.76;0.79;0.73;0.74;2412360;22567986.000
04/11/2003;0.74;0.78;0.74;0.76;3224229;30181626.000
04/14/2003;0.77;0.86;0.77;0.84;5760017;55754372.000
04/15/2003;0.87;0.87;0.81;0.85;3695291;35891764.000
04/16/2003;0.85;0.94;0.83;0.85;7320083;72444864.000
04/17/2003;0.85;0.88;0.80;0.83;2011729;19476550.000
04/18/2003;0.83;0.93;0.83;0.87;4104979;40738080.000
04/21/2003;0.87;0.88;0.78;0.80;2462780;23682430.000
04/22/2003;0.80;0.82;0.73;0.75;1431907;13526638.000
04/23/2003;0.75;0.78;0.69;0.71;1857550;17075926.000
04/24/2003;0.70;0.73;0.65;0.65;2336900;21015340.000
04/25/2003;0.65;0.69;0.62;0.63;1226600;10800390.000
04/28/2003;0.61;0.68;0.57;0.66;1267490;10972258.000
04/29/2003;0.65;0.66;0.58;0.58;2000630;17251512.000
04/30/2003;0.58;0.63;0.58;0.60;1235192;10621997.000
05/13/2003;0.60;0.60;0.45;0.46;2290522;18454878.000
05/14/2003;0.45;0.52;0.44;0.51;1943201;15468910.000
05/15/2003;0.52;0.56;0.48;0.56;3390972;28000626.000
05/16/2003;0.60;0.65;0.60;0.62;7161059;62248300.000
05/19/2003;0.61;0.65;0.61;0.63;1629349;14204538.000
05/20/2003;0.62;0.62;0.57;0.57;1364451;11635048.000
05/21/2003;0.57;0.59;0.57;0.57;646455;5479591.000
05/22/2003;0.57;0.58;0.56;0.57;567798;4789544.000
05/23/2003;0.57;0.60;0.55;0.57;2358912;19936744.000
05/26/2003;0.57;0.60;0.56;0.59;1290820;10979761.000
05/27/2003;0.58;0.61;0.58;0.61;1469433;12595786.000
05/28/2003;0.61;0.65;0.60;0.63;2829950;24646146.000
05/29/2003;0.62;0.64;0.60;0.63;1489460;12914092.000
05/30/2003;0.63;0.69;0.62;0.67;3771656;33531156.000
06/02/2003;0.65;0.66;0.63;0.65;1561126;13734238.000
06/03/2003;0.65;0.65;0.60;0.60;1357988;11813149.000
06/04/2003;0.59;0.61;0.58;0.60;1299304;11119938.000
06/05/2003;0.61;0.61;0.56;0.57;883076;7517237.000
06/06/2003;0.57;0.58;0.55;0.56;811749;6845084.000
06/09/2003;0.56;0.56;0.55;0.56;515426;4319790.000
06/10/2003;0.56;0.58;0.56;0.58;417300;3539463.000
06/11/2003;0.59;0.61;0.58;0.61;609451;5230829.000
06/12/2003;0.63;0.65;0.61;0.62;866200;7442735.000
06/13/2003;0.62;0.65;0.62;0.63;524536;4522229.000
06/16/2003;0.64;0.64;0.61;0.61;365250;3118654.000
06/17/2003;0.62;0.63;0.61;0.62;643194;5488322.000
06/18/2003;0.62;0.68;0.62;0.63;1503614;13123241.000
06/19/2003;0.64;0.64;0.59;0.60;693403;5891236.000
06/20/2003;0.60;0.62;0.59;0.59;619011;5246532.000
06/23/2003;0.60;0.60;0.57;0.58;366050;3064271.000
06/24/2003;0.58;0.62;0.58;0.60;589250;4973671.000
06/25/2003;0.61;0.61;0.57;0.58;385385;3229958.000
06/26/2003;0.58;0.58;0.54;0.57;534494;4435443.000
06/27/2003;0.57;0.58;0.53;0.54;482200;3966720.000
06/30/2003;0.54;0.54;0.50;0.51;410649;3332171.000
07/01/2003;0.52;0.54;0.50;0.51;500946;4044584.000
07/02/2003;0.52;0.53;0.50;0.52;349885;2825805.000
07/03/2003;0.53;0.53;0.51;0.52;566400;4574101.000
07/04/2003;0.52;0.56;0.52;0.54;454095;3715738.000
07/07/2003;0.53;0.53;0.51;0.52;403494;3261711.000
07/08/2003;0.52;0.55;0.51;0.54;824101;6694497.000
07/09/2003;0.54;0.54;0.52;0.53;225200;1824890.000
07/10/2003;0.52;0.62;0.52;0.58;2107493;17706582.000
07/11/2003;0.58;0.60;0.57;0.57;410700;3433322.000
07/14/2003;0.61;0.61;0.57;0.58;334907;2811223.000
07/15/2003;0.57;0.59;0.56;0.57;286510;2384176.000
07/16/2003;0.57;0.58;0.55;0.57;427689;3543108.000
07/17/2003;0.56;0.62;0.54;0.61;2479600;20832380.000
07/18/2003;0.61;0.71;0.60;0.65;9634466;84485088.000
07/21/2003;0.64;0.69;0.62;0.68;4694510;41085944.000
07/22/2003;0.69;0.71;0.64;0.69;2720065;24032570.000
07/23/2003;0.69;0.70;0.66;0.68;1602884;14143167.000
07/24/2003;0.67;0.67;0.63;0.63;1422862;12302640.000
07/25/2003;0.62;0.64;0.59;0.60;1441627;12273196.000
07/28/2003;0.59;0.61;0.58;0.60;837211;7056844.000
07/29/2003;0.60;0.62;0.60;0.61;428920;3642950.000
07/30/2003;0.61;0.61;0.56;0.56;924300;7717832.000
07/31/2003;0.56;0.58;0.56;0.56;698216;5783180.000
08/01/2003;0.56;0.56;0.52;0.55;974909;7944363.000
08/04/2003;0.56;0.58;0.52;0.57;839429;6902739.000
08/05/2003;0.57;0.59;0.56;0.58;653525;5470851.000
08/06/2003;0.57;0.59;0.56;0.59;587173;4899338.000
08/07/2003;0.60;0.61;0.58;0.60;698021;5905307.000
08/08/2003;0.62;0.64;0.59;0.59;1796184;15376141.000
08/11/2003;0.58;0.59;0.54;0.57;494179;4095032.000
08/12/2003;0.58;0.63;0.58;0.61;677369;5777160.000
08/13/2003;0.60;0.61;0.57;0.58;380550;3201921.000
08/14/2003;0.57;0.62;0.57;0.58;469404;3955968.000
08/15/2003;0.57;0.59;0.56;0.56;496190;4117106.000
08/18/2003;0.56;0.56;0.54;0.56;263002;2167018.000
08/19/2003;0.56;0.56;0.52;0.53;1197920;9761537.000
08/20/2003;0.53;0.54;0.52;0.54;788639;6417214.000
08/21/2003;0.54;0.54;0.52;0.53;593383;4813574.000
08/22/2003;0.53;0.54;0.52;0.53;416030;3379888.000
08/25/2003;0.53;0.53;0.50;0.50;573100;4613767.000
08/26/2003;0.48;0.51;0.48;0.50;318200;2540389.000
08/27/2003;0.50;0.53;0.50;0.52;317299;2554307.000
08/28/2003;0.53;0.54;0.49;0.52;308820;2489108.000
08/29/2003;0.50;0.52;0.49;0.52;465079;3718543.000
09/01/2003;0.53;0.56;0.50;0.56;651600;5344217.000
09/02/2003;0.56;0.61;0.54;0.60;1714458;14370537.000
09/03/2003;0.60;0.60;0.58;0.59;627961;5276252.000
09/04/2003;0.58;0.59;0.57;0.57;484409;4047499.000
09/05/2003;0.57;0.57;0.53;0.53;497267;4078083.000
09/08/2003;0.52;0.54;0.52;0.52;335801;2728294.000
09/09/2003;0.48;0.52;0.47;0.49;939331;7430705.000
09/10/2003;0.49;0.49;0.47;0.48;525170;4142357.000
09/12/2003;0.48;0.48;0.47;0.47;427626;3360644.000
09/15/2003;0.47;0.49;0.42;0.42;493540;3806207.000
09/16/2003;0.42;0.43;0.39;0.42;613015;4625945.000
09/17/2003;0.42;0.44;0.41;0.42;285129;2170700.000
09/18/2003;0.42;0.42;0.38;0.39;730699;5452759.000
09/19/2003;0.38;0.39;0.37;0.37;419359;3100585.000
09/22/2003;0.38;0.39;0.37;0.37;261400;1932725.000
09/23/2003;0.37;0.41;0.37;0.40;244968;1825046.000
09/24/2003;0.41;0.42;0.39;0.41;261063;1962756.000
09/25/2003;0.41;0.41;0.38;0.38;232220;1728922.000
09/26/2003;0.38;0.38;0.37;0.37;209925;1550774.000
09/29/2003;0.37;0.38;0.34;0.34;579502;4254418.000
09/30/2003;0.34;0.34;0.32;0.34;510891;3679775.000
10/08/2003;0.34;0.38;0.34;0.37;294333;2151689.000
10/13/2003;0.42;0.48;0.41;0.42;2544453;19649928.000
10/14/2003;0.43;0.44;0.38;0.40;540136;4072710.000
10/15/2003;0.40;0.41;0.39;0.40;861394;6464202.000
10/16/2003;0.41;0.41;0.39;0.40;310670;2296622.000
10/17/2003;0.40;0.41;0.39;0.40;357027;2650106.000
10/20/2003;0.42;0.42;0.38;0.39;261110;1930898.000
10/21/2003;0.39;0.40;0.37;0.38;398488;2912614.000
10/22/2003;0.38;0.48;0.38;0.43;794174;6020133.000
10/23/2003;0.44;0.46;0.42;0.44;1254865;9603888.000
10/24/2003;0.45;0.47;0.42;0.47;1062873;8166233.000
10/27/2003;0.47;0.50;0.44;0.48;1395046;10865405.000
10/28/2003;0.46;0.49;0.45;0.48;1388424;10788961.000
10/29/2003;0.47;0.47;0.43;0.45;849345;6489190.000
10/30/2003;0.44;0.46;0.42;0.44;541080;4113371.000
10/31/2003;0.44;0.49;0.44;0.46;693952;5360401.000
11/03/2003;0.42;0.49;0.42;0.48;624709;4853618.000
11/04/2003;0.48;0.57;0.48;0.55;3720932;30048312.000
11/05/2003;0.54;0.59;0.54;0.58;2817205;23121064.000
11/06/2003;0.57;0.57;0.54;0.54;1651658;13418973.000
11/07/2003;0.54;0.56;0.50;0.51;1385013;11044167.000
11/10/2003;0.51;0.55;0.50;0.54;587270;4710015.000
11/11/2003;0.55;0.57;0.52;0.54;393870;3186252.000
11/12/2003;0.54;0.56;0.47;0.48;1009575;7965410.000
11/13/2003;0.48;0.50;0.48;0.48;615256;4809946.000
11/14/2003;0.49;0.54;0.48;0.54;773892;6149703.000
11/17/2003;0.53;0.55;0.52;0.52;436441;3499381.000
11/18/2003;0.51;0.52;0.48;0.49;496500;3908040.000
11/19/2003;0.49;0.57;0.48;0.55;2023986;16420665.000
11/20/2003;0.56;0.60;0.54;0.60;1855043;15327170.000
11/21/2003;0.60;0.61;0.55;0.55;1058050;8735859.000
11/24/2003;0.53;0.60;0.53;0.59;1146481;9492792.000
11/25/2003;0.60;0.62;0.58;0.59;1947856;16322640.000
11/26/2003;0.58;0.66;0.58;0.63;2209912;18724880.000
11/27/2003;0.62;0.63;0.58;0.58;1801621;15037113.000
11/28/2003;0.58;0.62;0.58;0.62;949462;7930709.000
12/01/2003;0.62;0.65;0.62;0.65;1326447;11342861.000
12/02/2003;0.65;0.66;0.61;0.63;1297550;11054917.000
12/03/2003;0.63;0.65;0.60;0.64;1601051;13541256.000
12/04/2003;0.68;0.73;0.66;0.68;5547744;48978984.000
12/05/2003;0.68;0.72;0.66;0.71;3830838;33823984.000
12/08/2003;0.72;0.72;0.68;0.69;2243900;19847588.000
12/09/2003;0.69;0.70;0.67;0.70;2132706;18732664.000
12/10/2003;0.71;0.72;0.69;0.72;3127432;27825452.000
12/11/2003;0.72;0.75;0.70;0.72;3633732;32464362.000
12/12/2003;0.71;0.73;0.70;0.71;1299910;11544587.000
12/15/2003;0.71;0.74;0.70;0.70;1237690;11034777.000
12/16/2003;0.71;0.71;0.65;0.68;1791683;15560297.000
12/17/2003;0.68;0.70;0.64;0.65;1719260;14999706.000
12/18/2003;0.64;0.69;0.64;0.68;1433281;12451072.000
12/19/2003;0.68;0.69;0.63;0.65;1794269;15511759.000
12/22/2003;0.65;0.76;0.65;0.76;6568023;59123528.000
12/23/2003;0.77;0.79;0.74;0.79;4796242;43979152.000
12/24/2003;0.79;0.80;0.77;0.78;3036556;27972644.000
12/25/2003;0.78;0.78;0.72;0.74;3231359;29222384.000
12/26/2003;0.73;0.75;0.71;0.75;1681867;15075467.000
12/29/2003;0.73;0.75;0.71;0.74;1217450;10940751.000
12/30/2003;0.74;0.78;0.73;0.76;1156250;10484975.000
12/31/2003;0.76;0.78;0.73;0.73;1749979;15926667.000
01/02/2004;0.72;0.78;0.72;0.76;2239149;20384700.000
01/05/2004;0.77;0.85;0.77;0.83;4596683;43194152.000
01/06/2004;0.84;0.85;0.80;0.84;3401202;32150976.000
01/07/2004;0.83;0.89;0.82;0.87;3733121;35849328.000
01/08/2004;0.86;0.92;0.84;0.86;4001791;38936304.000
01/09/2004;0.86;0.89;0.79;0.80;3639414;34761656.000
01/12/2004;0.81;0.99;0.81;0.96;7719004;76111472.000
01/13/2004;0.97;1.05;0.95;0.99;6994272;71503336.000
01/14/2004;0.99;1.00;0.93;0.93;2522051;25212724.000
01/15/2004;0.93;0.99;0.92;0.95;1967079;19812776.000
01/16/2004;0.97;1.03;0.95;1.01;3789848;39088780.000
01/29/2004;1.03;1.08;1.00;1.05;2447231;25482384.000
01/30/2004;1.07;1.09;0.95;0.98;3923803;40576776.000
02/02/2004;1.05;1.07;0.91;0.94;6812609;68506496.000
02/03/2004;0.94;0.94;0.89;0.93;3866780;38045928.000
02/04/2004;0.94;1.00;0.94;0.99;2936217;29762692.000
02/05/2004;1.00;1.01;0.97;0.98;3056953;31130600.000
02/06/2004;0.98;0.98;0.93;0.94;2961541;29763812.000
02/09/2004;0.93;1.02;0.93;1.01;3299590;33699560.000
02/10/2004;1.01;1.08;0.99;1.05;7657234;79988392.000
02/11/2004;1.05;1.05;0.99;1.01;2016172;20830192.000
02/12/2004;1.01;1.03;0.99;0.99;2214050;22755736.000
02/13/2004;0.99;1.01;0.98;0.99;1331190;13616725.000
02/16/2004;0.99;1.05;0.99;1.05;2187089;22744776.000
02/17/2004;1.05;1.15;1.04;1.12;6828136;73698952.000
02/18/2004;1.12;1.14;1.09;1.12;3288956;35664880.000
02/19/2004;1.12;1.15;1.09;1.14;2793029;30344612.000
02/20/2004;1.14;1.20;1.13;1.19;3779401;41908636.000
02/23/2004;1.20;1.20;1.07;1.07;3264250;35620616.000
02/24/2004;1.07;1.10;1.03;1.09;3234214;34191612.000
02/25/2004;1.10;1.18;1.10;1.11;5861447;64165388.000
02/26/2004;1.08;1.16;1.08;1.12;3191209;34473484.000
02/27/2004;1.13;1.19;1.10;1.15;3307461;36397232.000
03/01/2004;1.17;1.24;1.16;1.24;5022583;56589916.000
03/02/2004;1.24;1.29;1.23;1.27;4198122;48300832.000
03/03/2004;1.26;1.28;1.22;1.24;3260973;37293360.000
03/04/2004;1.24;1.28;1.20;1.24;1927839;22020730.000
03/05/2004;1.24;1.35;1.24;1.29;3578556;41941912.000
03/08/2004;1.28;1.36;1.27;1.34;3584827;42468420.000
03/09/2004;1.34;1.37;1.31;1.34;2641981;31296608.000
03/10/2004;1.31;1.40;1.31;1.38;2321033;27726586.000
03/11/2004;1.38;1.51;1.37;1.51;5056462;62975972.000
03/12/2004;1.51;1.58;1.47;1.58;4840312;61868464.000
03/15/2004;1.60;1.69;1.47;1.52;13232042;170672224.000
03/16/2004;1.51;1.55;1.42;1.54;8723946;109594312.000
03/17/2004;1.53;1.66;1.49;1.65;6099851;80215720.000
03/18/2004;1.65;1.68;1.56;1.58;4256993;55827960.000
03/19/2004;1.56;1.59;1.51;1.58;3261456;42097920.000
03/22/2004;1.58;1.58;1.52;1.53;3718376;47693816.000
03/23/2004;1.52;1.62;1.51;1.59;3394300;44106720.000
03/24/2004;1.59;1.70;1.58;1.65;5152768;68856128.000
03/25/2004;1.64;1.75;1.62;1.74;5478154;74267000.000
03/26/2004;1.74;1.81;1.70;1.78;4039655;56118024.000
03/29/2004;1.77;1.86;1.76;1.80;2398482;33910468.000
03/30/2004;1.80;1.83;1.77;1.80;1950355;27229164.000
03/31/2004;1.80;1.80;1.72;1.76;2774467;38431848.000
04/01/2004;1.76;1.96;1.76;1.90;3259550;46906352.000
04/02/2004;1.89;1.94;1.89;1.94;1620663;23710252.000
04/05/2004;1.94;1.99;1.90;1.94;1692389;24980154.000
04/06/2004;1.94;2.02;1.90;2.02;1977949;29375286.000
04/07/2004;2.11;2.18;2.05;2.10;2988767;46530528.000
04/08/2004;2.10;2.42;2.10;2.34;5746523;94312232.000
04/09/2004;2.34;2.40;2.19;2.26;4374570;71937528.000
04/12/2004;2.26;2.36;2.16;2.31;3986965;64090816.000
04/13/2004;2.33;2.34;2.15;2.18;2987194;48394608.000
04/14/2004;2.15;2.20;2.00;2.04;4281382;65832944.000
04/15/2004;2.02;2.10;1.97;2.01;2994953;45359996.000
04/16/2004;2.00;2.06;1.94;2.05;2950589;44304360.000
04/19/2004;2.03;2.12;2.01;2.05;1858609;28503120.000
04/20/2004;2.04;2.10;2.03;2.09;1264608;19400394.000
04/21/2004;2.09;2.11;1.77;1.90;3629205;53067456.000
04/22/2004;1.83;1.87;1.71;1.76;5436930;75755144.000
04/23/2004;1.75;1.87;1.73;1.79;2717215;38281232.000
04/26/2004;1.75;1.92;1.75;1.91;1688191;24067958.000
04/27/2004;1.91;1.97;1.83;1.90;2894623;42376952.000
04/28/2004;1.90;1.90;1.75;1.79;2107925;29616998.000
04/29/2004;1.81;1.88;1.76;1.76;2160152;30405730.000
04/30/2004;1.81;1.83;1.69;1.78;1587237;22002732.000
05/10/2004;1.79;1.81;1.63;1.64;1255145;16912000.000
05/11/2004;1.64;1.67;1.58;1.64;984135;13002882.000
05/12/2004;1.64;1.73;1.60;1.71;1210635;16398196.000
05/13/2004;1.69;1.71;1.64;1.64;1286665;17194764.000
05/14/2004;1.64;1.67;1.51;1.51;2635473;33976704.000
05/17/2004;1.49;1.52;1.45;1.48;1334320;16740801.000
05/18/2004;1.48;1.53;1.41;1.50;2251995;27974688.000
05/19/2004;1.50;1.52;1.42;1.49;1850973;23137968.000
05/20/2004;1.48;1.51;1.43;1.45;1198976;14986374.000
05/21/2004;1.45;1.49;1.42;1.48;677482;8430290.000
05/24/2004;1.51;1.51;1.47;1.48;401120;5025683.000
05/25/2004;1.47;1.47;1.42;1.42;971344;11917118.000
05/26/2004;1.42;1.44;1.39;1.41;1215730;14807632.000
05/27/2004;1.39;1.58;1.39;1.56;2910383;36870068.000
05/28/2004;1.56;1.59;1.53;1.54;1132424;14611917.000
05/31/2004;1.53;1.66;1.53;1.66;2952832;38807688.000
06/01/2004;1.68;1.77;1.66;1.73;3494414;47747512.000
06/02/2004;1.71;1.75;1.69;1.70;1617411;21965404.000
06/03/2004;1.69;1.69;1.58;1.60;1540164;20370146.000
06/04/2004;1.58;1.64;1.57;1.63;1220872;16023317.000
06/07/2004;1.58;1.61;1.57;1.58;1214200;15786345.000
06/08/2004;1.57;1.62;1.55;1.59;962275;12543822.000
06/09/2004;1.59;1.59;1.55;1.57;1306928;16919864.000
06/10/2004;1.56;1.61;1.54;1.57;1047662;13650210.000
06/11/2004;1.58;1.64;1.55;1.58;1102224;14417688.000
06/14/2004;1.60;1.60;1.45;1.50;2315007;29145980.000
06/15/2004;1.50;1.57;1.46;1.55;814308;10290235.000
06/16/2004;1.54;1.66;1.51;1.64;1772959;23311492.000
06/17/2004;1.62;1.64;1.54;1.56;591777;7677088.000
06/18/2004;1.56;1.57;1.49;1.54;849556;10803305.000
06/21/2004;1.52;1.52;1.41;1.49;730917;9062544.000
06/22/2004;1.49;1.54;1.48;1.52;635884;8061201.000
06/23/2004;1.51;1.51;1.44;1.48;681600;8502218.000
06/24/2004;1.45;1.48;1.43;1.45;689670;8511673.000
06/25/2004;1.44;1.44;1.25;1.26;3544161;41659680.000
06/29/2004;1.16;1.34;1.16;1.34;1113252;12944564.000
06/30/2004;1.33;1.37;1.31;1.34;599598;7085469.000
07/01/2004;1.32;1.49;1.31;1.49;2778101;34376636.000
07/02/2004;1.48;1.54;1.43;1.51;965134;12191852.000
07/05/2004;1.51;1.53;1.47;1.53;594275;7503025.000
07/06/2004;1.53;1.60;1.53;1.53;1083667;14029819.000
07/07/2004;1.55;1.55;1.52;1.54;676400;8661034.000
07/08/2004;1.55;1.61;1.54;1.60;1520429;19767824.000
07/09/2004;1.60;1.62;1.53;1.55;1206726;15652520.000
07/12/2004;1.53;1.54;1.51;1.52;1320641;16769419.000
07/13/2004;1.52;1.58;1.51;1.54;961472;12375158.000
07/14/2004;1.68;1.68;1.55;1.64;1649380;16536376.000
07/15/2004;1.64;1.85;1.63;1.85;5264128;56143760.000
07/16/2004;1.87;1.99;1.86;1.89;8648075;97337304.000
07/19/2004;1.89;2.00;1.87;1.96;4713537;53452644.000
07/20/2004;1.96;2.01;1.90;1.98;4927589;55943456.000
07/21/2004;1.96;2.00;1.91;1.96;3057810;34685208.000
07/22/2004;1.95;1.98;1.82;1.83;3667602;40659912.000
07/23/2004;1.80;1.90;1.75;1.89;2791933;30171856.000
07/26/2004;1.88;1.93;1.79;1.90;2122259;23565924.000
07/27/2004;1.91;1.94;1.85;1.93;1816090;20357484.000
07/28/2004;1.92;1.95;1.87;1.89;1264919;14180337.000
07/29/2004;1.90;1.94;1.89;1.93;1658497;18644112.000
07/30/2004;1.93;1.94;1.85;1.85;1640221;18248038.000
08/02/2004;1.84;1.86;1.77;1.81;1288288;13968493.000
08/03/2004;1.80;1.84;1.75;1.77;1128556;12126158.000
08/04/2004;1.75;1.96;1.71;1.90;2933296;32135940.000
08/05/2004;1.88;1.90;1.80;1.81;1241687;13638511.000
08/06/2004;1.81;1.84;1.78;1.80;666060;7202915.000
08/09/2004;1.80;1.84;1.77;1.82;754642;8220197.000
08/10/2004;1.80;1.86;1.79;1.83;753245;8201701.000
08/11/2004;1.83;1.89;1.81;1.84;1143221;12585467.000
08/12/2004;1.83;1.84;1.79;1.82;648323;7052722.000
08/13/2004;1.82;1.86;1.80;1.85;1243747;13644179.000
08/16/2004;1.84;1.92;1.84;1.92;1360843;15125857.000
08/17/2004;1.92;1.93;1.88;1.90;1205469;13525647.000
08/18/2004;1.89;1.91;1.80;1.81;1244558;13741939.000
08/19/2004;1.80;1.85;1.79;1.84;1993961;21583268.000
08/23/2004;1.80;1.80;1.54;1.58;6617672;66452940.000
08/24/2004;1.58;1.67;1.55;1.66;2080635;21219670.000
08/25/2004;1.66;1.66;1.61;1.64;891212;9102410.000
08/26/2004;1.64;1.71;1.63;1.67;871526;9007501.000
08/27/2004;1.67;1.67;1.64;1.65;448925;4594093.000
08/30/2004;1.66;1.66;1.61;1.63;823328;8381360.000
08/31/2004;1.69;1.76;1.67;1.69;1511859;15741877.000
09/01/2004;1.64;1.71;1.64;1.69;859509;8879875.000
09/02/2004;1.68;1.69;1.66;1.68;392841;4059703.000
09/03/2004;1.70;1.72;1.66;1.67;314207;3253995.000
09/06/2004;1.67;1.67;1.64;1.66;296751;3046798.000
09/07/2004;1.66;1.66;1.57;1.62;713886;7227516.000
09/08/2004;1.62;1.64;1.61;1.62;394952;4015673.000
09/09/2004;1.62;1.62;1.57;1.58;1363720;13694054.000
09/10/2004;1.58;1.63;1.57;1.62;481902;4843935.000
09/13/2004;1.64;1.64;1.57;1.58;764950;7669859.000
09/14/2004;1.57;1.67;1.57;1.66;1630670;16714395.000
09/15/2004;1.62;1.82;1.62;1.78;2445005;26108596.000
09/16/2004;1.80;1.80;1.73;1.78;2069676;22052692.000
09/17/2004;1.78;1.95;1.74;1.94;4294432;47338144.000
09/20/2004;1.97;2.08;1.96;2.05;6764059;78315592.000
09/21/2004;2.05;2.07;1.92;2.00;4198100;48412748.000
09/22/2004;1.99;1.99;1.91;1.94;2627868;29764378.000
09/23/2004;1.94;2.25;1.93;2.21;6750298;80039520.000
09/24/2004;2.23;2.40;2.12;2.13;10388399;130714192.000
09/27/2004;2.18;2.28;2.13;2.16;4828074;58853944.000
09/28/2004;2.21;2.35;2.17;2.33;4819735;60693512.000
09/29/2004;2.35;2.42;2.33;2.35;4604878;59433208.000
09/30/2004;2.35;2.39;2.28;2.33;2666726;33885944.000
10/08/2004;2.33;2.48;2.25;2.46;3235713;41528428.000
10/11/2004;2.47;2.53;2.43;2.45;4068900;54137364.000
10/12/2004;2.42;2.48;2.31;2.33;2753351;35503460.000
10/13/2004;2.32;2.35;2.23;2.28;2269573;28457148.000
10/14/2004;2.28;2.28;2.04;2.06;3355243;40079960.000
10/15/2004;2.03;2.07;1.91;2.01;3814110;43523232.000
10/18/2004;2.03;2.07;1.94;2.03;1335933;15475387.000
10/19/2004;2.06;2.23;2.04;2.09;2951541;35277628.000
10/20/2004;2.09;2.17;2.01;2.16;1162446;13740592.000
10/21/2004;2.14;2.22;2.13;2.18;2811201;34356456.000
10/22/2004;2.21;2.29;2.16;2.29;2886858;35889660.000
10/25/2004;2.32;2.39;2.20;2.29;2998826;37860420.000
10/26/2004;2.24;2.24;2.02;2.16;5275547;63009368.000
10/27/2004;2.13;2.29;2.13;2.29;3671504;45069928.000
10/28/2004;2.34;2.35;2.22;2.22;3084480;38528980.000
10/29/2004;2.16;2.20;2.08;2.13;3699468;44629684.000
11/01/2004;2.10;2.18;2.10;2.14;1151957;13846703.000
11/02/2004;2.13;2.15;2.05;2.07;1414737;16778964.000
11/03/2004;2.05;2.12;2.00;2.07;2610263;30512580.000
11/04/2004;2.08;2.09;1.96;1.98;1867586;21714148.000
11/05/2004;1.98;2.02;1.95;1.97;1568150;17917178.000
11/08/2004;1.97;2.10;1.94;2.08;1177063;13583479.000
11/09/2004;2.07;2.08;2.02;2.04;1022587;11998943.000
11/10/2004;2.04;2.20;2.04;2.18;2982832;36118756.000
11/11/2004;2.20;2.24;2.16;2.16;2550359;31212624.000
11/12/2004;2.16;2.21;2.13;2.16;2131082;25892472.000
11/15/2004;2.18;2.21;2.11;2.15;2151654;25968564.000
11/16/2004;2.18;2.21;2.12;2.14;1618411;19523232.000
11/17/2004;2.14;2.20;2.12;2.16;2515333;30342354.000
11/18/2004;2.16;2.27;2.14;2.25;7887459;96871672.000
11/19/2004;2.25;2.26;2.18;2.21;3597787;44402460.000
11/22/2004;2.21;2.23;2.12;2.12;3558326;43194884.000
11/23/2004;2.10;2.10;2.02;2.02;4873067;57074480.000
11/24/2004;2.02;2.07;2.01;2.02;2281401;26572292.000
11/25/2004;2.02;2.06;1.97;2.02;3383157;39108052.000
11/26/2004;2.02;2.07;2.01;2.04;889614;10382890.000
11/29/2004;2.05;2.06;2.01;2.03;720797;8381543.000
11/30/2004;2.03;2.09;2.02;2.08;1155797;13544954.000
12/01/2004;2.07;2.11;2.05;2.09;953300;11266805.000
12/02/2004;2.07;2.15;2.06;2.12;2181826;26124354.000
12/03/2004;2.13;2.15;2.07;2.10;1229547;14623329.000
12/06/2004;2.10;2.10;2.07;2.09;681830;8059196.000
12/07/2004;2.09;2.11;2.03;2.04;638250;7496669.000
12/08/2004;2.05;2.08;2.02;2.02;902621;10560031.000
12/09/2004;2.02;2.13;1.98;2.07;1341467;15686051.000
12/10/2004;2.06;2.12;2.05;2.09;1741860;20734764.000
12/13/2004;2.10;2.10;2.03;2.07;1093209;12841703.000
12/14/2004;2.05;2.08;2.04;2.06;547580;6422336.000
12/15/2004;2.07;2.18;2.06;2.17;2959039;35629752.000
12/16/2004;2.17;2.22;2.13;2.14;1992790;24293764.000
12/17/2004;2.13;2.14;2.07;2.07;1042859;12375018.000
12/20/2004;2.06;2.07;1.98;2.00;1420775;16481128.000
12/21/2004;1.99;2.04;1.98;1.99;1069067;12371886.000
12/22/2004;1.99;2.05;1.96;2.02;1565340;18102872.000
12/23/2004;2.03;2.05;1.99;2.01;627849;7270724.000
12/24/2004;2.00;2.02;1.98;1.98;597211;6876678.000
12/27/2004;1.98;1.98;1.83;1.84;2551830;28235988.000
12/28/2004;1.84;1.92;1.83;1.90;888000;9858712.000
12/29/2004;1.90;1.96;1.90;1.92;985090;11120770.000
12/30/2004;1.92;1.93;1.88;1.89;944081;10544780.000
12/31/2004;1.91;1.96;1.90;1.94;674980;7611319.000
01/04/2005;1.90;1.93;1.84;1.85;597405;6618962.000
01/05/2005;1.85;1.90;1.84;1.88;585039;6445706.000
01/06/2005;1.88;1.88;1.63;1.66;3189030;33336896.000
01/07/2005;1.66;1.66;1.54;1.61;3480038;35007536.000
01/10/2005;1.59;1.66;1.59;1.64;708360;7212067.000
01/11/2005;1.64;1.64;1.57;1.58;1921733;19261562.000
01/12/2005;1.57;1.64;1.57;1.63;1888374;18979276.000
01/13/2005;1.64;1.72;1.58;1.71;2765096;28365294.000
01/14/2005;1.82;1.83;1.74;1.75;7063669;76045088.000
01/17/2005;1.72;1.79;1.66;1.78;2365657;24972656.000
01/18/2005;1.78;1.79;1.68;1.74;1535808;16169838.000
01/19/2005;1.75;1.75;1.69;1.70;537595;5624401.000
01/20/2005;1.69;1.69;1.62;1.64;943067;9663791.000
01/21/2005;1.64;1.76;1.61;1.71;2412458;25145326.000
01/24/2005;1.80;1.82;1.75;1.78;2443079;26183692.000
01/25/2005;1.77;1.80;1.69;1.79;1798621;19127228.000
01/26/2005;1.79;1.84;1.76;1.78;2539987;27492172.000
01/27/2005;1.77;1.78;1.73;1.73;1108331;11762389.000
01/28/2005;1.72;1.74;1.69;1.70;672165;7042930.000
01/31/2005;1.61;1.71;1.61;1.69;529050;5478176.000
02/01/2005;1.69;1.75;1.68;1.73;1789686;18820488.000
02/02/2005;1.76;1.91;1.73;1.89;3520633;38401760.000
02/03/2005;1.89;1.90;1.81;1.85;2891759;31872300.000
02/04/2005;1.84;1.97;1.83;1.95;3409607;38407176.000
02/16/2005;1.98;2.06;1.96;1.99;2646989;30650184.000
02/17/2005;1.98;1.99;1.93;1.95;1487692;16869064.000
02/18/2005;1.94;1.98;1.92;1.92;1411186;16007546.000
02/21/2005;1.92;2.01;1.92;2.00;1834364;21066100.000
02/22/2005;2.22;2.22;2.06;2.17;8388731;100943432.000
02/23/2005;2.17;2.18;2.13;2.16;2891397;34931508.000
02/24/2005;2.16;2.25;2.12;2.24;2656943;32491000.000
02/25/2005;2.25;2.34;2.20;2.21;3843636;48234416.000
02/28/2005;2.20;2.29;2.18;2.25;3507464;43628288.000
03/01/2005;2.25;2.27;2.21;2.24;1761691;21793144.000
03/02/2005;2.21;2.28;2.05;2.13;2676941;32592524.000
03/03/2005;2.13;2.23;2.10;2.21;1689103;20467672.000
03/04/2005;2.15;2.26;2.15;2.23;2539356;31351526.000
03/07/2005;2.17;2.31;2.17;2.31;4533825;56959784.000
03/08/2005;2.32;2.58;2.30;2.52;14178463;187331888.000
03/09/2005;2.54;2.73;2.54;2.60;9256094;127895456.000
03/10/2005;2.60;2.66;2.50;2.53;7505501;102424000.000
03/15/2005;2.73;2.86;2.65;2.77;13308502;191296736.000
03/16/2005;2.76;2.92;2.69;2.88;7623524;109770912.000
03/17/2005;2.88;2.89;2.73;2.75;5292464;76617840.000
03/18/2005;2.73;2.78;2.60;2.63;3654522;51061444.000
03/21/2005;2.60;2.98;2.60;2.95;8815330;129295384.000
03/22/2005;2.95;3.06;2.90;3.00;7322384;110863192.000
03/23/2005;2.95;3.01;2.82;2.82;6000550;89096496.000
03/24/2005;2.79;2.81;2.62;2.76;6688721;94501688.000
03/25/2005;2.73;2.77;2.68;2.74;2084739;29510100.000
03/28/2005;2.73;2.86;2.69;2.82;3074026;44355728.000
03/29/2005;2.83;2.94;2.81;2.82;5077605;74940104.000
03/30/2005;2.79;2.79;2.66;2.75;4054677;57189352.000
03/31/2005;2.71;2.82;2.68;2.79;1945056;27742064.000
04/01/2005;2.79;3.19;2.78;3.16;10951854;167276896.000
04/04/2005;3.12;3.16;3.00;3.08;6873174;106414792.000
04/05/2005;3.04;3.25;3.04;3.12;5258905;82393104.000
04/06/2005;3.11;3.41;3.11;3.34;6357029;102964784.000
04/07/2005;3.36;3.42;3.25;3.28;6024137;98584552.000
04/08/2005;3.25;3.38;3.25;3.32;3417732;55976508.000
04/11/2005;3.31;3.31;3.11;3.20;3879568;61514368.000
04/12/2005;3.19;3.22;3.12;3.20;2219409;34989488.000
04/13/2005;3.31;3.39;3.17;3.22;4827419;77928336.000
04/14/2005;3.22;3.28;3.12;3.14;3791343;59529768.000
04/15/2005;3.09;3.29;3.08;3.20;3299316;52697252.000
04/18/2005;3.18;3.29;3.17;3.29;1908258;30573940.000
04/19/2005;3.30;3.30;3.11;3.14;3860088;60664480.000
04/20/2005;3.11;3.12;2.92;2.98;6176924;93419792.000
04/21/2005;2.98;3.18;2.95;3.15;3587510;55700608.000
04/25/2005;3.22;3.22;3.09;3.14;3504896;55288484.000
04/26/2005;3.14;3.17;2.95;3.01;5323607;81322384.000
04/27/2005;3.01;3.09;3.01;3.04;2988925;45784800.000
04/28/2005;3.04;3.10;2.94;3.05;3624574;55159000.000
04/29/2005;3.04;3.07;2.72;2.76;7928418;115620896.000
05/09/2005;2.78;2.82;2.57;2.65;3593046;49916432.000
05/10/2005;2.64;2.74;2.60;2.70;3089609;43317720.000
05/11/2005;2.70;2.71;2.41;2.48;4634300;62580372.000
05/12/2005;2.41;2.53;2.40;2.48;2769415;36742052.000
05/13/2005;2.48;2.59;2.48;2.52;4137585;55677980.000
05/16/2005;2.61;2.61;2.36;2.46;1856173;17148708.000
05/17/2005;2.45;2.55;2.40;2.48;2596260;24175456.000
05/18/2005;2.48;2.53;2.27;2.34;5179015;46292488.000
05/19/2005;2.33;2.33;2.10;2.22;7372118;62992856.000
05/20/2005;2.19;2.27;2.13;2.20;3889412;33339976.000
05/23/2005;2.18;2.28;2.15;2.20;4612058;39518736.000
05/24/2005;2.22;2.27;2.15;2.24;3458788;29664118.000
05/25/2005;2.25;2.27;2.18;2.23;1764251;15194304.000
05/26/2005;2.20;2.27;2.09;2.09;3463786;29302688.000
05/27/2005;2.05;2.17;2.03;2.07;2727392;22567856.000
05/30/2005;2.06;2.12;1.97;2.07;2578595;20852452.000
05/31/2005;2.07;2.10;2.02;2.07;1898571;15527615.000
06/01/2005;2.07;2.07;1.80;1.84;6103756;47908436.000
06/02/2005;1.80;1.83;1.64;1.67;8024493;58022256.000
06/03/2005;1.65;1.91;1.60;1.88;9669030;71345056.000
06/06/2005;1.84;2.15;1.81;2.10;12523366;100606448.000
06/07/2005;2.10;2.22;2.02;2.05;15953488;131997712.000
06/08/2005;2.03;2.36;2.02;2.36;16904339;147600000.000
06/09/2005;2.37;2.52;2.32;2.41;24028606;218225808.000
06/10/2005;2.41;2.41;2.24;2.27;8695520;76521744.000
06/13/2005;2.27;2.32;2.11;2.14;9650127;82148048.000
06/14/2005;2.15;2.23;2.13;2.14;6924054;58784400.000
06/15/2005;2.12;2.12;1.95;1.97;7487375;60070944.000
06/16/2005;1.96;1.99;1.86;1.93;8687457;67642376.000
06/17/2005;1.95;1.97;1.66;1.73;15099084;111626520.000
06/20/2005;1.72;2.01;1.62;2.01;13108221;99853784.000
06/21/2005;2.02;2.03;1.90;1.91;11256380;89104464.000
06/22/2005;1.90;2.02;1.84;1.98;8194763;65164992.000
06/23/2005;1.97;2.17;1.95;2.07;10878123;89426256.000
06/24/2005;2.05;2.11;2.03;2.05;6812430;55790660.000
06/27/2005;2.10;2.24;2.10;2.21;11325230;96359088.000
06/28/2005;2.18;2.18;2.10;2.10;6218235;51892684.000
06/29/2005;2.09;2.13;2.05;2.09;3576085;29428048.000
06/30/2005;2.06;2.08;1.86;1.88;8218154;64791392.000
07/01/2005;1.88;1.93;1.78;1.91;5584482;42638384.000
07/04/2005;1.89;2.02;1.85;2.02;5368962;42416448.000
07/05/2005;2.02;2.03;1.93;1.96;3615994;28814668.000
07/06/2005;1.97;2.05;1.95;1.98;4731753;37972100.000
07/07/2005;1.98;2.02;1.88;1.91;3556003;27911442.000
07/08/2005;1.89;1.89;1.82;1.83;2939082;22376308.000
07/11/2005;1.88;1.95;1.67;1.70;5724209;42733760.000
07/12/2005;1.70;1.86;1.70;1.85;7677370;57475944.000
07/13/2005;1.83;1.85;1.77;1.79;3154128;23633116.000
07/14/2005;1.77;1.84;1.75;1.80;2293011;17189118.000
07/15/2005;1.99;1.99;1.84;1.89;8230729;63658244.000
07/18/2005;1.88;1.95;1.84;1.86;5055082;39217616.000
07/19/2005;1.83;1.92;1.81;1.91;4394896;33968528.000
07/20/2005;1.92;1.96;1.86;1.91;3924307;30677824.000
07/21/2005;1.91;1.93;1.82;1.88;3985382;30593930.000
07/22/2005;1.88;1.88;1.70;1.79;11232629;83431904.000
07/25/2005;1.76;1.76;1.67;1.69;5613683;40762664.000
07/26/2005;1.69;1.82;1.69;1.80;6769341;50382012.000
07/27/2005;1.79;1.93;1.77;1.93;9320069;71487856.000
07/28/2005;1.93;2.04;1.90;1.94;10257297;81638832.000
07/29/2005;1.94;1.98;1.90;1.93;4990681;39201952.000
08/01/2005;1.93;2.02;1.93;2.01;5675665;45314808.000
08/02/2005;2.01;2.05;1.97;2.04;5136622;41243744.000
08/03/2005;2.05;2.10;2.01;2.04;10838543;88460040.000
08/04/2005;2.02;2.02;1.95;1.95;6258291;49788060.000
08/05/2005;1.95;2.08;1.94;2.06;6790094;55205792.000
08/08/2005;2.09;2.17;2.07;2.11;9374658;77898752.000
08/09/2005;2.11;2.22;2.09;2.21;8728570;73651400.000
08/10/2005;2.22;2.23;2.13;2.22;9481960;80667632.000
08/11/2005;2.22;2.46;2.20;2.42;15680140;140421296.000
08/12/2005;2.42;2.56;2.38;2.42;14983499;137999840.000
08/15/2005;2.42;2.50;2.40;2.50;7015914;64866852.000
08/16/2005;2.50;2.53;2.34;2.40;9995104;90987824.000
08/17/2005;2.35;2.43;2.35;2.40;7209195;65099444.000
08/18/2005;2.40;2.47;2.25;2.25;10098165;89884768.000
08/19/2005;2.25;2.29;2.13;2.24;6816022;58529748.000
08/22/2005;2.24;2.36;2.24;2.33;4405324;38841220.000
08/23/2005;2.36;2.45;2.35;2.41;7230689;65493448.000
08/24/2005;2.41;2.46;2.36;2.42;6229197;56648720.000
08/25/2005;2.42;2.43;2.34;2.38;3616827;32546540.000
08/26/2005;2.38;2.42;2.30;2.33;3364729;29917908.000
08/29/2005;2.33;2.35;2.19;2.20;5113569;44126468.000
08/30/2005;2.18;2.25;2.15;2.18;3247647;27597336.000
08/31/2005;2.18;2.28;2.16;2.28;3976474;34321400.000
09/01/2005;2.28;2.38;2.24;2.38;5106275;45355352.000
09/02/2005;2.38;2.41;2.34;2.36;3661782;32812548.000
09/05/2005;2.36;2.40;2.34;2.37;2919860;26193998.000
09/06/2005;2.38;2.53;2.38;2.42;14067270;129416120.000
09/07/2005;2.41;2.50;2.38;2.48;9162634;84458672.000
09/08/2005;2.49;2.54;2.42;2.43;7844988;72578176.000
09/09/2005;2.43;2.46;2.34;2.37;6105490;55243016.000
09/12/2005;2.37;2.42;2.35;2.39;3223636;29078624.000
09/13/2005;2.42;2.50;2.38;2.50;5443935;50043788.000
09/14/2005;2.50;2.52;2.47;2.50;5458657;50853392.000
09/15/2005;2.50;2.52;2.45;2.49;5156804;47789328.000
09/16/2005;2.49;2.55;2.48;2.52;4990155;46859928.000
09/19/2005;2.52;2.61;2.50;2.58;6083403;57917068.000
09/20/2005;2.60;2.60;2.45;2.47;6874888;64001708.000
09/21/2005;2.47;2.47;2.37;2.39;6741319;61037932.000
09/23/2005;2.31;2.36;2.27;2.27;4938824;43489152.000
09/26/2005;2.27;2.32;2.26;2.32;1739996;15287136.000
09/27/2005;2.32;2.35;2.26;2.27;3025896;26735098.000
09/28/2005;2.30;2.33;2.27;2.30;2269818;19987784.000
09/29/2005;2.34;2.39;2.29;2.37;4697888;41948288.000
09/30/2005;2.37;2.43;2.36;2.40;4238234;38378524.000
10/10/2005;2.43;2.43;2.34;2.37;1192989;10325691.000
10/11/2005;2.36;2.42;2.34;2.41;1830808;15897768.000
10/12/2005;2.41;2.43;2.38;2.40;4425940;38618756.000
10/13/2005;2.40;2.42;2.34;2.35;4172296;36168828.000
10/14/2005;2.35;2.40;2.30;2.30;3367508;28819784.000
10/17/2005;2.29;2.30;2.13;2.18;6439893;52867908.000
10/18/2005;2.17;2.24;2.17;2.22;4335724;35543904.000
10/19/2005;2.23;2.24;2.13;2.15;3713596;30288660.000
10/20/2005;2.13;2.22;2.13;2.20;4103908;33297192.000
10/21/2005;2.21;2.32;2.19;2.27;3651512;30462648.000
11/03/2005;2.21;2.22;2.03;2.09;4744115;37754576.000
11/04/2005;2.07;2.10;2.03;2.08;2580126;20239972.000
11/07/2005;2.09;2.10;2.01;2.04;2208607;17156748.000
11/08/2005;2.05;2.05;1.93;1.97;4618349;34986656.000
11/09/2005;1.97;2.00;1.94;1.98;3740670;28490528.000
11/10/2005;1.97;2.02;1.95;1.95;3664378;28002348.000
11/11/2005;1.95;1.98;1.94;1.97;1762622;13363398.000
11/14/2005;1.97;1.98;1.86;1.88;3642989;27180974.000
11/15/2005;1.89;1.91;1.82;1.86;4844380;35267356.000
12/09/2005;1.99;2.10;1.89;2.07;20499001;121852120.000
12/12/2005;2.08;2.21;2.08;2.14;17990082;111211376.000
12/13/2005;2.14;2.15;2.09;2.14;7462748;45775544.000
12/14/2005;2.15;2.16;2.12;2.14;7901108;48814008.000
12/15/2005;2.14;2.19;2.11;2.12;8752677;54272508.000
12/16/2005;2.12;2.13;2.10;2.13;9242868;56484176.000
12/19/2005;2.13;2.13;2.05;2.09;9431590;57208144.000
12/20/2005;2.09;2.11;2.07;2.10;4511000;27391310.000
12/21/2005;2.10;2.18;2.10;2.16;10806366;67130520.000
12/22/2005;2.16;2.19;2.15;2.19;8798765;54873292.000
12/23/2005;2.20;2.30;2.20;2.29;16011367;102905112.000
12/26/2005;2.33;2.43;2.31;2.35;21813783;144464144.000
12/27/2005;2.35;2.38;2.31;2.34;9671124;63520724.000
12/28/2005;2.34;2.36;2.32;2.35;4507060;29656172.000
12/29/2005;2.35;2.41;2.35;2.40;12187891;81340024.000
12/30/2005;2.42;2.43;2.30;2.33;11619584;76769760.000
01/04/2006;2.32;2.43;2.32;2.38;11293670;75459072.000
01/05/2006;2.39;2.42;2.36;2.38;14730654;98215000.000
01/06/2006;2.39;2.48;2.39;2.42;12923046;87415536.000
01/09/2006;2.42;2.51;2.40;2.48;12813242;87368552.000
01/10/2006;2.48;2.54;2.45;2.52;10480394;72283496.000
01/11/2006;2.51;2.51;2.40;2.41;12253587;83447832.000
01/12/2006;2.40;2.45;2.34;2.43;12548204;83787392.000
01/13/2006;2.43;2.45;2.36;2.38;8129712;54351032.000
01/16/2006;2.38;2.40;2.31;2.32;6319184;41759768.000
01/17/2006;2.30;2.35;2.29;2.33;4886620;31919292.000
01/18/2006;2.33;2.45;2.32;2.44;9115483;61206496.000
01/19/2006;2.44;2.45;2.38;2.43;7843562;52799016.000
01/20/2006;2.43;2.49;2.41;2.44;8825207;60135260.000
01/24/2006;2.44;2.58;2.43;2.52;15803196;109784816.000
01/25/2006;2.52;2.57;2.48;2.53;9590775;66451268.000
02/06/2006;2.53;2.58;2.49;2.58;12094241;84370344.000
02/07/2006;2.56;2.67;2.52;2.58;15899735;113102688.000
02/08/2006;2.58;2.65;2.54;2.65;12372310;87652456.000
02/09/2006;2.66;2.67;2.54;2.56;10456620;74413752.000
02/10/2006;2.55;2.63;2.53;2.61;9448226;66747024.000
02/13/2006;2.62;2.74;2.62;2.73;19669186;143352384.000
02/14/2006;2.74;2.82;2.71;2.73;14336066;106402280.000
02/15/2006;2.73;2.77;2.69;2.70;10633501;78042848.000
02/16/2006;2.69;2.72;2.56;2.57;12294650;87506344.000
02/17/2006;2.55;2.61;2.51;2.56;8377134;58879836.000
02/20/2006;2.55;2.59;2.54;2.55;5944623;41760244.000
02/21/2006;2.55;2.60;2.43;2.59;9470157;65392416.000
02/22/2006;2.59;2.68;2.53;2.61;10245262;73026848.000
02/23/2006;2.62;2.64;2.56;2.60;6699033;47590628.000
02/24/2006;2.60;2.63;2.58;2.62;5232603;37193532.000
02/27/2006;2.62;2.64;2.56;2.57;5846120;41542020.000
02/28/2006;2.56;2.56;2.48;2.53;7333454;50679180.000
03/01/2006;2.53;2.61;2.53;2.60;5944124;41826628.000
03/02/2006;2.58;2.61;2.48;2.51;7053078;49321320.000
03/03/2006;2.50;2.52;2.43;2.46;7363649;50235100.000
03/06/2006;2.47;2.54;2.46;2.48;4234813;29238570.000
03/07/2006;2.49;2.50;2.36;2.37;5978892;40108676.000
03/08/2006;2.36;2.39;2.34;2.38;4981013;32989728.000
03/09/2006;2.38;2.40;2.35;2.39;5366107;35731260.000
03/10/2006;2.38;2.50;2.38;2.49;8996664;61372120.000
03/13/2006;2.54;2.58;2.51;2.56;14354660;100443440.000
03/14/2006;2.55;2.56;2.49;2.53;5071097;35160488.000
03/15/2006;2.55;2.56;2.51;2.55;4814547;33619556.000
03/16/2006;2.55;2.62;2.55;2.58;7614249;53903124.000
03/17/2006;2.58;2.61;2.53;2.55;5352193;37578464.000
03/20/2006;2.56;2.63;2.54;2.63;7341104;52020472.000
03/21/2006;2.64;2.64;2.59;2.60;7681089;54728636.000
03/22/2006;2.60;2.65;2.58;2.65;8467317;60424952.000
03/23/2006;2.65;2.79;2.56;2.59;17830814;127379184.000
03/24/2006;2.59;2.60;2.50;2.51;14410628;100143688.000
03/27/2006;2.49;2.52;2.44;2.52;8226360;56335872.000
03/28/2006;2.52;2.55;2.49;2.51;6123834;42440488.000
03/29/2006;2.50;2.54;2.49;2.51;8679645;60114208.000
03/30/2006;2.51;2.51;2.42;2.42;10469261;71447664.000
03/31/2006;2.42;2.48;2.41;2.47;5723301;38810284.000
04/03/2006;2.47;2.50;2.43;2.50;10086804;68966376.000
04/04/2006;2.50;2.59;2.50;2.57;15420512;108217384.000
04/05/2006;2.57;2.63;2.53;2.61;15316331;107767728.000
04/06/2006;2.61;2.62;2.56;2.56;11557918;81503560.000
04/07/2006;2.55;2.56;2.46;2.51;11287440;77899184.000
04/10/2006;2.50;2.59;2.47;2.58;11945369;83201768.000
04/11/2006;2.59;2.67;2.57;2.64;22904036;163862208.000
04/12/2006;2.65;2.66;2.60;2.60;11793144;84137800.000
04/13/2006;2.58;2.63;2.47;2.47;10442524;72952552.000
04/14/2006;2.47;2.53;2.46;2.53;7771715;53586484.000
04/17/2006;2.53;2.78;2.51;2.70;31318717;227598352.000
04/18/2006;2.70;2.75;2.64;2.65;17070212;124082536.000
04/19/2006;2.64;2.69;2.60;2.68;14958372;107826960.000
04/20/2006;2.68;2.69;2.56;2.60;13531293;96348832.000
04/21/2006;2.59;2.72;2.58;2.68;16668285;120274480.000
04/24/2006;2.68;2.80;2.67;2.76;29438221;217592160.000
04/26/2006;2.70;2.70;2.39;2.44;41375590;284106656.000
04/27/2006;2.43;2.43;2.32;2.34;19569541;129498272.000
04/28/2006;2.33;2.34;2.24;2.30;15529990;100095328.000
05/08/2006;2.30;2.39;2.28;2.37;14477763;95597856.000
05/09/2006;2.37;2.59;2.37;2.50;26228694;178969904.000
05/10/2006;2.50;2.58;2.44;2.54;22627044;155920336.000
05/11/2006;2.53;2.64;2.45;2.46;27882991;195341696.000
05/12/2006;2.45;2.52;2.42;2.50;20139823;137822080.000
05/15/2006;2.52;2.64;2.49;2.63;35066365;246992656.000
05/16/2006;2.64;2.69;2.53;2.54;28807849;205058896.000
05/17/2006;2.54;2.69;2.50;2.68;30680854;218060096.000
05/18/2006;2.66;2.74;2.60;2.66;21951414;158837536.000
05/19/2006;2.66;2.74;2.65;2.70;24378931;178164784.000
05/22/2006;2.70;2.96;2.70;2.90;34496935;264572640.000
05/23/2006;2.88;2.88;2.64;2.64;26128431;193806720.000
05/24/2006;2.64;2.74;2.39;2.50;19804118;138835312.000
05/25/2006;2.50;2.60;2.45;2.58;8978955;62277276.000
05/26/2006;2.59;2.65;2.56;2.62;10071449;71637632.000
05/29/2006;2.63;2.69;2.58;2.68;13059122;93990104.000
05/30/2006;2.68;2.74;2.65;2.67;13557530;98577328.000
05/31/2006;2.67;2.67;2.56;2.57;13773341;97983736.000
06/01/2006;2.55;2.70;2.53;2.67;14711691;105495136.000
06/02/2006;2.68;2.73;2.63;2.65;16321377;118186168.000
06/05/2006;2.65;2.79;2.65;2.78;20719232;153136880.000
06/06/2006;2.76;2.90;2.73;2.74;20126125;151458096.000
06/07/2006;2.72;2.80;2.50;2.50;17121529;122904776.000
06/08/2006;2.49;2.58;2.46;2.57;11261271;78320848.000
06/09/2006;2.58;2.61;2.48;2.49;9145924;64036680.000
06/12/2006;2.49;2.55;2.46;2.49;5840548;40175760.000
06/13/2006;2.49;2.55;2.48;2.51;5519981;38187980.000
06/14/2006;2.51;2.53;2.43;2.46;5409181;36978560.000
06/15/2006;2.51;2.54;2.44;2.47;3940017;26203988.000
06/16/2006;2.47;2.56;2.47;2.55;5877442;39615676.000
06/19/2006;2.54;2.65;2.50;2.63;7101024;48729272.000
06/20/2006;2.65;2.69;2.61;2.63;6050859;42268504.000
06/21/2006;2.64;2.65;2.56;2.58;5825591;40026840.000
06/22/2006;2.58;2.58;2.51;2.54;4779682;32406612.000
06/23/2006;2.53;2.56;2.49;2.54;5014125;33776312.000
06/26/2006;2.57;2.63;2.56;2.61;7992019;55292328.000
06/27/2006;2.62;2.63;2.56;2.59;5097877;35008592.000
06/28/2006;2.58;2.59;2.53;2.56;4796406;32578312.000
06/29/2006;2.58;2.63;2.57;2.62;9650146;66776324.000
06/30/2006;2.64;2.66;2.59;2.61;8016522;55577420.000
07/03/2006;2.62;2.74;2.62;2.72;15525319;110122312.000
07/04/2006;2.74;2.75;2.65;2.68;11208900;79483216.000
07/05/2006;2.68;2.74;2.63;2.71;11585352;82102640.000
07/06/2006;2.72;2.87;2.71;2.83;25014854;183143200.000
07/07/2006;2.86;2.88;2.76;2.78;12119021;88323112.000
07/10/2006;2.78;2.78;2.69;2.72;8515030;60787352.000
07/11/2006;2.72;2.79;2.70;2.77;7500463;53881132.000
07/12/2006;2.76;2.76;2.68;2.68;8784445;62571144.000
07/13/2006;2.67;2.68;2.50;2.50;13683653;93867312.000
07/14/2006;2.47;2.59;2.46;2.55;8115718;55111776.000
07/17/2006;2.55;2.58;2.53;2.57;5502069;37488984.000
07/18/2006;2.57;2.57;2.51;2.55;4320138;29235088.000
07/19/2006;2.55;2.55;2.46;2.52;5225533;34926528.000
07/20/2006;2.50;2.54;2.50;2.54;3389403;22858560.000
07/21/2006;2.54;2.60;2.54;2.56;4876651;33346146.000
07/24/2006;2.54;2.60;2.47;2.59;4732958;32256276.000
07/25/2006;2.60;2.64;2.58;2.63;6507186;45054820.000
07/26/2006;2.64;2.64;2.56;2.58;4395497;30225628.000
07/27/2006;2.58;2.60;2.50;2.55;4445861;30203134.000
07/28/2006;2.54;2.58;2.50;2.55;5145964;34749768.000
07/31/2006;2.53;2.58;2.47;2.47;4536284;30447408.000
08/01/2006;2.47;2.50;2.39;2.40;5006767;32894280.000
08/02/2006;2.42;2.43;2.34;2.38;4949551;31925870.000
08/03/2006;2.40;2.41;2.35;2.37;3198159;20672640.000
08/04/2006;2.37;2.40;2.29;2.31;2950071;18932740.000
08/07/2006;2.30;2.33;2.24;2.27;3391998;21223074.000
08/08/2006;2.29;2.35;2.28;2.35;2822807;17891958.000
08/09/2006;2.35;2.36;2.31;2.32;2029865;12900363.000
08/10/2006;2.30;2.36;2.29;2.36;2749901;17500444.000
08/11/2006;2.36;2.37;2.33;2.34;1974782;12598605.000
08/14/2006;2.34;2.36;2.25;2.26;2901212;18252084.000
08/15/2006;2.25;2.29;2.24;2.28;2046010;12735334.000
08/16/2006;2.28;2.33;2.28;2.31;2509612;15825750.000
08/17/2006;2.30;2.39;2.28;2.35;5144536;32772520.000
08/18/2006;2.36;2.39;2.33;2.36;3838922;24642016.000
08/21/2006;2.24;2.38;2.23;2.38;3569841;22660652.000
08/22/2006;2.39;2.39;2.33;2.35;4023911;25719600.000
08/23/2006;2.36;2.36;2.28;2.30;3677712;23244366.000
08/24/2006;2.30;2.32;2.27;2.30;2611262;16408254.000
08/25/2006;2.30;2.32;2.28;2.30;2786776;17544394.000
08/28/2006;2.30;2.37;2.30;2.37;4544035;29035328.000
08/29/2006;2.38;2.39;2.35;2.38;6121848;39477924.000
08/30/2006;2.37;2.38;2.33;2.36;3156258;20236656.000
08/31/2006;2.37;2.38;2.32;2.34;4341445;27647796.000
09/01/2006;2.34;2.34;2.28;2.28;4485132;28201264.000
09/04/2006;2.28;2.32;2.27;2.31;3182457;20035216.000
09/05/2006;2.32;2.33;2.28;2.30;3771993;23682796.000
09/06/2006;2.29;2.31;2.28;2.31;2910766;18321836.000
09/07/2006;2.31;2.31;2.26;2.27;3587386;22398562.000
09/08/2006;2.26;2.28;2.25;2.26;2079799;12955788.000
09/11/2006;2.26;2.28;2.20;2.26;4179595;25807776.000
09/12/2006;2.26;2.36;2.24;2.33;6707513;42496152.000
09/13/2006;2.34;2.36;2.30;2.30;5718865;36442368.000
09/14/2006;2.31;2.32;2.26;2.29;2982244;18667076.000
09/15/2006;2.29;2.55;2.28;2.45;21118807;138734416.000
09/18/2006;2.46;2.59;2.41;2.57;19104886;128895912.000
09/19/2006;2.58;2.58;2.52;2.52;10725080;73030696.000
09/20/2006;2.50;2.57;2.50;2.52;6616206;44780156.000
09/21/2006;2.51;2.69;2.51;2.62;17468716;121958112.000
09/22/2006;2.63;2.63;2.54;2.55;7281148;49830764.000
09/25/2006;2.55;2.58;2.45;2.51;5681810;38232592.000
09/26/2006;2.51;2.57;2.48;2.54;3753176;25344980.000
09/27/2006;2.53;2.55;2.47;2.50;3128350;20924180.000
09/28/2006;2.51;2.53;2.48;2.51;3991071;26718288.000
09/29/2006;2.51;2.56;2.50;2.54;5219541;35313504.000
10/09/2006;2.60;2.73;2.58;2.70;18611185;130932656.000
10/10/2006;2.70;2.81;2.66;2.72;14304087;103363056.000
10/11/2006;2.74;2.77;2.64;2.69;5411704;38335164.000
10/12/2006;2.69;2.85;2.69;2.72;9796278;70936888.000
10/13/2006;2.71;2.74;2.68;2.72;3836851;27325046.000
10/16/2006;2.72;2.74;2.64;2.66;6172385;43723860.000
10/17/2006;2.66;2.71;2.63;2.66;3265698;23006142.000
10/18/2006;2.66;2.73;2.66;2.71;2825793;20052992.000
10/19/2006;2.71;2.72;2.66;2.67;3555157;25110246.000
10/20/2006;2.67;2.70;2.58;2.60;4446833;30906780.000
10/23/2006;2.59;2.63;2.55;2.58;5375300;37002136.000
10/24/2006;2.57;2.69;2.56;2.67;5200755;36465156.000
10/25/2006;2.68;2.70;2.60;2.68;6357603;44544156.000
10/26/2006;2.66;2.78;2.64;2.76;18402404;131945992.000
10/27/2006;2.78;2.84;2.72;2.81;23952237;174490608.000
10/30/2006;2.83;2.98;2.83;2.90;21585584;162262256.000
10/31/2006;2.91;3.17;2.91;3.15;29712281;232676272.000
11/01/2006;3.15;3.43;3.11;3.27;39262613;326729024.000
11/02/2006;3.30;3.39;3.20;3.32;23881049;197714336.000
11/03/2006;3.29;3.40;3.28;3.30;16352955;137571008.000
11/06/2006;3.26;3.38;3.23;3.32;10403573;86554752.000
11/07/2006;3.34;3.65;3.34;3.54;19747633;173443488.000
11/08/2006;3.55;3.56;3.42;3.44;9540734;82171424.000
11/09/2006;3.44;3.47;3.31;3.45;8677492;73810016.000
11/10/2006;3.50;3.54;3.26;3.28;11242667;94500056.000
11/13/2006;3.28;3.35;3.18;3.26;10270877;84258880.000
11/14/2006;3.24;3.40;3.20;3.39;8097844;66729828.000
11/15/2006;3.41;3.66;3.36;3.64;18034118;158703504.000
11/16/2006;3.67;3.98;3.63;3.65;24550882;230038192.000
11/17/2006;3.68;3.84;3.68;3.80;10736445;99031456.000
11/20/2006;3.84;3.94;3.73;3.81;9667243;89989984.000
11/21/2006;3.78;3.90;3.69;3.87;11462861;105940352.000
11/22/2006;3.84;3.98;3.73;3.80;10791426;101743232.000
11/23/2006;3.79;3.94;3.75;3.91;9433048;88542480.000
11/24/2006;3.85;3.93;3.76;3.86;6748906;63368880.000
11/27/2006;3.83;4.07;3.79;4.05;10331807;99464960.000
11/28/2006;4.00;4.05;3.85;3.92;10485968;100354160.000
11/29/2006;3.81;3.91;3.76;3.88;7520213;70464016.000
11/30/2006;3.90;4.02;3.86;3.95;7456482;71833560.000
12/01/2006;3.95;4.43;3.91;4.43;20869390;211966944.000
12/04/2006;4.45;4.60;4.34;4.39;17532481;186051152.000
12/05/2006;4.41;4.65;4.41;4.50;15009289;161809104.000
12/06/2006;4.45;4.60;4.11;4.49;17044953;176675024.000
12/07/2006;4.40;4.58;4.29;4.35;15094378;159901888.000
12/08/2006;4.19;4.35;3.99;4.00;12078595;121351120.000
12/11/2006;3.99;4.22;3.98;4.19;8340877;83248792.000
12/12/2006;4.30;4.30;4.04;4.20;9542949;95548712.000
12/13/2006;4.24;4.25;4.13;4.14;6024178;60456740.000
12/14/2006;4.14;4.25;4.14;4.20;11088614;111678424.000
12/15/2006;4.21;4.51;4.15;4.50;17529946;180410464.000
12/18/2006;4.49;4.64;4.34;4.61;24435570;257634144.000
12/19/2006;4.58;4.58;4.40;4.48;12373706;131907744.000
12/20/2006;4.43;4.59;4.35;4.49;10540419;111733848.000
12/21/2006;4.48;4.49;4.29;4.30;9802224;102556640.000
12/22/2006;4.23;4.32;4.13;4.21;11611448;117034424.000
12/25/2006;4.20;4.45;4.19;4.28;12209775;126282064.000
12/26/2006;4.28;4.35;4.08;4.13;10256376;103208296.000
12/27/2006;4.13;4.31;4.13;4.26;9664598;97872032.000
12/28/2006;4.31;4.45;4.26;4.41;12012560;125254288.000
12/29/2006;4.42;4.78;4.40;4.59;17878474;195358256.000
01/04/2007;4.68;4.80;4.58;4.60;18463662;204385296.000
01/05/2007;4.55;5.14;4.46;5.14;16405962;189005632.000
01/08/2007;5.20;5.74;5.15;5.74;21420882;277638816.000
01/09/2007;5.90;5.91;5.59;5.78;11329441;149920192.000
01/10/2007;5.75;6.29;5.63;6.19;14296108;193257984.000
01/11/2007;6.16;6.89;6.06;6.49;23218534;343744544.000
01/12/2007;6.50;7.05;6.34;6.75;15417029;233283408.000
01/15/2007;6.75;7.08;6.60;7.02;13588412;208105872.000
01/16/2007;7.09;7.15;6.75;7.02;10443790;162632992.000
01/17/2007;7.02;7.63;6.85;7.52;12331387;198515120.000
01/18/2007;7.40;7.74;7.25;7.72;13220554;222212752.000
01/19/2007;7.74;8.09;7.58;7.95;6604548;115535232.000
01/22/2007;7.96;8.04;7.80;7.97;7688332;135289792.000
01/23/2007;7.95;7.95;7.29;7.39;14363882;241621776.000
01/24/2007;7.30;7.94;7.10;7.53;13674832;226975296.000
01/25/2007;7.45;7.56;6.90;7.16;5751769;94524896.000
01/26/2007;6.92;7.60;6.55;7.48;11820223;190407680.000
01/29/2007;7.50;7.71;7.50;7.63;8765526;148305136.000
01/30/2007;7.63;7.69;7.43;7.65;8166115;137803168.000
01/31/2007;7.60;7.60;6.99;7.07;5387333;87777504.000
02/01/2007;6.93;7.15;6.83;6.93;5918331;92449648.000
02/02/2007;6.93;6.93;6.15;6.30;10939908;160380960.000
02/05/2007;6.20;6.27;5.92;6.01;6692460;92442672.000
02/06/2007;5.94;6.43;5.94;6.25;13188872;186674640.000
02/07/2007;6.41;6.90;6.41;6.55;13184861;197289280.000
02/08/2007;6.65;7.23;6.51;7.11;9970298;154315840.000
02/09/2007;7.00;7.34;6.94;7.07;9080985;144658768.000
02/13/2007;7.86;7.86;7.24;7.47;10850448;179894528.000
02/14/2007;7.51;8.05;7.37;7.98;11912393;206025424.000
02/15/2007;8.08;8.29;7.99;8.14;7851520;140992448.000
02/16/2007;8.27;8.89;8.14;8.54;7906714;147462352.000
02/26/2007;8.64;8.64;8.00;8.45;12549496;229074016.000
02/27/2007;8.40;8.40;7.52;7.52;11053619;191254960.000
02/28/2007;7.30;7.85;7.09;7.68;10879501;178768336.000
03/01/2007;7.60;7.60;6.96;7.10;7272625;117637648.000
03/02/2007;7.21;7.60;7.20;7.46;9615734;159081200.000
03/05/2007;7.53;7.60;6.97;7.16;7486203;121619352.000
03/06/2007;7.15;7.56;7.08;7.49;6644420;110264920.000
03/07/2007;7.49;7.95;7.49;7.82;8065542;139714320.000
03/08/2007;7.80;7.99;7.75;7.80;6774049;118266912.000
03/09/2007;7.80;7.89;7.47;7.81;6042162;103317952.000
03/12/2007;7.75;7.99;7.56;7.94;4229509;72805096.000
03/13/2007;7.95;8.49;7.95;8.39;10749911;197173264.000
03/14/2007;8.35;8.46;7.70;8.23;7774526;140308672.000
03/15/2007;8.25;8.51;8.25;8.45;7839132;145493184.000
03/16/2007;8.46;8.55;7.99;8.14;8510947;154876384.000
03/19/2007;7.66;8.19;7.60;8.09;5867984;103399024.000
03/20/2007;8.10;8.38;7.82;7.95;4774864;84687408.000
03/21/2007;8.05;8.25;8.05;8.14;5539641;99591568.000
03/22/2007;8.16;9.02;8.12;8.60;12265509;233127360.000
03/23/2007;8.66;8.70;8.16;8.52;7506014;139127504.000
03/26/2007;8.55;8.62;8.24;8.48;9595752;177198704.000
03/27/2007;8.53;8.53;8.20;8.31;11332057;207315200.000
03/28/2007;8.33;8.61;8.12;8.39;10911987;201000096.000
03/29/2007;8.40;8.40;8.07;8.10;10729288;193343968.000
03/30/2007;8.10;8.15;7.85;7.94;10588498;186595440.000
04/02/2007;7.90;8.10;7.89;8.08;8493796;150108384.000
04/03/2007;8.08;8.45;8.07;8.39;15573809;283851264.000
04/04/2007;8.44;8.49;8.09;8.16;13135843;239359024.000
04/05/2007;8.17;8.40;8.17;8.32;9170675;167773504.000
04/06/2007;8.29;8.67;8.24;8.59;16451523;310313984.000
04/09/2007;8.65;8.83;8.57;8.71;13341724;254841600.000
04/10/2007;8.75;8.81;8.22;8.56;12220044;228338272.000
04/11/2007;8.60;9.04;8.55;8.97;22398451;434952992.000
04/12/2007;9.02;9.10;8.74;8.98;15180575;294810560.000
04/13/2007;8.99;8.99;8.60;8.71;11110011;214832736.000
04/16/2007;8.71;9.09;8.67;8.98;12630235;247400752.000
04/17/2007;9.01;9.40;8.95;9.33;13555282;273051040.000
04/18/2007;9.35;10.03;9.15;9.71;12910290;271996192.000
04/19/2007;9.62;9.63;8.66;8.95;13060172;259466080.000
04/20/2007;9.13;9.64;9.12;9.56;11251532;232155616.000
04/23/2007;9.65;10.15;9.65;10.14;10853257;236355424.000
04/24/2007;10.26;10.32;9.96;10.09;10963678;240793824.000
04/25/2007;10.04;10.14;9.72;9.90;8191112;176492080.000
04/26/2007;10.05;10.25;9.75;10.22;9813314;213845600.000
04/27/2007;10.30;10.34;9.76;9.98;7092677;153133584.000
04/30/2007;9.70;10.09;9.65;9.81;9247607;196930976.000
05/08/2007;10.34;10.45;9.90;10.15;10107391;222394448.000
05/09/2007;10.15;10.30;9.15;10.21;15312295;329667936.000
05/10/2007;10.19;11.04;9.94;10.64;15696985;359453152.000
05/11/2007;10.50;10.64;10.07;10.32;10209866;227892272.000
05/14/2007;10.15;10.39;10.00;10.10;9033903;198845680.000
05/15/2007;10.10;10.40;10.05;10.05;10983991;242946816.000
05/16/2007;10.05;10.23;9.79;10.15;11236352;242806464.000
05/17/2007;10.15;10.55;10.05;10.48;14675667;330726240.000
05/18/2007;10.50;10.96;10.50;10.59;13804441;321026240.000
05/21/2007;10.23;11.73;10.17;11.72;15927311;376105216.000
05/22/2007;11.73;11.97;11.40;11.50;13665660;341760320.000
05/23/2007;11.51;12.14;11.51;11.96;11536702;294656032.000
05/24/2007;11.95;12.31;11.31;11.82;14028877;352585248.000
05/25/2007;11.65;11.72;11.40;11.54;8911645;220800736.000
05/28/2007;11.67;12.04;11.56;11.68;13944278;350847328.000
05/29/2007;11.96;12.45;11.95;12.14;16354577;426247232.000
05/30/2007;10.90;12.02;10.84;10.85;16863831;408634432.000
05/31/2007;10.65;11.50;9.81;10.99;14717930;338433728.000
06/01/2007;11.00;11.95;10.60;11.04;16351415;398689408.000
06/04/2007;10.83;10.99;9.85;9.85;13012468;285444736.000
06/05/2007;9.54;10.21;8.78;10.17;12433409;252479248.000
06/06/2007;10.19;10.40;9.65;10.08;11017276;240414112.000
06/07/2007;10.10;10.42;10.04;10.34;9386078;209176144.000
06/08/2007;10.36;10.56;10.17;10.42;8086918;182117888.000
06/11/2007;10.53;11.24;10.53;11.11;9479299;224749712.000
06/12/2007;11.16;11.57;10.75;11.44;11945633;290730272.000
06/14/2007;12.00;12.40;11.68;11.82;15757839;406889888.000
06/15/2007;11.64;12.21;11.55;11.85;7245392;184222016.000
06/18/2007;12.20;12.28;11.85;11.88;11003127;283696096.000
06/19/2007;11.77;11.95;11.35;11.79;12177522;301185536.000
06/20/2007;11.79;12.25;11.40;11.81;13885603;355893376.000
06/21/2007;11.72;12.77;11.72;12.44;16192564;427240704.000
06/22/2007;12.32;12.62;11.40;11.86;12570675;325831264.000
06/25/2007;11.90;12.10;10.66;10.90;7333396;180055360.000
06/26/2007;10.67;11.19;10.53;10.75;8409137;194921216.000
06/27/2007;10.85;11.64;10.85;11.37;12420202;301302016.000
06/28/2007;11.25;11.55;10.27;10.31;10287747;242443536.000
06/29/2007;10.01;10.29;9.71;10.09;12315555;269058944.000
07/02/2007;10.01;10.59;9.71;10.29;5520358;121907544.000
07/03/2007;10.37;10.54;10.00;10.39;2928613;65128148.000
07/04/2007;10.42;10.45;10.00;10.07;2344067;51794288.000
07/05/2007;9.89;9.90;9.21;9.41;4734841;98739536.000
07/06/2007;9.25;9.91;9.21;9.89;4254406;88426664.000
07/09/2007;10.15;10.57;10.15;10.43;4291833;96143968.000
07/10/2007;10.45;10.54;9.92;10.17;6079854;134546096.000
07/11/2007;10.09;10.36;10.01;10.11;3051733;66976612.000
07/12/2007;10.15;10.45;10.12;10.25;1928907;42941408.000
07/13/2007;10.39;10.43;10.17;10.37;2103076;47024760.000
07/16/2007;10.37;10.39;10.04;10.05;1654188;36420448.000
07/17/2007;10.07;10.21;9.89;10.16;1676361;36604312.000
07/18/2007;10.16;10.50;10.15;10.36;3361719;75250352.000
07/19/2007;10.39;10.40;10.09;10.10;2396499;52090060.000
07/20/2007;10.12;10.42;10.06;10.40;3842329;83748416.000
07/23/2007;10.36;11.07;10.35;11.05;10897209;249336528.000
07/24/2007;11.05;11.64;10.80;11.20;9531585;224577520.000
07/25/2007;11.09;11.47;11.05;11.41;6570440;157072032.000
07/26/2007;11.60;11.60;11.24;11.33;4832942;115809624.000
07/27/2007;11.31;11.55;11.10;11.32;5796730;138407040.000
07/30/2007;11.32;11.72;11.30;11.65;5556623;136057968.000
07/31/2007;11.59;12.10;11.46;11.99;7646808;191900896.000
08/01/2007;11.95;12.21;11.35;11.43;8079149;200534416.000
08/02/2007;11.44;12.00;11.44;11.98;8236092;205243216.000
08/03/2007;11.97;12.35;11.82;12.30;10758712;273097760.000
08/06/2007;12.50;13.59;12.50;13.49;19374324;541209024.000
08/17/2007;14.91;14.91;13.52;13.91;23603583;701247616.000
08/20/2007;14.26;14.62;14.19;14.40;9468398;285238656.000
08/21/2007;14.39;15.57;14.15;15.44;7294971;226775456.000
08/22/2007;15.00;15.85;14.95;15.45;6605369;212971104.000
08/23/2007;15.45;16.25;15.25;15.63;4212581;137698432.000
08/24/2007;15.62;15.89;15.35;15.51;7503316;244174368.000
08/27/2007;15.50;15.85;14.77;14.81;6057122;192760688.000
08/28/2007;14.85;15.00;14.60;14.84;4285128;132408544.000
08/29/2007;14.84;14.95;14.45;14.68;2837915;87190208.000
08/30/2007;14.68;15.51;14.68;15.41;2877940;91480256.000
08/31/2007;15.55;17.02;15.45;17.01;10758312;372135616.000
09/04/2007;18.30;18.78;17.85;18.73;15865952;608971456.000
09/05/2007;18.77;18.77;17.84;18.36;9283012;348032992.000
09/06/2007;18.50;19.31;17.85;18.80;9507477;372007712.000
09/07/2007;18.42;18.65;17.60;17.62;7290873;271471456.000
09/10/2007;17.30;18.15;16.75;18.02;4210718;151028176.000
09/11/2007;17.85;18.25;16.35;16.75;5023927;181514528.000
09/12/2007;16.84;17.27;16.15;16.82;4014817;137846688.000
09/13/2007;16.85;17.40;16.35;16.94;4145054;145682512.000
09/14/2007;16.89;17.84;16.70;17.66;4040230;144097824.000
09/17/2007;17.63;18.15;17.35;17.99;3492958;129068536.000
09/18/2007;18.10;18.34;17.10;17.29;2864389;104088592.000
09/19/2007;17.29;17.85;16.95;17.09;4376389;158017952.000
09/20/2007;17.18;18.60;17.05;18.29;7426601;274591136.000
09/21/2007;18.10;18.45;17.62;17.80;4862114;180071472.000
09/24/2007;17.70;18.10;17.15;17.74;2033810;74531712.000
09/25/2007;17.80;18.35;17.65;17.95;4007340;149558560.000
09/26/2007;17.95;18.20;16.85;17.05;3197644;115287488.000
09/27/2007;17.25;17.33;16.85;17.07;2292506;80849648.000
09/28/2007;17.10;18.34;17.10;17.89;5144545;190900432.000
10/08/2007;18.27;19.15;17.90;18.24;9974152;384226464.000
10/09/2007;18.05;18.45;17.75;17.85;5118136;191320368.000
10/10/2007;17.95;19.15;17.85;18.85;9100391;354489056.000
10/11/2007;18.72;20.65;18.35;20.15;7935027;324535104.000
10/12/2007;20.34;20.69;18.60;19.63;7466943;302409536.000
10/15/2007;19.85;21.60;19.35;21.06;6973830;297200544.000
10/16/2007;21.03;21.32;20.05;20.54;3278122;139579776.000
10/17/2007;20.40;20.85;19.65;19.79;3475049;144168016.000
10/18/2007;19.61;19.61;18.57;19.17;4139158;162222960.000
10/19/2007;18.92;19.74;18.75;19.21;5942197;236639504.000
10/22/2007;18.85;19.20;18.15;18.78;3411896;132337536.000
10/23/2007;18.35;18.90;18.15;18.77;1920869;74032912.000
10/24/2007;19.09;20.09;18.85;19.87;4597976;185826576.000
10/25/2007;19.87;20.15;18.40;18.74;7982616;318953312.000
10/26/2007;18.24;18.72;17.09;18.33;4500024;168500816.000
10/29/2007;18.00;18.74;17.66;18.41;2166391;81456000.000
10/30/2007;18.35;19.27;18.35;19.09;2609634;101755744.000
10/31/2007;19.50;20.00;18.75;18.92;3708057;146523872.000
11/01/2007;18.80;18.80;17.79;17.83;4269479;159921872.000
11/02/2007;17.35;17.70;16.35;16.90;3437121;121152128.000
11/05/2007;16.85;17.56;16.44;16.84;1917078;67616936.000
11/06/2007;16.86;17.18;16.19;16.35;2102722;72629536.000
11/07/2007;16.35;16.87;15.82;16.16;2420524;81647560.000
11/08/2007;16.20;16.30;15.15;15.79;4360955;141052208.000
11/09/2007;15.20;15.60;15.00;15.02;4433891;141719344.000
11/12/2007;14.60;15.60;13.76;15.46;4131058;125211680.000
11/13/2007;15.45;15.59;14.49;14.77;3250706;102006488.000
11/14/2007;15.10;15.72;14.85;15.69;2649698;84691552.000
11/15/2007;15.52;15.83;14.75;15.03;2687130;86334136.000
11/16/2007;14.79;14.79;14.05;14.54;4281320;127895672.000
11/19/2007;14.69;14.92;14.35;14.76;1291878;39603892.000
11/20/2007;14.74;15.52;14.55;15.31;3226165;101882736.000
11/21/2007;15.27;15.73;15.10;15.29;2069056;66639052.000
11/22/2007;14.85;15.08;14.35;14.37;941531;28988356.000
11/23/2007;14.30;14.83;13.85;14.79;1036170;31225444.000
11/26/2007;15.11;15.29;14.54;14.55;934521;28953156.000
11/27/2007;14.55;15.15;14.31;14.81;1063680;32913120.000
11/28/2007;14.99;15.53;14.81;15.24;2978663;94892872.000
11/29/2007;15.35;16.62;15.20;16.59;6139567;203450336.000
11/30/2007;16.50;16.50;15.57;15.64;3786138;125311472.000
12/03/2007;15.35;16.00;15.20;15.48;1462902;47731708.000
12/04/2007;15.49;15.74;15.17;15.24;1762047;56271868.000
12/05/2007;15.05;15.54;15.05;15.48;1737821;55771388.000
12/06/2007;15.52;15.55;15.28;15.34;1894187;60662080.000
12/07/2007;15.35;16.00;15.35;15.85;3528739;116064416.000
12/10/2007;15.70;16.85;15.65;16.49;4502514;154343392.000
12/11/2007;16.61;16.89;16.45;16.82;4501904;156305904.000
12/12/2007;16.82;17.02;16.50;16.92;2970709;103783336.000
12/13/2007;16.72;16.85;15.76;15.80;2233244;76017984.000
12/14/2007;15.50;16.20;15.36;16.02;2656161;87904480.000
12/17/2007;15.92;16.02;15.55;15.67;2375710;77688648.000
12/18/2007;15.45;16.20;15.45;16.04;1896030;62989664.000
12/19/2007;16.19;16.46;16.15;16.25;1212598;41128824.000
12/20/2007;16.35;16.96;16.35;16.95;3266535;113978840.000
12/21/2007;16.98;17.20;16.69;16.95;2621744;92138160.000
12/24/2007;17.24;17.85;17.10;17.63;2962042;108110848.000
12/25/2007;17.85;18.40;17.73;18.22;3894542;146791216.000
12/26/2007;18.20;18.69;17.86;18.17;3435813;130212960.000
12/27/2007;18.35;18.94;18.17;18.82;4056114;156055088.000
01/02/2008;18.15;18.94;17.90;18.85;4285261;165648832.000
01/03/2008;18.47;18.84;17.99;18.29;5524333;209311808.000
01/04/2008;18.32;19.11;18.32;18.36;3966600;154514544.000
01/07/2008;18.31;19.04;18.31;18.82;4856010;189270944.000
01/08/2008;18.95;19.42;18.50;18.92;4351254;172011200.000
01/09/2008;18.92;19.14;18.62;19.05;3964038;153977600.000
01/10/2008;19.04;19.98;18.83;19.37;3735511;150927424.000
01/11/2008;19.50;19.99;19.16;19.85;4663341;189667344.000
01/14/2008;19.89;20.23;19.60;19.71;4957041;204157088.000
01/15/2008;19.85;19.96;19.17;19.35;5761838;231304544.000
01/16/2008;19.34;19.34;18.48;18.55;8590694;332068160.000
01/17/2008;18.40;18.42;16.95;17.95;7935934;295259456.000
01/18/2008;17.95;18.35;17.55;17.77;7542008;281449792.000
01/21/2008;17.85;18.82;17.85;17.85;4337360;165293536.000
01/22/2008;17.35;18.62;16.85;16.99;8548258;315861312.000
01/23/2008;17.65;18.75;17.05;18.50;7659844;285895936.000
01/24/2008;19.13;20.42;17.85;20.42;9815027;409052032.000
01/25/2008;20.39;20.79;19.60;20.06;5931010;248720992.000
01/29/2008;18.16;20.19;18.16;19.25;4492746;177916992.000
01/30/2008;19.25;19.79;17.85;18.42;2597501;101522072.000
01/31/2008;18.60;18.60;17.56;17.76;2889886;108078088.000
02/01/2008;17.88;18.55;17.10;17.74;4066872;150644160.000
02/04/2008;18.00;19.23;18.00;19.20;2670022;103626816.000
02/05/2008;18.85;19.85;18.57;18.74;1821893;72107240.000
02/13/2008;18.48;19.65;18.24;19.14;1730511;68921272.000
02/14/2008;19.59;20.37;19.53;19.79;6315362;260387440.000
02/15/2008;19.80;20.05;19.49;19.80;2399728;97738488.000
02/18/2008;19.90;20.77;19.90;20.35;3333322;140855216.000
02/19/2008;20.35;21.35;19.85;21.28;2692804;115599456.000
02/20/2008;21.25;21.30;20.50;20.65;2152257;92240376.000
02/21/2008;20.50;20.64;19.85;20.33;1802450;75368824.000
02/22/2008;20.30;20.58;19.20;19.83;2108719;86171216.000
02/25/2008;19.85;19.97;19.20;19.24;2878045;116632296.000
02/26/2008;19.85;19.90;18.11;18.84;3444894;134905600.000
02/27/2008;19.30;19.30;18.66;19.05;3022110;118105704.000
02/28/2008;19.05;19.34;18.75;19.00;2089076;81931312.000
02/29/2008;19.00;19.67;18.83;19.61;1782890;70548624.000
03/03/2008;19.52;19.94;19.13;19.42;3113176;125563376.000
03/04/2008;19.54;20.18;19.23;19.33;3229655;131766808.000
03/05/2008;19.25;20.11;19.03;19.89;2399587;97545280.000
03/06/2008;19.90;20.09;19.05;19.55;1358965;54995144.000
03/07/2008;19.35;19.45;18.35;18.74;3230765;125328136.000
03/10/2008;18.67;18.67;17.53;17.65;3032700;112128536.000
03/11/2008;17.60;17.65;16.41;17.24;5658741;196800464.000
03/12/2008;17.42;17.80;16.60;16.60;2859943;101171688.000
03/13/2008;16.64;17.08;15.75;16.85;3188054;107538000.000
03/14/2008;16.60;17.18;16.16;16.71;4034478;138401264.000
03/17/2008;16.30;16.35;14.97;15.13;2847843;93003992.000
03/18/2008;15.07;15.17;13.55;14.52;4311504;130076808.000
03/19/2008;14.86;15.43;14.65;15.25;3485308;109497872.000
03/20/2008;15.10;16.09;14.37;15.99;1798194;57143208.000
03/21/2008;16.85;16.85;15.35;15.81;2415326;80247456.000
03/24/2008;16.05;16.05;14.38;14.50;2057218;64481168.000
03/25/2008;14.35;15.27;14.25;15.14;2638404;82046096.000
03/26/2008;15.29;15.71;15.15;15.25;1095211;35308516.000
03/27/2008;14.65;15.30;14.65;14.85;1258566;39259576.000
03/28/2008;14.85;15.85;14.35;15.85;2075629;65773760.000
03/31/2008;15.25;16.24;15.10;15.81;1430123;47300852.000
04/01/2008;15.47;16.16;14.80;15.10;2141365;67886944.000
04/02/2008;15.56;15.85;14.53;15.26;3216785;101439872.000
04/03/2008;14.86;15.85;14.61;15.68;1114631;35659064.000
04/07/2008;15.46;16.67;15.36;16.51;1910583;64472056.000
04/08/2008;16.92;17.33;16.85;17.06;3452488;122565176.000
04/09/2008;17.15;17.15;16.17;16.51;1284061;44769700.000
04/10/2008;16.37;16.92;16.10;16.83;1144453;39245244.000
04/11/2008;16.95;17.44;16.67;17.33;1219207;43467192.000
04/14/2008;17.07;17.25;15.84;16.18;2227571;77709560.000
04/15/2008;16.35;16.49;15.86;16.38;2204073;74106744.000
04/16/2008;16.60;16.75;15.98;16.02;1177773;40162048.000
04/17/2008;15.85;16.42;15.44;15.66;2817980;94128936.000
04/18/2008;15.35;16.75;14.35;15.22;3941829;127709832.000
04/21/2008;16.24;16.28;14.97;15.04;2350625;76724032.000
04/22/2008;14.80;15.52;14.41;15.49;1163936;36044796.000
04/23/2008;15.29;16.28;15.20;16.25;2371835;78718888.000
04/25/2008;17.94;17.94;17.50;17.60;9961796;369255744.000
04/28/2008;17.35;17.67;16.85;17.41;1259451;45140360.000
04/29/2008;17.35;17.93;17.10;17.78;1367619;50153484.000
04/30/2008;17.79;18.55;17.79;18.22;3053821;115233952.000
05/05/2008;18.60;18.62;18.00;18.20;2810225;106640912.000
05/06/2008;18.05;18.76;17.90;18.29;1907223;72566880.000
05/07/2008;18.47;18.54;17.35;17.35;1003925;37361888.000
05/08/2008;17.35;17.97;17.17;17.91;784743;28741784.000
05/09/2008;17.93;18.34;17.45;17.74;663002;24530864.000
05/12/2008;17.53;18.88;17.35;18.84;2325658;88759512.000
05/13/2008;18.15;19.35;18.15;19.04;2970624;116660920.000
05/14/2008;18.87;19.75;18.57;19.50;3442321;137916848.000
05/15/2008;19.80;19.80;18.85;19.15;2918591;116285408.000
05/16/2008;18.86;19.52;18.65;18.90;2354067;92462568.000
05/19/2008;19.00;19.06;18.60;18.88;1585414;61794300.000
05/20/2008;18.90;19.37;18.10;18.32;1802761;70308064.000
05/21/2008;18.15;19.15;17.70;19.10;2031425;76368032.000
05/22/2008;18.76;18.76;18.05;18.07;1419933;52968268.000
05/23/2008;18.07;18.34;17.10;17.65;1956657;69650568.000
05/26/2008;17.20;17.50;16.29;17.46;2380019;82204984.000
05/27/2008;17.15;17.48;16.70;16.92;2261631;77589400.000
05/28/2008;17.09;17.47;16.70;17.41;1349906;46720212.000
05/29/2008;17.20;17.50;16.75;16.78;2063718;71430584.000
05/30/2008;16.79;17.09;16.56;16.80;598125;20400296.000
06/02/2008;16.80;17.05;16.70;17.04;671665;23056748.000
06/03/2008;16.93;18.15;16.92;17.73;1285986;45633220.000
06/04/2008;17.79;17.79;16.70;16.77;1093056;37822092.000
06/05/2008;16.70;17.95;16.60;16.80;1666459;57878200.000
06/06/2008;16.85;17.07;16.44;16.58;502552;16947292.000
06/10/2008;16.24;16.24;14.89;14.95;2794563;87581272.000
06/11/2008;14.70;15.74;14.65;15.47;1084911;33924216.000
06/12/2008;15.35;15.35;14.20;14.57;1790618;53261968.000
06/13/2008;14.25;14.77;13.49;14.40;1701211;48585464.000
06/16/2008;14.09;14.40;13.70;13.94;2104676;60029636.000
06/17/2008;13.93;14.18;12.99;13.19;1088777;30463412.000
06/18/2008;12.80;14.18;12.45;14.14;1425241;39867628.000
06/19/2008;13.70;13.88;12.69;12.69;1286849;34793640.000
06/20/2008;12.45;13.25;11.40;12.63;2040100;52127256.000
06/23/2008;12.20;12.43;11.89;12.17;1150778;28566032.000
06/24/2008;12.00;12.64;12.00;12.51;692420;17549484.000
06/25/2008;12.20;13.27;12.20;13.01;1425641;37965588.000
06/26/2008;13.01;13.47;12.99;13.22;1103998;29910644.000
06/27/2008;12.87;12.87;12.14;12.50;927913;23590134.000
06/30/2008;12.50;12.66;12.04;12.54;469004;11835757.000
07/01/2008;12.55;12.55;11.70;12.17;567515;14207546.000
07/02/2008;12.15;12.38;11.88;12.33;544836;13630070.000
07/03/2008;12.07;12.89;11.95;12.55;1005597;25650838.000
07/04/2008;12.55;12.65;12.30;12.30;1107515;28332272.000
07/07/2008;12.59;12.95;12.35;12.87;1622836;42281052.000
07/08/2008;12.89;13.19;12.71;13.09;1431706;37903936.000
07/09/2008;14.20;14.40;13.85;14.06;5974130;171456912.000
07/10/2008;14.06;15.00;13.86;14.47;4715057;138876896.000
07/11/2008;14.48;14.48;13.97;14.13;2553887;73532576.000
07/14/2008;14.10;14.12;13.65;13.78;2484427;70216720.000
07/15/2008;13.85;14.03;13.23;13.45;1835876;50669868.000
07/16/2008;13.43;13.77;13.22;13.54;3045618;83628880.000
07/17/2008;13.69;14.00;13.04;13.16;2448096;67051128.000
07/18/2008;13.20;13.62;13.00;13.56;1923331;52450400.000
07/21/2008;13.40;13.96;13.22;13.83;2107818;58979832.000
07/22/2008;13.84;14.00;13.65;13.86;1064869;30076496.000
07/23/2008;13.95;14.19;13.80;13.93;1312477;37536960.000
07/24/2008;14.19;14.24;13.76;13.97;1278775;36535676.000
07/25/2008;13.75;13.92;13.65;13.84;841172;23661808.000
07/28/2008;14.00;14.01;13.74;13.82;657378;18609178.000
07/29/2008;13.58;13.83;13.45;13.62;816329;22734940.000
07/30/2008;13.80;13.94;13.26;13.58;1539250;42974032.000
07/31/2008;13.77;13.77;13.29;13.42;2008599;55186536.000
08/01/2008;13.30;13.50;12.83;13.43;1468457;39475896.000
08/04/2008;13.20;13.27;12.71;12.80;912700;24232012.000
08/05/2008;12.70;13.04;11.94;11.97;1989554;49561440.000
08/06/2008;12.10;12.20;11.81;11.94;1033547;25339280.000
08/07/2008;11.92;12.05;11.14;11.64;2833875;66554180.000
08/08/2008;11.60;11.60;10.90;11.10;1750813;40340420.000
08/11/2008;11.09;11.09;10.49;10.64;1040960;23073726.000
08/12/2008;10.26;10.89;10.26;10.59;1493208;32526164.000
08/13/2008;10.55;10.87;10.35;10.87;1279244;27813822.000
08/14/2008;10.77;10.98;10.75;10.92;2024854;45398968.000
08/15/2008;10.89;11.13;10.71;10.95;786961;17586996.000
08/18/2008;10.95;11.00;10.25;10.42;1229974;26617746.000
08/19/2008;10.20;10.50;10.10;10.47;1154989;24515262.000
08/20/2008;10.38;11.33;10.20;11.21;3350145;75714112.000
08/21/2008;11.05;11.05;10.13;10.24;2111479;45620608.000
08/25/2008;9.95;10.11;9.65;9.91;3527534;71696672.000
08/26/2008;9.90;10.30;9.45;9.55;2377482;47948504.000
08/27/2008;9.50;9.77;9.32;9.48;2539758;49383828.000
08/28/2008;9.46;10.14;9.42;10.09;1377745;27936256.000
08/29/2008;10.10;10.50;10.02;10.38;1934197;41200572.000
09/01/2008;10.70;10.95;10.05;10.50;5173181;112623168.000
09/02/2008;10.55;10.67;10.25;10.50;1740775;37608216.000
09/03/2008;10.50;10.57;9.74;9.81;2708290;56167896.000
09/04/2008;9.70;9.89;9.39;9.59;3567737;70381200.000
09/05/2008;9.20;9.40;9.10;9.27;2354908;45055296.000
09/08/2008;9.40;9.41;9.04;9.09;2675750;50901024.000
09/09/2008;9.20;9.25;9.03;9.10;1837432;34635684.000
09/10/2008;9.14;9.35;8.83;9.10;1998973;37797132.000
09/11/2008;9.10;9.19;8.52;8.55;2219747;40124056.000
09/12/2008;8.55;8.65;8.46;8.60;1294299;22977184.000
09/17/2008;8.52;8.67;8.03;8.09;4154806;70873136.000
09/18/2008;7.92;7.92;7.25;7.61;7105515;110225392.000
09/19/2008;8.40;8.40;8.15;8.40;15454324;268770720.000
09/22/2008;8.89;9.27;8.61;9.25;25619179;481352608.000
09/23/2008;8.89;9.26;8.51;8.70;9229157;84019904.000
09/24/2008;8.41;8.41;7.85;8.27;15713816;129855192.000
09/25/2008;8.20;9.01;8.11;8.80;27898832;248437936.000
09/26/2008;8.84;9.30;8.68;9.25;23880757;221279488.000
10/06/2008;9.00;9.00;8.31;8.31;22231435;192565952.000
10/07/2008;7.78;7.93;7.46;7.65;24630496;192145088.000
10/08/2008;7.30;7.51;6.95;7.07;15720847;116979432.000
10/09/2008;7.29;7.29;6.93;6.95;9841771;71519568.000
10/10/2008;6.60;6.65;6.24;6.24;14219084;92806544.000
10/13/2008;6.05;6.39;5.60;6.38;29056523;175645232.000
10/14/2008;6.58;6.59;5.80;5.82;29694249;190374624.000
10/15/2008;5.61;6.04;5.50;6.00;20419029;121583216.000
10/16/2008;5.63;5.83;5.38;5.41;21239406;121894040.000
10/17/2008;5.48;5.78;5.19;5.53;23681054;135648880.000
10/20/2008;5.41;5.70;5.24;5.65;15542104;88572456.000
10/21/2008;5.68;5.90;5.60;5.61;26962335;160442112.000
10/22/2008;5.55;5.83;5.48;5.60;17040533;99788896.000
10/23/2008;5.37;5.67;5.37;5.64;11426384;65817072.000
10/24/2008;5.65;5.69;5.26;5.37;14458331;81743048.000
10/27/2008;5.22;5.30;4.81;4.81;16264999;85115848.000
10/28/2008;4.67;5.15;4.61;5.13;15067680;77072384.000
10/29/2008;5.26;5.34;4.97;4.98;17649878;95094168.000
10/30/2008;5.01;5.24;4.96;5.12;11310113;60239676.000
10/31/2008;5.12;5.23;5.00;5.04;9853467;52229784.000
11/03/2008;4.98;5.20;4.86;5.17;12158207;64106216.000
11/04/2008;5.10;5.15;4.97;5.11;8967615;47305496.000
11/05/2008;5.15;5.48;5.15;5.28;18736330;103524152.000
11/06/2008;5.14;5.14;4.96;4.98;10993929;57603432.000
11/07/2008;4.89;5.08;4.82;5.02;8353474;43295672.000
11/10/2008;5.12;5.54;5.11;5.50;24632619;136241280.000
11/11/2008;5.49;5.90;5.35;5.67;31298151;182902112.000
11/12/2008;5.58;6.10;5.53;6.08;31789541;194797840.000
11/13/2008;5.98;6.58;5.86;6.39;30099617;194464272.000
11/14/2008;6.48;7.05;6.41;7.05;41986671;295491584.000
11/17/2008;7.09;7.29;6.93;7.15;34916165;255679856.000
11/18/2008;7.07;7.11;6.42;6.42;31162608;215561632.000
11/19/2008;6.32;7.05;6.30;6.95;22933312;158147488.000
11/20/2008;6.80;7.05;6.56;6.73;19661254;137281712.000
11/21/2008;6.50;6.84;6.09;6.46;22566395;149709792.000
11/24/2008;6.40;6.56;5.96;5.99;13819346;88633544.000
11/25/2008;6.12;6.18;5.82;5.96;9523007;58823808.000
11/26/2008;5.95;6.18;5.88;6.14;9830606;61701532.000
11/27/2008;6.62;6.62;6.14;6.15;18272569;119981344.000
11/28/2008;6.14;6.14;5.78;5.88;19077751;116125240.000
12/01/2008;5.77;5.87;5.50;5.85;15861585;93517272.000
12/02/2008;5.65;6.14;5.56;6.06;25145373;152122640.000
12/03/2008;6.00;6.65;5.99;6.63;36408780;239865104.000
12/04/2008;6.65;6.95;6.42;6.46;47042766;325321472.000
12/05/2008;6.35;6.56;6.28;6.53;23261157;154421792.000
12/08/2008;6.56;7.20;6.56;7.20;75637539;550277952.000
12/10/2008;7.01;7.27;6.78;7.21;48475708;351174688.000
12/11/2008;7.22;7.24;6.80;6.93;34337900;247044480.000
12/12/2008;6.71;6.83;6.38;6.47;19864254;134119600.000
12/15/2008;6.59;6.69;6.43;6.65;11268890;76278960.000
12/16/2008;6.48;6.68;6.20;6.63;14806625;98231800.000
12/17/2008;6.68;6.76;6.52;6.60;14119608;96861032.000
12/18/2008;6.58;6.76;6.41;6.70;12275317;83477792.000
12/19/2008;6.81;7.05;6.81;6.90;22230512;158713776.000
12/22/2008;6.92;7.05;6.59;6.72;15554046;109431696.000
12/23/2008;6.85;6.85;6.23;6.24;15889291;106123816.000
12/24/2008;6.10;6.25;6.03;6.10;8549150;54085584.000
12/25/2008;6.15;6.20;5.97;6.05;6126969;38343784.000
12/26/2008;6.10;6.15;5.98;6.12;4375599;27472452.000
12/29/2008;6.13;6.75;5.93;6.44;6654716;42262384.000
12/30/2008;6.30;6.50;6.18;6.29;9643784;63066648.000
12/31/2008;6.30;6.40;6.10;6.20;12810427;82415800.000
01/05/2009;6.28;6.39;6.18;6.36;9994217;64885120.000
01/06/2009;6.36;6.82;6.28;6.72;22050675;150246288.000
01/07/2009;6.69;7.17;6.59;7.02;30917061;220312144.000
01/08/2009;6.79;7.00;6.70;6.93;17205892;121259832.000
01/09/2009;6.85;7.19;6.85;7.10;17262686;125381264.000
01/12/2009;7.09;7.23;6.90;6.96;25154584;182585312.000
01/13/2009;6.83;6.87;6.57;6.59;12951811;89590296.000
01/14/2009;6.58;7.13;6.58;7.01;12007306;84949368.000
01/15/2009;6.95;7.20;6.88;6.97;13494752;97308304.000
01/16/2009;7.00;7.52;6.99;7.39;31506388;237061744.000
01/19/2009;7.47;7.67;7.20;7.37;23225793;177970912.000
01/20/2009;7.32;7.50;7.21;7.38;14204844;107451568.000
01/21/2009;7.20;7.57;7.18;7.29;14442712;109576400.000
01/22/2009;7.34;8.00;7.28;7.88;27909654;219781072.000
01/23/2009;8.00;8.18;7.68;7.79;31811689;259629712.000
02/02/2009;7.98;8.24;7.87;8.03;22313631;184684928.000
02/03/2009;8.04;8.85;8.04;8.83;30215004;261255376.000
02/04/2009;8.90;8.96;8.59;8.82;30771911;275418496.000
02/05/2009;8.89;9.43;8.61;8.72;43637257;402989568.000
02/06/2009;8.82;9.38;8.75;9.31;36956973;342343872.000
02/09/2009;9.35;10.08;9.35;9.96;53875341;537380480.000
02/10/2009;9.96;10.10;9.56;10.09;48273862;485128288.000
02/11/2009;9.83;10.26;9.70;9.93;45427067;461211776.000
02/12/2009;10.16;10.49;9.68;10.07;57008495;585285888.000
02/16/2009;10.60;10.65;9.76;10.05;92328283;940154944.000
02/17/2009;9.94;9.94;9.40;9.42;54246085;535699520.000
02/18/2009;9.18;9.28;8.77;8.79;39075958;359504352.000
02/19/2009;8.85;9.01;8.70;8.90;31143148;281752928.000
02/20/2009;8.90;9.10;8.69;9.09;34042597;310620288.000
02/23/2009;9.06;9.50;8.89;9.41;35751987;337390432.000
02/24/2009;9.34;9.77;8.96;8.98;51205265;490848128.000
02/25/2009;9.18;9.37;8.84;9.17;34288293;319541152.000
02/26/2009;9.20;9.24;8.23;8.35;43898766;389485376.000
02/27/2009;8.24;8.24;7.50;7.57;41704992;329534752.000
03/02/2009;7.46;7.66;7.35;7.60;22444092;174298976.000
03/03/2009;7.33;7.49;7.07;7.39;31084159;233195552.000
03/04/2009;7.40;8.10;7.39;8.05;41447366;331340352.000
03/05/2009;8.20;8.38;7.80;8.11;51297027;427323808.000
03/06/2009;7.88;8.19;7.85;8.07;25908070;213294192.000
03/09/2009;8.20;8.25;7.60;7.61;31506430;255818512.000
03/10/2009;7.55;8.39;7.45;8.39;46552349;385077504.000
03/11/2009;8.60;8.65;8.05;8.12;46037031;392805536.000
03/12/2009;8.05;8.08;7.76;8.02;19017404;154412768.000
03/13/2009;8.08;8.25;7.92;7.96;17005145;140999136.000
03/16/2009;7.96;8.05;7.78;8.00;12198261;98968024.000
03/17/2009;7.99;8.51;7.93;8.40;33536366;285279104.000
03/18/2009;8.51;8.98;8.40;8.75;53728954;476112352.000
03/19/2009;8.78;9.16;8.70;9.11;53361852;490603840.000
03/20/2009;9.15;9.15;8.80;8.94;39104404;357802912.000
03/23/2009;8.93;9.84;8.92;9.79;68054076;661127936.000
03/24/2009;9.87;10.05;9.62;9.65;54264045;541506176.000
03/25/2009;9.50;9.75;9.30;9.31;39954675;387158720.000
03/26/2009;9.35;10.00;9.35;9.78;68819803;682516096.000
03/27/2009;9.88;9.95;9.49;9.67;56505448;559633664.000
03/30/2009;9.66;9.70;9.42;9.48;28615041;278114976.000
03/31/2009;9.30;9.48;9.10;9.43;28499404;270769728.000
04/01/2009;9.46;9.80;9.46;9.74;44369982;439244736.000
04/02/2009;9.76;10.60;9.71;10.31;89936835;943275648.000
04/03/2009;10.37;10.70;10.10;10.20;59879170;637889152.000
04/07/2009;10.20;10.45;10.08;10.24;32669300;340393440.000
04/08/2009;10.20;10.55;10.00;10.02;53054798;560405952.000
04/09/2009;9.95;10.09;9.70;10.02;32210192;324523520.000
04/10/2009;10.10;10.58;9.93;10.48;44442780;468723936.000
04/13/2009;10.52;11.54;10.50;11.50;78834723;893990016.000
04/14/2009;11.19;11.73;11.08;11.32;58893166;684217536.000
04/15/2009;11.25;11.27;10.81;11.22;34130795;385146816.000
04/16/2009;11.18;11.90;11.05;11.44;41660881;490534848.000
04/17/2009;11.38;11.43;10.80;10.90;30862142;346178304.000
04/20/2009;10.90;11.79;10.82;11.54;30952122;357952704.000
04/21/2009;11.36;11.54;11.00;11.35;30459541;348897184.000
04/22/2009;11.36;11.43;10.28;10.34;47645890;523648672.000
04/23/2009;10.20;10.34;9.72;10.22;31665151;324002144.000
04/24/2009;10.25;10.28;9.85;9.90;22055330;224333072.000
04/27/2009;9.90;10.02;9.40;9.45;19789145;194337600.000
04/28/2009;9.35;9.65;9.31;9.62;15794665;153305328.000
04/29/2009;9.65;9.99;9.55;9.94;20575703;205191344.000
04/30/2009;10.01;10.04;9.68;9.76;18863679;188366816.000
05/04/2009;9.78;10.49;9.78;10.37;27038061;280178432.000
05/05/2009;10.45;10.67;10.30;10.59;27598034;294473120.000
05/06/2009;10.59;10.79;10.45;10.67;20258707;219961760.000
05/07/2009;11.00;11.15;10.37;10.59;32132529;353191104.000
05/08/2009;10.50;11.41;10.45;11.17;56392409;637672960.000
05/11/2009;11.25;11.25;10.41;10.45;37714525;413417664.000
05/12/2009;10.30;10.57;10.00;10.56;19564190;205459088.000
05/13/2009;10.57;10.90;10.28;10.74;29288629;317533664.000
05/14/2009;10.58;10.70;10.46;10.67;17789609;191758848.000
05/15/2009;10.68;11.07;10.68;10.87;24968080;278031168.000
05/18/2009;10.80;10.89;10.43;10.81;14629078;158404096.000
05/19/2009;11.01;11.20;10.91;11.09;33070270;372154336.000
05/20/2009;11.18;11.25;10.66;10.73;23022338;255817312.000
05/21/2009;10.61;10.68;10.10;10.21;24315965;255919856.000
05/22/2009;10.15;10.37;9.90;10.10;24180897;248893632.000
05/25/2009;9.81;10.14;9.71;10.11;22020463;222678768.000
05/26/2009;10.16;10.16;9.91;9.94;14584800;149399632.000
05/27/2009;10.06;10.49;10.03;10.30;24170422;252592256.000
06/01/2009;10.86;11.06;10.62;10.69;42980071;475412832.000
06/02/2009;10.80;11.30;10.78;11.09;54726864;616397760.000
06/03/2009;11.18;11.61;11.10;11.50;51918313;601751872.000
06/04/2009;11.48;11.58;11.00;11.16;43478718;498180672.000
06/05/2009;11.26;11.44;11.00;11.18;30853361;353530368.000
06/08/2009;11.19;11.19;10.75;10.85;26931763;299316096.000
06/09/2009;10.80;10.90;10.39;10.73;28781057;310071712.000
06/10/2009;10.73;10.97;10.66;10.95;21245349;235092848.000
06/11/2009;10.81;10.98;10.58;10.63;18391151;201032480.000
06/12/2009;10.65;10.70;10.30;10.42;20311630;216739920.000
06/15/2009;10.45;10.54;10.09;10.33;28699386;301072192.000
06/16/2009;10.25;10.28;9.98;10.24;31148304;321528384.000
06/17/2009;10.28;10.56;10.20;10.55;28776713;304532096.000
06/18/2009;10.59;10.79;10.43;10.73;32747091;354089088.000
06/19/2009;10.66;10.73;10.46;10.62;21751221;235168224.000
06/22/2009;10.74;10.96;10.51;10.71;26143976;286600064.000
06/23/2009;10.50;10.56;10.30;10.40;17683409;188123296.000
06/24/2009;10.34;10.52;10.26;10.50;23788565;251991056.000
06/25/2009;10.52;10.53;10.19;10.26;35424896;372716128.000
06/26/2009;10.28;10.48;10.00;10.43;38721762;406186848.000
06/30/2009;10.46;10.46;10.09;10.17;29489626;307193216.000
07/01/2009;10.20;10.38;10.01;10.25;35299583;366964320.000
07/02/2009;10.35;10.62;10.17;10.57;44955836;477597568.000
07/03/2009;10.44;10.85;10.39;10.77;51847053;563811136.000
07/06/2009;10.86;10.97;10.65;10.82;43726819;473972320.000
07/07/2009;10.78;11.05;10.70;10.88;39693004;434049632.000
07/08/2009;10.82;11.00;10.59;10.79;36723581;396147328.000
07/09/2009;10.75;11.06;10.68;11.05;47412984;513880576.000
07/10/2009;11.05;11.43;10.99;11.14;57163552;641313600.000
07/13/2009;11.11;11.29;10.99;11.00;37955329;421401760.000
07/14/2009;11.02;11.26;10.95;11.20;38983723;432614432.000
07/15/2009;11.40;12.32;11.35;12.32;127912634;1538659968.000
07/16/2009;12.54;12.83;12.18;12.33;100159363;1252013952.000
07/17/2009;12.26;12.60;12.23;12.57;39110206;486550464.000
07/20/2009;12.72;13.83;12.61;13.50;84969699;1145529344.000
07/21/2009;13.43;13.56;12.98;13.20;53549897;712250944.000
07/22/2009;13.15;13.59;13.07;13.34;38542016;514677088.000
07/23/2009;13.30;13.32;13.02;13.12;25407117;333237792.000
07/24/2009;13.14;13.58;12.65;13.30;46005763;604842560.000
07/27/2009;13.40;14.00;13.17;13.88;64994777;892706240.000
07/28/2009;13.85;14.50;13.70;13.85;50515417;708470272.000
07/29/2009;13.86;14.06;12.47;12.85;46759750;617775296.000
07/30/2009;12.95;13.18;12.42;12.97;26615819;340376064.000
07/31/2009;13.00;14.10;12.80;13.90;38809572;522324256.000
08/03/2009;14.15;15.29;14.00;15.27;90114138;1353738112.000
08/04/2009;15.10;15.78;15.00;15.41;60768912;935922112.000
08/05/2009;15.38;15.66;14.95;15.36;33668661;513768192.000
08/06/2009;15.46;15.46;14.40;14.79;30428474;451671648.000
08/07/2009;14.71;15.00;13.46;13.60;46815898;661049600.000
08/10/2009;13.75;14.14;13.24;13.70;28145113;385460192.000
08/11/2009;13.83;13.85;13.48;13.78;18369032;252121744.000
08/12/2009;13.80;13.80;12.85;13.06;25213394;331762400.000
08/13/2009;13.04;13.15;12.58;12.97;21923090;282239648.000
08/14/2009;13.00;13.00;12.08;12.11;23941232;298016448.000
08/17/2009;11.85;11.99;11.20;11.54;34181730;395025952.000
08/18/2009;11.38;11.85;11.20;11.71;21735497;252022832.000
08/19/2009;11.60;11.64;10.54;10.72;28916150;318415744.000
08/20/2009;10.60;11.26;10.60;11.07;27219996;297008000.000
08/21/2009;10.91;11.23;10.83;11.17;29606395;326465056.000
08/24/2009;11.26;11.36;11.01;11.28;28395743;318160768.000
08/25/2009;11.15;11.16;10.15;10.53;34824775;368159936.000
08/26/2009;10.44;11.38;10.22;11.04;35292868;384643776.000
08/27/2009;10.95;11.21;10.58;10.91;24456215;266351872.000
08/28/2009;10.85;10.95;10.30;10.42;25940847;271654336.000
08/31/2009;10.27;10.27;9.38;9.38;31821334;306631584.000
09/01/2009;9.20;9.60;9.17;9.29;16820567;157157904.000
09/02/2009;9.21;9.50;9.06;9.32;18972993;176856816.000
09/03/2009;9.31;10.12;9.26;9.99;30443769;296085088.000
09/04/2009;9.90;10.16;9.82;10.05;24099853;240705872.000
09/07/2009;10.07;10.32;10.00;10.09;23748582;241356656.000
09/08/2009;9.96;10.37;9.79;10.35;25462775;258999456.000
09/09/2009;10.39;11.02;10.34;10.82;37480931;398557920.000
09/10/2009;10.78;11.32;10.61;11.02;39122076;432948832.000
09/11/2009;11.00;11.19;10.90;11.06;20555181;227894192.000
09/14/2009;11.01;11.23;10.91;11.19;18883741;209357376.000
09/15/2009;11.19;11.24;10.78;11.07;23499745;259336336.000
09/16/2009;11.02;11.05;10.64;10.76;24376777;263165808.000
09/17/2009;10.78;11.13;10.78;11.08;19493795;214823200.000
09/18/2009;11.15;11.21;10.57;10.66;20134274;219956816.000
09/21/2009;10.35;10.50;10.00;10.46;15048571;154539040.000
09/22/2009;10.40;10.51;10.14;10.17;12334577;127439512.000
09/23/2009;10.16;10.28;9.68;9.74;17129112;169951888.000
09/24/2009;9.65;9.72;9.27;9.56;24126053;229037536.000
09/25/2009;9.52;9.68;9.37;9.54;17036472;162469936.000
09/28/2009;9.60;9.64;9.15;9.24;10866872;102658488.000
09/29/2009;9.25;9.34;9.01;9.15;9051780;82720824.000
09/30/2009;9.25;9.39;9.17;9.26;8215658;76103200.000
10/09/2009;9.90;10.19;9.70;10.19;22602005;226147040.000
10/12/2009;10.36;10.41;10.01;10.16;26403962;269060224.000
10/13/2009;10.12;10.35;10.00;10.31;14706181;150387312.000
10/14/2009;10.28;10.85;10.20;10.46;24117513;254239728.000
10/15/2009;10.68;10.78;10.30;10.44;17315160;182347728.000
10/16/2009;10.41;10.57;10.04;10.38;18427939;188775424.000
10/19/2009;10.40;10.75;10.15;10.66;23957260;251749824.000
10/20/2009;10.76;11.29;10.72;11.02;44858889;496002240.000
10/21/2009;11.02;11.28;10.90;11.03;30604227;340130080.000
10/22/2009;11.09;11.30;10.96;11.17;26508966;296325472.000
10/23/2009;11.21;11.88;11.18;11.53;36763986;422560224.000
10/26/2009;11.55;11.59;11.11;11.30;23133673;261277712.000
10/27/2009;11.05;11.20;10.80;10.81;27641142;303827136.000
10/28/2009;10.70;10.89;10.53;10.83;15956850;171040624.000
10/29/2009;10.54;10.69;10.43;10.48;12860827;135568128.000
10/30/2009;10.68;10.88;10.51;10.55;15490717;165329376.000
11/02/2009;10.20;10.85;10.12;10.84;16044792;169538128.000
11/03/2009;10.85;11.17;10.80;11.01;23808007;262064384.000
11/04/2009;11.05;11.19;10.89;11.12;20348875;225172064.000
11/05/2009;11.16;11.40;11.09;11.24;23162146;260096464.000
11/06/2009;11.35;11.60;11.25;11.35;27344638;312177632.000
11/09/2009;11.30;11.45;11.20;11.34;20591489;232868976.000
11/10/2009;11.48;11.66;11.34;11.53;32434577;373671552.000
11/11/2009;11.53;12.05;11.41;11.72;32080170;378705504.000
11/12/2009;11.99;12.06;11.70;11.79;35192724;419405600.000
11/13/2009;11.83;12.15;11.76;12.03;31616826;377632992.000
11/16/2009;12.24;12.63;12.08;12.45;40073981;492727936.000
11/17/2009;12.49;12.75;12.26;12.35;28808017;359334464.000
11/18/2009;12.36;12.48;12.19;12.28;25147182;310121248.000
11/19/2009;12.41;12.52;12.02;12.33;31900414;390117504.000
11/20/2009;12.19;12.25;12.00;12.13;27928230;337945632.000
11/23/2009;12.13;12.26;12.08;12.25;27613964;335613824.000
11/24/2009;12.32;12.42;11.52;11.60;40852204;496262688.000
11/25/2009;11.52;11.87;11.34;11.82;25056377;290272064.000
11/26/2009;11.79;11.88;10.99;11.11;27782610;318953696.000
11/27/2009;10.90;11.18;10.55;10.58;24388242;264844112.000
11/30/2009;10.70;11.08;10.70;11.07;21134224;230158496.000
12/01/2009;11.03;11.33;10.87;11.31;25766479;285287232.000
12/02/2009;11.34;11.42;11.25;11.37;24521268;277789920.000
12/03/2009;11.42;11.66;11.27;11.43;21271332;243475616.000
12/07/2009;11.62;11.80;11.43;11.63;26505477;307333280.000
12/08/2009;11.63;11.64;11.21;11.34;22427900;255347872.000
12/09/2009;11.20;11.29;10.98;11.02;15726740;174699520.000
12/10/2009;11.15;11.24;11.04;11.18;9979945;111172824.000
12/11/2009;11.21;11.30;11.13;11.15;10647592;119334160.000
12/14/2009;11.16;11.27;10.68;11.24;21998094;240672080.000
12/15/2009;11.18;11.36;11.10;11.17;14974417;168295248.000
12/16/2009;11.09;11.32;11.00;11.20;15578588;175026272.000
12/17/2009;11.15;11.26;10.76;10.78;14491041;158447184.000
12/18/2009;10.70;10.75;10.39;10.40;20046546;211877488.000
12/21/2009;10.36;10.49;10.28;10.48;9358489;97133072.000
12/22/2009;10.51;10.51;9.98;9.99;12665591;128929016.000
12/23/2009;10.00;10.14;9.92;10.07;10720526;107568856.000
12/24/2009;10.08;10.39;10.07;10.36;20553186;210727216.000
12/25/2009;10.36;10.36;10.20;10.26;12645439;130026960.000
12/28/2009;10.28;10.55;10.25;10.47;19628926;204945824.000
12/29/2009;10.46;10.47;10.22;10.39;11073610;114434376.000
12/30/2009;10.39;10.59;10.32;10.54;18484773;194161776.000
12/31/2009;10.54;10.58;10.35;10.55;12752682;133725088.000
01/04/2010;10.58;10.69;10.42;10.43;11061010;116598160.000
01/05/2010;10.50;10.79;10.40;10.75;17453209;185421856.000
01/06/2010;10.77;11.01;10.67;10.83;20823785;226802368.000
01/07/2010;10.75;10.87;10.43;10.49;16410024;175119680.000
01/08/2010;10.46;10.51;10.16;10.47;14650524;151580784.000
01/11/2010;10.68;10.97;10.51;10.81;22734983;244708656.000
01/12/2010;10.80;11.86;10.80;11.61;73799553;846369088.000
01/13/2010;11.40;11.88;11.35;11.49;50425551;587749312.000
01/14/2010;11.57;11.99;11.49;11.88;33338622;394168832.000
01/15/2010;11.94;11.98;11.65;11.89;24460520;288493024.000
01/18/2010;11.77;12.24;11.71;12.18;29682786;358353984.000
01/19/2010;12.20;12.28;11.87;11.99;21515951;258054800.000
01/20/2010;11.92;12.07;11.26;11.30;28832655;336000736.000
01/21/2010;11.35;11.44;11.03;11.19;17718504;198716352.000
01/22/2010;10.95;11.16;10.50;10.80;26126174;283531968.000
01/25/2010;10.60;10.99;10.60;10.68;10565556;114235976.000
01/26/2010;10.74;10.79;10.20;10.38;16596322;172661648.000
01/27/2010;10.40;10.55;10.20;10.35;12758637;132575552.000
01/28/2010;10.30;10.46;10.08;10.24;16356900;168026800.000
01/29/2010;10.08;10.35;10.00;10.21;12711606;129441768.000
02/01/2010;10.10;10.11;9.65;9.68;18469660;181117392.000
02/02/2010;9.85;10.05;9.73;9.77;11536325;114032144.000
02/03/2010;9.77;10.08;9.47;10.07;12618367;123935328.000
02/04/2010;9.99;10.13;9.84;10.00;9180964;91657152.000
02/05/2010;9.78;9.79;9.55;9.63;13615219;131610616.000
02/08/2010;9.61;9.79;9.61;9.70;6128806;59437080.000
02/09/2010;9.68;9.78;9.45;9.74;6822449;66173432.000
02/10/2010;9.80;9.93;9.75;9.91;8847980;86949168.000
02/11/2010;9.93;10.20;9.92;10.04;13857053;140092208.000
02/12/2010;10.12;10.17;10.00;10.13;4518917;45650440.000
02/22/2010;10.13;10.16;10.01;10.05;4572113;46044056.000
02/23/2010;10.04;10.04;9.77;9.95;6555568;64984552.000
02/24/2010;9.88;10.26;9.83;10.25;7734771;77818728.000
02/25/2010;10.29;10.38;10.19;10.35;9650114;99369256.000
02/26/2010;10.25;10.50;10.24;10.35;9638212;100092976.000
03/01/2010;10.35;10.48;10.25;10.41;10755840;111843200.000
03/02/2010;10.50;10.56;10.28;10.32;12289043;127882016.000
03/03/2010;10.34;10.58;10.30;10.50;19357422;201227824.000
03/04/2010;10.55;10.92;10.40;10.51;26645170;284023264.000
03/05/2010;10.70;11.00;10.47;10.80;33491127;362561888.000
03/08/2010;10.90;11.25;10.84;11.10;25890281;287243392.000
03/09/2010;11.11;11.35;10.85;11.22;25199002;281442080.000
03/10/2010;11.22;11.35;10.70;10.88;16235632;179281376.000
03/11/2010;10.81;10.99;10.75;10.84;9318787;101154160.000
03/12/2010;10.89;10.95;10.49;10.56;9947570;106281176.000
03/15/2010;10.65;10.78;10.20;10.27;12115664;126889832.000
03/16/2010;10.15;10.37;10.15;10.36;8373833;85844000.000
03/17/2010;10.36;10.97;10.33;10.79;18974152;202407920.000
03/18/2010;10.81;11.00;10.61;10.71;20217734;217930448.000
03/19/2010;10.70;10.90;10.60;10.84;16866002;181905104.000
03/22/2010;10.84;11.01;10.69;10.99;29250281;318564416.000
03/23/2010;10.99;10.99;10.54;10.67;19426000;207981904.000
