600022 济南钢铁 日线
      日期	    开盘	    最高	    最低	    收盘	    成交量	    成交额
06/29/2004;1.08;1.11;0.95;1.09;61968585;389750016.000
06/30/2004;1.07;1.08;1.00;1.02;23504612;145877088.000
07/01/2004;1.02;1.20;1.01;1.15;60029150;392309600.000
07/02/2004;1.12;1.16;1.10;1.15;27818599;181070416.000
07/05/2004;1.15;1.15;1.09;1.13;13345492;86105200.000
07/06/2004;1.14;1.15;1.11;1.13;16289464;106174696.000
07/07/2004;1.13;1.13;1.09;1.11;11361683;72891864.000
07/08/2004;1.10;1.11;1.06;1.10;9396364;59652568.000
07/09/2004;1.10;1.11;1.08;1.10;6280988;40152796.000
07/12/2004;1.10;1.10;1.03;1.05;7718140;48590064.000
07/13/2004;1.05;1.10;1.04;1.07;8780646;55550568.000
07/14/2004;1.10;1.12;1.06;1.11;9231396;58970320.000
07/15/2004;1.11;1.14;1.09;1.12;10702256;69145552.000
07/16/2004;1.14;1.17;1.12;1.15;25858017;170102880.000
07/19/2004;1.15;1.16;1.12;1.13;11428914;74662024.000
07/20/2004;1.13;1.14;1.10;1.10;7156562;46248440.000
07/21/2004;1.10;1.11;1.08;1.10;4652148;29781248.000
07/22/2004;1.10;1.11;1.06;1.06;7756803;49121460.000
07/23/2004;1.05;1.08;1.04;1.07;4674994;29244860.000
07/26/2004;1.06;1.06;1.02;1.02;5027055;31081808.000
07/27/2004;1.02;1.05;1.00;1.03;4042963;24824442.000
07/28/2004;1.03;1.04;1.01;1.04;2406931;14850536.000
07/29/2004;1.04;1.05;1.01;1.05;3433317;21257816.000
07/30/2004;1.05;1.05;1.01;1.01;3477711;21372536.000
08/02/2004;1.01;1.02;1.00;1.01;2042481;12468395.000
08/03/2004;1.01;1.03;0.98;1.00;2993179;18189446.000
08/04/2004;0.98;1.14;0.98;1.06;11628063;73199032.000
08/05/2004;1.06;1.08;1.02;1.02;5795930;36125352.000
08/06/2004;1.02;1.06;1.01;1.03;2934739;18168568.000
08/09/2004;1.03;1.03;1.00;1.02;2015155;12314196.000
08/10/2004;1.01;1.04;1.01;1.03;1786484;11015582.000
08/11/2004;1.03;1.03;1.00;1.01;1902423;11643185.000
08/12/2004;1.00;1.00;0.97;0.98;4592333;27605324.000
08/13/2004;0.98;1.00;0.97;0.98;2031706;12216786.000
08/16/2004;0.98;0.99;0.95;0.96;2259607;13461169.000
08/17/2004;0.96;0.98;0.93;0.97;2062281;12212171.000
08/18/2004;0.95;0.98;0.95;0.96;1780506;10604477.000
08/19/2004;0.95;0.96;0.94;0.96;1973729;11640755.000
08/23/2004;0.96;0.99;0.95;0.97;2226590;13317183.000
08/24/2004;0.97;1.04;0.96;1.00;4088153;24934460.000
08/25/2004;1.01;1.02;0.99;0.99;1768971;10718253.000
08/26/2004;1.00;1.03;0.98;1.01;3686904;22561200.000
08/27/2004;1.02;1.04;0.99;1.01;3518478;21622952.000
08/30/2004;1.00;1.02;1.00;1.02;1591970;9735789.000
08/31/2004;1.04;1.08;1.02;1.03;4797756;29842024.000
09/01/2004;1.03;1.03;1.00;1.00;2003275;12228066.000
09/02/2004;1.00;1.01;0.97;1.01;2391466;14445492.000
09/03/2004;1.01;1.02;0.99;1.00;1092076;6650822.000
09/06/2004;1.00;1.00;0.99;1.00;866228;5250507.000
09/07/2004;0.99;1.01;0.99;1.00;952078;5775114.000
09/08/2004;1.01;1.01;0.98;0.98;1335187;8058856.000
09/09/2004;0.98;0.98;0.94;0.95;2690100;15927905.000
09/10/2004;0.93;0.97;0.92;0.97;2172365;12813556.000
09/13/2004;0.96;0.97;0.94;0.95;2571458;15173913.000
09/14/2004;0.96;1.00;0.96;0.99;5394539;32396914.000
09/15/2004;0.99;1.08;0.98;1.06;13280987;82793712.000
09/16/2004;1.08;1.15;1.06;1.13;25939107;167797568.000
09/17/2004;1.12;1.14;1.08;1.14;21664990;140404000.000
09/20/2004;1.14;1.23;1.11;1.22;26992816;178350624.000
09/21/2004;1.22;1.25;1.17;1.22;22188721;150156352.000
09/22/2004;1.22;1.25;1.15;1.16;12172379;81832432.000
09/23/2004;1.15;1.21;1.10;1.21;8324914;54769076.000
09/24/2004;1.22;1.24;1.13;1.14;17967045;121733320.000
09/27/2004;1.17;1.19;1.11;1.13;6658546;43861180.000
09/28/2004;1.15;1.16;1.11;1.14;4141470;27092880.000
09/29/2004;1.16;1.17;1.13;1.14;3290558;21628242.000
09/30/2004;1.13;1.15;1.09;1.11;4029210;25970478.000
10/08/2004;1.09;1.16;1.09;1.16;3589866;23341874.000
10/11/2004;1.15;1.18;1.13;1.14;5973332;39507760.000
10/12/2004;1.13;1.15;1.09;1.11;4053679;26110452.000
10/13/2004;1.11;1.12;1.08;1.11;2809349;17942008.000
10/14/2004;1.11;1.11;1.00;1.03;4838303;30163528.000
10/15/2004;1.02;1.04;1.00;1.02;3242601;19819552.000
10/18/2004;1.02;1.06;1.00;1.05;3181239;19694216.000
10/19/2004;1.05;1.07;1.00;1.02;2708178;16792922.000
10/20/2004;1.02;1.02;0.99;0.99;3571000;21694910.000
10/21/2004;0.99;1.02;0.94;0.97;4682361;28021394.000
10/22/2004;0.97;0.98;0.94;0.97;4545734;27019216.000
10/25/2004;0.98;1.02;0.94;0.95;5153050;30930618.000
10/26/2004;0.95;1.00;0.92;1.00;3672482;21707454.000
10/27/2004;0.99;1.01;0.96;1.00;3081371;18568508.000
10/28/2004;1.00;1.01;0.98;0.99;3540766;21434404.000
10/29/2004;0.95;0.98;0.94;0.97;3870814;23064564.000
11/01/2004;0.96;0.96;0.93;0.94;2980155;17504972.000
11/02/2004;0.93;0.95;0.93;0.94;1514321;8872643.000
11/03/2004;0.94;0.97;0.94;0.96;1540797;9115259.000
11/04/2004;0.97;0.99;0.93;0.93;3170400;18802400.000
11/05/2004;0.97;0.97;0.94;0.95;1705041;10033484.000
11/08/2004;0.95;0.95;0.92;0.94;1867945;10877161.000
11/09/2004;0.94;0.95;0.92;0.94;1362751;7976838.000
11/10/2004;0.94;0.99;0.92;0.98;5789994;34503756.000
11/11/2004;0.99;1.02;0.96;0.98;8005143;48416188.000
11/12/2004;0.98;1.01;0.97;1.00;3887150;23511664.000
11/15/2004;1.00;1.01;0.98;1.00;2170530;13163649.000
11/16/2004;1.00;1.03;0.99;1.01;3473541;21199396.000
11/17/2004;1.01;1.01;0.97;0.97;2891821;17371540.000
11/18/2004;0.97;0.98;0.96;0.98;1842169;10972952.000
11/19/2004;0.98;0.98;0.96;0.97;2205113;13143206.000
11/22/2004;0.98;0.99;0.97;0.98;2557563;15322525.000
11/23/2004;0.98;0.99;0.95;0.96;1945244;11579852.000
11/24/2004;0.96;0.98;0.95;0.96;1824115;10858193.000
11/25/2004;0.96;0.99;0.96;0.98;3481011;20868488.000
11/26/2004;0.98;0.99;0.97;0.98;1187394;7122985.000
11/29/2004;0.98;0.99;0.95;0.96;1807841;10798431.000
11/30/2004;0.96;0.97;0.95;0.96;1421519;8407917.000
12/01/2004;0.95;0.97;0.95;0.95;783806;4637930.000
12/02/2004;0.97;0.97;0.93;0.94;2122444;12459232.000
12/03/2004;0.94;0.96;0.93;0.95;1566791;9213555.000
12/06/2004;0.95;0.97;0.94;0.96;1036759;6124176.000
12/07/2004;0.96;0.96;0.93;0.95;1172796;6913329.000
12/08/2004;0.95;0.97;0.94;0.95;1021425;6056607.000
12/09/2004;0.95;1.13;0.94;1.03;19096623;119881608.000
12/10/2004;1.02;1.04;0.98;0.99;7120894;43350292.000
12/13/2004;0.97;1.01;0.97;1.01;2842116;17195978.000
12/14/2004;1.02;1.03;1.00;1.03;4090481;25123476.000
12/15/2004;1.03;1.09;1.02;1.07;9359027;58714296.000
12/16/2004;1.07;1.07;1.01;1.02;4349495;27031450.000
12/17/2004;1.02;1.03;1.00;1.02;2621675;16062773.000
12/20/2004;1.02;1.02;0.98;0.99;2674272;16216365.000
12/21/2004;0.99;1.01;0.98;1.01;1828459;11099919.000
12/22/2004;1.01;1.06;1.00;1.05;3804564;23579364.000
12/23/2004;1.05;1.06;1.01;1.02;2516192;15602496.000
12/24/2004;1.02;1.04;1.02;1.03;1134615;7013519.000
12/27/2004;1.04;1.08;1.03;1.06;2840760;17806920.000
12/28/2004;1.06;1.06;1.04;1.05;1576040;9837065.000
12/29/2004;1.06;1.08;1.02;1.03;1869514;11628161.000
12/30/2004;1.03;1.05;1.01;1.03;1433386;8820768.000
12/31/2004;1.03;1.04;1.01;1.02;1201609;7385421.000
01/04/2005;0.98;1.01;0.95;0.97;2025808;12145893.000
01/05/2005;0.96;0.99;0.95;0.98;1527762;9122248.000
01/06/2005;0.98;0.98;0.94;0.95;1668521;9876946.000
01/07/2005;0.94;0.97;0.94;0.96;1198790;7085810.000
01/10/2005;0.94;0.97;0.94;0.97;921013;5474663.000
01/11/2005;0.96;0.98;0.96;0.98;700835;4199430.000
01/12/2005;0.97;0.98;0.96;0.98;752002;4493269.000
01/13/2005;0.97;0.99;0.95;0.98;1505554;8985495.000
01/14/2005;0.97;1.00;0.95;0.97;1210962;7262325.000
01/17/2005;0.94;0.95;0.91;0.92;1903451;11141929.000
01/18/2005;0.92;0.95;0.91;0.95;1802881;10504198.000
01/19/2005;0.95;0.95;0.92;0.93;916200;5365907.000
01/20/2005;0.92;0.93;0.90;0.91;2075039;12015007.000
01/21/2005;0.90;0.96;0.88;0.96;3408266;19899658.000
01/24/2005;0.98;1.00;0.96;0.98;3007066;18000076.000
01/25/2005;0.97;0.97;0.94;0.97;1056653;6252738.000
01/26/2005;0.96;0.99;0.96;0.97;1773711;10608373.000
01/27/2005;0.96;0.97;0.94;0.94;984100;5799220.000
01/28/2005;0.93;0.95;0.93;0.94;895087;5254912.000
01/31/2005;0.92;0.95;0.91;0.91;1183609;6873850.000
02/01/2005;0.92;0.95;0.92;0.93;1209448;7066238.000
02/02/2005;0.92;1.01;0.92;1.00;4359623;26167232.000
02/03/2005;1.00;1.03;0.97;0.98;4047081;24640508.000
02/04/2005;0.98;1.06;0.98;1.05;5784568;35610424.000
02/16/2005;1.07;1.07;1.03;1.03;4871221;30403952.000
02/17/2005;1.03;1.04;1.01;1.04;1805506;11106961.000
02/18/2005;1.03;1.03;1.00;1.00;1393900;8519648.000
02/21/2005;1.00;1.04;0.99;1.03;1995407;12283181.000
02/22/2005;1.04;1.06;1.02;1.06;5393285;33494332.000
02/23/2005;1.06;1.06;1.01;1.03;4347256;26875756.000
02/24/2005;1.03;1.04;1.00;1.04;3154672;19416888.000
02/25/2005;1.03;1.06;1.02;1.03;4640811;28822062.000
02/28/2005;1.03;1.03;1.00;1.01;2483351;15188391.000
03/01/2005;1.01;1.01;1.00;1.01;1703298;10385013.000
03/02/2005;1.00;1.02;0.95;0.96;5736961;34452736.000
03/03/2005;0.95;0.97;0.94;0.96;2327364;13766562.000
03/04/2005;0.96;0.97;0.95;0.97;1565077;9293038.000
03/07/2005;0.97;0.98;0.95;0.97;1023343;6101948.000
03/08/2005;0.97;0.99;0.96;0.99;1959148;11729556.000
03/09/2005;0.99;0.99;0.96;0.97;2329723;13932690.000
03/10/2005;0.97;0.98;0.93;0.95;2208680;13028807.000
03/11/2005;0.95;0.96;0.94;0.95;1492600;8786732.000
03/14/2005;0.95;0.97;0.92;0.96;2431781;14294599.000
03/15/2005;0.97;0.97;0.93;0.94;1330943;7836334.000
03/16/2005;0.93;0.95;0.92;0.94;2336557;13658954.000
03/17/2005;0.96;1.00;0.95;0.97;7222249;43356484.000
03/18/2005;0.98;0.98;0.95;0.97;2349052;13977712.000
03/21/2005;0.98;1.00;0.98;0.98;2600543;15684445.000
03/22/2005;0.99;0.99;0.93;0.94;2975085;17558452.000
03/23/2005;0.92;0.95;0.92;0.94;1891810;11086315.000
03/24/2005;0.94;0.95;0.93;0.95;1344393;7880754.000
03/25/2005;0.95;0.96;0.93;0.95;1141667;6727440.000
03/28/2005;0.95;0.95;0.92;0.95;1103605;6449594.000
03/29/2005;0.94;0.96;0.93;0.94;1122900;6611317.000
03/30/2005;0.93;0.94;0.92;0.93;1273356;7429659.000
03/31/2005;0.92;0.92;0.85;0.86;3818138;21482692.000
04/01/2005;0.86;0.95;0.85;0.94;4631804;26610682.000
04/04/2005;0.92;0.92;0.88;0.89;2107389;12071332.000
04/05/2005;0.89;0.89;0.85;0.87;2091436;11807745.000
04/06/2005;0.85;0.87;0.82;0.87;2902674;16134583.000
04/07/2005;0.86;0.90;0.84;0.87;4615661;26040780.000
04/08/2005;0.87;0.89;0.85;0.89;2502398;14116092.000
04/11/2005;0.90;0.92;0.89;0.90;3568694;20522100.000
04/12/2005;0.90;0.93;0.89;0.90;2969970;17167096.000
04/13/2005;0.92;0.94;0.91;0.92;3120547;18130534.000
04/14/2005;0.93;0.94;0.90;0.91;1753061;10151993.000
04/15/2005;0.93;0.96;0.91;0.92;6045183;35536224.000
04/18/2005;0.93;0.95;0.92;0.94;2731293;16006067.000
04/19/2005;0.94;0.95;0.92;0.94;1562167;9148509.000
04/21/2005;0.95;0.96;0.91;0.95;3618032;21177362.000
04/22/2005;0.99;1.03;0.96;1.00;13254009;80803992.000
04/25/2005;0.99;1.01;0.97;1.00;5213697;31423876.000
04/26/2005;1.00;1.00;0.96;0.99;4603696;27746316.000
04/27/2005;0.99;1.00;0.96;0.98;3785164;22725598.000
04/28/2005;0.98;1.02;0.97;1.01;5130216;31184172.000
04/29/2005;1.00;1.02;0.98;0.99;2438638;14799392.000
05/09/2005;0.99;1.00;0.91;0.92;2967928;17511368.000
05/10/2005;0.91;0.95;0.90;0.94;3063029;17789556.000
05/11/2005;0.92;0.95;0.92;0.93;1221049;7150093.000
05/12/2005;0.92;0.93;0.88;0.89;2016378;11593419.000
05/13/2005;0.89;0.95;0.89;0.94;2377066;13757696.000
05/16/2005;0.93;0.94;0.90;0.90;1311310;7613407.000
05/17/2005;0.90;0.95;0.89;0.92;1989435;11625584.000
05/18/2005;0.92;0.94;0.91;0.93;1220185;7112796.000
05/19/2005;0.91;0.95;0.91;0.95;1644399;9620566.000
05/20/2005;0.94;0.97;0.93;0.95;2055287;12148161.000
05/23/2005;0.95;0.99;0.94;0.97;4609994;27536106.000
05/24/2005;0.97;0.98;0.94;0.97;3567452;21216002.000
05/25/2005;0.97;0.99;0.97;0.98;4406093;26443408.000
05/26/2005;0.98;0.98;0.95;0.96;4832277;28697212.000
05/27/2005;0.95;0.95;0.89;0.89;3997413;21290160.000
05/30/2005;0.88;0.92;0.88;0.90;1515842;7930752.000
05/31/2005;0.91;0.92;0.89;0.89;1886321;9896824.000
06/01/2005;0.89;0.90;0.89;0.90;1623925;8472289.000
06/02/2005;0.90;0.91;0.87;0.88;1657012;8648437.000
06/03/2005;0.88;0.90;0.87;0.89;1242886;6445326.000
06/06/2005;0.89;0.91;0.86;0.89;1720219;8941815.000
06/07/2005;0.89;0.92;0.89;0.90;2831389;14916940.000
06/08/2005;0.89;1.02;0.89;1.00;8786023;48546124.000
06/09/2005;1.00;1.03;0.98;1.00;7352425;41093808.000
06/10/2005;1.00;1.00;0.96;0.97;4493005;24703760.000
06/13/2005;0.98;0.99;0.94;0.97;2575402;14015046.000
06/14/2005;0.97;1.01;0.96;0.97;3275920;18084722.000
06/15/2005;0.97;0.97;0.94;0.95;1925300;10438216.000
06/16/2005;0.95;1.00;0.94;0.98;2220053;12169126.000
06/17/2005;1.01;1.06;0.98;0.99;6322960;35511392.000
06/20/2005;1.00;1.02;0.95;1.02;5496305;30521694.000
06/21/2005;1.02;1.02;0.98;0.99;3691619;20596080.000
06/22/2005;0.99;0.99;0.96;0.97;2248867;12340218.000
06/23/2005;0.97;0.99;0.96;0.97;2082060;11469227.000
06/24/2005;0.97;0.99;0.97;0.98;1367259;7504842.000
06/27/2005;0.99;1.02;0.99;1.01;4464312;24990836.000
06/28/2005;1.01;1.01;0.97;0.97;2863830;15799170.000
06/29/2005;0.98;0.99;0.95;0.95;3343096;18176856.000
06/30/2005;0.94;0.94;0.91;0.91;2557088;13573465.000
07/01/2005;0.91;0.92;0.90;0.90;2056786;10814067.000
07/04/2005;0.90;0.90;0.88;0.89;2164783;11228839.000
07/05/2005;0.89;0.91;0.89;0.89;1189326;6211825.000
07/06/2005;0.90;0.91;0.89;0.89;785900;4112194.000
07/07/2005;0.89;0.91;0.89;0.90;1047991;5490068.000
07/08/2005;0.90;0.90;0.87;0.87;1508305;7775509.000
07/11/2005;0.88;0.89;0.86;0.86;1433339;7371369.000
07/12/2005;0.84;0.90;0.84;0.89;2157823;11098276.000
07/13/2005;0.89;0.90;0.87;0.89;1621972;8408238.000
07/14/2005;0.87;0.90;0.87;0.88;986830;5122336.000
07/15/2005;0.88;0.89;0.86;0.86;1199700;6181810.000
07/18/2005;0.87;0.88;0.85;0.86;1385898;7093549.000
07/19/2005;0.86;0.87;0.85;0.87;893684;4565150.000
07/20/2005;0.87;0.88;0.86;0.88;729059;3746476.000
07/21/2005;0.88;0.89;0.86;0.89;1837209;9499381.000
07/22/2005;0.90;0.92;0.89;0.90;4464953;23445196.000
07/25/2005;0.90;0.91;0.88;0.89;1494127;7786333.000
07/26/2005;0.89;0.93;0.89;0.92;3953098;20902804.000
07/27/2005;0.92;0.94;0.91;0.94;4155418;22167322.000
07/28/2005;0.94;0.95;0.92;0.92;4469907;23923336.000
07/29/2005;0.92;0.93;0.90;0.90;2034680;10755386.000
08/01/2005;0.90;0.93;0.90;0.93;2210128;11741168.000
08/02/2005;0.94;0.95;0.93;0.95;2651591;14243544.000
08/03/2005;0.96;0.97;0.94;0.94;4569233;24851536.000
08/04/2005;0.94;0.96;0.94;0.94;2196143;11820324.000
08/05/2005;0.94;0.99;0.94;0.99;5707847;31391992.000
08/08/2005;0.99;1.04;0.99;1.02;12945973;73109952.000
08/09/2005;1.03;1.07;1.02;1.07;9914351;57131120.000
08/10/2005;1.08;1.09;1.05;1.08;12372247;71811592.000
08/11/2005;1.12;1.13;1.07;1.08;26050001;153234688.000
08/12/2005;1.08;1.09;1.05;1.05;15319472;89227360.000
08/15/2005;1.06;1.11;1.06;1.11;8734015;51194100.000
08/16/2005;1.11;1.11;1.07;1.08;7771230;45768744.000
08/17/2005;1.07;1.09;1.05;1.08;5237016;30406782.000
08/18/2005;1.08;1.09;1.00;1.00;9676535;55533940.000
08/19/2005;1.00;1.03;0.98;1.01;4873679;27246796.000
08/22/2005;1.01;1.03;1.00;1.03;2588357;14624418.000
08/23/2005;1.02;1.04;0.98;1.02;4219361;23668876.000
08/24/2005;1.02;1.03;1.01;1.02;3103639;17536316.000
08/25/2005;1.01;1.02;0.99;1.00;2956189;16460099.000
08/26/2005;1.00;1.01;0.98;1.00;2330012;12929477.000
08/29/2005;1.00;1.00;0.97;0.97;2591500;14287532.000
08/30/2005;0.97;1.01;0.96;0.98;3153365;17455688.000
08/31/2005;0.99;1.00;0.98;1.00;2348103;13025629.000
09/01/2005;1.00;1.02;0.99;1.02;3940929;22094844.000
09/02/2005;1.02;1.02;0.99;1.00;3353844;18758582.000
09/05/2005;1.01;1.02;1.00;1.02;2099518;11792095.000
09/06/2005;1.02;1.02;0.97;0.98;4450002;24801772.000
09/07/2005;0.97;1.00;0.97;1.00;3112328;17197168.000
09/08/2005;1.00;1.03;1.00;1.02;3776887;21256516.000
09/09/2005;1.02;1.03;1.00;1.01;2506165;14106827.000
09/12/2005;1.01;1.03;1.00;1.02;1759465;9923536.000
09/13/2005;1.02;1.06;1.02;1.06;5118395;29323562.000
09/14/2005;1.06;1.06;1.04;1.05;3191193;18291488.000
09/15/2005;1.05;1.06;1.04;1.05;2358377;13563907.000
09/16/2005;1.05;1.06;1.04;1.06;2593248;14907358.000
09/19/2005;1.06;1.06;1.04;1.06;2964302;17072016.000
09/20/2005;1.06;1.06;1.02;1.02;4054593;23028780.000
09/21/2005;1.02;1.03;0.98;0.99;3485433;19455516.000
09/22/2005;0.99;1.00;0.95;0.96;3735672;20495116.000
09/23/2005;0.96;0.97;0.95;0.95;1925213;10446094.000
09/26/2005;0.95;0.96;0.94;0.95;1547451;8367308.000
09/27/2005;0.95;0.95;0.92;0.93;1600495;8570842.000
09/28/2005;0.93;0.95;0.93;0.93;1037929;5558282.000
09/29/2005;0.94;0.95;0.93;0.94;2305358;12351317.000
09/30/2005;0.94;0.97;0.94;0.95;1489666;8073312.000
10/10/2005;0.95;0.95;0.92;0.92;1636933;8746907.000
10/11/2005;0.92;0.93;0.92;0.93;1141090;6083306.000
10/12/2005;0.93;0.96;0.93;0.95;1901133;10263916.000
10/13/2005;0.95;0.96;0.93;0.94;1122496;6049414.000
10/14/2005;0.93;0.94;0.93;0.93;1175377;6278914.000
10/17/2005;0.93;0.93;0.87;0.88;2824327;14697556.000
10/18/2005;0.88;0.89;0.87;0.89;1934112;10015100.000
10/19/2005;0.89;0.89;0.86;0.86;2946318;15100137.000
10/20/2005;0.86;0.87;0.84;0.87;3418636;17306400.000
10/21/2005;0.86;0.87;0.85;0.87;1944379;9959546.000
10/24/2005;0.86;0.86;0.82;0.82;4908411;24497216.000
10/25/2005;0.82;0.82;0.75;0.75;6279896;30211456.000
10/26/2005;0.75;0.75;0.73;0.73;4003654;18785786.000
10/27/2005;0.73;0.74;0.71;0.73;3256160;15124001.000
10/28/2005;0.74;0.76;0.72;0.75;3555758;16662950.000
10/31/2005;0.75;0.75;0.73;0.74;2238349;10507551.000
11/01/2005;0.74;0.74;0.68;0.71;3600777;16396139.000
11/02/2005;0.70;0.75;0.70;0.73;3044150;14213438.000
11/03/2005;0.73;0.74;0.71;0.72;1773939;8261089.000
11/04/2005;0.72;0.73;0.70;0.72;1144599;5257054.000
11/07/2005;0.72;0.72;0.69;0.71;1821421;8321695.000
11/08/2005;0.71;0.72;0.70;0.72;1425031;6549992.000
11/09/2005;0.73;0.73;0.70;0.70;2210512;10225232.000
11/10/2005;0.70;0.72;0.68;0.68;2277235;10385168.000
11/11/2005;0.68;0.68;0.65;0.67;2395504;10647991.000
11/14/2005;0.66;0.68;0.66;0.68;1257721;5607167.000
11/15/2005;0.68;0.68;0.66;0.66;1489217;6639799.000
11/16/2005;0.65;0.75;0.62;0.73;7192421;32356914.000
11/17/2005;0.71;0.72;0.68;0.68;4313434;19663320.000
11/18/2005;0.68;0.73;0.67;0.71;5068598;23337128.000
11/21/2005;0.72;0.73;0.70;0.71;1866331;8589626.000
11/22/2005;0.71;0.71;0.68;0.68;1970523;8925669.000
11/23/2005;0.68;0.70;0.67;0.69;1376624;6219885.000
11/24/2005;0.68;0.73;0.68;0.70;2631068;12095279.000
11/28/2005;0.70;0.71;0.68;0.68;1552011;7040088.000
11/29/2005;0.68;0.69;0.66;0.67;2053741;9183168.000
11/30/2005;0.66;0.66;0.65;0.66;1714324;7558495.000
12/01/2005;0.65;0.67;0.65;0.67;1457121;6457080.000
12/02/2005;0.68;0.70;0.66;0.67;2686740;12086860.000
12/05/2005;0.67;0.68;0.65;0.66;1073417;4762332.000
12/06/2005;0.67;0.69;0.67;0.68;1881487;8462176.000
12/07/2005;0.68;0.70;0.68;0.69;1381932;6249854.000
12/08/2005;0.69;0.69;0.68;0.68;1184472;5344196.000
12/09/2005;0.68;0.70;0.67;0.70;1584709;7170184.000
12/12/2005;0.70;0.70;0.68;0.69;1375302;6226716.000
12/13/2005;0.70;0.70;0.68;0.69;1335900;6045098.000
12/14/2005;0.69;0.71;0.68;0.70;2409171;10942520.000
12/15/2005;0.70;0.72;0.69;0.70;3156524;14510526.000
12/16/2005;0.70;0.73;0.70;0.72;2126056;9835119.000
12/19/2005;0.72;0.74;0.72;0.73;2936612;13683639.000
12/20/2005;0.73;0.73;0.71;0.72;1636173;7566843.000
12/21/2005;0.73;0.73;0.72;0.72;1937100;8986755.000
12/22/2005;0.72;0.72;0.70;0.71;1317067;6049966.000
12/23/2005;0.71;0.72;0.70;0.72;1776523;8162526.000
12/26/2005;0.71;0.73;0.71;0.73;2320226;10750747.000
12/27/2005;0.72;0.73;0.71;0.72;2026363;9379343.000
12/28/2005;0.72;0.74;0.71;0.73;2495605;11591289.000
12/29/2005;0.73;0.74;0.73;0.74;2966645;13897179.000
12/30/2005;0.74;0.75;0.71;0.72;2390710;11143493.000
01/04/2006;0.72;0.73;0.71;0.73;2357918;10964262.000
01/05/2006;0.73;0.79;0.73;0.77;5568233;26451748.000
01/06/2006;0.77;0.81;0.76;0.80;6970291;33996924.000
01/09/2006;0.80;0.81;0.79;0.80;3406122;16641965.000
01/10/2006;0.81;0.81;0.78;0.80;2996009;14573516.000
01/11/2006;0.80;0.86;0.79;0.81;5784311;28805384.000
01/12/2006;0.81;0.85;0.81;0.84;3562594;17769750.000
01/13/2006;0.84;0.85;0.82;0.82;2721377;13595180.000
01/16/2006;0.82;0.82;0.77;0.77;4603804;22473080.000
01/17/2006;0.77;0.80;0.76;0.79;2837293;13694367.000
01/18/2006;0.79;0.82;0.77;0.81;3387748;16656297.000
01/19/2006;0.83;0.92;0.81;0.90;12996878;67168208.000
01/20/2006;0.90;0.93;0.89;0.91;9432530;49908028.000
01/23/2006;0.91;0.94;0.90;0.92;4704478;25020392.000
01/24/2006;0.92;0.96;0.91;0.95;5600188;30067852.000
01/25/2006;0.95;0.96;0.92;0.93;4429665;23852146.000
02/06/2006;0.94;1.00;0.92;0.97;6619099;36001840.000
02/07/2006;0.98;0.98;0.92;0.94;5731387;30909126.000
02/08/2006;0.94;0.96;0.91;0.96;4031575;21477692.000
02/09/2006;0.96;0.97;0.92;0.95;5591602;30071590.000
02/10/2006;0.94;0.97;0.93;0.96;4185697;22737572.000
02/13/2006;0.96;0.97;0.92;0.93;2720235;14603814.000
02/14/2006;0.93;0.94;0.92;0.92;2280465;12161511.000
02/15/2006;0.92;0.94;0.91;0.92;4734764;25196514.000
02/16/2006;0.92;0.92;0.85;0.89;7115128;36854748.000
02/17/2006;0.87;0.89;0.86;0.87;2100898;10823630.000
02/20/2006;0.87;0.90;0.86;0.88;2294828;11872079.000
02/21/2006;0.88;0.97;0.87;0.96;8407283;45105524.000
02/22/2006;0.97;0.98;0.95;0.96;6847730;37454108.000
02/23/2006;0.95;0.97;0.94;0.97;3673497;19874502.000
02/24/2006;0.97;0.99;0.97;0.98;5190284;28539900.000
03/21/2006;0.93;1.01;0.92;1.00;8859842;48666060.000
03/22/2006;0.99;1.07;0.98;1.04;8544473;48638032.000
03/23/2006;1.04;1.07;1.02;1.05;5309548;30660504.000
03/24/2006;1.04;1.08;1.04;1.05;6369638;36805840.000
03/27/2006;1.04;1.06;1.04;1.05;5217566;29912424.000
03/28/2006;1.05;1.08;1.03;1.06;8703406;50060516.000
04/24/2006;1.24;1.24;1.06;1.07;28189085;128412640.000
04/25/2006;1.06;1.11;1.01;1.08;8533090;37560356.000
04/26/2006;1.08;1.10;0.99;1.00;8810288;38831012.000
04/27/2006;1.00;1.03;0.99;1.01;5518353;23773444.000
04/28/2006;1.00;1.00;0.93;0.97;8223198;34319464.000
05/08/2006;0.97;1.00;0.96;1.00;6264964;26688374.000
05/09/2006;1.00;1.04;1.00;1.04;8108529;35093140.000
05/10/2006;1.04;1.07;1.00;1.06;8851651;38818412.000
05/11/2006;1.06;1.10;1.04;1.04;10906004;48816564.000
05/12/2006;1.03;1.08;1.02;1.08;7772816;34291544.000
05/15/2006;1.10;1.14;1.09;1.14;13186597;60621128.000
05/16/2006;1.14;1.20;1.10;1.11;13022018;60818520.000
05/17/2006;1.11;1.16;1.10;1.14;8029393;37125932.000
05/18/2006;1.15;1.19;1.12;1.17;9612501;45229176.000
05/19/2006;1.17;1.27;1.16;1.24;16293674;79213544.000
05/22/2006;1.24;1.39;1.23;1.36;21371217;110300080.000
05/23/2006;1.35;1.36;1.26;1.27;12274725;62287248.000
05/24/2006;1.27;1.33;1.12;1.19;9450968;46065984.000
05/26/2006;1.20;1.29;1.20;1.27;7546957;37248592.000
05/29/2006;1.29;1.37;1.29;1.35;11913411;61721812.000
05/30/2006;1.38;1.38;1.30;1.31;7714661;39620764.000
05/31/2006;1.31;1.34;1.28;1.30;7159160;36323964.000
06/01/2006;1.33;1.47;1.33;1.44;17608829;94393808.000
06/02/2006;1.47;1.58;1.43;1.45;21122311;118530384.000
06/05/2006;1.47;1.53;1.39;1.48;10120462;55450220.000
06/06/2006;1.46;1.48;1.42;1.45;6774239;36995396.000
06/07/2006;1.44;1.48;1.28;1.29;8717279;45587912.000
06/08/2006;1.27;1.29;1.20;1.27;7238699;35614024.000
06/09/2006;1.27;1.29;1.22;1.23;6763597;33527740.000
06/12/2006;1.21;1.26;1.19;1.23;2895678;14086837.000
06/13/2006;1.23;1.26;1.19;1.21;2752176;13396285.000
06/14/2006;1.21;1.22;1.13;1.15;5173382;24387784.000
06/15/2006;1.14;1.18;1.12;1.14;3351855;15675000.000
06/16/2006;1.15;1.22;1.15;1.22;3760438;17998560.000
06/19/2006;1.22;1.41;1.20;1.36;13062964;67404352.000
06/20/2006;1.36;1.40;1.33;1.37;6911035;36080008.000
06/21/2006;1.34;1.39;1.31;1.37;6083634;31783196.000
06/22/2006;1.37;1.37;1.34;1.35;7622146;39738688.000
06/23/2006;1.31;1.31;1.26;1.30;4019315;15546576.000
06/26/2006;1.31;1.32;1.28;1.29;5998718;23240578.000
06/27/2006;1.30;1.36;1.30;1.34;4424162;17491672.000
06/28/2006;1.35;1.44;1.35;1.43;12026413;49623268.000
06/29/2006;1.44;1.52;1.44;1.50;13774026;59267412.000
06/30/2006;1.50;1.52;1.44;1.46;9294561;39521808.000
07/03/2006;1.46;1.48;1.44;1.46;7577707;32012416.000
07/04/2006;1.46;1.48;1.41;1.42;7044807;29431520.000
07/05/2006;1.42;1.42;1.37;1.39;4773886;19445128.000
07/06/2006;1.40;1.43;1.39;1.42;4399609;18111594.000
07/07/2006;1.42;1.42;1.38;1.39;4242752;17394132.000
07/10/2006;1.39;1.40;1.36;1.40;4246572;17142952.000
07/11/2006;1.39;1.40;1.37;1.38;2973410;12116859.000
07/12/2006;1.38;1.40;1.38;1.38;3687213;15033265.000
07/13/2006;1.38;1.39;1.25;1.26;9315785;36334928.000
07/14/2006;1.24;1.30;1.21;1.25;5237793;19988116.000
07/17/2006;1.26;1.28;1.25;1.28;3224503;12315545.000
07/18/2006;1.28;1.29;1.25;1.27;2368846;9037373.000
07/19/2006;1.28;1.28;1.22;1.23;2584692;9727979.000
07/20/2006;1.23;1.25;1.21;1.25;3206268;11996485.000
07/21/2006;1.25;1.25;1.22;1.25;2858784;10697187.000
07/24/2006;1.23;1.24;1.22;1.24;1777619;6645339.000
07/25/2006;1.24;1.26;1.23;1.25;3183543;11987630.000
07/26/2006;1.25;1.28;1.23;1.28;4998081;18996476.000
07/27/2006;1.28;1.29;1.25;1.27;3402395;12988154.000
07/28/2006;1.30;1.33;1.27;1.31;7853880;30536416.000
07/31/2006;1.31;1.35;1.28;1.29;6257007;24530640.000
08/01/2006;1.31;1.32;1.22;1.24;2529514;9609521.000
08/02/2006;1.28;1.28;1.21;1.24;2256248;8437784.000
08/03/2006;1.27;1.27;1.21;1.21;2879323;10739859.000
08/04/2006;1.24;1.24;1.18;1.18;2526867;9317682.000
08/07/2006;1.18;1.20;1.12;1.19;4470451;16078001.000
08/08/2006;1.20;1.23;1.15;1.22;8616004;31384852.000
08/09/2006;1.24;1.25;1.20;1.22;7573396;28087250.000
08/10/2006;1.22;1.22;1.19;1.22;3066738;11344161.000
08/11/2006;1.22;1.25;1.20;1.25;3509190;13014470.000
08/14/2006;1.26;1.26;1.19;1.21;3586327;13408807.000
08/15/2006;1.19;1.22;1.19;1.22;2189767;8081347.000
08/16/2006;1.21;1.23;1.21;1.23;2284036;8491772.000
08/17/2006;1.22;1.22;1.20;1.21;1454787;5364838.000
08/18/2006;1.21;1.21;1.19;1.20;1499171;5502394.000
08/21/2006;1.16;1.19;1.14;1.19;3408624;12252971.000
08/22/2006;1.19;1.19;1.17;1.19;3894254;14078429.000
08/23/2006;1.19;1.22;1.18;1.19;3005315;11013916.000
08/24/2006;1.19;1.22;1.17;1.21;2773883;10166779.000
08/25/2006;1.21;1.21;1.19;1.19;1778424;6528526.000
08/28/2006;1.20;1.23;1.19;1.22;3605748;13360352.000
08/29/2006;1.22;1.25;1.21;1.22;4487462;16814356.000
08/30/2006;1.22;1.22;1.20;1.21;2180156;8039895.000
08/31/2006;1.21;1.27;1.21;1.25;5850201;22072740.000
09/01/2006;1.27;1.27;1.21;1.25;5181992;19554484.000
09/04/2006;1.25;1.26;1.23;1.25;3392327;12824283.000
09/05/2006;1.25;1.26;1.23;1.24;3463392;13027533.000
09/06/2006;1.23;1.25;1.21;1.23;2828711;10550846.000
09/07/2006;1.23;1.23;1.19;1.19;3809815;14002202.000
09/08/2006;1.19;1.20;1.19;1.20;1413311;5180464.000
09/11/2006;1.20;1.21;1.19;1.21;1521838;5595666.000
09/12/2006;1.21;1.23;1.20;1.22;2611669;9668518.000
09/13/2006;1.22;1.25;1.21;1.22;4306427;16127494.000
09/14/2006;1.22;1.24;1.21;1.22;1915821;7102002.000
09/15/2006;1.22;1.25;1.21;1.24;5837606;21941284.000
09/18/2006;1.25;1.30;1.25;1.29;9099539;35085920.000
09/19/2006;1.30;1.30;1.27;1.27;3624188;13909486.000
09/20/2006;1.27;1.27;1.24;1.25;2593854;9821699.000
09/21/2006;1.25;1.28;1.25;1.26;4082573;15497591.000
09/22/2006;1.26;1.27;1.21;1.23;4370608;16330059.000
09/25/2006;1.22;1.22;1.20;1.20;2706300;9989090.000
09/26/2006;1.20;1.21;1.19;1.21;1608012;5905636.000
09/27/2006;1.21;1.21;1.19;1.21;1784964;6571860.000
09/28/2006;1.21;1.23;1.21;1.22;1711539;6351767.000
09/29/2006;1.22;1.24;1.22;1.23;2457062;9165396.000
10/09/2006;1.24;1.26;1.24;1.25;2836120;10701359.000
10/10/2006;1.25;1.32;1.25;1.31;14617306;56812600.000
10/11/2006;1.31;1.34;1.30;1.33;7545795;29639288.000
10/12/2006;1.34;1.52;1.34;1.51;47073567;200537184.000
10/13/2006;1.51;1.51;1.45;1.46;17002806;72386240.000
10/16/2006;1.45;1.65;1.45;1.56;25213784;112131304.000
10/17/2006;1.55;1.57;1.50;1.55;7233800;31817380.000
10/18/2006;1.56;1.64;1.54;1.58;11943954;54170856.000
10/19/2006;1.58;1.60;1.53;1.56;11203986;50011984.000
10/20/2006;1.56;1.59;1.50;1.55;10735139;47647332.000
10/23/2006;1.55;1.64;1.53;1.55;18009052;81756168.000
10/24/2006;1.55;1.63;1.54;1.63;12716763;57864340.000
10/25/2006;1.64;1.78;1.63;1.73;27564878;131871712.000
10/26/2006;1.73;1.87;1.70;1.82;24068992;120008912.000
10/27/2006;1.83;1.84;1.74;1.82;19348703;96333520.000
10/30/2006;1.82;1.98;1.82;1.94;22928405;119931608.000
10/31/2006;1.95;2.00;1.88;1.88;14176835;74664512.000
11/01/2006;1.88;1.95;1.86;1.91;10685905;55200380.000
11/02/2006;1.93;2.07;1.92;2.00;18409053;99585608.000
11/03/2006;2.02;2.11;1.97;2.00;17290911;94750272.000
11/06/2006;1.99;2.25;1.96;2.25;32354480;188763952.000
11/07/2006;2.27;2.35;2.25;2.29;27562110;166568576.000
11/08/2006;2.29;2.33;2.22;2.24;10241415;61420188.000
11/09/2006;2.21;2.30;2.19;2.27;10355427;61493200.000
11/10/2006;2.28;2.28;2.09;2.12;14048219;81219344.000
11/13/2006;2.13;2.27;2.03;2.17;16228877;92602512.000
11/14/2006;2.14;2.15;1.94;2.09;14484508;79476680.000
11/15/2006;2.10;2.30;2.08;2.28;21867085;127994600.000
11/16/2006;2.29;2.47;2.27;2.31;27449888;170446560.000
11/17/2006;2.28;2.44;2.24;2.44;19752425;121829432.000
11/20/2006;2.44;2.52;2.41;2.46;15372071;98739040.000
11/21/2006;2.44;2.44;2.32;2.40;9630706;59967584.000
11/22/2006;2.39;2.40;2.30;2.37;7180589;44054116.000
11/23/2006;2.36;2.44;2.31;2.37;7447322;46092148.000
11/24/2006;2.35;2.39;2.31;2.35;6515198;39978584.000
11/27/2006;2.35;2.41;2.31;2.37;6188689;38091272.000
11/28/2006;2.37;2.38;2.31;2.34;5607144;34274632.000
11/29/2006;2.29;2.61;2.21;2.55;19216185;119480800.000
11/30/2006;2.49;2.65;2.49;2.59;14358806;95991424.000
12/01/2006;2.59;2.69;2.58;2.59;16358941;110971760.000
12/04/2006;2.59;2.67;2.58;2.62;6633349;44545596.000
12/05/2006;2.62;2.63;2.49;2.53;9629580;63854920.000
12/06/2006;2.51;2.57;2.36;2.43;10972748;69873112.000
12/07/2006;2.43;2.60;2.43;2.50;9630548;63098012.000
12/08/2006;2.46;2.55;2.38;2.39;7370291;46861464.000
12/11/2006;2.38;2.50;2.36;2.49;10437094;66788416.000
12/12/2006;2.51;2.65;2.48;2.63;13605457;89869824.000
12/13/2006;2.65;2.72;2.59;2.62;6237338;42545376.000
12/14/2006;2.62;2.76;2.62;2.72;8506698;59174136.000
12/15/2006;2.73;2.79;2.65;2.74;5165689;35798536.000
12/18/2006;2.74;2.81;2.67;2.79;10393999;72540160.000
12/19/2006;2.80;2.93;2.76;2.81;11547408;83521200.000
12/20/2006;2.82;2.92;2.69;2.80;6911445;48399672.000
12/21/2006;2.79;2.79;2.65;2.68;12888692;88782128.000
12/22/2006;2.63;2.67;2.56;2.63;5177434;34775620.000
12/25/2006;2.62;2.70;2.60;2.69;7198902;49155956.000
12/26/2006;2.70;2.90;2.68;2.88;14874197;106248608.000
12/27/2006;2.87;3.04;2.84;3.00;7935882;59217128.000
12/28/2006;3.00;3.00;2.82;2.88;7418433;54809404.000
12/29/2006;2.97;3.15;2.93;3.06;13096683;100649448.000
01/04/2007;3.10;3.41;3.10;3.35;16267238;134690688.000
01/05/2007;3.34;3.68;3.29;3.44;9190609;79456600.000
01/08/2007;3.43;3.50;3.34;3.41;5778807;48733856.000
01/09/2007;3.42;3.75;3.42;3.74;11004821;96977152.000
01/10/2007;3.75;3.93;3.71;3.87;6691214;62335808.000
01/11/2007;3.85;3.86;3.67;3.76;5987161;55030696.000
01/12/2007;3.70;3.81;3.50;3.63;5952205;53377704.000
01/15/2007;3.58;3.74;3.53;3.73;10702974;95813752.000
01/16/2007;3.72;3.77;3.65;3.71;12266511;111502344.000
01/17/2007;3.69;4.13;3.69;3.97;11461602;109847744.000
01/18/2007;3.94;3.95;3.58;3.74;5546611;50851208.000
01/19/2007;3.69;3.81;3.63;3.73;5041663;45923296.000
01/22/2007;3.76;4.04;3.76;3.99;9173724;87657768.000
01/23/2007;4.00;4.44;3.94;4.42;21474983;218926416.000
01/24/2007;4.48;4.65;4.40;4.47;13630880;148627360.000
01/25/2007;4.38;4.38;4.04;4.08;6300648;63943056.000
01/26/2007;4.07;4.30;3.69;4.25;7608505;74465352.000
01/29/2007;4.23;4.52;4.19;4.46;8966621;95633592.000
01/30/2007;4.44;4.65;4.32;4.38;14533572;156921472.000
01/31/2007;4.36;4.37;3.89;3.89;8116510;82056136.000
02/01/2007;3.79;3.91;3.62;3.83;9285111;86043768.000
02/02/2007;3.81;3.83;3.44;3.47;8578875;76348192.000
02/05/2007;3.41;3.66;3.25;3.44;14201858;119227056.000
02/06/2007;3.43;3.48;3.19;3.34;13417548;111545224.000
02/07/2007;3.39;3.73;3.39;3.66;25099711;225181600.000
02/08/2007;3.62;3.76;3.56;3.71;7831263;70353736.000
02/09/2007;3.72;3.82;3.60;3.64;5576360;50252440.000
02/12/2007;3.63;3.90;3.62;3.86;6247604;57227864.000
02/13/2007;3.89;3.91;3.81;3.88;4978443;46977312.000
02/14/2007;3.88;3.99;3.78;3.95;14409837;136466192.000
02/15/2007;3.96;4.13;3.94;4.09;20315537;199712464.000
02/16/2007;4.25;4.40;4.10;4.27;25244147;258030816.000
02/26/2007;4.30;4.69;4.27;4.69;15383410;165596160.000
02/27/2007;4.69;4.73;4.17;4.17;16920787;179198784.000
02/28/2007;4.10;4.60;4.03;4.44;13516086;138027760.000
03/01/2007;4.50;4.50;4.05;4.16;10413434;106598352.000
03/02/2007;4.13;4.30;3.94;4.27;11530754;116250584.000
03/05/2007;4.29;4.35;3.95;4.03;12020282;119921232.000
03/06/2007;4.03;4.13;3.96;4.08;3764465;37093112.000
03/07/2007;4.13;4.35;4.13;4.25;8428209;87104120.000
03/08/2007;4.26;4.35;4.23;4.27;5614523;58030636.000
03/09/2007;4.30;4.53;4.29;4.45;19279454;205737072.000
03/12/2007;4.50;4.92;4.41;4.76;18989271;209936096.000
03/13/2007;4.75;4.80;4.63;4.69;9483331;107256912.000
03/14/2007;4.63;4.73;4.40;4.60;9423397;102933976.000
03/15/2007;4.59;4.72;4.50;4.68;9496459;104559232.000
03/16/2007;4.69;4.72;4.41;4.47;6251061;67810576.000
03/19/2007;4.23;4.64;4.21;4.53;8957126;96828848.000
03/20/2007;4.50;4.54;4.38;4.41;6250441;66603964.000
03/21/2007;4.43;4.52;4.36;4.50;5009708;53279220.000
03/22/2007;4.52;4.73;4.45;4.60;11936036;131568768.000
03/23/2007;4.62;4.62;4.45;4.59;5666636;61700292.000
03/26/2007;4.60;4.66;4.55;4.62;6254527;69095808.000
03/27/2007;4.64;4.67;4.52;4.64;8625021;95153240.000
03/28/2007;4.66;4.88;4.56;4.87;20378335;232254864.000
03/29/2007;4.87;4.96;4.69;4.69;9160901;105337064.000
03/30/2007;4.64;4.85;4.63;4.81;6108307;69237760.000
04/02/2007;4.87;5.34;4.82;5.34;21141208;259286560.000
04/03/2007;5.43;5.64;5.33;5.51;21750239;282557440.000
04/04/2007;5.50;5.63;5.36;5.54;9998381;130386712.000
04/05/2007;5.52;5.64;5.43;5.62;6149433;80117288.000
04/06/2007;5.59;6.02;5.47;5.69;6184685;83183168.000
04/09/2007;5.69;6.16;5.69;6.05;13032040;183290736.000
04/10/2007;6.06;6.44;6.02;6.41;14982233;216715440.000
04/11/2007;6.44;7.08;6.44;7.04;9949971;153437856.000
04/12/2007;6.73;6.95;6.49;6.75;11403892;177589984.000
04/13/2007;6.68;6.68;6.33;6.38;11357291;170221104.000
04/16/2007;6.53;6.68;6.39;6.56;9808187;147559344.000
04/17/2007;6.54;6.55;6.33;6.49;9692893;145296832.000
04/18/2007;6.49;6.62;6.21;6.57;9624967;145455168.000
04/19/2007;6.58;6.78;6.06;6.61;13377031;200603648.000
04/20/2007;6.48;7.07;6.45;6.97;15517647;244760368.000
04/23/2007;6.98;7.30;6.80;7.25;12363222;202955040.000
04/24/2007;7.25;7.26;6.95;7.14;11902864;194737648.000
04/25/2007;7.07;7.07;6.44;6.75;14573372;227906240.000
04/26/2007;6.83;6.94;6.62;6.84;8483507;132892656.000
04/27/2007;6.86;6.88;6.57;6.58;7663361;118113240.000
04/30/2007;6.58;6.72;6.39;6.47;9776648;147378784.000
05/08/2007;6.61;6.70;6.47;6.67;10309856;157702624.000
05/09/2007;6.63;6.71;6.40;6.53;10570768;160702992.000
05/10/2007;6.55;7.17;6.54;7.02;20759222;332264320.000
05/11/2007;7.02;7.02;6.63;6.72;12588588;197300880.000
05/14/2007;6.69;7.37;6.58;7.16;21279914;349515008.000
05/15/2007;7.18;7.21;6.77;6.91;9452005;152271392.000
05/16/2007;6.91;7.05;6.68;6.99;6334779;100886376.000
05/17/2007;7.04;7.37;6.95;7.18;14836004;247127296.000
05/18/2007;7.22;7.49;7.13;7.43;17756935;302440064.000
05/21/2007;7.23;7.74;7.14;7.45;12188651;210649712.000
05/22/2007;7.37;7.45;7.19;7.24;13745997;229905120.000
05/23/2007;7.27;7.27;6.98;7.13;15989895;261113152.000
05/25/2007;7.05;7.23;6.96;7.09;8401489;137758176.000
05/28/2007;7.09;7.35;7.09;7.28;11441052;190284384.000
05/29/2007;7.33;7.40;7.23;7.30;14607405;246271360.000
05/30/2007;6.86;7.14;6.52;6.52;12249662;192027632.000
05/31/2007;6.44;6.81;5.81;6.60;12359296;181321696.000
06/01/2007;6.57;6.74;6.07;6.15;9645604;144481328.000
06/04/2007;6.19;6.35;5.49;5.49;9142373;124124688.000
06/05/2007;5.33;5.75;4.99;5.70;12002522;152757120.000
06/06/2007;5.80;6.31;5.61;6.13;16172464;226301168.000
06/07/2007;6.24;6.43;6.17;6.25;12319850;180861104.000
06/08/2007;6.31;6.44;6.03;6.41;15707898;230730320.000
06/11/2007;6.40;6.74;6.40;6.71;16231724;247454640.000
06/12/2007;6.71;7.22;6.44;7.20;16408427;260870192.000
06/13/2007;7.32;7.45;7.24;7.30;20317511;344066112.000
06/14/2007;7.28;7.28;7.00;7.03;10068569;165301488.000
06/15/2007;6.95;7.46;6.89;7.30;13870951;232114896.000
06/18/2007;7.43;8.08;7.40;8.08;24375576;440978496.000
06/19/2007;8.32;8.32;7.74;7.97;16303107;300684672.000
06/20/2007;7.88;8.34;7.79;7.88;12648524;234481296.000
06/21/2007;7.86;8.19;7.79;8.06;16951852;310869120.000
06/22/2007;8.19;8.25;7.20;7.72;16131253;283473088.000
06/25/2007;7.88;7.89;6.99;7.04;10705492;184080592.000
06/26/2007;6.86;7.41;6.68;7.38;9023473;145317536.000
06/27/2007;7.46;7.57;7.28;7.50;9476215;163414704.000
06/28/2007;7.53;7.81;7.14;7.18;8005680;113964264.000
06/29/2007;6.87;7.08;6.63;6.93;11083677;144399696.000
07/02/2007;6.97;7.01;6.63;6.84;6716559;86735896.000
07/03/2007;6.92;7.07;6.81;6.98;5913002;77662248.000
07/04/2007;7.03;7.16;6.82;6.87;5638862;75180656.000
07/05/2007;6.75;6.75;6.24;6.34;7452856;90768920.000
07/06/2007;6.25;6.85;6.12;6.79;6408820;78727936.000
07/09/2007;6.86;7.07;6.61;6.89;6695889;87185008.000
07/10/2007;6.88;6.89;6.52;6.68;5299003;66872744.000
07/11/2007;6.57;6.75;6.53;6.72;4497297;56616704.000
07/12/2007;6.72;6.97;6.59;6.90;5212628;67300856.000
07/13/2007;6.94;6.97;6.83;6.87;4363995;56927052.000
07/16/2007;6.86;6.86;6.59;6.65;2349077;30023652.000
07/17/2007;6.63;6.86;6.56;6.79;2516648;32149520.000
07/18/2007;6.81;6.89;6.59;6.81;6814257;87027008.000
07/19/2007;6.68;6.80;6.62;6.63;1458370;18444536.000
07/20/2007;6.63;6.86;6.63;6.78;3028901;38875836.000
07/23/2007;6.80;7.50;6.80;7.50;22731823;315409024.000
07/24/2007;7.62;7.84;7.56;7.57;17656745;256632064.000
07/25/2007;7.54;7.78;7.43;7.74;9688486;139697904.000
07/26/2007;7.83;7.95;7.64;7.91;8231637;120663168.000
07/27/2007;7.81;8.28;7.69;8.14;9760792;147333504.000
07/30/2007;8.14;8.46;8.06;8.45;16604109;260236240.000
07/31/2007;8.46;8.64;8.24;8.33;15267326;240720448.000
08/01/2007;8.33;8.39;7.75;7.88;12135406;184812576.000
08/02/2007;7.86;8.53;7.86;8.46;8709910;135425616.000
08/03/2007;8.53;8.57;8.33;8.39;9374862;148291232.000
08/06/2007;8.56;9.27;8.56;9.26;18090824;302804032.000
08/07/2007;9.25;9.63;8.92;9.21;10866852;188666736.000
08/08/2007;9.21;9.21;8.85;9.16;6971739;117497160.000
08/09/2007;9.01;9.36;8.86;9.21;11805603;203701952.000
08/10/2007;9.08;9.24;8.70;9.19;8378878;140899040.000
08/13/2007;9.17;9.25;8.75;9.11;7479995;126374128.000
08/14/2007;8.97;9.08;8.86;8.92;5180474;86569088.000
08/15/2007;8.98;9.37;8.89;9.27;9126450;155952208.000
08/16/2007;9.08;9.25;8.91;9.14;5040467;85270424.000
08/17/2007;9.11;9.24;8.69;8.73;8962778;149524656.000
08/20/2007;8.98;9.64;8.93;9.64;16768159;298779392.000
08/21/2007;9.69;9.83;9.44;9.81;12316621;223005664.000
08/22/2007;9.53;9.78;9.39;9.56;4885807;87654480.000
08/23/2007;9.56;9.70;9.33;9.45;8480973;149152576.000
08/24/2007;9.48;9.89;9.47;9.76;8121271;147749792.000
08/27/2007;9.92;10.38;9.78;10.33;9549914;180957536.000
08/28/2007;10.24;10.36;9.89;10.33;4605450;87062232.000
08/29/2007;10.33;10.68;10.08;10.14;5582328;108418960.000
08/30/2007;10.14;10.25;9.97;10.21;2973722;56023468.000
08/31/2007;10.31;10.76;10.22;10.60;5574793;110034528.000
09/03/2007;10.66;11.67;10.66;11.61;6843152;143885824.000
09/04/2007;11.78;12.58;11.58;11.62;10668710;237156320.000
09/05/2007;11.32;12.45;11.31;12.12;6756105;150080048.000
09/06/2007;12.39;12.68;12.22;12.46;6041261;139341280.000
09/07/2007;12.25;12.46;11.78;11.80;4545307;102156784.000
09/10/2007;11.56;12.08;11.26;11.79;6760430;144950240.000
09/11/2007;11.89;12.39;10.74;11.02;4756047;103466488.000
09/12/2007;10.67;11.35;10.67;11.33;4960173;102251568.000
09/13/2007;11.39;12.49;11.39;12.49;9359723;211963280.000
09/14/2007;12.61;13.74;12.61;13.12;11974347;291598496.000
09/17/2007;13.13;14.23;12.86;13.92;5625453;142099424.000
09/18/2007;13.92;14.03;12.75;13.27;9301869;228508704.000
09/19/2007;13.27;13.27;12.41;12.99;4529407;107191560.000
09/20/2007;13.04;13.64;13.04;13.15;3295560;81383744.000
09/21/2007;13.17;13.31;12.19;12.42;3653910;84387256.000
09/24/2007;12.43;13.03;11.87;12.93;3456773;79985064.000
09/25/2007;12.91;12.91;12.17;12.29;3360515;76988752.000
09/26/2007;12.09;12.38;11.94;11.96;2575024;58097984.000
09/27/2007;11.93;12.17;11.92;12.14;1487774;33309486.000
09/28/2007;12.42;12.96;12.35;12.69;5948745;139865808.000
10/08/2007;12.97;13.03;12.64;12.78;6405144;153053488.000
10/09/2007;12.78;13.03;12.11;12.75;6124353;142281232.000
10/10/2007;12.75;14.06;12.75;13.86;10804709;274465280.000
10/11/2007;13.75;14.18;13.19;13.80;7439158;188691552.000
10/12/2007;13.81;13.82;12.48;13.31;4786524;117098800.000
10/15/2007;13.25;14.64;12.74;14.47;7478687;193464880.000
10/16/2007;14.42;14.81;13.75;13.93;4946822;129172384.000
10/17/2007;13.78;14.25;13.57;13.66;2179353;55760008.000
10/18/2007;13.63;13.63;12.99;13.07;1771097;43355464.000
10/19/2007;13.07;13.45;12.86;12.89;2187394;52828616.000
10/22/2007;12.67;13.27;12.62;12.91;2497231;59784072.000
10/23/2007;12.86;13.28;12.85;13.28;3848352;92858952.000
10/24/2007;13.41;13.47;13.03;13.34;2757599;67322296.000
10/25/2007;13.31;13.31;11.97;11.97;4178511;94981368.000
10/26/2007;11.67;13.21;11.64;12.86;14721301;354722784.000
10/29/2007;12.86;13.25;12.08;12.86;5535150;128099152.000
10/30/2007;12.87;12.89;12.25;12.57;3639756;84237960.000
10/31/2007;12.67;12.84;12.21;12.34;4408088;101200352.000
11/01/2007;12.24;12.31;11.47;11.58;15514551;336557056.000
11/02/2007;11.36;11.36;10.51;10.52;9892909;198023584.000
11/05/2007;10.52;11.02;10.52;10.73;3247598;64991128.000
11/06/2007;10.79;11.02;10.18;10.30;3488940;69070240.000
11/07/2007;10.33;10.58;9.74;10.17;3244001;60410796.000
11/08/2007;10.08;10.08;9.49;9.50;2999375;54644416.000
11/09/2007;9.36;9.83;9.31;9.47;4355990;77968344.000
11/12/2007;9.14;9.47;8.53;9.17;3998541;67533624.000
11/13/2007;9.16;9.72;9.08;9.42;7057331;124313648.000
11/14/2007;9.61;9.96;9.42;9.91;4363126;79562288.000
11/15/2007;9.92;9.96;9.58;9.60;2723152;49639492.000
11/16/2007;9.36;9.53;9.19;9.33;1917965;33383154.000
11/19/2007;9.42;9.92;9.42;9.63;3264103;58973728.000
11/20/2007;9.61;10.31;9.42;10.22;7631763;141980848.000
11/21/2007;10.33;10.73;10.31;10.37;7151204;139811136.000
11/23/2007;9.89;10.24;9.59;10.20;2123694;39683108.000
11/26/2007;10.75;10.75;9.64;9.73;3810231;71508688.000
11/27/2007;9.58;9.75;9.33;9.35;3060525;54311512.000
11/28/2007;9.39;9.48;8.86;8.89;4917284;83131592.000
11/29/2007;8.94;9.08;8.53;8.89;9505289;157137392.000
11/30/2007;8.96;9.02;8.53;8.63;6757330;110096752.000
12/03/2007;8.57;8.91;8.42;8.72;4281108;69809544.000
12/04/2007;8.73;9.08;8.73;8.97;5499362;91947384.000
12/05/2007;8.88;9.90;8.88;9.63;12409772;218854576.000
12/06/2007;9.69;9.69;9.26;9.40;4125753;72519456.000
12/07/2007;9.39;10.26;9.39;9.92;12436394;230075488.000
12/10/2007;9.92;10.34;9.75;10.24;5814871;109861816.000
12/11/2007;10.35;10.36;9.94;10.12;4275810;80473184.000
12/12/2007;10.14;10.31;9.82;10.15;4485462;84654768.000
12/13/2007;10.04;10.31;9.64;9.64;4550179;84270432.000
12/14/2007;9.53;10.03;9.33;9.92;3973116;71765472.000
12/17/2007;9.93;10.01;9.53;9.63;2642887;47449304.000
12/18/2007;9.91;9.91;9.36;9.76;2929538;52435304.000
12/19/2007;9.89;10.24;9.83;10.19;9254448;174029440.000
12/20/2007;10.20;10.31;10.08;10.17;4747146;90143088.000
12/21/2007;10.14;10.47;10.09;10.35;6625982;127293704.000
12/24/2007;10.39;10.81;10.08;10.64;14151204;275251808.000
12/25/2007;10.68;11.11;10.46;10.83;7979904;161192544.000
12/26/2007;10.89;10.92;10.54;10.80;7352554;146119232.000
12/27/2007;10.81;10.97;10.68;10.89;4171633;84230160.000
12/28/2007;10.92;11.17;10.91;10.92;4304344;88236272.000
01/02/2008;10.93;11.03;10.68;10.84;4208753;84536992.000
01/03/2008;10.78;11.86;10.51;11.73;9471423;193908976.000
01/04/2008;11.73;11.78;11.37;11.51;4637260;99237520.000
01/07/2008;11.39;11.69;11.32;11.52;5131431;110093968.000
01/08/2008;11.56;11.96;11.19;11.36;7604648;165239152.000
01/09/2008;11.36;12.02;11.28;11.92;12071899;263349104.000
01/10/2008;12.03;12.96;11.91;12.48;12336980;284591648.000
01/11/2008;12.53;12.69;12.19;12.52;5294188;121423936.000
01/14/2008;12.64;13.25;12.53;13.08;9649637;230937472.000
01/15/2008;13.14;13.31;12.92;13.06;4388752;106339384.000
01/16/2008;13.00;13.53;12.27;13.03;11108220;264213392.000
01/17/2008;12.86;13.03;12.09;12.66;7469938;173604928.000
01/18/2008;12.60;12.60;12.13;12.39;4424689;100983168.000
01/21/2008;12.29;12.29;11.15;11.18;3738182;81873712.000
01/22/2008;10.81;11.49;10.03;10.32;6308292;123575256.000
01/23/2008;10.53;11.06;10.53;11.06;5874745;118570696.000
01/24/2008;11.05;11.18;10.69;10.90;4290404;87458400.000
01/25/2008;10.94;11.55;10.54;11.23;4359289;89612160.000
01/28/2008;11.01;11.01;10.08;10.56;3557363;69346632.000
01/29/2008;10.64;10.74;9.97;10.13;3572216;68306192.000
01/30/2008;10.25;10.47;9.64;9.99;4924592;93369048.000
01/31/2008;9.98;10.58;9.87;10.17;8820246;167923216.000
02/01/2008;10.13;10.29;9.53;10.10;4204129;77847680.000
02/04/2008;10.37;11.14;10.30;11.14;6542121;132388048.000
02/05/2008;11.18;11.44;10.92;11.09;3530310;73553648.000
02/13/2008;10.97;11.08;10.71;10.96;1421519;28641164.000
02/14/2008;11.07;11.24;10.92;10.95;1410872;28936296.000
02/15/2008;10.75;10.81;10.52;10.73;1851872;36681384.000
02/18/2008;10.69;11.01;10.36;10.85;9129303;182397280.000
02/19/2008;10.82;11.26;10.69;11.17;13624263;280985408.000
02/20/2008;11.27;11.56;11.03;11.15;8445540;177119408.000
02/21/2008;11.15;11.47;10.86;11.29;7030002;146439968.000
02/22/2008;11.29;11.33;10.57;10.66;3918962;79093992.000
02/25/2008;10.47;10.67;10.06;10.11;3547294;67872608.000
02/26/2008;10.45;10.63;9.54;9.87;3373277;62872980.000
02/27/2008;9.98;10.19;9.87;10.17;2474196;46278920.000
02/28/2008;10.30;10.33;9.94;10.13;4257998;81066352.000
02/29/2008;10.03;10.15;9.75;10.08;5618224;104419024.000
03/03/2008;10.03;10.53;9.87;10.41;3615567;69287456.000
03/04/2008;10.42;10.48;9.94;9.99;4669427;88649384.000
03/05/2008;9.97;10.08;9.18;9.82;7159813;127464520.000
03/06/2008;9.78;9.99;9.45;9.82;2949290;53676968.000
03/07/2008;9.69;9.69;9.46;9.54;2364964;42228144.000
03/10/2008;9.53;9.65;8.96;9.02;3877867;67241904.000
03/11/2008;8.86;9.13;8.61;8.99;3102136;51290088.000
03/12/2008;9.24;9.33;8.67;8.85;3457607;57595000.000
03/13/2008;8.73;8.84;8.42;8.66;2903128;46957164.000
03/14/2008;8.58;8.69;8.28;8.32;2595305;40958392.000
03/17/2008;8.33;8.33;7.58;7.61;4376180;64964112.000
03/18/2008;7.55;7.74;7.03;7.17;4150158;57723032.000
03/19/2008;7.31;7.58;7.12;7.38;14433702;199186304.000
03/20/2008;7.19;7.88;6.69;7.75;11376035;156820928.000
03/21/2008;7.75;8.55;7.64;8.41;15176924;231008704.000
03/24/2008;8.51;8.56;7.78;7.79;10267123;158465136.000
03/25/2008;7.57;8.24;7.44;8.16;6335065;94914040.000
03/26/2008;8.27;8.64;8.23;8.34;7749361;122496464.000
03/27/2008;8.39;8.61;7.81;8.15;12820093;198561408.000
03/28/2008;7.97;8.37;7.53;8.29;9426045;142338912.000
03/31/2008;7.92;8.03;7.63;7.68;5413039;79707336.000
04/01/2008;7.64;7.73;6.88;6.90;7889170;106420360.000
04/02/2008;6.96;7.15;6.61;6.76;6283632;82180256.000
04/03/2008;6.73;7.13;6.67;7.08;8442567;111535808.000
04/08/2008;7.53;7.69;7.37;7.53;13189107;186955776.000
04/09/2008;7.53;7.80;7.14;7.20;10913749;155358432.000
04/10/2008;7.03;7.31;6.87;7.30;7383735;99687112.000
04/11/2008;7.39;7.53;7.20;7.35;6067580;84436432.000
04/14/2008;7.08;7.17;6.66;6.73;8847092;114677328.000
04/15/2008;6.59;6.94;6.42;6.91;6283245;78997712.000
04/16/2008;6.79;6.81;6.47;6.51;4542160;57167624.000
04/17/2008;6.58;6.71;6.19;6.28;5030606;61227372.000
04/21/2008;6.69;6.79;6.14;6.33;11541382;141611472.000
04/22/2008;6.18;6.85;5.98;6.77;8706509;106085664.000
04/23/2008;6.74;7.28;6.54;7.25;12429191;165095856.000
04/24/2008;7.81;7.98;7.58;7.97;22596088;319152736.000
04/25/2008;7.85;8.32;7.63;7.86;20735058;300449568.000
04/28/2008;7.74;7.95;7.64;7.66;7811002;109862312.000
04/29/2008;7.61;7.81;7.61;7.71;7585502;105284464.000
04/30/2008;7.77;8.11;7.72;8.03;17111500;244940192.000
05/05/2008;8.15;8.22;7.95;8.17;13452539;196479664.000
05/06/2008;8.11;8.17;7.91;7.98;10414229;150774544.000
05/07/2008;7.92;8.31;7.42;7.42;17034318;242380848.000
05/08/2008;7.36;8.17;7.15;8.17;22089758;311821664.000
05/09/2008;8.33;8.72;8.13;8.53;29282175;446036832.000
05/12/2008;8.31;8.86;8.26;8.59;18605025;290791776.000
05/13/2008;8.39;9.36;8.31;8.85;18759968;300697792.000
05/14/2008;8.86;9.08;8.48;8.86;13541241;214125792.000
05/15/2008;8.97;9.36;8.89;8.97;13840555;228390528.000
05/16/2008;8.98;9.12;8.53;8.71;9010046;142968448.000
05/19/2008;8.81;8.81;8.50;8.60;7109097;110610176.000
05/20/2008;8.61;8.77;8.25;8.33;10571233;162978528.000
05/21/2008;8.24;8.47;7.86;8.40;9264911;135782032.000
05/22/2008;8.31;8.56;8.07;8.22;10749929;160061744.000
05/23/2008;8.09;8.58;7.96;8.04;6067333;89263144.000
05/26/2008;7.92;8.04;7.56;7.76;6700290;93803200.000
05/27/2008;7.78;8.28;7.58;8.24;9283108;134842784.000
05/28/2008;8.23;8.59;8.02;8.42;6619012;99571648.000
05/29/2008;8.34;8.42;8.03;8.32;4029177;59654540.000
05/30/2008;8.14;8.41;8.08;8.25;2969634;44108668.000
06/02/2008;8.23;8.34;8.07;8.26;2335882;34667864.000
06/03/2008;8.16;8.45;8.16;8.27;3408378;51112212.000
06/04/2008;8.19;8.26;7.88;7.88;4013239;58104880.000
06/05/2008;7.86;7.86;7.64;7.68;2565430;35838440.000
06/06/2008;7.75;7.92;7.64;7.82;2566703;35981088.000
06/10/2008;7.46;7.49;7.04;7.11;5163702;67001856.000
06/11/2008;6.99;7.11;6.67;7.09;5344696;66816448.000
06/12/2008;6.92;7.06;6.71;6.87;3346997;41391668.000
06/13/2008;7.09;7.38;7.01;7.04;14021090;181484688.000
06/16/2008;6.99;7.35;6.99;7.19;6730701;87474592.000
06/17/2008;7.24;7.28;6.76;6.94;4217517;53384768.000
06/18/2008;6.89;7.64;6.65;7.59;12699475;167981344.000
06/19/2008;7.41;7.46;6.83;6.83;7735695;99546728.000
06/20/2008;6.82;7.31;6.42;6.81;10158428;127760432.000
06/23/2008;6.67;6.81;6.57;6.63;6791248;81504416.000
06/24/2008;6.54;6.68;6.13;6.36;7520144;86470368.000
06/25/2008;6.28;6.67;6.20;6.65;10566424;124049960.000
06/26/2008;6.56;6.66;6.36;6.56;6725320;79246992.000
06/27/2008;6.31;6.33;5.94;6.01;8074693;89647464.000
06/30/2008;5.93;6.04;5.57;5.68;5891623;61433704.000
07/01/2008;5.71;5.72;5.32;5.41;5359839;52662512.000
07/02/2008;5.41;5.50;5.28;5.39;5469161;53276260.000
07/03/2008;5.33;5.74;5.24;5.66;10810194;109558880.000
07/04/2008;5.59;5.77;5.49;5.58;5493062;55765512.000
07/07/2008;5.58;6.10;5.57;6.00;8374543;89430912.000
07/08/2008;5.99;6.11;5.81;6.05;8705886;94620360.000
07/09/2008;6.06;6.33;6.03;6.32;20838484;232544608.000
07/10/2008;6.17;6.33;6.10;6.11;7881159;88348256.000
07/11/2008;6.06;6.08;5.81;5.96;6246000;66980272.000
07/14/2008;5.86;6.12;5.82;6.09;5283906;57432984.000
07/15/2008;6.15;6.22;5.81;5.84;5469666;59304888.000
07/16/2008;5.81;5.81;5.39;5.69;8097060;81706792.000
07/17/2008;5.72;5.78;5.57;5.76;5294368;54522332.000
07/18/2008;5.76;5.92;5.57;5.86;3372791;35185192.000
07/21/2008;5.78;6.19;5.72;6.13;6249805;67867832.000
07/22/2008;6.08;6.30;6.03;6.23;5616403;62929944.000
07/23/2008;6.23;6.31;6.10;6.19;3357861;37649284.000
07/24/2008;6.18;6.33;6.16;6.30;6380301;72064432.000
07/25/2008;6.19;6.22;6.09;6.11;3369215;37373328.000
07/28/2008;6.09;6.40;6.09;6.24;5936791;67507120.000
07/29/2008;6.16;6.22;6.01;6.04;4735198;52378424.000
07/30/2008;6.12;6.20;5.84;5.89;6893767;74921160.000
07/31/2008;5.92;6.06;5.82;5.83;5969117;64001208.000
08/01/2008;5.83;5.92;5.52;5.66;10542622;106931800.000
08/04/2008;5.53;5.58;5.28;5.33;7850337;76643816.000
08/05/2008;5.35;5.39;4.98;5.03;4808113;44856184.000
08/06/2008;5.07;5.11;4.84;4.98;5318489;47807936.000
08/07/2008;4.98;5.17;4.89;5.13;4465943;40810152.000
08/08/2008;5.08;5.11;4.77;4.78;3697571;32937666.000
08/11/2008;4.72;4.93;4.43;4.78;4796037;40778448.000
08/12/2008;4.64;4.95;4.59;4.88;3614811;31686752.000
08/13/2008;4.96;4.96;4.64;4.86;3683150;32089796.000
08/14/2008;4.78;4.86;4.69;4.76;1728556;14968707.000
08/15/2008;4.77;4.97;4.75;4.82;3513995;30888304.000
08/18/2008;4.91;4.91;4.44;4.46;2736839;22872312.000
08/19/2008;4.38;4.55;4.35;4.49;1682160;13587819.000
08/20/2008;4.41;4.90;4.31;4.88;11441576;96453824.000
08/21/2008;4.69;4.79;4.45;4.59;8748867;73165552.000
08/22/2008;4.52;4.59;4.39;4.46;4829176;39082900.000
08/25/2008;4.48;4.50;4.25;4.28;6763721;53394048.000
08/26/2008;4.21;4.22;3.94;3.97;8962670;66068852.000
08/27/2008;3.92;4.06;3.84;3.95;4967058;35535276.000
08/28/2008;3.98;4.11;3.95;4.07;8888928;64598052.000
08/29/2008;4.06;4.25;4.03;4.19;13913043;104142968.000
09/01/2008;4.08;4.12;3.91;3.91;10888246;78850320.000
09/02/2008;3.90;3.93;3.77;3.89;10155075;70904928.000
09/03/2008;3.88;3.91;3.78;3.87;5145863;35831056.000
09/04/2008;3.85;3.99;3.85;3.93;6234026;44134352.000
09/05/2008;3.81;3.89;3.76;3.81;6038801;41694208.000
09/08/2008;3.80;3.82;3.62;3.63;5254766;35245832.000
09/09/2008;3.67;3.81;3.64;3.75;8755790;59109472.000
09/10/2008;3.68;3.88;3.67;3.75;6653292;45754180.000
09/11/2008;3.75;3.83;3.63;3.67;6316900;42426272.000
09/12/2008;3.69;3.81;3.67;3.77;5235951;35642232.000
09/16/2008;3.78;3.79;3.69;3.72;7018406;47553580.000
09/17/2008;3.74;3.76;3.53;3.56;7857084;51761520.000
09/18/2008;3.44;3.73;3.24;3.58;15577024;97437176.000
09/19/2008;3.93;3.94;3.82;3.94;17580698;125217112.000
09/22/2008;4.13;4.31;3.78;4.03;46451747;340650240.000
09/23/2008;3.81;4.01;3.72;3.82;20320382;141770464.000
09/24/2008;3.74;3.83;3.69;3.83;6999468;47924748.000
09/25/2008;3.82;4.08;3.80;3.99;16374314;118003696.000
09/26/2008;4.01;4.01;3.85;3.97;10119586;72335528.000
10/06/2008;3.86;3.86;3.57;3.57;8686077;58065224.000
10/07/2008;3.42;3.57;3.36;3.49;6212920;38922548.000
10/08/2008;3.41;3.48;3.36;3.43;5246778;32482516.000
10/09/2008;3.47;3.49;3.24;3.34;5885911;36145912.000
10/10/2008;3.20;3.20;3.08;3.08;8201646;46480160.000
10/13/2008;3.03;3.13;2.84;3.11;9290677;50109856.000
10/14/2008;3.20;3.22;2.92;2.93;15719662;86882864.000
10/15/2008;2.86;2.94;2.77;2.89;8962579;46218860.000
10/16/2008;2.77;2.82;2.71;2.72;8178753;41069324.000
10/17/2008;2.76;2.79;2.71;2.78;5742785;28779788.000
10/20/2008;2.76;2.88;2.72;2.87;6998419;35752208.000
10/21/2008;2.87;2.94;2.83;2.85;8729515;45767752.000
10/22/2008;2.83;2.87;2.79;2.81;9224868;47285460.000
10/23/2008;2.76;2.81;2.73;2.79;7645339;38480232.000
10/30/2008;2.58;2.74;2.53;2.63;13214540;62838220.000
10/31/2008;2.59;2.61;2.51;2.51;6284472;29073224.000
11/03/2008;2.50;2.52;2.42;2.43;5548126;24916912.000
11/04/2008;2.41;2.41;2.34;2.36;4116280;17764208.000
11/05/2008;2.36;2.51;2.36;2.47;8503840;37974856.000
11/06/2008;2.39;2.69;2.35;2.52;11132478;50678628.000
11/07/2008;2.46;2.58;2.44;2.53;5933166;27216518.000
11/10/2008;2.61;2.79;2.59;2.79;21050728;104835328.000
11/11/2008;2.80;3.07;2.77;2.89;34256403;180383888.000
11/12/2008;2.86;2.91;2.77;2.87;13032412;66852300.000
11/13/2008;2.83;3.04;2.77;2.99;27724720;147895664.000
11/14/2008;3.03;3.06;2.91;3.04;23519868;128248552.000
11/17/2008;3.01;3.10;2.90;3.09;25336410;138687152.000
11/18/2008;3.04;3.07;2.78;2.78;20474485;108141808.000
11/19/2008;2.72;2.96;2.69;2.94;17745816;90575248.000
11/20/2008;2.84;2.93;2.81;2.84;14714188;76479184.000
11/21/2008;2.74;2.91;2.66;2.84;15240906;77063552.000
11/24/2008;2.82;2.86;2.67;2.70;11607637;58134468.000
11/25/2008;2.76;2.77;2.66;2.71;5703820;28174100.000
11/26/2008;2.71;2.86;2.67;2.81;13320896;67625240.000
11/27/2008;3.03;3.03;2.83;2.84;20652118;110250328.000
11/28/2008;2.78;2.86;2.73;2.74;9173716;46396000.000
12/01/2008;2.74;2.76;2.64;2.74;7758059;38196288.000
12/02/2008;2.68;2.76;2.66;2.73;6848392;33705356.000
12/03/2008;2.74;2.89;2.74;2.89;18806750;96876456.000
12/04/2008;2.94;3.18;2.89;3.03;73298137;411232320.000
12/05/2008;2.98;3.05;2.93;3.02;42177226;229283872.000
12/08/2008;3.04;3.17;3.03;3.14;66193787;372047552.000
12/09/2008;3.17;3.28;3.09;3.10;56102627;324933824.000
12/10/2008;3.08;3.12;2.93;3.11;38476575;212614144.000
12/11/2008;3.08;3.11;2.94;2.96;32657553;179815472.000
12/12/2008;2.94;2.96;2.72;2.77;30247231;155498880.000
12/15/2008;2.83;2.86;2.76;2.82;17544047;89594000.000
12/16/2008;2.78;2.85;2.73;2.84;14922613;75446472.000
12/17/2008;2.86;2.93;2.84;2.86;25373154;133340528.000
12/18/2008;2.89;2.90;2.81;2.89;18917106;98134728.000
12/19/2008;2.89;2.96;2.87;2.89;23570507;125115416.000
12/22/2008;2.89;2.91;2.76;2.81;18362266;94334688.000
12/23/2008;2.82;2.82;2.63;2.64;19312264;95428264.000
12/24/2008;2.61;2.63;2.54;2.58;10822649;51034984.000
12/25/2008;2.58;2.62;2.55;2.59;8407230;39623148.000
12/26/2008;2.62;2.62;2.57;2.59;5532253;26075150.000
12/29/2008;2.59;2.59;2.48;2.56;6590828;30353124.000
12/30/2008;2.56;2.58;2.47;2.49;7945341;36377408.000
12/31/2008;2.48;2.50;2.41;2.44;11522963;51241368.000
01/05/2009;2.48;2.60;2.47;2.59;13842120;64050060.000
01/06/2009;2.57;2.72;2.56;2.69;23083241;111156832.000
01/07/2009;2.67;2.73;2.65;2.66;15530814;75708544.000
01/08/2009;2.61;2.61;2.54;2.57;12158333;56941152.000
01/09/2009;2.55;2.67;2.55;2.64;12867376;61163968.000
01/12/2009;2.62;2.70;2.61;2.67;10744017;52042252.000
01/13/2009;2.66;2.72;2.62;2.65;15701080;76644200.000
01/14/2009;2.65;2.78;2.63;2.77;22133030;109463728.000
01/15/2009;2.73;2.80;2.71;2.76;19851198;99678760.000
01/16/2009;2.77;2.85;2.77;2.81;20319151;104051096.000
01/19/2009;2.82;3.08;2.81;2.96;47725252;253907840.000
01/20/2009;2.92;3.03;2.91;2.98;31223764;169083776.000
01/21/2009;2.92;3.01;2.89;3.00;28842590;155544192.000
01/22/2009;3.03;3.04;2.97;3.00;20749195;112792144.000
01/23/2009;2.97;3.28;2.93;3.21;45284324;258370768.000
02/02/2009;3.22;3.25;3.12;3.21;19758640;114354880.000
02/03/2009;3.17;3.39;3.14;3.39;46358755;275675616.000
02/04/2009;3.39;3.72;3.36;3.66;39358575;251857824.000
02/05/2009;3.66;3.86;3.53;3.69;43703761;292283072.000
02/06/2009;3.67;3.81;3.60;3.78;33022197;222411120.000
02/09/2009;3.82;3.94;3.78;3.83;33353222;233665840.000
02/10/2009;3.82;3.86;3.68;3.79;27636567;188478544.000
02/11/2009;3.72;4.14;3.68;3.96;33053505;233174512.000
02/12/2009;3.95;3.99;3.56;3.79;38460218;261469056.000
02/13/2009;3.73;3.88;3.72;3.87;28437436;196392432.000
02/16/2009;3.91;4.25;3.88;4.24;50643615;371138336.000
02/17/2009;4.25;4.25;3.93;3.94;41816662;306505696.000
02/18/2009;3.82;3.88;3.61;3.62;25092403;169738240.000
02/19/2009;3.69;3.86;3.69;3.74;21622807;147680400.000
02/20/2009;3.86;3.86;3.73;3.84;15566278;106938744.000
02/23/2009;3.79;3.91;3.69;3.88;20940319;145312464.000
02/24/2009;3.85;3.96;3.70;3.71;25119134;174632784.000
02/25/2009;3.72;3.79;3.55;3.66;15412749;102289432.000
02/26/2009;3.69;3.83;3.47;3.58;28298808;191234464.000
02/27/2009;3.58;3.63;3.36;3.53;15930809;100759736.000
03/02/2009;3.48;3.67;3.42;3.62;9875659;64285756.000
03/03/2009;3.53;3.98;3.48;3.98;52408329;370278848.000
03/04/2009;4.06;4.33;3.96;4.18;82160656;617009536.000
03/05/2009;4.25;4.58;4.14;4.53;102513252;808679744.000
03/06/2009;4.41;4.49;4.07;4.18;95915497;739902272.000
03/10/2009;3.97;3.97;3.76;3.94;77205734;540481088.000
03/11/2009;3.97;4.11;3.83;3.87;71273113;512199520.000
03/12/2009;3.86;3.86;3.64;3.78;38045769;257527072.000
03/13/2009;3.81;3.84;3.72;3.76;27181198;186080528.000
03/16/2009;3.76;3.85;3.72;3.82;23962492;164998000.000
03/17/2009;3.82;3.96;3.81;3.93;34765448;245911856.000
03/18/2009;3.94;4.10;3.92;3.98;44980071;328012704.000
03/19/2009;3.96;4.03;3.90;4.01;37534495;270009856.000
03/20/2009;4.01;4.17;3.97;4.09;52355253;386973888.000
03/23/2009;4.15;4.28;4.11;4.14;53680958;407624384.000
03/24/2009;4.22;4.24;4.07;4.17;39510654;296378240.000
03/25/2009;4.13;4.15;3.98;3.99;30407585;224296896.000
03/26/2009;4.02;4.11;3.97;4.09;24992475;183310560.000
03/30/2009;4.22;4.22;4.01;4.03;34063256;252609568.000
03/31/2009;3.94;4.02;3.87;4.01;24651017;176019840.000
04/01/2009;4.01;4.13;3.99;4.08;27997376;206132432.000
04/02/2009;4.15;4.28;4.12;4.24;62081174;471972576.000
04/03/2009;4.27;4.28;4.09;4.15;42008525;318170304.000
04/07/2009;4.16;4.22;4.12;4.19;23287564;176012864.000
04/08/2009;4.19;4.19;3.98;3.98;28746826;212514848.000
04/09/2009;3.97;4.04;3.92;4.04;17878802;129257312.000
04/10/2009;4.06;4.16;4.03;4.16;24836930;184064816.000
04/13/2009;4.17;4.46;4.11;4.41;69447359;539685312.000
04/14/2009;4.32;4.47;4.32;4.41;50696801;402878528.000
04/15/2009;4.41;4.72;4.41;4.71;79944617;666196992.000
04/16/2009;4.69;4.89;4.67;4.74;67025270;579988736.000
04/17/2009;4.81;4.81;4.52;4.58;58809699;493324128.000
04/20/2009;4.58;4.77;4.57;4.71;39949118;339135968.000
04/21/2009;4.69;4.88;4.64;4.87;55413908;476481952.000
04/22/2009;4.92;4.96;4.51;4.52;59489777;506236544.000
04/23/2009;4.48;4.59;4.40;4.54;31515173;142292448.000
04/24/2009;4.54;4.54;4.33;4.36;50894551;223584864.000
04/27/2009;4.20;4.21;3.92;3.92;90778318;361280480.000
04/28/2009;3.80;3.91;3.71;3.83;40060405;153182288.000
04/29/2009;3.84;3.95;3.84;3.95;31481476;122986184.000
04/30/2009;3.97;3.98;3.90;3.93;31649287;124084448.000
05/04/2009;3.95;4.20;3.95;4.19;62411181;258105936.000
05/05/2009;4.21;4.25;4.12;4.17;48449969;201977952.000
05/06/2009;4.17;4.20;4.13;4.18;40836030;169861760.000
05/07/2009;4.20;4.37;4.20;4.25;59136153;252411184.000
05/08/2009;4.26;4.26;4.12;4.20;39466504;164889472.000
05/11/2009;4.21;4.31;4.10;4.11;41526280;174922720.000
05/12/2009;4.07;4.20;4.00;4.20;31768140;131335336.000
05/13/2009;4.20;4.23;4.15;4.18;39874947;167109200.000
05/14/2009;4.15;4.16;4.08;4.13;29805757;122539064.000
05/15/2009;4.13;4.16;4.09;4.13;23327815;95809904.000
05/18/2009;4.13;4.18;4.06;4.16;26465222;108722448.000
05/19/2009;4.17;4.22;4.11;4.17;40596469;169107072.000
05/20/2009;4.18;4.19;4.11;4.11;26315878;108698000.000
05/21/2009;4.09;4.14;4.05;4.06;26358249;107468768.000
05/22/2009;4.05;4.06;4.01;4.03;30130526;121243448.000
05/25/2009;3.98;3.99;3.89;3.97;33561908;131465216.000
05/26/2009;3.99;4.00;3.91;3.92;26470801;104334144.000
05/27/2009;3.95;3.97;3.88;3.95;23129503;90693776.000
06/01/2009;3.96;4.06;3.92;4.05;38623788;154071424.000
06/02/2009;4.07;4.16;4.03;4.05;34365519;139911568.000
06/03/2009;4.07;4.14;4.05;4.12;38774650;158881600.000
06/04/2009;4.12;4.30;4.08;4.25;92941440;393754944.000
06/05/2009;4.25;4.35;4.20;4.22;72029614;308249216.000
06/08/2009;4.22;4.25;4.11;4.15;35056596;145543904.000
06/09/2009;4.15;4.17;4.09;4.16;25832601;106590144.000
06/10/2009;4.17;4.28;4.12;4.24;44875484;188281872.000
06/11/2009;4.24;4.26;4.15;4.16;30571983;128215520.000
06/12/2009;4.15;4.17;4.06;4.09;24412029;100391184.000
06/15/2009;4.09;4.12;4.06;4.12;14220997;58175552.000
06/16/2009;4.11;4.36;4.08;4.23;44193821;187319136.000
06/17/2009;4.24;4.25;4.13;4.21;22693683;94991184.000
06/18/2009;4.22;4.24;4.17;4.20;31367019;131790128.000
06/19/2009;4.20;4.23;4.14;4.19;29115959;121711280.000
06/22/2009;4.20;4.33;4.19;4.25;67772972;289389728.000
06/23/2009;4.20;4.44;4.15;4.35;108413923;467338304.000
06/24/2009;4.35;4.75;4.32;4.72;164987072;755487360.000
06/25/2009;4.75;4.78;4.60;4.70;95368739;446203328.000
06/26/2009;4.70;4.74;4.62;4.63;59490141;277646688.000
06/29/2009;4.64;4.70;4.61;4.70;48375693;224834448.000
06/30/2009;4.71;4.72;4.54;4.55;40356177;185449008.000
07/01/2009;4.53;4.70;4.50;4.67;47360076;219094448.000
07/02/2009;4.66;4.69;4.56;4.61;42537582;195910576.000
07/03/2009;4.58;4.65;4.54;4.59;32846674;151093632.000
07/06/2009;4.61;4.98;4.55;4.90;114946763;552044416.000
07/07/2009;4.91;5.12;4.80;4.95;107386902;532908128.000
07/08/2009;4.90;5.05;4.85;4.97;55194348;271982976.000
07/09/2009;4.98;5.20;4.96;5.12;63391032;323807296.000
07/10/2009;5.13;5.17;5.04;5.07;47029569;238618032.000
07/13/2009;5.03;5.07;4.91;4.97;47862235;238082768.000
07/14/2009;4.97;5.15;4.97;5.13;55173775;280859488.000
07/15/2009;5.15;5.48;5.13;5.41;88949541;476367328.000
07/16/2009;5.41;5.55;5.41;5.44;63028098;343525216.000
07/17/2009;5.44;5.51;5.42;5.48;57110550;311685472.000
07/20/2009;5.48;5.79;5.48;5.68;59219735;335514592.000
07/21/2009;5.70;5.75;5.44;5.46;57866572;321407744.000
07/22/2009;5.44;5.55;5.35;5.48;45350933;247433328.000
07/23/2009;5.48;5.48;5.34;5.41;36276035;194964096.000
07/24/2009;5.38;5.50;5.28;5.40;33327847;179855968.000
07/27/2009;5.40;5.58;5.40;5.56;54412589;301019296.000
07/28/2009;5.61;6.12;5.60;6.12;142163297;846780160.000
07/29/2009;6.30;6.73;6.14;6.69;216145226;1389174144.000
07/31/2009;6.80;6.99;6.12;6.91;130436671;877559232.000
08/03/2009;6.85;7.60;6.75;7.60;123875775;918648960.000
08/04/2009;7.82;8.16;7.59;7.82;130736969;1028273280.000
08/05/2009;7.69;7.71;7.35;7.50;78815376;590133952.000
08/06/2009;7.41;7.41;7.05;7.16;76268127;549373504.000
08/07/2009;7.15;7.34;6.77;6.90;87937657;619794048.000
08/10/2009;6.93;7.14;6.81;7.13;75437038;523477760.000
08/11/2009;7.11;7.14;6.68;6.90;64521261;443089920.000
08/12/2009;6.80;6.93;6.48;6.68;71836439;480269856.000
08/13/2009;6.65;6.77;6.50;6.69;51123618;340763680.000
08/14/2009;6.64;6.85;6.45;6.49;68143399;454585184.000
08/17/2009;6.35;6.37;5.84;5.85;81170423;486333632.000
08/18/2009;5.78;6.24;5.72;6.20;94954916;575188928.000
08/19/2009;6.18;6.18;5.58;5.78;68085480;398692896.000
08/20/2009;5.71;6.03;5.65;5.98;52981648;310854432.000
08/21/2009;5.90;6.19;5.82;6.08;59461201;360383360.000
08/24/2009;6.10;6.16;5.95;6.08;61945943;375900800.000
08/25/2009;6.07;6.07;5.50;5.79;59166971;338152384.000
08/26/2009;5.69;5.96;5.60;5.85;45054744;261894960.000
08/27/2009;5.70;5.94;5.60;5.74;44782029;258765328.000
08/28/2009;5.72;5.73;5.26;5.36;58678420;317210944.000
08/31/2009;5.28;5.28;4.85;4.86;46053855;228119504.000
09/01/2009;4.77;4.97;4.75;4.79;37557654;182113104.000
09/02/2009;4.77;4.92;4.68;4.84;28736984;138498880.000
09/03/2009;4.85;5.32;4.80;5.32;68940671;350636736.000
09/04/2009;5.30;5.35;5.13;5.23;61017283;319240768.000
09/07/2009;5.29;5.58;5.19;5.30;62883828;337832512.000
09/08/2009;5.20;5.42;5.04;5.38;61293220;323671712.000
09/09/2009;5.38;5.58;5.23;5.55;77529593;420243584.000
09/10/2009;5.52;5.53;5.36;5.38;54572378;296799808.000
09/11/2009;5.31;5.49;5.28;5.43;38548336;208710672.000
09/14/2009;5.42;5.52;5.38;5.50;48009910;261952064.000
09/15/2009;5.50;5.76;5.45;5.65;68883132;386334944.000
09/16/2009;5.58;5.59;5.35;5.49;56976147;312592480.000
09/17/2009;5.46;5.60;5.45;5.56;45034562;249407056.000
09/18/2009;5.52;5.52;5.23;5.30;61402331;330152032.000
09/21/2009;5.20;5.22;5.05;5.19;32597756;167131456.000
09/22/2009;5.23;5.23;5.02;5.05;29611267;151693248.000
09/23/2009;5.05;5.10;4.85;4.92;29807659;147988448.000
09/24/2009;4.90;4.95;4.70;4.88;29477565;141511872.000
09/25/2009;4.83;4.87;4.71;4.81;22698524;108800160.000
09/28/2009;4.84;4.90;4.70;4.72;18856472;90340616.000
09/29/2009;4.72;4.75;4.45;4.59;22866323;104838192.000
09/30/2009;4.60;4.70;4.59;4.60;21983664;101768872.000
10/09/2009;4.68;4.88;4.68;4.88;24682933;118243984.000
10/12/2009;4.90;4.91;4.73;4.81;21446767;102807688.000
10/13/2009;4.78;4.98;4.74;4.96;30737194;150243520.000
10/14/2009;4.98;5.10;4.91;4.99;36141906;181080416.000
10/15/2009;5.02;5.19;5.02;5.07;34453800;175646736.000
10/16/2009;5.07;5.09;4.86;5.02;34930723;172911232.000
10/19/2009;5.00;5.18;4.83;5.13;41414558;211059600.000
10/20/2009;5.15;5.19;5.10;5.16;34371389;176484400.000
10/21/2009;5.16;5.31;5.09;5.25;50321862;262330912.000
10/22/2009;5.20;5.25;5.12;5.14;28202828;145708064.000
10/23/2009;5.14;5.25;5.13;5.18;33607689;174685088.000
10/26/2009;5.16;5.26;5.15;5.21;26138704;135963104.000
10/27/2009;5.17;5.17;4.93;4.94;38967724;196679456.000
10/28/2009;4.94;4.99;4.81;4.93;30244963;148070800.000
10/29/2009;4.89;4.89;4.70;4.75;29575021;141225808.000
10/30/2009;4.80;4.89;4.79;4.81;20668639;99811200.000
11/02/2009;4.71;4.89;4.65;4.89;28797817;137914064.000
11/03/2009;4.90;4.99;4.86;4.96;26209806;129727752.000
11/04/2009;4.97;5.10;4.90;5.07;35244089;176771232.000
11/05/2009;5.05;5.10;4.97;5.08;32279806;162745568.000
11/06/2009;5.09;5.29;5.08;5.27;87155961;455360160.000
02/24/2010;5.00;5.80;4.74;5.71;167257241;861119232.000
02/25/2010;5.50;5.97;5.33;5.70;115621798;656553152.000
02/26/2010;5.64;5.68;5.50;5.52;57151440;318021536.000
03/01/2010;5.52;5.58;5.40;5.45;51498232;280792224.000
03/02/2010;5.45;5.49;5.29;5.37;50591901;271622560.000
03/03/2010;5.33;5.44;5.27;5.37;37522902;200823392.000
03/04/2010;5.38;5.39;5.11;5.16;43119989;226471648.000
03/05/2010;5.12;5.25;5.10;5.20;24529870;126816360.000
03/08/2010;5.20;5.35;5.15;5.29;31867489;167236464.000
03/09/2010;5.29;5.29;5.18;5.22;22674826;118549576.000
03/10/2010;5.21;5.32;5.17;5.23;22234321;116466960.000
03/11/2010;5.21;5.29;5.18;5.25;23007705;120800864.000
03/12/2010;5.25;5.32;5.21;5.24;27027151;142457536.000
03/15/2010;5.20;5.21;5.01;5.04;25073381;127039088.000
03/16/2010;5.04;5.06;4.93;5.00;17841145;88962608.000
03/17/2010;5.00;5.08;4.98;5.07;17053091;85798848.000
03/18/2010;5.10;5.10;5.00;5.04;16744385;84370592.000
03/19/2010;5.04;5.08;4.97;5.08;20423808;102647336.000
03/22/2010;5.08;5.08;5.02;5.04;16165170;81472064.000
03/23/2010;5.04;5.11;4.99;5.03;16835700;85005048.000
