600425 青松建化 日线
      日期	    开盘	    最高	    最低	    收盘	    成交量	    成交额
07/24/2003;3.46;3.68;3.46;3.47;35111516;289726848.000
07/25/2003;3.34;3.38;3.07;3.15;19290481;145617984.000
07/28/2003;3.10;3.21;3.08;3.13;6057558;44713916.000
07/29/2003;3.14;3.17;3.03;3.07;5423103;39359280.000
07/30/2003;3.05;3.11;2.96;3.11;7435600;53344804.000
07/31/2003;3.09;3.18;3.02;3.12;5305379;38900188.000
08/01/2003;3.10;3.14;3.04;3.13;2893932;21073426.000
08/04/2003;3.12;3.23;3.08;3.20;5257624;39304560.000
08/05/2003;3.19;3.20;3.13;3.16;2388219;17747128.000
08/06/2003;3.18;3.18;3.08;3.10;2409529;17634730.000
08/07/2003;3.10;3.16;3.08;3.10;1707906;12526182.000
08/08/2003;3.10;3.10;3.01;3.03;2845742;20481196.000
08/11/2003;3.01;3.08;3.00;3.06;983536;7074298.000
08/12/2003;3.06;3.14;3.05;3.09;2083764;15249182.000
08/13/2003;3.07;3.13;3.05;3.06;2023638;14763966.000
08/14/2003;3.05;3.19;3.04;3.11;4604879;33971660.000
08/15/2003;3.09;3.13;3.04;3.08;2282871;16566675.000
08/18/2003;3.06;3.16;3.05;3.11;2200162;16176417.000
08/19/2003;3.10;3.29;3.10;3.19;6062641;45577116.000
08/20/2003;3.18;3.21;3.12;3.19;3055416;22737352.000
08/21/2003;3.20;3.21;3.14;3.19;1529490;11406270.000
08/22/2003;3.15;3.20;3.12;3.15;2114807;15678993.000
08/25/2003;3.13;3.13;2.99;3.03;3654429;26294242.000
08/26/2003;3.02;3.10;2.99;3.06;1728011;12412965.000
08/27/2003;3.05;3.08;2.99;3.01;1161466;8302342.000
08/28/2003;3.00;3.06;2.96;2.99;1268286;9031277.000
08/29/2003;2.95;2.99;2.79;2.86;3538946;24225548.000
09/01/2003;2.86;3.17;2.82;3.09;5947280;42364120.000
09/02/2003;3.07;3.12;3.03;3.04;4001288;29002412.000
09/03/2003;3.04;3.06;2.96;3.01;2141986;15235642.000
09/04/2003;3.03;3.06;2.97;2.98;1617881;11531845.000
09/05/2003;2.98;2.99;2.87;2.89;1902065;13214268.000
09/08/2003;2.87;2.91;2.82;2.87;1226858;8366894.000
09/09/2003;2.88;2.91;2.82;2.83;872500;5934996.000
09/10/2003;2.82;2.87;2.82;2.86;580685;3946013.000
09/11/2003;2.85;2.87;2.83;2.84;582132;3962671.000
09/12/2003;2.84;2.84;2.73;2.75;1439706;9561008.000
09/15/2003;2.70;2.78;2.65;2.68;1199469;7805069.000
09/16/2003;2.68;2.80;2.67;2.76;1095918;7170283.000
09/17/2003;2.75;2.75;2.64;2.65;941348;6069963.000
09/18/2003;2.65;2.69;2.61;2.65;750624;4793147.000
09/19/2003;2.66;2.68;2.56;2.61;1142687;7181299.000
09/22/2003;2.64;2.70;2.58;2.66;1031000;6584738.000
09/23/2003;2.66;2.71;2.63;2.71;909065;5881607.000
09/24/2003;2.74;2.75;2.68;2.70;967627;6320512.000
09/25/2003;2.69;2.69;2.59;2.61;794635;5041031.000
09/26/2003;2.61;2.69;2.59;2.64;719407;4596557.000
09/29/2003;2.64;2.65;2.60;2.62;583928;3697886.000
09/30/2003;2.60;2.65;2.51;2.58;863468;5410265.000
10/08/2003;2.57;2.61;2.51;2.59;695608;4326697.000
10/09/2003;2.59;2.60;2.53;2.56;506400;3155209.000
10/10/2003;2.55;2.74;2.54;2.69;2242957;14435018.000
10/13/2003;2.67;2.78;2.67;2.67;1996471;13066817.000
10/14/2003;2.67;2.73;2.65;2.70;1120142;7250384.000
10/15/2003;2.70;2.74;2.67;2.70;1067175;6945510.000
10/16/2003;2.71;2.82;2.70;2.71;3639860;24084536.000
10/17/2003;2.70;2.72;2.65;2.67;893340;5763911.000
10/20/2003;2.67;2.69;2.60;2.62;800887;5100144.000
10/21/2003;2.63;2.65;2.58;2.65;541449;3424281.000
10/22/2003;2.66;2.80;2.63;2.77;2833921;18707094.000
10/23/2003;2.79;2.82;2.75;2.75;2063937;13754076.000
10/24/2003;2.76;2.89;2.76;2.83;5326993;36143920.000
10/27/2003;2.85;2.86;2.80;2.84;2160760;14571299.000
10/29/2003;2.82;2.86;2.69;2.78;2958389;19640024.000
10/30/2003;2.75;2.81;2.70;2.77;1684564;11124469.000
10/31/2003;2.71;2.85;2.71;2.79;1379500;9223963.000
11/03/2003;2.78;2.92;2.73;2.89;2604737;17744272.000
11/04/2003;2.86;2.96;2.86;2.89;3718439;25757996.000
11/05/2003;2.88;2.89;2.81;2.87;1540256;10484661.000
11/06/2003;2.85;2.92;2.75;2.79;2220523;14984839.000
11/07/2003;2.77;2.83;2.53;2.58;2566702;16564376.000
11/10/2003;2.67;2.67;2.55;2.64;1526110;9682340.000
11/11/2003;2.65;2.69;2.56;2.64;1087733;6897555.000
11/12/2003;2.62;2.65;2.43;2.46;2229100;13630524.000
11/13/2003;2.47;2.53;2.40;2.46;1144784;6908380.000
11/14/2003;2.47;2.52;2.42;2.49;991910;5991369.000
11/17/2003;2.49;2.55;2.47;2.50;818716;4996313.000
11/18/2003;2.50;2.54;2.44;2.44;760800;4593601.000
11/19/2003;2.48;2.52;2.44;2.50;1256840;7648268.000
11/20/2003;2.51;2.63;2.49;2.61;2304056;14328514.000
11/21/2003;2.60;2.68;2.54;2.59;3235467;20441224.000
11/24/2003;2.58;2.72;2.57;2.69;2537810;16253377.000
11/25/2003;2.70;2.72;2.63;2.67;2391329;15450948.000
11/26/2003;2.66;2.71;2.60;2.67;1354132;8639428.000
11/27/2003;2.67;2.68;2.55;2.55;1273475;8009863.000
11/28/2003;2.58;2.62;2.56;2.59;901219;5653492.000
12/01/2003;2.62;2.67;2.59;2.67;1417581;9049242.000
12/02/2003;2.68;2.70;2.63;2.64;1905346;12222346.000
12/03/2003;2.67;2.74;2.61;2.71;2964823;19225732.000
12/04/2003;2.71;2.83;2.69;2.81;4604690;30542592.000
12/05/2003;2.79;2.81;2.73;2.78;1957175;12964190.000
12/08/2003;2.75;2.79;2.67;2.68;1242600;8122134.000
12/09/2003;2.67;2.71;2.66;2.71;928749;5997711.000
12/10/2003;2.71;2.78;2.68;2.76;1170114;7646719.000
12/11/2003;2.78;2.78;2.72;2.74;994988;6557816.000
12/12/2003;2.74;2.79;2.73;2.79;1355133;8981049.000
12/15/2003;2.80;2.81;2.76;2.77;966011;6441758.000
12/16/2003;2.78;2.78;2.65;2.70;1222250;7898548.000
12/17/2003;2.71;2.71;2.62;2.62;1167900;7512604.000
12/18/2003;2.60;2.63;2.56;2.58;1075750;6747775.000
12/19/2003;2.58;2.60;2.44;2.48;1850979;11290824.000
12/22/2003;2.47;2.60;2.42;2.60;1694077;10345664.000
12/23/2003;2.60;2.70;2.58;2.68;2281965;14538177.000
12/24/2003;2.69;2.70;2.63;2.69;1402267;9013767.000
12/25/2003;2.71;2.74;2.62;2.73;1825713;11763562.000
12/26/2003;2.70;2.79;2.69;2.74;2695041;17813756.000
12/29/2003;2.74;2.74;2.66;2.67;964900;6258376.000
12/30/2003;2.66;2.74;2.65;2.71;703559;4552989.000
12/31/2003;2.69;2.79;2.69;2.70;1711887;11293881.000
01/02/2004;2.69;2.78;2.69;2.73;1606818;10621063.000
01/05/2004;2.75;2.84;2.75;2.82;3557125;23873412.000
01/06/2004;2.84;2.89;2.78;2.89;3927785;26673272.000
01/07/2004;2.89;2.99;2.86;2.94;4791265;33454932.000
01/08/2004;2.95;3.13;2.95;3.04;5585975;40128756.000
01/09/2004;3.05;3.07;2.89;2.90;4531598;31975604.000
01/12/2004;2.87;2.97;2.79;2.97;2125061;14580883.000
01/13/2004;2.95;2.97;2.87;2.96;1863823;12939957.000
01/14/2004;2.90;2.95;2.85;2.90;1368830;9432233.000
01/15/2004;2.90;3.02;2.87;2.93;1915989;13468961.000
01/16/2004;2.93;3.02;2.91;3.00;1608069;11371285.000
01/29/2004;3.00;3.07;2.97;3.04;1458069;10457641.000
01/30/2004;3.04;3.05;2.88;2.88;2497255;17460124.000
02/02/2004;2.94;2.99;2.85;2.92;1863699;12963668.000
02/03/2004;2.90;3.02;2.88;3.01;2013449;14123085.000
02/04/2004;3.01;3.07;2.99;3.06;3170361;22773524.000
02/05/2004;3.07;3.09;2.99;3.07;2588983;18592312.000
02/06/2004;3.08;3.19;3.00;3.04;4945675;36253248.000
02/09/2004;3.03;3.17;3.02;3.14;2998696;22019600.000
02/10/2004;3.14;3.22;3.11;3.14;3321006;24696888.000
02/11/2004;3.14;3.26;3.14;3.25;3695833;27837238.000
02/12/2004;3.26;3.27;3.18;3.20;3288732;24874692.000
02/13/2004;3.20;3.24;3.10;3.11;2243789;16678233.000
02/16/2004;3.10;3.24;3.10;3.23;2029915;15190453.000
02/17/2004;3.25;3.29;3.21;3.24;2351406;17884728.000
02/18/2004;3.24;3.27;3.17;3.23;2184220;16415099.000
02/19/2004;3.23;3.34;3.22;3.33;3380498;25956804.000
02/20/2004;3.34;3.36;3.27;3.34;2144784;16541422.000
02/23/2004;3.36;3.39;3.24;3.24;3446108;26795292.000
02/24/2004;3.22;3.25;3.11;3.19;2933609;21870014.000
02/25/2004;3.17;3.24;3.00;3.04;2669807;19689830.000
02/26/2004;3.04;3.07;2.96;3.01;1750480;12477995.000
02/27/2004;3.02;3.07;3.00;3.05;1230208;8826002.000
03/01/2004;3.04;3.07;2.95;3.06;2099771;14918132.000
03/02/2004;3.05;3.08;3.00;3.05;1569831;11269850.000
03/03/2004;3.05;3.08;2.96;2.97;1484725;10564330.000
03/04/2004;2.96;3.04;2.90;3.02;1808410;12694007.000
03/05/2004;3.04;3.04;2.97;2.99;1005492;7139639.000
03/08/2004;2.97;2.97;2.84;2.85;1215600;8400837.000
03/09/2004;2.84;2.89;2.79;2.80;978073;6632003.000
03/10/2004;2.79;2.89;2.78;2.89;1140596;7741819.000
03/11/2004;2.89;2.95;2.87;2.91;1292828;8962320.000
03/12/2004;2.91;2.92;2.86;2.87;818993;5623737.000
03/15/2004;2.86;2.97;2.85;2.96;1114242;7772265.000
03/16/2004;2.97;2.99;2.94;2.98;1102586;7749107.000
03/17/2004;2.99;2.99;2.94;2.96;797036;5593627.000
03/18/2004;2.96;2.98;2.86;2.86;1057600;7344443.000
03/19/2004;2.85;2.95;2.85;2.94;869114;6013276.000
03/22/2004;2.94;3.01;2.94;3.00;1259451;8876701.000
03/23/2004;3.00;3.00;2.94;2.98;876994;6176569.000
03/24/2004;2.98;3.03;2.97;2.99;1237242;8792358.000
03/25/2004;2.99;3.02;2.97;3.02;906475;6442983.000
03/26/2004;3.02;3.02;2.97;2.98;936117;6638545.000
03/31/2004;2.99;3.05;2.99;3.05;1287972;9213039.000
04/01/2004;3.03;3.06;3.02;3.05;1100355;7906115.000
04/02/2004;3.05;3.10;3.03;3.07;1395910;10116622.000
04/05/2004;3.07;3.15;3.07;3.15;1974574;14465460.000
04/06/2004;3.15;3.19;3.11;3.18;2016635;14965806.000
04/07/2004;3.18;3.18;3.09;3.09;1738603;12812141.000
04/08/2004;3.08;3.10;3.04;3.05;1729278;12505185.000
04/09/2004;3.04;3.06;2.95;2.96;1809074;12864908.000
04/12/2004;2.95;3.01;2.94;3.00;1021210;7211481.000
04/13/2004;3.00;3.04;2.95;2.96;1050968;7466710.000
04/14/2004;2.96;2.98;2.88;2.93;1138992;7928653.000
04/15/2004;2.96;2.96;2.87;2.88;965800;6695682.000
04/16/2004;2.88;2.93;2.80;2.87;936937;6367450.000
04/19/2004;2.87;2.90;2.82;2.83;510700;3492293.000
04/20/2004;2.84;2.89;2.82;2.84;427963;2914701.000
04/21/2004;2.86;2.92;2.85;2.88;585924;4029453.000
04/22/2004;2.89;2.90;2.84;2.89;414542;2835762.000
04/23/2004;2.88;2.88;2.74;2.75;995301;6664579.000
04/26/2004;2.74;2.74;2.60;2.63;1164959;7462543.000
04/27/2004;2.63;2.66;2.57;2.58;669425;4222925.000
04/28/2004;2.55;2.64;2.54;2.62;569445;3581361.000
04/29/2004;2.63;2.64;2.55;2.56;478620;2999066.000
04/30/2004;2.56;2.61;2.56;2.61;349855;2194138.000
05/10/2004;2.60;2.63;2.54;2.60;419599;2622820.000
05/11/2004;2.63;2.70;2.63;2.70;1356348;8716116.000
05/12/2004;2.68;2.74;2.65;2.73;751584;4890781.000
05/13/2004;2.70;2.74;2.68;2.69;376953;2446371.000
05/14/2004;2.67;2.69;2.57;2.58;429100;2719801.000
05/17/2004;2.58;2.63;2.57;2.61;236600;1490152.000
05/18/2004;2.63;2.69;2.60;2.69;287449;1834101.000
05/19/2004;2.69;2.70;2.66;2.67;308800;1995602.000
05/20/2004;2.66;2.69;2.60;2.61;258981;1650963.000
05/21/2004;2.65;2.65;2.60;2.63;167374;1064149.000
05/24/2004;2.69;2.69;2.61;2.61;167500;1043801.000
05/25/2004;2.63;2.63;2.50;2.51;442074;2671271.000
05/26/2004;2.50;2.57;2.50;2.54;309108;1857531.000
05/27/2004;2.52;2.59;2.48;2.58;445695;2700035.000
05/28/2004;2.59;2.61;2.54;2.55;284795;1735916.000
06/01/2004;2.57;2.65;2.56;2.65;457516;2836342.000
06/02/2004;2.65;2.68;2.61;2.66;436499;2736064.000
06/03/2004;2.66;2.66;2.56;2.56;341549;2093446.000
06/04/2004;2.56;2.60;2.56;2.57;245250;1501368.000
06/07/2004;2.57;2.57;2.51;2.52;229427;1384557.000
06/08/2004;2.52;2.53;2.48;2.48;305400;1823185.000
06/09/2004;2.48;2.53;2.42;2.43;478160;2831715.000
06/10/2004;2.43;2.47;2.41;2.43;306450;1784940.000
06/11/2004;2.43;2.50;2.42;2.42;277008;1629357.000
06/14/2004;2.43;2.43;2.27;2.28;355000;1988510.000
06/15/2004;2.28;2.37;2.27;2.36;314511;1755832.000
06/16/2004;2.33;2.40;2.31;2.35;227470;1292702.000
06/17/2004;2.33;2.37;2.23;2.25;264569;1470389.000
06/18/2004;2.23;2.26;2.18;2.25;333560;1798734.000
06/21/2004;2.24;2.32;2.21;2.31;233780;1286176.000
06/22/2004;2.31;2.33;2.27;2.29;327206;1822370.000
06/23/2004;2.30;2.30;2.23;2.26;234039;1278804.000
06/24/2004;2.27;2.30;2.26;2.27;232932;1281570.000
06/25/2004;2.31;2.31;2.18;2.19;208900;1130521.000
06/28/2004;2.18;2.18;2.10;2.10;307121;1591243.000
06/29/2004;2.10;2.15;2.06;2.12;178279;918259.000
06/30/2004;2.12;2.15;2.06;2.07;224700;1164484.000
07/01/2004;2.10;2.17;2.07;2.15;393461;2047049.000
07/02/2004;2.15;2.19;2.11;2.19;456957;2403587.000
07/05/2004;2.17;2.19;2.15;2.19;220700;1167037.000
07/06/2004;2.19;2.22;2.18;2.21;260090;1393612.000
07/07/2004;2.21;2.21;2.15;2.17;226150;1199903.000
07/08/2004;2.20;2.22;2.17;2.21;446602;2390143.000
07/09/2004;2.22;2.28;2.21;2.22;1558407;8482512.000
07/12/2004;2.18;2.19;2.06;2.10;401899;2084338.000
07/13/2004;2.09;2.13;2.06;2.08;261472;1344639.000
07/14/2004;2.09;2.12;2.01;2.06;365729;1846804.000
07/15/2004;2.05;2.09;2.03;2.07;218210;1106801.000
07/16/2004;2.08;2.16;2.08;2.13;439471;2285154.000
07/19/2004;2.13;2.14;2.09;2.12;267601;1390530.000
07/20/2004;2.11;2.11;2.07;2.07;290501;1487425.000
07/21/2004;2.05;2.10;2.05;2.10;226700;1156020.000
07/22/2004;2.13;2.13;2.03;2.04;249450;1265747.000
07/23/2004;2.02;2.04;2.02;2.03;272182;1360889.000
07/26/2004;2.03;2.04;1.99;2.00;306760;1528678.000
07/27/2004;1.99;2.01;1.98;1.99;189400;933797.000
07/28/2004;1.99;2.02;1.98;2.01;138179;682065.000
07/29/2004;2.02;2.05;2.00;2.04;193658;967586.000
07/30/2004;2.04;2.05;1.99;2.00;170600;854410.000
08/02/2004;1.98;2.00;1.94;1.95;186600;910255.000
08/03/2004;1.95;1.97;1.92;1.93;216032;1038350.000
08/04/2004;1.92;2.02;1.92;2.00;365152;1794636.000
08/05/2004;2.00;2.02;1.98;2.00;228865;1129685.000
08/06/2004;1.97;2.01;1.96;1.99;141250;694439.000
08/09/2004;2.01;2.01;1.96;1.99;83390;409552.000
08/10/2004;1.99;2.01;1.96;1.99;136700;671495.000
08/11/2004;1.98;1.98;1.92;1.93;197000;951283.000
08/12/2004;1.98;2.02;1.94;2.02;469371;2298891.000
08/13/2004;2.00;2.09;2.00;2.05;861448;4337883.000
08/16/2004;2.04;2.05;1.97;1.99;371400;1839568.000
08/17/2004;1.99;2.10;1.96;2.07;692139;3506710.000
08/18/2004;2.07;2.10;2.04;2.05;465418;2377872.000
08/19/2004;2.05;2.07;2.02;2.07;496962;2504924.000
08/20/2004;2.05;2.10;2.01;2.06;419544;2120493.000
08/23/2004;2.05;2.06;2.02;2.05;172210;866406.000
08/24/2004;2.05;2.13;2.03;2.11;612767;3157511.000
08/25/2004;2.10;2.13;2.08;2.10;298215;1540337.000
08/26/2004;2.10;2.10;2.05;2.06;229166;1165883.000
08/27/2004;2.05;2.07;1.99;2.00;359001;1792593.000
08/30/2004;1.98;2.01;1.97;1.99;123460;607369.000
08/31/2004;2.04;2.10;2.04;2.06;464508;2364049.000
09/01/2004;2.06;2.06;2.01;2.01;127101;635437.000
09/02/2004;2.00;2.07;2.00;2.07;265912;1329990.000
09/03/2004;2.06;2.11;2.04;2.10;395134;2025019.000
09/06/2004;2.09;2.11;2.06;2.10;245749;1260007.000
09/07/2004;2.10;2.10;2.06;2.09;175039;897340.000
09/08/2004;2.09;2.12;2.07;2.11;364654;1880584.000
09/09/2004;2.10;2.10;2.04;2.06;240050;1223189.000
09/10/2004;2.04;2.07;2.01;2.04;248669;1244738.000
09/13/2004;2.03;2.03;1.94;1.95;244769;1197916.000
09/14/2004;1.95;2.05;1.95;2.02;325900;1622457.000
09/15/2004;2.03;2.22;2.03;2.16;1628933;8552800.000
09/16/2004;2.19;2.19;2.13;2.18;780686;4115449.000
09/17/2004;2.18;2.25;2.15;2.24;1311118;7022525.000
09/20/2004;2.27;2.46;2.25;2.39;3420900;19494212.000
09/21/2004;2.37;2.40;2.30;2.32;2061457;11655085.000
09/22/2004;2.31;2.35;2.25;2.26;1162172;6433521.000
09/23/2004;2.25;2.32;2.21;2.31;538909;2946357.000
09/24/2004;2.36;2.36;2.21;2.22;1143660;6334214.000
09/27/2004;2.23;2.27;2.15;2.17;644198;3436397.000
09/28/2004;2.17;2.27;2.17;2.22;638399;3450925.000
09/29/2004;2.22;2.22;2.18;2.18;257100;1372811.000
09/30/2004;2.17;2.21;2.12;2.14;392840;2073843.000
10/08/2004;2.17;2.26;2.14;2.26;627612;3364664.000
10/11/2004;2.27;2.31;2.20;2.31;1509184;8258948.000
10/12/2004;2.41;2.49;2.31;2.39;4613082;26693932.000
10/13/2004;2.39;2.45;2.36;2.42;1805104;10477831.000
10/14/2004;2.42;2.45;2.24;2.25;1320225;7398377.000
10/15/2004;2.22;2.33;2.22;2.33;1003940;5544486.000
10/18/2004;2.40;2.40;2.30;2.38;786051;4446418.000
10/19/2004;2.42;2.42;2.34;2.34;925993;5291723.000
10/20/2004;2.34;2.34;2.23;2.30;619803;3421385.000
10/21/2004;2.30;2.38;2.27;2.37;1015827;5716275.000
10/22/2004;2.37;2.38;2.24;2.33;927679;5206746.000
10/25/2004;2.34;2.41;2.32;2.34;847857;4817254.000
10/26/2004;2.32;2.34;2.26;2.34;746022;4139369.000
10/27/2004;2.34;2.46;2.31;2.45;1701245;9823195.000
10/28/2004;2.46;2.46;2.37;2.40;1080785;6240585.000
10/29/2004;2.28;2.37;2.25;2.26;944040;5264018.000
11/01/2004;2.25;2.30;2.14;2.15;1048384;5564978.000
11/02/2004;2.13;2.16;2.10;2.12;550467;2852677.000
11/03/2004;2.12;2.19;2.11;2.17;442714;2326327.000
11/04/2004;2.19;2.19;2.06;2.07;567107;2955826.000
11/05/2004;2.06;2.11;2.06;2.07;421194;2154820.000
11/08/2004;2.06;2.09;2.02;2.08;300576;1522466.000
11/09/2004;2.07;2.13;2.07;2.10;232127;1197615.000
11/10/2004;2.12;2.20;2.07;2.18;647126;3398673.000
11/11/2004;2.20;2.22;2.15;2.16;742500;3961456.000
11/12/2004;2.16;2.19;2.13;2.15;454800;2387396.000
11/15/2004;2.14;2.17;2.14;2.17;435800;2296426.000
11/16/2004;2.18;2.19;2.15;2.16;294040;1552549.000
11/17/2004;2.17;2.17;2.12;2.13;307990;1612001.000
11/18/2004;2.13;2.18;2.13;2.18;311310;1641984.000
11/19/2004;2.18;2.23;2.15;2.22;471964;2520654.000
11/22/2004;2.22;2.25;2.20;2.23;599842;3240863.000
11/23/2004;2.22;2.23;2.19;2.21;522717;2806091.000
11/24/2004;2.21;2.24;2.20;2.21;378007;2037939.000
11/25/2004;2.20;2.20;2.15;2.17;367783;1942333.000
11/26/2004;2.17;2.21;2.17;2.17;209800;1116380.000
11/29/2004;2.16;2.17;2.10;2.10;264100;1378473.000
11/30/2004;2.10;2.14;2.07;2.10;245644;1264839.000
12/01/2004;2.11;2.13;2.11;2.11;125804;653146.000
12/02/2004;2.11;2.16;2.10;2.15;243361;1271688.000
12/03/2004;2.15;2.18;2.15;2.16;307039;1624225.000
12/06/2004;2.15;2.19;2.14;2.17;239499;1261379.000
12/07/2004;2.17;2.17;2.12;2.12;242100;1268635.000
12/08/2004;2.12;2.15;2.11;2.12;160980;838389.000
12/09/2004;2.12;2.19;2.11;2.18;436600;2309074.000
12/10/2004;2.17;2.19;2.11;2.12;223200;1170069.000
12/13/2004;2.11;2.12;2.09;2.10;144321;744720.000
12/14/2004;2.10;2.12;2.08;2.09;197544;1018382.000
12/15/2004;2.09;2.11;2.05;2.09;214900;1095483.000
12/16/2004;2.06;2.12;2.06;2.09;109600;562729.000
12/17/2004;2.09;2.10;2.07;2.08;133164;682137.000
12/20/2004;2.05;2.08;2.04;2.06;167790;850017.000
12/21/2004;2.06;2.08;2.05;2.06;85910;435778.000
12/22/2004;2.12;2.14;2.06;2.14;262073;1356397.000
12/23/2004;2.13;2.13;2.06;2.06;150700;773907.000
12/24/2004;2.10;2.10;2.06;2.09;115900;592685.000
12/27/2004;2.11;2.11;2.07;2.09;75100;386970.000
12/28/2004;2.08;2.09;2.02;2.03;214027;1080513.000
12/29/2004;2.02;2.07;1.99;1.99;349500;1739266.000
12/30/2004;1.99;2.02;1.99;2.00;115199;570685.000
12/31/2004;2.00;2.03;1.97;2.00;154999;765083.000
01/04/2005;1.95;2.02;1.94;1.96;165200;805465.000
01/05/2005;1.96;2.01;1.95;2.00;210500;1038097.000
01/06/2005;2.01;2.01;1.96;1.97;93700;462328.000
01/07/2005;1.96;2.01;1.96;1.99;110300;543957.000
01/10/2005;1.98;2.02;1.98;2.02;127300;631257.000
01/11/2005;2.03;2.03;2.01;2.02;97300;485320.000
01/12/2005;2.02;2.03;1.99;2.02;147931;734631.000
01/13/2005;2.02;2.04;2.01;2.02;132650;663810.000
01/14/2005;2.04;2.04;1.97;1.99;189975;946594.000
01/17/2005;1.97;1.98;1.89;1.91;282900;1354470.000
01/18/2005;1.91;1.94;1.88;1.93;142595;678398.000
01/19/2005;1.93;1.95;1.90;1.92;94110;449797.000
01/20/2005;1.88;1.91;1.87;1.89;154082;726427.000
01/21/2005;1.86;1.95;1.86;1.94;248369;1179821.000
01/24/2005;1.99;2.00;1.96;1.97;259169;1268456.000
01/25/2005;1.97;1.97;1.92;1.94;202300;977006.000
01/26/2005;1.94;1.96;1.92;1.93;116420;562197.000
01/27/2005;1.94;1.97;1.92;1.97;253725;1227192.000
01/28/2005;1.96;1.97;1.90;1.91;201300;970945.000
01/31/2005;1.90;1.91;1.86;1.87;237051;1112601.000
02/01/2005;1.91;1.91;1.84;1.85;171500;802233.000
02/02/2005;1.88;2.01;1.85;1.98;528219;2561502.000
02/03/2005;1.96;2.00;1.91;1.92;437500;2123201.000
02/04/2005;1.94;2.00;1.92;1.98;306070;1492341.000
02/16/2005;1.99;2.01;1.97;1.98;254019;1250369.000
02/17/2005;1.98;1.98;1.95;1.97;109128;532473.000
02/18/2005;1.99;1.99;1.95;1.98;125400;610900.000
02/21/2005;1.97;2.02;1.97;2.01;204600;1010266.000
02/22/2005;2.01;2.04;2.00;2.04;876293;4382681.000
02/23/2005;2.04;2.07;2.02;2.04;620445;3126684.000
02/24/2005;2.02;2.06;2.02;2.04;430371;2161734.000
02/25/2005;2.05;2.09;2.04;2.05;631590;3207625.000
02/28/2005;2.04;2.05;2.01;2.02;540215;2702637.000
03/01/2005;2.04;2.07;2.01;2.06;406887;2048990.000
03/02/2005;2.07;2.11;2.03;2.05;549200;2806568.000
03/03/2005;2.02;2.09;2.02;2.08;476610;2419006.000
03/04/2005;2.09;2.09;2.04;2.05;355809;1802275.000
03/07/2005;2.05;2.11;2.05;2.10;514425;2631935.000
03/08/2005;2.10;2.15;2.09;2.15;709912;3694099.000
03/09/2005;2.15;2.16;2.12;2.15;787666;4134531.000
03/10/2005;2.16;2.16;2.05;2.06;573200;2961654.000
03/11/2005;2.05;2.09;2.05;2.08;270863;1382562.000
03/14/2005;2.05;2.10;2.02;2.08;342129;1738317.000
03/15/2005;2.08;2.11;2.03;2.05;421900;2156683.000
03/16/2005;2.03;2.05;1.99;2.04;440978;2197947.000
03/17/2005;2.04;2.04;1.99;1.99;218100;1084504.000
03/18/2005;1.99;2.00;1.95;1.97;269176;1315904.000
03/21/2005;1.97;2.04;1.96;2.04;294880;1462713.000
03/22/2005;1.92;1.92;1.80;1.80;1094859;5030922.000
03/23/2005;1.75;1.77;1.68;1.70;1155914;5067100.000
03/24/2005;1.68;1.74;1.68;1.74;493733;2156424.000
03/25/2005;1.73;1.75;1.70;1.73;321011;1409757.000
03/28/2005;1.72;1.72;1.66;1.69;367600;1585840.000
03/29/2005;1.69;1.71;1.67;1.67;394302;1699898.000
03/30/2005;1.67;1.67;1.53;1.56;528599;2175986.000
03/31/2005;1.55;1.59;1.54;1.58;300880;1222070.000
04/01/2005;1.58;1.70;1.56;1.67;618348;2601229.000
04/04/2005;1.66;1.66;1.61;1.61;352644;1472360.000
04/05/2005;1.61;1.62;1.58;1.59;176690;732108.000
04/06/2005;1.59;1.63;1.57;1.62;358613;1479130.000
04/07/2005;1.61;1.69;1.61;1.65;774953;3320187.000
04/08/2005;1.63;1.70;1.62;1.69;407696;1755474.000
04/11/2005;1.67;1.72;1.67;1.70;378073;1639519.000
04/12/2005;1.69;1.70;1.64;1.65;353250;1513945.000
04/13/2005;1.64;1.76;1.64;1.74;605410;2654420.000
04/14/2005;1.73;1.74;1.68;1.68;420799;1832167.000
04/15/2005;1.67;1.69;1.64;1.68;525840;2243607.000
04/18/2005;1.67;1.75;1.65;1.73;931286;4056134.000
04/19/2005;1.72;1.80;1.71;1.80;1192084;5349038.000
04/20/2005;1.79;1.81;1.76;1.76;1327162;6003069.000
04/21/2005;1.75;1.75;1.54;1.54;1040800;4263518.000
04/22/2005;1.48;1.48;1.34;1.38;2936812;10750668.000
04/25/2005;1.33;1.33;1.25;1.28;1078024;3786485.000
04/26/2005;1.27;1.32;1.27;1.30;756359;2667287.000
04/27/2005;1.32;1.32;1.15;1.17;1144543;3828199.000
04/29/2005;1.19;1.23;1.18;1.19;826976;2761254.000
05/09/2005;1.19;1.22;1.10;1.12;279699;902229.000
05/10/2005;1.11;1.11;1.04;1.10;546230;1677096.000
05/11/2005;1.09;1.10;1.07;1.08;281950;872919.000
05/12/2005;1.08;1.12;1.07;1.09;219699;683970.000
05/13/2005;1.09;1.14;1.08;1.14;359547;1142871.000
05/16/2005;1.14;1.14;1.10;1.12;276940;872982.000
05/17/2005;1.11;1.16;1.11;1.13;346690;1109215.000
05/18/2005;1.13;1.16;1.13;1.16;284985;913709.000
05/19/2005;1.16;1.17;1.13;1.17;280976;907356.000
05/20/2005;1.17;1.18;1.14;1.14;174685;567844.000
05/23/2005;1.14;1.14;1.04;1.04;502397;1531972.000
05/24/2005;1.04;1.10;1.03;1.09;219004;673422.000
05/25/2005;1.10;1.15;1.09;1.13;323255;1025764.000
05/26/2005;1.13;1.15;1.10;1.11;232807;734604.000
05/27/2005;1.09;1.14;1.09;1.10;207424;654327.000
05/30/2005;1.10;1.14;1.10;1.14;198174;628168.000
05/31/2005;1.14;1.16;1.13;1.16;462121;1494471.000
06/01/2005;1.17;1.17;1.09;1.11;282701;896842.000
06/02/2005;1.11;1.13;1.10;1.12;188292;593562.000
06/03/2005;1.13;1.16;1.11;1.16;378920;1214990.000
06/06/2005;1.16;1.17;1.12;1.17;434507;1393530.000
06/07/2005;1.18;1.19;1.15;1.17;600933;1962863.000
06/08/2005;1.16;1.31;1.16;1.27;1687233;5769599.000
06/09/2005;1.25;1.28;1.22;1.25;1496957;5134073.000
06/10/2005;1.24;1.30;1.23;1.24;965452;3334025.000
06/13/2005;1.23;1.25;1.19;1.23;559868;1885723.000
06/14/2005;1.24;1.26;1.20;1.20;391150;1328412.000
06/15/2005;1.20;1.20;1.15;1.15;516910;1684024.000
06/16/2005;1.15;1.16;1.12;1.16;356000;1143180.000
06/17/2005;1.17;1.18;1.12;1.15;335100;1075226.000
06/20/2005;1.15;1.20;1.11;1.19;431968;1406820.000
06/21/2005;1.19;1.26;1.17;1.25;1360661;4619297.000
06/22/2005;1.22;1.24;1.21;1.23;700895;2365058.000
06/23/2005;1.25;1.25;1.19;1.20;328500;1059477.000
06/24/2005;1.19;1.21;1.18;1.21;249610;798700.000
06/27/2005;1.21;1.26;1.21;1.24;589048;1933663.000
06/28/2005;1.24;1.32;1.22;1.30;2154925;7276427.000
06/29/2005;1.30;1.32;1.26;1.26;500989;1684488.000
06/30/2005;1.26;1.28;1.23;1.24;371791;1236045.000
07/01/2005;1.26;1.31;1.20;1.21;1678099;5583828.000
07/04/2005;1.20;1.20;1.05;1.09;1129399;3387321.000
07/05/2005;1.07;1.09;1.05;1.07;430529;1259750.000
07/06/2005;1.08;1.10;1.07;1.09;322316;955769.000
07/07/2005;1.05;1.11;1.05;1.08;160200;473710.000
07/08/2005;1.07;1.08;0.99;1.00;488507;1394097.000
07/11/2005;1.03;1.05;0.95;0.95;251400;712258.000
07/12/2005;0.95;1.04;0.95;1.04;383881;1072206.000
07/13/2005;1.03;1.05;1.01;1.01;230000;654364.000
07/14/2005;1.01;1.04;1.00;1.03;226800;643494.000
07/15/2005;1.03;1.04;0.98;0.99;281868;793150.000
07/18/2005;0.95;0.99;0.95;0.99;322357;884427.000
07/19/2005;0.97;1.01;0.97;1.01;208502;579611.000
07/20/2005;0.99;1.04;0.99;1.03;229603;653560.000
07/21/2005;1.04;1.05;1.01;1.05;387037;1111256.000
07/22/2005;1.04;1.11;1.03;1.11;937048;2778411.000
07/25/2005;1.10;1.13;1.08;1.13;459873;1380683.000
07/26/2005;1.10;1.14;1.10;1.12;700887;2131893.000
07/27/2005;1.15;1.27;1.15;1.27;3430940;11355849.000
07/28/2005;1.35;1.43;1.30;1.43;9923230;35424396.000
07/29/2005;1.45;1.57;1.42;1.50;10463445;39599424.000
08/01/2005;1.49;1.68;1.48;1.65;8609475;34272224.000
08/02/2005;1.67;1.85;1.67;1.85;14149220;62913544.000
08/03/2005;1.84;1.93;1.75;1.84;13831402;61681304.000
08/04/2005;1.80;1.86;1.72;1.81;8194961;36111872.000
08/05/2005;1.81;1.84;1.75;1.79;6736704;29629212.000
08/08/2005;1.77;2.01;1.69;2.00;12265981;54791416.000
08/09/2005;1.94;1.94;1.78;1.81;10797714;48754696.000
08/10/2005;1.79;1.87;1.77;1.84;6602584;29474976.000
08/11/2005;1.84;1.88;1.75;1.83;6692853;29578340.000
08/12/2005;1.83;1.86;1.76;1.78;6657744;29490116.000
08/15/2005;1.78;1.79;1.64;1.73;6127023;25959234.000
08/16/2005;1.72;1.89;1.71;1.82;8829686;39367432.000
08/17/2005;1.82;1.90;1.80;1.83;8237924;37246848.000
08/18/2005;1.83;1.89;1.69;1.71;5847651;25443106.000
08/19/2005;1.69;1.74;1.55;1.59;6235512;25286486.000
08/22/2005;1.58;1.64;1.56;1.60;3163175;12667986.000
08/23/2005;1.59;1.65;1.52;1.60;4234006;16891024.000
08/24/2005;1.59;1.65;1.55;1.62;3373790;13594795.000
08/25/2005;1.62;1.74;1.59;1.69;5846133;24324336.000
08/26/2005;1.70;1.70;1.62;1.64;3395535;13992668.000
08/29/2005;1.63;1.67;1.59;1.65;2621850;10614843.000
08/30/2005;1.64;1.64;1.53;1.54;2504419;9950488.000
08/31/2005;1.52;1.58;1.51;1.57;2483342;9680978.000
09/01/2005;1.57;1.62;1.55;1.61;2935351;11715347.000
09/02/2005;1.61;1.77;1.58;1.72;6156670;25636220.000
09/05/2005;1.69;1.71;1.65;1.70;3583454;15004369.000
09/06/2005;1.67;1.76;1.63;1.63;3651253;15305096.000
09/07/2005;1.62;1.68;1.58;1.66;2840914;11497104.000
09/08/2005;1.66;1.67;1.62;1.64;1845585;7573746.000
09/09/2005;1.64;1.66;1.60;1.60;1861214;7524289.000
09/12/2005;1.59;1.63;1.58;1.62;1032870;4152679.000
09/13/2005;1.63;1.68;1.62;1.68;2719088;11238435.000
09/14/2005;1.68;1.72;1.66;1.70;2874930;12041983.000
09/15/2005;1.70;1.75;1.68;1.72;3958582;16889496.000
09/16/2005;1.74;1.77;1.72;1.74;2973203;12779633.000
09/19/2005;1.74;1.81;1.68;1.78;4117926;17822868.000
09/20/2005;1.77;1.77;1.68;1.72;2710094;11543295.000
09/21/2005;1.70;1.71;1.62;1.64;2707979;11171625.000
09/22/2005;1.62;1.69;1.55;1.58;1900751;7749977.000
09/23/2005;1.57;1.61;1.52;1.53;1156450;4544033.000
09/26/2005;1.51;1.57;1.50;1.55;1154779;4460642.000
09/27/2005;1.55;1.55;1.40;1.42;2052496;7642488.000
09/28/2005;1.45;1.46;1.42;1.45;1250559;4608416.000
09/29/2005;1.45;1.51;1.44;1.50;1642646;6187780.000
09/30/2005;1.50;1.50;1.43;1.47;1294372;4823703.000
10/10/2005;1.49;1.54;1.42;1.46;1380894;5237302.000
10/11/2005;1.45;1.51;1.44;1.51;1055199;3988333.000
10/12/2005;1.51;1.58;1.48;1.55;1718792;6672053.000
10/13/2005;1.53;1.59;1.53;1.56;1631525;6407977.000
10/14/2005;1.55;1.55;1.46;1.47;1010450;3893399.000
10/17/2005;1.44;1.50;1.40;1.45;760702;2823582.000
10/18/2005;1.43;1.58;1.43;1.57;1956333;7489960.000
10/19/2005;1.56;1.58;1.52;1.52;1356217;5295278.000
10/20/2005;1.52;1.56;1.44;1.47;690383;2599536.000
10/21/2005;1.47;1.57;1.44;1.50;1517354;5863964.000
10/24/2005;1.50;1.50;1.44;1.46;1547289;5754895.000
10/25/2005;1.45;1.45;1.38;1.40;1416088;5118021.000
10/26/2005;1.38;1.43;1.30;1.30;1217750;4266733.000
10/27/2005;1.29;1.34;1.27;1.32;1086824;3715005.000
10/28/2005;1.32;1.32;1.22;1.25;1056800;3511335.000
10/31/2005;1.25;1.29;1.24;1.27;826983;2759786.000
11/01/2005;1.27;1.27;1.22;1.27;772187;2535596.000
11/02/2005;1.26;1.33;1.26;1.32;1428593;4891787.000
11/03/2005;1.31;1.32;1.26;1.28;781691;2642336.000
11/04/2005;1.28;1.32;1.27;1.32;941150;3208135.000
11/07/2005;1.32;1.34;1.29;1.34;912268;3137932.000
11/08/2005;1.33;1.37;1.29;1.35;1413095;4884825.000
11/09/2005;1.34;1.35;1.31;1.31;894686;3092155.000
11/10/2005;1.30;1.30;1.20;1.21;1071195;3544396.000
11/11/2005;1.22;1.24;1.20;1.22;674877;2191505.000
11/14/2005;1.22;1.27;1.21;1.27;981478;3243550.000
11/15/2005;1.27;1.33;1.26;1.30;1488875;5057516.000
11/16/2005;1.31;1.37;1.31;1.33;2240167;7805665.000
11/17/2005;1.32;1.33;1.29;1.33;918229;3149142.000
11/18/2005;1.30;1.42;1.30;1.39;3317440;11768626.000
12/06/2005;1.25;1.30;1.21;1.25;1579999;5187903.000
12/07/2005;1.25;1.34;1.23;1.34;1879056;6416755.000
12/08/2005;1.34;1.35;1.29;1.34;885812;3052613.000
12/09/2005;1.35;1.35;1.31;1.34;942405;3262937.000
12/12/2005;1.35;1.35;1.30;1.34;982200;3395049.000
12/13/2005;1.34;1.34;1.29;1.31;813468;2782020.000
12/14/2005;1.33;1.35;1.31;1.32;1679324;5817588.000
01/09/2006;1.55;1.61;1.49;1.58;7740019;22386612.000
01/10/2006;1.56;1.59;1.54;1.59;3584957;10453472.000
01/11/2006;1.59;1.59;1.53;1.55;2772494;8062460.000
01/12/2006;1.54;1.57;1.52;1.57;2457849;7110850.000
01/13/2006;1.57;1.57;1.55;1.57;1971876;5735803.000
01/16/2006;1.57;1.57;1.51;1.51;1514900;4360895.000
01/17/2006;1.49;1.52;1.48;1.49;1491384;4202251.000
01/18/2006;1.49;1.67;1.49;1.67;9457074;28454392.000
01/19/2006;1.70;1.72;1.64;1.71;6908024;21358628.000
01/20/2006;1.70;1.71;1.64;1.65;2919639;8944997.000
01/23/2006;1.63;1.64;1.57;1.60;2697530;7996276.000
01/24/2006;1.57;1.63;1.57;1.58;1918905;5696525.000
01/25/2006;1.57;1.60;1.54;1.57;1626901;4740177.000
02/06/2006;1.60;1.67;1.57;1.63;2126823;6429003.000
02/07/2006;1.65;1.65;1.57;1.61;2844958;8414509.000
02/08/2006;1.61;1.68;1.58;1.67;2865700;8621982.000
02/09/2006;1.65;1.67;1.61;1.61;2425814;7366130.000
02/10/2006;1.61;1.67;1.61;1.64;1458142;4420159.000
02/13/2006;1.64;1.66;1.57;1.61;1408692;4182863.000
02/14/2006;1.62;1.65;1.59;1.63;1646580;4975186.000
02/15/2006;1.62;1.67;1.62;1.64;2948475;8982058.000
02/16/2006;1.63;1.81;1.62;1.74;8501811;26744476.000
02/17/2006;1.73;1.81;1.67;1.75;6092296;19460050.000
02/20/2006;1.73;1.85;1.71;1.81;5605764;18367316.000
02/21/2006;1.82;1.95;1.80;1.93;7485982;25401642.000
02/22/2006;1.93;1.97;1.88;1.91;5792927;20000084.000
02/23/2006;1.92;2.09;1.81;2.03;8781873;31007412.000
02/24/2006;2.05;2.19;2.02;2.19;11531869;43512464.000
02/27/2006;2.19;2.27;2.07;2.10;16919030;64702940.000
02/28/2006;2.09;2.14;2.05;2.13;5243086;19551664.000
03/01/2006;2.14;2.21;2.07;2.18;5224473;19770916.000
03/02/2006;2.17;2.17;1.95;2.05;4344540;16099333.000
03/03/2006;2.04;2.07;1.93;2.00;3716103;13221198.000
03/06/2006;1.99;2.13;1.97;2.09;3688197;13642307.000
03/07/2006;2.09;2.11;1.99;2.01;2165745;7848534.000
03/08/2006;2.01;2.05;1.99;2.04;2370438;8561012.000
03/09/2006;2.03;2.06;1.90;1.93;1496450;5276461.000
03/10/2006;1.93;1.97;1.84;1.88;1567515;5345910.000
03/13/2006;1.85;1.99;1.85;1.95;1658376;5786238.000
03/14/2006;1.95;2.06;1.90;2.03;2380185;8487563.000
03/15/2006;2.03;2.06;2.01;2.04;1725647;6257303.000
03/16/2006;2.06;2.07;2.01;2.01;1254628;4552656.000
03/17/2006;1.99;2.02;1.92;1.97;739200;2608634.000
03/21/2006;2.03;2.05;1.98;2.02;1600164;5758478.000
03/22/2006;2.07;2.26;2.05;2.23;10442454;40852940.000
03/23/2006;2.19;2.25;2.12;2.20;5037587;19249252.000
03/24/2006;2.18;2.23;2.13;2.13;2539273;9690850.000
03/27/2006;2.13;2.19;2.09;2.18;1850953;7028514.000
03/28/2006;2.16;2.18;2.08;2.09;2839744;10668284.000
03/29/2006;2.07;2.13;2.06;2.07;3202281;11930293.000
03/30/2006;2.09;2.17;2.09;2.12;4078478;15417007.000
03/31/2006;2.13;2.16;2.00;2.03;5123970;18653944.000
04/03/2006;2.01;2.11;2.01;2.07;3771258;13754098.000
04/04/2006;2.09;2.31;2.09;2.31;11492959;44924228.000
04/05/2006;2.32;2.37;2.23;2.29;7129536;28573584.000
04/06/2006;2.27;2.33;2.23;2.24;5794919;23072944.000
04/07/2006;2.25;2.47;2.25;2.33;6408900;26259060.000
04/10/2006;2.32;2.39;2.29;2.34;3675294;14945813.000
04/11/2006;2.36;2.37;2.23;2.31;4506789;18027296.000
04/12/2006;2.31;2.32;2.23;2.25;2666250;10542262.000
04/13/2006;2.29;2.35;2.18;2.19;3896860;15583907.000
04/14/2006;2.17;2.25;2.11;2.23;2385737;9144850.000
04/17/2006;2.21;2.24;2.15;2.19;3523129;13551202.000
04/18/2006;2.20;2.32;2.20;2.25;3241969;12839544.000
04/19/2006;2.25;2.25;2.14;2.21;2057929;7906355.000
04/20/2006;2.21;2.21;2.07;2.09;3159146;11856334.000
04/21/2006;2.08;2.19;1.99;2.13;3692082;13648385.000
04/24/2006;2.11;2.12;1.99;2.06;4356869;15731681.000
04/25/2006;2.10;2.13;2.01;2.12;4576644;16930810.000
04/26/2006;2.12;2.29;2.11;2.27;9737704;37683820.000
04/27/2006;2.29;2.39;2.22;2.36;10553199;42425112.000
04/28/2006;2.39;2.41;2.29;2.33;12540415;51518328.000
05/08/2006;2.33;2.45;2.31;2.42;7709658;32097576.000
05/10/2006;2.59;2.62;2.36;2.61;10609830;45488048.000
05/11/2006;2.62;2.70;2.45;2.45;15713078;70395264.000
05/12/2006;2.43;2.61;2.36;2.53;7852788;33641108.000
05/15/2006;2.53;2.65;2.42;2.64;9670514;42258808.000
05/16/2006;2.65;2.68;2.42;2.44;8388078;36939480.000
05/17/2006;2.41;2.69;2.39;2.58;7514153;32810568.000
05/18/2006;2.58;2.58;2.43;2.49;7362437;31596116.000
05/19/2006;2.47;2.57;2.44;2.55;6516993;28549286.000
05/22/2006;2.53;2.79;2.52;2.69;9830921;45168404.000
05/23/2006;2.67;2.67;2.45;2.46;5503332;24125844.000
05/24/2006;2.46;2.54;2.27;2.32;4494250;18633280.000
05/25/2006;2.34;2.41;2.29;2.39;2121007;8670375.000
05/26/2006;2.39;2.47;2.37;2.43;2774564;11684226.000
05/29/2006;2.45;2.54;2.42;2.53;3569149;15375020.000
05/30/2006;2.53;2.59;2.50;2.55;4161572;18316944.000
05/31/2006;2.55;2.62;2.45;2.47;4050087;17703552.000
06/01/2006;2.47;2.57;2.42;2.56;3744261;16303182.000
06/02/2006;2.57;2.77;2.53;2.67;8491513;38362832.000
06/05/2006;2.68;2.77;2.57;2.76;6755910;31050292.000
06/06/2006;2.74;2.75;2.62;2.63;3728016;17062144.000
06/07/2006;2.61;2.63;2.33;2.33;4422865;18821804.000
06/08/2006;2.29;2.39;2.27;2.39;2621407;10700518.000
06/09/2006;2.39;2.42;2.27;2.27;2745165;11215321.000
06/12/2006;2.23;2.32;2.22;2.27;1058546;4218251.000
06/13/2006;2.25;2.35;2.25;2.33;1265573;5132735.000
06/14/2006;2.30;2.37;2.27;2.36;1206450;4875776.000
06/15/2006;2.37;2.42;2.31;2.33;1302854;5366023.000
06/16/2006;2.37;2.39;2.33;2.38;1306579;5369442.000
06/19/2006;2.35;2.39;2.32;2.38;1581287;6496880.000
06/20/2006;2.38;2.51;2.33;2.45;3401578;14325964.000
06/21/2006;2.43;2.43;2.33;2.36;2020103;8383000.000
06/22/2006;2.35;2.38;2.32;2.33;1557530;6354276.000
06/23/2006;2.32;2.39;2.29;2.37;1436921;5872682.000
06/26/2006;2.39;2.49;2.37;2.48;2558127;10819424.000
06/27/2006;2.47;2.56;2.44;2.54;3112974;13463156.000
06/28/2006;2.51;2.56;2.47;2.52;2149561;9360089.000
06/29/2006;2.52;2.65;2.52;2.61;4266278;19044672.000
06/30/2006;2.64;2.65;2.51;2.57;2786590;12121417.000
07/03/2006;2.55;2.63;2.52;2.61;2830744;12450772.000
07/04/2006;2.61;2.81;2.61;2.69;8291415;38084060.000
07/05/2006;2.69;2.81;2.60;2.70;5841929;26807516.000
07/06/2006;2.72;2.88;2.71;2.83;9052124;42814328.000
07/07/2006;2.83;2.88;2.75;2.77;5021603;23804402.000
07/10/2006;2.73;2.80;2.67;2.78;2875786;13275003.000
07/11/2006;2.75;2.79;2.69;2.74;2691275;12462452.000
07/12/2006;2.74;2.76;2.63;2.65;3709043;16932104.000
07/13/2006;2.63;2.66;2.39;2.40;4618486;19784280.000
07/14/2006;2.39;2.48;2.37;2.41;2771402;11487946.000
07/17/2006;2.43;2.50;2.40;2.49;1813158;7608309.000
07/18/2006;2.49;2.50;2.42;2.48;1549869;6513575.000
07/19/2006;2.48;2.48;2.35;2.37;2398668;9850619.000
07/20/2006;2.35;2.43;2.35;2.41;1320008;5428157.000
07/21/2006;2.41;2.46;2.40;2.45;1367929;5709404.000
07/24/2006;2.43;2.55;2.34;2.52;2920759;12454776.000
07/25/2006;2.51;2.56;2.49;2.53;2059216;8884220.000
07/26/2006;2.53;2.54;2.47;2.53;2069157;8823246.000
07/27/2006;2.53;2.57;2.46;2.47;2359219;10121146.000
07/28/2006;2.45;2.49;2.39;2.42;1812047;7520462.000
07/31/2006;2.41;2.42;2.32;2.33;1689118;6871169.000
08/01/2006;2.33;2.38;2.31;2.31;1120085;4507195.000
08/02/2006;2.31;2.36;2.28;2.32;1072288;4278057.000
08/03/2006;2.33;2.35;2.28;2.30;722220;2880516.000
08/04/2006;2.31;2.39;2.29;2.29;1628335;6550855.000
08/07/2006;2.23;2.27;2.07;2.08;1627385;6102773.000
08/08/2006;2.10;2.18;2.09;2.16;929992;3476641.000
08/09/2006;2.16;2.19;2.13;2.15;728873;2727229.000
08/10/2006;2.14;2.20;2.14;2.19;832802;3155107.000
08/11/2006;2.20;2.24;2.19;2.23;1086193;4178350.000
08/14/2006;2.24;2.25;2.08;2.13;812515;3057007.000
08/15/2006;2.13;2.20;2.10;2.20;580932;2183741.000
08/16/2006;2.20;2.25;2.19;2.24;884512;3415481.000
08/17/2006;2.24;2.24;2.16;2.19;796441;3023017.000
08/18/2006;2.20;2.21;2.15;2.17;632644;2395247.000
08/21/2006;2.12;2.19;2.07;2.19;703437;2622546.000
08/22/2006;2.17;2.29;2.16;2.26;1511664;5869660.000
08/23/2006;2.29;2.30;2.21;2.22;1483508;5758798.000
08/24/2006;2.22;2.23;2.18;2.23;869540;3327077.000
08/25/2006;2.23;2.31;2.21;2.26;1991465;7811582.000
08/28/2006;2.27;2.32;2.25;2.31;2032282;8028148.000
08/29/2006;2.31;2.35;2.27;2.28;1739480;6929840.000
08/30/2006;2.27;2.29;2.24;2.29;1054138;4132410.000
08/31/2006;2.27;2.33;2.27;2.30;1345880;5327731.000
09/01/2006;2.30;2.30;2.19;2.20;1189885;4618494.000
09/04/2006;2.20;2.27;2.20;2.27;926142;3602692.000
09/05/2006;2.26;2.28;2.23;2.25;1038564;4058486.000
09/06/2006;2.25;2.37;2.23;2.37;3872200;15543581.000
09/07/2006;2.37;2.43;2.33;2.35;4599770;18791912.000
09/08/2006;2.35;2.40;2.32;2.35;2368265;9623575.000
09/11/2006;2.41;2.41;2.32;2.36;1524421;6172731.000
09/12/2006;2.36;2.40;2.33;2.37;1372085;5590818.000
09/13/2006;2.39;2.39;2.29;2.30;1570490;6319581.000
09/14/2006;2.30;2.34;2.25;2.29;937503;3703453.000
09/15/2006;2.31;2.34;2.29;2.33;1098756;4385043.000
09/18/2006;2.33;2.39;2.33;2.37;1503422;6122396.000
09/19/2006;2.37;2.42;2.35;2.36;1559804;6387054.000
09/20/2006;2.39;2.41;2.35;2.39;1928775;7889576.000
09/21/2006;2.39;2.39;2.35;2.37;1254918;5108699.000
09/22/2006;2.39;2.39;2.31;2.31;1261450;5064852.000
09/25/2006;2.27;2.32;2.27;2.29;898337;3557129.000
09/26/2006;2.29;2.31;2.24;2.27;815564;3206310.000
09/27/2006;2.29;2.33;2.25;2.30;667996;2645819.000
09/28/2006;2.32;2.37;2.31;2.35;1183290;4776801.000
09/29/2006;2.35;2.37;2.33;2.36;1170715;4747534.000
10/09/2006;2.39;2.40;2.36;2.39;1462090;5976843.000
10/10/2006;2.37;2.49;2.37;2.45;3559054;14837085.000
10/11/2006;2.43;2.45;2.39;2.43;1703032;7083921.000
10/12/2006;2.45;2.45;2.39;2.40;1487995;6159039.000
10/13/2006;2.42;2.48;2.39;2.44;2294560;9618697.000
10/16/2006;2.44;2.44;2.39;2.39;1201540;4976863.000
10/17/2006;2.42;2.47;2.39;2.46;2416791;10091527.000
10/18/2006;2.45;2.50;2.42;2.49;2385167;10093903.000
10/19/2006;2.49;2.51;2.45;2.49;1335391;5664214.000
10/20/2006;2.50;2.53;2.43;2.43;1673946;7072870.000
10/23/2006;2.43;2.59;2.41;2.52;3913528;16678949.000
10/24/2006;2.59;2.61;2.51;2.59;5964130;26054136.000
10/25/2006;2.59;2.59;2.48;2.51;2855001;12341421.000
10/26/2006;2.50;2.53;2.44;2.47;2219025;9397450.000
10/27/2006;2.49;2.49;2.41;2.43;1411865;5906694.000
10/30/2006;2.42;2.48;2.40;2.47;1596992;6657411.000
10/31/2006;2.47;2.54;2.44;2.53;2809767;12062328.000
11/01/2006;2.57;2.58;2.51;2.52;2615782;11315517.000
11/02/2006;2.53;2.54;2.46;2.49;1773288;7524974.000
11/03/2006;2.49;2.57;2.47;2.55;2496271;10779491.000
11/06/2006;2.57;2.59;2.53;2.57;2518387;10969538.000
11/07/2006;2.57;2.57;2.45;2.48;2140836;9102011.000
11/08/2006;2.48;2.48;2.43;2.43;1595441;6671089.000
11/09/2006;2.43;2.47;2.42;2.45;1098418;4595969.000
11/10/2006;2.45;2.46;2.33;2.37;2300288;9459257.000
11/13/2006;2.37;2.37;2.23;2.25;1724990;6826067.000
11/14/2006;2.25;2.38;2.24;2.36;1538958;6100026.000
11/15/2006;2.36;2.41;2.35;2.38;1458548;5969547.000
11/16/2006;2.37;2.39;2.29;2.32;2527390;10198135.000
11/17/2006;2.32;2.35;2.29;2.32;876452;3499463.000
11/20/2006;2.32;2.35;2.28;2.29;1007772;4005549.000
11/21/2006;2.31;2.33;2.24;2.32;943470;3709665.000
11/22/2006;2.29;2.51;2.29;2.47;4451615;18591058.000
11/23/2006;2.47;2.49;2.41;2.44;2088658;8737990.000
11/24/2006;2.45;2.45;2.41;2.45;1297794;5416286.000
11/27/2006;2.45;2.55;2.45;2.49;2933560;12496747.000
11/28/2006;2.47;2.51;2.45;2.47;1625930;6869847.000
11/29/2006;2.44;2.56;2.43;2.52;4064429;17442702.000
11/30/2006;2.52;2.65;2.51;2.58;6206557;27313696.000
12/01/2006;2.58;2.59;2.52;2.54;4066982;17690808.000
12/04/2006;2.57;2.66;2.54;2.61;4189110;18542680.000
12/05/2006;2.61;2.69;2.57;2.66;5648431;25192272.000
12/06/2006;2.63;2.66;2.45;2.54;4529909;19711468.000
12/07/2006;2.56;2.58;2.48;2.49;2999908;13031236.000
12/08/2006;2.46;2.54;2.39;2.39;2384804;10044041.000
12/11/2006;2.44;2.48;2.39;2.47;1450547;6072092.000
12/12/2006;2.47;2.47;2.40;2.44;1589404;6635900.000
12/13/2006;2.44;2.47;2.41;2.45;1645880;6906450.000
12/14/2006;2.45;2.58;2.44;2.57;3603749;15494300.000
12/15/2006;2.56;2.60;2.52;2.54;1971636;8589224.000
12/18/2006;2.70;2.83;2.70;2.83;9555628;45366576.000
12/19/2006;2.93;2.98;2.80;2.89;18440120;89342768.000
12/20/2006;2.85;3.19;2.82;3.06;12464598;63081648.000
12/21/2006;3.04;3.17;2.93;2.99;10008189;51019812.000
12/22/2006;2.93;3.14;2.93;3.07;9822304;50044496.000
12/25/2006;3.07;3.17;3.02;3.04;9425395;48973316.000
12/26/2006;3.04;3.10;2.91;3.00;7398706;37154532.000
12/27/2006;3.00;3.07;2.95;3.02;5473469;27705856.000
12/28/2006;3.02;3.02;2.79;2.79;5826247;28438644.000
12/29/2006;2.79;2.85;2.75;2.77;3744417;17629136.000
01/04/2007;2.79;2.95;2.71;2.81;4730333;22450552.000
01/05/2007;2.81;3.00;2.79;2.99;4286642;21091268.000
01/08/2007;2.97;3.10;2.94;3.08;4058742;20564032.000
01/09/2007;3.08;3.11;3.03;3.08;3591818;18454728.000
01/10/2007;3.12;3.32;3.11;3.29;8201553;44252748.000
01/11/2007;3.31;3.42;3.21;3.21;6269461;34716580.000
01/12/2007;3.19;3.25;2.99;2.99;5020501;26164196.000
01/15/2007;3.00;3.22;3.00;3.20;3545108;18479586.000
01/16/2007;3.21;3.32;3.17;3.31;5685812;30667556.000
01/17/2007;3.31;3.48;3.21;3.23;8313500;46335844.000
01/18/2007;3.23;3.30;3.11;3.29;5530522;29425880.000
01/19/2007;3.33;3.44;3.29;3.41;6706702;37457656.000
01/22/2007;3.46;3.52;3.41;3.52;6312598;36092420.000
01/23/2007;3.52;3.85;3.39;3.73;10487282;61505892.000
01/24/2007;3.69;3.73;3.58;3.69;4957752;29886216.000
01/25/2007;3.65;3.75;3.39;3.57;6174257;36706472.000
01/26/2007;3.52;3.61;3.35;3.57;4419392;25417894.000
01/29/2007;3.65;3.75;3.61;3.74;4765892;28924208.000
01/30/2007;3.74;3.82;3.61;3.63;4651865;28224636.000
01/31/2007;3.57;3.64;3.33;3.35;3821766;21969500.000
02/02/2007;3.43;3.54;3.39;3.41;3953383;22609672.000
02/05/2007;3.65;3.79;3.65;3.79;8036878;49763320.000
02/06/2007;3.76;4.11;3.67;3.92;14190107;89977720.000
02/07/2007;3.92;3.97;3.84;3.97;6263089;40044688.000
02/08/2007;3.99;4.19;3.97;4.01;6973210;46369888.000
02/09/2007;3.99;4.13;3.87;4.03;6118167;39770100.000
02/12/2007;4.00;4.13;3.93;4.09;4656029;30779692.000
02/13/2007;4.11;4.14;4.02;4.11;3541720;23493244.000
02/14/2007;4.12;4.40;4.11;4.23;5915127;40928600.000
02/15/2007;4.24;4.31;4.16;4.25;4171350;28676382.000
02/16/2007;4.25;4.39;4.25;4.33;5714914;40176776.000
02/26/2007;4.39;4.62;4.34;4.62;4822710;35310600.000
02/27/2007;4.65;4.65;4.13;4.13;6806655;48277396.000
02/28/2007;4.09;4.40;3.99;4.39;5888944;40168924.000
03/01/2007;4.33;4.33;4.01;4.11;4820482;32655298.000
03/02/2007;4.05;4.28;4.05;4.17;2983238;20366928.000
03/05/2007;4.16;4.43;4.08;4.42;7494261;52155160.000
03/06/2007;4.40;4.45;4.27;4.34;4088113;28855328.000
03/07/2007;4.33;4.47;4.33;4.41;4049199;28902322.000
03/08/2007;4.45;4.72;4.39;4.67;12293654;91380752.000
03/09/2007;4.64;4.71;4.51;4.65;8440251;63060760.000
03/12/2007;4.65;4.87;4.55;4.80;9386946;71228456.000
03/13/2007;4.75;4.85;4.69;4.71;5598856;42838116.000
03/14/2007;4.67;4.79;4.46;4.63;5824304;43435280.000
03/15/2007;4.61;4.76;4.59;4.67;3431148;25917900.000
03/16/2007;4.67;4.75;4.46;4.53;4900369;36654268.000
03/19/2007;4.33;4.70;4.33;4.60;3852711;28271506.000
03/20/2007;4.65;4.75;4.61;4.67;3711152;27887832.000
03/21/2007;4.71;4.95;4.66;4.90;7190916;55679616.000
03/22/2007;4.94;4.97;4.81;4.85;5920789;46509100.000
03/23/2007;4.86;5.05;4.81;5.01;6095381;48153912.000
03/26/2007;5.09;5.25;5.05;5.20;4908852;40511384.000
03/27/2007;5.23;5.29;5.09;5.28;5598491;46532400.000
03/28/2007;4.97;5.12;4.73;5.04;11926317;94982392.000
03/29/2007;5.05;5.15;4.75;4.78;11283939;90481912.000
03/30/2007;4.72;4.84;4.65;4.79;5065698;38708224.000
04/02/2007;4.80;4.89;4.73;4.87;5618056;43357548.000
04/03/2007;4.91;4.95;4.85;4.92;4375874;34400968.000
04/04/2007;4.92;4.93;4.81;4.89;4157611;32563988.000
04/05/2007;4.89;5.07;4.89;5.05;5847758;46979628.000
04/06/2007;5.04;5.15;4.95;5.11;5908737;48219812.000
04/09/2007;5.16;5.35;5.15;5.31;9763824;82082032.000
04/10/2007;5.35;5.39;5.07;5.38;12790188;107863616.000
04/11/2007;5.41;5.62;5.34;5.49;11773866;102858112.000
04/12/2007;5.48;5.57;5.33;5.48;8516084;74041888.000
04/13/2007;5.48;5.49;5.25;5.31;7906565;67925384.000
04/16/2007;5.29;5.44;5.26;5.44;5961954;51059728.000
04/17/2007;5.44;5.72;5.41;5.69;9502501;83914752.000
04/18/2007;5.73;5.79;5.57;5.74;8064609;73107984.000
04/19/2007;5.74;5.74;5.13;5.18;7533600;65205876.000
04/20/2007;5.25;5.51;5.25;5.49;6398914;55262424.000
04/23/2007;5.59;5.89;5.54;5.81;9425633;85976304.000
04/24/2007;5.85;6.08;5.73;5.95;10224959;95848184.000
04/25/2007;5.80;5.87;5.59;5.71;8152691;74263072.000
04/27/2007;5.65;5.77;5.37;5.51;8373834;73941128.000
04/30/2007;5.49;5.79;5.46;5.74;7924214;71559264.000
05/08/2007;5.83;6.35;5.72;6.35;19515580;191319152.000
05/09/2007;6.52;6.61;5.99;6.38;24511306;248068336.000
05/10/2007;6.37;6.59;6.17;6.42;10857290;109054864.000
05/11/2007;6.35;6.97;6.20;6.85;14343327;150569280.000
05/14/2007;6.66;7.49;6.59;7.10;14353488;160505360.000
05/15/2007;7.05;7.34;6.85;6.89;12504020;140342080.000
05/16/2007;6.79;7.12;6.73;7.09;9081270;99224928.000
05/17/2007;7.79;7.79;7.11;7.22;7810867;89538736.000
05/18/2007;7.17;7.17;6.85;6.98;7772092;85479560.000
05/21/2007;6.65;7.12;6.49;6.98;6756103;73476656.000
05/22/2007;7.03;7.65;6.99;7.53;12447078;142973376.000
05/23/2007;7.85;8.22;7.73;7.85;17570669;218468272.000
05/24/2007;7.87;7.93;7.44;7.63;9663906;115147232.000
05/25/2007;7.52;7.92;7.52;7.70;6153743;74671784.000
05/28/2007;7.79;7.91;7.59;7.73;8158004;98789880.000
05/29/2007;7.82;7.85;7.52;7.71;7201043;86530336.000
05/30/2007;6.90;7.59;6.90;6.90;6591134;73789688.000
05/31/2007;6.51;6.75;6.17;6.27;7152134;71391592.000
06/04/2007;5.61;5.79;5.61;5.61;1400400;12543398.000
06/05/2007;5.02;5.39;5.02;5.37;4820528;39201836.000
06/06/2007;5.38;5.77;4.92;5.35;8248745;69914192.000
06/07/2007;5.33;5.56;5.25;5.55;6370007;55190384.000
06/08/2007;5.57;5.68;5.45;5.58;6238357;55585920.000
06/11/2007;5.58;5.65;5.42;5.49;5915989;52368816.000
06/12/2007;5.51;6.07;5.49;6.07;10195972;94135464.000
06/13/2007;6.20;6.45;5.94;6.25;10702168;104144904.000
06/14/2007;6.12;6.19;5.88;5.90;5397411;51508112.000
06/15/2007;5.79;6.05;5.75;5.82;3602065;33564120.000
06/18/2007;5.87;6.05;5.87;5.89;3761390;35454592.000
06/19/2007;5.96;6.01;5.73;5.99;3859469;36073400.000
06/20/2007;6.01;6.63;5.94;6.45;15133341;153276432.000
06/21/2007;6.58;6.99;6.55;6.97;22909935;244660064.000
06/22/2007;6.77;6.77;6.24;6.24;8427686;86443760.000
06/25/2007;6.18;6.18;5.59;5.59;4171043;37292352.000
06/26/2007;5.00;5.91;5.00;5.80;6593581;56156852.000
06/27/2007;5.72;5.85;5.32;5.71;3929183;34842568.000
06/28/2007;5.71;5.72;5.11;5.11;4129297;34719756.000
06/29/2007;4.79;4.92;4.57;4.61;4074974;30366252.000
07/02/2007;4.63;4.84;4.29;4.71;3106038;22849568.000
07/03/2007;4.78;4.81;4.57;4.75;2322738;17441260.000
07/04/2007;4.75;4.93;4.67;4.76;2092838;15917970.000
07/05/2007;4.72;4.72;4.41;4.57;2399080;17643416.000
07/06/2007;4.72;5.05;4.72;5.00;6823822;53411728.000
07/09/2007;4.91;5.13;4.79;5.05;4623425;36525168.000
07/10/2007;5.05;5.14;4.91;4.94;2403413;18981356.000
07/11/2007;4.91;5.03;4.86;4.95;1236155;9714698.000
07/12/2007;4.94;5.03;4.91;4.93;1363041;10704494.000
07/16/2007;4.93;4.93;4.59;4.59;1547221;11532470.000
07/17/2007;4.52;4.71;4.51;4.67;867367;6402804.000
07/18/2007;4.64;4.72;4.52;4.62;1098208;8078175.000
07/19/2007;4.65;4.82;4.53;4.70;1340831;9929525.000
07/20/2007;4.65;4.92;4.65;4.85;2200228;16844716.000
07/23/2007;4.79;5.16;4.79;5.15;3227581;25641876.000
07/24/2007;5.19;5.25;5.08;5.09;3132051;25507944.000
07/25/2007;5.10;5.33;5.10;5.31;2616014;21773672.000
07/26/2007;5.31;5.49;5.19;5.41;2833197;23814228.000
07/27/2007;5.44;5.51;5.32;5.47;3107501;26656764.000
07/30/2007;5.32;5.82;5.32;5.69;4346570;38906908.000
07/31/2007;5.68;5.81;5.59;5.81;2908119;26156886.000
08/01/2007;5.85;5.90;5.32;5.33;3360978;29522500.000
08/02/2007;5.47;5.89;5.46;5.89;2484985;22820394.000
08/03/2007;6.25;6.39;5.97;6.02;9190047;88654672.000
08/06/2007;5.98;6.37;5.98;6.13;3834823;37118276.000
08/07/2007;6.14;6.17;5.89;5.97;4114885;38535140.000
08/08/2007;5.90;5.91;5.57;5.73;4028485;36277856.000
08/09/2007;5.73;5.79;5.65;5.77;2340953;21148278.000
08/10/2007;5.75;5.77;5.42;5.61;2586880;22689484.000
08/13/2007;5.61;5.72;5.47;5.66;2375640;20993904.000
08/14/2007;5.59;6.05;5.59;5.99;4010923;36996688.000
08/15/2007;6.03;6.03;5.59;5.97;4858413;44705904.000
08/16/2007;6.05;6.31;5.95;6.19;7077733;68501160.000
08/17/2007;6.12;6.27;5.95;5.97;3241112;30953372.000
08/20/2007;6.12;6.22;6.05;6.17;3094357;29846042.000
08/21/2007;6.19;6.35;6.19;6.23;3671804;36023580.000
08/22/2007;6.07;6.32;6.07;6.24;4220867;41154456.000
08/23/2007;6.26;6.37;6.20;6.37;4062033;40173032.000
08/24/2007;6.45;6.51;6.27;6.31;3471658;34518060.000
08/27/2007;6.35;6.43;6.07;6.15;3880918;37771712.000
08/28/2007;6.17;6.25;6.07;6.21;2491826;24193800.000
08/29/2007;6.12;6.85;6.09;6.67;10443737;106843008.000
08/30/2007;6.69;6.83;6.50;6.73;7086716;73929368.000
08/31/2007;6.69;6.94;6.69;6.75;4795796;50910096.000
09/03/2007;6.85;7.04;6.77;6.89;4579977;49541712.000
09/04/2007;6.91;7.18;6.79;7.05;5121919;55829700.000
09/05/2007;7.03;7.09;6.79;6.96;3764195;40591212.000
09/06/2007;7.09;7.09;6.89;6.95;3317535;36036928.000
09/07/2007;6.95;6.95;6.51;6.65;5215569;54902432.000
09/10/2007;6.59;7.31;6.55;7.19;7076663;76913104.000
09/11/2007;7.19;7.27;6.44;6.47;5039744;54919000.000
09/12/2007;6.41;6.65;6.25;6.55;3358100;33882648.000
09/13/2007;6.67;7.05;6.57;6.97;5453036;58651836.000
09/14/2007;7.03;7.63;6.86;7.51;10351468;117764840.000
09/17/2007;7.52;7.71;7.43;7.52;8514533;100020264.000
09/18/2007;7.54;7.83;7.40;7.60;4591637;54381176.000
09/19/2007;7.60;7.70;7.25;7.32;3581977;41378596.000
09/20/2007;7.39;7.59;7.24;7.59;4719342;54580368.000
09/21/2007;7.72;8.05;7.67;7.97;8046378;98589448.000
09/24/2007;7.74;8.03;7.59;7.75;3541829;42683280.000
09/25/2007;7.71;7.72;7.44;7.57;2537632;29906500.000
09/26/2007;7.72;8.36;7.71;8.01;16268190;207812528.000
09/27/2007;7.72;7.92;7.46;7.67;5751853;68410040.000
09/28/2007;7.69;8.05;7.69;7.97;4477861;54840304.000
10/08/2007;8.10;8.17;7.85;7.90;3325589;41149600.000
10/09/2007;7.77;7.96;7.76;7.85;2637875;32077988.000
10/10/2007;8.02;8.19;7.57;7.63;5701228;69365552.000
10/11/2007;7.63;7.71;7.38;7.41;5581698;65111880.000
10/12/2007;7.40;7.57;6.92;7.38;4031029;45724560.000
10/15/2007;7.39;7.53;7.19;7.32;2669329;30615400.000
10/16/2007;7.33;7.64;7.25;7.59;2484951;28839372.000
10/17/2007;7.61;8.05;7.44;7.85;6103339;74553904.000
10/18/2007;7.73;7.92;7.45;7.46;2812475;33217248.000
10/19/2007;7.55;7.69;7.40;7.50;2221401;26165392.000
10/22/2007;7.59;7.95;7.56;7.77;4142295;49967868.000
10/23/2007;7.76;7.84;7.43;7.78;2630773;31186604.000
10/24/2007;7.83;8.02;7.63;7.72;6012344;73272936.000
10/25/2007;7.56;7.57;6.92;6.92;4512292;50071244.000
10/26/2007;6.85;7.03;6.47;6.72;2854973;30089604.000
10/29/2007;6.91;7.15;6.69;7.13;2065986;22192174.000
10/30/2007;7.07;7.24;6.99;7.18;1611590;17934366.000
10/31/2007;7.29;7.49;7.19;7.37;2388433;27380076.000
11/01/2007;7.47;7.59;7.13;7.15;2630756;30311042.000
11/02/2007;7.05;7.70;6.91;7.69;6158456;71280376.000
11/05/2007;7.69;8.27;7.59;7.99;13519625;168026416.000
11/06/2007;8.82;8.82;7.20;7.63;7022978;84698392.000
11/07/2007;7.71;8.20;7.65;7.80;14305171;176397360.000
11/14/2007;7.38;7.76;7.12;7.67;7164922;82837816.000
11/15/2007;7.55;7.56;7.17;7.23;4031997;46296504.000
11/16/2007;7.13;7.45;7.13;7.34;2263133;25738594.000
11/19/2007;7.29;7.63;7.29;7.55;2331782;27262264.000
11/20/2007;7.51;8.33;7.51;8.13;9371615;116467016.000
11/21/2007;7.72;8.23;7.51;7.81;26639444;324359008.000
11/22/2007;7.53;7.71;7.01;7.01;10437218;118175304.000
11/23/2007;6.74;6.95;6.66;6.93;4585797;48742160.000
11/26/2007;7.05;7.15;6.73;6.76;4515999;49210364.000
11/27/2007;6.63;6.76;6.51;6.53;3531299;36582040.000
11/28/2007;6.56;6.67;6.39;6.49;2591573;26574096.000
11/29/2007;6.56;6.85;6.56;6.78;3905164;41105332.000
11/30/2007;6.79;6.87;6.54;6.67;2767196;28898960.000
12/03/2007;6.55;6.77;6.55;6.67;1727976;18002348.000
12/04/2007;6.69;6.78;6.65;6.69;1649215;17318158.000
12/05/2007;6.71;6.89;6.65;6.81;2122886;22494202.000
12/06/2007;6.81;6.82;6.67;6.73;1806811;19001520.000
12/07/2007;6.73;6.91;6.73;6.88;2852689;30486664.000
12/10/2007;6.82;7.49;6.73;7.43;7352167;83062368.000
12/11/2007;7.41;7.55;7.32;7.45;4931958;56964700.000
12/12/2007;7.44;7.60;7.37;7.46;3480001;40570464.000
12/13/2007;7.45;7.83;7.25;7.35;6655092;78282008.000
12/14/2007;7.35;7.76;7.29;7.69;5788023;68283088.000
12/17/2007;7.78;7.91;7.55;7.57;5044132;60676184.000
12/18/2007;7.63;7.75;7.55;7.68;2358629;28081288.000
12/19/2007;7.75;7.95;7.69;7.88;6522986;79577712.000
12/20/2007;7.89;8.37;7.89;8.26;11641172;148129872.000
12/21/2007;8.19;8.59;8.12;8.57;9842386;128556480.000
12/24/2007;8.76;9.12;8.59;8.67;13175850;180893568.000
12/25/2007;8.72;9.05;8.47;8.93;6635267;91303768.000
12/26/2007;9.03;9.09;8.77;8.93;4931707;67840352.000
12/27/2007;9.12;9.35;8.99;9.21;5299279;75361296.000
12/28/2007;9.21;9.49;9.12;9.24;5128292;74037304.000
01/02/2008;9.37;9.95;9.07;9.91;6586635;97817696.000
01/03/2008;9.85;10.12;9.65;9.78;4591969;69810168.000
01/04/2008;9.79;9.92;9.42;9.54;5064023;74947184.000
01/07/2008;9.45;10.52;9.39;10.51;12838831;201639600.000
01/10/2008;11.11;11.59;10.63;10.73;10490165;176864016.000
01/11/2008;10.76;11.18;10.59;11.02;5392794;90221080.000
01/14/2008;10.97;11.49;10.79;11.39;4372111;74515664.000
01/15/2008;11.53;12.05;11.39;11.51;5389303;97177592.000
01/16/2008;11.05;11.75;11.04;11.29;4751619;83046440.000
01/17/2008;11.29;11.51;10.18;10.61;6131905;102673136.000
01/18/2008;10.47;10.77;10.29;10.54;3961421;63903956.000
01/21/2008;10.56;10.72;9.93;10.08;6965062;110348640.000
01/22/2008;9.65;9.78;9.05;9.05;9377948;133560328.000
01/23/2008;9.12;9.79;9.11;9.62;6443669;94149536.000
01/24/2008;9.64;10.31;9.55;10.18;5656724;87021352.000
01/25/2008;10.12;10.71;10.02;10.46;4926929;78830000.000
01/28/2008;10.32;10.44;9.39;9.39;4727943;70470536.000
01/29/2008;9.27;9.81;9.27;9.60;2197225;32561444.000
01/30/2008;9.72;9.85;9.12;9.58;2623113;38737264.000
01/31/2008;9.42;9.72;8.83;9.01;1344659;19416176.000
02/01/2008;8.95;9.09;8.12;8.31;3518440;46167892.000
02/04/2008;8.52;9.17;8.52;9.17;2619171;36355764.000
02/05/2008;9.19;9.91;9.17;9.61;3945925;58591928.000
02/13/2008;9.57;10.05;9.12;9.68;4344144;65365936.000
02/14/2008;9.64;9.98;9.59;9.74;1792118;27019244.000
02/15/2008;9.65;10.28;9.59;10.25;3979120;61264144.000
02/18/2008;10.29;11.04;10.29;10.77;7441883;123542344.000
02/19/2008;10.72;10.91;10.60;10.78;3731623;61732044.000
02/20/2008;10.75;10.99;10.51;10.55;3767319;61933152.000
02/21/2008;10.45;10.75;10.29;10.69;3649978;59276128.000
02/22/2008;10.59;10.85;10.26;10.43;5357481;87420808.000
02/25/2008;10.52;10.72;10.19;10.37;4813398;77788024.000
02/26/2008;10.64;10.85;10.17;10.51;4297671;69695144.000
02/27/2008;10.66;10.85;10.45;10.61;4449379;72932960.000
02/28/2008;10.71;10.79;10.18;10.43;5766371;93193016.000
02/29/2008;10.39;11.29;10.35;11.20;7605377;126821928.000
03/03/2008;11.12;11.65;11.02;11.43;6500590;113563584.000
03/04/2008;11.40;11.85;11.13;11.56;5639875;99536376.000
03/05/2008;11.47;11.68;11.05;11.29;3306582;57285112.000
03/06/2008;11.41;11.52;11.13;11.19;2384599;41227424.000
03/07/2008;11.21;11.37;10.99;11.24;2207968;37908832.000
03/10/2008;11.24;11.24;10.21;10.51;3583956;59032788.000
03/11/2008;10.39;10.96;10.09;10.91;2816439;45934180.000
03/12/2008;11.25;11.55;11.05;11.17;7235866;125696504.000
03/13/2008;10.92;11.27;10.62;10.97;3311468;55454520.000
03/14/2008;11.05;11.62;10.89;11.47;7966567;138888944.000
03/17/2008;11.53;11.53;10.30;10.34;8394206;137938144.000
03/18/2008;10.07;10.31;9.28;9.51;5912369;87545872.000
03/19/2008;9.60;10.25;9.60;10.05;3447734;52862232.000
03/20/2008;9.97;10.82;9.46;10.61;5589881;88057552.000
03/21/2008;10.62;11.12;10.42;10.79;4228091;70732400.000
03/24/2008;10.85;11.24;10.62;10.66;4081160;68799768.000
03/25/2008;10.31;10.99;10.15;10.85;2869041;46794932.000
03/26/2008;10.69;11.22;10.69;10.85;2311567;39053064.000
03/27/2008;10.69;10.72;10.22;10.36;3078868;49526272.000
03/28/2008;10.35;10.45;9.79;10.07;4507619;69612968.000
03/31/2008;9.72;10.21;9.04;9.05;4305540;62307136.000
04/01/2008;8.99;9.25;8.12;8.12;5772459;74611064.000
04/02/2008;8.13;8.29;7.35;7.59;3338595;40520368.000
04/03/2008;7.45;8.19;7.19;8.09;3659033;45092000.000
04/07/2008;7.92;8.89;7.79;8.85;4363785;57695992.000
04/08/2008;8.85;9.51;8.73;9.33;4284576;61320676.000
04/09/2008;9.31;9.47;8.52;8.56;3817010;53654680.000
04/10/2008;8.49;9.16;8.39;9.15;2582279;35355880.000
04/11/2008;9.29;9.62;9.24;9.52;3805671;55214572.000
04/14/2008;9.19;9.45;8.65;8.82;3516092;49192880.000
04/15/2008;8.72;9.51;8.72;9.49;3185407;44912040.000
04/16/2008;9.49;9.84;9.39;9.55;3967461;58991796.000
04/17/2008;9.52;9.71;8.75;9.24;2822475;40225544.000
04/18/2008;9.05;9.39;8.55;8.59;4435097;61242772.000
04/21/2008;9.48;9.48;8.45;8.65;4839533;67311456.000
04/22/2008;8.59;8.85;8.22;8.79;2624375;34431088.000
04/23/2008;8.81;9.42;8.65;9.35;3230666;45635988.000
04/24/2008;10.32;10.32;9.53;10.09;10751179;166227952.000
04/25/2008;9.99;10.59;9.45;9.99;9464672;144222272.000
04/28/2008;9.72;10.15;9.63;9.82;3522449;53828140.000
04/29/2008;9.82;9.99;9.49;9.58;3757098;56331568.000
04/30/2008;9.51;9.99;9.51;9.77;5246038;78958952.000
05/05/2008;9.83;10.23;9.78;10.05;4423111;68482648.000
05/06/2008;9.98;10.64;9.83;10.41;7428263;119037408.000
05/07/2008;10.25;10.51;9.79;9.81;4409622;69218016.000
05/08/2008;9.80;10.28;9.59;10.25;3427204;52345480.000
05/09/2008;10.25;10.79;10.17;10.69;7633776;123985872.000
05/12/2008;10.59;11.03;10.42;10.76;5559428;92409256.000
05/13/2008;10.42;11.32;10.42;11.21;11019542;188429008.000
05/14/2008;11.31;11.65;10.73;10.85;10217079;176013792.000
05/15/2008;10.82;11.12;10.51;10.53;4827547;80083760.000
05/16/2008;10.51;10.72;10.05;10.32;4993855;79537904.000
05/20/2008;10.71;11.11;9.85;9.97;8867655;144091264.000
05/21/2008;9.72;10.39;9.06;10.31;5453921;81440992.000
05/22/2008;10.07;10.19;9.85;9.99;3760408;58028620.000
05/23/2008;9.91;10.02;9.06;9.31;3223666;47241636.000
05/26/2008;9.37;9.39;8.86;9.36;2412875;34180816.000
05/27/2008;9.25;9.49;9.11;9.46;1859460;26779492.000
05/28/2008;9.57;9.78;9.46;9.65;1816747;26953220.000
05/29/2008;9.65;9.88;9.26;9.30;1815535;27053700.000
05/30/2008;9.30;9.52;9.07;9.19;1376092;19587784.000
06/02/2008;9.18;9.18;8.89;8.95;2909721;40540416.000
06/03/2008;8.97;9.11;8.89;9.03;1851109;25690848.000
06/04/2008;9.03;9.12;8.55;8.60;2685268;36311844.000
06/05/2008;8.51;8.75;8.51;8.67;1514632;20219864.000
06/06/2008;8.72;8.89;8.63;8.73;796801;10807057.000
06/10/2008;8.46;8.49;7.83;7.87;2912831;36788984.000
06/11/2008;7.79;8.08;7.46;7.81;853221;10483343.000
06/12/2008;7.97;7.97;7.49;7.60;1393850;16584073.000
06/13/2008;7.63;7.81;7.53;7.58;1207820;14332796.000
06/16/2008;7.57;7.72;7.21;7.32;1373653;15863399.000
06/17/2008;7.32;7.42;6.56;6.56;3270699;34600340.000
06/18/2008;6.50;7.12;5.93;7.02;2984374;30696578.000
06/19/2008;6.89;7.18;6.29;6.29;3262870;34932136.000
06/20/2008;6.32;6.95;6.08;6.78;4687514;49580384.000
06/23/2008;6.72;6.95;6.43;6.79;1178340;12429986.000
06/24/2008;6.75;7.11;6.66;7.07;2479052;26835516.000
06/25/2008;7.12;7.35;6.93;7.25;3643148;41022688.000
06/26/2008;7.20;7.42;7.12;7.30;2363723;26722916.000
06/27/2008;6.92;6.97;6.54;6.54;2625628;27549714.000
06/30/2008;6.41;6.59;5.93;6.12;2842003;27659908.000
07/01/2008;6.22;6.25;5.59;5.70;2194093;20398360.000
07/02/2008;5.72;5.93;5.65;5.83;2008894;18421748.000
07/03/2008;5.80;6.25;5.65;6.14;2010158;18964682.000
07/04/2008;6.14;6.23;5.85;5.99;1859117;17618372.000
07/07/2008;6.06;6.62;6.05;6.62;3357153;33701196.000
07/08/2008;6.65;6.94;6.58;6.91;3917512;41352192.000
07/09/2008;6.92;7.09;6.85;7.07;4109581;44832536.000
07/10/2008;7.05;7.51;6.82;7.15;5885961;67194120.000
07/11/2008;7.15;7.36;6.97;7.16;4188214;46558320.000
07/14/2008;7.24;7.50;7.12;7.24;4927668;55680704.000
07/15/2008;7.22;7.42;6.95;6.96;2121141;15682410.000
07/16/2008;6.80;6.81;6.30;6.45;4775162;31896752.000
07/17/2008;6.60;6.77;6.35;6.35;2127223;14318159.000
07/18/2008;6.42;7.01;6.36;6.86;3063503;20983954.000
07/21/2008;6.95;7.57;6.95;7.57;7047545;53008112.000
07/22/2008;7.88;8.24;7.67;7.82;23933049;194225584.000
07/23/2008;7.80;7.98;7.51;7.66;9968316;78772544.000
07/24/2008;7.66;8.20;7.57;8.18;13732299;111406088.000
07/25/2008;7.91;8.15;7.88;7.93;7490346;61499624.000
07/28/2008;7.94;8.05;7.80;7.94;5940167;48099276.000
07/29/2008;7.80;7.88;7.51;7.55;5096172;40045200.000
07/30/2008;7.75;7.76;7.51;7.55;2909483;22805772.000
07/31/2008;7.56;7.63;7.01;7.04;3370028;25063552.000
08/01/2008;7.01;7.25;6.71;7.20;3447081;24782200.000
08/04/2008;7.10;7.36;6.92;7.04;2354511;17281648.000
08/05/2008;7.03;7.24;6.83;7.01;2984738;21476216.000
08/06/2008;7.06;7.13;6.87;6.95;3301902;23785412.000
08/07/2008;6.84;7.16;6.84;7.10;2895098;20762628.000
08/08/2008;7.20;7.24;6.50;6.57;3614309;25453768.000
08/11/2008;6.60;6.80;5.89;6.00;6065689;40139544.000
08/12/2008;6.00;6.15;5.81;6.10;3516625;21768096.000
08/13/2008;6.08;6.25;5.91;6.15;2375819;14895229.000
08/14/2008;6.15;6.43;6.06;6.36;2370775;15466831.000
08/15/2008;6.31;6.39;6.23;6.27;1488481;9704313.000
08/18/2008;6.35;6.35;5.82;5.83;1440629;8941851.000
08/19/2008;5.78;6.04;5.70;6.03;1237021;7590152.000
08/20/2008;6.03;6.65;5.86;6.59;3981717;26401904.000
08/21/2008;6.50;6.57;6.15;6.19;2640363;17259000.000
08/22/2008;6.08;6.28;5.88;6.05;1686064;10516576.000
08/25/2008;6.08;6.15;5.80;5.98;969945;6041980.000
08/26/2008;5.95;5.97;5.70;5.80;1953221;11754443.000
08/27/2008;5.77;5.92;5.48;5.80;1158131;6889517.000
08/28/2008;5.87;5.87;5.70;5.75;714543;4271767.000
08/29/2008;5.75;6.02;5.75;5.92;1204270;7384381.000
09/01/2008;5.87;5.99;5.82;5.91;1312923;7999061.000
09/02/2008;5.96;5.97;5.80;5.90;832796;5062044.000
09/03/2008;5.82;5.92;5.79;5.85;849781;5128149.000
09/04/2008;5.80;6.01;5.80;5.93;1223543;7474837.000
09/05/2008;5.81;5.89;5.72;5.82;1425293;8579404.000
09/08/2008;5.80;5.88;5.22;5.22;1946059;10886712.000
09/10/2008;5.22;5.45;5.07;5.18;1188082;6534529.000
09/11/2008;5.18;5.25;4.98;5.00;1049764;5527337.000
09/12/2008;5.02;5.30;4.88;5.30;2282003;12145993.000
09/16/2008;5.39;5.42;5.11;5.33;2848097;15723160.000
09/17/2008;5.30;5.48;5.15;5.36;2242949;12435279.000
09/18/2008;5.34;5.34;4.81;5.12;3272120;17160184.000
09/19/2008;5.60;5.65;5.45;5.65;3373501;19619552.000
09/22/2008;5.99;6.24;5.67;6.10;8832144;54966752.000
09/23/2008;5.90;6.20;5.76;6.00;10079228;62669388.000
09/24/2008;6.03;6.37;5.81;6.34;12554308;78367888.000
09/25/2008;6.22;6.48;6.16;6.23;11829749;76317464.000
09/26/2008;6.22;6.27;5.86;5.97;5985982;37124460.000
10/06/2008;5.85;5.85;5.68;5.71;4417689;26289452.000
10/07/2008;5.31;5.80;5.31;5.75;2816962;16294794.000
10/08/2008;5.58;5.73;5.42;5.54;2324832;13433778.000
10/09/2008;5.75;5.77;5.51;5.66;2145241;12468225.000
10/10/2008;5.32;5.58;5.07;5.07;2649542;14708460.000
10/13/2008;4.85;4.98;4.57;4.94;3958820;19759778.000
10/14/2008;5.10;5.20;4.59;4.59;3347663;17090452.000
10/15/2008;4.51;4.66;4.21;4.55;2425952;11240228.000
10/16/2008;4.32;4.37;4.08;4.09;2186423;9694300.000
10/17/2008;4.13;4.19;3.86;4.15;3860985;16419051.000
10/20/2008;4.05;4.32;3.93;4.24;2250447;9727753.000
10/21/2008;4.22;4.50;4.20;4.34;3656458;16602140.000
10/22/2008;4.24;4.34;4.16;4.16;1473605;6539388.000
10/23/2008;4.10;4.32;4.03;4.30;1478653;6482700.000
10/24/2008;4.32;4.35;4.18;4.25;1344318;6005383.000
10/27/2008;4.19;4.19;3.81;3.81;2308754;9619840.000
10/28/2008;3.63;3.95;3.63;3.89;2252977;9045094.000
10/29/2008;3.98;3.98;3.63;3.68;1599427;6438320.000
10/30/2008;3.80;3.86;3.60;3.84;1989322;7874936.000
10/31/2008;3.90;4.23;3.86;4.17;7145641;30823964.000
11/03/2008;4.20;4.34;4.00;4.25;5392733;23713660.000
11/04/2008;4.17;4.37;4.08;4.11;4706261;20721694.000
11/05/2008;4.18;4.54;4.13;4.54;10457283;48502432.000
11/06/2008;4.42;4.69;4.34;4.37;10337565;48782888.000
11/07/2008;4.22;4.50;4.19;4.39;5451681;25080328.000
11/10/2008;4.54;4.85;4.53;4.85;8018997;39990844.000
11/11/2008;4.96;5.36;4.91;5.08;16190450;86631728.000
11/12/2008;4.98;5.55;4.90;5.49;10050302;54606636.000
11/13/2008;5.36;5.85;5.28;5.56;13071771;75795544.000
11/14/2008;5.51;6.09;5.50;5.88;15794781;94753888.000
11/17/2008;5.86;6.48;5.75;6.40;13258109;84371000.000
11/18/2008;6.26;6.49;5.74;5.74;15648449;97763352.000
11/19/2008;5.59;6.30;5.45;6.22;14880356;89903928.000
11/20/2008;5.90;6.54;5.76;6.11;14768009;94598000.000
11/21/2008;5.78;6.68;5.71;6.44;18585402;121871696.000
11/24/2008;6.48;7.10;6.01;6.06;10880146;71615864.000
11/25/2008;6.15;6.28;5.79;5.96;7880007;48145620.000
11/26/2008;5.95;6.30;5.88;6.10;6318613;40123952.000
11/27/2008;6.58;6.72;6.22;6.48;21796886;147225056.000
11/28/2008;6.31;6.76;6.23;6.66;13748609;93568984.000
12/01/2008;6.70;7.09;6.38;7.07;15941772;109527456.000
12/02/2008;6.80;7.15;6.71;6.99;12327374;88138216.000
12/03/2008;7.00;7.16;6.81;7.07;15874412;114014784.000
12/04/2008;7.15;7.18;6.70;6.78;15972085;114245392.000
12/05/2008;6.63;6.78;6.49;6.68;9518597;65164308.000
12/08/2008;6.72;7.03;6.72;6.97;11167330;79309520.000
12/09/2008;7.01;7.29;6.70;6.86;12802448;92813488.000
12/10/2008;6.88;7.36;6.80;7.29;15486088;113507808.000
12/11/2008;7.20;7.33;7.05;7.07;10053309;74063776.000
12/12/2008;6.99;7.09;6.34;6.42;6175885;42474264.000
12/15/2008;6.65;6.79;6.42;6.69;4928891;33425212.000
12/16/2008;6.55;6.96;6.55;6.94;4967402;34808008.000
12/17/2008;6.96;7.27;6.95;7.02;5695266;41706104.000
12/18/2008;7.07;7.30;7.00;7.13;8501752;62237220.000
12/19/2008;7.10;7.39;7.04;7.31;8594773;64347828.000
12/22/2008;7.33;7.58;7.30;7.50;8794002;67320184.000
12/23/2008;7.49;7.49;6.98;7.06;6970775;51546172.000
12/24/2008;6.96;7.05;6.70;6.85;3978104;28310112.000
12/25/2008;6.85;7.00;6.72;6.80;3957616;28004622.000
12/26/2008;6.87;6.92;6.55;6.70;2700513;18648170.000
12/30/2008;6.81;7.18;6.81;6.99;7269434;52596588.000
12/31/2008;7.02;7.22;6.90;7.10;5011895;36635220.000
01/05/2009;7.26;7.83;7.20;7.83;10641922;84268296.000
01/06/2009;7.80;8.16;7.61;8.12;13893653;113527168.000
01/07/2009;8.05;8.18;7.82;7.91;6127245;50173760.000
01/08/2009;7.70;7.89;7.50;7.83;4265113;33792640.000
01/09/2009;7.98;7.98;7.71;7.91;3513645;28273212.000
01/12/2009;7.96;8.20;7.78;8.09;4320597;35441236.000
01/13/2009;7.99;7.99;7.52;7.53;5156467;40837732.000
01/14/2009;7.53;7.97;7.53;7.91;3443874;27546008.000
01/15/2009;7.88;8.30;7.59;7.61;9045475;73131688.000
01/16/2009;7.56;7.87;7.50;7.67;6004928;47462184.000
01/19/2009;7.66;7.92;7.35;7.44;6232728;48504252.000
01/20/2009;7.46;8.04;7.44;7.99;7388806;59133856.000
01/21/2009;7.90;8.25;7.77;8.06;7458012;61773020.000
01/22/2009;7.96;8.24;7.96;8.20;6260411;52348924.000
01/23/2009;8.15;8.39;8.01;8.36;5955007;50437728.000
02/02/2009;8.45;9.10;8.45;8.75;9115999;81817288.000
02/03/2009;8.78;8.86;8.57;8.74;8332619;73989024.000
02/04/2009;8.71;8.75;8.50;8.73;6683126;58833672.000
02/05/2009;8.73;8.75;8.20;8.39;7175689;62508296.000
02/06/2009;8.42;8.60;8.36;8.59;9474428;82243152.000
02/09/2009;8.76;9.27;8.70;9.25;16292340;150073824.000
02/10/2009;9.27;10.00;9.01;9.69;14522622;140666208.000
02/11/2009;9.48;10.59;9.30;10.09;14887172;151822080.000
02/12/2009;10.40;10.40;9.50;10.35;10375290;104937656.000
02/13/2009;10.19;10.82;10.19;10.70;8120040;87529104.000
02/16/2009;10.70;11.15;10.46;10.85;9203510;101493368.000
02/17/2009;10.80;10.80;9.95;10.25;5776267;61579936.000
02/18/2009;10.10;10.65;9.90;10.02;6434482;67576648.000
02/19/2009;10.05;11.00;10.05;10.98;14300565;156356336.000
02/20/2009;11.02;11.96;10.96;11.32;11914181;138587008.000
02/23/2009;11.30;11.96;10.70;11.62;8156423;96830672.000
02/24/2009;11.58;11.90;11.28;11.62;6564607;77602288.000
02/25/2009;11.66;11.90;10.90;11.17;7154872;82639184.000
02/26/2009;11.16;11.28;10.03;10.05;8033842;86950560.000
02/27/2009;9.56;10.52;9.56;10.29;6117487;63749460.000
03/02/2009;10.16;11.34;10.01;11.34;6631040;74634304.000
03/03/2009;11.34;11.95;11.10;11.49;12315208;144197776.000
03/04/2009;11.30;12.07;11.30;11.94;15000382;179472368.000
03/05/2009;12.02;12.10;11.28;11.69;10630283;126934616.000
03/06/2009;11.50;12.00;11.36;11.71;7982160;94215344.000
03/09/2009;11.65;11.77;10.52;10.54;10646663;117639536.000
03/10/2009;10.32;10.80;10.32;10.78;6811509;72773888.000
03/11/2009;10.86;11.00;10.61;10.82;4269210;46986768.000
03/12/2009;10.80;11.00;10.17;10.51;4802285;51554324.000
03/13/2009;10.60;10.73;10.20;10.28;3121168;33086916.000
03/16/2009;10.30;10.58;10.04;10.55;4120385;43193056.000
03/17/2009;10.52;11.14;10.46;11.07;9232651;101450280.000
03/18/2009;11.09;11.54;10.93;11.20;7606761;86966704.000
03/19/2009;11.25;11.35;11.12;11.26;5188129;59242692.000
03/20/2009;11.10;11.30;10.61;10.90;5459746;60564492.000
03/23/2009;10.81;11.33;10.67;11.13;4877333;54807384.000
03/24/2009;11.35;11.77;11.20;11.42;5975041;69945232.000
03/25/2009;11.25;11.66;11.20;11.21;6610846;77146296.000
03/26/2009;11.30;11.31;10.35;10.79;13489592;146864112.000
03/27/2009;10.80;10.80;10.35;10.67;9343141;100817432.000
03/30/2009;10.67;10.85;10.50;10.60;5773080;62866556.000
03/31/2009;10.36;10.89;10.36;10.88;5382480;58594148.000
04/01/2009;10.93;11.35;10.93;11.22;6938760;79169960.000
04/02/2009;11.25;11.55;11.20;11.39;7276412;83967216.000
04/03/2009;11.65;11.79;11.38;11.58;12832703;151720640.000
04/07/2009;11.55;12.70;11.55;12.63;14651074;181833456.000
04/08/2009;12.40;12.65;11.95;11.98;11389403;142599728.000
04/09/2009;11.98;12.86;11.90;12.83;12855741;162936784.000
04/10/2009;12.90;13.69;12.90;13.31;18050193;246003664.000
04/13/2009;13.60;13.74;13.02;13.44;11910760;162494928.000
04/14/2009;13.20;13.60;13.10;13.27;6342293;85612352.000
04/15/2009;13.28;13.60;12.96;13.26;5927637;80079552.000
04/16/2009;13.26;13.26;12.79;12.86;6143949;80456472.000
04/17/2009;12.80;13.13;12.30;12.51;4970293;63862052.000
04/20/2009;12.40;12.94;12.30;12.93;5122995;65375240.000
04/21/2009;12.70;12.80;12.42;12.64;3554119;45523216.000
04/22/2009;12.78;13.29;11.60;12.16;9973705;128016768.000
04/24/2009;12.78;13.40;12.78;13.40;16175117;217727104.000
04/27/2009;13.68;13.68;12.04;12.28;16207808;205848432.000
04/28/2009;12.15;12.30;11.69;12.05;5960479;72254176.000
04/29/2009;12.05;12.48;11.80;12.31;5525824;68763448.000
04/30/2009;12.80;13.24;12.51;13.07;11667429;154180928.000
05/04/2009;13.25;13.40;13.00;13.36;5830635;78026768.000
05/05/2009;13.40;14.07;13.14;13.73;9843347;136139840.000
05/06/2009;13.61;13.88;13.60;13.83;4856015;67682928.000
05/07/2009;13.88;13.90;12.63;13.22;11265713;150010736.000
05/08/2009;13.18;13.28;12.52;12.96;4664041;61404004.000
05/11/2009;12.97;13.02;12.20;12.25;10135371;127994680.000
05/12/2009;12.25;12.65;12.21;12.60;6116312;77688416.000
05/13/2009;12.60;12.60;12.33;12.39;8550970;107692216.000
05/14/2009;12.40;12.60;12.36;12.48;5500012;69749104.000
05/15/2009;12.40;12.76;12.39;12.49;6610495;84373448.000
05/18/2009;12.50;12.65;12.08;12.27;7923938;96983672.000
05/19/2009;12.41;12.48;12.09;12.25;12370875;151042384.000
05/20/2009;12.26;12.60;12.09;12.47;11897504;145981344.000
05/21/2009;12.38;12.57;12.08;12.13;6623511;81327872.000
05/22/2009;12.05;12.25;12.03;12.19;5739371;69828504.000
05/25/2009;11.90;11.90;11.60;11.74;8469974;99305152.000
05/26/2009;11.64;12.10;11.62;11.97;12232428;145331744.000
05/27/2009;12.00;12.22;11.80;11.99;8410851;101155432.000
06/01/2009;12.15;12.30;12.01;12.29;11036399;134260992.000
06/02/2009;12.34;12.34;12.17;12.24;9750442;119149224.000
06/03/2009;12.31;12.52;12.25;12.32;12431152;153448064.000
06/04/2009;12.33;12.44;12.00;12.36;12851079;157335408.000
06/05/2009;12.40;12.45;12.00;12.11;7415541;90502000.000
06/08/2009;12.11;12.13;11.70;11.77;7321555;86729808.000
06/09/2009;11.77;11.79;11.06;11.44;8153556;92694064.000
06/10/2009;11.35;11.84;11.23;11.70;8719853;100660896.000
06/11/2009;11.60;11.64;11.37;11.41;5203384;59605912.000
06/12/2009;11.43;11.49;11.08;11.21;4300770;48635952.000
06/15/2009;11.11;11.32;11.11;11.26;3226763;36093208.000
06/16/2009;11.25;11.63;11.15;11.60;5725423;65383512.000
06/17/2009;11.48;11.72;11.47;11.63;4179125;48525676.000
06/18/2009;11.71;11.98;11.63;11.87;8340562;98691848.000
06/19/2009;11.83;11.98;11.61;11.78;6883650;81149728.000
06/22/2009;11.85;12.28;11.65;12.24;12435475;149355136.000
06/23/2009;12.03;12.97;11.99;12.63;30892401;387768608.000
06/24/2009;12.49;12.95;12.41;12.68;14612546;185808352.000
06/25/2009;12.69;12.83;12.37;12.44;8798228;110352024.000
06/26/2009;12.42;12.62;12.26;12.29;7373232;91347200.000
06/29/2009;12.40;12.55;12.09;12.39;13823537;169590400.000
06/30/2009;12.43;12.48;12.10;12.19;9900595;120618640.000
07/01/2009;12.10;12.28;12.08;12.21;8583212;104469112.000
07/02/2009;12.22;12.32;12.11;12.20;6433888;78418752.000
07/03/2009;12.15;12.74;12.08;12.70;13389058;166301296.000
07/06/2009;12.76;12.84;12.31;12.36;11555774;144601824.000
07/07/2009;12.35;12.50;12.32;12.38;6705433;83209056.000
07/08/2009;12.36;12.72;12.28;12.58;9787815;122479856.000
07/09/2009;12.71;13.11;12.65;13.09;18830031;243618768.000
07/10/2009;13.12;13.40;12.85;12.91;15313054;200273072.000
07/13/2009;12.93;13.24;12.85;13.04;11070894;144705088.000
07/14/2009;13.14;13.56;12.98;13.46;14198848;188343248.000
07/15/2009;13.48;13.81;13.29;13.44;12919275;174523024.000
07/16/2009;13.46;13.60;13.02;13.07;11621562;153618896.000
07/17/2009;13.03;13.22;12.95;13.17;7954443;104093456.000
07/20/2009;13.18;13.38;13.03;13.37;15450742;203706768.000
07/21/2009;13.35;13.36;12.80;12.85;12818882;167494144.000
07/22/2009;12.84;13.35;12.80;13.15;9851035;129086656.000
07/23/2009;13.15;13.38;12.87;13.15;10130805;133230304.000
07/24/2009;13.15;13.60;12.99;13.57;19762268;261451216.000
07/27/2009;13.86;14.19;13.76;13.87;30728834;429363968.000
07/28/2009;13.78;13.95;13.51;13.94;14646662;200922288.000
07/29/2009;13.98;14.16;12.55;13.00;15405623;208543200.000
07/30/2009;13.23;13.60;12.61;13.52;12162572;160421504.000
07/31/2009;13.25;13.48;12.90;13.30;24005205;315967520.000
08/03/2009;13.20;13.20;12.93;13.06;18520215;241706560.000
08/04/2009;13.00;13.78;13.00;13.77;26757638;360322048.000
08/05/2009;13.66;13.71;13.25;13.57;15317415;207117504.000
08/06/2009;13.37;13.44;12.90;13.02;11687345;153163344.000
08/07/2009;13.00;13.20;12.40;12.47;14086801;178984368.000
08/10/2009;12.60;12.74;12.13;12.36;8743814;108283688.000
08/11/2009;12.41;12.50;12.24;12.45;5311083;65851352.000
08/12/2009;12.43;12.51;11.61;11.66;8146508;98281048.000
08/13/2009;11.65;11.80;11.33;11.69;6216940;72081808.000
08/14/2009;11.65;11.74;11.15;11.17;5528811;62957336.000
08/17/2009;11.06;11.06;10.57;10.88;6835512;73861312.000
08/18/2009;10.90;11.16;10.75;11.14;4361448;47981760.000
08/19/2009;11.09;11.11;10.03;10.12;6107267;64418964.000
08/20/2009;10.18;10.57;10.07;10.50;5541141;57219552.000
08/21/2009;10.55;11.44;10.42;11.32;13984668;154195440.000
08/24/2009;11.23;11.50;11.03;11.42;9743660;109562816.000
08/25/2009;11.30;11.41;10.78;11.39;8560414;94570144.000
08/27/2009;11.65;11.88;11.38;11.49;10417223;120539448.000
08/28/2009;11.41;11.49;10.76;10.78;7279852;79848688.000
08/31/2009;10.69;10.69;10.15;10.17;4727842;48448648.000
09/01/2009;10.10;10.35;10.06;10.30;3879740;39653352.000
09/02/2009;10.20;10.37;10.09;10.29;2592638;26580158.000
09/03/2009;10.28;10.84;10.21;10.78;7272545;76763000.000
09/04/2009;10.74;10.87;10.61;10.80;4303369;46273752.000
09/07/2009;10.80;11.06;10.67;10.76;5645409;61606724.000
09/08/2009;10.86;11.13;10.66;11.05;6881571;75631136.000
09/09/2009;11.04;11.08;10.83;11.06;5882294;64363376.000
09/10/2009;11.00;11.43;10.91;11.26;10667025;120147832.000
09/11/2009;11.16;11.31;11.00;11.22;7809130;87163144.000
09/15/2009;11.36;11.46;11.10;11.30;9797785;110392888.000
09/16/2009;11.29;11.59;11.16;11.51;10425317;118980376.000
09/17/2009;11.49;11.90;11.46;11.83;16071389;187430736.000
09/18/2009;11.83;11.89;11.31;11.44;9842299;114711616.000
09/21/2009;11.31;11.37;10.93;11.27;6836782;75904072.000
09/22/2009;11.19;11.38;10.95;10.96;4763566;53160400.000
09/23/2009;10.99;11.06;10.48;10.52;5825725;62376792.000
09/24/2009;10.37;10.70;10.31;10.57;3207873;33723116.000
09/25/2009;10.60;10.70;10.50;10.52;2243243;23777298.000
09/28/2009;10.59;10.68;10.42;10.60;3001514;31667364.000
09/29/2009;10.91;11.27;10.67;10.87;10059411;110569584.000
09/30/2009;10.71;10.95;10.51;10.87;5047787;54337596.000
10/09/2009;10.80;11.30;10.80;11.28;7442891;82821224.000
10/12/2009;11.26;11.26;11.00;11.05;5045041;56014512.000
10/13/2009;11.03;11.26;11.01;11.20;3638954;40614076.000
10/14/2009;11.53;11.65;11.27;11.39;11032418;125529192.000
10/15/2009;11.45;11.49;11.12;11.25;8796563;99405480.000
10/16/2009;11.29;11.32;11.02;11.17;6120937;68314048.000
10/19/2009;11.11;11.44;11.11;11.43;7526627;85293320.000
10/20/2009;11.48;11.55;11.33;11.54;9039723;103536176.000
10/21/2009;11.58;11.85;11.54;11.56;13694136;160228272.000
10/22/2009;11.45;11.62;11.39;11.59;6437090;74048904.000
10/23/2009;11.53;11.76;11.53;11.64;8075564;94222416.000
10/26/2009;11.64;11.79;11.49;11.71;5874464;68202592.000
10/27/2009;11.64;11.64;11.26;11.27;6498347;74310088.000
10/28/2009;11.40;11.47;11.18;11.42;4798353;54420184.000
10/29/2009;11.20;11.27;11.08;11.12;4745501;53033520.000
10/30/2009;11.28;11.39;11.11;11.12;4542205;51082200.000
11/02/2009;10.95;11.41;10.82;11.41;5123670;57387964.000
11/03/2009;11.44;11.75;11.44;11.72;8960335;104192312.000
11/04/2009;11.75;11.79;11.57;11.61;12539039;146312352.000
11/05/2009;11.65;12.58;11.61;12.36;35282559;428802592.000
11/06/2009;12.42;13.45;12.42;13.03;37908115;494888992.000
11/09/2009;13.25;13.56;13.01;13.47;28963959;386401472.000
11/10/2009;13.55;13.68;13.25;13.46;18803386;253873936.000
11/11/2009;13.57;14.18;13.30;13.91;22231149;308282208.000
11/12/2009;13.80;14.25;13.69;13.98;15057842;210876464.000
11/16/2009;14.25;15.38;14.25;15.38;14563800;220850336.000
11/17/2009;15.78;15.86;15.10;15.72;17761543;275422272.000
11/18/2009;15.55;16.70;15.25;16.31;17177143;278356864.000
11/19/2009;16.05;17.52;16.05;17.49;17373054;294224736.000
11/20/2009;17.48;18.52;16.72;18.18;19627776;342500256.000
11/23/2009;17.97;18.68;17.70;18.02;18046810;326817824.000
11/24/2009;17.95;18.05;16.31;16.61;28050251;482611360.000
11/25/2009;16.58;18.09;16.41;17.98;21439272;368771296.000
11/26/2009;17.91;17.91;16.30;16.40;21790329;368643680.000
11/27/2009;16.07;16.66;15.58;16.16;13393461;217536384.000
11/30/2009;16.21;17.36;16.16;17.29;12568025;213294112.000
12/01/2009;17.31;18.98;17.15;18.57;23392758;425192992.000
12/02/2009;18.58;18.90;18.32;18.72;12189545;227088384.000
12/03/2009;19.00;20.50;18.51;19.99;15188010;296996736.000
12/04/2009;19.80;20.78;18.20;19.05;18033388;352603776.000
12/07/2009;19.21;19.88;18.69;19.21;10467441;200885872.000
12/08/2009;19.12;19.13;18.37;18.71;7894502;147403936.000
12/09/2009;18.39;19.16;18.28;18.85;6017743;113380184.000
12/10/2009;18.73;19.05;18.30;18.89;10102908;188168096.000
12/11/2009;18.97;19.38;18.70;19.04;5273108;100241424.000
12/14/2009;19.00;19.90;18.34;19.42;9449227;180661232.000
12/15/2009;19.35;20.10;19.17;19.72;8462840;168271296.000
12/16/2009;19.47;21.40;19.47;20.80;12274487;253934976.000
12/17/2009;21.01;21.50;19.55;19.69;9895240;201754512.000
12/18/2009;19.20;19.95;18.88;19.36;8108316;157381376.000
12/21/2009;19.01;19.50;17.97;18.74;13936857;260092080.000
12/22/2009;18.81;19.10;18.07;18.93;6061833;112613856.000
12/23/2009;18.62;18.95;18.40;18.80;2737611;51288260.000
12/24/2009;18.85;20.68;18.80;20.33;11742397;236355328.000
12/25/2009;20.33;21.21;20.11;20.73;11087158;231527856.000
12/28/2009;20.73;21.79;20.70;21.30;6089975;130713648.000
12/29/2009;21.30;21.80;21.00;21.70;5348236;114345880.000
12/30/2009;21.78;21.80;21.31;21.45;4357963;93796136.000
12/31/2009;21.45;23.28;21.22;22.56;10578523;238133920.000
01/04/2010;22.67;23.70;22.08;23.27;7355345;169367296.000
01/05/2010;23.09;23.80;22.65;22.92;8408738;194496272.000
01/06/2010;22.80;24.01;22.61;23.52;7482397;175153552.000
01/07/2010;23.30;23.87;21.82;22.72;7423575;168466784.000
01/08/2010;22.50;23.24;22.08;23.00;6110407;140234240.000
01/11/2010;22.90;23.20;22.38;22.87;10578752;240750768.000
01/12/2010;22.55;24.88;22.55;23.99;7601304;181897648.000
01/13/2010;23.52;23.99;22.71;23.69;7199208;168725824.000
01/14/2010;23.50;23.89;23.03;23.70;6687971;156822944.000
01/15/2010;23.58;24.22;23.50;23.82;4467382;106521984.000
01/18/2010;23.68;24.88;23.42;24.38;5513856;134191416.000
01/19/2010;24.26;25.20;23.98;24.52;5590648;137241904.000
01/20/2010;24.69;24.69;23.15;23.51;7290179;172448752.000
01/21/2010;23.39;23.40;22.33;23.15;7151618;162853056.000
01/22/2010;22.55;23.10;20.98;21.30;6951816;151029120.000
01/25/2010;21.32;21.88;21.09;21.23;5381842;115321176.000
01/26/2010;21.26;21.65;20.01;20.23;3529630;72549992.000
01/27/2010;20.25;20.65;19.80;20.24;3230861;65483736.000
01/28/2010;20.16;21.70;20.15;21.35;8001736;169470784.000
01/29/2010;21.35;22.59;21.01;22.32;6415976;142112496.000
02/01/2010;22.40;22.79;21.70;22.12;4417946;97927064.000
02/02/2010;22.45;22.70;21.12;21.55;6542687;143291232.000
02/03/2010;21.55;21.78;20.20;20.88;9968685;208131984.000
02/04/2010;20.90;21.58;20.81;21.30;10508053;223452096.000
02/05/2010;20.88;22.25;19.40;19.68;20793995;426733216.000
02/08/2010;19.70;19.70;18.49;18.52;15444348;290933632.000
02/09/2010;18.52;19.39;18.38;18.67;7477285;140796336.000
02/10/2010;18.88;19.79;18.73;19.72;7261891;139743696.000
02/11/2010;19.88;19.92;19.15;19.45;5871102;114715112.000
02/12/2010;19.00;19.90;19.00;19.87;3666052;72244672.000
02/22/2010;19.88;21.32;19.65;20.85;7990129;166179824.000
02/23/2010;20.79;21.62;20.20;21.52;15197663;323931552.000
02/24/2010;21.37;21.95;20.86;21.77;6678896;144318224.000
02/25/2010;21.88;22.88;21.52;22.06;7120689;158708400.000
02/26/2010;21.90;22.35;21.36;21.41;9020547;195494432.000
03/01/2010;21.42;21.74;21.00;21.64;4587582;98836816.000
03/03/2010;21.50;22.00;21.25;21.98;5050381;109992712.000
03/04/2010;22.00;22.63;21.48;21.64;8053772;178472016.000
03/05/2010;21.50;22.10;21.00;21.10;6757874;145125600.000
03/08/2010;21.03;21.35;20.84;21.06;2594586;54588440.000
03/09/2010;21.00;21.35;20.07;20.37;6110683;125939008.000
03/10/2010;20.33;20.55;19.96;20.02;3122297;63080160.000
03/11/2010;20.01;20.19;19.29;19.48;6190508;121808376.000
03/12/2010;19.60;20.54;19.60;19.79;9497439;190755072.000
03/15/2010;19.85;20.10;19.67;19.79;3274107;64881992.000
03/16/2010;19.81;20.03;19.48;19.73;3037463;60036176.000
03/17/2010;19.72;20.25;19.71;20.04;5534505;110602280.000
03/18/2010;20.18;20.19;19.46;19.69;7595438;149562720.000
03/19/2010;19.98;20.00;19.46;19.81;7319223;144243296.000
03/22/2010;19.80;19.97;19.69;19.78;4592686;91002488.000
03/23/2010;19.85;20.34;19.85;20.27;8951500;180766144.000
