600522 中天科技 日线
      日期	    开盘	    最高	    最低	    收盘	    成交量	    成交额
10/24/2002;6.94;7.18;6.85;6.97;36289882;440587744.000
10/25/2002;6.92;7.13;6.89;7.04;13304901;162274944.000
10/28/2002;7.05;7.12;6.72;6.81;10414715;125183000.000
10/29/2002;6.73;6.92;6.62;6.85;7018512;82336584.000
10/30/2002;6.85;7.05;6.77;6.96;6947096;83770312.000
10/31/2002;6.92;7.02;6.78;6.80;3458843;41250644.000
11/01/2002;6.79;6.85;6.68;6.79;3067366;36023520.000
11/04/2002;6.85;7.38;6.79;7.33;10827357;133634080.000
11/05/2002;7.32;7.80;7.27;7.46;26819694;350451328.000
11/06/2002;7.41;7.61;7.38;7.43;12583295;163841056.000
11/07/2002;7.42;7.56;7.37;7.49;5681439;73604600.000
11/08/2002;7.61;7.67;7.09;7.16;9131646;116496648.000
11/11/2002;7.21;7.36;7.12;7.21;4780685;60077024.000
11/12/2002;7.29;7.36;6.99;7.09;5540377;68655048.000
11/13/2002;7.09;7.32;6.98;7.29;6133978;76320096.000
11/14/2002;7.29;7.46;7.09;7.15;6918816;87221264.000
11/15/2002;7.09;7.41;7.06;7.28;6338079;80187952.000
11/18/2002;7.27;7.34;7.14;7.27;2967843;37332612.000
11/19/2002;7.26;7.59;7.16;7.49;6711649;86032088.000
11/20/2002;7.44;7.44;7.24;7.29;5458016;69265952.000
11/21/2002;7.27;7.54;7.20;7.43;10016531;128583728.000
11/22/2002;7.49;7.74;7.29;7.40;12155178;158912736.000
11/25/2002;7.35;7.37;7.10;7.15;7000773;87547368.000
11/27/2002;6.68;6.84;6.43;6.61;8402759;96241808.000
11/28/2002;6.55;7.03;6.46;7.00;6540500;76522168.000
11/29/2002;6.97;7.17;6.85;6.99;9343373;113802400.000
12/02/2002;6.92;6.94;6.64;6.65;3229537;38111456.000
12/03/2002;6.62;6.76;6.61;6.75;1901700;22131880.000
12/04/2002;6.78;7.00;6.69;6.78;3125678;37193868.000
12/05/2002;6.74;6.82;6.63;6.75;1743649;20316504.000
12/06/2002;6.78;6.85;6.68;6.73;1180527;13867028.000
12/09/2002;6.70;6.78;6.56;6.62;1737552;20038794.000
12/10/2002;6.57;6.68;6.47;6.48;1692577;19262036.000
12/11/2002;6.45;6.60;6.43;6.59;1702500;19254388.000
12/12/2002;6.57;6.74;6.55;6.59;1585025;18296108.000
12/13/2002;6.51;6.69;6.45;6.64;1524977;17410832.000
12/16/2002;6.73;6.73;6.62;6.69;1327704;15385553.000
12/17/2002;6.66;6.73;6.64;6.69;1200771;13924475.000
12/18/2002;6.69;6.82;6.62;6.66;1580588;18466156.000
12/19/2002;6.65;6.70;6.57;6.62;1000842;11492440.000
12/20/2002;6.62;6.76;6.58;6.71;1386691;16115646.000
12/23/2002;6.71;6.79;6.67;6.68;1132759;13226251.000
12/24/2002;6.68;6.80;6.66;6.80;1512400;17720740.000
12/25/2002;6.80;6.84;6.71;6.72;1049665;12305562.000
12/26/2002;6.69;6.69;6.45;6.46;1964700;22345858.000
12/27/2002;6.44;6.57;6.42;6.46;1748672;19663328.000
12/30/2002;6.46;6.50;6.04;6.11;3214951;34638632.000
12/31/2002;6.05;6.16;5.81;5.86;1649178;17198664.000
01/02/2003;5.86;5.94;5.68;5.71;2459740;24671440.000
01/03/2003;5.69;5.82;5.69;5.76;1321359;13230074.000
01/06/2003;5.76;5.88;5.69;5.85;1401114;14136748.000
01/07/2003;5.85;6.09;5.80;5.89;2274277;23595720.000
01/08/2003;5.88;6.13;5.85;6.10;2505711;26180328.000
01/09/2003;6.13;6.32;6.05;6.24;4382854;47224000.000
01/10/2003;6.24;6.30;6.08;6.09;2784984;30034400.000
01/13/2003;6.05;6.16;6.03;6.10;1132107;11984181.000
01/14/2003;6.10;6.68;6.07;6.54;5555684;62091264.000
01/15/2003;6.51;6.80;6.46;6.50;5005226;57510928.000
01/16/2003;6.51;7.08;6.51;6.86;6037026;71738736.000
01/17/2003;6.86;6.90;6.74;6.83;3616926;42727016.000
01/20/2003;6.81;6.82;6.67;6.78;1804407;21155412.000
01/21/2003;6.80;6.89;6.54;6.55;2558468;29726632.000
01/22/2003;6.50;6.62;6.48;6.60;1585660;18028458.000
01/23/2003;6.50;6.71;6.44;6.46;1455202;16531538.000
01/24/2003;6.46;6.68;6.46;6.64;1556919;17784430.000
01/27/2003;6.68;6.83;6.66;6.76;2486390;29188442.000
01/28/2003;6.76;6.82;6.73;6.80;1777692;20923294.000
01/29/2003;6.80;6.87;6.75;6.78;2013500;23848080.000
02/10/2003;6.79;6.79;6.54;6.57;1140000;13109607.000
02/11/2003;6.55;6.65;6.53;6.65;479408;5491076.000
02/12/2003;6.65;6.76;6.55;6.76;957271;11084940.000
02/13/2003;6.76;6.97;6.72;6.78;2889615;34344796.000
02/14/2003;6.74;6.86;6.72;6.77;1070348;12623366.000
02/17/2003;6.77;6.86;6.65;6.73;1149274;13405627.000
02/18/2003;6.73;6.77;6.62;6.73;790769;9165406.000
02/19/2003;6.68;6.80;6.65;6.80;923576;10777823.000
02/20/2003;6.81;6.90;6.75;6.81;1651469;19573168.000
02/21/2003;6.79;6.81;6.61;6.63;1467545;16982860.000
02/24/2003;6.62;6.75;6.61;6.68;960398;11134156.000
02/25/2003;6.68;6.89;6.68;6.89;3206660;38049456.000
02/27/2003;6.93;7.00;6.69;6.73;3283269;38586644.000
02/28/2003;6.73;6.89;6.73;6.86;2390814;28309728.000
03/03/2003;6.87;7.06;6.87;7.03;4977871;60385588.000
03/04/2003;7.03;7.05;6.92;7.00;1879352;22727242.000
03/05/2003;7.00;7.00;6.83;6.91;1303618;15575777.000
03/06/2003;6.91;6.91;6.74;6.76;1522444;17953240.000
03/07/2003;6.74;6.82;6.71;6.72;819182;9602526.000
03/10/2003;6.74;6.77;6.59;6.59;1185970;13670949.000
03/11/2003;6.61;6.65;6.55;6.59;611342;7005268.000
03/12/2003;6.57;6.66;6.55;6.66;629000;7207354.000
03/13/2003;6.66;6.67;6.50;6.50;906165;10336787.000
03/14/2003;6.54;6.55;6.45;6.47;787099;8889697.000
03/17/2003;6.44;6.48;6.32;6.41;1035616;11496806.000
03/18/2003;6.46;6.54;6.35;6.36;663480;7445329.000
03/19/2003;6.34;6.45;6.30;6.39;580935;6431544.000
03/20/2003;6.39;6.43;6.31;6.33;609684;6738679.000
03/21/2003;6.29;6.43;6.29;6.42;560315;6214064.000
03/24/2003;6.47;6.47;6.39;6.41;283454;3157413.000
03/25/2003;6.41;6.41;6.26;6.27;744863;8177767.000
03/26/2003;6.25;6.27;6.12;6.12;718507;7698543.000
03/27/2003;6.10;6.48;5.97;6.42;1893438;20420096.000
03/28/2003;6.42;6.44;6.22;6.27;1201836;13264579.000
03/31/2003;6.26;6.30;6.16;6.30;909815;9859390.000
04/01/2003;6.30;6.45;6.28;6.41;1284420;14234792.000
04/02/2003;6.39;6.43;6.36;6.37;631231;6998687.000
04/03/2003;6.39;6.43;6.32;6.32;551338;6076504.000
04/04/2003;6.32;6.39;6.27;6.29;681442;7468611.000
04/07/2003;6.50;6.50;6.20;6.22;729461;7994434.000
04/08/2003;6.19;6.36;6.18;6.22;750104;8126526.000
04/09/2003;6.25;6.25;6.04;6.22;1479938;15747329.000
04/10/2003;6.22;6.36;6.08;6.30;2095735;22511432.000
04/11/2003;6.29;6.33;6.16;6.29;1838057;19943578.000
04/14/2003;6.30;6.59;6.30;6.53;2846558;32133288.000
04/15/2003;6.54;6.65;6.48;6.65;2180949;24789088.000
04/16/2003;6.66;6.75;6.40;6.43;2639562;30123252.000
04/17/2003;6.42;6.74;6.40;6.61;2934498;33615484.000
04/18/2003;6.64;6.73;6.48;6.50;1319415;15019455.000
04/21/2003;6.46;6.46;6.24;6.29;1363024;14986900.000
04/22/2003;6.35;6.38;6.22;6.22;690723;7519418.000
04/23/2003;6.22;6.27;6.10;6.12;1009180;10827969.000
04/24/2003;6.12;6.20;5.92;5.97;1315120;13801873.000
04/25/2003;5.97;6.04;5.75;5.79;1085650;11114305.000
04/28/2003;5.75;5.80;5.22;5.52;2896771;27219416.000
04/29/2003;5.52;5.52;5.23;5.27;2121103;19631220.000
05/12/2003;5.25;5.32;4.89;4.96;2034160;17946288.000
05/13/2003;4.89;5.25;4.89;5.24;2716366;24030812.000
05/14/2003;5.18;5.37;5.10;5.33;2509840;22999800.000
05/15/2003;5.27;5.73;5.17;5.62;4149794;39847840.000
05/16/2003;5.60;5.60;5.41;5.48;1656664;15843511.000
05/19/2003;5.52;5.69;5.50;5.58;1342542;13092550.000
05/20/2003;5.60;5.60;5.37;5.41;1030884;9785133.000
05/21/2003;5.41;5.53;5.40;5.42;742288;7051519.000
05/22/2003;5.43;5.46;5.33;5.45;670660;6321671.000
05/23/2003;5.49;5.62;5.40;5.51;1299749;12479420.000
05/26/2003;5.56;5.64;5.52;5.55;1208961;11764493.000
05/27/2003;5.57;5.74;5.52;5.66;2303425;22745132.000
05/28/2003;5.65;5.72;5.58;5.59;1200647;11765413.000
05/29/2003;5.62;5.84;5.59;5.83;2938215;29379332.000
05/30/2003;5.95;6.12;5.92;5.94;7932832;82990016.000
06/02/2003;5.91;5.92;5.78;5.85;1860841;18878108.000
06/03/2003;5.87;5.91;5.75;5.77;1223694;12336177.000
06/04/2003;5.75;5.80;5.56;5.71;1478499;14579298.000
06/05/2003;5.71;5.71;5.57;5.58;896646;8774685.000
06/06/2003;5.52;5.68;5.52;5.56;738304;7183608.000
06/09/2003;5.53;5.58;5.38;5.39;603749;5659545.000
06/10/2003;5.41;5.47;5.40;5.42;384689;3589152.000
06/11/2003;5.42;5.55;5.42;5.52;477642;4517519.000
06/12/2003;5.53;5.66;5.53;5.58;505200;4851538.000
06/13/2003;5.59;5.68;5.52;5.62;686034;6602632.000
06/16/2003;5.62;5.66;5.53;5.56;469820;4505953.000
06/17/2003;5.59;5.64;5.53;5.57;333216;3191707.000
06/18/2003;5.63;5.76;5.59;5.66;974475;9557274.000
06/19/2003;5.65;5.70;5.54;5.56;574933;5507895.000
06/20/2003;5.56;5.60;5.50;5.52;359990;3440049.000
06/23/2003;5.52;5.52;5.38;5.38;530174;4941926.000
06/24/2003;5.35;5.46;5.35;5.39;348415;3225734.000
06/25/2003;5.40;5.44;5.20;5.21;562050;5101005.000
06/26/2003;5.21;5.40;5.17;5.35;901560;8181289.000
06/27/2003;5.34;5.34;5.18;5.18;497052;4487381.000
06/30/2003;5.12;5.23;5.10;5.13;425008;3764117.000
07/01/2003;5.13;5.22;5.11;5.11;350800;3116559.000
07/02/2003;5.11;5.18;5.08;5.18;358269;3171500.000
07/03/2003;5.19;5.27;5.15;5.24;336142;3015924.000
07/04/2003;5.27;5.29;5.19;5.22;356422;3205790.000
07/07/2003;5.27;5.31;5.16;5.31;359620;3237574.000
07/08/2003;5.31;5.38;5.29;5.37;644523;5917402.000
07/09/2003;5.37;5.37;5.30;5.31;331000;3029257.000
07/10/2003;5.29;5.41;5.29;5.41;701310;6465206.000
07/11/2003;5.35;5.45;5.35;5.44;775790;7209041.000
07/14/2003;5.53;5.56;5.46;5.47;2814437;26588264.000
07/15/2003;5.45;5.48;5.35;5.38;739279;6878787.000
07/16/2003;5.38;5.38;5.27;5.30;673728;6161770.000
07/17/2003;5.28;5.39;5.28;5.34;502821;4605796.000
07/18/2003;4.95;5.13;4.80;4.82;3252505;27538744.000
07/21/2003;4.72;4.74;4.56;4.64;2005445;15983208.000
07/22/2003;4.65;4.71;4.60;4.68;910419;7267189.000
07/23/2003;4.70;4.72;4.63;4.71;627551;5043541.000
07/24/2003;4.70;4.74;4.64;4.65;525536;4236516.000
07/25/2003;4.63;4.81;4.57;4.73;1123806;9097136.000
07/28/2003;4.71;4.76;4.69;4.72;430003;3487668.000
07/29/2003;4.72;4.77;4.70;4.71;300484;2441010.000
07/30/2003;4.71;4.71;4.57;4.61;537600;4270376.000
07/31/2003;4.65;4.68;4.61;4.63;339589;2713219.000
08/01/2003;4.63;4.77;4.57;4.74;727852;5839621.000
08/04/2003;4.73;4.82;4.69;4.81;1050188;8623012.000
08/05/2003;4.80;4.83;4.74;4.75;488100;4003089.000
08/06/2003;4.73;4.76;4.70;4.71;462315;3750953.000
08/07/2003;4.69;4.74;4.65;4.67;310860;2511736.000
08/08/2003;4.66;4.67;4.58;4.62;420697;3348399.000
08/11/2003;4.62;4.65;4.61;4.65;196336;1561944.000
08/12/2003;4.65;4.79;4.65;4.73;514497;4205199.000
08/13/2003;4.71;4.72;4.65;4.68;361585;2912056.000
08/14/2003;4.71;4.79;4.63;4.70;739505;6013144.000
08/15/2003;4.72;4.81;4.72;4.77;1466960;12044389.000
08/18/2003;4.77;4.79;4.71;4.74;340750;2779061.000
08/19/2003;4.75;4.79;4.73;4.75;368000;3017467.000
08/20/2003;4.72;4.79;4.67;4.71;301318;2435574.000
08/21/2003;4.71;4.71;4.65;4.68;406874;3266490.000
08/22/2003;4.65;4.70;4.61;4.62;352350;2818000.000
08/25/2003;4.57;4.60;4.40;4.43;950474;7308459.000
08/26/2003;4.42;4.46;4.37;4.41;475300;3610204.000
08/27/2003;4.41;4.45;4.39;4.39;306300;2326246.000
08/28/2003;4.43;4.50;4.33;4.33;470200;3560583.000
08/29/2003;4.31;4.33;4.25;4.32;628239;4628266.000
09/01/2003;4.32;4.53;4.32;4.50;764164;5852881.000
09/02/2003;4.51;4.63;4.48;4.53;1381046;10801059.000
09/03/2003;4.54;4.55;4.43;4.50;496996;3826129.000
09/04/2003;4.53;4.53;4.47;4.49;342150;2642457.000
09/05/2003;4.49;4.49;4.36;4.37;380311;2873969.000
09/08/2003;4.37;4.37;4.30;4.32;261405;1942569.000
09/09/2003;4.32;4.37;4.30;4.33;285444;2128508.000
09/10/2003;4.33;4.36;4.30;4.35;238781;1778024.000
09/11/2003;4.36;4.36;4.32;4.32;198340;1477253.000
09/12/2003;4.36;4.36;4.25;4.30;409856;3016695.000
09/15/2003;4.36;4.51;4.33;4.36;1716306;13045436.000
09/16/2003;4.37;4.50;4.34;4.49;836225;6369097.000
09/17/2003;4.50;4.51;4.31;4.35;501250;3791286.000
09/18/2003;4.30;4.38;4.30;4.35;303555;2265881.000
09/19/2003;4.33;4.37;4.30;4.33;226870;1687470.000
09/22/2003;4.36;4.44;4.33;4.39;258100;1939193.000
09/23/2003;4.39;4.44;4.35;4.44;237850;1801201.000
09/24/2003;4.43;4.46;4.37;4.44;291478;2220292.000
09/25/2003;4.43;4.43;4.33;4.33;271030;2041492.000
09/26/2003;4.30;4.35;4.26;4.29;322180;2380846.000
09/29/2003;4.29;4.29;4.10;4.12;628997;4499697.000
09/30/2003;4.11;4.16;4.04;4.13;349079;2465524.000
10/08/2003;4.12;4.13;4.08;4.11;187598;1324139.000
10/09/2003;4.11;4.19;4.10;4.14;167400;1192306.000
10/10/2003;4.11;4.25;4.10;4.23;492421;3544028.000
10/13/2003;4.23;4.28;4.18;4.18;411529;2986783.000
10/14/2003;4.08;4.08;3.90;3.91;1934249;13153848.000
10/15/2003;3.89;3.94;3.79;3.82;987496;6593494.000
10/16/2003;3.80;3.86;3.76;3.79;575118;3758780.000
10/17/2003;3.76;3.86;3.75;3.78;365598;2389237.000
10/20/2003;3.78;3.81;3.66;3.68;533000;3399148.000
10/21/2003;3.68;3.71;3.63;3.69;437566;2753537.000
10/22/2003;3.69;3.84;3.66;3.79;1060809;6875219.000
10/23/2003;3.79;3.86;3.73;3.73;563972;3686860.000
10/24/2003;3.74;3.76;3.58;3.59;704200;4434119.000
10/27/2003;3.66;3.66;3.44;3.47;884968;5339695.000
10/28/2003;3.44;3.52;3.40;3.44;614837;3639970.000
10/29/2003;3.43;3.52;3.26;3.32;858958;4930159.000
10/30/2003;3.32;3.38;3.24;3.25;659774;3738104.000
10/31/2003;3.20;3.40;3.20;3.32;810594;4661394.000
11/03/2003;3.31;3.39;3.29;3.38;459941;2646759.000
11/04/2003;3.37;3.47;3.33;3.42;1079007;6334083.000
11/05/2003;3.43;3.43;3.28;3.30;519291;2987460.000
11/06/2003;3.28;3.30;3.06;3.12;990226;5325999.000
11/07/2003;3.10;3.23;3.01;3.16;942590;5062451.000
11/10/2003;3.14;3.16;3.06;3.12;451087;2411270.000
11/11/2003;3.12;3.17;3.08;3.14;336656;1818470.000
11/12/2003;3.13;3.22;3.08;3.17;620946;3378485.000
11/13/2003;3.13;3.37;3.11;3.26;1355654;7611127.000
11/14/2003;3.23;3.32;3.20;3.28;743932;4171486.000
11/17/2003;3.26;3.30;3.21;3.24;354800;1983090.000
11/18/2003;3.22;3.26;3.14;3.15;377884;2065903.000
11/19/2003;3.15;3.42;3.13;3.35;2359662;13524621.000
11/20/2003;3.35;3.69;3.31;3.69;6308557;38985632.000
11/21/2003;3.82;3.98;3.61;3.70;7519632;49088668.000
11/24/2003;3.67;3.81;3.58;3.76;2864817;18288576.000
11/25/2003;3.78;3.84;3.66;3.72;2822386;18200792.000
11/26/2003;3.70;3.75;3.63;3.72;1589392;10038759.000
11/27/2003;3.71;3.72;3.56;3.57;1256301;7838868.000
11/28/2003;3.54;3.66;3.54;3.59;937414;5796013.000
12/01/2003;3.61;3.77;3.61;3.75;1949256;12507453.000
12/02/2003;3.80;3.81;3.72;3.72;1554953;10050594.000
12/03/2003;3.71;3.79;3.63;3.75;1636259;10520006.000
12/04/2003;3.72;3.77;3.61;3.69;1424169;9006775.000
12/08/2003;3.66;3.72;3.61;3.62;649700;4084603.000
12/09/2003;3.62;3.69;3.61;3.67;521449;3281617.000
12/10/2003;3.69;4.04;3.66;4.04;6886797;46682368.000
12/11/2003;4.18;4.41;4.08;4.11;13964225;101260256.000
12/12/2003;4.06;4.07;3.91;3.94;4407000;30099388.000
12/15/2003;3.92;3.99;3.89;3.91;1659335;11216832.000
12/16/2003;3.90;3.91;3.77;3.88;1867495;12336746.000
12/17/2003;3.84;3.90;3.77;3.77;1894962;12470626.000
12/18/2003;3.75;3.80;3.58;3.63;2190035;13814784.000
12/19/2003;3.63;3.69;3.27;3.31;3603229;20959632.000
12/22/2003;3.28;3.58;3.14;3.55;2871147;16714780.000
12/23/2003;3.50;3.63;3.48;3.54;2147735;13117551.000
12/24/2003;3.49;3.53;3.41;3.47;1328376;7898874.000
12/25/2003;3.48;3.56;3.41;3.53;1256379;7548861.000
12/26/2003;3.53;3.58;3.51;3.55;1006653;6140931.000
12/29/2003;3.52;3.52;3.41;3.43;970577;5751479.000
12/30/2003;3.42;3.46;3.41;3.41;696810;4102267.000
12/31/2003;3.41;3.42;3.28;3.33;904659;5185374.000
01/02/2004;3.31;3.42;3.29;3.34;704370;4081006.000
01/05/2004;3.34;3.44;3.31;3.43;1416143;8219005.000
01/06/2004;3.43;3.44;3.31;3.37;1397897;8036676.000
01/07/2004;3.38;3.54;3.34;3.52;2010445;11943129.000
01/08/2004;3.52;3.76;3.49;3.67;3216790;20150594.000
01/09/2004;3.68;3.72;3.55;3.55;2288980;14275683.000
01/12/2004;3.55;3.58;3.46;3.56;1094228;6629401.000
01/13/2004;3.56;3.66;3.49;3.65;1663272;10297381.000
01/14/2004;3.63;3.63;3.52;3.58;993805;6095833.000
01/15/2004;3.55;3.65;3.53;3.58;938496;5788932.000
01/16/2004;3.58;3.77;3.58;3.69;2331232;14818446.000
01/29/2004;3.70;3.93;3.69;3.92;2941601;19519564.000
01/30/2004;3.93;3.96;3.77;3.77;2271011;15076340.000
02/02/2004;3.81;4.07;3.78;4.04;3794333;25738226.000
02/03/2004;4.05;4.07;3.97;4.06;2380867;16421248.000
02/04/2004;4.06;4.15;4.03;4.14;3455169;24283976.000
02/05/2004;4.14;4.15;4.03;4.12;2356041;16550411.000
02/06/2004;4.12;4.12;3.94;3.95;2758099;19060192.000
02/09/2004;3.93;4.09;3.93;4.07;1794691;12406477.000
02/10/2004;4.07;4.21;4.04;4.21;4147716;29617382.000
02/11/2004;4.23;4.47;4.23;4.32;8184863;61118708.000
02/12/2004;4.33;4.43;4.28;4.37;3534560;26569400.000
02/13/2004;4.39;4.40;4.23;4.25;2217695;16361852.000
02/16/2004;4.25;4.45;4.25;4.44;2494632;18821988.000
02/17/2004;4.46;4.62;4.46;4.56;3575467;27953568.000
02/18/2004;4.57;4.60;4.48;4.53;2672405;20730916.000
02/19/2004;4.53;4.64;4.42;4.63;3405662;26655072.000
02/20/2004;4.61;4.63;4.50;4.58;1656928;12951270.000
02/23/2004;4.58;4.68;4.43;4.44;2594464;20421322.000
02/24/2004;4.42;4.42;4.23;4.29;2438369;18010160.000
02/25/2004;4.29;4.39;4.08;4.12;1908579;13961179.000
02/26/2004;4.12;4.18;4.08;4.18;1655074;11746717.000
02/27/2004;4.18;4.22;4.11;4.21;1026897;7365620.000
03/01/2004;4.22;4.27;4.16;4.26;1047848;7600568.000
03/02/2004;4.26;4.26;4.19;4.23;981993;7127316.000
03/03/2004;4.22;4.22;4.05;4.07;1371985;9713734.000
03/04/2004;4.05;4.14;4.00;4.13;1054109;7388701.000
03/05/2004;4.13;4.18;4.08;4.09;765102;5432976.000
03/08/2004;4.08;4.09;3.91;3.93;1049519;7175775.000
03/09/2004;3.93;3.97;3.83;3.84;849790;5708123.000
03/10/2004;3.85;3.99;3.81;3.98;777081;5210189.000
03/11/2004;3.97;4.04;3.94;4.00;851132;5850757.000
03/12/2004;4.00;4.04;3.97;4.01;645345;4436894.000
03/15/2004;3.98;4.16;3.97;4.12;1015376;7105227.000
03/16/2004;4.13;4.14;4.06;4.12;927917;6525130.000
03/17/2004;4.12;4.12;4.03;4.08;660436;4616441.000
03/18/2004;4.09;4.15;3.98;3.99;807647;5639511.000
03/19/2004;3.98;4.07;3.96;4.05;668485;4599122.000
03/22/2004;4.07;4.14;4.03;4.14;1046843;7373359.000
03/23/2004;4.14;4.15;4.05;4.09;742391;5213243.000
03/24/2004;4.14;4.25;4.09;4.22;2531245;18241116.000
03/25/2004;4.20;4.23;4.12;4.19;1159010;8328428.000
03/26/2004;4.22;4.29;4.16;4.26;1877321;13661163.000
03/29/2004;4.28;4.29;4.13;4.16;996020;7162371.000
03/30/2004;4.17;4.31;4.15;4.29;1907312;13882749.000
03/31/2004;4.26;4.32;4.23;4.30;1622889;11965557.000
04/01/2004;4.33;4.33;4.28;4.30;902280;6659525.000
04/02/2004;4.32;4.36;4.26;4.32;1784080;13213771.000
04/05/2004;4.42;4.75;4.42;4.67;11820497;93321584.000
04/06/2004;4.64;4.64;4.51;4.57;3996810;31395382.000
04/07/2004;4.57;4.58;4.50;4.54;2126130;16578942.000
04/08/2004;4.54;4.57;4.51;4.54;1520903;11863440.000
04/09/2004;4.54;4.63;4.28;4.33;2458931;18881260.000
04/12/2004;4.30;4.38;4.25;4.33;1201275;8922172.000
04/13/2004;4.33;4.46;4.28;4.31;1112228;8360762.000
04/14/2004;4.30;4.32;4.12;4.19;1436733;10368831.000
04/15/2004;4.19;4.22;4.02;4.04;1053800;7465328.000
04/16/2004;4.01;4.11;3.93;4.10;1187128;8230274.000
04/19/2004;4.10;4.12;4.00;4.04;616319;4310197.000
04/20/2004;4.02;4.07;3.96;4.04;473385;3262861.000
04/21/2004;4.04;4.17;4.02;4.07;565806;3977153.000
04/22/2004;4.05;4.16;4.05;4.15;721982;5109328.000
04/23/2004;4.16;4.16;3.96;3.97;751393;5232716.000
04/26/2004;3.98;4.05;3.88;3.91;608191;4126765.000
04/27/2004;3.92;3.94;3.69;3.69;1093500;7142509.000
04/28/2004;3.68;3.83;3.63;3.77;541879;3499326.000
04/29/2004;3.77;3.84;3.75;3.75;575677;3747988.000
04/30/2004;3.76;3.89;3.73;3.80;409374;2672136.000
05/10/2004;3.78;3.81;3.69;3.70;233650;1498585.000
05/11/2004;3.65;3.80;3.65;3.76;239740;1542874.000
05/12/2004;3.77;3.89;3.75;3.89;572053;3779849.000
05/13/2004;3.90;3.90;3.82;3.89;299000;1985821.000
05/14/2004;3.86;3.86;3.75;3.76;307400;2004358.000
05/17/2004;3.76;3.91;3.75;3.87;440890;2909999.000
05/18/2004;3.84;3.98;3.84;3.97;735545;4953874.000
05/19/2004;3.97;4.05;3.92;3.95;1063977;7308734.000
05/20/2004;3.98;4.00;3.91;3.94;372794;2528326.000
05/21/2004;3.93;4.01;3.93;4.00;308655;2108133.000
05/24/2004;4.00;4.02;3.87;3.89;294679;1988116.000
05/25/2004;3.87;3.87;3.73;3.73;431705;2807385.000
05/26/2004;3.73;3.85;3.71;3.80;301281;1960711.000
05/27/2004;3.80;3.93;3.76;3.91;403732;2687529.000
05/28/2004;3.90;3.94;3.83;3.83;253951;1692315.000
05/31/2004;3.83;3.90;3.82;3.89;264972;1761706.000
06/01/2004;3.94;4.02;3.90;4.02;823893;5644568.000
06/02/2004;4.02;4.04;3.97;4.00;661265;4542461.000
06/03/2004;4.00;4.01;3.87;3.87;418100;2813100.000
06/04/2004;3.86;4.02;3.83;3.94;654929;4448017.000
06/07/2004;3.97;3.97;3.85;3.87;276239;1844854.000
06/09/2004;3.83;3.86;3.66;3.68;603818;3888189.000
06/10/2004;3.66;3.72;3.58;3.62;428589;2681978.000
06/11/2004;3.63;3.75;3.62;3.62;283800;1799623.000
06/14/2004;3.62;3.66;3.47;3.50;385846;2355557.000
06/15/2004;3.49;3.59;3.48;3.59;293032;1776984.000
06/16/2004;3.58;3.64;3.52;3.59;248350;1530804.000
06/17/2004;3.59;3.64;3.51;3.53;204550;1250827.000
06/18/2004;3.52;3.60;3.51;3.55;209736;1282783.000
06/21/2004;3.53;3.64;3.53;3.64;261671;1624506.000
06/22/2004;3.66;3.84;3.65;3.72;800653;5163019.000
06/23/2004;3.69;3.74;3.63;3.69;290159;1839020.000
06/24/2004;3.69;3.78;3.69;3.70;472101;3036128.000
06/25/2004;3.70;3.74;3.51;3.54;343573;2150508.000
06/28/2004;3.54;3.60;3.47;3.47;358708;2168600.000
06/29/2004;3.47;3.55;3.37;3.51;323612;1923979.000
06/30/2004;3.49;3.53;3.38;3.40;215644;1280901.000
07/01/2004;3.40;3.54;3.40;3.53;339757;2041488.000
07/02/2004;3.54;3.54;3.46;3.48;336086;2019193.000
07/05/2004;3.51;3.51;3.45;3.48;186115;1112726.000
07/06/2004;3.52;3.56;3.49;3.52;229832;1395780.000
07/07/2004;3.51;3.52;3.43;3.47;189569;1131171.000
07/08/2004;3.47;3.51;3.45;3.49;136560;817049.000
07/09/2004;3.49;3.53;3.47;3.49;248601;1498177.000
07/12/2004;3.51;3.61;3.51;3.56;1516897;9275402.000
07/13/2004;3.55;3.55;3.32;3.41;689921;4041887.000
07/14/2004;3.40;3.40;3.17;3.26;693943;3889736.000
07/15/2004;3.27;3.35;3.23;3.30;344314;1943813.000
07/16/2004;3.31;3.42;3.30;3.42;616278;3578910.000
07/19/2004;3.43;3.45;3.39;3.40;352890;2078295.000
07/20/2004;3.37;3.39;3.30;3.31;340600;1946454.000
07/21/2004;3.34;3.37;3.31;3.36;180118;1032850.000
07/22/2004;3.34;3.44;3.34;3.37;682016;3968432.000
07/23/2004;3.41;3.66;3.39;3.54;2971970;18026324.000
07/26/2004;3.49;3.57;3.44;3.54;982890;5929621.000
07/27/2004;3.54;3.59;3.49;3.56;736050;4481375.000
07/28/2004;3.51;3.61;3.51;3.58;698416;4286753.000
07/29/2004;3.60;3.63;3.55;3.62;884907;5467978.000
07/30/2004;3.62;3.62;3.49;3.51;643719;3910820.000
08/02/2004;3.47;3.49;3.38;3.42;389812;2304444.000
08/03/2004;3.45;3.46;3.37;3.43;388339;2277014.000
08/04/2004;3.43;3.58;3.42;3.54;528667;3195042.000
08/05/2004;3.54;3.55;3.45;3.45;305500;1838839.000
08/06/2004;3.47;3.47;3.36;3.38;473354;2767843.000
08/09/2004;3.38;3.43;3.37;3.42;173800;1014607.000
08/10/2004;3.42;3.43;3.38;3.43;141210;827342.000
08/11/2004;3.43;3.43;3.34;3.35;190367;1103492.000
08/12/2004;3.33;3.33;3.23;3.26;342832;1929612.000
08/13/2004;3.31;3.31;3.18;3.23;270091;1501600.000
08/16/2004;3.31;3.39;3.27;3.35;517329;2961635.000
08/17/2004;3.35;3.36;3.27;3.31;245947;1399721.000
08/18/2004;3.31;3.36;3.28;3.28;193284;1104862.000
08/19/2004;3.27;3.27;3.20;3.22;279569;1543292.000
08/20/2004;3.22;3.25;3.08;3.16;347553;1899931.000
08/23/2004;3.16;3.21;3.07;3.14;149400;800098.000
08/24/2004;3.08;3.33;3.08;3.21;194660;1074871.000
08/25/2004;3.20;3.22;3.19;3.20;96400;530414.000
08/26/2004;3.20;3.21;3.16;3.19;116100;634982.000
08/27/2004;3.19;3.19;3.12;3.13;150100;810159.000
08/30/2004;3.10;3.17;3.10;3.16;70455;381083.000
08/31/2004;3.26;3.42;3.23;3.24;293778;1649698.000
09/01/2004;3.24;3.24;3.17;3.19;164700;904269.000
09/02/2004;3.18;3.26;3.16;3.25;193700;1068908.000
09/03/2004;3.26;3.27;3.23;3.24;131318;732676.000
09/06/2004;3.28;3.28;3.21;3.23;67500;375049.000
09/07/2004;3.22;3.24;3.21;3.23;53400;296131.000
09/08/2004;3.26;3.26;3.23;3.24;121700;679262.000
09/09/2004;3.23;3.23;3.14;3.14;201130;1095044.000
09/10/2004;3.16;3.19;3.13;3.19;166800;905466.000
09/13/2004;3.20;3.20;3.15;3.18;343700;1876011.000
09/14/2004;3.20;3.31;3.20;3.28;483297;2703006.000
09/15/2004;3.37;3.59;3.37;3.52;3033770;18240696.000
09/16/2004;3.48;3.52;3.40;3.49;1298251;7726158.000
09/17/2004;3.49;3.59;3.44;3.56;1309186;7942373.000
09/20/2004;3.59;3.68;3.53;3.66;1887051;11701088.000
09/21/2004;3.66;3.75;3.57;3.61;1851903;11603086.000
09/22/2004;3.58;3.62;3.49;3.51;1214990;7417660.000
09/23/2004;3.53;3.65;3.49;3.64;828512;5081457.000
09/24/2004;3.66;3.69;3.45;3.47;1410811;8770026.000
09/27/2004;3.59;3.59;3.41;3.48;633396;3794354.000
09/28/2004;3.51;3.51;3.43;3.47;282700;1683161.000
09/29/2004;3.49;3.49;3.44;3.45;254549;1516521.000
09/30/2004;3.44;3.46;3.35;3.36;292400;1708403.000
10/08/2004;3.49;3.49;3.35;3.48;230061;1347256.000
10/11/2004;3.47;3.61;3.43;3.56;1074117;6538643.000
10/12/2004;3.58;3.61;3.51;3.52;805981;4936535.000
10/13/2004;3.51;3.63;3.49;3.62;702425;4317250.000
10/14/2004;3.63;3.63;3.31;3.34;685797;4102974.000
10/15/2004;3.34;3.37;3.26;3.31;485686;2761280.000
10/18/2004;3.35;3.37;3.30;3.34;245782;1411470.000
10/19/2004;3.34;3.44;3.31;3.32;336006;1951938.000
10/20/2004;3.35;3.35;3.23;3.30;379722;2132990.000
10/21/2004;3.30;3.37;3.15;3.20;458750;2561980.000
10/22/2004;3.23;3.28;3.09;3.28;527708;2899172.000
10/25/2004;3.27;3.34;3.13;3.15;470190;2587206.000
10/26/2004;3.20;3.20;3.09;3.20;387325;2096804.000
10/27/2004;3.20;3.30;3.15;3.28;505102;2794388.000
10/28/2004;3.33;3.59;3.33;3.35;1403263;8277776.000
10/29/2004;3.30;3.46;3.09;3.38;1011032;5839756.000
11/01/2004;3.40;3.49;3.35;3.40;1090093;6430520.000
11/02/2004;3.38;3.42;3.28;3.40;418020;2412910.000
11/03/2004;3.49;3.54;3.44;3.51;1182159;7100263.000
11/04/2004;3.51;3.51;3.36;3.37;646811;3820113.000
11/05/2004;3.45;3.45;3.36;3.40;456594;2675104.000
11/08/2004;3.38;3.45;3.37;3.44;273270;1608581.000
11/09/2004;3.43;3.43;3.38;3.39;296300;1732300.000
11/10/2004;3.42;3.56;3.39;3.56;1385051;8383355.000
11/11/2004;3.56;3.65;3.52;3.58;2261679;13984134.000
11/12/2004;3.58;3.63;3.53;3.55;775031;4757140.000
11/15/2004;3.55;3.59;3.54;3.57;601903;3684450.000
11/16/2004;3.58;3.59;3.50;3.55;580299;3539867.000
11/17/2004;3.58;3.61;3.51;3.54;393447;2394740.000
11/18/2004;3.54;3.66;3.49;3.65;1367542;8494288.000
11/19/2004;3.65;3.77;3.61;3.68;2719052;17366888.000
11/22/2004;3.69;3.74;3.65;3.66;1223351;7766322.000
11/23/2004;3.66;3.77;3.64;3.72;1251571;7981412.000
11/24/2004;3.70;3.72;3.56;3.56;992036;6188063.000
11/25/2004;3.54;3.58;3.52;3.54;731996;4467528.000
11/26/2004;3.55;3.58;3.52;3.55;371819;2268462.000
11/29/2004;3.55;3.55;3.44;3.44;544250;3261129.000
11/30/2004;3.42;3.49;3.42;3.49;233890;1395679.000
12/01/2004;3.51;3.55;3.46;3.50;373200;2253714.000
12/02/2004;3.49;3.59;3.48;3.58;403547;2451529.000
12/03/2004;3.58;3.63;3.55;3.60;712343;4409117.000
12/06/2004;3.61;3.63;3.58;3.60;363379;2252069.000
12/07/2004;3.62;3.65;3.52;3.53;473500;2921895.000
12/08/2004;3.58;3.59;3.50;3.58;254813;1551013.000
12/09/2004;3.59;3.61;3.52;3.58;226550;1391278.000
12/10/2004;3.58;3.58;3.42;3.45;699979;4158555.000
12/13/2004;3.43;3.48;3.37;3.47;259861;1523331.000
12/14/2004;3.46;3.48;3.40;3.41;144901;855253.000
12/15/2004;3.42;3.42;3.28;3.36;402029;2298510.000
12/16/2004;3.37;3.37;3.30;3.31;219630;1261121.000
12/17/2004;3.30;3.36;3.28;3.29;134700;764765.000
12/20/2004;3.29;3.33;3.24;3.31;151395;860278.000
12/21/2004;3.33;3.34;3.29;3.31;132001;752905.000
12/22/2004;3.28;3.47;3.28;3.45;388110;2262727.000
12/23/2004;3.41;3.44;3.34;3.37;289897;1697235.000
12/24/2004;3.37;3.45;3.35;3.45;362758;2137324.000
12/27/2004;3.55;3.58;3.40;3.43;768006;4550099.000
12/28/2004;3.46;3.46;3.37;3.42;176781;1036439.000
12/29/2004;3.42;3.49;3.41;3.43;559575;3328445.000
12/30/2004;3.46;3.46;3.33;3.40;230320;1341715.000
12/31/2004;3.44;3.52;3.40;3.42;1123669;6713586.000
01/04/2005;3.42;3.42;3.31;3.33;426602;2459552.000
01/05/2005;3.42;3.49;3.35;3.46;878223;5191466.000
01/06/2005;3.44;3.46;3.39;3.42;238950;1406444.000
01/07/2005;3.41;3.51;3.38;3.51;667510;3991705.000
01/10/2005;3.51;3.54;3.47;3.54;632762;3814536.000
01/11/2005;3.55;3.55;3.49;3.53;478840;2895542.000
01/12/2005;3.51;3.53;3.45;3.52;358875;2150276.000
01/13/2005;3.52;3.71;3.51;3.63;3532585;22209402.000
01/14/2005;3.63;3.68;3.54;3.55;1636113;10184001.000
01/17/2005;3.48;3.66;3.46;3.66;2077093;12856148.000
01/18/2005;3.65;3.75;3.62;3.73;2521103;15990506.000
01/19/2005;3.72;3.72;3.65;3.68;1096072;6939321.000
01/20/2005;3.66;3.66;3.60;3.63;1059027;6625293.000
01/21/2005;3.62;3.75;3.49;3.73;2651728;16792336.000
01/24/2005;3.80;3.90;3.71;3.73;2953510;19226700.000
01/26/2005;3.67;3.69;3.58;3.61;1012003;6309721.000
01/27/2005;3.57;3.65;3.55;3.58;842903;5221627.000
01/28/2005;3.58;3.62;3.34;3.34;1543501;9164092.000
01/31/2005;3.26;3.34;3.23;3.26;745976;4194208.000
02/01/2005;3.26;3.31;3.12;3.12;906703;4993865.000
02/02/2005;3.12;3.37;3.08;3.31;1345852;7563491.000
02/03/2005;3.31;3.35;3.24;3.26;853652;4830346.000
02/04/2005;3.41;3.41;3.26;3.34;566096;3232962.000
02/16/2005;3.40;3.41;3.31;3.35;477500;2764198.000
02/17/2005;3.34;3.45;3.31;3.42;541854;3141950.000
02/18/2005;3.42;3.42;3.31;3.31;425634;2461567.000
02/21/2005;3.31;3.39;3.31;3.37;286199;1650458.000
02/22/2005;3.38;3.45;3.38;3.43;898780;5292616.000
02/23/2005;3.42;3.54;3.30;3.49;1080333;6457100.000
02/24/2005;3.46;3.55;3.44;3.49;688285;4134189.000
02/25/2005;3.49;3.59;3.48;3.52;1203709;7310148.000
02/28/2005;3.49;3.58;3.49;3.58;1032069;6291538.000
03/01/2005;3.63;3.65;3.51;3.52;1368411;8435540.000
03/02/2005;3.51;3.56;3.42;3.42;921764;5530914.000
03/03/2005;3.42;3.51;3.40;3.49;498391;2962071.000
03/04/2005;3.46;3.52;3.42;3.43;333100;1984444.000
03/07/2005;3.47;3.48;3.42;3.45;294190;1741707.000
03/08/2005;3.48;3.56;3.45;3.55;652513;3947707.000
03/09/2005;3.56;3.58;3.51;3.57;739050;4517928.000
03/10/2005;3.57;3.57;3.41;3.42;854792;5117694.000
03/11/2005;3.42;3.47;3.38;3.44;470400;2779832.000
03/14/2005;3.40;3.44;3.30;3.32;842168;4848854.000
03/15/2005;3.33;3.37;3.31;3.32;433092;2481297.000
03/16/2005;3.30;3.34;3.28;3.30;344599;1961750.000
03/17/2005;3.30;3.37;3.30;3.32;272454;1560838.000
03/18/2005;3.34;3.34;3.14;3.18;593260;3281066.000
03/21/2005;3.14;3.22;3.14;3.21;252050;1384535.000
03/22/2005;3.21;3.21;3.08;3.09;518143;2779883.000
03/23/2005;3.09;3.11;2.78;2.88;1558560;7745034.000
03/24/2005;2.84;2.92;2.80;2.91;677907;3320778.000
03/25/2005;2.90;2.90;2.84;2.85;444640;2188718.000
03/28/2005;2.84;2.84;2.68;2.77;605405;2871910.000
03/29/2005;2.77;2.80;2.75;2.77;325816;1555083.000
03/30/2005;2.77;2.77;2.69;2.70;520079;2430645.000
03/31/2005;2.67;2.73;2.66;2.71;344823;1597204.000
04/01/2005;2.70;2.85;2.56;2.81;705730;3325677.000
04/04/2005;2.80;2.80;2.70;2.71;405900;1915162.000
04/05/2005;2.70;2.74;2.66;2.66;254800;1182266.000
04/06/2005;2.63;2.71;2.59;2.68;552641;2514525.000
04/07/2005;2.68;2.82;2.67;2.76;845171;4033246.000
04/08/2005;2.76;2.89;2.75;2.88;879380;4283397.000
04/11/2005;2.85;2.90;2.82;2.85;536685;2633048.000
04/12/2005;2.84;2.87;2.75;2.75;351500;1692548.000
04/13/2005;2.78;2.87;2.78;2.84;463589;2254155.000
04/14/2005;2.88;2.88;2.75;2.75;253800;1224299.000
04/15/2005;2.77;2.77;2.63;2.65;447500;2060650.000
04/18/2005;2.57;2.61;2.45;2.47;583993;2499597.000
04/19/2005;2.47;2.53;2.47;2.52;326479;1401882.000
04/20/2005;2.47;2.49;2.39;2.48;896699;3756770.000
04/21/2005;2.47;2.52;2.44;2.46;556110;2369258.000
04/22/2005;2.48;2.62;2.48;2.56;1727123;7554011.000
04/25/2005;2.56;2.57;2.32;2.41;737419;3072611.000
04/26/2005;2.39;2.54;2.38;2.50;554145;2355038.000
04/27/2005;2.53;2.53;2.41;2.41;410400;1733601.000
04/28/2005;2.38;2.52;2.30;2.51;678429;2852623.000
04/29/2005;2.51;2.53;2.40;2.43;438168;1853272.000
05/09/2005;2.47;2.47;2.30;2.31;338100;1375875.000
05/10/2005;2.30;2.30;2.08;2.18;871780;3227001.000
05/11/2005;2.17;2.22;2.12;2.20;440301;1654216.000
05/12/2005;2.21;2.27;2.15;2.22;376683;1431159.000
05/13/2005;2.21;2.30;2.21;2.27;597324;2321917.000
05/16/2005;2.27;2.31;2.25;2.27;365551;1432381.000
05/17/2005;2.25;2.33;2.25;2.28;373408;1478781.000
05/18/2005;2.31;2.36;2.29;2.33;474290;1895328.000
05/19/2005;2.35;2.35;2.29;2.33;594781;2384984.000
05/20/2005;2.31;2.33;2.25;2.25;314800;1245662.000
05/23/2005;2.27;2.27;2.13;2.17;384911;1435642.000
05/24/2005;2.15;2.29;2.15;2.27;487890;1883906.000
05/25/2005;2.31;2.34;2.27;2.33;777774;3097927.000
05/27/2005;2.29;2.41;2.21;2.40;1620790;6613830.000
05/30/2005;2.40;2.51;2.38;2.48;2349272;9921252.000
05/31/2005;2.47;2.48;2.41;2.43;1104136;4640908.000
06/01/2005;2.40;2.46;2.36;2.44;796388;3308552.000
06/02/2005;2.43;2.47;2.40;2.42;614570;2576555.000
06/03/2005;2.41;2.45;2.35;2.38;407400;1688490.000
06/06/2005;2.36;2.43;2.30;2.41;495445;2013419.000
06/07/2005;2.42;2.50;2.38;2.45;995385;4208266.000
06/08/2005;2.44;2.65;2.44;2.62;1900404;8359228.000
06/09/2005;2.59;2.72;2.50;2.64;2017604;9124373.000
06/10/2005;2.66;2.66;2.55;2.55;815049;3611596.000
06/13/2005;2.55;2.60;2.49;2.56;457899;2008567.000
06/14/2005;2.56;2.60;2.46;2.47;575990;2514568.000
06/15/2005;2.45;2.48;2.40;2.41;428489;1796113.000
06/16/2005;2.41;2.45;2.35;2.40;355848;1461422.000
06/17/2005;2.44;2.44;2.38;2.41;346810;1431084.000
06/20/2005;2.41;2.50;2.28;2.49;867198;3584025.000
06/21/2005;2.49;2.49;2.39;2.40;379901;1591794.000
06/22/2005;2.40;2.43;2.37;2.40;246850;1018911.000
06/23/2005;2.39;2.43;2.35;2.38;528307;2175674.000
06/24/2005;2.41;2.41;2.36;2.39;274806;1125370.000
06/27/2005;2.39;2.49;2.39;2.47;720298;3053157.000
06/28/2005;2.46;2.46;2.39;2.39;347500;1442896.000
06/29/2005;2.39;2.46;2.39;2.41;331384;1386785.000
06/30/2005;2.41;2.41;2.31;2.31;407600;1649109.000
07/01/2005;2.29;2.29;2.12;2.13;606070;2284674.000
07/04/2005;2.13;2.13;2.02;2.10;465641;1657291.000
07/05/2005;2.11;2.12;2.07;2.08;256700;921458.000
07/06/2005;2.09;2.10;2.03;2.07;170200;608818.000
07/07/2005;2.07;2.13;2.07;2.11;232462;844599.000
07/08/2005;2.10;2.13;2.04;2.08;369610;1314800.000
07/11/2005;2.10;2.17;2.10;2.10;607709;2227902.000
07/12/2005;2.09;2.14;1.93;2.11;912998;3238967.000
07/13/2005;2.12;2.17;2.09;2.17;965776;3573351.000
07/14/2005;2.22;2.22;2.14;2.17;518659;1937619.000
07/15/2005;2.14;2.18;2.02;2.02;700811;2488186.000
07/18/2005;2.01;2.01;1.94;1.95;318246;1079645.000
07/19/2005;1.92;2.04;1.92;2.03;283925;973978.000
07/20/2005;2.06;2.10;2.00;2.06;406285;1441157.000
07/21/2005;2.03;2.06;1.97;2.03;390100;1345087.000
07/22/2005;2.04;2.13;2.04;2.08;719728;2589501.000
07/25/2005;2.05;2.11;2.05;2.07;320197;1148518.000
07/26/2005;2.07;2.17;2.07;2.13;731821;2683203.000
07/27/2005;2.10;2.19;2.10;2.17;841309;3127643.000
07/28/2005;2.17;2.19;2.13;2.15;872032;3236327.000
07/29/2005;2.17;2.17;2.11;2.16;503655;1857409.000
08/01/2005;2.16;2.24;2.11;2.23;676196;2541908.000
08/02/2005;2.21;2.25;2.17;2.24;1046769;3981354.000
08/03/2005;2.23;2.38;2.23;2.36;2938698;11708406.000
08/04/2005;2.34;2.39;2.28;2.37;2420737;9788592.000
08/05/2005;2.37;2.61;2.36;2.61;3320808;14209223.000
08/08/2005;2.87;2.87;2.84;2.87;7017901;34639796.000
08/09/2005;3.01;3.14;2.97;3.08;14858470;78165184.000
08/10/2005;3.02;3.04;2.88;3.01;7116866;36464744.000
08/11/2005;2.98;3.02;2.90;2.98;5368601;27363264.000
08/12/2005;2.94;2.95;2.84;2.90;5852066;29119644.000
08/15/2005;2.87;2.95;2.85;2.92;4512474;22565052.000
08/16/2005;2.92;2.97;2.86;2.94;4086397;20594272.000
08/17/2005;2.94;3.03;2.90;3.02;6001739;30787188.000
08/18/2005;3.02;3.02;2.73;2.74;5132165;25729718.000
08/19/2005;2.73;2.82;2.62;2.70;3110044;14415682.000
08/22/2005;2.64;2.75;2.63;2.72;1693305;7871074.000
08/23/2005;2.72;2.72;2.65;2.67;1132545;5220107.000
08/24/2005;2.67;2.74;2.65;2.73;1408409;6548821.000
08/25/2005;2.73;2.84;2.70;2.82;2597077;12392813.000
08/26/2005;2.83;2.92;2.70;2.82;3184139;15379461.000
08/29/2005;2.79;2.79;2.68;2.68;1602043;7491411.000
08/30/2005;2.68;2.72;2.65;2.66;1143300;5284145.000
08/31/2005;2.64;2.76;2.63;2.75;1190764;5524279.000
09/01/2005;2.73;2.85;2.72;2.82;2320626;11210462.000
09/02/2005;2.61;2.79;2.56;2.75;3050161;14349858.000
09/05/2005;2.74;2.81;2.74;2.79;1832689;8771743.000
09/06/2005;2.80;2.89;2.73;2.75;3025402;14793700.000
09/07/2005;2.84;2.84;2.74;2.82;1773414;8524102.000
09/08/2005;2.82;2.88;2.77;2.82;1637686;7968204.000
09/09/2005;2.86;2.86;2.75;2.75;1399299;6702974.000
09/12/2005;2.78;2.78;2.67;2.70;1222609;5685029.000
09/13/2005;2.72;2.81;2.67;2.81;1287934;6074310.000
09/14/2005;2.81;2.86;2.78;2.85;2687756;13079401.000
09/15/2005;2.85;2.90;2.83;2.85;1784812;8784818.000
09/16/2005;2.85;2.88;2.80;2.85;974565;4750975.000
09/19/2005;2.85;2.89;2.81;2.89;2015676;9933990.000
09/20/2005;2.89;2.93;2.85;2.89;2076108;10294275.000
09/21/2005;2.88;2.89;2.77;2.77;1539084;7476921.000
09/22/2005;2.77;2.77;2.56;2.64;1710560;7841204.000
09/23/2005;2.63;2.67;2.57;2.58;780260;3511225.000
09/26/2005;2.61;2.63;2.58;2.61;516561;2314971.000
09/27/2005;2.61;2.64;2.46;2.49;1104071;4801272.000
09/28/2005;2.50;2.53;2.46;2.51;638784;2747497.000
09/29/2005;2.51;2.60;2.50;2.60;1017880;4475382.000
09/30/2005;2.59;2.72;2.56;2.62;1431593;6530876.000
10/10/2005;2.61;2.61;2.50;2.51;501100;2192062.000
10/11/2005;2.50;2.62;2.49;2.61;664125;2915785.000
10/12/2005;2.59;2.65;2.58;2.61;672865;3031296.000
10/13/2005;2.61;2.63;2.56;2.58;547290;2436054.000
10/14/2005;2.57;2.61;2.49;2.59;894275;3924637.000
10/17/2005;2.56;2.63;2.52;2.57;740143;3291939.000
10/18/2005;2.59;2.64;2.56;2.63;1065277;4797962.000
10/19/2005;2.66;2.75;2.66;2.68;2341330;10948392.000
10/20/2005;2.66;2.66;2.59;2.64;777522;3508140.000
10/21/2005;2.65;2.73;2.64;2.67;971263;4480653.000
10/24/2005;2.66;2.75;2.61;2.73;1120240;5216449.000
10/25/2005;2.75;2.75;2.57;2.59;935400;4249217.000
10/26/2005;2.56;2.63;2.53;2.54;644192;2850550.000
10/27/2005;2.54;2.67;2.50;2.66;2266127;10185052.000
10/28/2005;2.67;2.80;2.66;2.75;5916643;27728768.000
10/31/2005;2.75;2.80;2.60;2.77;3385102;15838670.000
11/01/2005;2.77;2.89;2.69;2.89;4261232;20567790.000
11/02/2005;2.89;2.99;2.85;2.87;6502975;32687474.000
11/03/2005;2.85;2.88;2.74;2.84;2946314;14280771.000
11/04/2005;2.84;2.90;2.79;2.82;2047294;10054294.000
11/07/2005;2.82;2.89;2.77;2.89;2100702;10293946.000
11/08/2005;2.89;2.89;2.78;2.80;2347909;11382217.000
11/09/2005;2.79;2.86;2.78;2.79;1670724;8107510.000
11/10/2005;2.77;2.77;2.54;2.56;2993479;13578561.000
11/11/2005;2.53;2.63;2.52;2.56;1397189;6230893.000
11/14/2005;2.58;2.65;2.58;2.64;972815;4398580.000
11/15/2005;2.61;2.66;2.57;2.59;802851;3592783.000
11/16/2005;2.59;2.64;2.54;2.64;794499;3541831.000
11/17/2005;2.64;2.65;2.59;2.60;571591;2575584.000
11/18/2005;2.61;2.69;2.58;2.67;1432254;6544497.000
11/21/2005;2.66;2.71;2.65;2.67;719384;3321051.000
11/22/2005;2.67;2.68;2.57;2.58;725580;3266778.000
11/23/2005;2.61;2.63;2.57;2.63;405954;1822083.000
11/24/2005;2.60;2.65;2.59;2.63;607494;2743115.000
11/25/2005;2.62;2.63;2.57;2.59;566938;2524994.000
11/28/2005;2.59;2.61;2.57;2.59;483383;2146317.000
11/30/2005;2.54;2.54;2.36;2.40;2723134;11415233.000
12/01/2005;2.40;2.45;2.39;2.42;574158;2391573.000
12/02/2005;2.40;2.43;2.33;2.35;786645;3217027.000
12/05/2005;2.35;2.35;2.24;2.27;651377;2560750.000
12/06/2005;2.25;2.30;2.24;2.28;526801;2065511.000
12/07/2005;2.29;2.32;2.26;2.32;653394;2578689.000
12/08/2005;2.31;2.32;2.27;2.29;537970;2122424.000
12/09/2005;2.28;2.39;2.27;2.37;1154189;4691626.000
12/12/2005;2.36;2.42;2.36;2.40;765727;3155626.000
12/13/2005;2.40;2.40;2.35;2.40;443376;1812323.000
12/14/2005;2.39;2.44;2.36;2.43;755857;3128127.000
12/15/2005;2.43;2.46;2.38;2.38;555200;2299726.000
12/16/2005;2.37;2.47;2.36;2.45;1006171;4184937.000
12/19/2005;2.42;2.46;2.41;2.42;498100;2083967.000
12/20/2005;2.42;2.47;2.42;2.46;874291;3684467.000
12/21/2005;2.46;2.49;2.41;2.45;1098112;4645273.000
12/22/2005;2.43;2.45;2.39;2.43;513700;2138429.000
12/23/2005;2.42;2.44;2.42;2.44;520400;2177220.000
12/26/2005;2.44;2.47;2.43;2.46;863891;3650817.000
12/27/2005;2.49;2.49;2.43;2.43;573751;2412587.000
12/28/2005;2.44;2.47;2.43;2.45;625301;2632771.000
12/29/2005;2.48;2.52;2.45;2.51;1469371;6315593.000
12/30/2005;2.50;2.54;2.47;2.48;1141960;4931654.000
01/04/2006;2.51;2.66;2.51;2.63;3021196;13515248.000
01/05/2006;2.63;2.67;2.59;2.66;1760426;7984693.000
01/06/2006;2.66;2.73;2.63;2.66;1911937;8838313.000
01/09/2006;2.68;2.71;2.64;2.68;1331067;6119696.000
01/10/2006;2.68;2.69;2.63;2.66;1058416;4828768.000
01/11/2006;2.67;2.70;2.63;2.67;1285042;5885258.000
01/12/2006;2.67;2.76;2.66;2.76;1891602;8889616.000
01/13/2006;2.76;2.81;2.69;2.72;1654178;7807594.000
01/16/2006;2.72;2.73;2.62;2.63;1241550;5726221.000
01/17/2006;2.62;2.67;2.61;2.65;815689;3709378.000
01/18/2006;2.65;2.75;2.64;2.74;1350805;6314118.000
01/19/2006;2.76;2.82;2.70;2.80;2204370;10490277.000
01/20/2006;2.81;2.85;2.77;2.80;1989767;9606274.000
01/23/2006;2.80;2.95;2.80;2.94;3294558;16436832.000
01/24/2006;2.94;3.10;2.92;2.99;4367576;22664008.000
01/25/2006;2.99;3.04;2.90;3.03;3102610;15968358.000
02/06/2006;3.05;3.08;2.96;3.08;2032203;10608626.000
02/07/2006;3.08;3.12;2.92;2.97;2281528;11787128.000
02/08/2006;2.96;3.04;2.92;3.01;2122101;10927481.000
02/09/2006;3.01;3.01;2.89;2.91;1821192;9211098.000
02/10/2006;2.91;2.98;2.91;2.96;1030940;5226350.000
02/13/2006;2.95;2.95;2.84;2.88;1709618;8457594.000
02/14/2006;2.88;2.91;2.85;2.90;896809;4460302.000
02/15/2006;2.91;2.94;2.87;2.88;1414268;7083669.000
02/16/2006;2.89;2.90;2.75;2.77;1707080;8231506.000
02/17/2006;2.77;2.80;2.67;2.68;1230765;5817660.000
02/20/2006;2.68;2.75;2.68;2.70;1032837;4817503.000
02/21/2006;2.70;2.94;2.66;2.88;2963177;14433395.000
02/22/2006;2.85;2.95;2.85;2.87;2236170;11154589.000
02/23/2006;2.91;2.91;2.80;2.84;1146844;5600841.000
02/24/2006;2.84;2.89;2.82;2.84;756945;3722220.000
02/27/2006;2.85;2.87;2.75;2.77;934800;4504399.000
02/28/2006;2.75;2.84;2.70;2.81;744361;3544229.000
03/01/2006;2.84;2.89;2.84;2.85;1886910;9324336.000
03/02/2006;2.86;2.87;2.75;2.76;960724;4654797.000
03/03/2006;2.76;2.78;2.70;2.75;824570;3893120.000
03/06/2006;2.73;2.82;2.71;2.77;748066;3556611.000
03/07/2006;2.77;2.79;2.66;2.67;865900;4017486.000
03/08/2006;2.66;2.66;2.45;2.51;2112408;9203819.000
03/09/2006;2.50;2.53;2.47;2.48;1003490;4306240.000
03/10/2006;2.49;2.52;2.43;2.46;1000522;4247902.000
03/13/2006;2.44;2.49;2.42;2.48;577697;2439187.000
03/14/2006;2.48;2.51;2.47;2.49;553610;2371709.000
03/15/2006;2.49;2.53;2.45;2.53;978135;4208467.000
03/16/2006;2.52;2.54;2.49;2.53;852820;3694520.000
03/17/2006;2.53;2.53;2.48;2.50;672859;2902645.000
03/20/2006;2.50;2.52;2.45;2.52;697697;2993866.000
03/21/2006;2.54;2.57;2.52;2.53;975074;4270921.000
03/22/2006;2.53;2.57;2.51;2.56;825188;3610450.000
03/23/2006;2.56;2.61;2.53;2.60;1159556;5145560.000
03/24/2006;2.59;2.60;2.53;2.53;722534;3193096.000
03/27/2006;2.53;2.55;2.49;2.54;839741;3627994.000
03/28/2006;2.53;2.54;2.51;2.52;879265;3822826.000
03/29/2006;2.52;2.59;2.52;2.54;1085526;4778101.000
03/30/2006;2.53;2.57;2.52;2.52;561808;2458807.000
03/31/2006;2.50;2.53;2.43;2.52;1257946;5338398.000
04/13/2006;2.77;2.77;2.73;2.75;4303563;20510228.000
04/14/2006;2.71;2.80;2.64;2.77;3305923;15472420.000
04/17/2006;2.74;2.81;2.73;2.78;2273239;10866934.000
04/18/2006;2.78;2.86;2.76;2.84;2803743;13589372.000
04/19/2006;2.84;2.87;2.76;2.81;2629088;12678615.000
04/20/2006;2.78;2.95;2.76;2.83;5168606;25351668.000
05/24/2006;3.30;3.36;3.08;3.16;11834441;49454488.000
05/25/2006;3.12;3.20;3.09;3.18;3822434;15671892.000
05/26/2006;3.18;3.35;3.18;3.28;4961130;21185182.000
05/29/2006;3.30;3.44;3.22;3.43;5342164;23331010.000
05/30/2006;3.44;3.51;3.37;3.47;6697082;30092836.000
05/31/2006;3.44;3.47;3.35;3.42;4252905;18827202.000
06/01/2006;3.40;3.55;3.38;3.55;5470039;24924536.000
06/02/2006;3.60;3.70;3.51;3.64;5919363;27806976.000
06/05/2006;3.64;3.78;3.61;3.76;4807005;23236788.000
06/07/2006;3.72;3.75;3.38;3.38;5125575;23578098.000
06/08/2006;3.35;3.38;3.18;3.36;3237776;13925240.000
06/09/2006;3.36;3.40;3.24;3.28;2618959;11402418.000
06/12/2006;3.28;3.40;3.22;3.34;1438576;6245097.000
06/13/2006;3.38;3.50;3.38;3.50;2743104;12324512.000
06/14/2006;3.49;3.54;3.40;3.49;1689118;7619071.000
06/15/2006;3.50;3.55;3.47;3.50;1528812;6995406.000
06/16/2006;3.52;3.56;3.48;3.53;2821049;12952265.000
06/19/2006;3.50;3.63;3.41;3.59;2166919;7771914.000
06/20/2006;3.55;3.58;3.48;3.57;2510135;8854785.000
06/21/2006;3.57;3.75;3.54;3.70;5810139;21270064.000
06/22/2006;3.71;3.78;3.70;3.73;6936962;25877508.000
06/23/2006;3.71;3.73;3.56;3.72;3125331;11459794.000
06/26/2006;3.67;3.80;3.67;3.74;3231675;12130655.000
06/27/2006;3.74;3.94;3.72;3.84;5556330;21375412.000
06/28/2006;3.85;3.86;3.77;3.79;2779336;10552884.000
06/29/2006;3.80;3.88;3.79;3.87;3797042;14563906.000
06/30/2006;3.88;3.88;3.74;3.81;4669938;17727044.000
07/03/2006;3.85;3.98;3.80;3.96;6962812;27298528.000
07/04/2006;4.03;4.35;4.00;4.17;14307663;59678640.000
07/05/2006;4.17;4.37;4.02;4.36;9975847;42064708.000
07/06/2006;4.36;4.60;4.30;4.36;14358045;64230368.000
07/07/2006;4.38;4.50;4.36;4.38;7200614;31822108.000
07/10/2006;4.38;4.47;4.15;4.35;5096145;22063796.000
07/11/2006;4.35;4.40;4.23;4.29;3924615;16859374.000
07/12/2006;4.29;4.44;4.23;4.36;4628658;20093132.000
07/13/2006;4.30;4.33;3.92;3.92;6660806;27216284.000
07/14/2006;3.87;4.01;3.81;3.94;3678276;14438687.000
07/17/2006;3.94;3.99;3.85;3.96;2412714;9486847.000
07/18/2006;3.95;4.16;3.91;4.15;3324625;13459573.000
07/19/2006;4.13;4.14;3.93;3.98;2516617;10117711.000
07/20/2006;3.98;4.11;3.95;4.08;2252288;9093933.000
07/21/2006;4.13;4.20;4.09;4.12;2223173;9217925.000
07/24/2006;4.07;4.28;3.96;4.27;4372378;18224804.000
07/25/2006;4.31;4.37;4.24;4.28;4438692;19101748.000
07/26/2006;4.27;4.31;4.22;4.25;2371511;10140993.000
07/27/2006;4.23;4.29;4.07;4.10;3036269;12623947.000
07/28/2006;4.10;4.14;3.99;4.02;2706803;10907560.000
07/31/2006;4.01;4.08;3.80;3.89;2348989;9237445.000
08/01/2006;3.86;3.94;3.84;3.90;1669438;6485907.000
08/02/2006;3.93;4.00;3.86;3.94;2713820;10687692.000
08/03/2006;3.95;3.99;3.85;3.89;1470202;5752834.000
08/04/2006;3.90;3.93;3.50;3.55;2584595;9589343.000
08/07/2006;3.52;3.58;3.43;3.45;1641095;5769304.000
08/08/2006;3.46;3.58;3.46;3.57;1417073;5005309.000
08/09/2006;3.58;3.60;3.51;3.55;1282754;4540042.000
08/10/2006;3.53;3.63;3.53;3.63;1426060;5130070.000
08/11/2006;3.63;3.64;3.56;3.62;1087465;3908932.000
08/14/2006;3.60;3.63;3.40;3.46;2531063;8878806.000
08/15/2006;3.46;3.56;3.39;3.56;1287614;4497790.000
08/16/2006;3.56;3.72;3.52;3.71;3140434;11507854.000
08/17/2006;3.73;3.74;3.58;3.67;2748254;10039035.000
08/18/2006;3.70;3.77;3.66;3.67;2750039;10213858.000
08/21/2006;3.47;3.79;3.42;3.76;2565763;9357198.000
08/22/2006;3.73;3.82;3.71;3.74;2136816;8043196.000
08/23/2006;3.75;3.78;3.64;3.66;1526780;5644872.000
08/24/2006;3.62;3.70;3.59;3.69;1404424;5131732.000
08/25/2006;3.70;3.75;3.66;3.66;1356657;5042352.000
08/28/2006;3.66;3.77;3.66;3.77;1761436;6593807.000
08/29/2006;3.76;3.93;3.73;3.79;3810289;14592611.000
08/30/2006;3.76;3.85;3.75;3.83;2074695;7911617.000
08/31/2006;3.82;4.00;3.82;3.97;4683292;18347128.000
09/01/2006;3.98;4.00;3.80;3.86;4453876;17355214.000
09/04/2006;3.90;3.97;3.88;3.93;2105954;8256829.000
09/05/2006;4.00;4.02;3.91;3.94;2095613;8265285.000
09/06/2006;3.98;4.02;3.88;4.01;3115034;12322149.000
09/07/2006;4.06;4.18;4.06;4.07;9405331;38587744.000
09/08/2006;4.04;4.08;4.01;4.02;2411938;9715797.000
09/11/2006;4.00;4.05;3.88;3.95;2214946;8709026.000
09/12/2006;3.95;3.97;3.92;3.96;1909604;7534584.000
09/13/2006;3.98;3.99;3.85;3.86;1929275;7508059.000
09/14/2006;3.85;3.87;3.80;3.84;1557435;5955561.000
09/15/2006;3.84;3.92;3.84;3.90;1394608;5433902.000
09/18/2006;3.90;3.98;3.90;3.97;1403653;5519189.000
09/19/2006;3.97;3.98;3.91;3.94;1530178;6029720.000
09/20/2006;3.94;3.94;3.83;3.88;2177982;8422823.000
09/21/2006;3.88;3.92;3.85;3.88;1374252;5324991.000
09/22/2006;3.88;3.97;3.78;3.89;2927611;11397914.000
09/25/2006;3.90;4.04;3.85;3.96;5154152;20502340.000
09/27/2006;3.96;4.08;3.92;4.07;4243652;17036504.000
09/28/2006;4.08;4.27;4.02;4.14;7735803;32228636.000
09/29/2006;4.15;4.20;4.10;4.13;4569444;18995588.000
10/09/2006;4.16;4.25;4.11;4.22;4985135;20889020.000
10/10/2006;4.22;4.25;4.10;4.19;3202393;13345472.000
10/11/2006;4.19;4.20;4.05;4.11;3059065;12565261.000
10/12/2006;4.11;4.12;4.01;4.03;2632035;10674680.000
10/13/2006;4.03;4.10;4.01;4.08;1624609;6606488.000
10/16/2006;4.20;4.35;4.13;4.13;4982599;20988980.000
10/17/2006;4.15;4.33;4.12;4.31;7555812;32328680.000
10/18/2006;4.35;4.41;4.28;4.38;7272349;31723968.000
10/19/2006;4.38;4.60;4.31;4.52;9679095;43242876.000
10/20/2006;4.52;4.57;4.39;4.47;5490958;24617240.000
10/23/2006;4.51;4.52;4.16;4.22;5990423;25842330.000
10/24/2006;4.26;4.46;4.25;4.43;5868509;25476706.000
10/25/2006;4.43;4.47;4.35;4.40;4235317;18677408.000
10/26/2006;4.40;4.40;4.23;4.25;4286928;18357026.000
10/27/2006;4.24;4.30;4.12;4.13;3112174;13029786.000
10/30/2006;4.13;4.24;4.04;4.23;2962559;12197682.000
10/31/2006;4.28;4.38;4.26;4.27;3919291;16866312.000
11/01/2006;4.30;4.42;4.20;4.40;5146181;22237140.000
11/02/2006;4.40;4.45;4.30;4.38;3106204;13551196.000
11/03/2006;4.40;4.46;4.37;4.41;3986350;17559018.000
11/06/2006;4.30;4.52;4.28;4.40;4042229;17929272.000
11/07/2006;4.40;4.40;4.22;4.23;3672032;15756703.000
11/08/2006;4.22;4.23;4.10;4.15;1772136;7391579.000
11/09/2006;4.14;4.25;4.14;4.19;1220922;5123547.000
11/10/2006;4.21;4.22;4.05;4.08;2855535;11720158.000
11/13/2006;4.07;4.12;3.88;3.96;2386515;9442229.000
11/14/2006;3.96;4.10;3.90;4.08;3013049;12072119.000
11/15/2006;4.12;4.25;4.04;4.22;6594022;27329108.000
11/16/2006;4.22;4.24;4.03;4.06;4404861;18144976.000
11/17/2006;4.05;4.14;4.05;4.11;2186386;8961337.000
11/20/2006;4.12;4.16;4.02;4.06;2572282;10469363.000
11/21/2006;4.08;4.18;4.00;4.15;2540968;10383746.000
11/22/2006;4.16;4.27;4.07;4.19;3871875;16212528.000
11/23/2006;4.23;4.28;4.15;4.26;4810162;20312936.000
11/24/2006;4.28;4.35;4.22;4.32;6926745;29715622.000
11/27/2006;4.37;4.42;4.32;4.38;4417161;19306722.000
11/28/2006;4.38;4.42;4.31;4.39;3853612;16807120.000
11/29/2006;4.35;4.83;4.26;4.83;14642033;68758112.000
11/30/2006;4.97;5.06;4.82;4.86;19930687;98079368.000
12/01/2006;4.88;5.29;4.80;5.17;18143017;92747552.000
12/04/2006;5.17;5.35;5.06;5.18;10283248;53519492.000
12/05/2006;5.15;5.27;5.06;5.15;7977353;40936848.000
12/06/2006;5.13;5.42;4.91;5.30;15816784;82882552.000
12/07/2006;5.24;5.55;5.13;5.15;14079482;75382288.000
12/08/2006;5.05;5.14;4.70;4.70;8043547;39445268.000
12/11/2006;4.70;4.95;4.70;4.93;3735174;18003480.000
12/12/2006;4.93;4.93;4.69;4.80;3866577;18550152.000
12/13/2006;4.80;4.85;4.69;4.82;2247519;10717009.000
12/14/2006;4.80;4.95;4.74;4.91;3119488;15173375.000
12/15/2006;4.92;4.96;4.80;4.94;3980714;19430032.000
12/18/2006;4.99;5.00;4.87;4.93;4183386;20572896.000
12/19/2006;4.93;5.22;4.90;5.16;8627615;43732056.000
12/20/2006;5.15;5.15;5.02;5.10;4439285;22538380.000
12/21/2006;5.11;5.15;4.91;4.93;6818512;34149136.000
12/22/2006;4.88;4.89;4.71;4.76;4523703;21665052.000
12/25/2006;4.76;4.84;4.72;4.81;3833096;18370344.000
12/26/2006;4.86;4.95;4.76;4.90;4087097;19909228.000
12/27/2006;4.87;5.05;4.85;5.02;4266052;21249240.000
12/28/2006;5.02;5.02;4.75;4.79;3849083;18622858.000
12/29/2006;4.78;4.98;4.77;4.84;3483068;16844372.000
01/04/2007;4.90;4.92;4.80;4.87;4156813;20170372.000
01/05/2007;4.93;5.18;4.87;5.16;10829996;54962268.000
01/08/2007;5.16;5.50;5.16;5.42;10290842;55280900.000
01/09/2007;5.45;5.56;5.36;5.46;7234092;39498528.000
01/10/2007;5.45;5.66;5.42;5.61;6328556;35230808.000
01/11/2007;5.60;5.73;5.46;5.48;7761167;43437240.000
01/12/2007;5.40;5.63;5.25;5.29;7314298;39698652.000
01/15/2007;5.26;5.82;5.20;5.80;10610488;60491172.000
01/16/2007;5.79;5.92;5.68;5.89;7572289;44019568.000
01/17/2007;5.80;6.23;5.50;6.10;12032346;70391520.000
01/18/2007;6.00;6.11;5.77;5.98;9470416;56208068.000
01/19/2007;6.00;6.16;5.85;6.13;9109213;55341412.000
01/22/2007;6.19;6.39;6.07;6.31;9571698;59386764.000
01/23/2007;6.28;6.29;5.90;6.15;8959206;54695892.000
01/24/2007;6.14;6.45;6.00;6.39;11862579;74474160.000
01/25/2007;6.48;6.64;6.12;6.14;14540931;93276560.000
01/26/2007;6.01;6.20;5.71;6.10;7408498;44313532.000
01/29/2007;6.11;6.40;5.91;6.37;10423472;64858892.000
01/30/2007;6.33;6.33;6.00;6.08;10775290;66268496.000
01/31/2007;5.55;5.93;5.48;5.52;17136210;97733040.000
02/01/2007;5.45;5.57;5.20;5.39;10154149;54451968.000
02/02/2007;5.36;5.50;5.31;5.39;6240608;33667416.000
02/05/2007;5.36;5.64;5.36;5.51;6052675;33357616.000
02/06/2007;5.53;5.65;5.42;5.56;4019591;22246568.000
02/07/2007;5.63;5.93;5.50;5.80;15820251;90937104.000
02/08/2007;5.87;6.20;5.78;6.15;14318382;85235368.000
02/09/2007;6.10;6.11;5.94;5.96;6594611;39698016.000
02/12/2007;5.91;6.10;5.88;6.02;4707654;28259354.000
02/13/2007;6.05;6.08;5.92;6.04;4945594;29596904.000
02/14/2007;6.01;6.15;5.99;6.13;7445555;45178348.000
02/15/2007;6.07;6.35;6.07;6.34;8892617;55367952.000
02/16/2007;6.36;6.43;6.20;6.28;8865259;56165632.000
02/26/2007;6.34;6.60;6.22;6.56;8236105;53116756.000
02/27/2007;6.57;6.83;5.90;5.99;14000438;91155216.000
02/28/2007;5.99;6.57;5.99;6.52;10136533;64651252.000
03/01/2007;6.47;6.63;6.21;6.45;7017444;44843596.000
03/02/2007;6.45;6.85;6.38;6.72;11211443;74765560.000
03/05/2007;6.76;6.84;6.35;6.54;7028218;46389996.000
03/06/2007;6.50;6.52;6.23;6.36;3652931;23355240.000
03/07/2007;6.32;6.49;6.32;6.45;3916972;25129224.000
03/08/2007;6.52;6.77;6.52;6.74;8584015;57371824.000
03/09/2007;6.72;6.74;6.52;6.59;4870029;32164848.000
03/12/2007;6.56;6.85;6.48;6.83;6762727;45393524.000
03/13/2007;6.85;7.00;6.78;6.87;6882685;47479752.000
03/14/2007;6.83;6.83;6.47;6.65;6214230;41415052.000
03/15/2007;6.64;7.25;6.60;7.15;8742837;60108852.000
03/16/2007;7.18;7.18;6.63;6.71;12728261;87878160.000
03/19/2007;6.40;6.96;6.30;6.89;10681020;71876280.000
03/20/2007;6.95;7.19;6.89;7.18;11319539;79768880.000
03/21/2007;7.15;7.55;7.03;7.50;18728108;137064144.000
03/22/2007;7.60;7.93;7.46;7.59;24280468;187420208.000
03/23/2007;7.53;7.76;7.34;7.69;9558683;71853088.000
03/26/2007;7.69;7.99;7.65;7.77;9157854;71457736.000
03/27/2007;7.80;7.89;7.68;7.76;8261257;64295072.000
03/28/2007;7.80;7.84;7.30;7.56;9529582;71872400.000
03/29/2007;7.55;7.56;7.10;7.11;7770931;56667216.000
03/30/2007;7.08;7.39;7.01;7.29;4924640;35537736.000
04/02/2007;7.28;7.47;7.17;7.46;4876432;35761528.000
04/03/2007;7.46;7.88;7.42;7.85;11215638;86253768.000
04/04/2007;7.92;8.47;7.92;8.26;24343783;200305776.000
04/05/2007;8.27;8.28;8.08;8.23;8606102;70390488.000
04/06/2007;8.17;8.48;8.05;8.29;8566903;70838008.000
04/09/2007;8.29;8.46;8.22;8.37;10456034;87286200.000
04/10/2007;8.37;8.37;7.92;8.24;8824565;72007536.000
04/11/2007;8.25;8.28;8.04;8.26;8333570;67821984.000
04/12/2007;8.26;8.46;8.20;8.39;10194444;85151736.000
04/13/2007;8.39;8.88;8.30;8.44;11069750;95266416.000
04/16/2007;8.44;9.28;8.44;9.12;14208892;127415024.000
04/17/2007;9.16;9.20;8.69;8.94;11879028;106479624.000
04/18/2007;8.96;9.46;8.96;9.18;8211757;75998536.000
04/19/2007;9.20;9.29;8.30;8.72;12088360;107903568.000
04/20/2007;8.72;9.59;8.72;9.59;14026579;130943280.000
04/23/2007;9.93;10.46;9.70;10.30;12733904;129754216.000
04/24/2007;10.30;10.69;10.02;10.37;11768833;121907128.000
04/25/2007;10.38;11.17;10.20;10.98;14030928;151456272.000
04/26/2007;11.01;11.10;10.67;10.79;8412799;90713912.000
04/27/2007;10.79;10.98;10.61;10.68;7361058;79202464.000
04/30/2007;10.68;10.95;10.05;10.69;9175891;97348360.000
05/08/2007;11.00;11.60;10.71;11.32;9735288;109633952.000
05/09/2007;11.32;11.58;10.80;11.37;11632197;130529056.000
05/10/2007;11.38;11.89;11.21;11.66;7929177;92298016.000
05/11/2007;11.45;11.55;11.00;11.28;6095705;68695680.000
05/14/2007;11.00;11.38;10.85;11.08;6770843;75572736.000
05/15/2007;11.09;11.37;10.35;10.42;7729031;83989936.000
05/16/2007;10.30;10.73;9.95;10.71;7039316;72566832.000
05/17/2007;10.77;10.99;10.63;10.95;6480018;70043056.000
05/18/2007;10.94;10.94;10.54;10.80;7162467;76712600.000
05/21/2007;10.30;11.35;10.30;11.28;10192020;112457192.000
05/22/2007;11.31;11.85;11.31;11.50;13459531;156759008.000
05/23/2007;11.90;12.65;11.66;12.65;26433415;323432992.000
05/25/2007;12.65;13.78;12.10;13.15;22810724;294805120.000
05/28/2007;13.50;13.59;13.00;13.04;15351172;201824768.000
05/29/2007;13.01;13.38;12.80;13.19;14246116;187110864.000
05/30/2007;12.40;13.09;11.87;11.87;13344910;165824960.000
05/31/2007;11.51;12.00;10.68;11.19;13376695;149205808.000
06/01/2007;11.45;11.53;10.07;10.08;11952039;127325784.000
06/04/2007;10.40;10.55;9.07;9.51;11816812;116389000.000
06/05/2007;9.41;10.46;9.28;10.46;13311769;132575736.000
06/06/2007;10.69;11.28;10.40;11.08;13397185;147234432.000
06/07/2007;11.29;11.57;10.90;11.33;10653344;120521944.000
06/08/2007;11.33;11.88;11.10;11.61;11771999;135355264.000
06/11/2007;11.84;12.12;11.70;11.88;10305492;122445120.000
06/12/2007;11.88;12.00;11.25;12.00;10650453;124963272.000
06/13/2007;12.15;12.78;12.00;12.21;9745021;120861664.000
06/14/2007;11.98;12.55;11.80;12.01;9152472;111745776.000
06/15/2007;11.80;12.23;11.76;11.90;6366887;76393304.000
06/18/2007;12.68;13.09;12.68;13.09;6700238;87351896.000
06/19/2007;13.45;13.46;12.71;13.13;14770101;193441728.000
06/20/2007;13.16;13.20;12.21;12.29;8596151;109615376.000
06/21/2007;12.22;12.67;12.00;12.61;8442469;104764672.000
06/22/2007;12.53;13.49;12.53;13.17;21610032;280888320.000
06/25/2007;13.25;13.35;11.85;11.85;15925248;198606496.000
06/26/2007;11.35;11.80;10.73;11.77;10081726;113890768.000
06/27/2007;12.43;12.56;11.85;12.34;11180256;136927120.000
06/28/2007;12.27;12.55;11.11;11.12;8451121;100793280.000
06/29/2007;10.69;11.47;10.50;11.00;6842419;74621104.000
07/02/2007;10.96;11.31;10.50;11.27;4532483;49982172.000
07/03/2007;11.29;11.35;10.80;11.15;3864917;42905160.000
07/04/2007;11.18;11.25;10.70;10.70;2662487;29126016.000
07/05/2007;10.50;10.60;9.63;9.63;6666694;65819984.000
07/06/2007;9.64;10.23;9.31;10.18;5742329;56562128.000
07/09/2007;10.18;11.20;10.02;11.20;9071688;98209072.000
07/10/2007;11.21;11.49;10.60;11.23;8673169;95633680.000
07/11/2007;11.20;11.94;11.00;11.87;10852509;125735744.000
07/12/2007;11.78;11.90;11.28;11.48;8442339;97237576.000
07/13/2007;11.37;11.76;11.26;11.59;4869419;56483708.000
07/16/2007;11.69;11.87;10.96;10.98;5413475;61881832.000
07/17/2007;11.02;11.40;10.90;11.22;3618385;40469392.000
07/18/2007;11.22;11.67;11.00;11.38;5610425;64105808.000
07/19/2007;11.33;11.58;11.20;11.57;3615098;41398040.000
07/20/2007;11.58;12.29;11.58;12.17;10515622;126463224.000
07/23/2007;12.20;13.10;12.20;12.75;13902756;175815600.000
07/24/2007;12.78;13.03;12.46;12.49;8585524;109443592.000
07/25/2007;12.50;13.33;12.50;13.04;10650794;138571888.000
07/26/2007;13.10;13.50;12.90;13.25;8482645;112243376.000
07/27/2007;13.04;13.50;12.75;13.48;11493844;150229552.000
07/30/2007;13.42;14.28;13.35;13.85;13249724;184100896.000
07/31/2007;13.88;14.70;13.42;14.67;15671134;221512896.000
08/01/2007;14.51;14.68;13.25;13.30;13733851;192533440.000
08/02/2007;13.45;13.97;13.30;13.90;9175760;125885464.000
08/03/2007;13.98;14.22;13.63;13.87;8169278;113322832.000
08/06/2007;14.01;14.48;13.74;14.07;7298258;102870632.000
08/07/2007;14.11;14.14;13.53;13.67;6232874;85588808.000
08/08/2007;13.50;13.50;12.80;13.10;7878315;103313680.000
08/09/2007;13.12;13.48;13.01;13.19;4745236;62743520.000
08/10/2007;13.17;14.23;13.12;14.06;13350556;184820096.000
08/13/2007;14.23;14.40;13.78;14.19;9804007;138490880.000
08/14/2007;14.75;15.10;14.30;14.51;11713768;172279968.000
08/15/2007;14.95;15.55;14.51;15.41;20798451;315416800.000
08/16/2007;15.00;15.20;14.50;14.98;9245315;136945120.000
08/17/2007;15.18;15.38;13.93;14.00;11745168;171129536.000
08/20/2007;14.00;14.38;13.76;14.28;12724537;179507200.000
08/21/2007;14.25;14.25;13.76;14.11;11130674;154878976.000
08/22/2007;13.80;14.06;13.62;13.90;7320102;101717376.000
08/23/2007;14.15;14.37;13.85;13.99;7552540;106507616.000
08/24/2007;14.11;14.24;13.70;14.00;6845464;95659568.000
08/27/2007;14.05;14.12;13.74;13.83;6467373;89678424.000
08/28/2007;13.85;14.36;13.85;14.28;9377202;133074592.000
08/29/2007;14.37;14.37;13.50;13.52;7484200;103405896.000
08/30/2007;13.59;13.98;13.48;13.92;5320258;73062672.000
08/31/2007;14.03;14.19;13.87;13.89;5770448;80769808.000
09/03/2007;14.00;14.25;13.90;14.14;7323442;103092104.000
09/04/2007;14.20;14.47;13.70;14.26;10723788;151698048.000
09/05/2007;14.28;14.36;13.72;13.90;5390480;75239136.000
09/06/2007;13.98;14.06;13.79;13.83;5186053;72000936.000
09/07/2007;13.71;13.95;13.21;13.27;7899434;106544672.000
09/10/2007;13.20;13.47;12.93;13.43;4614652;60667856.000
09/11/2007;13.36;14.18;12.09;12.80;9034115;123764192.000
09/12/2007;12.80;13.20;12.22;12.62;6089550;76804240.000
09/13/2007;12.80;12.82;12.41;12.69;3072370;38604000.000
09/14/2007;12.71;13.16;12.65;12.94;3336645;43033608.000
09/17/2007;12.94;13.23;12.78;13.20;4120640;53635388.000
09/18/2007;13.29;13.30;12.81;13.01;3772371;49022696.000
09/19/2007;13.07;13.07;12.50;12.56;4288414;54208084.000
09/20/2007;12.53;12.78;12.40;12.55;3531093;44231460.000
09/21/2007;12.58;12.97;12.31;12.68;3237574;40998108.000
09/24/2007;12.78;12.90;12.40;12.46;2552155;31956904.000
09/25/2007;12.49;12.65;12.30;12.55;2124517;26503008.000
09/26/2007;12.55;12.75;12.43;12.49;1707291;21484284.000
09/27/2007;12.43;12.50;12.26;12.35;2097503;25847138.000
09/28/2007;12.38;12.77;12.38;12.64;2468196;31137420.000
10/08/2007;12.75;12.92;12.64;12.73;2704129;34481060.000
10/09/2007;12.72;12.98;12.52;12.94;3234772;41325064.000
10/10/2007;12.96;13.08;12.70;12.78;3016859;38996768.000
10/11/2007;12.58;12.89;12.31;12.37;3023227;37774256.000
10/12/2007;12.39;12.40;11.16;11.57;5592693;65153212.000
10/15/2007;11.57;11.84;11.20;11.54;2869419;32831200.000
10/16/2007;11.54;11.77;11.30;11.65;2629286;30202788.000
10/17/2007;11.65;12.18;11.41;11.86;2801274;33213612.000
10/18/2007;11.83;11.83;11.41;11.44;1759915;20278054.000
10/19/2007;11.37;11.86;11.37;11.58;1600125;18633832.000
10/22/2007;11.50;11.82;11.37;11.38;1860565;21468958.000
10/23/2007;11.50;12.06;11.40;11.98;3933942;46684080.000
10/24/2007;12.06;12.14;11.40;11.49;2338964;27524760.000
10/25/2007;11.35;11.35;10.34;10.34;3635805;38619912.000
10/26/2007;10.15;10.45;9.99;10.18;1826243;18585330.000
10/29/2007;10.38;10.58;10.20;10.43;1707620;17709244.000
10/30/2007;10.33;10.61;10.25;10.60;1692529;17608706.000
10/31/2007;10.70;11.00;10.51;10.93;2373942;25665152.000
11/01/2007;10.89;10.90;10.30;10.31;1903687;20034540.000
11/02/2007;10.20;10.20;9.99;10.07;2054990;20680732.000
11/05/2007;10.35;11.08;10.35;11.08;1852654;20369478.000
11/06/2007;11.65;11.65;11.20;11.31;6493448;74241856.000
11/07/2007;11.42;11.55;10.60;10.96;2871244;31692240.000
11/08/2007;10.93;11.45;10.72;11.00;3009693;33606880.000
11/09/2007;10.99;11.65;10.90;11.46;4361936;49683384.000
11/12/2007;11.23;11.98;11.09;11.54;5130148;59726040.000
11/13/2007;11.70;11.70;11.38;11.50;2985090;34243036.000
11/14/2007;11.58;11.95;11.41;11.85;3626931;42591428.000
11/15/2007;11.80;11.90;11.46;11.50;2949174;34176404.000
11/16/2007;11.40;11.45;11.07;11.25;2103101;23547580.000
11/19/2007;11.34;11.65;11.22;11.58;2205296;25213592.000
11/20/2007;11.49;11.80;11.40;11.63;2019929;23481364.000
11/21/2007;11.71;11.80;11.50;11.66;2118661;24603540.000
11/22/2007;11.55;11.60;11.08;11.15;1747820;19815672.000
11/23/2007;11.25;11.75;11.07;11.68;2046115;23482456.000
11/26/2007;11.87;11.87;11.48;11.50;2675080;31339888.000
11/27/2007;11.51;11.97;11.45;11.88;3998054;47279060.000
11/28/2007;11.88;11.98;11.56;11.60;1852603;21795562.000
11/29/2007;11.70;11.88;11.42;11.79;2070696;24126788.000
11/30/2007;11.78;11.79;11.44;11.75;1937201;22433448.000
12/03/2007;11.69;11.96;11.52;11.95;3078540;36383344.000
12/04/2007;11.84;12.09;11.74;11.80;2116058;25167380.000
12/05/2007;11.79;11.97;11.75;11.90;1943610;23085192.000
12/06/2007;12.00;12.35;11.82;12.27;3937887;47726156.000
12/07/2007;12.21;12.37;12.10;12.33;2739462;33598316.000
12/10/2007;12.12;12.62;12.01;12.46;3771907;46964424.000
12/11/2007;12.48;12.70;12.30;12.67;3104635;38877784.000
12/12/2007;12.56;12.98;12.50;12.82;3762345;48303392.000
12/13/2007;12.65;12.84;12.17;12.21;3939531;49461360.000
12/14/2007;12.20;12.53;12.10;12.50;3022817;37229712.000
12/17/2007;12.58;13.25;12.42;13.01;5859779;76056960.000
12/18/2007;13.10;13.10;12.71;12.87;2130981;27404176.000
12/19/2007;12.91;13.25;12.85;13.13;2985640;39080288.000
12/20/2007;13.23;13.29;13.02;13.15;2207065;29006304.000
12/21/2007;13.05;13.25;13.01;13.20;2704635;35458520.000
12/24/2007;13.30;13.45;13.11;13.21;3376072;44809552.000
12/25/2007;13.21;13.38;13.02;13.09;3090337;40703380.000
12/26/2007;13.13;13.38;13.12;13.30;3609789;47813444.000
12/28/2007;14.20;14.25;13.60;13.64;12489083;173748224.000
01/02/2008;13.53;14.65;13.53;14.42;8760570;124357888.000
01/03/2008;14.40;14.97;14.20;14.37;6959981;101850856.000
01/04/2008;14.21;14.70;14.20;14.57;5338521;77512888.000
01/07/2008;14.69;14.76;14.40;14.61;4023383;58624968.000
01/08/2008;14.63;14.72;13.83;13.97;5943624;84405848.000
01/09/2008;14.00;15.01;14.00;14.55;3368712;48687900.000
01/10/2008;14.54;14.97;14.32;14.93;5925076;87139984.000
01/11/2008;14.98;15.20;14.58;14.86;4302602;64030064.000
01/14/2008;15.06;15.20;14.81;15.05;4167758;62716972.000
01/15/2008;15.08;15.19;14.70;14.92;3975630;59134896.000
01/16/2008;14.73;15.34;14.50;15.01;6573447;98464504.000
01/17/2008;14.84;15.46;14.12;15.03;7091604;105787448.000
01/18/2008;15.06;15.84;15.00;15.69;9450940;146502576.000
01/21/2008;15.89;16.24;14.90;15.00;9834620;154992720.000
01/22/2008;14.49;14.50;13.50;13.50;6749504;93120848.000
01/23/2008;13.31;14.20;13.18;14.15;6306892;86632280.000
01/24/2008;14.09;14.65;13.86;14.16;6003187;85802048.000
01/25/2008;14.18;14.39;13.74;13.89;4489259;63101180.000
01/28/2008;13.90;13.90;12.50;12.50;4796748;61788304.000
01/29/2008;12.63;12.99;12.08;12.80;2687739;33971056.000
01/30/2008;13.02;13.16;12.34;12.64;2317349;29670056.000
01/31/2008;12.67;12.88;12.40;12.50;1661984;21047896.000
02/01/2008;12.81;13.10;11.65;12.42;3030604;37750304.000
02/04/2008;12.80;13.37;12.51;13.33;3902842;51132960.000
02/05/2008;13.20;13.66;13.00;13.48;3764335;50675496.000
02/13/2008;13.48;13.93;13.20;13.48;3217500;43933852.000
02/14/2008;13.51;14.05;13.51;13.96;3841725;53447584.000
02/15/2008;13.99;14.19;13.75;14.11;4220512;59094352.000
02/18/2008;14.32;14.49;14.13;14.19;3943721;56259560.000
02/19/2008;14.25;14.60;14.09;14.50;4013585;57540244.000
02/20/2008;14.51;14.57;13.85;13.86;4336981;61282872.000
02/21/2008;13.80;14.50;13.68;14.49;4011284;56675524.000
02/22/2008;14.35;14.83;14.00;14.25;5688968;82263176.000
02/25/2008;14.40;14.40;13.00;13.09;3641747;49436704.000
02/27/2008;13.45;13.56;13.20;13.40;2369203;31796046.000
02/28/2008;13.50;13.63;13.30;13.35;2293019;30779116.000
02/29/2008;13.35;13.60;13.30;13.41;1848514;24840240.000
03/03/2008;13.44;13.88;13.28;13.78;3042081;41531080.000
03/04/2008;13.80;14.20;13.80;14.10;4356628;61231704.000
03/05/2008;14.25;14.47;13.88;14.39;5300951;75534608.000
03/06/2008;14.48;14.72;14.15;14.20;4971909;71784800.000
03/10/2008;13.95;13.96;13.13;13.24;2679556;36145224.000
03/11/2008;13.11;13.48;12.82;13.43;1675372;22056964.000
03/12/2008;13.80;13.90;12.85;12.89;1725241;22761892.000
03/13/2008;12.79;12.80;12.00;12.52;2353706;29332908.000
03/14/2008;12.40;12.59;12.20;12.43;1233494;15233897.000
03/17/2008;12.43;12.55;11.19;11.28;2048551;24170472.000
03/18/2008;11.34;11.50;10.15;10.24;2403124;25503600.000
03/19/2008;10.55;10.96;10.00;10.62;2025067;21381208.000
03/20/2008;10.40;11.17;9.83;10.96;2146028;22519504.000
03/21/2008;11.00;11.24;10.80;11.12;1875486;20794060.000
03/24/2008;11.30;11.46;10.75;10.79;1874873;20766916.000
03/25/2008;10.60;11.02;10.40;10.94;1280581;13765500.000
03/26/2008;11.08;11.28;10.83;11.00;1339609;14858234.000
03/27/2008;10.90;10.90;10.29;10.32;1431615;15067573.000
03/28/2008;10.26;10.80;9.78;10.66;1591063;16453309.000
03/31/2008;10.25;10.87;10.20;10.47;1216512;12881449.000
04/01/2008;10.28;10.59;9.43;9.47;2116055;20764404.000
04/02/2008;9.69;9.85;8.65;8.75;2196054;19875860.000
04/03/2008;8.70;9.19;8.41;8.94;1607721;14035649.000
04/07/2008;8.79;9.50;8.70;9.41;2812383;25955680.000
04/08/2008;9.29;9.60;9.25;9.50;3774501;35574156.000
04/09/2008;9.32;9.54;8.80;8.83;1984480;18301756.000
04/10/2008;8.73;9.03;8.50;9.03;1294846;11433557.000
04/11/2008;9.18;9.38;9.01;9.28;1351517;12453060.000
04/14/2008;9.08;9.08;8.36;8.41;1777354;15313212.000
04/15/2008;8.37;8.98;8.20;8.93;1913876;16370110.000
04/16/2008;8.80;9.27;8.80;9.09;2899321;26460788.000
04/17/2008;9.31;9.59;8.90;9.19;3633684;33754960.000
04/18/2008;8.86;9.03;8.60;8.61;1515833;13316179.000
04/21/2008;9.38;9.39;8.68;8.85;1877941;17056048.000
04/22/2008;8.80;9.10;8.52;9.08;1889874;16727432.000
04/23/2008;9.03;9.59;8.81;9.50;3104013;28831240.000
04/24/2008;10.35;10.45;10.00;10.45;6420102;65843256.000
04/25/2008;10.47;10.85;10.27;10.43;5066703;53502588.000
04/28/2008;10.32;10.81;10.20;10.57;2946970;31262376.000
04/29/2008;10.58;10.95;10.53;10.72;3029572;32649356.000
04/30/2008;10.87;11.18;10.77;11.01;3560264;39160776.000
05/05/2008;11.15;11.29;10.99;11.24;3687845;41097968.000
05/06/2008;11.18;11.20;10.74;10.98;4550473;49996376.000
05/07/2008;10.95;11.31;10.65;10.67;4069553;45042032.000
05/08/2008;10.56;11.74;10.54;11.74;7004496;79492696.000
05/09/2008;12.01;12.85;12.00;12.41;14722062;182067872.000
05/12/2008;12.15;12.98;12.02;12.94;8041089;101253280.000
05/13/2008;12.51;13.10;12.36;12.50;7066297;89476064.000
05/14/2008;12.43;12.78;12.40;12.62;4569001;57453948.000
05/15/2008;12.80;13.09;12.13;12.16;4369453;55492400.000
05/16/2008;12.30;12.48;11.58;11.81;3895032;46405276.000
05/19/2008;11.92;12.42;11.60;12.35;3785637;45823092.000
05/20/2008;12.35;12.68;11.62;11.83;4391534;53781988.000
05/21/2008;11.69;12.10;11.21;11.96;3122896;36255256.000
05/22/2008;11.82;12.48;11.65;12.28;3761110;45747936.000
05/23/2008;12.18;13.51;11.82;12.83;17568928;228555472.000
05/27/2008;12.30;12.30;11.55;11.84;10080461;118316440.000
05/28/2008;11.60;11.98;11.51;11.83;4503490;52872032.000
05/29/2008;11.79;12.27;11.60;11.88;5886577;70502728.000
05/30/2008;11.80;11.95;11.34;11.43;3867311;44664684.000
06/02/2008;11.45;11.85;11.25;11.81;3223399;37441396.000
06/03/2008;12.00;12.37;11.35;11.44;7767571;92698728.000
06/04/2008;11.31;11.31;10.62;10.74;4352064;47517084.000
06/05/2008;10.74;11.03;10.65;10.84;2631603;28729812.000
06/06/2008;11.00;11.00;10.70;10.79;1036592;11206897.000
06/10/2008;10.41;10.41;9.71;9.71;2408008;23929768.000
06/11/2008;9.42;9.75;9.30;9.51;2044723;19566648.000
06/12/2008;9.50;9.59;9.10;9.38;2044005;19194792.000
06/13/2008;9.45;9.68;8.99;9.01;1952290;18229460.000
06/16/2008;9.11;9.24;8.66;8.70;1581275;14047202.000
06/17/2008;8.80;8.98;8.54;8.70;2297680;20179406.000
06/18/2008;8.76;9.34;8.36;9.23;2463869;22084372.000
06/19/2008;9.08;9.18;8.48;8.50;2633497;23034516.000
06/20/2008;8.52;9.10;8.18;8.69;2491677;21937446.000
06/23/2008;8.76;8.86;8.40;8.65;757017;6599955.000
06/24/2008;8.65;9.47;8.56;9.19;3331224;30512358.000
06/25/2008;9.08;9.78;9.08;9.69;2957736;28154772.000
06/26/2008;9.70;9.79;9.44;9.61;2146836;20659038.000
06/27/2008;9.27;9.32;8.83;9.18;2603990;23738384.000
06/30/2008;9.19;9.40;9.04;9.33;1165518;10770588.000
07/01/2008;9.35;9.43;9.01;9.04;933275;8566508.000
07/02/2008;9.10;9.50;9.02;9.23;1265995;11795643.000
07/03/2008;9.10;9.94;9.06;9.67;2407001;23015160.000
07/04/2008;9.70;9.78;9.38;9.66;1436089;13762954.000
07/07/2008;9.70;10.09;9.68;10.00;2273453;22612216.000
07/08/2008;10.09;10.19;9.81;10.13;2191745;21953284.000
07/09/2008;10.15;10.28;10.01;10.21;2774155;28128916.000
07/10/2008;10.05;10.35;9.98;10.01;2704325;27663240.000
07/11/2008;10.00;10.07;9.69;9.83;1703197;16741631.000
07/14/2008;9.70;9.98;9.65;9.96;1245399;12262999.000
07/15/2008;9.90;10.15;9.61;9.66;1619824;16040429.000
07/16/2008;9.62;10.10;9.31;9.44;2332682;22738324.000
07/17/2008;9.57;9.84;9.13;9.18;1552853;14714255.000
07/18/2008;9.37;9.68;9.08;9.64;1293737;12128138.000
07/21/2008;9.60;9.99;9.51;9.93;1664431;16361425.000
07/22/2008;9.97;10.13;9.93;10.04;1925485;19306884.000
07/23/2008;10.09;10.79;9.96;10.43;5058945;52493944.000
07/24/2008;10.44;10.66;10.28;10.55;5027774;52788832.000
07/25/2008;10.40;10.85;10.30;10.62;3644144;38962520.000
07/28/2008;10.72;11.04;10.66;10.76;3636134;39600200.000
07/29/2008;10.65;10.74;10.35;10.42;2359152;24798158.000
07/30/2008;10.57;10.85;10.50;10.59;2328288;24850236.000
07/31/2008;10.75;10.91;10.37;10.42;2243989;23895424.000
08/01/2008;10.40;10.72;10.00;10.69;2576688;26747408.000
08/04/2008;10.55;10.71;10.08;10.28;1893335;19901000.000
08/05/2008;10.35;10.60;10.19;10.28;1666188;17321000.000
08/06/2008;10.77;11.31;10.42;10.60;9384503;102988600.000
08/07/2008;10.28;10.51;9.86;10.08;5696670;57898564.000
08/08/2008;10.05;10.05;9.07;9.15;2837096;27302288.000
08/11/2008;9.20;9.28;8.28;8.41;2518425;22081384.000
08/12/2008;8.46;8.70;8.35;8.52;1866550;15984405.000
08/13/2008;8.39;8.75;8.36;8.69;1470432;12569327.000
08/14/2008;8.72;8.77;8.60;8.72;952289;8266023.000
08/15/2008;8.73;8.73;8.44;8.57;1756634;15049456.000
08/18/2008;8.59;8.64;7.71;7.71;2212764;17741100.000
08/19/2008;7.55;7.87;7.55;7.85;1571270;12187467.000
08/20/2008;7.80;8.64;7.80;8.63;2839244;23813526.000
08/21/2008;8.48;8.81;8.30;8.33;2419967;20653212.000
08/22/2008;8.19;8.45;8.00;8.18;1361490;11141377.000
08/25/2008;8.12;8.34;8.10;8.19;921337;7606440.000
08/26/2008;8.00;8.08;7.55;7.68;1318335;10229720.000
08/27/2008;7.69;7.93;7.62;7.85;1115903;8716427.000
08/28/2008;7.80;8.00;7.74;7.93;815447;6435586.000
08/29/2008;7.94;8.29;7.94;8.07;2085994;16954844.000
09/01/2008;8.07;8.07;7.76;7.92;1140129;8974106.000
09/02/2008;7.88;8.23;7.75;8.05;1300331;10481129.000
09/03/2008;7.95;8.13;7.79;7.87;1155045;9122381.000
09/04/2008;7.82;8.05;7.81;7.95;956304;7588949.000
09/05/2008;7.78;7.85;7.46;7.53;1334372;10190489.000
09/08/2008;7.54;7.58;6.95;6.99;1757565;12672290.000
09/09/2008;6.99;7.17;6.90;7.10;809025;5717539.000
09/10/2008;7.14;7.39;7.00;7.14;1287886;9292647.000
09/11/2008;7.17;7.22;7.05;7.10;719064;5120620.000
09/12/2008;7.10;7.25;7.09;7.11;715231;5125108.000
09/16/2008;7.10;7.33;6.95;7.08;1197354;8519251.000
09/17/2008;7.08;7.18;6.63;6.69;1328123;9126612.000
09/18/2008;6.55;6.76;6.03;6.58;1998153;12769453.000
09/19/2008;7.24;7.24;7.02;7.24;1676245;12092807.000
09/22/2008;7.78;7.96;7.30;7.53;4604926;35097320.000
09/23/2008;7.29;7.29;7.00;7.01;2061692;14725489.000
09/24/2008;6.98;7.25;6.81;7.23;1850835;12978905.000
09/25/2008;7.24;7.44;7.16;7.29;2359362;17292316.000
09/26/2008;7.35;7.44;7.11;7.23;1333037;9688514.000
10/06/2008;7.16;7.16;6.84;6.85;1094323;7602046.000
10/07/2008;6.63;6.94;6.56;6.82;1246110;8424316.000
10/08/2008;6.68;6.79;6.50;6.57;883661;5872996.000
10/09/2008;6.70;6.79;6.50;6.50;831677;5510275.000
10/10/2008;6.20;6.26;5.85;5.85;3858263;22875514.000
10/13/2008;5.84;5.89;5.35;5.88;2569102;14483492.000
10/14/2008;6.05;6.08;5.48;5.51;2192278;12826791.000
10/15/2008;5.51;5.57;5.35;5.56;979656;5343518.000
10/16/2008;5.21;5.74;5.01;5.33;2012840;11014827.000
10/17/2008;5.35;5.50;5.25;5.38;1214671;6514989.000
10/20/2008;5.37;5.68;5.29;5.59;1057386;5807209.000
10/21/2008;5.64;5.69;5.50;5.52;1170825;6558456.000
10/22/2008;5.34;5.50;5.33;5.48;1315289;7118185.000
10/23/2008;5.29;5.60;5.29;5.59;1196558;6582353.000
10/24/2008;5.66;5.77;5.57;5.65;2014265;11404184.000
10/27/2008;5.65;5.73;5.23;5.26;3234417;18049544.000
10/28/2008;5.09;5.45;5.00;5.44;2519496;13213490.000
10/29/2008;5.60;5.68;5.41;5.45;3478892;19360440.000
10/30/2008;5.46;5.63;5.35;5.54;1912606;10557879.000
10/31/2008;5.56;5.56;5.29;5.32;1539641;8319337.000
11/03/2008;5.18;5.36;5.17;5.21;863808;4562714.000
11/04/2008;5.21;5.25;4.95;5.09;1298668;6607374.000
11/05/2008;5.15;5.42;5.15;5.33;2109866;11221631.000
11/06/2008;5.20;5.63;5.20;5.60;4135766;22842856.000
11/07/2008;5.55;5.85;5.55;5.70;4506442;25843186.000
11/10/2008;5.83;6.15;5.70;6.11;4150267;24626626.000
11/11/2008;6.05;6.28;5.91;6.06;4424182;27068450.000
11/12/2008;5.98;6.16;5.93;6.08;2641475;15939877.000
11/13/2008;5.99;6.38;5.97;6.30;4025717;25114400.000
11/14/2008;6.31;6.56;6.22;6.53;4426366;28263072.000
11/17/2008;6.65;7.07;6.49;7.05;6527480;44185100.000
11/18/2008;6.90;6.99;6.35;6.36;5494306;36575688.000
11/19/2008;6.55;7.00;6.55;7.00;7821923;54506376.000
11/20/2008;7.40;7.69;7.06;7.16;13657476;101028264.000
11/21/2008;6.90;7.03;6.44;6.85;8320979;55993896.000
11/24/2008;6.71;6.84;6.36;6.38;3658764;24004916.000
11/25/2008;6.45;6.60;6.34;6.59;2907046;18798072.000
11/26/2008;6.70;6.77;6.45;6.56;2557221;16963790.000
11/27/2008;7.14;7.14;6.56;6.57;4301187;29195444.000
11/28/2008;6.55;6.55;6.32;6.43;2021714;13042423.000
12/01/2008;6.43;6.74;6.36;6.70;2601264;17190126.000
12/02/2008;6.52;7.04;6.42;6.90;4875561;33325736.000
12/03/2008;6.96;7.33;6.91;7.31;5702545;40964616.000
12/04/2008;7.38;7.69;7.10;7.12;7297242;54622180.000
12/05/2008;7.05;7.45;7.05;7.40;3290071;24141368.000
12/08/2008;7.48;7.95;7.48;7.92;6649659;51886508.000
12/09/2008;7.92;8.27;7.89;7.94;6838591;55049284.000
12/10/2008;7.90;8.65;7.86;8.50;8337001;69569048.000
12/11/2008;8.50;8.58;8.17;8.20;5491972;45539628.000
12/12/2008;8.24;8.49;7.98;8.14;7530396;62157224.000
12/15/2008;8.40;8.56;8.01;8.31;5448682;45283128.000
12/16/2008;8.54;8.97;8.32;8.89;8725605;74882712.000
12/17/2008;8.89;8.99;8.59;8.79;7203504;63443488.000
12/18/2008;8.80;9.20;8.60;9.13;5825644;51919180.000
12/19/2008;9.13;9.64;9.13;9.59;8793149;83103856.000
12/23/2008;9.80;9.97;9.11;9.15;11694183;112824600.000
12/24/2008;8.95;8.95;8.52;8.59;6479657;56553944.000
12/25/2008;8.71;9.04;8.59;8.77;4216365;37245576.000
12/26/2008;8.81;9.12;8.76;8.93;3558264;31863386.000
12/29/2008;8.87;8.89;8.31;8.85;2733911;23568308.000
12/30/2008;8.88;9.35;8.82;9.21;4436238;40632976.000
12/31/2008;9.15;9.58;9.09;9.29;4129312;38710648.000
01/05/2009;9.75;9.82;9.29;9.49;6120418;58020120.000
01/06/2009;9.50;9.84;9.28;9.75;9175699;87864880.000
01/07/2009;9.80;10.09;9.59;9.60;9028658;89192008.000
01/08/2009;9.38;9.45;9.14;9.38;5654431;52377772.000
01/09/2009;9.43;9.54;9.33;9.50;4151781;39247636.000
01/12/2009;9.47;9.95;9.27;9.74;5254294;50674756.000
01/13/2009;9.55;9.63;9.38;9.46;3442750;32702876.000
01/14/2009;9.45;9.71;9.20;9.62;5279979;49864924.000
01/15/2009;9.45;9.84;9.33;9.62;4005183;38752412.000
01/16/2009;9.65;10.08;9.59;9.78;5462044;54046364.000
01/19/2009;9.85;10.05;9.69;9.82;2973629;29267612.000
01/20/2009;9.81;10.17;9.64;10.16;3336102;33057768.000
01/21/2009;9.99;10.50;9.98;10.14;5735141;58458072.000
01/22/2009;10.30;10.43;10.08;10.30;2943140;30372590.000
01/23/2009;10.60;10.60;10.30;10.38;3691972;38531760.000
02/02/2009;10.60;10.60;10.05;10.51;5093296;52566196.000
02/03/2009;10.47;10.76;10.35;10.61;4032065;42888160.000
02/04/2009;10.65;10.73;10.53;10.66;3945266;41970792.000
02/06/2009;10.57;11.30;10.46;11.07;8178549;89211928.000
02/09/2009;11.02;11.82;11.02;11.32;7698200;88026832.000
02/10/2009;11.40;11.63;11.16;11.57;4860222;55337184.000
02/11/2009;11.25;11.69;11.24;11.35;6537148;74755904.000
02/12/2009;11.35;12.45;11.30;12.39;8434159;99527792.000
02/13/2009;12.40;12.77;12.17;12.38;7503927;93122904.000
02/16/2009;12.50;12.98;12.47;12.69;7687024;97472752.000
02/17/2009;12.69;12.71;11.89;11.92;5043448;61724200.000
02/18/2009;11.75;12.14;11.40;11.45;4065660;48265976.000
02/19/2009;11.85;12.07;11.34;11.58;6741352;79005504.000
02/20/2009;11.70;12.30;11.41;12.17;6772441;81317680.000
02/23/2009;12.16;12.83;11.95;12.57;6245857;77392736.000
02/24/2009;12.40;12.58;11.70;11.75;5776975;70278896.000
02/25/2009;11.93;12.02;11.31;11.79;4752477;55595676.000
02/26/2009;11.78;11.85;10.81;11.01;4755336;53716656.000
02/27/2009;10.90;11.30;10.46;11.01;6709969;72933872.000
03/02/2009;10.88;12.00;10.88;11.99;6848439;78686896.000
03/03/2009;11.79;12.67;11.68;12.53;11717554;144929984.000
03/04/2009;12.54;13.05;12.42;12.93;11022191;140936080.000
03/05/2009;12.92;13.36;12.69;12.91;7800289;101227392.000
03/06/2009;12.71;13.08;12.50;12.68;5304833;67724264.000
03/09/2009;12.70;12.85;12.22;12.40;5384012;67023352.000
03/10/2009;12.44;12.87;12.36;12.83;3997714;50863364.000
03/11/2009;13.05;13.08;12.52;12.69;3757054;47925432.000
03/12/2009;12.65;13.32;12.35;13.19;6676564;85687128.000
03/13/2009;13.20;13.44;12.84;12.89;5819793;76289872.000
03/16/2009;12.85;13.10;12.51;12.92;3703765;47521784.000
03/17/2009;13.18;13.60;13.03;13.29;7629420;101935696.000
03/18/2009;13.31;13.75;13.23;13.60;5506261;74790584.000
03/19/2009;13.64;14.35;13.51;13.89;9090969;127541120.000
03/20/2009;13.95;14.04;13.42;13.85;8601931;117620640.000
03/23/2009;14.08;14.59;13.60;13.84;5792333;80587136.000
03/24/2009;14.05;14.05;13.68;13.84;4770471;65829856.000
03/25/2009;13.80;13.96;13.13;13.18;4729604;64496836.000
03/26/2009;13.15;13.67;13.15;13.60;4033793;54019112.000
03/27/2009;13.60;13.80;13.13;13.25;7527937;101088224.000
03/30/2009;13.26;13.59;13.13;13.56;4110504;55180048.000
03/31/2009;13.32;13.90;13.06;13.85;4338916;59096364.000
04/01/2009;13.95;14.31;13.85;13.95;5365534;75581184.000
04/02/2009;13.93;14.10;13.84;13.85;3924209;54565516.000
04/03/2009;13.87;13.97;13.41;13.59;3844625;52551832.000
04/07/2009;13.59;13.95;13.55;13.79;3804886;52399056.000
04/08/2009;13.75;14.10;13.70;13.72;5578518;77720200.000
04/09/2009;13.79;13.90;13.26;13.72;3543134;47886604.000
04/10/2009;13.78;14.35;13.61;14.22;8224902;115752576.000
04/13/2009;14.23;14.67;14.14;14.24;7079120;101671864.000
04/14/2009;14.38;15.29;14.22;15.24;10971417;163881152.000
04/15/2009;15.00;15.75;15.00;15.59;12653050;194858272.000
04/16/2009;15.92;16.20;15.15;15.40;15842279;245663920.000
04/17/2009;15.48;16.00;15.30;15.66;11771248;185168496.000
04/20/2009;15.73;16.21;15.71;15.80;8131869;129598192.000
04/21/2009;15.65;15.65;15.21;15.39;8384093;129011200.000
04/22/2009;15.43;15.83;14.56;14.63;13599608;208599088.000
04/23/2009;14.42;14.82;14.38;14.75;5264316;76922104.000
04/24/2009;14.75;15.14;14.65;14.92;8126382;121224936.000
04/27/2009;15.01;15.01;14.49;14.60;5139280;75234528.000
04/28/2009;14.50;14.81;14.42;14.76;3865995;56689440.000
04/29/2009;14.76;15.38;14.75;15.22;6458246;97687856.000
04/30/2009;15.32;16.74;15.30;16.29;15170301;246572048.000
05/04/2009;16.60;16.70;16.22;16.60;8641420;142756288.000
05/05/2009;16.65;17.37;16.47;16.97;10095176;171281136.000
05/06/2009;17.01;17.17;16.79;16.87;8323843;140991568.000
05/07/2009;16.93;17.31;16.77;17.28;9273829;157885600.000
05/08/2009;17.20;17.20;16.40;16.48;8063315;134474432.000
05/11/2009;16.57;16.57;15.65;15.76;8825150;141238000.000
05/12/2009;15.68;16.20;15.68;16.19;6637229;106429464.000
05/13/2009;16.20;16.30;15.80;16.01;5119191;81903040.000
05/14/2009;16.00;16.54;15.85;16.52;6495913;105523648.000
05/15/2009;16.57;16.65;16.16;16.29;5473397;89520112.000
05/18/2009;16.19;16.19;15.70;16.04;5690753;90251728.000
05/19/2009;16.10;16.48;15.95;16.00;7229349;117083208.000
05/21/2009;15.80;16.08;15.18;15.31;8559138;132998096.000
05/22/2009;15.34;15.68;15.28;15.52;4608986;71319104.000
05/25/2009;15.00;15.65;14.89;15.50;5230231;80302040.000
05/26/2009;15.54;16.39;15.54;16.05;9569000;154335952.000
05/27/2009;16.14;16.28;15.65;15.99;5840880;92767160.000
06/01/2009;16.10;16.30;15.82;15.90;7356641;118163704.000
06/02/2009;15.93;16.09;15.67;15.93;6392344;101519680.000
06/03/2009;15.97;16.24;15.94;16.18;7032430;113333200.000
06/04/2009;16.13;16.29;15.70;15.87;6195186;98770976.000
06/05/2009;15.90;15.99;15.34;15.36;7124039;110477272.000
06/08/2009;15.30;15.70;14.90;15.63;7887212;120218808.000
06/09/2009;15.38;15.52;15.11;15.44;3409451;52285448.000
06/10/2009;15.49;16.69;15.30;16.27;13279423;214796304.000
06/11/2009;16.22;16.73;16.11;16.34;10757615;176225328.000
06/12/2009;16.45;16.60;16.24;16.29;8123230;132864544.000
06/15/2009;16.41;16.93;16.25;16.77;9846816;162920128.000
06/16/2009;16.60;16.67;16.26;16.37;5796295;95128280.000
06/17/2009;16.37;16.54;15.99;16.37;9296319;150211680.000
06/18/2009;16.33;16.37;16.12;16.24;5258538;85313728.000
06/19/2009;16.45;16.80;16.27;16.75;13920981;230518432.000
06/22/2009;16.97;17.50;16.62;16.69;13732183;234616256.000
06/23/2009;16.30;16.60;16.20;16.39;6403374;104978480.000
06/24/2009;16.56;16.98;16.33;16.70;7806859;129762480.000
06/25/2009;16.70;17.38;16.68;17.16;9705778;165797936.000
06/26/2009;17.24;18.00;17.10;17.96;14988668;264875072.000
06/29/2009;18.10;19.37;17.96;18.15;19078291;357058880.000
06/30/2009;18.00;18.99;17.75;18.65;13540853;250022608.000
07/01/2009;18.45;18.79;18.30;18.50;7704807;142329312.000
07/02/2009;18.69;18.69;17.85;17.94;11340099;205659952.000
07/03/2009;17.78;18.17;17.71;17.87;7397727;132714576.000
07/06/2009;17.76;18.34;17.40;18.00;7182216;128218032.000
07/07/2009;18.00;19.30;17.95;18.99;13661276;257875296.000
07/08/2009;18.86;19.40;18.71;19.37;11285566;216037232.000
07/09/2009;19.40;20.00;18.90;19.98;12256394;240819840.000
07/10/2009;19.94;20.28;19.55;19.74;8572051;169882704.000
07/13/2009;19.60;19.82;19.19;19.21;7310381;141975856.000
07/14/2009;19.25;19.82;19.25;19.65;5732804;112507328.000
07/15/2009;19.71;20.15;19.36;19.59;7221185;142335536.000
07/16/2009;19.53;19.91;19.23;19.37;6576454;127269664.000
07/17/2009;19.46;19.84;19.37;19.53;4801973;94102400.000
07/20/2009;19.65;20.25;19.64;19.97;11871556;238193568.000
07/21/2009;19.95;19.97;19.00;19.15;7373328;143470528.000
07/22/2009;19.15;19.39;19.10;19.21;5086589;97645512.000
07/23/2009;19.20;19.68;19.10;19.66;5657245;109395760.000
07/24/2009;19.73;20.31;19.57;20.30;12099093;241401872.000
07/27/2009;20.90;21.50;20.75;20.80;11284326;237725472.000
07/28/2009;20.58;21.35;20.50;20.97;7160400;150274368.000
07/29/2009;21.00;21.65;19.01;20.08;9192797;189960592.000
07/30/2009;20.10;20.45;19.38;20.07;7486101;148633616.000
07/31/2009;21.03;21.11;20.50;20.61;7409042;154328576.000
08/03/2009;21.04;21.44;20.60;21.24;7209967;151959648.000
08/04/2009;21.01;21.20;20.40;20.83;4950579;102813368.000
08/05/2009;20.68;20.96;20.30;20.90;5231823;107843832.000
08/06/2009;20.67;21.87;20.65;21.38;9982495;213372496.000
08/07/2009;21.57;23.00;21.38;22.51;11935799;266358608.000
08/10/2009;22.88;23.45;22.10;22.39;9885241;225790784.000
08/11/2009;22.25;22.27;21.58;21.73;4544073;99539472.000
08/12/2009;21.60;22.09;20.60;20.64;5000901;106547112.000
08/13/2009;20.67;21.17;20.30;20.88;3773123;78383048.000
08/14/2009;21.10;21.10;19.46;19.50;5824627;116492520.000
08/17/2009;19.11;19.30;17.55;17.59;9442878;172452320.000
08/18/2009;17.55;18.40;17.51;18.27;4761768;85980816.000
08/19/2009;18.44;18.50;17.80;17.96;4248639;76950336.000
08/20/2009;18.03;19.35;18.00;19.29;4919002;91982472.000
08/21/2009;19.35;19.95;18.90;19.85;6196087;120281496.000
08/24/2009;19.91;20.08;19.60;19.84;4109456;81665496.000
08/25/2009;19.68;19.70;18.65;19.21;5721135;109422800.000
08/26/2009;19.10;20.35;19.06;20.05;4934588;98653864.000
08/27/2009;20.00;21.01;19.81;20.77;5458416;112796072.000
08/28/2009;21.00;21.20;20.00;21.09;6581638;137072928.000
08/31/2009;20.86;20.86;18.98;18.98;6112011;120213000.000
09/01/2009;18.80;19.35;18.68;18.85;4466608;85030632.000
09/02/2009;19.10;19.25;18.09;18.50;3379674;63170772.000
09/03/2009;18.66;19.34;18.50;19.24;6666902;126772712.000
09/04/2009;19.25;19.50;19.10;19.39;4722495;91126280.000
09/07/2009;19.55;19.97;19.01;19.36;7652849;149670624.000
09/08/2009;19.18;19.66;18.79;19.65;4800005;92359544.000
09/09/2009;19.64;19.95;19.33;19.81;5626601;110879880.000
09/10/2009;19.90;20.90;19.76;20.61;10768549;220195872.000
09/11/2009;20.72;21.22;20.44;21.19;9978399;209331488.000
09/14/2009;21.30;21.79;21.06;21.10;9433549;201314464.000
09/15/2009;21.34;21.48;20.83;21.13;9180765;194244800.000
09/16/2009;21.36;21.98;21.36;21.91;11238942;243905904.000
09/17/2009;21.91;22.97;21.65;22.56;9380685;211194464.000
09/18/2009;22.56;22.78;20.98;21.15;9176143;201031168.000
09/21/2009;20.97;23.03;20.70;22.72;11694946;258031488.000
09/22/2009;22.61;24.20;22.55;23.30;15669324;370698496.000
09/23/2009;23.01;23.50;22.45;22.49;8587305;196146848.000
09/24/2009;22.15;22.80;22.10;22.51;5539910;124429032.000
09/25/2009;22.49;23.49;22.38;22.41;4000969;91330936.000
09/28/2009;22.16;22.74;21.00;21.28;4050077;88567760.000
09/29/2009;21.01;21.97;20.86;21.93;4399160;93654080.000
09/30/2009;22.22;22.25;21.30;21.41;5185436;112658096.000
10/09/2009;21.90;22.66;21.60;22.46;4030208;90054136.000
10/12/2009;22.46;23.24;22.32;22.61;3438002;78371624.000
10/13/2009;22.60;23.26;22.51;23.23;4603389;106094432.000
10/14/2009;23.23;23.49;22.87;23.22;6363797;146942240.000
10/15/2009;23.26;23.80;23.09;23.71;5834221;136626784.000
10/16/2009;23.71;23.94;23.40;23.93;4674932;110419968.000
10/19/2009;23.88;24.07;23.65;23.93;4472472;106865928.000
10/20/2009;24.16;24.24;23.45;23.59;5527414;131459168.000
10/21/2009;23.51;23.75;23.21;23.26;3985578;93525664.000
10/22/2009;23.18;23.62;23.13;23.21;3152820;73601792.000
10/23/2009;23.28;23.77;23.10;23.14;6455336;150182304.000
10/26/2009;23.50;23.85;23.25;23.31;6112311;143804080.000
10/27/2009;23.21;23.67;22.81;23.24;7703665;179479568.000
10/28/2009;23.28;23.34;22.58;23.18;4889659;112112920.000
10/29/2009;22.70;22.94;22.60;22.75;2226900;50670040.000
10/30/2009;23.07;23.56;22.91;23.29;4494493;104708480.000
11/02/2009;22.80;24.20;22.68;24.11;6247373;148011088.000
11/03/2009;24.14;24.48;23.88;24.12;4452631;107336200.000
11/04/2009;24.20;24.65;23.94;24.32;6530387;158893184.000
11/05/2009;24.25;24.47;23.81;24.04;5443309;130977264.000
11/06/2009;24.18;24.24;23.78;23.87;6105188;146411648.000
11/09/2009;23.80;24.14;23.63;24.04;3612254;86402000.000
11/11/2009;23.85;24.08;23.30;23.69;4739910;111887696.000
11/12/2009;23.63;24.24;23.45;23.72;5744102;136559888.000
11/13/2009;23.61;24.53;23.61;24.48;7835899;189613408.000
11/16/2009;24.75;25.52;24.71;25.10;9905445;248896096.000
11/17/2009;25.14;25.20;24.70;24.94;5015122;125063352.000
11/18/2009;24.89;25.00;24.48;24.56;6835197;168546240.000
11/19/2009;24.50;24.90;24.48;24.82;4411586;108782456.000
11/20/2009;24.78;24.88;24.41;24.53;4863754;119540704.000
11/23/2009;24.61;25.20;24.56;25.03;6052058;150806992.000
11/24/2009;25.25;25.48;23.41;23.62;7612094;188207728.000
11/25/2009;23.42;25.09;23.42;25.00;10293294;249361904.000
11/26/2009;25.00;25.45;23.78;23.82;6293681;154696624.000
11/27/2009;23.40;24.26;23.39;23.80;4860480;116027744.000
11/30/2009;24.00;24.90;23.91;24.86;4071364;99872072.000
12/01/2009;24.70;25.65;24.65;25.63;8285743;209960448.000
12/02/2009;25.88;25.93;25.26;25.69;5028180;128010544.000
12/03/2009;25.60;26.49;25.34;25.96;5868631;152552080.000
12/04/2009;25.94;25.94;24.68;25.05;5147334;129854208.000
12/07/2009;25.05;25.76;25.05;25.34;4028225;102579368.000
12/08/2009;25.35;25.48;25.03;25.26;2829011;71325752.000
12/09/2009;25.05;25.44;24.88;24.95;2483785;62443896.000
12/10/2009;25.01;25.34;24.91;25.29;2151323;54001752.000
12/11/2009;25.50;25.50;24.96;25.10;1774713;44660592.000
12/14/2009;25.01;25.15;24.56;24.97;1869432;46361648.000
12/15/2009;24.86;25.70;24.86;25.48;3310876;84198392.000
12/16/2009;25.40;25.86;24.90;25.05;3244163;82204216.000
12/17/2009;25.12;25.30;24.22;24.26;2455262;60581880.000
12/18/2009;24.15;24.15;23.00;23.26;3492365;82385496.000
12/21/2009;23.25;23.68;22.78;23.47;5562408;129095008.000
12/22/2009;23.50;23.78;22.71;22.73;3785261;88301880.000
12/23/2009;22.76;23.30;22.45;23.14;5003224;114637488.000
12/24/2009;23.15;23.94;23.01;23.83;5995109;141583728.000
12/25/2009;23.82;24.38;23.60;24.31;4506576;108625968.000
12/28/2009;24.53;24.85;24.04;24.68;4833065;118450904.000
12/29/2009;24.71;24.86;24.37;24.78;3936294;97062912.000
12/30/2009;24.79;24.80;24.32;24.45;3356124;82025952.000
12/31/2009;24.70;24.85;24.40;24.77;4883803;120374640.000
01/04/2010;24.80;25.58;24.78;25.29;6080442;153001280.000
01/05/2010;25.44;25.44;24.70;25.01;4429898;110708592.000
01/06/2010;25.03;25.56;24.98;25.01;5943617;150498688.000
01/07/2010;24.90;25.00;23.80;23.97;5345197;131097384.000
01/08/2010;23.82;24.29;23.35;24.25;4190071;100102104.000
01/11/2010;24.46;24.68;23.89;24.58;5099107;123853640.000
01/12/2010;24.68;26.00;24.32;25.82;10834500;276182720.000
01/13/2010;25.24;27.33;25.22;26.24;12961983;344387840.000
01/14/2010;26.87;28.36;26.80;27.99;15206974;422510560.000
01/15/2010;28.13;28.59;27.50;28.16;12033872;337299392.000
01/18/2010;28.02;28.80;27.80;28.55;6944485;197448160.000
01/19/2010;28.40;29.18;27.79;28.70;7739028;221462224.000
01/20/2010;28.90;28.93;26.75;26.89;8578948;236334352.000
01/21/2010;27.04;27.24;26.38;26.53;3903046;104194112.000
01/22/2010;26.18;26.38;24.89;25.78;7076215;181042688.000
01/25/2010;26.00;26.59;25.70;25.71;9348033;244807968.000
01/26/2010;25.65;25.88;24.70;25.00;6718808;169481904.000
01/27/2010;25.15;25.64;24.81;25.01;6341734;159606448.000
01/28/2010;24.82;25.64;24.82;25.48;4219381;106639600.000
01/29/2010;25.42;26.09;25.18;25.55;4843174;124529440.000
02/01/2010;25.33;25.68;24.80;25.36;4080260;103221672.000
02/02/2010;25.58;25.81;24.85;24.94;3634260;92239808.000
02/03/2010;24.94;25.19;23.63;24.73;5860108;142010256.000
02/04/2010;24.50;24.90;24.23;24.52;3947526;96940064.000
02/05/2010;23.81;24.30;23.71;23.80;4008155;95840704.000
02/08/2010;23.44;23.92;22.99;23.21;3981187;92808952.000
02/09/2010;23.19;23.34;22.71;23.12;4296378;98717928.000
02/10/2010;23.27;23.94;23.21;23.92;3879983;91482400.000
02/11/2010;23.94;24.28;23.70;24.06;3261550;78620352.000
02/12/2010;24.24;24.57;24.08;24.51;3153740;76825344.000
02/22/2010;24.40;24.40;23.95;23.98;2549203;61473972.000
02/23/2010;23.90;24.32;23.27;24.30;3492750;83140496.000
02/24/2010;24.18;24.75;23.85;24.68;5175156;126917568.000
02/25/2010;24.90;25.15;24.65;25.02;4743694;117998752.000
02/26/2010;25.00;25.01;24.46;24.64;5415460;133799864.000
03/01/2010;24.61;25.45;24.33;25.30;5498224;137368784.000
03/02/2010;25.15;25.28;24.60;24.65;7261722;180985696.000
03/03/2010;24.66;25.30;24.66;24.95;5506527;137810384.000
03/04/2010;24.55;24.86;23.80;24.00;8916414;219068592.000
03/05/2010;24.13;24.20;23.60;23.67;6328066;150895472.000
03/08/2010;23.67;23.87;23.45;23.82;4869302;115364128.000
03/09/2010;23.80;24.10;23.70;23.85;4729186;113020840.000
03/10/2010;23.90;24.06;23.28;23.52;3886534;91961568.000
03/11/2010;23.50;23.64;22.78;23.13;5477157;126480448.000
03/12/2010;23.10;23.30;22.80;22.82;3870324;89037592.000
03/15/2010;22.85;23.28;22.80;23.07;3157474;72814328.000
03/16/2010;23.08;23.25;22.74;22.88;4418440;101807104.000
03/17/2010;22.95;23.50;22.88;23.46;8572977;199330368.000
03/18/2010;23.74;24.48;23.73;24.10;12892165;310830624.000
03/19/2010;24.29;24.59;24.10;24.51;10386019;253707888.000
03/22/2010;24.56;24.83;24.21;24.31;6450334;158169648.000
03/23/2010;24.32;24.40;23.63;23.70;7533400;179773808.000
