600990 DR四创电 日线
      日期	    开盘	    最高	    最低	    收盘	    成交量	    成交额
05/10/2004;6.86;7.04;6.39;6.57;9571215;174418848.000
05/11/2004;6.51;6.93;6.44;6.70;4318135;80059816.000
05/12/2004;6.63;6.92;6.48;6.86;3085383;56595568.000
05/13/2004;6.74;7.00;6.71;6.81;2397235;44991336.000
05/14/2004;6.81;6.93;6.65;6.72;1569377;29208780.000
05/17/2004;6.66;6.76;6.55;6.64;957137;17467868.000
05/18/2004;6.88;7.34;6.75;7.12;5891722;115801544.000
05/19/2004;7.10;7.31;7.01;7.03;3198695;62643932.000
05/20/2004;7.00;7.23;6.98;7.19;1653115;32128408.000
05/21/2004;7.15;7.22;7.01;7.13;1025876;19989084.000
05/24/2004;7.10;7.50;7.09;7.31;2315992;46335040.000
05/25/2004;7.31;7.43;7.01;7.03;2118079;41737584.000
05/26/2004;7.01;7.08;6.55;7.02;2399727;44897452.000
05/27/2004;6.91;7.62;6.82;7.43;2901760;57781908.000
05/28/2004;7.42;7.52;7.24;7.27;1775807;35806680.000
05/31/2004;7.31;7.68;7.26;7.59;2505246;51695772.000
06/01/2004;7.59;8.33;7.50;8.09;3561582;77032976.000
06/02/2004;8.08;8.45;7.85;7.90;3791880;83131960.000
06/03/2004;7.89;8.08;7.69;7.80;1936225;41538876.000
06/04/2004;7.73;7.84;7.47;7.69;1733065;36119088.000
06/07/2004;7.76;7.96;7.58;7.75;1364871;28957512.000
06/08/2004;7.73;7.87;7.62;7.75;1274097;26860748.000
06/09/2004;7.69;7.81;7.20;7.31;1484074;30516196.000
06/10/2004;7.24;7.34;6.63;6.79;1965928;37391936.000
06/11/2004;6.71;7.17;6.69;6.88;1413474;27007258.000
06/14/2004;6.81;6.93;6.56;6.77;825644;15270326.000
06/15/2004;6.75;6.94;6.67;6.92;713132;13340963.000
06/16/2004;6.86;6.99;6.82;6.84;461456;8713460.000
06/17/2004;6.84;6.99;6.74;6.78;683716;12846248.000
06/18/2004;6.78;7.00;6.74;6.93;770496;14584991.000
06/21/2004;6.93;7.41;6.91;7.35;1922498;37993836.000
06/22/2004;7.41;7.45;7.19;7.33;1583873;31606524.000
06/23/2004;7.31;7.31;7.03;7.17;932814;18242918.000
06/24/2004;7.17;7.62;7.16;7.42;2073041;42100652.000
06/25/2004;7.50;7.69;7.00;7.02;2502215;50386112.000
06/28/2004;6.86;6.93;6.29;6.29;1562416;27726532.000
06/29/2004;6.18;6.44;5.86;6.28;1448436;24551236.000
06/30/2004;6.24;6.32;6.09;6.10;590220;10108611.000
07/01/2004;6.09;6.35;6.07;6.28;772784;13329810.000
07/02/2004;6.31;6.32;6.02;6.16;651077;11064838.000
07/05/2004;6.17;6.24;6.09;6.19;329943;5585749.000
07/06/2004;6.21;6.33;6.13;6.22;391607;6743438.000
07/07/2004;6.21;6.21;5.93;6.01;544156;9064047.000
07/08/2004;5.94;6.04;5.90;6.02;301172;4975300.000
07/09/2004;6.00;6.07;5.73;5.74;704478;11439915.000
07/12/2004;5.71;5.71;5.33;5.38;1194721;17958000.000
07/13/2004;5.37;5.44;5.24;5.39;600091;8893265.000
07/14/2004;5.42;5.42;5.07;5.32;584130;8464785.000
07/15/2004;5.34;5.39;5.14;5.26;451372;6595160.000
07/16/2004;5.28;5.78;5.18;5.73;1405738;21655058.000
07/19/2004;5.73;5.82;5.62;5.71;699506;11069564.000
07/20/2004;5.68;5.68;5.44;5.53;867526;13377363.000
07/21/2004;5.52;5.55;5.37;5.39;555929;8390251.000
07/22/2004;5.46;5.55;5.25;5.30;585543;8799665.000
07/23/2004;5.25;5.39;5.24;5.39;301775;4462220.000
07/26/2004;5.28;5.54;5.18;5.44;851559;12716777.000
07/27/2004;5.37;5.56;5.33;5.44;402392;6101499.000
07/28/2004;5.45;5.56;5.35;5.55;425041;6453327.000
07/29/2004;5.52;5.83;5.50;5.79;1309010;20783576.000
07/30/2004;5.72;5.78;5.50;5.52;594400;9306064.000
08/02/2004;5.40;5.66;5.37;5.54;335010;5151075.000
08/03/2004;5.51;5.82;5.47;5.68;737929;11627859.000
08/04/2004;5.76;5.92;5.68;5.82;1073670;17286456.000
08/05/2004;5.79;5.85;5.67;5.69;420858;6666182.000
08/06/2004;5.66;5.77;5.41;5.54;469080;7222179.000
08/09/2004;5.89;5.89;5.48;5.55;761162;12064484.000
08/10/2004;5.29;5.29;4.96;4.96;1555128;21671020.000
08/11/2004;4.84;4.96;4.73;4.81;1066191;14425835.000
08/12/2004;4.74;4.79;4.59;4.65;849051;11062573.000
08/13/2004;4.60;4.72;4.60;4.68;347209;4536825.000
08/16/2004;4.61;4.83;4.45;4.71;1062874;13862765.000
08/17/2004;4.71;4.75;4.49;4.63;263200;3418166.000
08/18/2004;4.53;4.68;4.51;4.52;294425;3788129.000
08/19/2004;4.46;4.60;4.42;4.48;344738;4333883.000
08/20/2004;4.48;4.60;4.43;4.52;231220;2924342.000
08/23/2004;4.47;4.48;4.07;4.09;763654;9014663.000
08/24/2004;4.06;4.20;4.00;4.16;512319;5975434.000
08/25/2004;4.11;4.14;4.04;4.08;295705;3407720.000
08/26/2004;4.11;4.14;3.93;3.97;285254;3277057.000
08/27/2004;3.95;3.99;3.83;3.95;433945;4826939.000
08/30/2004;3.95;4.15;3.88;4.05;514783;5874687.000
08/31/2004;4.22;4.34;4.14;4.19;900432;10647900.000
09/01/2004;4.18;4.18;3.98;4.00;389608;4457972.000
09/02/2004;4.02;4.10;3.92;4.09;262096;2984528.000
09/03/2004;4.06;4.13;4.01;4.03;138200;1587521.000
09/06/2004;4.10;4.10;4.00;4.06;118005;1346192.000
09/07/2004;4.08;4.10;4.03;4.07;118834;1361325.000
09/08/2004;4.07;4.09;3.95;4.00;159684;1812997.000
09/09/2004;3.96;3.97;3.92;3.94;240500;2688358.000
09/10/2004;3.95;3.97;3.87;3.93;176670;1967420.000
09/13/2004;3.92;4.05;3.79;4.02;1295516;14511211.000
09/14/2004;3.98;4.30;3.98;4.18;1028676;12102463.000
09/15/2004;4.15;4.62;4.14;4.39;1870395;23343064.000
09/16/2004;4.38;4.64;4.37;4.53;1736013;22037192.000
09/20/2004;4.83;4.90;4.71;4.90;2202153;29615328.000
09/21/2004;4.91;5.19;4.75;4.95;1914786;26478124.000
09/22/2004;4.94;5.01;4.79;4.89;1213049;16588052.000
09/23/2004;4.87;5.02;4.76;5.01;703121;9594353.000
09/24/2004;5.02;5.29;4.81;4.83;1690490;24077028.000
09/27/2004;4.91;5.00;4.68;4.71;597254;8041490.000
09/28/2004;4.71;4.77;4.65;4.72;420680;5541260.000
09/29/2004;4.72;4.74;4.64;4.64;389684;5095670.000
09/30/2004;4.65;4.72;4.55;4.56;362950;4696642.000
10/08/2004;4.49;4.91;4.49;4.91;581757;7764147.000
10/11/2004;4.94;5.17;4.87;4.93;1211516;17023792.000
10/12/2004;4.88;5.13;4.88;4.98;803400;11218530.000
10/13/2004;4.95;5.12;4.93;5.12;506238;7106956.000
10/14/2004;5.14;5.14;4.58;4.58;1103896;14725840.000
10/15/2004;4.49;4.63;4.31;4.44;575831;7242712.000
10/18/2004;4.48;4.55;4.40;4.52;326627;4096266.000
10/19/2004;4.56;4.68;4.46;4.50;330979;4241148.000
10/20/2004;4.45;4.45;4.27;4.38;492211;6006407.000
10/21/2004;4.48;4.48;4.26;4.27;303653;3697910.000
10/22/2004;4.34;4.39;4.18;4.37;321351;3890069.000
10/25/2004;4.42;4.47;4.31;4.34;260663;3208811.000
10/26/2004;4.34;4.39;4.20;4.37;329243;3973804.000
10/27/2004;4.57;4.84;4.40;4.84;1019505;13543420.000
10/28/2004;5.02;5.14;4.68;4.70;2147066;29670936.000
10/29/2004;4.53;4.84;4.37;4.73;1152924;15011334.000
11/01/2004;4.71;4.77;4.53;4.55;426479;5556836.000
11/02/2004;4.51;4.60;4.51;4.51;294282;3751927.000
11/03/2004;4.56;4.83;4.56;4.81;745052;9836793.000
11/04/2004;4.79;4.86;4.60;4.63;585432;7766120.000
11/05/2004;4.74;4.86;4.66;4.73;663059;8827112.000
11/08/2004;4.73;4.84;4.68;4.81;400396;5351755.000
11/09/2004;4.95;5.07;4.84;4.94;1353723;18720980.000
11/10/2004;4.94;5.31;4.86;5.26;2077178;29664236.000
11/11/2004;5.27;5.40;5.12;5.14;1912733;27978804.000
11/12/2004;5.14;5.24;5.07;5.12;689397;9895240.000
11/15/2004;5.14;5.21;5.12;5.18;556248;7994862.000
11/16/2004;5.19;5.21;4.97;5.04;944318;13269905.000
11/17/2004;5.02;5.09;4.98;5.02;295671;4149922.000
11/18/2004;5.02;5.09;4.99;5.08;312134;4393634.000
11/19/2004;5.12;5.13;4.99;5.05;254449;3582700.000
11/22/2004;5.10;5.21;5.08;5.17;600196;8624534.000
11/23/2004;5.18;5.19;4.98;5.00;526151;7407301.000
11/24/2004;5.01;5.03;4.91;4.95;448162;6200723.000
11/25/2004;4.95;4.98;4.90;4.94;205385;2831967.000
11/26/2004;4.94;4.98;4.91;4.93;159160;2194679.000
11/29/2004;4.93;4.95;4.76;4.78;307009;4143174.000
11/30/2004;4.76;4.83;4.72;4.82;167592;2240259.000
12/01/2004;4.82;4.85;4.75;4.78;108500;1455280.000
12/02/2004;4.76;4.83;4.76;4.79;149818;2007879.000
12/03/2004;4.83;4.98;4.79;4.91;290232;3981610.000
12/06/2004;4.88;4.92;4.79;4.89;168944;2283779.000
12/07/2004;4.88;4.88;4.72;4.72;212250;2829804.000
12/08/2004;4.79;4.82;4.72;4.76;115850;1545668.000
12/09/2004;4.78;4.89;4.70;4.77;199822;2687257.000
12/10/2004;4.75;4.78;4.60;4.61;229000;3014912.000
12/13/2004;4.52;4.60;4.47;4.53;167876;2137655.000
12/14/2004;4.53;4.60;4.49;4.52;124198;1587220.000
12/15/2004;4.52;4.62;4.51;4.58;150900;1928455.000
12/16/2004;4.55;4.60;4.52;4.52;77182;984549.000
12/17/2004;4.47;4.53;4.34;4.37;178400;2211787.000
12/20/2004;4.36;4.36;4.28;4.28;157431;1902959.000
12/21/2004;4.26;4.37;4.26;4.36;140897;1714800.000
12/22/2004;4.37;4.52;4.34;4.51;204354;2560449.000
12/23/2004;4.53;4.53;4.32;4.34;112300;1396796.000
12/24/2004;4.33;4.49;4.33;4.41;72090;895384.000
12/27/2004;4.45;4.47;4.32;4.36;118261;1455962.000
12/28/2004;4.34;4.40;4.32;4.40;62482;766194.000
12/29/2004;4.42;4.48;4.38;4.41;71100;883711.000
12/30/2004;4.38;4.41;4.34;4.37;77707;953740.000
12/31/2004;4.37;4.40;4.29;4.30;87300;1063148.000
01/04/2005;4.26;4.36;4.26;4.29;60915;736538.000
01/05/2005;4.28;4.42;4.28;4.35;55190;676727.000
01/06/2005;4.39;4.39;4.32;4.37;45977;560943.000
01/07/2005;4.32;4.56;4.32;4.43;216400;2707819.000
01/10/2005;4.44;4.54;4.39;4.49;109335;1371331.000
01/11/2005;4.45;4.52;4.43;4.49;60910;765244.000
01/12/2005;4.42;4.44;4.39;4.43;71856;891019.000
01/13/2005;4.45;4.51;4.41;4.42;86000;1074628.000
01/14/2005;4.40;4.47;4.27;4.27;265500;3223426.000
01/17/2005;4.22;4.26;4.04;4.06;303312;3528082.000
01/18/2005;4.18;4.18;4.05;4.16;114343;1321676.000
01/19/2005;4.11;4.14;4.07;4.09;100676;1167878.000
01/20/2005;4.05;4.11;3.95;3.97;152500;1722184.000
01/21/2005;3.99;4.10;3.80;4.09;219179;2468138.000
01/24/2005;4.25;4.26;4.12;4.15;260277;3061125.000
01/25/2005;4.11;4.11;3.95;4.00;153290;1732816.000
01/26/2005;3.96;3.99;3.90;3.92;111000;1239989.000
01/27/2005;3.85;3.92;3.85;3.88;128850;1418770.000
01/28/2005;3.88;3.93;3.81;3.86;99204;1085167.000
01/31/2005;3.86;3.86;3.46;3.50;356540;3668226.000
02/01/2005;3.40;3.59;3.40;3.48;201372;2009546.000
02/02/2005;3.49;3.80;3.49;3.77;272603;2849316.000
02/03/2005;3.76;3.78;3.59;3.61;289880;3040479.000
02/04/2005;3.57;3.72;3.55;3.71;182698;1912290.000
02/16/2005;3.80;3.84;3.73;3.76;193315;2085692.000
02/17/2005;3.76;3.79;3.69;3.78;87353;930291.000
02/18/2005;3.80;3.80;3.67;3.68;97150;1028943.000
02/21/2005;3.68;3.77;3.68;3.77;124763;1328142.000
02/22/2005;3.76;4.10;3.76;4.07;574727;6393496.000
02/23/2005;4.05;4.24;3.99;4.15;721553;8452219.000
02/24/2005;4.14;4.20;4.08;4.14;303977;3538835.000
02/28/2005;4.12;4.18;4.02;4.06;255695;2960457.000
03/01/2005;4.13;4.13;4.00;4.12;270102;3089925.000
03/02/2005;4.18;4.43;4.18;4.24;1143171;13900519.000
03/03/2005;4.18;4.28;4.05;4.19;432240;5091631.000
03/04/2005;4.18;4.24;4.15;4.19;194060;2285514.000
03/07/2005;4.25;4.25;4.14;4.16;145400;1712259.000
03/08/2005;4.17;4.37;4.13;4.35;500867;6019864.000
03/09/2005;4.39;4.39;4.29;4.36;409787;5002681.000
03/10/2005;4.37;4.37;4.16;4.18;396252;4741024.000
03/11/2005;4.10;4.26;4.10;4.18;251327;2967975.000
03/14/2005;4.16;4.21;4.06;4.12;325243;3780301.000
03/15/2005;4.12;4.17;4.05;4.05;177503;2049143.000
03/16/2005;4.00;4.05;3.89;3.91;242167;2714374.000
03/17/2005;3.91;3.99;3.86;3.90;168040;1870210.000
03/18/2005;3.89;3.94;3.81;3.82;187486;2049682.000
03/21/2005;3.82;3.89;3.82;3.87;94274;1032907.000
03/22/2005;3.86;3.94;3.69;3.77;235586;2553209.000
03/23/2005;3.71;3.80;3.58;3.71;249723;2637671.000
03/24/2005;3.71;3.99;3.70;3.98;602155;6661403.000
03/25/2005;3.82;3.82;3.55;3.61;1091469;11310525.000
03/28/2005;3.65;3.65;3.41;3.50;559109;5545212.000
03/29/2005;3.45;3.53;3.42;3.44;278962;2764452.000
03/30/2005;3.42;3.42;3.19;3.20;450654;4242507.000
03/31/2005;3.15;3.23;3.11;3.22;216588;1986298.000
04/01/2005;3.19;3.42;3.15;3.36;344994;3258485.000
04/04/2005;3.28;3.32;3.21;3.22;252629;2362723.000
04/05/2005;3.19;3.27;3.18;3.20;136954;1272961.000
04/06/2005;3.16;3.27;3.16;3.27;287229;2661433.000
04/07/2005;3.28;3.47;3.25;3.34;592861;5760200.000
04/08/2005;3.34;3.47;3.31;3.46;385706;3763413.000
04/11/2005;3.42;3.56;3.39;3.45;337098;3333096.000
04/12/2005;3.44;3.44;3.31;3.34;239000;2306236.000
04/13/2005;3.34;3.47;3.34;3.45;300152;2947415.000
04/14/2005;3.46;3.50;3.37;3.39;189380;1864797.000
04/15/2005;3.34;3.34;3.19;3.20;423043;3941724.000
04/18/2005;3.21;3.24;3.16;3.21;206890;1910805.000
04/19/2005;3.21;3.25;3.21;3.24;138690;1289831.000
04/20/2005;3.24;3.25;3.02;3.03;463800;4157083.000
04/21/2005;3.02;3.10;2.98;3.00;206040;1814581.000
04/22/2005;3.00;3.02;2.87;2.89;332643;2840492.000
04/25/2005;2.57;2.65;2.57;2.57;373300;2831057.000
04/26/2005;2.35;2.50;2.31;2.48;1018064;7268583.000
04/27/2005;2.47;2.47;2.29;2.30;599915;4187431.000
04/28/2005;2.28;2.48;2.28;2.44;759260;5424735.000
04/29/2005;2.42;2.44;2.36;2.41;293715;2094254.000
05/09/2005;2.44;2.44;2.21;2.23;287100;1990698.000
05/10/2005;2.25;2.27;2.13;2.25;296529;1947687.000
05/11/2005;2.24;2.31;2.17;2.28;227402;1532135.000
05/12/2005;2.28;2.39;2.26;2.33;301110;2074319.000
05/13/2005;2.35;2.44;2.34;2.42;339062;2407107.000
05/16/2005;2.43;2.43;2.35;2.36;237765;1676849.000
05/17/2005;2.32;2.45;2.32;2.39;167597;1189701.000
05/18/2005;2.41;2.42;2.32;2.37;157033;1103192.000
05/19/2005;2.36;2.40;2.33;2.37;151283;1060261.000
05/23/2005;2.35;2.35;2.21;2.21;208010;1395902.000
05/24/2005;2.21;2.36;2.21;2.31;153645;1052920.000
05/25/2005;2.27;2.45;2.26;2.36;285390;2008655.000
05/26/2005;2.39;2.53;2.36;2.41;723573;5270567.000
05/27/2005;2.39;2.44;2.36;2.39;243150;1727033.000
05/30/2005;2.43;2.44;2.31;2.44;226749;1609784.000
05/31/2005;2.40;2.45;2.39;2.42;164900;1178443.000
06/01/2005;2.41;2.41;2.31;2.32;194835;1361709.000
06/02/2005;2.31;2.34;2.29;2.34;114880;792674.000
06/03/2005;2.32;2.37;2.28;2.31;101522;702795.000
06/06/2005;2.29;2.35;2.26;2.33;193937;1335382.000
06/07/2005;2.34;2.44;2.34;2.37;354160;2519148.000
06/08/2005;2.39;2.61;2.36;2.60;789235;5844156.000
06/09/2005;2.59;2.73;2.50;2.66;1099691;8492271.000
06/10/2005;2.66;2.66;2.56;2.58;564039;4322901.000
06/13/2005;2.62;2.65;2.52;2.61;473996;3609207.000
06/14/2005;2.59;2.66;2.51;2.51;386540;2931305.000
06/15/2005;2.50;2.51;2.43;2.45;210190;1531668.000
06/16/2005;2.45;2.50;2.41;2.48;286209;2080865.000
06/17/2005;2.48;2.50;2.42;2.44;286680;2085090.000
06/20/2005;2.45;2.57;2.29;2.56;601932;4377201.000
06/21/2005;2.51;2.59;2.50;2.58;516041;3870706.000
06/22/2005;2.56;2.68;2.51;2.67;643872;4927884.000
06/23/2005;2.68;2.69;2.54;2.55;750128;5775143.000
06/24/2005;2.66;2.73;2.59;2.61;1611849;12608094.000
06/27/2005;2.61;2.82;2.61;2.75;1300155;10420389.000
06/28/2005;2.74;2.74;2.64;2.65;647753;5074573.000
06/29/2005;2.66;2.73;2.61;2.66;518865;4075870.000
06/30/2005;2.63;2.65;2.52;2.53;354710;2692340.000
07/01/2005;2.50;2.50;2.35;2.36;595550;4287275.000
07/04/2005;2.34;2.34;2.20;2.29;328781;2228627.000
07/05/2005;2.22;2.31;2.22;2.28;164900;1124384.000
07/06/2005;2.29;2.31;2.19;2.22;262316;1763661.000
07/07/2005;2.20;2.26;2.19;2.21;193028;1286588.000
07/08/2005;2.20;2.20;2.15;2.15;197798;1288394.000
07/11/2005;2.22;2.28;2.00;2.05;181600;1194305.000
07/12/2005;2.04;2.20;2.04;2.18;309260;1938834.000
07/13/2005;2.15;2.18;2.12;2.13;193800;1237091.000
07/14/2005;2.12;2.20;2.12;2.16;174750;1122737.000
07/15/2005;2.15;2.19;1.99;2.01;407817;2500344.000
07/18/2005;2.00;2.01;1.92;1.94;262323;1537574.000
07/19/2005;1.91;2.01;1.91;1.97;123110;724400.000
07/20/2005;2.19;2.19;2.10;2.19;1102237;7062479.000
07/21/2005;2.19;2.38;2.14;2.37;2213889;14659259.000
07/22/2005;2.30;2.52;2.24;2.50;3197079;22749226.000
07/25/2005;2.47;2.51;2.39;2.45;1350748;9662561.000
07/26/2005;2.43;2.71;2.40;2.71;2366899;17617044.000
07/27/2005;2.68;2.84;2.60;2.83;2976510;23313572.000
07/28/2005;2.82;3.00;2.73;2.97;3965179;33141892.000
07/29/2005;2.97;3.02;2.92;2.99;2960742;25302268.000
08/01/2005;2.93;3.01;2.89;2.90;1717472;14450028.000
08/02/2005;2.88;2.92;2.75;2.89;2242429;18173396.000
08/03/2005;2.85;2.94;2.81;2.85;1941509;15996939.000
08/04/2005;2.85;2.92;2.78;2.83;1556781;12810163.000
08/05/2005;2.80;2.90;2.79;2.86;1531989;12612550.000
08/08/2005;2.90;3.13;2.86;3.11;3037583;26463816.000
08/09/2005;3.11;3.13;2.98;3.03;1893192;16471327.000
08/10/2005;3.04;3.34;2.99;3.26;2814548;25646204.000
08/11/2005;3.25;3.32;3.16;3.23;1823021;16775817.000
08/12/2005;3.23;3.25;3.03;3.04;1567539;14034247.000
08/15/2005;3.03;3.22;3.01;3.16;1377987;12308164.000
08/16/2005;3.22;3.22;3.05;3.11;1182751;10515412.000
08/17/2005;3.07;3.30;2.96;3.24;2700609;24648160.000
08/18/2005;3.24;3.30;3.10;3.11;2307972;21156220.000
08/19/2005;3.11;3.15;2.98;3.08;1011584;8888370.000
08/22/2005;3.08;3.13;3.03;3.09;536025;4719300.000
08/23/2005;3.09;3.09;2.87;2.91;893502;7572858.000
08/24/2005;2.92;2.98;2.87;2.94;615016;5181326.000
08/25/2005;2.95;2.99;2.91;2.98;546837;4652840.000
08/26/2005;3.02;3.15;3.02;3.12;1169315;10400600.000
08/29/2005;3.10;3.16;3.02;3.06;608312;5377550.000
08/30/2005;3.04;3.04;2.94;2.98;399027;3416143.000
08/31/2005;3.00;3.11;2.96;3.11;517252;4543662.000
09/01/2005;3.18;3.18;3.11;3.13;808730;7248593.000
09/02/2005;3.13;3.24;3.11;3.23;1346136;12240037.000
09/05/2005;3.24;3.26;3.16;3.23;866296;7947921.000
09/06/2005;3.23;3.24;3.06;3.07;984300;8922584.000
09/07/2005;3.06;3.15;2.98;3.14;623369;5489938.000
09/08/2005;3.14;3.21;3.10;3.15;602490;5428718.000
09/09/2005;3.19;3.19;3.07;3.08;578114;5135101.000
09/12/2005;3.07;3.11;3.02;3.08;369409;3230029.000
09/13/2005;3.08;3.34;3.08;3.34;1942120;17854712.000
09/14/2005;3.34;3.52;3.29;3.44;2121849;20481928.000
09/15/2005;3.42;3.44;3.35;3.40;756604;7281231.000
09/16/2005;3.40;3.42;3.31;3.39;672176;6409082.000
09/19/2005;3.38;3.44;3.32;3.41;570957;5493051.000
09/20/2005;3.41;3.42;3.26;3.28;1070363;10071814.000
09/21/2005;3.27;3.33;3.25;3.28;607387;5677011.000
09/22/2005;3.26;3.29;3.04;3.10;731207;6604063.000
09/23/2005;3.10;3.16;2.96;2.97;581684;5131274.000
09/26/2005;2.97;3.06;2.96;3.04;382487;3291301.000
09/27/2005;3.06;3.06;2.94;2.97;419362;3597577.000
09/28/2005;2.97;3.05;2.95;2.98;357974;3072099.000
09/29/2005;3.03;3.11;3.00;3.10;608938;5349320.000
09/30/2005;3.06;3.09;3.03;3.04;355885;3108578.000
10/10/2005;3.02;3.05;2.89;2.89;508614;4293108.000
10/11/2005;2.87;2.97;2.86;2.96;305850;2560120.000
10/12/2005;2.95;3.00;2.92;2.99;396817;3375499.000
10/13/2005;2.98;3.00;2.95;2.97;412000;3518717.000
10/14/2005;2.96;2.96;2.89;2.89;390012;3276456.000
10/17/2005;2.87;2.92;2.82;2.90;204253;1697224.000
10/18/2005;2.90;3.02;2.90;3.00;319997;2732454.000
10/19/2005;3.02;3.29;3.00;3.17;1580969;14249217.000
10/20/2005;3.13;3.21;3.01;3.07;810279;7221656.000
10/21/2005;3.08;3.25;3.08;3.17;892109;8133205.000
10/24/2005;3.23;3.28;3.15;3.23;804333;7372793.000
10/25/2005;3.23;3.23;3.08;3.09;547198;4888941.000
10/26/2005;3.08;3.08;2.92;2.94;445613;3849285.000
10/27/2005;2.92;3.01;2.89;2.98;409960;3475735.000
10/28/2005;2.98;3.00;2.81;2.85;355135;2947326.000
10/31/2005;2.78;2.88;2.78;2.87;328747;2691705.000
11/01/2005;2.83;2.87;2.71;2.80;304686;2455625.000
11/02/2005;2.79;2.99;2.79;2.92;499100;4196178.000
11/03/2005;2.93;2.96;2.83;2.85;309349;2571341.000
11/04/2005;2.85;2.92;2.81;2.89;208459;1725687.000
11/07/2005;2.87;2.95;2.87;2.94;269099;2246877.000
11/08/2005;2.93;2.95;2.89;2.94;210072;1765889.000
11/09/2005;2.93;3.03;2.93;3.00;577018;4950014.000
11/10/2005;2.98;3.00;2.83;2.84;474956;3953367.000
11/11/2005;2.85;2.89;2.82;2.87;237077;1951664.000
11/14/2005;2.80;2.88;2.80;2.86;112099;919130.000
11/15/2005;2.87;2.90;2.83;2.84;156050;1283971.000
11/16/2005;2.81;2.90;2.81;2.89;217280;1786897.000
11/17/2005;2.89;2.91;2.85;2.87;136900;1134249.000
11/18/2005;2.90;3.02;2.85;3.00;628768;5334290.000
11/21/2005;3.01;3.02;2.97;3.00;329879;2830499.000
11/22/2005;2.96;2.99;2.89;2.90;237753;2007970.000
11/23/2005;2.88;2.95;2.88;2.94;167590;1404795.000
11/24/2005;2.93;2.97;2.92;2.97;201345;1708605.000
11/25/2005;2.97;2.97;2.92;2.95;129501;1091367.000
11/28/2005;2.93;2.97;2.91;2.92;110400;931045.000
11/29/2005;2.92;2.95;2.86;2.86;233487;1939226.000
11/30/2005;2.84;2.90;2.83;2.87;185634;1528521.000
12/01/2005;2.87;2.90;2.84;2.89;119461;985133.000
12/02/2005;2.87;2.90;2.81;2.81;247540;2022487.000
12/05/2005;2.77;2.84;2.71;2.71;262200;2085160.000
12/06/2005;2.71;2.73;2.66;2.71;161110;1259266.000
12/07/2005;2.69;2.76;2.69;2.75;101139;799107.000
12/08/2005;2.75;2.79;2.70;2.74;64393;509825.000
12/09/2005;2.72;2.80;2.70;2.79;146830;1173171.000
12/12/2005;2.81;2.87;2.81;2.85;222005;1814789.000
12/13/2005;2.83;2.85;2.78;2.83;114431;926492.000
12/14/2005;2.83;2.87;2.79;2.85;134530;1100725.000
12/15/2005;2.85;2.87;2.82;2.83;147885;1213266.000
12/16/2005;2.82;2.85;2.81;2.84;105100;856497.000
12/19/2005;2.85;2.86;2.81;2.85;118899;973617.000
12/20/2005;2.85;2.86;2.83;2.85;100980;827268.000
12/21/2005;2.84;2.85;2.79;2.79;130200;1058494.000
12/22/2005;2.78;2.80;2.76;2.80;182900;1467743.000
12/23/2005;2.81;2.94;2.81;2.87;275709;2277989.000
12/26/2005;2.87;2.95;2.87;2.94;508589;4279530.000
12/27/2005;2.94;2.95;2.89;2.94;194590;1639079.000
12/28/2005;2.92;2.94;2.90;2.92;203044;1702139.000
12/29/2005;2.94;3.02;2.94;2.99;531675;4559143.000
12/30/2005;2.82;3.02;2.82;2.92;384035;3256109.000
01/04/2006;2.94;3.07;2.92;3.05;742141;6421720.000
01/05/2006;3.09;3.10;3.02;3.09;940754;8251642.000
01/06/2006;3.11;3.28;3.09;3.22;1512843;13863636.000
01/09/2006;3.23;3.28;3.19;3.26;811876;7506320.000
01/10/2006;3.26;3.26;3.18;3.22;630443;5753320.000
01/11/2006;3.18;3.24;3.12;3.14;589000;5335763.000
01/12/2006;3.14;3.48;3.13;3.42;1800648;17235572.000
01/13/2006;3.39;3.60;3.35;3.49;1960278;19427496.000
01/16/2006;3.48;3.68;3.44;3.45;1803243;18140112.000
01/17/2006;3.46;3.50;3.37;3.40;781715;7598289.000
01/18/2006;3.40;3.60;3.39;3.54;944547;9412434.000
01/19/2006;3.60;3.60;3.47;3.55;819330;8167882.000
01/20/2006;3.55;3.64;3.47;3.52;1027038;10317798.000
01/23/2006;3.50;3.76;3.50;3.74;1367746;14060244.000
01/24/2006;3.76;3.85;3.65;3.70;1042981;11021905.000
01/25/2006;3.70;3.74;3.35;3.42;1440199;14269497.000
02/06/2006;3.42;3.55;3.42;3.54;643487;6371721.000
02/07/2006;3.57;3.58;3.34;3.37;1142910;11129078.000
02/08/2006;3.37;3.45;3.36;3.44;452691;4361366.000
02/09/2006;3.45;3.46;3.38;3.39;303213;2934232.000
02/10/2006;3.40;3.52;3.38;3.50;677778;6658286.000
02/13/2006;3.51;3.52;3.37;3.42;424176;4123206.000
02/14/2006;3.40;3.48;3.37;3.46;306646;2993097.000
02/15/2006;3.44;3.49;3.40;3.45;518643;5045076.000
02/16/2006;3.44;3.45;3.23;3.25;684472;6429677.000
02/17/2006;3.25;3.31;3.21;3.22;339935;3153121.000
02/20/2006;3.18;3.22;3.15;3.16;327892;2978059.000
02/21/2006;3.15;3.33;3.14;3.32;431983;3982394.000
02/22/2006;3.32;3.39;3.27;3.29;431463;4091354.000
02/23/2006;3.34;3.35;3.25;3.31;169606;1590376.000
02/24/2006;3.31;3.34;3.28;3.31;352528;3316354.000
02/27/2006;3.31;3.34;3.25;3.28;196051;1832194.000
02/28/2006;3.28;3.28;3.20;3.28;227216;2093498.000
03/01/2006;3.28;3.33;3.28;3.32;326891;3076409.000
03/02/2006;3.32;3.34;3.15;3.23;321725;2995273.000
03/03/2006;3.23;3.25;3.21;3.24;212447;1955286.000
03/06/2006;3.21;3.27;3.19;3.23;115638;1064607.000
03/07/2006;3.21;3.21;3.13;3.13;268603;2421581.000
03/08/2006;3.12;3.15;3.08;3.14;144755;1288728.000
03/09/2006;3.15;3.15;3.10;3.11;148437;1320295.000
03/10/2006;3.15;3.16;3.10;3.10;118400;1055764.000
03/13/2006;3.10;3.17;3.10;3.16;113798;1018631.000
03/14/2006;3.16;3.17;3.13;3.16;84108;757072.000
03/15/2006;3.16;3.23;3.16;3.22;163444;1492425.000
03/16/2006;3.24;3.28;3.21;3.24;217500;2011203.000
03/17/2006;3.24;3.25;3.18;3.24;223408;2046785.000
03/20/2006;3.28;3.28;3.22;3.27;199582;1849853.000
03/21/2006;3.25;3.29;3.22;3.26;230514;2142902.000
03/22/2006;3.23;3.27;3.21;3.27;132410;1221431.000
03/23/2006;3.26;3.30;3.23;3.28;276738;2573364.000
03/24/2006;3.30;3.30;3.22;3.24;238827;2207687.000
03/27/2006;3.22;3.28;3.22;3.28;152658;1411792.000
03/28/2006;3.25;3.29;3.25;3.27;156700;1459363.000
03/29/2006;3.28;3.52;3.26;3.40;962864;9288907.000
03/30/2006;3.38;3.42;3.35;3.35;417533;4011805.000
03/31/2006;3.32;3.42;3.28;3.42;416470;3972957.000
04/03/2006;3.43;3.49;3.39;3.48;684925;6696122.000
04/04/2006;3.47;3.63;3.45;3.62;1069290;10761283.000
04/05/2006;3.60;3.65;3.55;3.62;668131;6811405.000
04/06/2006;3.63;3.70;3.57;3.57;769232;7869042.000
04/07/2006;3.57;3.69;3.57;3.60;617985;6317251.000
04/10/2006;3.61;3.81;3.61;3.79;963835;10103509.000
04/11/2006;3.79;3.84;3.65;3.80;951652;10071071.000
04/12/2006;3.80;3.82;3.68;3.69;548591;5761213.000
04/13/2006;3.69;3.71;3.49;3.49;902024;9163783.000
04/14/2006;3.48;3.59;3.47;3.59;535476;5366574.000
04/17/2006;3.59;3.69;3.55;3.68;812524;8372226.000
04/18/2006;3.66;3.67;3.53;3.57;853039;8691621.000
04/19/2006;3.55;3.61;3.48;3.52;584539;5847367.000
04/20/2006;3.55;3.64;3.52;3.64;811867;8259072.000
04/21/2006;3.65;4.03;3.64;4.03;1963068;21701992.000
04/24/2006;4.00;4.36;3.82;4.18;2806711;31686644.000
04/25/2006;4.08;4.22;3.88;4.08;1208404;13844572.000
04/26/2006;4.03;4.24;4.01;4.10;1325848;15369827.000
04/27/2006;4.10;4.17;3.98;4.01;734747;8345932.000
04/28/2006;3.97;4.30;3.87;4.21;1333336;15416076.000
05/25/2006;4.66;4.66;4.66;4.66;71723;928813.000
05/26/2006;5.16;5.16;5.16;5.16;220614;3143750.000
05/29/2006;5.70;5.70;5.29;5.70;3794267;58507344.000
05/30/2006;5.67;6.29;5.50;6.29;2446767;40881152.000
06/21/2006;7.46;7.46;6.33;6.41;6017356;83570656.000
06/22/2006;6.43;7.01;6.43;6.72;3661965;51126032.000
06/23/2006;6.66;6.75;6.52;6.68;1659173;22899172.000
06/26/2006;6.82;6.85;6.50;6.52;2111638;29142038.000
06/27/2006;6.50;6.70;5.92;6.36;3410030;44018080.000
06/28/2006;6.31;6.34;6.11;6.20;1217347;15697641.000
06/29/2006;6.20;6.42;6.20;6.37;1410814;18555712.000
06/30/2006;6.37;6.50;6.28;6.31;992263;13083663.000
07/03/2006;6.32;6.47;6.25;6.46;1197751;15813180.000
07/04/2006;6.46;6.50;6.36;6.42;1057827;14093221.000
07/05/2006;6.47;6.68;6.42;6.67;1819712;24828820.000
07/06/2006;6.67;6.97;6.62;6.89;2073025;29277912.000
07/07/2006;6.90;6.96;6.70;6.77;1333671;18779566.000
07/10/2006;6.67;6.87;6.52;6.54;735509;10053740.000
07/11/2006;6.45;6.56;6.35;6.52;1122546;14973548.000
07/12/2006;6.51;6.51;6.26;6.30;1584602;20730746.000
07/13/2006;6.30;6.37;5.65;5.65;2568335;31290662.000
07/14/2006;5.57;5.62;5.45;5.51;1142550;13149596.000
07/17/2006;5.51;5.76;5.51;5.75;894414;10565622.000
07/18/2006;5.74;5.74;5.48;5.65;721914;8415802.000
07/19/2006;5.62;5.65;5.19;5.30;1205633;13472903.000
07/20/2006;5.30;5.49;5.26;5.36;829584;9284397.000
07/21/2006;5.42;5.43;5.28;5.36;435860;4882584.000
07/24/2006;5.37;5.61;5.28;5.61;1046754;12016680.000
07/25/2006;5.65;5.97;5.64;5.90;1665954;20161636.000
07/26/2006;6.01;6.01;5.78;5.79;875366;10610953.000
07/27/2006;5.79;5.84;5.57;5.63;716679;8482700.000
07/28/2006;5.62;5.68;5.37;5.47;650646;7467026.000
07/31/2006;5.47;5.62;5.40;5.42;663250;7597963.000
08/01/2006;5.42;5.50;5.26;5.37;509112;5734245.000
08/02/2006;5.42;5.47;5.35;5.47;561310;6337394.000
08/03/2006;5.47;5.50;5.35;5.42;303854;3430287.000
08/04/2006;5.37;5.45;5.00;5.02;769529;8289105.000
08/07/2006;5.03;5.10;4.66;4.70;726600;7365684.000
08/08/2006;4.68;4.88;4.67;4.84;466734;4693662.000
08/09/2006;4.86;4.86;4.76;4.77;251721;2531421.000
08/10/2006;4.76;4.92;4.76;4.92;711768;7217854.000
08/11/2006;4.93;4.96;4.83;4.92;362110;3710571.000
08/14/2006;5.06;5.26;4.97;5.02;1129964;12034212.000
08/15/2006;4.97;5.09;4.89;5.09;440413;4615161.000
08/16/2006;5.08;5.20;4.98;5.16;536197;5748146.000
08/17/2006;5.10;5.10;5.00;5.02;424346;4476102.000
08/18/2006;5.03;5.09;5.00;5.00;246688;2601955.000
08/21/2006;4.78;5.04;4.77;5.03;419075;4322992.000
08/22/2006;5.02;5.14;4.94;5.11;487805;5191358.000
08/23/2006;5.10;5.22;5.06;5.10;715669;7708532.000
08/24/2006;5.10;5.32;5.03;5.29;901776;9833571.000
08/25/2006;5.35;5.66;5.31;5.50;1792640;20542460.000
08/28/2006;5.51;5.62;5.45;5.55;948128;10913724.000
08/29/2006;5.57;5.81;5.55;5.57;1470025;17360180.000
08/30/2006;5.56;5.71;5.47;5.60;663262;7694533.000
08/31/2006;5.61;5.69;5.56;5.63;609724;7137407.000
09/01/2006;5.63;5.69;5.33;5.42;891551;10119773.000
09/04/2006;5.42;5.66;5.38;5.61;716394;8302908.000
09/05/2006;5.62;5.72;5.56;5.67;833235;9821549.000
09/06/2006;5.75;5.82;5.63;5.79;1040086;12448462.000
09/07/2006;5.81;5.82;5.56;5.59;656433;7710607.000
09/08/2006;5.56;5.67;5.52;5.57;467126;5441483.000
09/11/2006;5.61;5.65;5.44;5.57;435203;5003201.000
09/12/2006;5.58;5.71;5.57;5.67;603437;7108085.000
09/13/2006;5.67;5.70;5.48;5.55;407099;4736677.000
09/14/2006;5.58;5.60;5.46;5.57;340352;3916266.000
09/15/2006;5.57;5.68;5.52;5.64;637637;7452886.000
09/18/2006;5.67;5.90;5.60;5.86;1400451;16872336.000
09/19/2006;5.91;5.97;5.78;5.85;986669;12059692.000
09/20/2006;5.82;5.89;5.72;5.84;613388;7386462.000
09/21/2006;5.85;5.85;5.75;5.84;658120;7936058.000
09/22/2006;5.84;5.94;5.73;5.85;881420;10685649.000
09/25/2006;5.82;6.08;5.82;6.07;1602691;19992572.000
09/26/2006;6.07;6.12;5.87;5.96;756349;9360814.000
09/27/2006;5.93;6.23;5.90;6.20;1319170;16799112.000
09/28/2006;6.25;6.82;6.20;6.63;3189385;43638764.000
09/29/2006;6.60;6.80;6.56;6.59;1692836;23328118.000
10/09/2006;6.63;6.76;6.47;6.71;1394933;19076148.000
10/10/2006;6.71;7.09;6.62;6.86;1740057;24820078.000
10/11/2006;6.76;6.95;6.60;6.84;1116462;15562796.000
10/12/2006;6.77;6.88;6.27;6.27;1991544;26843180.000
10/13/2006;6.25;6.45;6.18;6.42;1159648;15221525.000
10/16/2006;6.32;6.52;6.26;6.27;655416;8651048.000
10/17/2006;6.27;6.37;6.16;6.18;701520;9071699.000
10/18/2006;6.22;6.41;6.20;6.39;713561;9351835.000
10/19/2006;6.37;6.45;6.25;6.37;835641;10998611.000
10/20/2006;6.37;6.42;6.18;6.26;589757;7647558.000
10/23/2006;6.22;6.22;5.77;5.86;1439873;17742104.000
10/24/2006;5.85;6.02;5.81;5.97;785497;9692419.000
10/25/2006;6.00;6.00;5.83;5.87;454661;5594172.000
10/26/2006;5.81;6.13;5.80;6.06;908170;11398153.000
10/27/2006;6.07;6.14;5.91;5.94;503746;6289736.000
10/30/2006;5.82;5.82;5.32;5.38;2007517;22684800.000
10/31/2006;5.39;5.52;5.39;5.47;605192;6888764.000
11/01/2006;5.48;5.51;5.30;5.46;808894;9065568.000
11/02/2006;5.47;5.49;5.36;5.42;441135;4978369.000
11/03/2006;5.45;5.53;5.44;5.44;422257;4810973.000
11/06/2006;5.42;5.45;5.35;5.37;442866;4976947.000
11/07/2006;5.36;5.52;5.29;5.49;653570;7363279.000
11/08/2006;5.50;5.54;5.43;5.47;421274;4815029.000
11/09/2006;5.47;5.51;5.38;5.45;433653;4911430.000
11/10/2006;5.47;5.55;5.27;5.35;474631;5393429.000
11/13/2006;5.30;5.40;4.96;5.05;773395;8262476.000
11/14/2006;5.07;5.17;4.91;5.13;400562;4191443.000
11/15/2006;5.11;5.25;5.04;5.23;447625;4829455.000
11/16/2006;5.23;5.26;5.11;5.11;300313;3244680.000
11/17/2006;5.16;5.37;5.10;5.28;408486;4468701.000
11/20/2006;5.28;5.30;5.12;5.21;242930;2644970.000
11/21/2006;5.29;5.32;5.15;5.30;269522;2960715.000
11/22/2006;5.31;5.42;5.25;5.37;387508;4343907.000
11/23/2006;5.35;5.40;5.27;5.33;388715;4315200.000
11/24/2006;5.33;5.36;5.26;5.31;512007;5664544.000
11/27/2006;5.31;5.59;5.30;5.57;1236286;14056566.000
11/28/2006;5.60;5.60;5.45;5.49;719560;8273455.000
11/29/2006;5.45;5.57;5.40;5.52;564860;6478378.000
11/30/2006;5.57;5.67;5.52;5.63;886227;10312565.000
12/01/2006;5.64;5.73;5.56;5.62;945084;11092251.000
12/04/2006;5.66;5.66;5.56;5.65;747958;8736470.000
12/05/2006;5.66;5.67;5.56;5.62;886636;10351296.000
12/06/2006;5.57;5.66;5.28;5.44;959614;10929185.000
12/07/2006;5.42;5.46;5.32;5.36;781073;8756728.000
12/08/2006;5.35;5.35;5.08;5.09;672518;7313697.000
12/11/2006;5.03;5.37;5.03;5.29;506787;5558951.000
12/12/2006;5.28;5.32;5.17;5.23;470821;5126970.000
12/13/2006;5.24;5.32;5.17;5.22;269766;2943594.000
12/14/2006;5.23;5.37;5.19;5.31;424694;4683174.000
12/15/2006;5.26;5.45;5.12;5.36;788449;8769121.000
12/18/2006;5.32;5.54;5.32;5.49;1124918;12798072.000
12/19/2006;5.55;5.67;5.39;5.65;1373652;15858841.000
12/20/2006;5.62;5.86;5.55;5.75;1259835;15039954.000
12/21/2006;5.71;5.81;5.60;5.61;912264;10799687.000
12/22/2006;5.62;5.71;5.50;5.52;529938;6164671.000
12/25/2006;5.55;5.64;5.50;5.54;500673;5792458.000
12/26/2006;5.60;5.60;5.38;5.43;346246;3950851.000
12/27/2006;5.40;5.48;5.35;5.41;451268;5076492.000
12/28/2006;5.41;5.43;5.17;5.20;600923;6614485.000
12/29/2006;5.26;5.34;5.17;5.22;622348;6793699.000
01/04/2007;5.27;5.35;5.21;5.23;551363;6052801.000
01/05/2007;5.18;5.37;5.18;5.36;451343;5014094.000
01/08/2007;5.39;5.63;5.37;5.57;820594;9492416.000
01/09/2007;5.62;5.70;5.58;5.67;950144;11167119.000
01/10/2007;5.70;5.97;5.60;5.93;1412856;16880260.000
01/11/2007;5.96;6.11;5.85;5.86;1583232;19621044.000
01/12/2007;5.77;5.92;5.52;5.55;1100088;13090184.000
01/15/2007;5.51;5.87;5.51;5.87;987373;11767916.000
01/16/2007;5.90;6.16;5.86;6.12;1591205;19929618.000
01/17/2007;6.14;6.19;5.77;6.05;1794015;22515332.000
01/18/2007;6.07;6.22;5.90;6.21;1470758;18631652.000
01/19/2007;6.25;6.41;6.21;6.33;1622979;21225212.000
01/22/2007;6.39;6.71;6.38;6.68;2510640;34189892.000
01/23/2007;6.68;6.82;6.47;6.71;2918984;40042532.000
01/24/2007;6.64;6.77;6.57;6.62;1480092;20446620.000
01/25/2007;6.57;6.57;6.18;6.19;1655471;21878914.000
01/26/2007;6.12;6.15;5.82;6.07;1710688;21222156.000
01/29/2007;6.10;6.36;6.10;6.33;1420430;18421454.000
01/31/2007;6.27;6.61;5.99;6.00;1622945;21079120.000
02/01/2007;6.07;6.10;5.78;5.99;1143358;14111928.000
02/02/2007;5.99;6.26;5.91;5.96;1173893;14738505.000
02/05/2007;5.98;6.37;5.98;6.37;1640092;21147076.000
02/06/2007;6.50;6.57;6.37;6.53;1489588;20007632.000
02/07/2007;6.58;6.72;6.48;6.57;1805886;24646008.000
02/08/2007;6.57;7.08;6.57;7.00;2675832;38197296.000
02/09/2007;7.00;7.27;6.86;7.26;1981446;28850940.000
02/12/2007;7.28;7.37;7.10;7.24;1694985;25269536.000
02/13/2007;7.26;7.26;7.03;7.18;1014950;14960752.000
02/14/2007;7.16;7.27;7.08;7.20;1255166;18639756.000
02/15/2007;7.19;7.72;7.19;7.65;1825602;28539660.000
02/16/2007;7.60;7.76;7.47;7.58;1652014;25950756.000
02/26/2007;7.55;8.22;7.55;8.20;1773713;29185368.000
02/27/2007;8.20;8.45;7.39;7.75;3643113;59684136.000
02/28/2007;7.76;8.55;7.67;8.55;3584016;61116004.000
03/01/2007;8.54;8.60;8.08;8.44;1802946;30973790.000
03/02/2007;8.37;8.54;8.28;8.45;1265828;21902996.000
03/05/2007;8.30;8.51;7.70;8.22;1964318;32704424.000
03/06/2007;8.17;8.24;7.86;7.98;915226;15125170.000
03/07/2007;7.97;8.32;7.93;8.28;1128983;18813056.000
03/08/2007;8.25;8.65;8.18;8.38;1067914;18598528.000
03/09/2007;8.47;8.47;8.13;8.24;769734;13054384.000
03/12/2007;8.12;8.27;7.87;8.26;918068;15252408.000
03/13/2007;8.34;8.52;8.22;8.41;1189186;20404824.000
03/14/2007;8.35;8.56;8.02;8.51;1522062;26120744.000
03/15/2007;8.47;9.38;8.47;9.11;2188322;40523936.000
03/16/2007;9.11;9.44;8.71;8.97;1608987;29965316.000
03/19/2007;8.72;9.32;8.53;9.28;1329776;24791802.000
03/20/2007;9.29;10.21;9.29;10.15;2070162;41576364.000
03/21/2007;10.27;10.55;9.96;10.28;1656385;34901096.000
03/22/2007;10.38;10.42;10.05;10.27;1127686;23553136.000
03/23/2007;10.12;10.74;9.92;10.56;1486417;31074380.000
03/26/2007;10.58;10.71;10.38;10.50;771640;16592761.000
03/27/2007;10.47;10.47;10.07;10.11;1113468;23221592.000
03/28/2007;10.07;10.19;9.58;9.77;1680133;33718864.000
03/29/2007;9.77;9.78;9.37;9.45;1027037;20067700.000
03/30/2007;9.44;9.82;9.28;9.80;890983;17521956.000
04/02/2007;9.53;10.07;9.21;10.06;2274796;44903436.000
04/03/2007;9.97;9.97;9.67;9.78;982561;19638970.000
04/04/2007;9.68;10.07;9.62;9.72;837288;16813536.000
04/05/2007;9.72;9.76;9.27;9.67;756204;14917053.000
04/06/2007;9.61;9.82;9.46;9.71;1397641;27452504.000
04/09/2007;9.78;9.97;9.72;9.94;1334679;26953512.000
04/10/2007;10.03;10.05;9.52;9.96;1209799;24504220.000
04/11/2007;9.96;9.96;9.62;9.86;1154694;23027694.000
04/12/2007;9.82;10.02;9.62;10.02;1720840;34518888.000
04/13/2007;10.01;10.42;9.92;10.02;1901399;39653888.000
04/16/2007;10.12;10.57;10.12;10.53;1719120;36678764.000
04/17/2007;10.53;10.92;10.38;10.75;1674223;36283232.000
04/18/2007;10.92;10.97;10.52;10.62;1513809;32850426.000
04/19/2007;10.77;10.77;9.53;9.78;1733724;35782288.000
04/20/2007;9.82;10.26;9.82;10.21;1386031;28533988.000
04/24/2007;10.75;10.92;10.27;10.34;2575277;55333228.000
04/25/2007;10.40;10.95;10.37;10.92;2240025;48852240.000
04/26/2007;11.07;12.04;10.97;12.04;4329246;104508592.000
04/27/2007;12.12;12.16;11.36;11.61;2609296;62345580.000
04/30/2007;11.70;11.95;11.32;11.63;1837241;43670992.000
05/08/2007;12.02;12.05;11.63;11.68;1724938;41350888.000
05/09/2007;11.62;11.62;10.56;11.26;2275221;51888708.000
05/10/2007;11.22;11.27;10.82;11.04;1199895;26958874.000
05/11/2007;11.12;11.57;10.92;11.22;1271497;29331448.000
05/14/2007;10.93;11.07;10.77;11.01;1120116;25061928.000
05/15/2007;11.01;11.20;10.42;10.44;1471925;32541426.000
05/16/2007;10.41;10.71;10.12;10.61;1090524;23150192.000
05/17/2007;10.72;11.00;10.62;10.83;1055531;23368928.000
05/18/2007;10.79;11.68;10.54;11.48;2403228;54712756.000
05/21/2007;11.05;11.68;10.95;11.54;2096343;48898752.000
05/22/2007;11.58;12.02;11.50;11.52;2240093;53471524.000
05/23/2007;11.52;11.67;11.38;11.56;2034123;47698984.000
05/24/2007;11.62;11.66;11.12;11.17;1727557;39901620.000
05/25/2007;11.17;11.47;11.07;11.31;1356822;31315364.000
05/29/2007;11.72;11.76;11.17;11.40;2053546;48165012.000
05/30/2007;10.65;11.02;10.24;10.24;1951739;42161652.000
05/31/2007;9.57;9.99;9.19;9.36;2491377;47819996.000
06/01/2007;9.42;9.66;8.40;8.42;2055280;37472508.000
06/04/2007;8.52;8.67;7.57;7.66;1808298;29547792.000
06/05/2007;7.58;8.02;6.96;7.97;1990423;31324100.000
06/06/2007;7.92;8.20;7.78;8.02;1549216;25478112.000
06/07/2007;8.00;8.45;8.00;8.39;1688834;28682272.000
06/08/2007;8.45;8.65;8.27;8.45;1313796;22909468.000
06/11/2007;8.46;8.77;8.42;8.54;1252517;22067786.000
06/12/2007;8.57;9.29;8.40;9.12;2059021;37177312.000
06/13/2007;9.15;9.82;9.07;9.43;2282030;44189620.000
06/14/2007;9.42;9.71;9.10;9.32;1592401;30547552.000
06/15/2007;9.12;9.33;9.02;9.24;1183903;22271636.000
06/18/2007;9.28;9.60;9.28;9.47;1385654;26732078.000
06/19/2007;9.42;9.42;9.14;9.39;863969;16407577.000
06/20/2007;9.38;9.82;9.08;9.17;1176419;22831254.000
06/21/2007;9.20;9.52;9.07;9.31;905725;17123728.000
06/22/2007;9.32;9.42;8.36;8.40;1392453;24765494.000
06/25/2007;8.63;8.82;7.93;8.09;1778891;30325812.000
06/26/2007;7.83;8.25;7.61;8.22;1070105;17417176.000
06/27/2007;8.25;8.38;7.91;8.27;800710;13386793.000
06/28/2007;8.22;8.34;7.62;7.65;729369;11922699.000
06/29/2007;7.53;7.70;7.23;7.29;858186;13009902.000
07/02/2007;7.25;7.50;7.22;7.48;648924;9762035.000
07/03/2007;7.58;7.60;7.32;7.54;522259;8013735.000
07/04/2007;7.51;7.62;7.37;7.47;451661;6930198.000
07/05/2007;7.32;7.51;7.02;7.07;630688;9308996.000
07/06/2007;7.00;7.47;6.92;7.46;777475;11513043.000
07/09/2007;7.52;7.67;7.36;7.66;705454;10922176.000
07/10/2007;7.59;7.97;7.34;7.71;752266;11745920.000
07/11/2007;7.76;7.76;7.51;7.68;332129;5203178.000
07/12/2007;7.68;7.76;7.59;7.74;430314;6746329.000
07/13/2007;7.76;7.79;7.58;7.61;275410;4303424.000
07/16/2007;7.61;7.67;7.28;7.30;399803;6097769.000
07/17/2007;7.31;7.67;7.27;7.56;453422;6930704.000
07/18/2007;7.57;7.70;7.42;7.55;380975;5905381.000
07/19/2007;7.55;8.33;7.46;8.33;1639510;26879540.000
07/20/2007;8.32;8.57;8.22;8.36;2082322;35678248.000
07/23/2007;8.24;8.75;8.24;8.62;1270011;22108668.000
07/24/2007;8.66;8.75;8.46;8.47;994826;17554764.000
07/25/2007;8.45;8.72;8.32;8.63;796578;13929662.000
07/26/2007;8.76;8.92;8.61;8.80;1044472;18741932.000
07/27/2007;8.75;8.97;8.61;8.92;848744;15372733.000
07/30/2007;8.88;9.17;8.82;9.00;952718;17521674.000
07/31/2007;8.98;9.05;8.72;9.04;894849;16256393.000
08/01/2007;8.97;9.57;8.82;9.17;2259556;42745884.000
08/02/2007;9.42;10.10;9.42;10.10;3378929;68073808.000
08/03/2007;10.31;10.91;9.76;9.93;3043446;63870280.000
08/06/2007;8.98;9.47;8.92;9.28;4078416;75720704.000
08/07/2007;9.07;9.08;8.66;8.89;2597331;47090140.000
08/08/2007;8.80;9.02;8.65;8.90;1091596;19661796.000
08/09/2007;8.95;8.95;8.70;8.84;1044666;18692516.000
08/10/2007;8.74;8.85;8.32;8.42;1080143;18797912.000
08/13/2007;8.38;8.47;8.13;8.28;931689;15797022.000
08/14/2007;8.32;8.71;8.32;8.64;877030;15356801.000
08/15/2007;8.63;8.70;8.26;8.56;667265;11554087.000
08/16/2007;8.56;8.61;8.35;8.57;524784;9079663.000
08/17/2007;8.56;8.75;8.56;8.62;828608;14642618.000
08/20/2007;8.79;8.86;8.69;8.82;848052;15234664.000
08/21/2007;8.85;8.91;8.63;8.72;837296;14896984.000
08/22/2007;8.72;8.76;8.41;8.72;824805;14612825.000
08/23/2007;8.72;8.91;8.70;8.82;1196859;21536528.000
08/24/2007;8.91;8.91;8.72;8.77;970461;17410780.000
08/27/2007;8.73;9.06;8.73;8.90;994343;18095128.000
08/28/2007;8.97;9.26;8.72;9.23;2036404;37567012.000
08/29/2007;9.18;9.52;9.01;9.09;1495531;28284040.000
08/30/2007;9.09;9.27;8.91;9.21;1154612;21486692.000
08/31/2007;9.23;9.27;9.11;9.18;1001130;18754884.000
09/03/2007;9.22;9.27;9.02;9.24;1381581;25754840.000
09/04/2007;9.25;9.27;9.07;9.16;947073;17711900.000
09/05/2007;9.13;9.21;8.85;8.99;812430;14912816.000
09/06/2007;8.98;9.15;8.97;9.02;722382;13341421.000
09/07/2007;8.95;9.06;8.72;8.74;799008;14504929.000
09/10/2007;8.63;8.89;8.53;8.88;771338;13695729.000
09/11/2007;8.84;9.17;8.39;8.43;1149772;20995960.000
09/12/2007;8.55;8.65;8.26;8.45;742208;12843878.000
09/13/2007;8.52;8.63;8.40;8.57;629404;10924490.000
09/14/2007;8.61;8.66;8.47;8.59;538726;9393131.000
09/17/2007;8.61;8.76;8.47;8.76;798991;14099947.000
09/18/2007;8.81;8.91;8.67;8.86;865692;15547970.000
09/19/2007;8.84;8.97;8.70;8.74;550750;9851879.000
09/20/2007;8.82;8.82;8.61;8.72;636914;11294381.000
09/21/2007;8.72;8.76;8.41;8.54;575376;10067367.000
09/24/2007;8.54;8.63;8.07;8.40;587081;9990553.000
09/25/2007;8.35;8.56;8.32;8.40;329464;5660612.000
09/26/2007;8.43;8.57;8.32;8.43;304319;5259918.000
09/27/2007;8.50;8.57;8.40;8.46;245753;4247094.000
09/28/2007;8.55;8.80;8.46;8.64;735718;13025668.000
10/08/2007;8.78;9.11;8.65;8.76;1035271;18793714.000
10/09/2007;8.76;8.95;8.59;8.87;540945;9763101.000
10/10/2007;8.87;8.99;8.68;8.82;678095;12251521.000
10/11/2007;8.82;8.88;8.47;8.49;590962;10369431.000
10/12/2007;8.57;8.57;7.94;8.20;852236;14233208.000
10/15/2007;8.32;8.32;8.03;8.23;451482;7549878.000
10/16/2007;8.25;8.50;8.25;8.47;482194;8281265.000
10/17/2007;8.57;8.57;8.32;8.36;341291;5869674.000
10/18/2007;8.47;8.47;8.18;8.23;378443;6410730.000
10/19/2007;8.31;8.49;8.20;8.28;301445;5121436.000
10/22/2007;8.13;8.31;7.83;7.96;215462;3565670.000
10/23/2007;8.07;8.08;7.70;7.92;350501;5651292.000
10/24/2007;7.92;8.21;7.61;7.74;272500;4438604.000
10/25/2007;7.74;7.74;7.03;7.17;533936;8065902.000
10/26/2007;7.17;7.46;7.09;7.29;342174;5061782.000
10/29/2007;7.43;7.43;7.10;7.24;237054;3498269.000
10/30/2007;7.31;7.35;7.17;7.34;409676;6073663.000
10/31/2007;7.41;7.61;7.32;7.58;363541;5583710.000
11/01/2007;7.60;7.60;7.22;7.32;415170;6253404.000
11/02/2007;7.32;7.67;7.08;7.41;451567;6939006.000
11/05/2007;7.36;7.60;7.27;7.50;336163;5127477.000
11/06/2007;7.51;7.83;7.51;7.78;576731;9158133.000
11/07/2007;7.82;7.90;7.53;7.67;195165;3056697.000
11/08/2007;7.66;7.66;7.33;7.36;230600;3535034.000
11/09/2007;7.30;7.52;7.27;7.33;137692;2079564.000
11/12/2007;7.31;7.53;7.26;7.48;295145;4487864.000
11/13/2007;7.44;7.65;7.38;7.51;232401;3567626.000
11/14/2007;7.60;7.69;7.48;7.65;287202;4454587.000
11/15/2007;7.66;7.66;7.39;7.44;269397;4134418.000
11/16/2007;7.60;8.07;7.60;8.05;1585425;25608896.000
11/19/2007;8.17;8.80;8.05;8.44;1832101;31595544.000
11/20/2007;8.47;8.52;7.82;8.20;917325;15396497.000
11/21/2007;8.35;8.61;8.13;8.56;864742;14797317.000
11/22/2007;8.46;8.57;7.97;8.02;618727;10582182.000
11/23/2007;8.07;8.50;8.02;8.47;599464;10144117.000
11/26/2007;8.65;8.72;8.34;8.43;711186;12431943.000
11/27/2007;8.34;8.51;8.16;8.25;395051;6696982.000
11/28/2007;8.17;8.55;8.17;8.30;379724;6527770.000
11/29/2007;8.51;8.51;8.28;8.43;374308;6424907.000
11/30/2007;8.50;9.10;8.43;8.81;2352367;42571888.000
12/03/2007;8.82;9.01;8.65;8.90;1049106;19020030.000
12/04/2007;9.00;9.00;8.65;8.76;588970;10575416.000
12/05/2007;8.81;8.81;8.66;8.77;703846;12550932.000
12/06/2007;8.84;8.84;8.61;8.75;680226;12057556.000
12/07/2007;8.72;8.90;8.63;8.83;605808;10869305.000
12/10/2007;8.85;9.02;8.73;9.02;1222161;22269876.000
12/11/2007;9.02;9.02;8.84;8.95;839293;15263883.000
12/12/2007;8.97;9.16;8.92;9.08;862009;15888596.000
12/13/2007;9.16;9.16;8.66;8.67;782660;14176710.000
12/14/2007;8.66;8.80;8.57;8.77;534581;9487733.000
12/17/2007;8.75;8.80;8.45;8.60;764026;13425306.000
12/18/2007;8.57;8.60;8.34;8.37;564880;9736953.000
12/19/2007;8.38;8.69;8.38;8.60;367055;6431445.000
12/20/2007;8.65;8.75;8.56;8.73;570237;10094247.000
12/21/2007;8.65;8.82;8.63;8.78;523489;9354609.000
12/24/2007;8.92;8.96;8.83;8.88;844503;15329745.000
12/25/2007;8.88;9.27;8.88;9.17;1303141;24296072.000
12/26/2007;9.26;9.45;9.17;9.40;1068199;20280676.000
12/27/2007;9.45;9.74;9.42;9.57;1525527;29845944.000
12/28/2007;9.56;9.76;9.16;9.55;1177726;23068922.000
01/02/2008;9.61;9.94;9.57;9.84;871283;17449508.000
01/03/2008;9.85;9.90;9.67;9.72;985611;19567832.000
01/04/2008;9.73;9.96;9.73;9.89;1059552;21289296.000
01/07/2008;9.97;10.22;9.89;9.94;945358;19200976.000
01/08/2008;10.00;10.17;9.45;9.52;1210871;24038368.000
01/09/2008;9.55;9.77;9.47;9.70;671062;13165425.000
01/10/2008;9.72;10.03;9.66;9.92;890099;17926218.000
01/11/2008;9.91;10.27;9.67;10.23;1435969;28991604.000
01/14/2008;10.50;10.76;10.26;10.55;2115406;45425256.000
01/15/2008;10.62;10.78;10.38;10.68;1063086;22860364.000
01/16/2008;10.64;10.89;10.46;10.69;925703;20059484.000
01/17/2008;10.61;11.07;10.48;11.01;1542023;33878656.000
01/18/2008;10.92;11.16;10.73;11.12;997753;22239598.000
01/21/2008;11.15;11.79;10.88;11.38;2410460;56224888.000
01/22/2008;11.26;11.26;10.22;10.22;1746603;37221080.000
01/23/2008;9.88;10.32;9.22;10.08;2058600;41209308.000
01/24/2008;10.17;10.62;9.88;10.57;1514300;31698536.000
01/25/2008;10.46;10.77;10.23;10.28;895028;19072348.000
01/28/2008;10.20;10.20;9.24;9.24;1103898;21426184.000
01/29/2008;9.47;9.57;9.22;9.40;351180;6702904.000
01/30/2008;9.41;9.76;9.28;9.44;419255;8109629.000
01/31/2008;9.39;9.71;9.26;9.31;438166;8460356.000
02/01/2008;9.28;9.42;8.36;8.67;814708;14442893.000
02/04/2008;9.01;9.46;8.86;9.38;609073;11354502.000
02/05/2008;9.36;9.47;9.22;9.39;449728;8575898.000
02/13/2008;9.28;9.46;9.09;9.40;281065;5337536.000
02/14/2008;9.38;9.69;9.36;9.63;309559;6052839.000
02/15/2008;9.61;9.62;9.26;9.47;415203;7953659.000
02/18/2008;9.82;9.92;9.57;9.89;757301;15063410.000
02/19/2008;9.91;10.01;9.82;9.95;672490;13613130.000
02/20/2008;10.03;10.72;10.00;10.55;1594998;33859368.000
02/21/2008;10.49;10.73;10.38;10.65;1174430;25356016.000
02/22/2008;10.61;10.80;9.97;10.45;1187692;25189788.000
02/25/2008;10.42;10.59;10.07;10.10;555577;11613699.000
02/26/2008;10.15;10.66;9.91;10.23;537080;11091189.000
02/27/2008;10.32;10.64;10.26;10.56;451998;9634921.000
02/28/2008;10.56;10.66;10.38;10.51;420184;9002144.000
02/29/2008;10.61;10.63;10.38;10.48;575856;12296038.000
03/03/2008;10.32;10.99;10.32;10.86;750585;16306827.000
03/04/2008;10.86;11.07;10.69;10.88;691826;15268740.000
03/05/2008;10.80;11.06;10.63;10.74;638029;14004363.000
03/06/2008;10.72;10.86;10.63;10.71;627576;13707800.000
03/07/2008;10.63;11.00;10.58;10.72;439000;9652330.000
03/10/2008;10.72;10.79;9.91;10.01;481478;10127421.000
03/11/2008;9.92;10.22;9.82;10.10;375800;7714958.000
03/12/2008;10.23;10.42;9.97;10.10;415654;8623831.000
03/13/2008;10.01;10.01;9.26;9.44;444754;8714137.000
03/14/2008;9.71;9.71;9.32;9.58;344520;6679921.000
03/17/2008;9.09;9.09;8.60;8.60;1020705;18133604.000
03/18/2008;8.27;8.35;7.72;7.72;867900;14041620.000
03/19/2008;8.21;8.21;7.63;7.95;634723;10262349.000
03/20/2008;7.84;8.31;7.32;8.23;812337;13088589.000
03/21/2008;8.15;8.49;8.13;8.35;672166;11397136.000
03/24/2008;8.42;8.61;7.85;7.88;445133;7465002.000
03/25/2008;7.64;8.08;7.62;8.06;342436;5513508.000
03/26/2008;8.05;8.22;7.91;7.92;378041;6221074.000
03/27/2008;7.83;7.83;7.45;7.57;420406;6560664.000
03/28/2008;7.47;7.90;7.22;7.77;472703;7302788.000
03/31/2008;7.62;7.67;6.99;7.38;240493;3682913.000
04/01/2008;7.33;7.46;6.62;6.62;642820;9081365.000
04/02/2008;6.77;6.82;6.12;6.21;615999;8196141.000
04/03/2008;5.97;6.69;5.97;6.55;427175;5500167.000
04/07/2008;6.34;6.92;6.30;6.86;470482;6527318.000
04/08/2008;6.90;7.00;6.77;6.89;453214;6392887.000
04/09/2008;6.90;6.98;6.55;6.57;313098;4371415.000
04/10/2008;6.57;6.76;6.42;6.59;240840;3245665.000
04/11/2008;6.65;6.88;6.65;6.87;287705;4012621.000
04/14/2008;6.67;6.80;6.37;6.42;302372;4054465.000
04/15/2008;6.42;6.70;6.32;6.66;233583;3115880.000
04/16/2008;6.62;6.76;6.53;6.64;410306;5638810.000
04/17/2008;6.72;6.72;6.07;6.32;336295;4415540.000
04/18/2008;6.22;6.32;5.91;5.92;272880;3407038.000
04/21/2008;6.32;6.47;5.83;5.85;728198;9092497.000
04/23/2008;5.77;6.09;5.58;6.02;411299;4980107.000
04/24/2008;6.56;6.64;6.32;6.59;1804152;24104034.000
04/25/2008;6.52;6.71;6.32;6.48;1209948;16139232.000
04/28/2008;6.38;6.50;6.30;6.47;798470;10508916.000
04/29/2008;6.39;6.57;6.39;6.52;457024;6112757.000
04/30/2008;6.48;6.75;6.48;6.72;802593;10972757.000
05/05/2008;6.82;7.11;6.61;7.10;1167560;16536083.000
05/06/2008;7.03;7.03;6.80;6.91;633600;8984577.000
05/07/2008;6.82;6.95;6.51;6.52;581363;8067541.000
05/08/2008;6.52;6.79;6.47;6.77;514835;7052655.000
05/09/2008;6.75;6.96;6.57;6.74;513160;7162732.000
05/12/2008;6.70;7.25;6.58;7.03;1081800;15612509.000
05/13/2008;6.81;7.19;6.67;7.17;1085616;15638159.000
05/14/2008;7.12;7.56;7.07;7.45;1224328;18506420.000
05/15/2008;7.32;7.56;7.17;7.18;873632;13140692.000
05/16/2008;7.30;7.30;6.95;7.12;564712;8200076.000
05/19/2008;7.03;7.20;6.92;7.08;335137;4838001.000
05/20/2008;7.05;7.14;6.56;6.60;512832;7273531.000
05/21/2008;6.54;6.75;6.32;6.64;510494;6806865.000
05/22/2008;6.55;6.94;6.48;6.85;511817;7089141.000
05/23/2008;6.80;7.32;6.32;7.12;884379;12660912.000
05/26/2008;7.02;7.26;6.92;7.05;745786;10836135.000
05/27/2008;7.06;7.12;6.72;6.87;521962;7318495.000
05/28/2008;6.87;7.08;6.78;7.05;495218;7037091.000
05/29/2008;7.04;7.10;6.83;6.86;349848;5009959.000
05/30/2008;6.76;6.92;6.76;6.79;308810;4319860.000
06/02/2008;6.87;6.97;6.63;6.92;389676;5465293.000
06/03/2008;6.92;7.15;6.82;6.97;387899;5575444.000
06/04/2008;6.84;7.26;6.84;7.13;942875;13739474.000
06/05/2008;7.03;7.82;7.03;7.61;2277787;35014348.000
06/06/2008;7.51;7.57;7.25;7.31;1169460;17663400.000
06/10/2008;7.07;7.07;6.56;6.56;767214;10631067.000
06/11/2008;6.35;6.54;6.09;6.16;591469;7555953.000
06/12/2008;6.00;6.27;5.98;6.02;302265;3791336.000
06/13/2008;6.16;6.23;5.59;5.68;443625;5353135.000
06/16/2008;5.70;5.76;5.48;5.57;197929;2278439.000
06/17/2008;5.61;5.82;5.38;5.45;406574;4622156.000
06/18/2008;5.46;5.80;5.28;5.74;359010;4080908.000
06/19/2008;5.72;5.72;5.16;5.29;369430;4067970.000
06/20/2008;5.36;5.63;5.13;5.37;352592;3895130.000
06/23/2008;5.37;5.42;5.13;5.22;135791;1476021.000
06/24/2008;5.14;5.47;5.14;5.39;205877;2256544.000
06/25/2008;5.39;5.66;5.39;5.63;289633;3310706.000
06/26/2008;5.63;5.80;5.60;5.68;397943;4622518.000
06/27/2008;5.53;5.59;5.20;5.28;317650;3521288.000
06/30/2008;5.23;5.39;5.20;5.28;172750;1866412.000
07/01/2008;5.32;5.36;5.20;5.27;138720;1502135.000
07/02/2008;5.27;5.40;5.26;5.37;118900;1300411.000
07/03/2008;5.37;5.64;5.23;5.61;342601;3845027.000
07/04/2008;5.47;5.60;5.47;5.52;234093;2645350.000
07/07/2008;5.57;5.88;5.52;5.78;400801;4684863.000
07/08/2008;5.72;5.87;5.67;5.84;288430;3408997.000
07/09/2008;5.82;5.95;5.78;5.92;483206;5803392.000
07/10/2008;5.83;5.96;5.83;5.84;395354;4766694.000
07/11/2008;5.82;5.90;5.61;5.73;338468;3967108.000
07/14/2008;5.69;5.84;5.65;5.84;208859;2462888.000
07/15/2008;5.84;5.91;5.61;5.63;311448;3641983.000
07/16/2008;5.56;5.63;5.28;5.41;300022;3337243.000
07/17/2008;5.43;5.61;5.34;5.43;169241;1894572.000
07/18/2008;5.47;5.60;5.33;5.55;172920;1932400.000
07/21/2008;5.57;5.82;5.51;5.76;287480;3336209.000
07/22/2008;5.76;5.97;5.73;5.78;238432;2844111.000
07/23/2008;5.86;5.90;5.78;5.80;253012;3023889.000
07/24/2008;5.77;5.96;5.77;5.95;318427;3836014.000
07/25/2008;5.88;6.11;5.87;6.01;673353;8293193.000
07/28/2008;6.07;6.35;6.05;6.25;812800;10321383.000
07/29/2008;6.20;6.28;6.05;6.13;369807;4629027.000
07/30/2008;6.22;6.25;6.00;6.03;380642;4725355.000
07/31/2008;6.01;6.09;5.78;5.79;248700;2994609.000
08/01/2008;5.84;5.95;5.79;5.93;184821;2216329.000
08/04/2008;5.85;5.95;5.80;5.84;142470;1709156.000
08/05/2008;5.85;5.89;5.73;5.75;143340;1708744.000
08/06/2008;5.88;5.88;5.68;5.78;120730;1425785.000
08/07/2008;5.78;5.85;5.71;5.80;167969;1982067.000
08/08/2008;5.82;5.85;5.29;5.31;237523;2733260.000
08/11/2008;5.36;5.36;4.76;4.78;423066;4284134.000
08/12/2008;4.81;4.81;4.67;4.76;240179;2344125.000
08/13/2008;4.72;4.80;4.53;4.75;211686;2020940.000
08/14/2008;4.75;4.91;4.75;4.85;218186;2163629.000
08/15/2008;4.82;4.92;4.76;4.88;242490;2419009.000
08/18/2008;4.88;4.88;4.43;4.44;185890;1793095.000
08/19/2008;4.45;4.58;4.38;4.57;107113;990564.000
08/20/2008;4.54;5.01;4.43;5.00;376729;3761497.000
08/21/2008;4.86;4.97;4.78;4.83;191072;1901863.000
08/22/2008;4.75;4.90;4.69;4.84;84840;836049.000
08/25/2008;4.84;4.91;4.79;4.86;103420;1033286.000
08/26/2008;4.78;4.82;4.49;4.66;136533;1292141.000
08/27/2008;4.76;4.76;4.48;4.56;97600;921381.000
08/28/2008;4.71;4.72;4.53;4.64;99610;941095.000
08/29/2008;4.64;4.78;4.58;4.71;209432;2021180.000
09/01/2008;4.70;4.70;4.42;4.51;183674;1706934.000
09/02/2008;4.46;4.57;4.41;4.55;84902;787618.000
09/03/2008;4.57;5.01;4.42;4.88;675340;6636787.000
09/04/2008;4.70;4.86;4.60;4.67;410359;3978672.000
09/05/2008;4.67;4.67;4.43;4.47;308516;2853248.000
09/08/2008;4.51;4.51;4.01;4.01;411816;3551979.000
09/09/2008;4.07;4.11;3.96;4.07;190948;1591861.000
09/10/2008;4.07;4.20;4.02;4.14;208146;1772522.000
09/11/2008;4.17;4.21;3.98;4.05;245855;2079632.000
09/12/2008;4.00;4.11;4.00;4.03;168650;1409497.000
09/16/2008;4.03;4.03;3.82;3.87;281530;2272404.000
09/17/2008;3.86;3.91;3.77;3.79;183859;1455040.000
09/18/2008;3.77;3.77;3.48;3.67;259010;1949523.000
09/19/2008;4.03;4.05;3.93;4.05;360663;3004076.000
09/22/2008;4.20;4.47;4.19;4.35;855944;7617499.000
09/23/2008;4.05;4.22;4.05;4.07;338108;2887184.000
09/24/2008;3.99;4.13;3.98;4.13;187634;1565719.000
09/26/2008;4.24;4.28;4.07;4.13;293322;2520783.000
10/06/2008;4.12;4.12;3.92;3.92;170335;1401073.000
10/07/2008;3.88;4.07;3.73;4.03;158112;1260034.000
10/08/2008;3.90;4.01;3.85;3.96;123700;998119.000
10/09/2008;4.01;4.01;3.82;3.87;123113;990248.000
10/10/2008;3.72;3.72;3.60;3.67;190300;1438547.000
10/13/2008;3.67;3.71;3.50;3.71;153088;1133912.000
10/14/2008;3.82;3.88;3.69;3.69;281649;2185561.000
10/15/2008;3.65;3.85;3.54;3.76;299264;2297092.000
10/16/2008;3.55;3.61;3.38;3.41;193500;1417389.000
10/17/2008;3.50;3.52;3.42;3.47;164350;1183144.000
10/20/2008;3.51;3.63;3.43;3.62;187861;1390278.000
10/21/2008;3.62;3.66;3.57;3.62;131474;984546.000
10/22/2008;3.54;3.62;3.52;3.53;125245;924772.000
10/23/2008;3.51;3.57;3.41;3.56;115493;830555.000
10/24/2008;3.57;3.61;3.51;3.55;140091;1029721.000
10/27/2008;3.48;3.48;3.25;3.28;211373;1478111.000
10/28/2008;3.24;3.38;3.20;3.31;209820;1440842.000
10/29/2008;3.40;3.40;3.28;3.28;186186;1288606.000
10/30/2008;3.31;3.38;3.25;3.36;160753;1110887.000
10/31/2008;3.37;3.38;3.28;3.32;133601;923561.000
11/03/2008;3.26;3.31;3.25;3.30;116201;792117.000
11/04/2008;3.25;3.30;3.17;3.23;112560;751693.000
11/05/2008;3.28;3.39;3.21;3.36;201393;1396570.000
11/06/2008;3.32;3.36;3.21;3.36;160640;1100979.000
11/07/2008;3.25;3.46;3.25;3.43;228063;1615191.000
11/10/2008;3.46;3.66;3.46;3.65;384869;2859267.000
11/11/2008;3.61;3.69;3.56;3.61;298423;2238393.000
11/12/2008;3.57;3.66;3.55;3.66;238865;1790906.000
11/13/2008;3.62;3.82;3.62;3.77;449941;3488092.000
11/14/2008;3.78;3.90;3.73;3.89;519670;4113447.000
11/17/2008;3.89;4.05;3.82;4.02;557993;4534756.000
11/18/2008;4.17;4.32;3.82;3.83;1478977;12513234.000
11/19/2008;3.81;4.15;3.81;4.13;914222;7607875.000
11/20/2008;4.05;4.24;4.04;4.09;746040;6362948.000
11/21/2008;3.98;4.12;3.78;3.99;586002;4788829.000
11/24/2008;4.00;4.06;3.88;3.88;515632;4206900.000
11/25/2008;3.92;4.03;3.76;3.82;399000;3188273.000
11/26/2008;3.85;3.90;3.80;3.85;275654;2195680.000
11/27/2008;4.10;4.12;3.88;3.89;566752;4657308.000
11/28/2008;3.88;3.88;3.72;3.77;305390;2394159.000
12/01/2008;3.74;4.00;3.74;3.99;637178;5131012.000
12/02/2008;3.92;4.11;3.88;4.07;637487;5300150.000
12/03/2008;4.10;4.22;4.09;4.21;891986;7671438.000
12/04/2008;4.22;4.32;4.15;4.16;910759;7957396.000
12/05/2008;4.13;4.26;4.13;4.24;484625;4200819.000
12/08/2008;4.31;4.59;4.25;4.58;1263278;11456436.000
12/09/2008;4.47;4.78;4.47;4.56;1787757;17062002.000
12/10/2008;4.53;4.66;4.49;4.63;1430522;13507943.000
12/11/2008;4.63;4.63;4.36;4.38;969515;8977892.000
12/12/2008;4.34;4.35;4.17;4.20;891342;7797238.000
12/15/2008;4.26;4.34;4.16;4.26;486537;4266163.000
12/16/2008;4.26;4.42;4.17;4.41;581437;5108244.000
12/17/2008;4.41;4.70;4.33;4.67;1694658;15991009.000
12/18/2008;4.62;4.64;4.50;4.63;941421;8871038.000
12/19/2008;4.63;4.76;4.57;4.63;1112723;10676389.000
12/22/2008;4.63;5.11;4.63;5.11;1909683;19183080.000
12/23/2008;5.22;5.63;4.97;5.18;4594589;50054208.000
12/24/2008;5.09;5.26;4.93;5.16;2174374;22581652.000
12/25/2008;5.17;5.19;4.89;4.95;1396208;14403663.000
12/26/2008;4.88;5.17;4.82;4.96;1232563;12718611.000
12/29/2008;4.97;5.26;4.84;5.16;1657364;17315708.000
12/30/2008;5.16;5.28;4.95;5.09;1954864;20288854.000
12/31/2008;5.09;5.09;4.84;4.85;1172634;11914387.000
01/05/2009;4.96;5.09;4.88;5.01;1043290;10620275.000
01/06/2009;5.01;5.25;4.95;5.20;1558373;16269571.000
01/07/2009;5.25;5.74;5.25;5.74;1675899;19313322.000
01/08/2009;5.92;6.18;5.74;5.86;4212891;51011268.000
01/09/2009;5.71;6.07;5.71;6.03;2297483;27898114.000
01/12/2009;6.01;6.48;5.95;6.36;2868811;36805224.000
01/13/2009;6.27;6.96;6.26;6.61;2700948;36715688.000
01/14/2009;6.65;6.77;6.32;6.66;3097577;41188288.000
01/15/2009;6.50;7.34;6.34;7.34;4903000;67782256.000
01/16/2009;7.34;7.49;7.02;7.07;3307397;48746476.000
01/19/2009;7.07;7.26;6.93;7.05;1144445;16361093.000
01/20/2009;7.07;7.07;6.76;6.82;1105423;15480066.000
01/21/2009;6.83;7.25;6.78;7.09;2231037;32259178.000
01/22/2009;7.09;7.47;7.05;7.18;2018282;29806840.000
01/23/2009;7.18;7.32;7.08;7.17;823022;11989149.000
02/02/2009;7.31;7.36;7.13;7.23;585914;8610623.000
02/03/2009;7.25;7.45;7.17;7.25;1341598;19804812.000
02/04/2009;7.26;7.28;6.94;7.07;3041946;43559120.000
02/05/2009;7.07;7.09;6.89;6.93;1675453;23905828.000
02/06/2009;6.98;7.25;6.96;7.18;2717282;39451672.000
02/09/2009;7.26;7.37;7.11;7.25;2231840;32796348.000
02/10/2009;7.32;7.99;7.30;7.99;1880176;29760212.000
02/11/2009;8.26;8.51;7.73;7.82;4089910;68050160.000
02/12/2009;7.82;8.36;7.41;8.14;3021057;47299348.000
02/13/2009;7.96;8.41;7.93;8.16;2022962;33532204.000
02/16/2009;8.14;8.16;7.92;8.05;1635401;26624372.000
02/17/2009;8.03;8.03;7.52;7.76;1808538;28721856.000
02/18/2009;7.61;7.75;7.41;7.42;933621;14387093.000
02/19/2009;7.62;7.76;7.32;7.57;1012381;15560328.000
02/20/2009;7.55;7.97;7.45;7.96;1682766;26530522.000
02/23/2009;7.93;8.11;7.70;8.01;1482509;24021194.000
02/24/2009;7.92;7.97;7.51;7.52;1250251;19649888.000
02/25/2009;7.58;7.88;7.58;7.71;1185610;18637896.000
02/26/2009;7.76;7.76;6.92;6.92;1182497;17629684.000
02/27/2009;6.82;7.04;6.32;6.77;1585642;21505916.000
03/02/2009;6.67;7.46;6.59;7.46;1870446;27667016.000
03/03/2009;7.46;7.95;7.45;7.84;2650783;41711428.000
03/04/2009;7.86;8.26;7.78;8.23;3172657;51596164.000
03/05/2009;8.31;8.32;7.93;8.10;2369937;38868540.000
03/06/2009;7.97;8.86;7.89;8.55;2699413;46398464.000
03/09/2009;8.51;8.66;7.94;8.11;1758743;29682728.000
03/10/2009;8.03;8.49;7.93;8.26;1424444;23940602.000
03/11/2009;8.44;8.61;8.07;8.10;1255792;21086162.000
03/12/2009;8.07;8.16;7.85;8.07;1038983;16915548.000
03/13/2009;8.10;8.20;7.93;8.09;641892;10496454.000
03/16/2009;7.97;8.30;7.89;8.28;967789;15963915.000
03/17/2009;8.27;8.97;8.27;8.89;2095527;36789908.000
03/18/2009;8.97;9.25;8.77;9.13;1909588;34895960.000
03/19/2009;9.07;9.43;8.97;9.12;1463679;27208340.000
03/20/2009;9.12;9.45;9.05;9.39;1503754;28194454.000
03/23/2009;9.31;9.60;9.13;9.41;1120574;21107548.000
03/24/2009;9.47;9.52;9.18;9.35;903894;17014946.000
03/25/2009;9.29;9.36;9.07;9.13;1150733;21392228.000
03/26/2009;9.10;9.93;9.02;9.87;1627505;31488024.000
03/27/2009;9.95;10.15;9.72;9.82;1008718;20125660.000
03/30/2009;9.77;10.82;9.57;10.77;1692950;35775776.000
03/31/2009;10.75;11.26;10.51;11.22;1931305;42933916.000
04/01/2009;11.22;11.63;11.03;11.22;1351687;30574984.000
04/02/2009;11.22;11.36;10.81;10.93;2553117;56597868.000
04/03/2009;10.93;11.85;10.76;11.48;2861206;66362508.000
04/07/2009;10.32;11.48;10.32;11.36;3917601;86257872.000
04/08/2009;11.01;11.20;10.68;10.93;1925362;42836928.000
04/09/2009;11.02;11.03;10.39;10.80;1353760;29400546.000
04/10/2009;10.80;11.31;10.73;11.02;1818912;40467700.000
04/13/2009;11.03;11.98;11.02;11.62;2178676;50902564.000
04/14/2009;11.52;12.79;11.13;12.63;2759667;67588560.000
04/15/2009;12.21;13.72;12.14;13.03;2189913;57838252.000
04/16/2009;13.04;13.81;12.67;13.48;2137274;57222280.000
04/17/2009;13.47;13.47;12.49;12.78;1793701;46418332.000
04/20/2009;12.38;12.78;12.30;12.53;1109732;27988592.000
04/21/2009;12.44;12.66;12.13;12.39;1285519;32256512.000
04/22/2009;12.63;12.63;11.32;11.53;1123202;27241548.000
04/23/2009;11.38;11.63;10.88;11.52;960518;21894692.000
04/27/2009;11.13;12.38;11.13;11.75;1996041;48166464.000
04/28/2009;11.86;11.86;11.27;11.44;733894;17045408.000
04/29/2009;11.50;11.86;11.32;11.70;690156;16150334.000
04/30/2009;11.59;12.49;11.58;12.26;1599189;39512692.000
05/04/2009;12.27;13.10;12.15;12.90;1310068;34013852.000
05/05/2009;13.05;13.13;12.68;12.87;1036980;26943814.000
05/06/2009;12.87;13.36;12.78;13.31;1375028;36221928.000
05/07/2009;13.27;13.36;12.68;13.22;1455339;38057800.000
05/08/2009;13.02;13.03;12.64;12.74;686579;17717068.000
05/11/2009;12.73;12.81;11.54;11.58;1308741;32070912.000
05/12/2009;11.41;12.22;11.41;12.05;724448;17424870.000
05/13/2009;11.88;12.27;11.66;12.21;881053;21254434.000
05/14/2009;12.13;12.60;11.88;12.36;770712;19238092.000
05/15/2009;12.28;12.35;11.88;12.18;393365;9625783.000
05/18/2009;11.97;12.25;11.97;12.17;326354;7994393.000
05/19/2009;12.31;12.41;11.93;12.11;672110;16468508.000
05/20/2009;11.98;12.32;11.93;12.17;642569;15829177.000
05/21/2009;12.11;12.23;11.78;11.84;502830;12150565.000
05/22/2009;11.84;12.03;11.28;11.36;888129;20779700.000
05/25/2009;11.31;11.77;11.18;11.72;827663;19296276.000
05/26/2009;11.70;12.52;11.58;12.20;1216734;30106910.000
05/27/2009;12.19;12.90;12.03;12.85;1292589;32293996.000
06/01/2009;12.85;12.85;12.45;12.62;1104759;28175204.000
06/02/2009;12.62;12.68;12.38;12.45;539652;13581574.000
06/03/2009;12.38;12.56;12.32;12.39;352361;8825674.000
06/04/2009;12.50;12.51;11.88;12.11;431155;10585550.000
06/05/2009;12.20;12.22;11.97;11.98;452230;11023315.000
06/08/2009;11.77;12.09;11.77;11.95;247276;5965094.000
06/09/2009;11.97;12.11;11.88;12.07;353339;8560978.000
06/10/2009;12.02;12.52;12.00;12.32;953010;23785184.000
06/11/2009;12.31;13.37;12.13;13.06;2097362;54756512.000
06/12/2009;12.97;13.11;12.63;12.63;989914;25573940.000
06/15/2009;12.63;13.90;12.63;13.89;1497185;40103488.000
06/16/2009;13.96;14.95;13.96;14.42;2056870;60115712.000
06/17/2009;14.30;14.70;14.01;14.42;901643;26148532.000
06/18/2009;14.42;14.45;13.90;14.23;1186393;33596760.000
06/19/2009;14.44;14.44;13.91;14.20;683611;19418880.000
06/22/2009;14.20;14.35;13.55;13.58;829578;22972478.000
06/23/2009;13.45;14.38;13.10;13.81;798914;22388334.000
06/24/2009;13.58;14.21;13.58;13.74;560323;15613570.000
06/25/2009;13.72;13.92;13.60;13.69;316567;8723939.000
06/26/2009;13.81;14.17;13.45;14.11;745571;20592420.000
06/29/2009;14.02;14.55;14.00;14.08;628906;18013788.000
06/30/2009;14.15;14.55;13.72;14.22;659908;18666644.000
07/01/2009;14.20;15.18;14.05;14.92;1336264;39306276.000
07/02/2009;14.60;15.77;14.60;15.33;1356464;41875584.000
07/03/2009;15.20;15.55;15.05;15.15;737350;22457492.000
07/06/2009;15.20;15.40;14.79;14.80;884150;26611584.000
07/07/2009;14.80;15.28;14.80;14.95;609761;18378914.000
07/08/2009;14.94;15.22;14.75;15.11;491998;14830150.000
07/09/2009;15.34;15.94;15.01;15.77;950412;29759600.000
07/10/2009;15.77;16.20;15.37;16.17;1101077;34978460.000
07/13/2009;16.14;17.71;15.85;17.38;1319238;45002656.000
07/14/2009;17.38;18.45;17.30;18.32;1250578;45208604.000
07/15/2009;18.34;19.39;17.79;19.10;1296869;48187572.000
07/16/2009;19.20;19.67;18.95;19.06;967748;37185264.000
07/17/2009;19.20;19.20;18.75;19.09;540792;20541170.000
07/20/2009;18.95;20.30;18.85;19.76;1144675;44956972.000
07/21/2009;19.64;19.74;19.10;19.11;710646;27503184.000
07/22/2009;18.95;19.25;18.72;19.08;675386;25536956.000
07/23/2009;18.93;19.75;18.80;19.28;670019;26073012.000
07/24/2009;19.27;19.75;19.00;19.40;647804;25287216.000
07/27/2009;19.40;20.45;19.40;20.26;764283;30765304.000
07/28/2009;20.24;20.45;18.95;20.40;911052;36546928.000
07/29/2009;20.40;20.40;18.35;19.25;850413;33471170.000
07/30/2009;19.25;19.54;17.32;17.95;1651999;59858984.000
07/31/2009;18.05;18.84;18.05;18.44;990106;36414156.000
08/03/2009;18.45;18.45;17.10;17.90;1695258;60783668.000
08/04/2009;17.90;18.60;17.38;18.26;1259171;45243884.000
08/05/2009;18.26;18.89;18.26;18.70;1542627;57466056.000
08/06/2009;18.70;18.70;18.06;18.09;475307;17396120.000
08/07/2009;18.35;18.35;17.65;17.93;684304;24458708.000
08/10/2009;17.90;18.35;17.61;17.95;528501;18965212.000
08/11/2009;18.06;18.19;17.75;18.16;499958;18085282.000
08/12/2009;18.16;18.16;17.60;17.79;812515;28937320.000
08/13/2009;17.77;18.35;16.28;17.15;1655737;57317632.000
08/14/2009;16.35;17.05;16.12;16.73;1163984;38744524.000
08/17/2009;16.63;16.97;15.28;15.94;736499;23687636.000
08/18/2009;16.22;16.35;15.36;16.18;1028394;32910468.000
08/19/2009;16.10;16.20;15.41;15.59;797945;25206088.000
08/20/2009;15.56;16.73;15.14;16.57;1354535;43971668.000
08/21/2009;16.69;17.58;16.35;17.22;2024711;69036600.000
08/24/2009;17.22;18.94;17.00;18.70;2541244;91424608.000
08/25/2009;18.43;19.11;18.35;18.62;1582096;59354828.000
08/26/2009;18.70;19.54;18.50;19.27;1068573;40892160.000
08/27/2009;19.20;19.40;17.41;18.93;1672611;62477296.000
08/28/2009;18.90;19.10;18.27;18.54;891893;33276362.000
08/31/2009;18.54;18.54;16.95;17.41;1111361;38904916.000
09/01/2009;17.37;18.60;16.87;17.33;1008442;35225656.000
09/02/2009;17.39;18.20;17.02;18.07;1552284;55073760.000
09/03/2009;18.01;18.75;17.50;18.50;1644551;60018980.000
09/04/2009;18.50;19.42;18.30;19.11;830943;31774498.000
09/07/2009;19.50;20.26;19.45;20.07;1833317;73198744.000
09/09/2009;21.45;21.70;20.23;21.14;2205215;92467640.000
09/10/2009;21.10;21.40;20.33;20.76;1398584;57954768.000
09/11/2009;20.80;21.45;20.52;21.21;1226355;52002308.000
09/14/2009;21.22;22.17;21.19;22.11;1099694;47734128.000
09/15/2009;22.13;24.33;22.13;24.31;1622309;76254104.000
09/16/2009;24.52;25.69;23.75;23.94;1679141;83263816.000
09/17/2009;23.95;25.35;23.39;24.68;1456334;70785536.000
09/18/2009;24.65;24.80;24.05;24.38;733171;35722012.000
09/21/2009;24.38;24.88;22.95;23.83;1247679;59252276.000
09/22/2009;23.83;24.63;23.04;23.52;1157991;55011420.000
09/23/2009;23.34;24.10;22.95;23.04;1167319;54962292.000
09/24/2009;23.18;23.70;21.95;22.51;1232590;56273492.000
09/25/2009;22.52;22.95;22.20;22.56;474156;21430442.000
09/28/2009;22.58;23.18;22.38;22.68;749826;34195720.000
09/29/2009;22.68;23.15;21.77;22.35;536116;23970392.000
09/30/2009;22.44;22.92;22.05;22.10;548109;24643522.000
10/09/2009;22.15;22.75;22.15;22.50;819488;36894836.000
10/12/2009;22.51;23.64;21.48;23.20;1513536;68910304.000
10/13/2009;23.15;24.20;22.99;23.90;1017778;48020888.000
10/14/2009;23.89;24.00;23.56;23.70;604035;28709090.000
10/15/2009;23.93;23.94;22.95;23.52;1003384;47028252.000
10/16/2009;23.51;25.89;23.20;25.89;1692074;84087608.000
10/19/2009;26.04;26.70;25.20;26.22;1197857;62311820.000
10/20/2009;24.20;27.20;24.20;26.26;1279386;66701084.000
10/21/2009;25.93;26.70;25.58;25.75;795936;41419632.000
10/22/2009;25.80;26.07;25.21;25.43;387400;19829066.000
10/23/2009;25.55;26.85;25.46;26.35;929222;49043128.000
10/26/2009;26.65;27.25;25.80;25.90;605971;31911604.000
10/27/2009;26.01;26.02;25.25;25.30;453450;23154466.000
10/28/2009;25.44;25.44;24.25;24.73;746547;36763588.000
10/29/2009;24.65;24.88;23.96;24.43;367423;18000912.000
10/30/2009;24.80;25.45;24.40;24.45;471602;23360628.000
11/02/2009;24.20;25.55;23.76;25.44;1008309;49546032.000
11/03/2009;25.45;27.70;25.45;27.42;979488;52429200.000
11/04/2009;27.60;28.20;26.95;26.97;666841;36666728.000
11/05/2009;27.10;27.19;26.45;26.69;354991;19009648.000
11/06/2009;27.14;27.19;26.26;26.76;493825;26229616.000
11/09/2009;26.82;26.82;26.20;26.75;367752;19472532.000
11/10/2009;26.75;27.40;26.63;26.96;404480;21948040.000
11/11/2009;26.96;27.70;26.65;27.49;717943;39177984.000
11/12/2009;27.49;27.65;27.10;27.27;386568;21175002.000
11/13/2009;27.27;27.38;26.48;26.95;347900;18768452.000
11/16/2009;26.90;27.19;26.70;26.84;599032;32301788.000
11/17/2009;26.88;27.20;26.67;26.94;382606;20622488.000
11/18/2009;26.95;27.20;26.11;26.22;893520;47394660.000
11/19/2009;26.20;26.95;26.20;26.92;681135;36437016.000
11/20/2009;26.92;26.92;26.35;26.55;464422;24634750.000
11/23/2009;26.55;26.92;26.15;26.54;788354;41491312.000
11/24/2009;26.53;26.84;26.02;26.31;764360;40448936.000
11/25/2009;26.31;26.80;25.05;26.70;996287;51661784.000
11/26/2009;26.65;27.26;25.60;26.20;947185;50431664.000
11/27/2009;26.10;26.10;24.35;24.73;1010280;50721220.000
11/30/2009;24.76;25.34;24.39;25.22;1041516;52113824.000
12/01/2009;25.34;25.38;24.89;25.06;466650;23431054.000
12/02/2009;25.21;26.43;24.80;26.34;917694;46762376.000
12/03/2009;26.27;26.94;25.85;26.58;798556;42369624.000
12/04/2009;26.60;26.78;25.70;26.15;1029886;54058240.000
12/07/2009;26.15;26.15;25.78;25.78;294911;15299745.000
12/08/2009;26.02;26.45;25.47;25.84;299498;15585096.000
12/09/2009;25.94;26.09;24.85;25.13;910801;46396044.000
12/10/2009;25.14;25.85;24.61;24.75;649016;32309938.000
12/14/2009;24.75;25.35;22.95;23.74;1568974;74154360.000
12/15/2009;23.48;23.89;23.20;23.76;585859;27612260.000
12/16/2009;23.84;23.84;23.23;23.25;506956;23768988.000
12/17/2009;23.25;23.45;23.01;23.29;321469;14941701.000
12/18/2009;23.20;24.25;22.70;23.59;641034;30267356.000
12/21/2009;23.58;24.00;23.45;23.84;403757;19182620.000
12/22/2009;23.91;24.08;23.55;23.85;423278;20166060.000
12/23/2009;23.85;23.94;22.50;23.04;837938;38507972.000
12/24/2009;23.08;23.60;23.00;23.19;893101;41718840.000
12/25/2009;23.19;24.19;22.75;23.97;922017;43444416.000
12/28/2009;23.94;24.40;23.67;24.30;965052;46203896.000
12/29/2009;24.35;25.00;23.95;24.99;1162694;56865776.000
12/30/2009;24.99;26.34;24.87;25.84;1302741;67395080.000
12/31/2009;25.84;26.27;25.45;26.00;816203;42416072.000
01/04/2010;26.00;26.35;25.50;25.53;529456;27391438.000
01/05/2010;25.58;25.85;25.45;25.55;618642;31756802.000
01/06/2010;25.60;25.61;24.39;24.57;844712;41876048.000
01/07/2010;24.57;24.57;23.44;23.77;1034450;49128184.000
01/08/2010;23.75;23.77;22.95;23.57;455849;21449788.000
01/11/2010;23.81;25.93;23.51;25.93;1565678;78805816.000
01/12/2010;26.10;27.15;25.60;27.01;1496339;79295432.000
01/13/2010;26.58;27.51;26.25;27.01;1147146;61530576.000
01/14/2010;26.90;27.73;26.39;27.48;1435750;77946008.000
01/15/2010;27.55;28.60;27.25;28.27;1398393;78256176.000
01/18/2010;28.20;28.56;27.95;28.30;1013141;57231432.000
01/19/2010;28.30;28.30;26.98;27.63;974162;53894392.000
01/20/2010;27.53;27.80;25.20;26.30;1137206;61743812.000
01/21/2010;26.30;27.20;25.36;26.06;1003967;52275140.000
01/22/2010;26.05;26.05;24.94;25.79;949230;48446524.000
01/25/2010;25.79;26.61;25.47;25.79;735670;38304056.000
01/26/2010;25.79;25.81;24.13;24.30;578902;28806060.000
01/27/2010;24.40;24.40;23.50;23.85;687161;32776932.000
01/28/2010;23.90;24.18;23.62;24.02;631944;30251344.000
01/29/2010;24.02;24.90;23.75;24.51;497625;24408390.000
02/01/2010;24.52;24.64;24.00;24.34;382643;18542280.000
02/02/2010;24.49;24.76;23.89;23.98;718676;34743680.000
02/03/2010;23.98;24.39;22.05;23.12;909818;41533592.000
02/04/2010;23.13;23.85;22.74;23.59;560611;26220910.000
02/05/2010;23.02;25.14;22.20;24.67;939209;45942384.000
02/09/2010;24.77;25.68;24.45;24.93;1190595;59813280.000
02/10/2010;25.45;25.45;24.22;24.98;1531958;76117472.000
02/11/2010;24.99;25.20;24.50;24.73;440524;21952424.000
02/12/2010;24.77;26.33;24.50;26.07;1182245;60692668.000
02/22/2010;26.08;26.56;25.55;25.97;470569;24420344.000
02/23/2010;25.97;26.25;25.35;26.06;578212;29945788.000
02/24/2010;25.81;27.25;25.81;27.13;971392;51904728.000
02/25/2010;27.40;27.42;26.85;27.16;676600;36706372.000
02/26/2010;26.95;27.35;26.94;27.10;571701;31045112.000
03/01/2010;27.06;27.30;26.70;26.94;613259;33143098.000
03/03/2010;26.95;28.45;26.95;27.70;1083334;60475392.000
03/04/2010;27.45;27.83;25.95;26.39;727671;39124316.000
03/05/2010;26.39;26.67;26.07;26.14;441579;23296666.000
03/08/2010;26.20;26.77;26.09;26.66;606577;32051888.000
03/09/2010;26.66;26.80;26.09;26.52;508397;26905806.000
03/10/2010;26.52;26.75;26.27;26.66;601431;31946792.000
03/11/2010;26.65;27.89;26.09;27.56;667313;36456008.000
03/12/2010;27.53;29.39;27.20;28.84;1548152;88522272.000
03/15/2010;28.60;29.95;28.33;29.49;1298965;76030424.000
03/16/2010;29.84;29.84;28.71;29.50;545525;31994090.000
03/17/2010;29.50;30.13;29.10;29.93;903923;53785384.000
03/18/2010;29.92;30.70;29.09;29.59;1004395;59488096.000
03/19/2010;29.70;31.19;29.35;30.96;1220004;73991792.000
03/22/2010;31.10;31.84;30.80;31.34;1095029;68762016.000
03/23/2010;31.35;34.49;31.20;34.49;1985800;66471608.000
