002038 双鹭药业 日线
      日期	    开盘	    最高	    最低	    收盘	    成交量	    成交额
09/09/2004;2.16;2.42;2.16;2.40;12816909;161483248.000
09/10/2004;2.31;2.35;2.28;2.31;5102780;65361972.000
09/13/2004;2.33;2.34;2.14;2.16;3222155;39846852.000
09/14/2004;2.22;2.32;2.19;2.22;2482995;30867330.000
09/15/2004;2.22;2.48;2.22;2.48;5429440;71434584.000
09/16/2004;2.46;2.59;2.41;2.52;5253119;71822616.000
09/17/2004;2.53;2.59;2.43;2.58;3654903;50127392.000
09/20/2004;2.60;2.74;2.57;2.68;3705143;53373092.000
09/21/2004;2.68;2.82;2.61;2.74;2766683;40801024.000
09/22/2004;2.74;2.83;2.70;2.79;3075429;45975420.000
09/23/2004;2.78;2.78;2.65;2.75;2260141;33102520.000
09/24/2004;2.76;2.88;2.63;2.63;2819423;42330064.000
09/27/2004;2.70;2.78;2.57;2.61;1300636;18828932.000
09/28/2004;2.63;2.68;2.61;2.66;819549;11814197.000
09/29/2004;2.67;2.71;2.63;2.65;753613;10921969.000
09/30/2004;2.67;2.73;2.63;2.65;1174480;17048432.000
10/08/2004;2.63;2.87;2.62;2.86;2198445;32805886.000
10/11/2004;2.88;2.98;2.76;2.76;2904275;45134104.000
10/12/2004;2.75;2.82;2.73;2.75;1179816;17623576.000
10/13/2004;2.75;2.78;2.73;2.75;744743;11069487.000
10/14/2004;2.77;2.77;2.44;2.44;2209332;30597336.000
10/15/2004;2.41;2.44;2.33;2.39;866759;11336066.000
10/18/2004;2.42;2.49;2.40;2.42;532131;7142801.500
10/19/2004;2.44;2.50;2.35;2.36;646542;8659537.000
10/20/2004;2.36;2.41;2.31;2.41;493895;6447061.000
10/21/2004;2.40;2.46;2.33;2.36;535224;7030396.000
10/22/2004;2.32;2.52;2.32;2.50;975508;13186678.000
10/25/2004;2.53;2.58;2.44;2.45;896609;12313706.000
10/27/2004;2.57;2.64;2.53;2.62;1788454;25262960.000
10/28/2004;2.66;2.66;2.49;2.53;1066739;15052074.000
10/29/2004;2.41;2.61;2.40;2.52;854687;11783671.000
11/01/2004;2.49;2.57;2.49;2.51;313598;4332719.500
11/02/2004;2.51;2.53;2.45;2.48;300219;4079598.250
11/03/2004;2.52;2.59;2.49;2.59;495612;6881151.000
11/04/2004;2.58;2.62;2.54;2.55;765784;10776826.000
11/05/2004;2.58;2.60;2.54;2.56;307747;4304796.500
11/08/2004;2.57;2.59;2.51;2.59;347600;4854703.000
11/09/2004;2.59;2.66;2.57;2.63;725378;10378664.000
11/10/2004;2.67;2.80;2.61;2.76;1249523;18424590.000
11/11/2004;2.78;2.85;2.74;2.74;1395520;21068760.000
11/12/2004;2.74;2.84;2.74;2.78;937123;14128288.000
11/15/2004;2.78;2.83;2.75;2.81;725691;10944916.000
11/16/2004;2.82;2.82;2.72;2.74;815927;12113100.000
11/17/2004;2.75;2.75;2.70;2.70;360858;5307271.000
11/18/2004;2.70;2.75;2.70;2.74;297875;4405606.000
11/19/2004;2.77;2.77;2.65;2.69;636019;9255914.000
11/22/2004;2.67;2.70;2.66;2.68;468468;6814806.000
11/23/2004;2.69;2.69;2.62;2.63;467966;6721430.000
11/24/2004;2.64;2.70;2.61;2.65;584381;8429759.000
11/25/2004;2.68;2.70;2.63;2.68;256231;3709601.250
11/26/2004;2.66;2.69;2.64;2.64;215132;3110239.000
11/29/2004;2.64;2.64;2.49;2.54;567650;7899699.500
11/30/2004;2.55;2.55;2.52;2.54;202976;2810517.750
12/01/2004;2.54;2.54;2.48;2.51;215100;2949752.500
12/02/2004;2.49;2.53;2.48;2.52;224097;3066403.750
12/03/2004;2.51;2.65;2.50;2.57;375674;5304238.000
12/06/2004;2.46;2.58;2.46;2.55;92367;1278356.750
12/07/2004;2.55;2.55;2.48;2.49;157983;2170206.250
12/08/2004;2.51;2.56;2.49;2.51;155108;2136961.500
12/09/2004;2.53;2.61;2.49;2.56;272615;3823298.500
12/10/2004;2.57;2.57;2.50;2.51;175899;2430649.250
12/13/2004;2.48;2.55;2.48;2.53;131285;1808938.000
12/14/2004;2.55;2.56;2.51;2.55;92841;1288801.250
12/15/2004;2.55;2.61;2.55;2.60;455274;6420550.500
12/16/2004;2.60;2.60;2.52;2.53;171600;2398863.750
12/17/2004;2.53;2.53;2.40;2.42;432502;5813668.000
12/20/2004;2.37;2.38;2.34;2.35;250249;3250580.250
12/21/2004;2.35;2.39;2.34;2.34;163270;2123606.250
12/22/2004;2.36;2.46;2.35;2.46;261178;3486362.750
12/23/2004;2.47;2.47;2.37;2.38;132806;1757567.250
12/24/2004;2.38;2.43;2.38;2.40;234693;3100653.750
12/27/2004;2.38;2.44;2.38;2.39;104744;1381183.875
12/28/2004;2.38;2.42;2.37;2.40;288166;3799983.000
12/29/2004;2.40;2.40;2.32;2.33;333740;4358545.000
12/30/2004;2.33;2.36;2.27;2.34;272855;3505113.750
12/31/2004;2.37;2.37;2.31;2.35;96309;1247797.125
01/04/2005;2.32;2.34;2.28;2.30;141776;1807571.875
01/05/2005;2.33;2.36;2.29;2.33;105444;1357309.125
01/06/2005;2.33;2.35;2.31;2.32;101767;1305532.875
01/07/2005;2.31;2.38;2.31;2.33;136000;1753138.000
01/10/2005;2.32;2.35;2.31;2.33;172666;2225159.750
01/11/2005;2.33;2.37;2.33;2.34;182500;2361458.500
01/12/2005;2.34;2.34;2.26;2.28;229128;2901660.000
01/13/2005;2.27;2.30;2.27;2.29;130903;1656416.625
01/14/2005;2.29;2.31;2.23;2.24;157575;1986967.750
01/17/2005;2.15;2.20;2.06;2.14;266919;3218603.500
01/18/2005;2.15;2.18;2.08;2.15;219600;2618396.000
01/19/2005;2.15;2.17;2.09;2.09;175802;2073170.250
01/20/2005;2.04;2.08;2.02;2.04;381803;4406151.500
01/21/2005;2.04;2.14;2.02;2.13;553386;6482397.000
01/24/2005;2.19;2.20;2.13;2.18;756994;9173284.000
01/25/2005;2.11;2.11;2.06;2.07;413224;4835894.000
01/26/2005;2.05;2.12;2.05;2.09;271434;3157560.500
01/27/2005;2.06;2.08;1.99;2.00;311100;3560970.500
01/28/2005;1.98;2.00;1.93;1.93;321710;3565822.000
01/31/2005;1.91;1.91;1.83;1.85;418167;4450345.000
02/01/2005;1.84;1.89;1.82;1.88;331877;3553930.000
02/02/2005;1.88;2.01;1.83;2.00;634131;7062290.000
02/03/2005;1.97;2.04;1.93;1.94;399455;4480927.500
02/04/2005;1.93;2.04;1.93;2.02;387697;4394096.500
02/16/2005;2.08;2.08;2.00;2.00;278876;3185729.500
02/17/2005;2.03;2.03;1.98;2.00;150572;1696430.375
02/18/2005;2.00;2.07;1.98;2.06;611426;7025341.000
02/21/2005;2.06;2.17;2.03;2.17;579993;6870977.500
02/22/2005;2.19;2.33;2.15;2.30;1174432;14653485.000
02/23/2005;2.28;2.37;2.23;2.29;884803;11245869.000
02/24/2005;2.29;2.44;2.27;2.39;1047242;13703498.000
02/25/2005;2.40;2.40;2.31;2.34;1347938;17454624.000
02/28/2005;2.33;2.36;2.28;2.28;914601;11732107.000
03/01/2005;2.27;2.31;2.23;2.26;704238;8786791.000
03/02/2005;2.28;2.31;2.22;2.23;690150;8636669.000
03/03/2005;2.26;2.26;2.20;2.26;294438;3650483.250
03/04/2005;2.27;2.27;2.23;2.23;220262;2749309.750
03/07/2005;2.25;2.27;2.21;2.22;262462;3245437.250
03/08/2005;2.25;2.35;2.22;2.34;806909;10306248.000
03/09/2005;2.35;2.36;2.30;2.31;491450;6321799.000
03/10/2005;2.33;2.35;2.23;2.24;522943;6649442.000
03/11/2005;2.25;2.34;2.23;2.33;423095;5363999.000
03/14/2005;2.31;2.36;2.24;2.31;531539;6783041.000
03/15/2005;2.33;2.36;2.29;2.32;601636;7746711.500
03/16/2005;2.31;2.32;2.21;2.22;359409;4490672.500
03/17/2005;2.22;2.24;2.17;2.19;240020;2938228.000
03/18/2005;2.17;2.19;2.08;2.08;449376;5386067.000
03/21/2005;2.07;2.15;2.07;2.13;416954;4908846.500
03/22/2005;2.12;2.14;2.04;2.06;480988;5631516.500
03/23/2005;2.04;2.17;2.04;2.10;417972;4940684.500
03/24/2005;2.10;2.17;2.08;2.17;457450;5434585.500
03/25/2005;2.17;2.18;2.12;2.14;377416;4541979.000
03/28/2005;2.14;2.14;2.06;2.11;230895;2701221.000
03/30/2005;2.09;2.09;1.94;1.94;447591;5023880.000
03/31/2005;1.94;1.97;1.93;1.97;241642;2672217.500
04/01/2005;1.96;2.10;1.94;2.07;301476;3438504.750
04/04/2005;2.02;2.08;1.98;2.05;247170;2835268.250
04/05/2005;2.04;2.06;2.02;2.03;163460;1879376.250
04/06/2005;2.03;2.11;2.00;2.10;300777;3494396.750
04/07/2005;2.12;2.18;2.08;2.13;529689;6363593.000
04/08/2005;2.14;2.18;2.11;2.18;282849;3405613.250
04/11/2005;2.17;2.25;2.16;2.21;452260;5529695.000
04/12/2005;2.21;2.21;2.15;2.17;403402;4908842.500
04/13/2005;2.18;2.29;2.18;2.27;567408;7099779.000
04/14/2005;2.27;2.41;2.26;2.34;2057986;26742080.000
04/15/2005;2.31;2.39;2.31;2.36;953834;12406934.000
04/18/2005;2.36;2.42;2.34;2.40;1366669;17966204.000
04/19/2005;2.39;2.50;2.30;2.39;1037754;11155795.000
04/20/2005;2.36;2.39;2.30;2.30;731977;7736699.500
04/21/2005;2.29;2.35;2.23;2.27;533898;5510129.000
04/22/2005;2.25;2.29;2.19;2.22;630273;6416484.500
04/25/2005;2.21;2.27;2.19;2.27;361942;3685017.750
04/26/2005;2.25;2.31;2.23;2.29;342115;3558435.500
04/27/2005;2.29;2.35;2.23;2.24;328068;3429927.500
04/28/2005;2.23;2.28;2.01;2.21;1042735;10298741.000
04/29/2005;2.16;2.18;2.06;2.09;697240;6739172.500
05/09/2005;2.01;2.06;1.85;1.86;718387;6352012.000
05/10/2005;1.86;1.87;1.78;1.84;362723;3105626.500
05/11/2005;1.84;1.94;1.84;1.86;535598;4736387.500
05/12/2005;1.86;1.96;1.86;1.89;396183;3527273.500
05/13/2005;1.88;1.97;1.87;1.92;307768;2744650.500
05/16/2005;1.90;1.94;1.88;1.92;333750;2986711.750
05/17/2005;1.93;1.96;1.91;1.92;284580;2550332.750
05/18/2005;1.92;1.95;1.91;1.93;138026;1238116.500
05/19/2005;1.93;1.93;1.87;1.90;276078;2436004.250
05/20/2005;1.90;1.90;1.87;1.88;121361;1070565.875
05/23/2005;1.86;1.87;1.84;1.85;217340;1880469.250
05/24/2005;1.84;1.93;1.84;1.90;162755;1442348.750
05/25/2005;1.91;1.91;1.87;1.90;208209;1839072.250
05/26/2005;1.89;1.89;1.79;1.79;202440;1732818.875
05/27/2005;1.76;1.81;1.70;1.70;232381;1918322.875
05/30/2005;1.69;1.72;1.68;1.71;189040;1525194.750
05/31/2005;1.72;1.72;1.68;1.69;130200;1048961.375
06/01/2005;1.69;1.69;1.61;1.61;302825;2356948.250
06/02/2005;1.61;1.63;1.58;1.62;267012;2056545.625
06/03/2005;1.61;1.66;1.60;1.62;182900;1420951.500
06/06/2005;1.63;1.71;1.61;1.70;180797;1422517.875
06/07/2005;1.72;1.73;1.68;1.68;204880;1655054.250
06/08/2005;1.66;1.87;1.66;1.86;549954;4649194.500
06/09/2005;1.85;1.99;1.79;1.94;1015136;9080285.000
06/10/2005;1.91;1.93;1.84;1.91;551119;4845808.500
06/13/2005;1.87;1.92;1.83;1.88;582247;5071783.500
06/14/2005;1.86;1.90;1.76;1.77;701056;5966812.000
06/15/2005;1.76;1.78;1.72;1.75;234252;1934617.625
06/16/2005;1.77;1.85;1.72;1.83;366470;3095940.750
06/17/2005;1.84;1.84;1.77;1.78;218685;1853352.625
06/20/2005;1.78;1.95;1.78;1.95;932586;8253672.000
06/21/2005;1.95;2.02;1.90;1.99;1118648;10188387.000
06/22/2005;1.95;2.05;1.94;2.03;670006;6200375.000
06/23/2005;2.01;2.05;1.91;1.91;645424;5933690.000
06/24/2005;1.91;1.96;1.91;1.95;281680;2535507.500
06/27/2005;1.97;2.14;1.97;2.08;1318949;12592817.000
06/28/2005;2.05;2.05;1.99;2.02;474753;4427326.500
06/29/2005;2.04;2.04;1.94;1.96;495340;4565875.500
06/30/2005;1.96;1.97;1.87;1.87;361847;3209444.250
07/01/2005;1.86;1.88;1.76;1.78;489551;4146458.000
07/04/2005;1.74;1.79;1.74;1.78;196016;1624112.625
07/05/2005;1.77;1.82;1.75;1.77;230454;1937576.250
07/06/2005;1.80;1.81;1.74;1.75;131840;1099259.000
07/07/2005;1.75;1.78;1.74;1.77;106790;886665.375
07/08/2005;1.77;1.77;1.65;1.66;231549;1852411.750
07/11/2005;1.69;1.77;1.67;1.68;162185;1322951.750
07/12/2005;1.68;1.80;1.68;1.79;254015;2109923.250
07/13/2005;1.78;1.79;1.73;1.77;203635;1695550.750
07/14/2005;1.76;1.85;1.76;1.85;556497;4757130.000
07/15/2005;1.87;1.90;1.79;1.81;318350;2718613.500
07/18/2005;1.77;1.80;1.74;1.77;230883;1916418.250
07/19/2005;1.77;1.81;1.76;1.80;96719;813966.563
07/20/2005;1.78;1.83;1.78;1.83;133599;1137341.500
07/21/2005;1.83;1.83;1.78;1.81;141698;1201006.500
07/22/2005;1.83;1.92;1.81;1.89;403449;3516205.750
07/25/2005;1.84;1.87;1.84;1.86;225230;1950486.625
07/26/2005;1.86;1.91;1.84;1.90;226019;1994718.500
07/27/2005;1.89;1.94;1.89;1.94;285786;2543996.500
07/28/2005;1.95;1.99;1.93;1.98;507192;4617131.000
07/29/2005;1.97;1.97;1.91;1.92;155698;1401024.750
08/01/2005;1.89;1.95;1.89;1.93;101010;904669.188
08/02/2005;1.94;1.96;1.91;1.96;177799;1601312.625
08/03/2005;1.98;2.00;1.95;1.99;329609;3027664.000
08/04/2005;1.98;2.05;1.96;2.00;330140;3063883.000
08/05/2005;2.00;2.18;2.00;2.17;944603;9232724.000
08/08/2005;2.27;2.30;2.19;2.21;1042357;10638604.000
08/09/2005;2.19;2.26;2.17;2.21;466584;4716787.000
08/10/2005;2.21;2.24;2.12;2.22;848146;8440943.000
08/11/2005;2.21;2.22;2.15;2.19;616378;6154718.000
08/12/2005;2.28;2.28;2.17;2.20;562079;5728900.000
08/15/2005;2.22;2.37;2.22;2.37;1297892;13680341.000
08/16/2005;2.38;2.39;2.28;2.30;620169;6558700.000
08/17/2005;2.29;2.43;2.28;2.40;774311;8300790.500
08/18/2005;2.44;2.49;2.21;2.22;1453058;15747613.000
08/19/2005;2.21;2.28;2.16;2.21;671257;6773780.000
08/22/2005;2.21;2.26;2.18;2.23;302530;3052603.500
08/23/2005;2.23;2.23;2.16;2.22;371729;3726970.000
08/24/2005;2.22;2.33;2.22;2.31;697890;7251069.500
08/25/2005;2.31;2.33;2.27;2.32;439820;4586951.500
08/26/2005;2.31;2.40;2.30;2.37;675962;7241638.000
08/29/2005;2.36;2.37;2.32;2.35;479100;5072478.500
08/30/2005;2.34;2.37;2.28;2.30;258894;2745931.500
08/31/2005;2.27;2.42;2.27;2.42;740869;7969879.500
09/01/2005;2.42;2.49;2.40;2.48;812825;8952983.000
09/02/2005;2.49;2.57;2.48;2.53;974144;11081615.000
09/05/2005;2.54;2.60;2.48;2.55;457280;5187101.000
09/06/2005;2.57;2.57;2.41;2.42;578620;6481946.000
09/07/2005;2.40;2.56;2.39;2.55;515800;5777341.500
09/08/2005;2.56;2.64;2.54;2.58;709904;8237623.500
09/09/2005;2.60;2.62;2.54;2.60;608160;7033368.500
09/12/2005;2.59;2.61;2.52;2.53;411548;4682782.500
09/13/2005;2.53;2.59;2.51;2.56;447308;5084008.500
09/14/2005;2.56;2.56;2.49;2.51;754094;8491190.000
09/15/2005;2.61;2.61;2.52;2.54;497228;5681848.500
09/16/2005;2.59;2.59;2.49;2.49;512856;5826884.500
10/17/2005;2.55;2.71;2.52;2.63;2443390;28713278.000
10/18/2005;2.59;2.79;2.59;2.78;1764114;21446132.000
10/19/2005;2.79;2.93;2.77;2.85;1193056;15198127.000
10/20/2005;2.82;3.00;2.77;2.89;872443;11216437.000
10/21/2005;2.89;2.97;2.83;2.86;734263;9362960.000
11/09/2005;2.95;3.33;2.95;3.20;3596240;37286392.000
11/10/2005;3.16;3.34;3.16;3.23;1761079;18936372.000
11/11/2005;3.28;3.39;3.24;3.31;1366596;14909026.000
11/14/2005;3.31;3.34;3.11;3.16;1844868;19526120.000
11/15/2005;3.15;3.18;2.91;3.00;1884703;19132866.000
11/16/2005;2.97;2.99;2.87;2.90;1626630;15834542.000
11/17/2005;2.90;2.98;2.83;2.93;605565;5937573.000
11/18/2005;2.92;3.20;2.90;3.13;1104380;11332645.000
11/21/2005;3.15;3.20;3.09;3.11;766123;7980454.000
11/22/2005;3.11;3.15;3.03;3.03;592433;6094960.500
11/23/2005;3.00;3.16;3.00;3.08;594828;6126538.000
11/24/2005;3.08;3.14;3.03;3.06;530241;5441368.000
11/25/2005;3.08;3.18;3.08;3.15;938092;9779397.000
11/28/2005;3.16;3.17;3.06;3.10;453335;4699412.500
11/29/2005;3.10;3.16;3.09;3.10;1019495;10558830.000
11/30/2005;3.10;3.25;3.08;3.19;1332339;13955205.000
12/01/2005;3.18;3.18;3.06;3.10;781979;8072577.500
12/02/2005;3.06;3.07;2.97;3.00;768985;7735346.500
12/05/2005;2.96;2.96;2.80;2.81;869658;8435201.000
12/06/2005;2.81;2.86;2.78;2.80;597524;5654182.500
12/07/2005;2.79;2.83;2.76;2.82;406094;3818561.000
12/08/2005;2.84;2.86;2.77;2.78;428209;4031943.000
12/09/2005;2.77;2.93;2.76;2.87;431356;4117936.000
12/12/2005;2.89;2.92;2.86;2.90;314831;3053128.000
12/13/2005;2.90;2.93;2.85;2.92;429142;4149958.500
12/14/2005;2.93;3.00;2.89;3.00;528248;5227939.500
12/15/2005;3.00;3.02;2.95;2.96;548240;5447120.000
12/16/2005;2.98;2.99;2.91;2.97;484655;4778827.500
12/19/2005;2.97;2.97;2.91;2.92;350443;3425659.250
12/20/2005;2.94;2.94;2.86;2.90;332958;3223503.250
12/21/2005;2.91;2.92;2.83;2.83;346300;3321350.000
12/22/2005;2.86;2.92;2.81;2.91;500876;4818738.500
12/23/2005;2.91;2.93;2.86;2.93;368177;3578741.500
12/26/2005;2.93;3.00;2.90;2.98;730525;7229147.000
12/27/2005;2.97;2.99;2.93;2.99;359056;3551166.250
12/28/2005;2.96;3.06;2.96;3.06;654416;6611041.000
12/29/2005;3.06;3.07;3.03;3.06;665364;6748317.500
12/30/2005;3.08;3.09;2.96;2.96;459845;4602991.000
01/04/2006;2.95;3.06;2.93;2.96;593561;5894062.000
01/05/2006;2.97;3.04;2.95;3.04;639997;6440187.500
01/06/2006;3.04;3.06;2.97;3.00;720513;7212825.500
01/09/2006;3.02;3.09;2.97;3.07;1206599;12193867.000
01/10/2006;3.08;3.09;3.00;3.05;811162;8218663.500
01/11/2006;3.03;3.07;3.02;3.02;698270;7082701.000
01/12/2006;3.01;3.12;3.00;3.10;781190;8026457.000
01/13/2006;3.11;3.13;3.05;3.09;727314;7494391.500
01/16/2006;3.10;3.15;3.06;3.10;1057042;10925097.000
01/17/2006;3.09;3.11;3.00;3.05;782533;7952748.500
01/18/2006;3.05;3.09;3.00;3.08;1024146;10359276.000
01/19/2006;3.06;3.08;2.99;3.03;1065220;10735028.000
01/20/2006;3.00;3.03;2.90;2.92;1915294;18897354.000
01/23/2006;2.92;2.92;2.83;2.85;1169820;11176499.000
01/24/2006;2.86;2.89;2.83;2.86;652282;6250836.500
01/25/2006;2.85;2.86;2.79;2.83;657692;6241100.500
02/06/2006;2.87;2.91;2.85;2.88;611224;5891900.000
02/07/2006;2.90;2.90;2.75;2.78;1159501;10909533.000
02/08/2006;2.78;2.83;2.75;2.81;612719;5749939.500
02/09/2006;2.81;2.88;2.81;2.88;1422567;13549762.000
02/10/2006;2.90;2.93;2.87;2.92;757867;7354995.500
02/13/2006;2.93;2.95;2.88;2.90;545296;5318821.000
02/14/2006;2.91;3.02;2.91;2.99;899790;8919860.000
02/15/2006;3.02;3.05;2.95;2.96;814088;8122696.500
02/16/2006;2.95;2.95;2.81;2.81;685328;6560686.000
02/17/2006;2.81;2.88;2.77;2.77;382819;3613624.250
02/20/2006;2.76;2.79;2.66;2.67;591038;5437511.000
02/21/2006;2.69;2.78;2.65;2.77;345831;3164888.750
02/22/2006;2.75;2.75;2.65;2.72;920299;8350164.000
02/23/2006;2.70;2.72;2.60;2.62;776010;6945705.000
02/24/2006;2.62;2.70;2.62;2.67;925750;8323731.000
02/27/2006;2.66;2.69;2.63;2.63;423494;3786152.250
02/28/2006;2.63;2.71;2.61;2.69;486764;4379720.000
03/01/2006;2.72;2.74;2.68;2.74;664100;6093581.000
03/02/2006;2.75;2.77;2.70;2.71;830376;7630612.000
03/03/2006;2.69;2.79;2.69;2.76;762749;7061290.500
03/06/2006;2.77;2.79;2.74;2.77;591575;5510534.500
03/07/2006;2.75;2.76;2.70;2.73;590350;5422073.000
03/08/2006;2.73;2.73;2.64;2.71;304523;2760200.250
03/09/2006;2.69;2.73;2.60;2.62;312586;2809372.750
03/10/2006;2.66;2.71;2.66;2.68;476904;4316542.000
03/13/2006;2.70;2.74;2.66;2.66;239455;2168216.000
03/14/2006;2.69;2.72;2.66;2.72;336311;3061739.750
03/15/2006;2.72;2.80;2.72;2.79;655228;6072409.000
03/16/2006;2.80;2.80;2.72;2.73;365093;3379434.250
03/17/2006;2.74;2.76;2.70;2.71;311249;2856155.750
03/20/2006;2.71;2.75;2.67;2.73;873786;8007745.000
03/21/2006;2.74;2.88;2.74;2.85;1497792;14236390.000
03/22/2006;2.87;2.90;2.79;2.90;1085085;10379893.000
03/23/2006;2.90;3.04;2.88;3.01;2834506;28308386.000
03/24/2006;3.01;3.04;2.96;3.01;1350504;13538242.000
03/27/2006;3.01;3.07;2.97;3.06;1283756;13005875.000
03/28/2006;3.05;3.15;3.00;3.12;1289644;13267592.000
03/29/2006;3.10;3.15;3.06;3.06;1070617;11025594.000
03/30/2006;3.06;3.09;2.97;3.00;574485;5816237.500
03/31/2006;3.00;3.11;2.97;3.08;741555;7534665.000
04/03/2006;3.08;3.30;3.08;3.26;1163214;12442838.000
04/04/2006;3.30;3.30;3.21;3.26;933117;10056600.000
04/05/2006;3.26;3.38;3.20;3.25;1063337;11513656.000
04/06/2006;3.23;3.32;3.17;3.21;1254592;13474271.000
04/07/2006;3.18;3.26;3.13;3.20;1004735;10599090.000
04/10/2006;3.20;3.42;3.20;3.34;1530012;16876712.000
04/12/2006;3.35;3.36;3.25;3.27;771591;8370793.500
04/13/2006;3.25;3.33;3.12;3.12;1082111;11459460.000
04/14/2006;3.10;3.35;3.09;3.32;1261684;13380496.000
04/17/2006;3.32;3.69;3.28;3.69;3765359;44540040.000
04/18/2006;3.71;3.85;3.59;3.60;2113517;25603832.000
04/19/2006;3.64;3.85;3.61;3.76;2246132;27514850.000
04/20/2006;3.70;3.81;3.66;3.71;865501;10501045.000
04/21/2006;3.70;3.85;3.62;3.81;1160848;14233675.000
04/24/2006;3.81;3.86;3.57;3.59;1262733;15100884.000
04/25/2006;3.59;3.69;3.56;3.61;862815;10233664.000
04/26/2006;3.60;4.00;3.56;3.97;2793022;35181920.000
04/27/2006;3.95;3.96;3.80;3.86;1447445;18203596.000
04/28/2006;3.82;4.26;3.74;4.20;2319091;30241972.000
05/08/2006;4.23;4.36;4.03;4.23;1136879;15531142.000
05/09/2006;4.22;4.39;4.21;4.28;951796;13192831.000
05/10/2006;4.31;4.33;4.16;4.22;1083386;14830706.000
05/11/2006;4.20;4.32;4.05;4.05;1624227;22064740.000
05/12/2006;4.00;4.19;4.00;4.12;1025458;13606260.000
05/15/2006;4.13;4.26;4.00;4.15;2116164;28288444.000
05/17/2006;4.06;4.06;3.84;3.97;1884760;24150076.000
05/18/2006;3.95;3.99;3.88;3.95;657398;8416886.000
05/19/2006;3.93;4.28;3.93;4.28;1719327;23055314.000
05/22/2006;4.30;4.53;4.23;4.28;1758617;24807574.000
05/23/2006;4.20;4.20;3.86;3.90;1195428;15476655.000
05/24/2006;3.91;4.02;3.66;3.72;1242755;15435411.000
05/25/2006;3.72;3.83;3.68;3.81;499206;6158448.000
05/26/2006;3.81;4.23;3.81;4.23;1858147;24826606.000
05/29/2006;4.35;4.56;4.25;4.47;2140843;30547782.000
05/30/2006;4.50;4.72;4.35;4.48;3835312;56441976.000
05/31/2006;4.43;4.54;4.32;4.44;1291603;18471012.000
06/01/2006;4.41;4.73;4.38;4.71;1080302;16048623.000
06/02/2006;4.70;4.71;4.50;4.61;1086118;15962643.000
06/05/2006;4.58;4.96;4.50;4.81;1115699;17031704.000
06/06/2006;4.81;4.81;4.56;4.60;591902;8767150.000
06/07/2006;4.60;4.60;4.11;4.14;1494051;20598178.000
06/08/2006;4.04;4.18;3.70;4.10;1298211;16473984.000
06/09/2006;4.10;4.20;3.94;4.16;1126629;14925763.000
06/12/2006;4.08;4.27;4.04;4.22;282924;3812911.000
06/13/2006;4.26;4.30;4.08;4.17;291082;3894252.250
06/14/2006;4.17;4.18;4.03;4.10;290807;3817850.250
06/15/2006;4.16;4.22;4.10;4.13;184036;2463314.000
06/16/2006;4.17;4.29;4.17;4.25;613318;8379898.500
06/19/2006;4.26;4.43;4.20;4.34;929309;12975835.000
06/20/2006;4.25;4.48;4.25;4.37;980793;13765609.000
06/21/2006;4.33;4.42;4.30;4.42;518125;7241889.500
06/22/2006;4.40;4.41;4.28;4.35;281311;3908592.500
06/23/2006;4.30;4.33;4.21;4.29;381353;5201133.000
06/26/2006;4.24;4.35;4.24;4.34;677271;9333797.000
06/27/2006;4.37;4.41;4.25;4.34;350962;4841248.000
06/28/2006;4.35;4.38;4.26;4.36;337368;4697081.500
06/29/2006;4.34;4.47;4.34;4.45;844385;11972514.000
06/30/2006;4.46;4.59;4.36;4.38;697160;9982784.000
07/03/2006;4.40;4.42;4.25;4.26;1605414;22118868.000
07/04/2006;4.26;4.26;4.15;4.20;1081293;14528255.000
07/05/2006;4.21;4.21;4.06;4.18;1120036;14814682.000
07/06/2006;4.19;4.27;4.11;4.26;768385;10444651.000
07/07/2006;4.30;4.30;4.13;4.15;688796;9263767.000
07/10/2006;4.17;4.36;4.16;4.36;830310;11405729.000
07/11/2006;4.36;4.40;4.28;4.33;828668;11525300.000
07/12/2006;4.34;4.55;4.27;4.47;1523266;21754700.000
07/13/2006;4.43;4.58;4.16;4.18;1423249;19949740.000
07/14/2006;4.10;4.25;4.10;4.23;624860;8426330.000
07/17/2006;4.16;4.28;4.10;4.22;315817;4263448.000
07/18/2006;4.22;4.48;4.21;4.37;1210475;16883322.000
07/19/2006;4.36;4.36;3.98;4.12;1377788;18250954.000
07/20/2006;4.12;4.15;4.01;4.05;513611;6717244.000
07/21/2006;4.05;4.15;3.99;4.03;370091;4799152.500
07/24/2006;4.02;4.13;3.91;4.07;342803;4453239.500
07/25/2006;4.07;4.18;4.07;4.15;297296;3950701.000
07/26/2006;4.19;4.33;4.19;4.24;1066067;14656135.000
07/27/2006;4.24;4.38;4.23;4.36;1211585;16732759.000
07/28/2006;4.34;4.42;4.31;4.39;1117324;15642885.000
07/31/2006;4.36;4.39;4.14;4.14;637038;8661608.000
08/01/2006;4.13;4.24;4.06;4.12;473196;6331808.000
08/02/2006;4.12;4.16;4.03;4.10;333414;4395046.500
08/03/2006;4.13;4.16;4.06;4.10;433432;5737296.000
08/04/2006;4.14;4.14;3.97;3.97;310812;4040866.250
08/07/2006;3.93;3.99;3.82;3.86;424827;5361659.000
08/08/2006;3.86;4.03;3.84;4.00;304301;3859985.750
08/09/2006;3.94;4.05;3.93;3.94;251373;3215573.750
08/10/2006;3.95;4.04;3.86;4.03;311992;4011663.750
08/11/2006;4.00;4.12;3.98;4.09;340718;4474191.500
08/14/2006;4.06;4.11;3.94;3.94;240615;3129390.750
08/15/2006;3.90;4.05;3.90;4.01;105714;1355439.000
08/16/2006;4.04;4.13;4.04;4.08;331795;4370159.000
08/17/2006;4.09;4.10;3.99;4.10;190428;2473042.750
08/18/2006;4.09;4.17;4.03;4.07;215750;2838922.000
08/21/2006;3.95;4.18;3.90;4.17;327610;4301537.000
08/22/2006;4.16;4.36;4.14;4.28;873054;12026752.000
08/23/2006;4.23;4.35;4.20;4.25;614893;8474790.000
08/24/2006;4.23;4.48;4.23;4.44;1235553;17421616.000
08/25/2006;4.46;4.48;4.38;4.44;820007;11635121.000
08/28/2006;4.43;4.54;4.39;4.51;1080430;15490835.000
08/29/2006;4.51;4.58;4.43;4.46;1197130;17242990.000
08/30/2006;4.43;4.48;4.32;4.35;1391156;19464406.000
08/31/2006;4.36;4.48;4.32;4.43;678662;9606534.000
09/01/2006;4.43;4.58;4.40;4.50;1239531;17856762.000
09/04/2006;4.50;4.94;4.50;4.93;1952924;29621858.000
09/05/2006;4.93;4.95;4.80;4.82;744804;11547278.000
09/06/2006;4.89;4.93;4.78;4.86;547060;8446003.000
09/07/2006;4.86;5.11;4.80;4.80;1403614;22115998.000
09/08/2006;4.79;4.89;4.72;4.83;828466;12659712.000
09/11/2006;4.83;5.02;4.77;5.01;585433;9102223.000
09/12/2006;5.01;5.16;4.92;4.93;715105;11449975.000
09/13/2006;4.93;5.03;4.83;4.96;586909;9169928.000
09/14/2006;5.01;5.01;4.67;4.70;962779;14573163.000
09/15/2006;4.70;4.76;4.66;4.74;607540;9142931.000
09/18/2006;4.74;4.83;4.63;4.72;571166;8547939.000
09/19/2006;4.71;4.86;4.68;4.79;764391;11680414.000
09/20/2006;4.79;4.80;4.70;4.73;362883;5488735.500
09/21/2006;4.75;4.93;4.70;4.86;762809;11686085.000
09/22/2006;4.87;4.96;4.78;4.90;576564;8977417.000
09/25/2006;4.89;4.90;4.76;4.80;386119;5947588.000
09/26/2006;4.75;4.80;4.63;4.68;498335;7479380.500
09/27/2006;4.66;4.73;4.60;4.69;407993;6060651.000
09/28/2006;4.69;4.79;4.69;4.71;337224;5108612.500
09/29/2006;4.71;4.85;4.71;4.80;913724;13967396.000
10/09/2006;4.85;5.03;4.80;5.00;807791;12631019.000
10/10/2006;4.96;4.99;4.86;4.94;497559;7789583.500
10/11/2006;4.90;5.14;4.87;5.10;673489;10775858.000
10/12/2006;5.09;5.13;4.86;4.88;793196;12481543.000
10/13/2006;4.84;4.92;4.83;4.87;349574;5426914.000
10/16/2006;4.87;4.90;4.75;4.75;342202;5242168.000
10/17/2006;4.70;4.78;4.70;4.75;281295;4263140.000
10/18/2006;4.74;4.90;4.74;4.86;285868;4416767.500
10/19/2006;4.85;5.02;4.83;5.01;453401;7133294.500
10/20/2006;4.96;5.00;4.80;4.81;1345888;20891516.000
10/23/2006;4.79;4.79;4.53;4.58;779212;11687008.000
10/24/2006;4.58;4.68;4.55;4.63;1041572;15330573.000
10/25/2006;4.65;4.65;4.48;4.51;820156;11908545.000
10/26/2006;4.52;4.63;4.46;4.55;423287;6103487.500
10/27/2006;4.58;4.58;4.36;4.39;630975;8981223.000
10/30/2006;4.38;4.38;4.28;4.37;661081;9176468.000
10/31/2006;4.36;4.44;4.33;4.43;297647;4181442.250
11/01/2006;4.43;4.47;4.37;4.46;307098;4364906.500
11/02/2006;4.46;4.46;4.31;4.32;573893;8001552.000
11/03/2006;4.27;4.38;4.26;4.36;542692;7541372.500
11/06/2006;4.36;4.38;4.26;4.32;304396;4238858.500
11/07/2006;4.32;4.33;4.12;4.17;912240;12254439.000
11/08/2006;4.16;4.18;4.11;4.18;927868;12330655.000
11/09/2006;4.21;4.40;4.18;4.30;782024;10720760.000
11/10/2006;4.31;4.32;4.22;4.26;472137;6455681.000
11/13/2006;4.26;4.27;4.13;4.16;328240;4414236.000
11/14/2006;4.16;4.26;4.12;4.25;275556;3708361.500
11/15/2006;4.26;4.38;4.24;4.35;578221;8045918.500
11/16/2006;4.35;4.38;4.30;4.32;436189;6056796.500
11/17/2006;4.28;4.36;4.28;4.31;243436;3367177.250
11/20/2006;4.35;4.35;4.17;4.20;372900;5051740.500
11/21/2006;4.19;4.28;4.15;4.19;626449;8453885.000
11/22/2006;4.21;4.28;4.17;4.26;1359234;18515632.000
11/23/2006;4.26;4.26;4.10;4.22;1291428;17361712.000
11/24/2006;4.20;4.30;4.13;4.29;811792;10975247.000
11/27/2006;4.29;4.42;4.24;4.41;848650;11820240.000
11/28/2006;4.41;4.46;4.33;4.39;631082;8876653.000
11/29/2006;4.35;4.48;4.30;4.46;810543;11501425.000
11/30/2006;4.48;4.53;4.44;4.46;960515;13796018.000
12/01/2006;4.48;4.49;4.35;4.42;950784;13457089.000
12/04/2006;4.43;4.53;4.37;4.52;1580121;22614500.000
12/05/2006;4.52;4.52;4.42;4.45;808279;11538768.000
12/06/2006;4.43;4.47;4.23;4.38;944107;13126292.000
12/07/2006;4.38;4.38;4.26;4.30;637711;8829030.000
12/08/2006;4.26;4.36;4.22;4.23;688687;9427327.000
12/11/2006;4.23;4.33;4.23;4.30;328451;4516902.500
12/12/2006;4.30;4.31;4.24;4.25;506241;6944331.500
12/13/2006;4.24;4.46;4.24;4.41;641884;8957887.000
12/14/2006;4.40;4.46;4.37;4.46;569648;8066339.000
12/15/2006;4.46;4.48;4.41;4.45;470344;6699026.500
12/18/2006;4.47;4.58;4.42;4.51;987797;14284885.000
12/19/2006;4.52;4.53;4.42;4.49;753850;10804869.000
12/20/2006;4.49;4.73;4.43;4.67;1592001;23487630.000
12/21/2006;4.70;4.84;4.58;4.61;1461651;22215138.000
12/22/2006;4.58;4.67;4.53;4.57;503950;7396243.500
12/25/2006;4.57;4.70;4.53;4.56;506201;7458078.500
12/26/2006;4.56;4.63;4.44;4.47;484610;6995446.000
12/27/2006;4.53;4.56;4.43;4.55;428617;6163168.000
12/28/2006;4.53;4.55;4.33;4.33;552960;7811693.500
12/29/2006;4.34;4.44;4.33;4.38;821688;11536711.000
01/04/2007;4.40;4.51;4.29;4.45;2050687;28631554.000
01/05/2007;4.40;4.74;4.36;4.69;1318118;19535614.000
01/08/2007;4.71;4.92;4.70;4.87;1893148;29219794.000
01/09/2007;4.90;5.00;4.80;4.98;1182085;18495612.000
01/10/2007;4.98;5.25;4.92;5.24;1515665;24668556.000
01/11/2007;5.23;5.33;5.07;5.13;1457927;24218626.000
01/12/2007;5.13;5.28;4.97;5.05;1202611;19641990.000
01/15/2007;5.06;5.58;5.06;5.58;2822967;48419772.000
01/16/2007;5.66;5.85;5.50;5.70;1359426;24435552.000
01/17/2007;5.64;5.96;5.53;5.61;2294224;41602348.000
01/18/2007;5.61;5.85;5.51;5.83;1115287;19901312.000
01/19/2007;5.83;6.00;5.67;5.70;1853214;33740468.000
01/22/2007;5.83;5.96;5.76;5.92;1596991;29473542.000
01/23/2007;5.96;5.96;5.64;5.72;1758928;32104522.000
01/24/2007;5.72;5.72;5.50;5.54;1357913;23958966.000
01/25/2007;5.53;5.53;5.34;5.35;1140499;19614986.000
01/26/2007;5.30;5.39;5.16;5.34;687292;11488417.000
01/29/2007;5.36;5.91;5.36;5.91;2057434;36912496.000
01/30/2007;6.00;6.43;6.00;6.25;2577592;50668388.000
01/31/2007;6.26;6.35;5.97;6.03;961208;18627406.000
02/01/2007;5.93;6.66;5.90;6.66;1665293;32645762.000
02/02/2007;6.91;7.10;6.77;6.86;2260195;49279776.000
02/05/2007;6.93;6.93;6.55;6.80;1000338;20959794.000
02/06/2007;6.80;6.93;6.63;6.78;485234;10250026.000
02/07/2007;6.70;7.49;6.70;7.49;1371990;31233042.000
02/08/2007;7.47;7.73;7.30;7.49;733682;17089770.000
02/09/2007;7.49;7.59;7.35;7.52;350621;8213865.500
02/12/2007;7.57;7.88;7.53;7.61;487268;11606532.000
02/13/2007;7.61;7.78;7.39;7.56;616968;14469021.000
02/14/2007;7.64;7.85;7.53;7.66;566840;13610753.000
02/15/2007;7.54;7.80;7.54;7.79;411144;9877697.000
02/16/2007;7.79;8.16;7.79;7.93;336666;8387295.500
02/26/2007;8.03;8.36;7.79;8.36;641968;16085966.000
02/27/2007;8.36;8.42;7.49;7.49;1193464;29027276.000
02/28/2007;7.55;7.83;7.55;7.78;494077;11889281.000
03/01/2007;7.83;8.59;7.59;8.49;1648194;42594912.000
03/02/2007;8.58;8.96;8.50;8.69;860087;23270876.000
03/05/2007;8.63;9.18;8.60;9.16;1230178;34175904.000
03/06/2007;9.17;9.18;8.63;8.90;922983;25181188.000
03/07/2007;8.86;9.52;8.80;9.46;1090700;31245968.000
03/08/2007;9.36;10.05;9.20;10.02;1266037;38300512.000
03/09/2007;10.02;10.28;9.76;10.02;895865;27955686.000
03/12/2007;10.02;10.02;9.46;9.53;1007545;29821896.000
03/13/2007;9.53;9.88;9.20;9.27;807054;23507122.000
03/14/2007;9.21;9.86;9.00;9.31;816495;23623248.000
03/15/2007;9.20;9.83;9.20;9.76;1390968;41301304.000
03/16/2007;9.76;9.80;9.20;9.34;753838;22426764.000
03/19/2007;9.09;9.52;8.96;9.46;1271249;36641976.000
03/20/2007;9.43;9.66;9.35;9.61;348824;10223303.000
03/21/2007;9.70;10.36;9.70;10.30;951093;29752670.000
03/22/2007;10.36;10.55;9.80;10.09;1903694;60106380.000
03/23/2007;10.03;10.53;9.77;10.46;593096;18618116.000
03/26/2007;10.51;10.92;10.30;10.84;848978;27916732.000
03/27/2007;10.73;11.16;10.65;11.06;914967;31047058.000
03/28/2007;11.40;11.70;10.76;10.80;1288242;44127628.000
03/29/2007;10.83;11.00;10.03;10.15;1283030;41043640.000
03/30/2007;10.16;10.36;9.80;10.36;1003406;31082470.000
04/02/2007;10.36;10.99;10.23;10.96;825784;27209572.000
04/03/2007;10.98;12.09;10.86;12.09;1240182;44743416.000
04/04/2007;12.41;12.73;12.24;12.60;1451952;55693240.000
04/05/2007;12.56;12.60;12.26;12.47;306741;11737740.000
04/09/2007;12.48;12.76;12.30;12.36;744291;28426892.000
04/10/2007;12.39;13.25;12.36;13.23;1029270;40919656.000
04/11/2007;13.69;14.58;13.53;14.58;1245208;53116296.000
04/12/2007;14.77;16.07;14.70;16.06;1632231;78480224.000
04/13/2007;16.05;16.33;15.27;15.35;1271503;61003920.000
04/16/2007;15.68;16.23;15.30;16.18;987030;47716892.000
04/17/2007;16.36;17.66;16.18;17.26;1330085;67920296.000
04/18/2007;16.40;17.23;16.15;16.43;1893251;63121792.000
04/19/2007;16.43;17.39;16.15;16.50;1997345;68092280.000
04/20/2007;16.26;17.24;16.25;16.49;1990599;66999792.000
04/23/2007;16.45;16.55;15.47;15.90;3100628;99575424.000
04/24/2007;15.90;15.90;14.85;15.24;5035164;155205504.000
04/25/2007;15.13;16.50;14.86;16.48;3539076;113679376.000
04/26/2007;16.48;17.27;15.75;16.54;2251531;75918240.000
04/27/2007;16.50;16.80;15.77;15.96;1026436;33774340.000
04/30/2007;15.74;15.95;15.45;15.69;1011556;32128788.000
05/08/2007;15.82;16.24;15.35;16.23;1402568;45184128.000
05/09/2007;16.05;16.20;14.92;15.80;1622228;50898728.000
05/10/2007;15.69;15.80;15.05;15.19;1699430;52463964.000
05/11/2007;15.17;15.17;14.34;14.65;2260669;66960276.000
05/14/2007;14.50;16.14;14.26;15.60;3308024;104414952.000
05/15/2007;15.55;16.10;14.85;15.05;1681584;53086116.000
05/16/2007;14.85;15.35;14.70;15.23;817097;25136312.000
05/17/2007;15.29;15.69;15.15;15.55;997213;31311404.000
05/18/2007;15.75;16.00;15.60;15.66;1226590;39324252.000
05/21/2007;15.25;15.99;15.09;15.91;1373945;43918636.000
05/22/2007;16.01;17.50;15.78;17.30;3186439;108418200.000
05/23/2007;17.38;18.69;17.31;17.63;2706144;98922288.000
05/24/2007;17.60;18.07;16.75;17.17;1200132;42111524.000
05/25/2007;17.12;18.40;16.95;18.38;2284164;82735232.000
05/28/2007;18.45;20.24;18.45;20.24;2728189;109850576.000
05/29/2007;20.52;21.00;19.81;20.60;1477004;60427092.000
05/30/2007;18.57;20.40;18.51;18.51;1969562;75596568.000
05/31/2007;18.10;19.18;17.36;18.75;2717685;99983536.000
06/01/2007;18.75;19.30;17.80;17.82;1141577;43243136.000
06/04/2007;17.90;18.38;16.28;16.35;1479067;51289612.000
06/05/2007;15.88;17.51;15.88;17.51;2220310;76167416.000
06/06/2007;17.54;19.24;17.54;19.15;1349169;50885064.000
06/07/2007;19.25;20.80;19.25;20.63;2017381;83233800.000
06/08/2007;20.65;20.91;20.05;20.40;1550292;63674300.000
06/11/2007;20.40;21.73;20.15;20.45;1688818;71397864.000
06/12/2007;20.50;21.45;19.65;21.42;2042535;84414504.000
06/13/2007;21.55;21.75;20.70;20.90;2132520;90896480.000
06/14/2007;20.75;21.49;19.76;21.05;1164490;49311780.000
06/15/2007;20.75;21.05;20.35;20.65;707422;29722856.000
06/18/2007;20.67;21.69;20.67;21.49;1210890;52178192.000
06/19/2007;21.65;22.00;20.72;21.85;924318;40018576.000
06/20/2007;22.24;22.24;20.80;20.90;1410420;61107192.000
06/21/2007;20.73;21.07;19.94;20.25;1056685;43909484.000
06/22/2007;20.30;20.65;18.81;19.26;903528;36027520.000
06/25/2007;19.74;19.74;18.36;18.55;626240;24307250.000
06/26/2007;18.56;19.48;18.26;19.25;759072;28820188.000
06/27/2007;19.25;19.74;19.09;19.63;1132453;44515528.000
06/28/2007;19.59;19.62;19.13;19.30;1720117;67275824.000
06/29/2007;19.00;19.29;18.01;18.50;717345;27238978.000
07/02/2007;18.65;18.75;17.25;17.94;512932;18683398.000
07/03/2007;18.15;18.42;17.41;18.25;1608646;57654892.000
07/04/2007;18.30;18.75;17.97;18.02;445340;16652976.000
07/05/2007;18.02;19.20;17.60;18.25;825147;30811354.000
07/06/2007;19.05;19.75;18.45;19.75;859745;33201696.000
07/09/2007;20.07;20.75;19.71;20.00;885334;36211528.000
07/10/2007;19.99;20.00;19.15;19.45;432534;17126876.000
07/11/2007;19.08;20.23;19.08;20.10;321774;12836594.000
07/12/2007;20.25;20.75;19.86;19.98;350211;14444706.000
07/13/2007;19.98;20.25;19.75;20.00;160900;6506187.500
07/16/2007;20.00;20.24;19.10;19.17;364790;14452204.000
07/17/2007;19.15;19.49;18.65;19.06;1045215;40118736.000
07/18/2007;19.19;19.19;18.81;19.05;792334;30442272.000
07/19/2007;19.19;19.70;18.95;19.10;935519;36554412.000
07/20/2007;19.10;19.60;19.01;19.45;749603;29389166.000
07/23/2007;19.60;20.93;19.60;20.44;1128085;46568516.000
07/24/2007;20.50;20.99;19.95;19.95;1130200;47008656.000
07/25/2007;19.90;20.45;19.90;20.40;1171779;47875524.000
07/26/2007;20.48;20.77;20.20;20.49;1389044;57629844.000
07/27/2007;20.51;21.57;20.51;21.25;1841659;79101088.000
07/30/2007;21.67;21.69;21.19;21.43;1852669;79955680.000
07/31/2007;21.35;21.35;20.50;21.10;1532041;64811712.000
08/01/2007;21.10;21.49;20.17;20.27;1468178;61499984.000
08/02/2007;20.50;20.75;19.84;20.74;1687866;69423832.000
08/03/2007;21.00;21.68;20.86;21.00;3182601;136647712.000
08/06/2007;21.40;22.24;21.30;21.95;3844468;168862880.000
08/07/2007;22.31;23.79;22.05;22.85;3053044;142691456.000
08/08/2007;22.35;22.84;21.50;21.89;1852931;82536576.000
08/09/2007;21.85;22.23;21.25;21.65;993937;43584984.000
08/10/2007;21.65;21.85;20.60;20.94;1005851;42861368.000
08/13/2007;20.95;21.15;20.25;20.39;1192137;49664912.000
08/14/2007;20.40;21.19;20.40;20.84;721322;30476104.000
08/15/2007;20.86;21.11;20.25;20.69;758286;31637622.000
08/16/2007;20.84;21.10;20.42;20.73;923304;38687404.000
08/17/2007;20.73;21.20;20.25;20.34;703177;29406154.000
08/20/2007;20.50;21.23;20.50;20.92;1458891;61879192.000
08/21/2007;21.00;21.92;20.98;21.84;1638593;71684448.000
08/22/2007;21.45;21.85;21.25;21.50;1372529;60088948.000
08/23/2007;21.50;21.75;20.95;21.07;2201266;93977536.000
08/24/2007;21.06;21.54;20.80;21.40;1273209;54420516.000
08/27/2007;21.56;21.75;20.63;20.69;1383904;58813824.000
08/28/2007;20.63;20.99;20.00;20.13;1448781;59504164.000
08/29/2007;20.10;20.37;19.68;19.74;1372770;55371532.000
08/30/2007;20.15;20.42;19.75;20.24;1156012;47068480.000
08/31/2007;20.49;20.75;20.20;20.28;975302;40283020.000
09/03/2007;20.50;20.73;20.00;20.42;1361562;55704284.000
09/04/2007;20.40;21.09;20.27;20.81;1265853;53204136.000
09/05/2007;21.00;21.00;20.43;20.85;1034848;43343012.000
09/06/2007;20.84;20.98;20.46;20.52;1120464;46655836.000
09/07/2007;20.53;20.53;19.83;19.94;1928933;78285168.000
09/10/2007;19.88;20.29;19.45;19.75;1212537;48239636.000
09/11/2007;19.75;19.95;18.94;18.98;1316239;51827436.000
09/12/2007;18.85;19.65;18.80;19.09;1254152;48819828.000
09/13/2007;18.99;19.85;18.98;19.50;891122;35181052.000
09/14/2007;19.25;19.72;19.25;19.65;1246720;49009852.000
09/17/2007;19.65;20.15;19.55;20.06;910099;36646532.000
09/18/2007;20.10;20.23;19.35;19.45;682218;27077146.000
09/19/2007;19.75;19.79;18.80;18.80;935877;36241408.000
09/20/2007;18.94;19.19;18.77;19.00;925055;35423124.000
09/21/2007;19.07;19.07;17.76;18.25;1603510;59097976.000
09/24/2007;18.16;18.25;17.72;17.77;816311;29488250.000
09/25/2007;18.00;18.43;17.55;18.29;1149144;41832256.000
09/26/2007;18.23;18.58;18.00;18.40;571978;21353414.000
09/27/2007;18.27;18.80;18.27;18.72;594937;22426788.000
09/28/2007;18.73;18.80;18.48;18.61;924583;34845364.000
10/08/2007;18.65;19.13;18.63;18.67;882686;33625804.000
10/09/2007;18.59;18.92;18.00;18.68;574717;21560898.000
10/10/2007;18.60;19.85;18.50;19.40;1769433;69529416.000
10/11/2007;19.45;19.74;19.40;19.55;1149301;45546256.000
10/12/2007;19.65;19.65;18.70;19.13;1583996;60863452.000
10/15/2007;18.95;19.50;18.57;18.85;1063219;40516100.000
10/16/2007;19.10;19.45;18.69;19.22;940549;36210984.000
10/17/2007;19.27;20.38;19.25;19.98;1536728;61974588.000
10/18/2007;20.00;20.24;19.34;19.80;907749;36593552.000
10/19/2007;19.75;21.25;19.50;20.60;1460774;60708108.000
10/22/2007;20.61;21.24;20.31;20.79;1178699;49868672.000
10/23/2007;20.81;21.50;20.60;21.23;1507197;64395528.000
10/24/2007;21.30;21.61;20.15;20.49;1885770;79962672.000
10/25/2007;20.05;20.50;19.19;19.94;1518037;60678896.000
10/26/2007;19.69;19.75;18.75;19.45;811361;31801916.000
10/29/2007;19.42;20.24;19.00;19.50;667006;26161494.000
10/30/2007;19.40;20.05;19.25;19.89;716919;28700476.000
11/01/2007;20.32;20.75;19.78;19.90;454966;18763414.000
11/02/2007;19.82;19.82;18.85;19.45;700125;27259312.000
11/05/2007;18.98;19.69;18.98;19.50;349155;13646936.000
11/06/2007;19.48;20.86;19.48;20.55;1160992;48314064.000
11/07/2007;20.90;20.90;20.15;20.65;530307;22081252.000
11/08/2007;20.81;20.81;19.56;19.75;543933;22452144.000
11/09/2007;19.76;19.80;19.15;19.75;483473;19150658.000
11/12/2007;19.75;19.75;18.33;18.97;561254;21446986.000
11/13/2007;19.18;19.24;18.80;18.89;303280;11674097.000
11/14/2007;18.90;19.70;18.90;19.45;349926;13562833.000
11/15/2007;19.35;19.35;18.74;19.00;743261;28574362.000
11/16/2007;18.75;18.97;18.25;18.55;494088;18494050.000
11/19/2007;18.55;19.20;18.25;18.84;464503;17543078.000
11/20/2007;18.81;19.50;18.70;19.25;414373;16121016.000
11/21/2007;19.24;19.60;19.05;19.30;237803;9283477.000
11/22/2007;18.81;19.55;18.81;19.16;494088;19276056.000
11/23/2007;19.05;20.40;18.90;20.27;697731;27821930.000
11/26/2007;20.65;21.40;20.28;20.32;1716056;73103640.000
11/27/2007;20.04;20.83;20.04;20.74;848887;35490612.000
11/28/2007;20.95;21.24;20.19;20.25;437711;18202892.000
11/29/2007;20.60;21.17;20.35;21.14;1239267;52573744.000
11/30/2007;21.14;21.34;20.59;20.85;800388;33716456.000
12/03/2007;21.15;21.64;20.75;21.58;1233863;53325132.000
12/04/2007;21.58;22.30;21.30;21.55;894541;39447752.000
12/05/2007;21.20;21.94;21.14;21.94;663598;28961804.000
12/06/2007;21.98;22.00;21.45;21.69;413603;18225696.000
12/07/2007;21.65;21.70;21.15;21.69;698245;30149812.000
12/10/2007;21.35;23.77;21.25;23.67;1904227;88203520.000
12/11/2007;23.75;24.80;23.35;24.40;1704588;83981000.000
12/12/2007;24.40;25.00;23.90;24.45;694140;34157956.000
12/13/2007;24.65;24.88;24.19;24.25;1248508;62142196.000
12/14/2007;24.15;24.55;23.39;24.55;664893;32193920.000
12/17/2007;24.60;25.72;24.25;25.25;3530752;179631072.000
12/18/2007;25.20;25.20;24.45;24.89;640567;32129808.000
12/19/2007;24.90;27.30;24.90;26.60;1403122;74540768.000
12/20/2007;27.09;28.85;26.65;27.85;850572;47863736.000
12/21/2007;27.85;28.47;27.39;27.85;585353;32903990.000
12/24/2007;27.80;29.58;27.80;29.05;897923;52834420.000
12/25/2007;29.07;29.74;28.26;29.18;496990;29121518.000
12/26/2007;29.59;31.30;29.18;31.15;1028281;62748132.000
12/27/2007;31.20;32.10;29.51;30.25;1277048;79077448.000
12/28/2007;30.15;31.49;29.34;30.00;1094525;66967264.000
01/02/2008;30.00;31.55;30.00;30.95;878002;54546296.000
01/04/2008;30.45;31.35;29.25;30.30;1328924;80347328.000
01/07/2008;29.76;30.25;28.93;29.52;2372902;140202576.000
01/08/2008;29.70;29.70;28.45;28.82;1344508;78253112.000
01/09/2008;28.75;29.70;28.71;29.55;627388;36976532.000
01/10/2008;29.82;29.95;29.25;29.65;952568;56883092.000
01/11/2008;29.65;30.47;29.25;30.43;708272;42674268.000
01/14/2008;30.55;30.55;29.93;29.97;420986;25563380.000
01/15/2008;30.12;32.24;29.75;32.20;998382;63026844.000
01/16/2008;31.60;33.74;31.60;32.13;935276;61107496.000
01/17/2008;31.89;33.50;30.25;31.38;1465445;93502768.000
01/18/2008;31.01;32.20;29.90;30.50;753594;46341900.000
01/21/2008;30.50;31.09;30.25;30.53;864045;53111964.000
01/22/2008;30.24;30.80;28.25;30.17;2091148;124532544.000
01/23/2008;29.50;33.22;29.50;32.99;1095372;69403232.000
01/24/2008;33.19;34.95;33.19;34.70;1383839;95932120.000
01/25/2008;35.19;35.54;34.26;35.20;565098;39880872.000
01/28/2008;35.74;35.74;31.81;32.50;1120638;74857536.000
01/29/2008;32.25;33.59;32.08;32.50;467191;30811922.000
01/30/2008;32.55;33.60;31.83;32.36;267240;17559718.000
01/31/2008;32.40;32.75;29.25;29.75;616013;38079592.000
02/01/2008;29.80;30.15;27.79;30.00;951559;55915040.000
02/04/2008;31.14;32.65;30.19;32.65;644351;40451752.000
02/05/2008;32.25;32.65;31.55;31.84;297840;19196772.000
02/13/2008;31.25;31.74;30.02;30.74;162625;10164014.000
02/14/2008;30.75;31.75;30.75;31.47;159785;10111500.000
02/15/2008;31.44;32.50;30.76;32.50;394229;25386128.000
02/18/2008;33.00;34.21;33.00;33.90;538227;36681868.000
02/19/2008;33.92;34.75;33.51;34.05;453301;31107766.000
02/20/2008;34.15;34.65;33.58;34.26;358135;24638296.000
02/21/2008;34.25;34.98;32.81;33.60;547026;37600848.000
02/22/2008;33.51;33.83;32.26;32.70;498796;33169676.000
02/25/2008;32.70;33.24;30.58;30.86;556366;35380444.000
02/26/2008;31.45;31.45;28.75;29.52;1511721;91041800.000
02/27/2008;29.65;31.15;29.50;30.75;1400747;85225168.000
02/28/2008;30.25;30.75;29.81;30.14;503366;30757498.000
02/29/2008;30.14;30.59;29.80;30.10;533608;32395220.000
03/03/2008;30.10;33.00;29.80;32.51;1156780;74580696.000
03/04/2008;32.69;33.44;31.05;32.15;572250;37298676.000
03/05/2008;31.66;32.50;30.81;31.69;470425;29868982.000
03/06/2008;31.75;32.40;31.01;31.83;448999;28743936.000
03/07/2008;32.00;32.19;31.35;31.50;282300;18050424.000
03/10/2008;31.00;31.50;29.97;30.09;1716913;104675080.000
03/11/2008;30.07;30.20;29.54;30.10;452056;27215942.000
03/12/2008;30.72;30.72;29.52;29.75;262836;15859927.000
03/13/2008;29.25;30.00;28.65;29.55;863574;51002476.000
03/14/2008;29.75;29.90;28.75;28.75;569539;33332942.000
03/17/2008;28.50;28.67;26.75;26.75;1296206;71532400.000
03/18/2008;25.76;26.64;24.05;24.82;1011316;51138324.000
03/19/2008;25.35;26.48;24.85;25.35;823621;42845288.000
03/20/2008;24.75;26.59;23.44;26.25;996915;50576460.000
03/21/2008;25.88;27.19;25.77;26.85;520367;28067154.000
03/24/2008;27.24;27.24;26.05;26.10;185900;9991915.000
03/25/2008;25.98;26.50;25.50;26.23;254872;13375209.000
03/26/2008;26.59;27.05;25.91;26.35;711588;38192328.000
03/27/2008;26.30;26.30;25.30;25.30;394743;20391542.000
03/28/2008;25.00;26.51;24.26;26.25;288538;14873912.000
03/31/2008;25.74;26.25;24.81;25.77;252722;13199396.000
04/02/2008;25.20;26.69;24.35;24.42;667278;34036168.000
04/03/2008;24.25;26.85;23.76;26.74;546581;27965570.000
04/07/2008;26.24;27.82;26.20;27.59;606818;33365428.000
04/08/2008;27.15;28.19;27.15;28.15;535068;29911158.000
04/09/2008;28.22;29.85;27.50;27.50;479454;27802150.000
04/10/2008;27.35;29.05;27.35;28.76;395349;22596160.000
04/11/2008;29.25;29.69;28.65;28.76;202119;11838976.000
04/14/2008;28.43;28.74;27.36;27.40;516173;28943106.000
04/15/2008;27.75;28.14;26.74;28.14;390811;21501792.000
04/16/2008;28.20;29.07;27.50;28.55;373502;21348556.000
04/17/2008;28.65;29.01;27.26;27.27;359223;20467660.000
04/18/2008;26.81;28.05;26.75;27.25;527346;29185032.000
04/21/2008;28.00;29.45;27.25;28.15;542764;31089452.000
04/22/2008;27.95;28.62;26.50;28.25;483911;26821610.000
04/23/2008;28.15;29.38;28.10;28.90;685447;39932752.000
04/24/2008;30.78;31.81;30.00;31.25;1483443;92192792.000
04/25/2008;30.94;31.07;30.25;30.65;797752;49296240.000
04/28/2008;30.90;30.90;29.71;29.74;415025;25269454.000
04/29/2008;29.85;30.89;29.25;30.65;542333;32982914.000
04/30/2008;30.65;32.08;30.65;30.99;748574;47140536.000
05/05/2008;31.55;33.06;31.19;32.75;1340947;87187992.000
05/06/2008;33.25;33.75;32.31;32.74;859007;57274556.000
05/07/2008;32.84;33.35;31.09;31.19;782406;50582672.000
05/08/2008;31.14;32.45;30.26;32.20;1103060;70395024.000
05/09/2008;32.71;32.79;30.60;31.30;1355527;43226124.000
05/12/2008;30.50;34.45;30.40;34.45;4034500;138429776.000
05/13/2008;34.43;37.92;34.10;37.92;8490003;313052928.000
05/14/2008;38.30;39.23;34.68;36.18;6390165;238575472.000
05/15/2008;36.18;36.18;34.21;34.21;2951511;103387712.000
05/16/2008;33.81;35.50;33.65;34.40;1912193;66124312.000
05/19/2008;33.81;35.51;33.81;34.11;1492321;52232844.000
05/20/2008;34.10;34.58;30.85;31.50;2575825;84580384.000
05/21/2008;30.80;32.69;30.30;32.49;1953189;61202660.000
05/22/2008;32.28;32.28;31.10;31.22;1003497;31884918.000
05/23/2008;30.80;31.77;30.20;30.64;994917;30702378.000
05/26/2008;30.20;31.30;30.01;30.25;908590;27923904.000
05/27/2008;29.83;31.30;29.83;30.61;822536;25267970.000
05/28/2008;30.70;31.30;30.40;31.07;758749;23616974.000
05/29/2008;31.25;31.65;30.20;30.20;757325;23653282.000
05/30/2008;30.29;31.00;29.40;29.99;1778097;53547132.000
06/02/2008;29.99;30.25;29.46;29.80;1149773;34519360.000
06/03/2008;30.29;30.80;29.80;30.62;1099350;33781444.000
06/04/2008;30.62;30.79;30.01;30.22;437087;13334236.000
06/05/2008;30.04;30.60;30.03;30.20;328280;10022033.000
06/06/2008;30.24;30.49;29.62;29.80;581798;17462694.000
06/10/2008;28.02;28.80;26.80;26.93;1229791;34275896.000
06/11/2008;26.95;27.49;26.69;26.80;827567;22513046.000
06/12/2008;26.79;27.10;25.88;26.40;947876;25224528.000
06/13/2008;26.63;27.00;26.28;26.46;763720;20490466.000
06/16/2008;26.40;26.90;25.20;26.00;664150;17513552.000
06/17/2008;26.00;26.38;24.85;25.50;650747;16854514.000
06/18/2008;25.30;26.98;24.90;26.70;719916;18873800.000
06/19/2008;26.72;26.72;24.50;24.66;789067;20166464.000
06/20/2008;24.71;26.20;23.80;25.25;781730;20016456.000
06/23/2008;25.25;26.10;24.46;25.46;391084;10076118.000
06/24/2008;25.60;26.10;25.00;25.78;739721;19121094.000
06/25/2008;25.80;26.60;25.49;26.30;1723411;45408284.000
06/26/2008;26.39;27.09;25.60;26.10;1528900;40468236.000
06/27/2008;25.11;25.29;23.82;24.51;1207409;29915288.000
06/30/2008;23.90;24.78;23.50;23.60;1084295;26125492.000
07/01/2008;24.08;24.28;22.15;22.25;4397237;102092528.000
07/02/2008;22.25;23.06;22.25;22.60;797017;18279044.000
07/03/2008;22.50;24.88;22.25;24.88;1770674;42875628.000
07/04/2008;24.96;26.59;24.89;25.60;1646917;42647980.000
07/07/2008;25.60;27.55;25.58;26.96;1333381;36103740.000
07/08/2008;27.10;27.59;26.60;27.30;1840566;50318672.000
07/09/2008;27.00;28.46;26.98;28.44;1381288;39029828.000
07/10/2008;27.91;29.50;27.45;27.61;1286574;36965868.000
07/11/2008;27.60;28.00;26.91;27.35;1054192;29010516.000
07/14/2008;27.34;27.79;26.81;27.65;605372;16771360.000
07/15/2008;27.79;28.26;26.12;26.72;985736;26948596.000
07/16/2008;26.25;27.26;26.05;26.56;963729;25919346.000
07/17/2008;27.18;29.24;26.98;29.24;5476919;158231728.000
07/18/2008;29.61;31.00;29.00;30.88;4452382;135003008.000
07/21/2008;30.55;32.79;30.50;31.26;2867619;91787392.000
07/22/2008;31.00;31.50;30.84;30.91;1462649;45897628.000
07/23/2008;30.98;31.78;30.48;31.09;1197679;37478360.000
07/24/2008;31.30;31.59;31.05;31.40;954571;30104490.000
07/25/2008;31.41;32.25;30.82;31.95;1534656;49247616.000
07/28/2008;32.20;33.55;32.01;32.50;1598557;52905576.000
07/29/2008;31.80;32.95;31.80;32.70;998673;32613944.000
07/30/2008;32.99;33.48;31.81;32.01;767660;25071124.000
07/31/2008;31.88;32.41;30.20;31.80;1446505;45413744.000
08/01/2008;31.30;32.70;31.00;32.50;1112964;35964948.000
08/04/2008;32.46;32.80;31.40;31.55;647639;20843346.000
08/05/2008;31.41;32.08;31.00;31.00;705718;22232456.000
08/06/2008;31.10;32.00;31.05;31.62;539227;17155786.000
08/07/2008;31.48;31.70;30.95;31.02;508122;15950549.000
08/08/2008;31.02;31.20;29.70;29.81;1015944;30988836.000
08/11/2008;29.40;29.90;29.00;29.30;1345026;39749308.000
08/12/2008;29.10;29.84;28.93;29.24;473879;14089570.000
08/13/2008;28.82;30.57;28.82;30.04;732270;22066758.000
08/14/2008;30.04;30.80;30.04;30.40;350785;10732078.000
08/15/2008;30.76;30.78;30.25;30.67;356203;10986009.000
08/18/2008;30.67;30.80;29.30;29.65;387909;11702413.000
08/19/2008;29.66;30.00;29.33;29.60;347919;10376568.000
08/20/2008;29.31;32.40;29.31;32.39;1667097;53394760.000
08/21/2008;32.30;32.41;31.10;31.30;759663;24191616.000
08/22/2008;31.15;31.50;29.41;29.85;1244089;37635848.000
08/25/2008;29.49;30.20;29.27;29.55;429128;12855774.000
08/26/2008;29.55;30.10;28.10;29.50;1000907;29317298.000
08/27/2008;29.48;29.70;27.61;28.30;877904;25042032.000
08/28/2008;28.24;28.38;27.41;28.30;566783;15973669.000
08/29/2008;28.30;29.53;28.10;29.10;397860;11615206.000
09/01/2008;29.10;29.11;28.00;28.30;203435;5808271.000
09/02/2008;28.30;28.80;28.15;28.50;359177;10312366.000
09/03/2008;28.30;28.59;26.20;26.27;1327980;36367196.000
09/04/2008;26.02;26.95;25.42;26.43;429426;11318989.000
09/05/2008;25.80;26.20;25.30;25.80;406770;10621913.000
09/08/2008;25.80;25.89;24.90;25.41;422957;10829275.000
09/09/2008;25.42;25.95;25.14;25.68;631998;16367276.000
09/10/2008;25.73;25.80;24.30;24.95;2117908;53159772.000
09/11/2008;24.88;26.59;24.50;25.50;1519504;39597500.000
09/12/2008;25.50;27.00;25.49;26.25;654080;17391016.000
09/16/2008;26.49;27.30;25.73;26.48;687465;18466836.000
09/17/2008;26.78;27.77;26.60;27.49;1493329;41335724.000
09/18/2008;27.16;27.90;25.35;26.86;1450766;39166896.000
09/19/2008;29.00;29.57;28.42;29.57;2142777;63235916.000
09/22/2008;29.80;32.30;29.10;30.10;2181724;66993068.000
09/23/2008;28.80;28.80;27.07;27.07;1324450;36331664.000
09/24/2008;24.34;28.80;24.34;28.80;4305204;110314840.000
09/25/2008;28.18;29.32;27.50;29.30;1857828;53620180.000
09/26/2008;29.25;29.70;28.60;28.68;1235306;36233280.000
10/06/2008;28.27;28.70;27.41;27.70;437820;12406796.000
10/07/2008;27.30;28.53;27.04;28.20;500004;14154741.000
10/08/2008;27.73;28.44;27.73;27.90;320761;9085025.000
10/09/2008;28.23;28.49;27.28;27.30;343458;9581173.000
10/10/2008;26.63;27.28;26.40;26.68;627056;16945446.000
10/13/2008;26.16;27.32;25.60;27.32;651289;17354536.000
10/14/2008;28.20;28.24;26.33;26.45;442103;12224512.000
10/15/2008;26.24;27.29;25.30;25.61;1334383;35428452.000
10/16/2008;24.80;25.52;24.60;25.12;443430;11203626.000
10/17/2008;25.10;25.69;24.91;25.60;290753;7455674.000
10/20/2008;25.50;26.24;25.50;25.93;445824;11620868.000
10/21/2008;26.28;26.60;26.00;26.25;608691;16197222.000
10/22/2008;26.29;26.73;25.80;26.28;261447;6907435.500
10/23/2008;26.28;26.28;25.60;25.96;448377;11674824.000
10/24/2008;25.96;27.39;25.60;27.05;1454746;39395140.000
10/27/2008;26.60;26.79;26.40;26.48;1123469;30055678.000
10/28/2008;26.10;26.79;25.82;26.48;676965;17938856.000
10/29/2008;26.80;27.70;26.30;26.31;737182;20001526.000
10/30/2008;26.38;26.60;25.80;26.34;1010705;26629178.000
10/31/2008;26.14;26.50;26.10;26.29;367276;9710519.000
11/03/2008;25.88;26.37;24.80;25.40;635730;16259169.000
11/04/2008;25.39;25.77;25.15;25.68;467098;11955115.000
11/05/2008;25.80;26.50;25.70;26.11;500023;13183398.000
11/06/2008;25.40;26.45;25.40;26.40;414529;10914467.000
11/10/2008;26.50;27.60;26.30;27.54;1101912;30072338.000
11/11/2008;27.30;27.96;27.10;27.74;828840;22987744.000
11/12/2008;27.59;28.17;27.50;27.80;538109;15056775.000
11/13/2008;27.61;29.00;27.40;28.42;986342;27966906.000
11/14/2008;28.38;29.07;27.80;28.71;1036054;29674432.000
11/17/2008;28.73;29.89;28.70;29.59;1702412;50434096.000
11/18/2008;29.70;29.75;27.82;28.20;993768;28743836.000
11/19/2008;28.20;29.68;28.20;28.81;895364;26107478.000
11/20/2008;28.93;29.69;28.45;29.05;1284243;37661868.000
11/21/2008;28.81;29.50;27.81;29.00;682126;19629814.000
11/24/2008;29.30;31.33;28.81;30.29;2355701;72323656.000
11/25/2008;30.36;30.79;29.18;29.79;1091243;32730136.000
11/26/2008;29.40;29.98;29.40;29.60;541184;16176648.000
11/27/2008;31.30;31.30;29.81;29.83;1161729;35690920.000
11/28/2008;29.80;29.90;29.40;29.50;477800;14248209.000
12/01/2008;29.60;30.16;28.98;30.05;576333;17201428.000
12/02/2008;29.78;31.41;29.41;31.05;1902064;59270632.000
12/03/2008;31.04;32.60;31.04;32.50;1906419;61791424.000
12/04/2008;32.52;33.13;32.05;32.10;1967903;64292800.000
12/05/2008;31.82;33.30;31.58;33.26;935741;30640284.000
12/08/2008;33.85;34.85;33.48;33.98;1381882;47541920.000
12/09/2008;33.72;34.83;33.30;33.80;855135;29219046.000
12/10/2008;33.66;34.55;33.50;34.43;1223829;42161076.000
12/11/2008;34.55;34.78;32.83;33.02;1160890;39403180.000
12/12/2008;32.81;32.98;31.80;32.40;1648331;53497312.000
12/15/2008;32.42;33.10;32.00;32.59;512144;16778214.000
12/16/2008;32.38;33.10;32.13;33.07;993087;32650136.000
12/17/2008;33.40;35.40;33.20;35.08;2889644;100441096.000
12/18/2008;34.90;35.45;34.70;35.10;876696;31017556.000
12/19/2008;35.20;36.68;35.17;36.50;1770272;64198476.000
12/22/2008;36.79;37.00;35.70;36.80;1390093;50876596.000
12/23/2008;36.61;36.61;34.48;34.79;1800368;63907184.000
12/24/2008;34.57;35.58;34.40;35.00;961024;33779896.000
12/25/2008;35.00;35.55;34.80;35.16;1650836;58424392.000
12/26/2008;35.20;35.68;34.70;35.16;889594;31477904.000
12/29/2008;35.09;35.47;34.10;35.15;702893;24559458.000
12/30/2008;35.20;36.07;34.95;36.05;1184654;42457040.000
12/31/2008;36.14;36.65;35.81;36.48;1016158;37145176.000
01/05/2009;36.89;36.98;35.68;35.80;1541428;55993832.000
01/06/2009;35.70;35.70;34.29;35.60;1817057;63749972.000
01/07/2009;35.23;35.71;34.96;35.18;907855;32180970.000
01/08/2009;34.75;35.55;34.55;35.20;1189652;42195692.000
01/09/2009;35.04;35.74;35.04;35.69;951004;33926096.000
01/12/2009;35.80;36.08;34.00;34.56;2611203;91798528.000
01/13/2009;34.21;34.78;33.68;33.78;1651980;56644764.000
01/14/2009;33.80;34.56;33.80;34.48;667359;23007876.000
01/15/2009;34.40;34.48;33.20;33.29;2302747;77897376.000
01/16/2009;33.49;34.31;33.30;33.98;2269450;77011752.000
01/19/2009;33.80;34.35;33.56;33.58;996240;33857560.000
01/20/2009;33.59;34.65;33.55;34.01;1443896;49624752.000
01/21/2009;33.87;34.60;33.86;34.41;888322;30629898.000
01/22/2009;35.10;36.70;35.10;35.56;2429062;87706216.000
01/23/2009;35.75;36.13;35.40;35.62;1023297;36858456.000
02/02/2009;35.75;35.97;35.30;35.78;1063814;38304248.000
02/03/2009;35.91;35.98;35.49;35.78;1236578;44443528.000
02/04/2009;35.88;35.98;35.17;35.40;1061982;37848204.000
02/05/2009;35.40;35.80;34.49;34.61;2317164;81000312.000
02/06/2009;34.60;35.20;34.00;34.80;3109011;107723448.000
02/09/2009;35.28;36.70;34.58;36.64;4627465;164500224.000
02/10/2009;36.63;36.63;35.53;36.11;2089877;75544872.000
02/11/2009;35.80;37.19;35.32;35.93;3348916;123117592.000
02/12/2009;36.07;36.45;35.02;36.25;2138816;76604224.000
02/13/2009;36.35;36.78;36.01;36.69;2602135;95150832.000
02/16/2009;37.07;37.90;36.10;37.24;2704897;100203840.000
02/17/2009;37.07;37.07;35.83;36.19;1723655;63028036.000
02/18/2009;35.38;37.90;35.38;36.47;3394804;125699888.000
02/19/2009;36.43;39.18;36.43;38.93;3860390;148621952.000
02/20/2009;38.82;39.19;38.00;38.84;2595523;100887544.000
02/23/2009;38.92;39.90;38.20;38.79;3063446;120106176.000
02/24/2009;38.80;39.23;36.40;36.71;3436908;129597792.000
02/25/2009;36.83;37.15;34.91;35.73;2767588;99901560.000
02/26/2009;35.80;36.09;34.13;34.41;2456383;86625320.000
02/27/2009;33.80;34.65;33.63;34.63;1639608;56111632.000
03/02/2009;34.30;34.30;32.50;33.85;3502113;117895656.000
03/03/2009;33.30;34.80;32.75;34.57;2441780;84408592.000
03/04/2009;34.68;35.66;34.30;35.40;4273181;150462144.000
03/05/2009;35.74;35.79;33.82;34.29;3115082;108654200.000
03/06/2009;33.70;34.60;33.48;33.85;1630874;55536864.000
03/09/2009;33.85;34.40;32.78;32.78;1499137;50355536.000
03/10/2009;32.50;33.10;32.25;32.67;1607669;52755068.000
03/11/2009;33.26;33.33;32.60;32.80;2087095;68916560.000
03/12/2009;32.78;32.80;31.90;32.39;2232992;72591888.000
03/13/2009;32.45;32.79;31.52;32.30;2826410;91358088.000
03/16/2009;31.90;32.95;31.90;32.95;2209903;72504264.000
03/17/2009;33.29;33.65;32.81;33.65;3575010;119254904.000
03/18/2009;33.81;34.51;33.56;34.00;3037749;103789440.000
03/19/2009;33.89;34.05;33.35;33.93;2570522;87104168.000
03/20/2009;33.85;33.88;33.10;33.85;1567353;52798416.000
03/23/2009;33.90;34.28;33.41;33.69;2248656;76246944.000
03/24/2009;33.84;34.60;33.60;34.60;2992916;102778376.000
03/25/2009;34.08;34.18;33.00;33.00;3409203;115434184.000
03/26/2009;32.91;33.46;32.56;33.13;2235356;74204680.000
03/27/2009;33.01;34.35;32.90;33.50;3451070;117360472.000
03/30/2009;33.78;34.00;33.10;33.30;2673873;90325744.000
03/31/2009;33.13;33.25;32.40;33.10;1701693;56283184.000
04/01/2009;33.24;33.52;33.23;33.45;2497536;83891720.000
04/02/2009;33.65;34.13;33.60;33.61;2648259;90253600.000
04/03/2009;33.75;34.63;33.61;34.40;3770073;129677640.000
04/07/2009;34.90;35.79;34.20;34.34;3246810;114398392.000
04/08/2009;34.35;34.36;32.49;32.77;2740101;92316848.000
04/09/2009;32.50;33.08;32.49;32.81;2004463;66065156.000
04/10/2009;33.00;33.75;32.90;33.39;2099215;70251448.000
04/13/2009;33.45;34.50;33.30;33.60;3394688;115409552.000
04/14/2009;33.68;34.06;33.50;33.90;2663172;90261840.000
04/15/2009;33.88;34.05;33.55;33.98;1965546;66881588.000
04/16/2009;34.10;35.15;34.10;35.15;4228664;147143248.000
04/17/2009;35.30;35.35;34.48;34.71;3461392;121223384.000
04/20/2009;34.71;34.81;33.50;34.80;2770587;95292024.000
04/21/2009;34.30;34.70;34.01;34.50;1849888;63989156.000
04/22/2009;34.50;35.25;33.71;33.73;2405013;83479464.000
04/23/2009;33.40;33.88;33.30;33.55;1403919;47561676.000
04/27/2009;33.30;34.00;31.70;32.10;3413281;111037512.000
04/28/2009;31.85;33.16;31.80;33.06;2017402;66202876.000
04/29/2009;33.18;33.35;31.80;32.31;1523167;49690668.000
04/30/2009;32.35;32.77;32.00;32.34;1526000;49787096.000
05/04/2009;32.60;32.65;32.20;32.54;2873181;93597712.000
05/05/2009;32.67;32.70;32.29;32.68;2447986;79953952.000
05/06/2009;32.72;33.00;32.61;32.82;2260925;74629712.000
05/07/2009;32.90;33.00;31.70;31.90;4487318;144773728.000
05/08/2009;31.80;32.50;31.78;32.16;1831802;59256400.000
05/11/2009;32.17;32.98;32.17;32.58;4649487;152681808.000
05/12/2009;32.60;32.60;32.19;32.40;2546267;82953808.000
05/13/2009;32.39;32.70;31.90;32.03;1762328;56967668.000
05/14/2009;32.25;32.60;32.25;32.34;1501150;48934652.000
05/15/2009;32.45;32.99;32.35;32.84;3370815;111184368.000
05/18/2009;33.05;33.74;32.78;32.82;2245032;74854216.000
05/19/2009;32.87;33.10;32.50;32.53;1592151;52239320.000
05/20/2009;32.73;32.73;32.12;32.27;1134529;36834856.000
05/21/2009;32.18;32.18;31.51;31.64;1681307;53685148.000
05/22/2009;31.55;31.59;30.90;31.36;929105;29262052.000
05/25/2009;31.29;31.29;30.53;30.95;1239270;38531644.000
05/26/2009;30.95;31.77;30.92;31.64;1669025;52578824.000
05/27/2009;31.71;31.83;31.43;31.76;1189463;37888936.000
06/01/2009;31.79;31.80;31.30;31.73;1219469;38648008.000
06/02/2009;31.75;32.04;31.53;32.04;939876;30053030.000
06/03/2009;32.03;32.09;31.62;31.70;1786845;57217988.000
06/04/2009;31.95;31.95;31.37;31.46;1035519;32974566.000
06/05/2009;31.36;32.30;31.36;32.17;2160797;69554712.000
06/08/2009;32.15;32.53;31.95;32.30;1248644;40635232.000
06/09/2009;32.33;32.33;31.62;32.28;741094;23797096.000
06/10/2009;32.28;33.03;31.88;33.00;2168995;70851472.000
06/11/2009;32.91;34.39;32.77;34.00;3814037;129047976.000
06/12/2009;34.03;35.00;33.27;33.33;2520967;85594752.000
06/15/2009;33.16;33.58;33.16;33.35;1446355;48127552.000
06/16/2009;33.35;33.97;32.95;33.14;815033;27127360.000
06/17/2009;33.15;34.20;33.00;33.96;1833908;61811532.000
06/18/2009;34.10;34.40;33.71;33.91;1051659;35715612.000
06/19/2009;33.91;35.30;33.91;34.35;2783184;96779552.000
06/22/2009;34.37;34.66;33.18;33.60;1772207;59459808.000
06/23/2009;33.00;33.29;32.66;33.00;1466755;48304272.000
06/24/2009;33.04;33.40;32.70;33.08;655315;21660746.000
06/25/2009;33.08;33.29;32.28;32.44;1744928;56663476.000
06/26/2009;32.46;33.03;32.45;32.72;851757;27926222.000
06/29/2009;32.74;32.98;31.98;32.14;1866025;60150668.000
06/30/2009;32.18;32.44;31.90;32.35;2116229;67939544.000
07/01/2009;32.05;32.73;32.05;32.70;2492239;80954480.000
07/02/2009;32.70;33.19;32.55;32.70;1682748;55319284.000
07/03/2009;32.48;32.97;32.46;32.66;1122302;36693204.000
07/06/2009;32.81;32.86;31.96;32.10;1650093;53121988.000
07/07/2009;32.10;33.88;32.05;33.70;3181872;104534800.000
07/08/2009;33.71;33.90;33.40;33.50;2325959;78325840.000
07/09/2009;33.65;34.49;33.65;34.01;1576163;53831340.000
07/10/2009;34.33;34.33;33.50;33.63;1620402;54711056.000
07/13/2009;33.74;34.74;33.61;34.30;1792637;61683760.000
07/14/2009;34.19;34.51;34.10;34.27;2541195;87121296.000
07/15/2009;34.48;34.84;34.16;34.39;1929967;66720004.000
07/16/2009;34.40;34.40;33.91;34.16;1596026;54384064.000
07/17/2009;34.15;35.00;33.84;34.32;1644441;56737848.000
07/20/2009;34.30;34.58;33.80;34.33;1255150;42915060.000
07/21/2009;34.28;34.28;33.78;33.83;1546310;52518160.000
07/22/2009;33.70;33.83;33.39;33.50;1777638;59720028.000
07/23/2009;33.51;33.95;33.16;33.95;1571844;52536896.000
07/24/2009;34.00;34.28;33.32;33.76;1679976;56902824.000
07/27/2009;33.76;35.13;33.62;34.11;2712605;93947032.000
07/28/2009;34.34;34.34;33.18;33.60;4922935;165043232.000
07/29/2009;33.70;34.49;32.20;32.80;2866872;96311000.000
07/30/2009;33.00;33.40;32.00;32.70;1535557;50052924.000
07/31/2009;32.76;33.55;32.50;32.90;5064210;166939472.000
08/03/2009;33.05;33.19;32.90;33.01;2688676;88693184.000
08/04/2009;33.16;33.48;32.56;33.39;2561486;84616024.000
08/05/2009;33.48;34.54;33.41;34.10;4305051;146928752.000
08/06/2009;34.13;36.95;33.90;36.13;7404642;261916080.000
08/07/2009;36.13;37.15;35.30;35.89;4997284;182233616.000
08/10/2009;36.00;38.88;36.00;37.43;6723466;254270992.000
08/11/2009;37.62;37.65;36.12;37.35;1865540;68707152.000
08/12/2009;37.18;38.30;36.20;36.31;1818237;66922296.000
08/13/2009;36.39;36.89;34.94;35.06;1916467;67783536.000
08/14/2009;35.19;35.40;32.98;33.05;3348445;112848984.000
08/17/2009;33.00;34.28;32.80;33.32;4192266;141809440.000
08/18/2009;33.31;33.78;32.84;33.30;1667702;55277024.000
08/19/2009;33.65;35.02;33.35;33.69;2861610;98232696.000
08/20/2009;33.98;34.93;33.74;34.40;1734712;59560256.000
08/21/2009;34.20;35.49;33.90;35.10;1911031;66789188.000
08/24/2009;35.57;36.38;35.10;36.16;3932130;141212720.000
08/25/2009;36.08;37.09;35.70;36.45;4870426;177621312.000
08/26/2009;36.45;36.66;35.80;36.52;1467681;53228992.000
08/27/2009;36.29;37.69;36.10;36.39;1699267;62682368.000
08/28/2009;36.29;36.29;34.85;34.85;1796572;63267720.000
08/31/2009;34.45;35.26;33.90;34.16;2117352;73180480.000
09/01/2009;34.57;34.57;33.22;33.67;1455360;49500004.000
09/02/2009;33.68;34.08;33.51;33.84;827933;28002382.000
09/03/2009;34.18;34.96;33.80;34.85;832844;28741504.000
09/04/2009;34.85;35.70;34.50;35.66;1363861;47891368.000
09/07/2009;36.00;37.00;35.80;36.32;3109258;113720184.000
09/08/2009;36.28;36.28;35.60;36.00;1686249;60612708.000
09/09/2009;35.91;36.59;35.11;35.45;2047894;72990992.000
09/10/2009;35.50;35.60;35.20;35.30;1094867;38720820.000
09/11/2009;35.29;36.16;35.05;35.78;1966992;70441152.000
09/15/2009;36.32;37.28;36.02;37.08;2607854;96151512.000
09/16/2009;37.18;37.18;36.04;36.59;1297116;47334292.000
09/17/2009;36.59;36.98;36.23;36.59;1395671;51055732.000
09/18/2009;36.70;37.35;36.40;37.09;1989510;73562984.000
09/21/2009;36.99;37.89;36.86;37.40;2975699;111087320.000
09/22/2009;37.51;38.58;37.11;37.90;3792734;143461744.000
09/23/2009;37.66;37.80;36.03;36.44;1844275;67792760.000
09/24/2009;36.10;36.40;34.92;35.31;2908757;102828648.000
09/25/2009;35.00;35.49;34.88;34.94;945838;33264972.000
09/28/2009;35.30;35.99;35.10;35.45;1749254;62412872.000
09/29/2009;35.46;36.00;35.01;35.48;1005389;35567900.000
09/30/2009;35.98;36.40;35.46;36.20;670478;24126574.000
10/09/2009;36.50;37.38;36.35;37.38;1091349;40302624.000
10/12/2009;37.33;37.70;36.34;37.38;902817;33681116.000
10/13/2009;37.01;37.38;36.91;37.35;1013629;37676440.000
10/14/2009;37.35;38.10;36.66;36.75;1325353;49703376.000
10/15/2009;36.70;37.83;36.61;37.60;1506924;56365956.000
10/16/2009;37.59;38.32;37.55;37.79;988061;37518844.000
10/19/2009;38.00;39.48;38.00;39.15;1919579;75017648.000
10/20/2009;39.33;39.34;38.55;38.90;2284397;88625176.000
10/21/2009;38.65;38.95;38.20;38.65;1433918;55273100.000
10/22/2009;38.65;38.65;38.00;38.44;1448344;55475068.000
10/23/2009;38.44;38.93;38.00;38.72;4071036;156976208.000
10/26/2009;38.73;39.30;38.18;38.66;1618556;62435240.000
10/27/2009;38.38;38.75;38.02;38.28;1294698;49650020.000
10/28/2009;38.27;39.56;38.20;39.28;1291043;50181424.000
10/29/2009;39.25;41.05;38.73;39.80;2533106;101820488.000
10/30/2009;39.88;41.30;39.00;40.85;1789179;72384080.000
11/02/2009;40.50;42.50;39.81;42.00;4263019;178200400.000
11/03/2009;42.00;42.46;41.04;41.98;1383163;57587576.000
11/04/2009;41.52;43.10;41.33;42.96;2525760;106568936.000
11/05/2009;43.30;43.68;42.20;43.15;2422763;103728792.000
11/06/2009;42.87;43.19;42.30;42.50;2741420;117354992.000
11/09/2009;42.05;42.55;41.35;42.38;1928210;80523784.000
11/10/2009;42.51;45.40;42.01;44.60;1914998;82754496.000
11/11/2009;43.80;45.31;43.80;44.61;635859;28461000.000
11/12/2009;44.80;45.43;43.75;43.85;1172690;52515464.000
11/13/2009;43.41;43.90;42.85;43.81;3199905;138117552.000
11/16/2009;43.30;44.21;43.30;43.90;2422196;106090344.000
11/17/2009;43.90;43.90;42.51;43.35;4089710;177080512.000
11/18/2009;43.44;45.25;42.71;45.00;1849483;82019464.000
11/19/2009;44.88;45.63;44.60;45.25;1747995;79256536.000
11/20/2009;45.00;45.96;44.48;45.01;1277073;57646964.000
11/23/2009;44.99;45.34;44.49;45.30;928895;41863488.000
11/24/2009;45.59;45.90;43.64;43.85;1299512;58499780.000
11/25/2009;43.60;44.65;42.99;44.15;1838198;80565528.000
11/26/2009;44.44;44.88;42.57;43.50;2885700;125127776.000
11/27/2009;43.65;45.00;42.41;44.00;3596101;158526528.000
11/30/2009;44.00;48.40;43.70;47.80;4157404;192555376.000
12/01/2009;48.18;49.80;47.70;48.76;5922274;286620544.000
12/02/2009;49.30;49.50;48.00;48.51;2594310;126743064.000
12/03/2009;49.49;49.50;48.00;48.49;1212004;58545940.000
12/04/2009;48.80;50.50;46.03;46.81;3004689;146177504.000
12/07/2009;46.85;47.00;45.60;46.99;1281850;59501580.000
12/08/2009;46.90;47.10;45.18;46.16;2185874;100243704.000
12/09/2009;45.99;46.93;45.46;46.00;656974;30466956.000
12/10/2009;46.02;46.57;45.68;46.49;647742;29848686.000
12/11/2009;46.46;46.80;45.88;46.50;689768;32095962.000
12/14/2009;46.26;47.55;46.26;46.60;1024323;47948668.000
12/15/2009;47.05;47.05;45.50;45.71;1606732;73817304.000
12/16/2009;45.71;46.00;44.45;44.50;1938344;87537440.000
12/17/2009;44.47;44.88;43.10;44.26;1682992;73606424.000
12/18/2009;44.38;44.38;42.61;43.25;1143375;49457732.000
12/21/2009;43.30;43.95;42.64;43.80;639855;27704256.000
12/22/2009;43.61;44.67;43.50;44.09;690055;30510608.000
12/23/2009;44.28;45.49;43.70;45.40;733871;32714540.000
12/24/2009;45.40;46.35;45.22;46.22;1225181;56524356.000
12/25/2009;46.00;46.30;44.88;46.00;1043736;47534224.000
12/28/2009;45.41;45.95;44.79;45.04;1758299;79298624.000
12/29/2009;45.05;45.22;43.63;44.36;1157569;51192564.000
12/30/2009;44.36;44.66;43.70;44.66;2472365;109051264.000
12/31/2009;44.66;44.91;44.06;44.40;1577182;70127624.000
01/04/2010;44.45;44.79;43.00;44.65;1342863;59418184.000
01/05/2010;44.65;45.22;43.80;45.19;1318988;58884968.000
01/06/2010;45.20;46.18;44.82;45.95;949364;43431700.000
01/07/2010;45.80;46.48;44.61;45.45;939962;43156164.000
01/08/2010;45.00;45.85;45.00;45.59;807408;36749568.000
01/11/2010;45.50;45.78;43.80;45.00;1487151;65887160.000
01/12/2010;44.45;47.50;44.45;47.20;1415302;65186468.000
01/13/2010;46.99;49.80;46.20;49.28;2165440;106584936.000
01/14/2010;49.20;50.20;48.80;50.00;1026587;50860480.000
01/15/2010;50.01;54.40;49.54;53.30;2703719;143537696.000
01/18/2010;53.20;53.74;52.51;53.30;965721;51438980.000
01/19/2010;53.21;53.88;52.80;52.99;851884;45382224.000
01/20/2010;52.72;52.72;49.68;50.96;1634720;82691264.000
01/21/2010;50.65;52.00;50.02;50.97;847117;43154748.000
01/22/2010;50.71;50.91;48.25;48.51;1773128;87548872.000
01/25/2010;48.51;49.94;48.25;48.71;1151514;56931344.000
01/26/2010;48.73;49.38;47.00;47.03;944605;45071648.000
01/27/2010;47.84;47.97;46.00;47.59;692477;32697234.000
01/28/2010;47.65;49.77;46.61;48.72;778156;38060096.000
01/29/2010;48.02;49.99;48.02;49.33;1227345;60432008.000
02/01/2010;48.61;49.87;48.08;48.15;1044277;50743820.000
02/02/2010;48.48;48.68;48.05;48.50;585853;28299964.000
02/03/2010;48.54;49.60;47.50;48.50;942980;45584248.000
02/04/2010;48.49;49.49;47.01;47.31;400112;19256162.000
02/05/2010;47.29;47.30;45.51;45.83;823672;38174844.000
02/08/2010;45.80;47.20;45.50;46.06;396540;18344300.000
02/09/2010;46.06;46.86;45.30;46.12;400103;18314448.000
02/10/2010;46.17;48.30;46.17;48.30;1158394;54369236.000
02/11/2010;48.60;49.00;47.78;48.10;491981;23792754.000
02/12/2010;48.50;49.00;48.13;48.80;292400;14211421.000
02/22/2010;48.75;48.75;47.89;47.93;130318;6280523.000
02/23/2010;47.93;48.50;47.53;48.29;118217;5660106.500
02/24/2010;47.93;49.20;47.70;48.80;598035;29127198.000
02/25/2010;48.80;50.18;48.62;50.00;582752;28816188.000
02/26/2010;49.91;50.00;49.15;49.37;711094;35442780.000
03/01/2010;49.37;49.79;48.45;49.36;657713;32179290.000
03/02/2010;49.37;49.40;48.61;48.66;252139;12342445.000
03/03/2010;48.41;49.00;47.91;48.38;464064;22473872.000
03/04/2010;48.50;48.69;47.00;47.49;566288;27212144.000
03/05/2010;47.65;48.90;47.04;48.90;1347063;65196964.000
03/08/2010;48.96;50.50;48.96;50.40;3406308;169748224.000
03/09/2010;49.76;50.34;49.30;49.50;1061800;52799364.000
03/10/2010;49.90;49.98;47.50;47.99;695284;33900852.000
03/11/2010;48.12;48.70;47.28;47.70;743881;35429752.000
03/12/2010;47.21;47.88;45.76;46.43;1361104;63932000.000
03/15/2010;46.11;46.50;45.82;46.01;768908;35375028.000
03/16/2010;46.00;46.80;45.05;45.06;1111890;50653044.000
03/17/2010;45.21;46.27;45.18;46.00;961650;44062140.000
03/18/2010;46.39;46.87;45.91;46.38;760501;35376552.000
03/19/2010;46.38;46.78;45.80;46.38;342366;15781171.000
03/22/2010;46.40;46.60;45.56;45.95;803673;36952024.000
03/23/2010;46.47;47.60;46.01;47.60;1026100;48155068.000
