002027 七喜控股 日线
      日期	    开盘	    最高	    最低	    收盘	    成交量	    成交额
08/04/2004;4.07;4.22;3.94;4.11;15775520;227864128.000
08/05/2004;4.03;4.16;4.00;4.16;7802637;113804016.000
08/06/2004;4.15;4.22;3.97;4.14;6083697;88672432.000
08/09/2004;4.06;4.07;3.81;3.85;4360377;60979028.000
08/10/2004;3.82;3.88;3.77;3.85;2243114;30558836.000
08/11/2004;3.85;3.85;3.59;3.65;3462021;45429580.000
08/12/2004;3.62;3.64;3.55;3.59;1822355;23361794.000
08/13/2004;3.57;3.66;3.48;3.49;1879090;23820870.000
08/16/2004;3.45;3.48;3.17;3.19;3136954;36557208.000
08/17/2004;3.15;3.23;3.12;3.15;1469240;16686263.000
08/18/2004;3.13;3.16;3.03;3.03;2258758;24711912.000
08/19/2004;2.98;3.08;2.97;3.04;1551785;16759884.000
08/20/2004;3.06;3.11;2.99;3.06;1132892;12367272.000
08/23/2004;3.01;3.02;2.85;2.87;1523263;15843928.000
08/24/2004;2.88;2.95;2.81;2.91;1367954;14232217.000
08/25/2004;2.90;2.93;2.82;2.93;999015;10311169.000
08/26/2004;2.93;2.95;2.81;2.81;1501854;15404435.000
08/27/2004;2.88;2.98;2.85;2.92;2549254;26714860.000
08/30/2004;2.90;3.18;2.88;3.04;3015096;33013872.000
08/31/2004;3.16;3.21;3.06;3.07;3152117;35119816.000
09/01/2004;3.02;3.05;2.98;2.99;1196354;12875840.000
09/02/2004;2.98;3.06;2.93;3.05;1318589;14122182.000
09/03/2004;3.05;3.06;2.96;2.98;828137;8901070.000
09/06/2004;2.98;3.01;2.95;2.99;440016;4692892.000
09/07/2004;3.00;3.02;2.97;3.01;373991;4003830.000
09/08/2004;3.00;3.01;2.96;3.00;414525;4430504.000
09/09/2004;2.97;2.97;2.90;2.91;714451;7475330.500
09/10/2004;2.90;2.95;2.88;2.93;469270;4895861.500
09/13/2004;2.92;2.95;2.81;2.82;680318;6930965.000
09/14/2004;2.85;2.99;2.85;2.93;1109500;11619295.000
09/15/2004;2.93;3.19;2.90;3.11;3472837;38297276.000
09/16/2004;3.15;3.27;3.11;3.22;4714240;53876444.000
09/17/2004;3.22;3.34;3.15;3.33;3442061;39812400.000
09/20/2004;3.36;3.44;3.29;3.41;3673137;44164868.000
09/21/2004;3.43;3.53;3.33;3.45;3513005;42979260.000
09/22/2004;3.43;3.50;3.39;3.45;3153655;38825984.000
09/23/2004;3.44;3.47;3.29;3.40;2438726;29298786.000
09/24/2004;3.42;3.56;3.28;3.28;3647395;45179248.000
09/27/2004;3.36;3.42;3.24;3.26;1598504;18967428.000
09/28/2004;3.27;3.33;3.24;3.28;908400;10660025.000
09/29/2004;3.29;3.36;3.27;3.30;836973;9891958.000
09/30/2004;3.30;3.37;3.25;3.25;1049040;12385798.000
10/08/2004;3.25;3.46;3.25;3.45;1980558;23926292.000
10/11/2004;3.50;3.65;3.42;3.44;3605813;45451540.000
10/13/2004;3.40;3.47;3.32;3.39;1756476;21231638.000
10/14/2004;3.40;3.42;3.05;3.05;2343711;26272922.000
10/15/2004;2.99;3.02;2.90;2.97;1288520;13629283.000
10/18/2004;2.96;3.07;2.96;3.03;883418;9577957.000
10/19/2004;3.06;3.12;2.96;2.97;802625;8709695.000
10/20/2004;2.97;3.01;2.92;3.00;471435;4982719.500
10/21/2004;2.99;3.05;2.94;2.95;598604;6392558.000
10/22/2004;2.95;3.06;2.87;3.06;1067809;11401996.000
10/25/2004;3.05;3.09;2.96;2.96;902891;9795560.000
10/26/2004;2.95;3.06;2.92;3.05;766477;8187073.500
10/27/2004;3.05;3.19;3.02;3.19;1856239;20661430.000
10/28/2004;3.19;3.21;3.05;3.08;1422528;15966209.000
10/29/2004;3.08;3.27;3.08;3.17;2073467;23693618.000
11/01/2004;3.18;3.21;3.13;3.15;802335;9074587.000
11/02/2004;3.11;3.15;3.05;3.09;781440;8643057.000
11/03/2004;3.12;3.22;3.09;3.21;834498;9439920.000
11/04/2004;3.22;3.23;3.05;3.06;1053980;11834874.000
11/05/2004;3.13;3.13;3.05;3.09;537952;5941557.000
11/08/2004;3.08;3.11;3.02;3.04;394926;4296144.000
11/09/2004;3.04;3.11;3.03;3.07;431877;4755130.500
11/10/2004;3.11;3.38;3.05;3.38;3026103;35835012.000
11/11/2004;3.52;3.63;3.42;3.43;8180290;102775096.000
11/12/2004;3.45;3.49;3.37;3.44;3089911;37863524.000
11/15/2004;3.45;3.48;3.38;3.46;1609954;19764892.000
11/16/2004;3.46;3.46;3.37;3.39;1268057;15388758.000
11/17/2004;3.40;3.46;3.36;3.41;1543234;18848192.000
11/18/2004;3.41;3.47;3.39;3.43;979947;12013954.000
11/19/2004;3.42;3.49;3.40;3.46;1174889;14456807.000
11/22/2004;3.49;3.61;3.47;3.59;3270094;41368620.000
11/23/2004;3.61;3.61;3.45;3.47;1802318;22532552.000
11/24/2004;3.44;3.49;3.34;3.38;2059727;25077328.000
11/25/2004;3.39;3.42;3.34;3.36;829761;9995922.000
11/26/2004;3.35;3.40;3.34;3.36;470651;5671976.500
11/29/2004;3.35;3.36;3.24;3.25;913565;10689261.000
11/30/2004;3.24;3.29;3.23;3.27;458164;5320104.500
12/01/2004;3.28;3.29;3.21;3.22;508021;5873819.000
12/02/2004;3.22;3.22;3.17;3.21;688857;7848915.500
12/03/2004;3.23;3.54;3.23;3.40;3035696;37167496.000
12/06/2004;3.40;3.44;3.33;3.38;854216;10279162.000
12/07/2004;3.42;3.42;3.30;3.32;542100;6469693.500
12/08/2004;3.36;3.47;3.36;3.39;1144976;13954675.000
12/09/2004;3.38;3.56;3.38;3.47;2872228;35808220.000
12/10/2004;3.44;3.45;3.33;3.36;1118511;13509919.000
12/13/2004;3.35;3.45;3.32;3.44;826510;10072639.000
12/14/2004;3.44;3.47;3.38;3.46;459746;5627266.000
12/15/2004;3.46;3.49;3.39;3.44;834848;10264831.000
12/16/2004;3.41;3.46;3.33;3.34;723653;8747313.000
12/17/2004;3.32;3.32;3.24;3.25;723609;8461514.000
12/20/2004;3.23;3.23;3.14;3.18;596990;6759210.500
12/21/2004;3.19;3.25;3.16;3.18;356121;4066514.500
12/22/2004;3.21;3.32;3.18;3.32;731576;8557694.000
12/23/2004;3.32;3.33;3.18;3.19;488159;5652519.500
12/24/2004;3.16;3.26;3.15;3.21;329142;3778296.250
12/27/2004;3.19;3.24;3.17;3.19;312219;3558133.000
12/28/2004;3.18;3.22;3.15;3.19;220557;2503555.250
12/29/2004;3.20;3.22;3.08;3.08;580336;6468939.000
12/30/2004;3.05;3.13;3.03;3.10;270174;2985591.250
12/31/2004;3.12;3.13;3.02;3.03;427331;4675948.000
01/04/2005;3.02;3.02;2.96;3.00;331169;3549960.500
01/05/2005;3.00;3.12;3.00;3.08;399888;4392102.500
01/06/2005;3.09;3.09;3.03;3.09;223489;2448284.250
01/07/2005;3.11;3.16;3.04;3.09;332349;3700626.000
01/10/2005;3.05;3.20;3.04;3.17;875672;9872204.000
01/11/2005;3.20;3.22;3.14;3.18;627481;7135301.500
01/12/2005;3.16;3.19;3.11;3.17;349229;3922378.000
01/13/2005;3.13;3.20;3.13;3.16;326302;3700551.250
01/14/2005;3.13;3.19;3.07;3.08;359310;4008184.500
01/17/2005;3.03;3.06;2.98;2.99;494179;5333587.500
01/18/2005;3.03;3.09;3.02;3.07;299392;3267395.250
01/19/2005;3.09;3.09;3.01;3.01;457300;4958044.000
01/20/2005;2.98;3.01;2.93;2.95;371684;3942756.250
01/21/2005;2.94;3.06;2.81;3.03;731813;7735136.000
01/24/2005;3.15;3.21;3.07;3.13;1094469;12280834.000
01/25/2005;3.09;3.09;2.99;3.04;714730;7761134.000
01/26/2005;2.99;3.06;2.96;2.99;302655;3266302.500
01/27/2005;2.97;3.02;2.94;2.95;227744;2423622.750
01/28/2005;2.94;2.98;2.87;2.88;235618;2453502.500
01/31/2005;2.87;2.89;2.76;2.78;495399;5008230.000
02/01/2005;2.71;2.80;2.68;2.69;508458;4995005.000
02/02/2005;2.69;2.90;2.69;2.89;723162;7252582.500
02/03/2005;2.88;2.91;2.78;2.78;817050;8267096.000
02/04/2005;2.79;2.88;2.78;2.84;536733;5460792.000
02/16/2005;2.88;2.90;2.85;2.87;415250;4280616.500
02/17/2005;2.85;2.88;2.82;2.87;263351;2684818.250
02/18/2005;2.90;2.91;2.85;2.85;383300;3947672.250
02/21/2005;2.83;2.89;2.82;2.87;248687;2550052.500
02/22/2005;2.88;3.01;2.87;2.99;1027141;10821591.000
02/23/2005;2.98;3.06;2.94;3.01;1080188;11601988.000
02/24/2005;2.99;3.03;2.96;2.99;639584;6809956.000
02/25/2005;3.04;3.12;3.01;3.01;1543254;16948792.000
02/28/2005;2.99;3.06;2.99;3.01;513966;5563690.000
03/01/2005;3.02;3.11;2.98;3.04;597999;6491401.000
03/02/2005;3.06;3.07;2.98;3.00;504380;5436218.500
03/03/2005;3.01;3.02;2.96;3.00;380912;4071078.250
03/04/2005;2.97;3.06;2.96;3.06;691899;7469981.000
03/07/2005;3.06;3.18;3.06;3.16;2682854;30196780.000
03/08/2005;3.16;3.37;3.15;3.36;3409060;39878048.000
03/09/2005;3.36;3.40;3.32;3.36;1782357;21410284.000
03/10/2005;3.35;3.48;3.33;3.38;2477667;30189024.000
03/11/2005;3.38;3.47;3.34;3.46;1647101;20157424.000
03/14/2005;3.45;3.46;3.36;3.39;1624224;19703676.000
03/15/2005;3.39;3.53;3.38;3.47;1727234;21513856.000
03/16/2005;3.42;3.52;3.40;3.40;1139256;14049854.000
03/17/2005;3.37;3.45;3.29;3.32;1763598;21168482.000
03/18/2005;3.30;3.49;3.12;3.44;2008957;24405438.000
03/21/2005;3.43;3.65;3.38;3.64;2227442;28323084.000
03/22/2005;3.64;3.66;3.53;3.60;1356876;17365956.000
03/23/2005;3.62;3.78;3.33;3.39;4071724;51164884.000
03/24/2005;3.62;3.74;3.51;3.74;7043319;91599304.000
03/25/2005;3.72;3.72;3.55;3.57;3075270;39722472.000
03/28/2005;3.53;3.64;3.50;3.56;1514401;19311534.000
03/29/2005;3.56;3.60;3.43;3.46;1389393;17352778.000
03/30/2005;3.46;3.46;3.29;3.29;1482860;17718310.000
03/31/2005;3.26;3.36;3.26;3.33;853163;10109550.000
04/01/2005;3.32;3.61;3.28;3.55;1624366;20135970.000
04/04/2005;3.48;3.60;3.40;3.52;1617719;20252258.000
04/05/2005;3.48;3.60;3.48;3.48;1008997;12733709.000
04/06/2005;3.50;3.66;3.48;3.61;1610383;20631754.000
04/07/2005;3.65;3.73;3.58;3.60;1933729;25189622.000
04/08/2005;3.60;3.67;3.52;3.65;1418928;18204566.000
04/11/2005;3.64;3.70;3.56;3.59;1187074;15372183.000
04/12/2005;3.58;3.64;3.55;3.56;690125;8814343.000
04/13/2005;3.59;3.74;3.59;3.68;1643826;21582930.000
04/14/2005;3.70;3.87;3.59;3.78;2702654;36429080.000
04/15/2005;3.75;3.85;3.68;3.70;1857403;24977140.000
04/18/2005;3.73;3.77;3.60;3.70;1029299;13469129.000
04/19/2005;3.66;3.72;3.62;3.69;548503;7178248.500
04/20/2005;3.82;3.93;3.78;3.81;2995625;41106324.000
04/21/2005;3.83;3.93;3.77;3.91;1775204;24331736.000
04/22/2005;3.89;3.93;3.77;3.78;1727650;23591876.000
04/25/2005;3.79;3.87;3.77;3.86;1261944;17181238.000
04/27/2005;3.89;3.91;3.72;3.74;1242580;16880084.000
04/28/2005;3.67;3.88;3.67;3.83;1588691;21644334.000
04/29/2005;3.83;3.85;3.70;3.72;1228054;16554970.000
05/09/2005;3.81;3.83;3.71;3.72;1209209;16234670.000
05/10/2005;3.72;3.72;3.37;3.49;1875335;23190966.000
05/11/2005;3.47;3.66;3.42;3.44;1659185;10343420.000
05/12/2005;3.44;3.59;3.24;3.57;3283901;19518114.000
05/13/2005;3.53;3.64;3.43;3.54;3191223;19848068.000
05/16/2005;3.55;3.56;3.30;3.38;1585831;9541420.000
05/17/2005;3.34;3.56;3.33;3.46;1410852;8584856.000
05/18/2005;3.49;3.51;3.42;3.51;1136898;6932336.500
05/19/2005;3.52;3.56;3.45;3.54;1220347;7516780.500
05/20/2005;3.61;3.73;3.54;3.55;3606679;23039740.000
05/23/2005;3.49;3.50;3.42;3.46;1423646;8648923.000
05/24/2005;3.45;3.60;3.44;3.57;1459586;9096572.000
05/25/2005;3.56;3.59;3.50;3.50;1040961;6457551.500
05/26/2005;3.48;3.55;3.42;3.44;1257453;7662279.500
05/27/2005;3.42;3.51;3.39;3.41;1096760;6634698.500
05/30/2005;3.36;3.42;3.25;3.36;1595031;9311518.000
05/31/2005;3.37;3.41;3.33;3.36;720610;4259318.000
06/01/2005;3.37;3.38;3.06;3.09;2172366;12108629.000
06/02/2005;3.08;3.09;2.95;2.99;1809142;9535152.000
06/03/2005;2.96;3.01;2.88;2.96;1078413;5580746.500
06/06/2005;2.91;3.07;2.85;3.07;1986107;10315514.000
06/07/2005;3.05;3.16;2.99;3.01;2356475;12736114.000
06/08/2005;2.97;3.32;2.97;3.30;4424098;25066634.000
06/09/2005;3.24;3.60;3.22;3.53;6104543;37262804.000
06/10/2005;3.52;3.55;3.39;3.45;3105473;18831864.000
06/13/2005;3.45;3.52;3.32;3.46;1991386;11967771.000
06/14/2005;3.47;3.50;3.30;3.30;1785144;10652535.000
06/15/2005;3.29;3.41;3.19;3.31;1995935;11527972.000
06/16/2005;3.29;3.64;3.29;3.64;5914293;36521236.000
06/17/2005;3.66;3.70;3.47;3.50;4666235;29077514.000
06/20/2005;3.55;3.78;3.41;3.74;9694708;62075908.000
06/21/2005;3.70;4.04;3.64;3.86;11159063;74784048.000
06/22/2005;3.80;4.01;3.74;3.91;10484920;72019960.000
06/23/2005;3.87;3.98;3.68;3.70;8493056;57227080.000
06/24/2005;3.70;3.79;3.68;3.77;5215891;34398420.000
06/27/2005;3.88;4.14;3.88;4.14;13786720;98335592.000
06/28/2005;4.07;4.18;3.98;4.02;10293412;73530368.000
06/29/2005;4.05;4.12;3.90;3.92;7280681;51300656.000
06/30/2005;3.87;3.97;3.81;3.81;4662218;31665252.000
07/01/2005;3.85;3.86;3.60;3.64;4590361;30141226.000
07/04/2005;3.60;3.79;3.58;3.78;3858326;25029074.000
07/05/2005;3.75;3.96;3.74;3.82;5448776;36977084.000
07/06/2005;3.81;3.93;3.71;3.77;3620268;24192216.000
07/07/2005;3.74;3.81;3.72;3.76;2030162;13406990.000
07/08/2005;3.76;3.76;3.52;3.54;3430856;21705280.000
07/11/2005;3.65;3.82;3.58;3.61;3607535;23403484.000
07/12/2005;3.60;3.97;3.57;3.94;8040134;54251908.000
07/13/2005;3.93;4.00;3.87;3.93;6592417;45487480.000
07/14/2005;3.92;3.99;3.89;3.93;3111700;21467478.000
07/15/2005;3.95;3.97;3.77;3.81;3395647;22896840.000
07/18/2005;3.77;3.91;3.76;3.89;2746308;18590216.000
07/19/2005;3.88;4.01;3.86;3.95;3956020;27408182.000
07/20/2005;3.97;3.98;3.87;3.93;2516202;17364386.000
07/21/2005;3.93;3.95;3.80;3.86;3043508;20588366.000
07/22/2005;3.90;3.95;3.77;3.88;4991588;33950052.000
07/25/2005;3.85;3.85;3.56;3.58;7594723;48685508.000
07/26/2005;3.57;3.72;3.56;3.62;4476718;28709826.000
07/27/2005;3.64;3.73;3.61;3.73;4535017;29268380.000
07/28/2005;3.70;3.79;3.63;3.70;4221132;27581412.000
07/29/2005;3.68;3.70;3.60;3.66;2737360;17495304.000
08/01/2005;3.64;3.79;3.62;3.79;4417859;28907240.000
08/02/2005;3.80;3.82;3.72;3.80;3806471;25203690.000
08/03/2005;3.79;3.91;3.79;3.83;4954596;33382940.000
08/04/2005;3.81;3.98;3.78;3.90;5777876;39662324.000
08/05/2005;3.90;4.18;3.89;4.17;10156883;72710992.000
08/08/2005;4.27;4.46;4.25;4.27;13481498;102615808.000
08/09/2005;4.25;4.42;4.18;4.37;7334262;55523444.000
08/10/2005;4.34;4.45;4.27;4.44;6068559;46363304.000
08/11/2005;4.43;4.44;4.30;4.36;5137248;39362032.000
08/12/2005;4.38;4.46;4.23;4.27;5759670;43945884.000
08/15/2005;4.30;4.70;4.30;4.63;9673789;76466648.000
08/16/2005;4.66;4.71;4.51;4.57;7084827;57399028.000
08/17/2005;4.58;4.99;4.53;4.87;7942675;66528168.000
08/18/2005;4.89;5.05;4.56;4.58;8491658;72333696.000
08/19/2005;4.57;4.78;4.51;4.70;6374874;52049656.000
08/22/2005;4.66;4.70;4.51;4.63;2944995;23797722.000
08/23/2005;4.64;4.66;4.37;4.48;3753321;29558996.000
08/24/2005;4.51;4.69;4.48;4.63;4730238;38373092.000
08/25/2005;4.61;4.70;4.56;4.70;3586456;29172502.000
08/26/2005;4.70;4.80;4.62;4.66;2815718;23221932.000
08/30/2005;4.50;4.58;4.44;4.44;2945859;23258568.000
08/31/2005;4.48;4.66;4.48;4.66;3486324;28114396.000
09/01/2005;4.66;4.71;4.63;4.71;3222433;26446124.000
09/02/2005;4.74;4.93;4.74;4.84;4790267;40887628.000
09/05/2005;4.89;4.95;4.78;4.89;2421085;20628152.000
09/06/2005;4.89;4.89;4.66;4.68;4139093;34789304.000
09/07/2005;4.67;4.88;4.63;4.85;2901490;24238686.000
09/08/2005;4.85;4.88;4.71;4.80;2432796;20450664.000
09/09/2005;4.84;5.04;4.80;4.91;6829677;59052940.000
09/22/2005;4.57;4.78;4.45;4.53;3614871;29023368.000
09/23/2005;4.51;4.57;4.18;4.36;2829247;21737608.000
09/26/2005;4.32;4.50;4.32;4.44;1547046;11992207.000
09/27/2005;4.49;4.49;4.38;4.48;1978088;15424870.000
09/28/2005;4.48;4.50;4.30;4.39;1899686;14731615.000
09/29/2005;4.36;4.47;4.36;4.47;2110317;16387242.000
09/30/2005;4.47;4.62;4.43;4.62;2641885;21100814.000
10/10/2005;4.62;4.79;4.58;4.79;3055312;25379190.000
10/11/2005;4.79;4.90;4.72;4.83;3602072;30533742.000
10/12/2005;4.84;4.84;4.67;4.69;4269312;35492940.000
11/10/2005;4.77;5.16;4.76;4.86;12956339;86122112.000
11/11/2005;4.79;4.89;4.67;4.76;3426302;22075600.000
11/14/2005;4.73;4.81;4.68;4.75;1347831;8642609.000
11/15/2005;4.74;4.79;4.38;4.43;3359862;20733356.000
11/16/2005;4.43;4.55;4.21;4.52;2757320;16232798.000
11/17/2005;4.45;4.50;4.33;4.40;1580710;9447279.000
11/18/2005;4.40;4.67;4.37;4.63;3731238;23112024.000
11/21/2005;4.58;4.70;4.58;4.65;1735821;10900642.000
11/22/2005;4.65;4.70;4.50;4.52;1769907;11007650.000
11/23/2005;4.45;4.64;4.45;4.56;1414234;8747137.000
11/24/2005;4.58;4.64;4.53;4.58;1140442;7076320.000
11/25/2005;4.61;4.62;4.51;4.56;1249553;7691019.500
11/28/2005;4.56;4.58;4.42;4.45;1667571;10058175.000
11/29/2005;4.49;4.60;4.49;4.57;2629938;16232089.000
11/30/2005;4.59;4.90;4.59;4.83;5953957;38228868.000
12/01/2005;4.82;4.82;4.65;4.70;2838142;18095646.000
12/02/2005;4.64;4.77;4.64;4.73;1931094;12259189.000
12/05/2005;4.70;4.77;4.53;4.53;1855643;11696946.000
12/06/2005;4.51;4.62;4.48;4.57;1090814;6714420.500
12/07/2005;4.56;4.64;4.53;4.64;1058833;6549200.500
12/08/2005;4.70;4.76;4.63;4.69;1678794;10628321.000
12/09/2005;4.69;4.79;4.67;4.76;1944391;12447862.000
12/12/2005;4.76;4.80;4.70;4.75;1381498;8863534.000
12/13/2005;4.75;4.76;4.63;4.70;1334197;8412052.000
12/14/2005;4.73;4.78;4.64;4.76;2441597;15552162.000
12/15/2005;4.81;4.90;4.71;4.74;7010490;45758292.000
12/16/2005;4.70;4.83;4.69;4.81;2539683;16347951.000
12/19/2005;4.80;4.82;4.73;4.76;1486503;9555688.000
12/20/2005;4.79;4.79;4.70;4.75;1203702;7691935.000
12/21/2005;4.73;4.76;4.66;4.67;1532189;9716857.000
12/22/2005;4.67;4.76;4.64;4.73;1185108;7527396.000
12/23/2005;4.73;4.76;4.67;4.72;1255981;7989393.500
12/26/2005;4.72;4.79;4.72;4.75;2122550;13648050.000
12/27/2005;4.75;4.78;4.69;4.70;1409664;8965737.000
12/28/2005;4.70;4.77;4.70;4.73;1506154;9624112.000
12/29/2005;4.73;4.77;4.70;4.73;1954417;12475559.000
12/30/2005;4.77;4.78;4.62;4.64;2028171;12824765.000
01/04/2006;4.63;4.70;4.59;4.67;1555765;9762191.000
01/05/2006;4.67;4.73;4.64;4.72;2260264;14286075.000
01/06/2006;4.72;4.80;4.67;4.76;3299042;21095702.000
01/09/2006;4.78;4.94;4.76;4.87;6524859;42863136.000
01/10/2006;4.87;4.88;4.78;4.81;2602821;16911428.000
01/11/2006;4.81;4.84;4.68;4.72;3009882;19213078.000
01/12/2006;4.73;4.89;4.73;4.84;3352846;21848150.000
01/13/2006;4.88;4.92;4.79;4.80;2791650;18243836.000
01/16/2006;4.79;4.93;4.78;4.81;3996759;26264996.000
01/17/2006;4.81;4.92;4.76;4.89;3936798;25866972.000
01/18/2006;4.89;5.13;4.88;5.08;7638456;51903176.000
01/19/2006;5.11;5.15;5.00;5.09;4575113;31320046.000
01/20/2006;5.11;5.35;5.06;5.13;5393561;37771356.000
01/23/2006;5.19;5.30;5.12;5.27;4711490;33140538.000
01/24/2006;5.23;5.29;5.16;5.20;3393856;23911700.000
01/25/2006;5.19;5.21;4.89;5.09;4466257;30469184.000
02/06/2006;5.09;5.26;5.04;5.24;2770500;19223878.000
02/07/2006;5.24;5.25;5.06;5.17;3933292;27474644.000
02/08/2006;5.12;5.15;5.04;5.11;2766139;18984716.000
02/09/2006;5.11;5.24;5.04;5.17;2448642;17059780.000
02/10/2006;5.20;5.39;5.14;5.38;5338039;38127908.000
02/13/2006;5.36;5.37;5.23;5.31;3060824;21905128.000
02/15/2006;5.39;5.46;5.33;5.40;4291965;31283558.000
02/16/2006;5.56;5.61;5.35;5.49;9086928;67312640.000
02/17/2006;5.48;5.49;5.02;5.04;6255124;43812664.000
02/20/2006;4.96;5.00;4.67;4.71;6166003;40130704.000
02/21/2006;4.68;4.87;4.65;4.85;5219148;33885992.000
02/22/2006;4.85;4.87;4.71;4.73;3022017;19574718.000
02/23/2006;4.71;4.79;4.67;4.73;2327582;14824047.000
02/24/2006;4.76;4.93;4.70;4.86;3084592;20054850.000
02/27/2006;4.81;4.86;4.76;4.78;1900550;12317870.000
02/28/2006;4.76;4.86;4.69;4.84;1894762;12236722.000
03/01/2006;4.81;4.91;4.79;4.89;1796138;11770138.000
03/02/2006;4.86;4.88;4.71;4.75;1974759;12831287.000
03/03/2006;4.73;4.76;4.58;4.68;2947947;18485104.000
03/06/2006;4.68;4.70;4.58;4.59;1237617;7711633.500
03/07/2006;4.59;4.63;4.46;4.47;1934429;11778797.000
03/08/2006;4.46;4.57;4.44;4.52;966959;5872015.500
03/09/2006;4.52;4.56;4.47;4.50;797715;4881108.500
03/13/2006;4.50;4.52;4.38;4.47;1269482;7624817.500
03/14/2006;4.46;4.54;4.34;4.53;2321609;13845775.000
03/15/2006;4.49;4.55;4.47;4.54;1549442;9423067.000
03/16/2006;4.54;4.54;4.47;4.47;883692;5366015.500
03/17/2006;4.47;4.47;4.38;4.38;1520233;9040114.000
03/20/2006;4.37;4.46;4.35;4.45;940813;5597059.000
03/21/2006;4.45;4.51;4.41;4.51;1545765;9338210.000
03/22/2006;4.52;4.56;4.46;4.54;1264370;7705408.000
03/23/2006;4.52;4.67;4.51;4.63;2560161;15908707.000
03/24/2006;4.63;4.69;4.59;4.61;1986126;12454375.000
03/27/2006;4.61;4.68;4.61;4.67;1275816;8005560.000
03/28/2006;4.70;4.70;4.60;4.61;1250530;7843275.500
03/29/2006;4.61;4.63;4.50;4.57;2057751;12668747.000
03/30/2006;4.54;4.58;4.41;4.41;1843250;11159952.000
03/31/2006;4.39;4.70;4.39;4.64;3976405;24833392.000
04/03/2006;4.59;4.70;4.59;4.67;1771562;11110098.000
04/04/2006;4.67;4.70;4.57;4.67;2226700;13889125.000
04/05/2006;4.70;4.99;4.70;4.94;5420492;35632892.000
04/06/2006;4.96;5.01;4.89;4.91;5615742;37577292.000
04/07/2006;4.92;5.13;4.91;5.04;7225290;49272472.000
04/10/2006;5.07;5.26;5.00;5.22;5596817;38811996.000
04/11/2006;5.25;5.45;5.22;5.26;8828876;46843856.000
04/12/2006;5.27;5.40;5.10;5.11;6884403;36052252.000
04/13/2006;5.09;5.24;5.06;5.12;5966414;30619544.000
04/14/2006;5.10;5.23;5.00;5.20;4635079;23835458.000
04/17/2006;5.21;5.34;5.10;5.32;6284564;33057176.000
04/18/2006;5.54;5.60;5.29;5.33;11548366;62614072.000
04/19/2006;5.31;5.46;5.19;5.44;6150943;32817528.000
04/20/2006;5.44;5.47;5.27;5.34;4765311;25476170.000
04/21/2006;5.34;5.46;5.23;5.43;5840241;31399884.000
04/24/2006;5.46;5.46;5.10;5.21;5679903;29671842.000
04/25/2006;5.19;5.19;5.02;5.11;3098852;15803522.000
04/26/2006;5.11;5.27;5.05;5.22;3744103;19445790.000
04/27/2006;5.26;5.40;5.20;5.29;4434301;23429340.000
04/28/2006;5.20;5.57;5.10;5.50;9966541;53918036.000
05/08/2006;5.56;5.76;5.50;5.65;9373244;52810056.000
05/09/2006;5.67;6.10;5.58;5.98;11727781;68263728.000
05/10/2006;6.08;6.40;5.98;6.19;10980635;68333512.000
05/11/2006;6.20;6.81;6.20;6.38;13270928;86691520.000
05/12/2006;6.42;6.80;6.42;6.61;8944517;59078760.000
05/15/2006;6.76;6.95;6.21;6.73;12815635;83350928.000
05/16/2006;6.70;7.40;6.30;7.00;16740915;114505648.000
05/17/2006;7.10;7.70;7.08;7.66;14176788;106469616.000
05/18/2006;7.62;7.66;6.89;7.00;10020422;70585024.000
05/19/2006;7.03;7.70;7.02;7.70;13933841;103996616.000
05/22/2006;7.90;8.47;7.90;8.11;11909481;96993392.000
05/23/2006;7.99;7.99;7.30;7.33;8105377;61010332.000
05/24/2006;7.33;7.63;6.91;7.03;7365171;52562576.000
05/25/2006;7.06;7.20;6.95;7.13;2544770;18007558.000
05/26/2006;7.21;7.36;7.11;7.36;4090447;29708608.000
05/29/2006;7.44;7.58;7.19;7.41;4171535;30836480.000
05/31/2006;7.41;7.42;7.10;7.15;3896614;28095480.000
06/01/2006;7.11;7.79;7.10;7.65;6501826;48856104.000
06/02/2006;7.67;7.74;7.27;7.46;6682881;50011084.000
06/05/2006;7.47;7.96;7.47;7.96;7744900;60075392.000
06/06/2006;7.98;8.10;7.70;7.74;6012580;47446824.000
06/07/2006;7.62;7.84;6.97;6.97;6310340;45882224.000
06/08/2006;6.90;6.95;6.31;6.79;5308729;35285360.000
06/09/2006;6.80;6.88;6.55;6.79;4870109;32807894.000
06/12/2006;6.60;6.95;6.60;6.76;2391358;16274067.000
06/13/2006;6.80;6.90;6.70;6.78;2129156;14460255.000
06/14/2006;6.79;6.80;6.40;6.74;1957661;13051770.000
06/15/2006;6.70;7.08;6.70;6.97;3383250;23280228.000
06/16/2006;6.94;7.20;6.88;7.18;7194248;50555120.000
06/19/2006;7.17;7.26;7.00;7.14;3504227;25063480.000
06/20/2006;7.09;7.31;7.06;7.25;3701512;26742092.000
06/21/2006;7.26;7.29;7.08;7.12;1904502;13635034.000
06/22/2006;7.12;7.16;6.81;6.90;3112894;21598126.000
06/23/2006;6.85;7.12;6.84;7.10;2785165;19515140.000
06/26/2006;7.08;7.21;7.05;7.15;2440241;17470698.000
06/27/2006;7.25;7.31;7.13;7.20;3297781;23792212.000
06/28/2006;7.18;7.44;7.10;7.28;3608751;26320394.000
06/29/2006;7.26;7.42;7.20;7.33;3654023;26765788.000
06/30/2006;7.31;7.38;7.12;7.12;2925909;21030520.000
07/03/2006;7.12;7.26;7.00;7.06;6099415;43091012.000
07/04/2006;7.07;7.15;6.95;6.98;3396003;23939074.000
07/05/2006;6.94;6.98;6.70;6.85;3573928;24361918.000
07/06/2006;6.84;7.09;6.84;7.00;3555842;24952026.000
07/07/2006;7.00;7.20;6.97;7.09;4104647;29007654.000
07/10/2006;7.07;7.09;6.88;7.03;2479185;17297856.000
07/11/2006;7.09;7.40;7.09;7.30;9163275;66619348.000
07/12/2006;7.33;7.46;7.23;7.26;4851731;35590560.000
07/13/2006;7.27;7.27;6.68;6.68;5535584;38286964.000
07/14/2006;6.65;6.79;6.56;6.73;2694875;18075646.000
07/17/2006;6.73;6.78;6.65;6.75;1381540;9278716.000
07/18/2006;6.83;6.83;6.67;6.79;1413684;9519911.000
07/19/2006;6.76;6.78;6.42;6.48;2185254;14354018.000
07/20/2006;6.49;6.56;6.45;6.52;934589;6088971.500
07/21/2006;6.52;6.61;6.42;6.45;1813558;11748712.000
07/24/2006;6.40;6.47;6.17;6.40;1038133;6602726.000
07/25/2006;6.46;6.65;6.38;6.57;1840844;12062606.000
07/26/2006;6.58;6.60;6.40;6.43;1814884;11718354.000
07/27/2006;6.47;6.55;6.40;6.52;1774283;11479059.000
07/28/2006;6.48;6.52;6.18;6.26;2046614;12872139.000
07/31/2006;6.20;6.21;5.63;5.63;3286224;19271970.000
08/01/2006;5.63;5.75;5.52;5.58;1527888;8567008.000
08/02/2006;5.58;5.64;5.45;5.60;1355113;7512495.000
08/03/2006;5.63;5.65;5.51;5.54;799011;4454076.000
08/04/2006;5.55;5.60;5.26;5.26;1592601;8678657.000
08/07/2006;5.20;5.28;5.16;5.22;1467203;7665042.500
08/08/2006;5.22;5.43;5.22;5.40;1151481;6140929.000
08/09/2006;5.41;5.44;5.32;5.35;1290907;6950248.000
08/10/2006;5.34;5.50;5.34;5.48;1296144;7035736.000
08/11/2006;5.48;5.52;5.41;5.48;1232775;6743133.500
08/14/2006;5.48;5.52;5.20;5.27;1106285;5929832.500
08/15/2006;5.26;5.38;5.23;5.31;1061283;5639111.000
08/16/2006;5.32;5.50;5.32;5.45;1415668;7692132.500
08/17/2006;5.43;5.45;5.33;5.39;753976;4066046.750
08/18/2006;5.40;5.45;5.35;5.37;601200;3244188.000
08/21/2006;5.24;5.59;5.16;5.53;1665676;9047975.000
08/22/2006;5.50;5.61;5.44;5.57;1499206;8324517.500
08/23/2006;5.57;5.79;5.51;5.68;2583830;14692245.000
08/24/2006;5.68;5.75;5.62;5.75;1389689;7926991.000
08/25/2006;5.76;5.80;5.65;5.66;1386173;7933597.000
08/28/2006;5.66;5.80;5.66;5.77;1284307;7404185.500
08/29/2006;5.85;6.35;5.81;6.05;7716782;47582688.000
08/30/2006;6.00;6.02;5.88;5.95;2579068;15342753.000
08/31/2006;5.98;6.14;5.97;5.97;2030129;12258977.000
09/01/2006;5.98;6.03;5.75;5.79;1908222;11159857.000
09/04/2006;5.78;5.94;5.76;5.88;1591844;9340589.000
09/05/2006;5.90;5.93;5.75;5.80;1682406;9763116.000
09/06/2006;5.85;5.85;5.74;5.82;919894;5319696.000
09/08/2006;5.72;5.82;5.70;5.76;1069554;6160817.500
09/11/2006;5.75;6.03;5.75;5.97;2745132;16322629.000
09/12/2006;5.92;6.02;5.89;5.97;1634928;9786148.000
09/13/2006;5.97;6.00;5.75;5.85;1288700;7619802.000
09/14/2006;5.78;5.85;5.73;5.77;1417102;8191018.500
09/15/2006;5.81;5.90;5.75;5.87;1102499;6441518.000
09/18/2006;5.88;5.97;5.83;5.95;1326739;7839723.000
09/19/2006;5.95;6.00;5.85;5.87;1282157;7561458.000
09/20/2006;5.85;5.90;5.75;5.84;1405315;8169339.000
09/21/2006;5.84;5.99;5.77;5.96;2409136;14249671.000
09/22/2006;5.96;5.99;5.80;5.88;1573136;9263842.000
09/25/2006;5.85;5.95;5.83;5.92;1435774;8467580.000
09/26/2006;5.92;5.95;5.78;5.80;876622;5103005.500
09/27/2006;5.81;5.87;5.74;5.86;801970;4654096.500
09/28/2006;5.88;5.93;5.82;5.91;1476766;8714205.000
09/29/2006;5.91;6.10;5.90;6.03;2816108;16977196.000
10/09/2006;6.04;6.16;6.00;6.14;2999806;18298368.000
10/10/2006;6.14;6.14;6.01;6.11;1682334;10226561.000
10/11/2006;6.09;6.10;5.99;6.08;1647315;9936746.000
10/12/2006;6.09;6.22;6.05;6.08;2208351;13552034.000
10/13/2006;6.09;6.15;6.05;6.09;2107330;12846042.000
10/16/2006;6.14;6.14;5.86;5.87;2658700;15793863.000
10/17/2006;5.87;5.91;5.58;5.72;4124268;23621260.000
10/18/2006;5.68;5.75;5.68;5.74;1207015;6908624.500
10/19/2006;5.75;5.77;5.70;5.77;1420466;8134042.500
10/20/2006;5.76;5.76;5.38;5.51;6224576;34313292.000
10/23/2006;5.49;5.49;5.27;5.33;2227300;11984859.000
10/24/2006;5.33;5.45;5.33;5.45;1352935;7308596.000
10/25/2006;5.45;5.45;5.33;5.36;1382950;7427932.000
10/26/2006;5.35;5.40;5.27;5.38;1420357;7578691.500
10/27/2006;5.39;5.39;5.27;5.28;1363515;7231704.000
10/30/2006;5.28;5.42;5.27;5.42;1363563;7303170.000
10/31/2006;5.43;5.43;5.30;5.36;1011687;5412927.000
11/01/2006;5.37;5.37;5.27;5.34;1401231;7436029.500
11/02/2006;5.33;5.38;5.25;5.37;1608263;8503176.000
11/03/2006;5.35;5.44;5.35;5.40;1571179;8484918.000
11/06/2006;5.38;5.38;5.28;5.34;1264461;6713608.500
11/07/2006;5.34;5.34;5.24;5.25;1265271;6663987.500
11/08/2006;5.26;5.29;5.16;5.20;1306471;6769415.000
11/09/2006;5.20;5.25;5.16;5.20;1588536;8266374.500
11/10/2006;5.20;5.24;5.03;5.03;1905171;9751487.000
11/13/2006;5.00;5.02;4.68;4.75;2452998;11863251.000
11/14/2006;4.75;4.86;4.69;4.85;1064409;5075405.500
11/15/2006;4.85;4.92;4.79;4.88;1021742;4971494.000
11/16/2006;4.88;4.91;4.77;4.77;1077110;5172794.000
11/17/2006;4.85;4.86;4.70;4.82;1291761;6189961.500
11/20/2006;4.80;4.82;4.70;4.73;1385338;6584998.000
11/21/2006;4.71;4.85;4.66;4.80;1589417;7549145.500
11/22/2006;4.83;4.98;4.74;4.97;2863964;14026227.000
11/23/2006;4.96;5.01;4.91;4.97;1506471;7491052.000
11/24/2006;4.97;5.05;4.92;5.00;1808405;9064669.000
11/27/2006;5.00;5.07;4.99;5.06;1209574;6074495.000
11/28/2006;5.06;5.07;4.93;4.96;1547732;7750818.000
11/29/2006;4.94;5.05;4.88;5.04;1738084;8627114.000
11/30/2006;5.04;5.14;5.04;5.13;3180138;16215145.000
12/01/2006;5.15;5.16;5.01;5.07;2401247;12199361.000
12/04/2006;5.06;5.16;5.04;5.07;2134983;10841121.000
12/05/2006;5.10;5.36;5.06;5.33;5411627;28073890.000
12/06/2006;5.30;5.30;5.05;5.24;3552729;18477670.000
12/07/2006;5.22;5.40;5.16;5.24;2903696;15293822.000
12/08/2006;5.25;5.25;4.99;4.99;1883275;9604043.000
12/11/2006;4.95;5.04;4.90;5.02;1729244;8646414.000
12/12/2006;5.02;5.02;4.91;4.94;1229860;6102533.000
12/13/2006;4.94;5.02;4.92;4.99;1191523;5925007.500
12/14/2006;5.00;5.03;4.96;5.02;1253285;6263347.500
12/15/2006;5.04;5.06;4.98;5.01;1851102;9277137.000
12/18/2006;5.01;5.07;4.98;5.03;3215486;16144220.000
12/19/2006;5.03;5.24;4.88;5.18;6335518;32127812.000
12/20/2006;5.12;5.33;5.06;5.27;6344035;33218550.000
12/21/2006;5.27;5.43;5.22;5.26;6291942;33623728.000
12/22/2006;5.18;5.28;5.13;5.17;2275710;11828811.000
12/25/2006;5.19;5.35;5.16;5.30;3513299;18465322.000
12/26/2006;5.28;5.31;5.10;5.14;2237850;11545040.000
12/27/2006;5.14;5.15;5.01;5.05;2983915;15104358.000
12/28/2006;5.04;5.08;4.83;4.85;3045034;14969987.000
12/29/2006;4.86;4.99;4.86;4.90;1873147;9192170.000
01/04/2007;4.95;4.95;4.79;4.82;3174335;15354162.000
01/05/2007;4.80;5.00;4.74;4.95;2532302;12279512.000
01/08/2007;4.96;5.13;4.96;5.12;3506693;17767306.000
01/09/2007;5.15;5.27;5.12;5.20;5397671;28086018.000
01/10/2007;5.21;5.29;5.09;5.27;5953858;30897764.000
01/11/2007;5.30;5.48;5.23;5.34;9809496;52623484.000
01/12/2007;5.35;5.46;4.98;5.05;5975147;31531902.000
01/15/2007;5.08;5.29;5.08;5.29;4167698;21856466.000
01/16/2007;5.31;5.55;5.26;5.53;9082157;49255136.000
01/17/2007;5.60;5.65;5.30;5.43;8016167;44345080.000
01/18/2007;5.36;5.73;5.36;5.72;7381193;41131448.000
01/19/2007;5.80;5.93;5.70;5.90;10194821;59190928.000
01/22/2007;6.00;6.14;5.90;6.08;11793140;70795544.000
01/23/2007;6.08;6.08;5.84;6.01;8300271;49443612.000
01/24/2007;6.00;6.07;5.90;5.96;7193373;43089796.000
01/25/2007;5.95;5.95;5.58;5.59;6333698;36417848.000
01/26/2007;5.54;5.64;5.33;5.58;4860027;26687216.000
01/29/2007;5.60;5.85;5.60;5.85;6148731;35327564.000
01/30/2007;5.95;6.08;5.78;6.04;12141408;72326856.000
01/31/2007;6.09;6.50;6.00;6.17;21180271;132677752.000
02/01/2007;6.11;6.21;5.68;6.08;9202415;55123900.000
02/02/2007;6.00;6.06;5.68;5.78;4567407;26841982.000
02/05/2007;5.73;5.91;5.71;5.85;3011618;17568996.000
02/06/2007;5.97;6.10;5.87;6.04;3408763;20348180.000
02/07/2007;6.03;6.18;5.93;6.14;7238893;43785520.000
02/08/2007;6.15;6.17;6.02;6.05;6567786;39929888.000
02/09/2007;6.10;6.11;5.90;5.95;4593870;27521642.000
02/12/2007;6.00;6.22;5.99;6.22;7479251;45927436.000
02/13/2007;6.29;6.48;6.21;6.39;8619840;54488052.000
02/14/2007;6.37;6.45;6.30;6.38;6592457;42030052.000
02/15/2007;6.42;6.50;6.30;6.48;6900139;44278972.000
02/16/2007;6.53;6.67;6.40;6.47;7531508;49204432.000
02/26/2007;6.47;6.79;6.41;6.76;6481771;43177076.000
02/27/2007;6.78;6.96;6.08;6.08;11287336;73690872.000
02/28/2007;6.00;6.42;5.99;6.38;6495462;40532308.000
03/01/2007;6.38;6.39;6.09;6.21;6676267;41420988.000
03/02/2007;6.17;6.39;6.15;6.36;4956751;31237474.000
03/05/2007;6.38;6.60;6.21;6.50;7395173;47667804.000
03/06/2007;6.45;6.53;6.30;6.50;3990577;25751286.000
03/07/2007;6.57;6.59;6.46;6.59;5124481;33460638.000
03/08/2007;6.62;6.68;6.51;6.68;5156942;34099752.000
03/09/2007;6.70;6.79;6.60;6.77;7898080;53022652.000
03/12/2007;6.77;6.90;6.67;6.87;8013326;54629972.000
03/13/2007;6.91;6.93;6.78;6.85;6798066;46517440.000
03/14/2007;6.82;6.95;6.38;6.72;7841659;52696804.000
03/15/2007;6.80;7.05;6.80;6.99;12397811;86401560.000
03/16/2007;6.88;6.95;6.58;6.71;7716093;52395904.000
03/19/2007;6.47;6.75;6.40;6.69;5575315;36946880.000
03/20/2007;6.70;7.02;6.66;6.97;8474286;58593076.000
03/21/2007;7.01;7.05;6.89;7.03;6206880;43249640.000
03/22/2007;7.09;7.21;6.93;6.96;8055019;57162396.000
03/23/2007;6.96;7.21;6.96;7.18;8323947;59289512.000
03/26/2007;7.22;7.44;7.22;7.33;7822587;57316548.000
03/27/2007;7.28;7.70;7.25;7.55;12915900;96579608.000
03/28/2007;7.50;7.60;7.02;7.41;11656323;85956920.000
03/29/2007;7.48;7.70;7.29;7.35;10373816;77676880.000
03/30/2007;7.30;7.60;7.22;7.55;9223485;69053392.000
04/02/2007;7.65;7.83;7.55;7.72;9161216;70444216.000
04/03/2007;7.73;7.75;7.50;7.66;6549831;49877460.000
04/04/2007;7.58;7.70;7.57;7.68;6912431;52867500.000
04/05/2007;7.68;7.74;7.51;7.71;6629982;50605640.000
04/06/2007;7.64;7.80;7.54;7.79;8831755;68141520.000
04/09/2007;7.81;7.96;7.72;7.86;10263722;80851120.000
04/11/2007;7.94;7.98;7.58;7.78;8695456;67704208.000
04/12/2007;7.80;8.13;7.73;8.09;12317055;98676768.000
04/13/2007;8.09;8.09;7.90;7.91;8023420;64134956.000
04/16/2007;7.90;8.10;7.86;8.05;6924910;55407068.000
04/17/2007;8.07;8.42;7.85;8.35;12701540;102789592.000
04/18/2007;8.37;8.65;8.10;8.57;12601455;106317368.000
04/19/2007;8.49;8.53;7.71;7.91;11067099;90254936.000
04/20/2007;7.92;8.37;7.92;8.29;8064410;66432924.000
04/23/2007;8.42;8.87;8.39;8.81;12796124;110724512.000
04/24/2007;8.65;8.75;8.41;8.55;15882957;136145104.000
04/25/2007;8.50;8.50;8.10;8.40;9479241;78968232.000
04/26/2007;8.39;8.70;8.32;8.58;8387949;71949464.000
04/27/2007;8.58;8.62;8.28;8.36;6666465;56092600.000
04/30/2007;8.21;8.52;8.21;8.44;7936075;66483700.000
05/08/2007;8.51;9.10;8.51;8.96;14358274;125720416.000
05/09/2007;8.94;8.94;8.40;8.76;10966710;95695040.000
05/10/2007;8.71;9.10;8.65;8.96;12250368;109498824.000
05/11/2007;8.95;9.49;8.70;9.23;14857369;135895920.000
05/14/2007;9.09;9.46;9.00;9.25;11626286;107970688.000
05/15/2007;9.25;9.30;8.72;8.80;9252432;83245144.000
05/16/2007;8.77;9.00;8.55;9.00;7489688;65897372.000
05/17/2007;9.01;9.26;8.85;9.18;8534436;78128448.000
05/18/2007;9.15;9.18;8.92;9.00;7897891;71382824.000
05/21/2007;8.67;9.35;8.60;9.20;9895481;89596744.000
05/22/2007;9.33;9.77;9.26;9.54;18237260;173562928.000
05/23/2007;9.58;10.23;9.55;10.22;20730994;206553152.000
05/24/2007;10.25;10.60;9.83;10.43;20106420;205558208.000
05/25/2007;10.43;10.44;10.15;10.30;12803256;131905432.000
05/28/2007;10.68;10.75;10.40;10.49;14683724;155006352.000
05/29/2007;10.52;10.98;10.52;10.85;12326896;132829728.000
05/30/2007;9.91;10.59;9.77;9.77;13830769;139468272.000
05/31/2007;9.32;9.70;8.79;9.00;11819114;107414552.000
06/01/2007;9.06;9.28;8.10;8.28;14035767;119611376.000
06/04/2007;8.57;8.58;7.45;7.48;13378557;106611688.000
06/05/2007;7.30;8.06;6.73;8.00;13336774;97342648.000
06/06/2007;7.88;8.10;7.55;7.84;10688264;84477416.000
06/07/2007;7.97;8.19;7.74;8.14;9305454;74476928.000
06/08/2007;8.15;8.23;7.94;8.02;9394035;75785888.000
06/11/2007;8.00;8.15;7.80;7.95;8212093;65382976.000
06/12/2007;7.95;7.95;7.32;7.88;9168519;70290760.000
06/13/2007;7.88;8.55;7.83;8.38;12053279;99078680.000
06/14/2007;8.33;8.48;8.03;8.22;9367483;77860128.000
06/15/2007;8.08;8.30;7.81;8.05;5936004;47798484.000
06/18/2007;8.11;8.35;8.05;8.25;7636991;62804744.000
06/19/2007;8.24;9.08;8.11;9.08;14907421;127629720.000
06/20/2007;9.38;9.48;8.88;9.00;25869615;239195280.000
06/21/2007;8.89;9.19;8.59;8.76;9380138;83879392.000
06/22/2007;8.76;8.88;7.88;7.90;8206281;67709864.000
06/25/2007;7.98;8.10;7.11;7.11;6142206;45534160.000
06/26/2007;7.00;7.38;6.75;7.38;5734664;40578740.000
06/27/2007;7.39;7.48;7.10;7.37;4467687;32652430.000
06/28/2007;7.37;7.38;6.65;6.65;4735708;33279650.000
06/29/2007;6.40;6.60;6.02;6.28;4692555;29859078.000
07/02/2007;6.40;6.60;6.22;6.60;3914044;25240998.000
07/03/2007;6.66;6.68;6.36;6.63;2944052;19297244.000
07/04/2007;6.65;6.90;6.50;6.69;4332453;28994588.000
07/05/2007;6.66;6.66;6.25;6.25;2843396;18443004.000
07/06/2007;6.25;6.77;6.20;6.63;3119727;20250628.000
07/09/2007;6.78;7.00;6.73;6.90;5752301;39468540.000
07/10/2007;6.90;6.90;6.53;6.58;3084375;20553356.000
07/11/2007;6.58;6.69;6.47;6.69;2031901;13402249.000
07/12/2007;6.69;6.79;6.56;6.75;2267099;15154124.000
07/13/2007;6.70;6.72;6.48;6.55;1690878;11096798.000
07/16/2007;6.60;6.70;6.35;6.35;1304445;8472208.000
07/17/2007;6.38;6.57;6.22;6.47;1715302;11067038.000
07/18/2007;6.47;6.60;6.40;6.46;1677809;10912211.000
07/19/2007;6.46;6.54;6.42;6.49;1070998;6943112.000
07/20/2007;6.49;6.71;6.49;6.70;3481319;23089602.000
07/23/2007;6.70;7.04;6.62;7.02;5400509;37279788.000
07/24/2007;7.02;7.17;6.92;6.97;5732436;40278488.000
07/26/2007;7.20;7.37;7.18;7.26;6561827;47779220.000
07/27/2007;7.10;7.33;6.95;7.31;6662338;47935124.000
07/30/2007;7.24;7.49;7.20;7.39;6647053;49109976.000
07/31/2007;7.39;7.42;7.12;7.32;5018083;36576800.000
08/01/2007;7.31;7.48;6.78;6.80;6393603;46143900.000
08/02/2007;6.80;7.12;6.80;7.04;3529390;24622116.000
08/03/2007;7.04;7.55;7.04;7.50;12344954;91381960.000
08/06/2007;7.70;8.25;7.69;8.14;20569666;164469744.000
08/07/2007;8.13;8.13;7.70;7.86;8317704;65569328.000
08/08/2007;7.71;7.73;7.45;7.58;5459689;41305976.000
08/09/2007;7.50;7.70;7.46;7.65;3754761;28485190.000
08/10/2007;7.65;7.65;7.08;7.31;4317180;31595826.000
08/13/2007;7.31;7.38;7.03;7.20;3920076;27993798.000
08/14/2007;7.24;7.40;7.16;7.38;3108219;22780612.000
08/15/2007;7.42;7.46;7.06;7.19;2917515;21045970.000
08/16/2007;7.20;7.38;7.11;7.32;2892964;21003540.000
08/17/2007;7.30;7.44;7.25;7.30;3203942;23540992.000
08/20/2007;7.48;7.77;7.34;7.77;7977379;61151880.000
08/21/2007;7.89;7.95;7.65;7.72;8503429;66034120.000
08/22/2007;7.66;7.82;7.56;7.79;6094215;47231928.000
08/23/2007;7.80;7.90;7.69;7.85;5219823;40662796.000
08/24/2007;7.83;7.91;7.67;7.77;4994361;39041776.000
08/27/2007;7.90;8.08;7.77;7.87;7335761;58036216.000
08/28/2007;7.84;7.84;7.63;7.74;4357061;33603796.000
08/29/2007;7.70;7.80;7.50;7.56;3565715;27229304.000
08/30/2007;7.57;7.90;7.57;7.87;4948305;38587308.000
08/31/2007;7.91;8.05;7.85;7.89;5760575;45761092.000
09/03/2007;8.01;8.33;7.91;8.27;10226496;82910896.000
09/04/2007;8.22;8.22;7.98;7.99;6248498;50459540.000
09/05/2007;8.00;8.10;7.79;7.95;3463150;27465752.000
09/06/2007;7.95;8.20;7.95;8.03;4379492;35393308.000
09/07/2007;8.00;8.00;7.70;7.75;4619924;36046508.000
09/10/2007;7.70;7.91;7.56;7.89;3683605;28509302.000
09/11/2007;7.88;7.95;7.38;7.38;4387651;34298668.000
09/12/2007;7.35;7.52;7.11;7.43;3731814;27342938.000
09/13/2007;7.44;7.86;7.31;7.86;4650373;35024516.000
09/14/2007;7.83;8.26;7.76;8.23;16574959;134062976.000
09/17/2007;8.25;8.65;8.24;8.42;23086188;195873680.000
09/18/2007;8.43;8.49;8.17;8.41;7644985;63388008.000
09/19/2007;8.38;8.41;8.10;8.12;4397137;36069504.000
09/20/2007;8.16;8.36;8.12;8.14;4281096;35151032.000
09/21/2007;8.16;8.22;7.80;8.00;3744155;29974388.000
09/24/2007;8.01;8.17;7.82;8.07;3318579;26772408.000
09/25/2007;8.03;8.20;7.90;7.97;2508346;20121124.000
09/26/2007;7.90;8.00;7.70;7.73;2927203;22945530.000
09/27/2007;7.71;7.82;7.58;7.79;2281187;17552850.000
09/28/2007;7.83;8.02;7.80;7.87;2319692;18318144.000
10/08/2007;8.00;8.05;7.80;7.80;2204004;17333258.000
10/09/2007;7.75;7.94;7.75;7.94;2002031;15727944.000
10/10/2007;7.94;7.97;7.78;7.80;2439429;19227302.000
10/11/2007;7.80;7.85;7.51;7.55;3229760;24612372.000
10/12/2007;7.51;7.53;6.80;7.15;4254962;30343538.000
10/15/2007;7.14;7.20;6.97;7.15;2395223;16978788.000
10/16/2007;7.15;7.28;7.02;7.28;2201819;15754071.000
10/17/2007;7.27;7.27;7.06;7.12;1427358;10207346.000
10/18/2007;7.11;7.18;6.98;7.02;1918676;13520422.000
10/19/2007;7.05;7.10;6.92;6.95;1498866;10514047.000
10/22/2007;6.94;6.94;6.70;6.74;1646615;11249224.000
10/23/2007;6.71;6.84;6.63;6.82;1567306;10569432.000
10/24/2007;6.83;6.89;6.51;6.51;1556199;10433507.000
10/25/2007;6.50;6.51;5.88;5.92;3195871;19534406.000
10/26/2007;5.90;6.07;5.85;6.00;1533238;9151207.000
10/29/2007;6.00;6.08;5.81;5.99;1460192;8647890.000
10/30/2007;6.02;6.25;5.92;6.25;1572716;9560559.000
10/31/2007;6.28;6.45;6.13;6.38;2235217;14160486.000
11/01/2007;6.38;6.40;6.09;6.09;1890822;11714377.000
11/02/2007;6.05;6.16;5.95;6.10;1599648;9642802.000
11/05/2007;6.00;6.36;5.91;6.23;1602717;9968008.000
11/06/2007;6.25;6.38;6.22;6.24;1231298;7762449.000
11/07/2007;6.25;6.31;6.13;6.23;1011721;6293445.500
11/08/2007;6.23;6.35;6.15;6.21;1574522;9858745.000
11/09/2007;6.10;6.28;6.06;6.21;1123168;6952560.000
11/12/2007;6.15;6.30;6.08;6.29;1262372;7830132.000
11/13/2007;6.35;6.37;6.24;6.33;1228182;7743102.500
11/14/2007;6.39;6.49;6.31;6.48;2053014;13169952.000
11/15/2007;6.41;6.47;6.29;6.37;1545596;9834168.000
11/16/2007;6.35;6.41;6.30;6.39;1176791;7489168.500
11/19/2007;6.40;6.55;6.34;6.50;1404460;9097768.000
11/20/2007;6.51;6.58;6.47;6.52;1735860;11336382.000
11/21/2007;6.50;6.55;6.36;6.36;1228800;7919246.500
11/22/2007;6.34;6.34;6.00;6.10;1328213;8245435.500
11/23/2007;6.05;6.32;6.00;6.30;971535;5988636.500
11/26/2007;6.35;6.39;6.23;6.28;1519312;9590185.000
11/28/2007;6.22;6.41;6.21;6.35;1799287;11380268.000
11/29/2007;6.39;6.45;6.28;6.44;1402659;8982131.000
11/30/2007;6.47;6.47;6.23;6.28;816383;5174983.500
12/03/2007;6.31;6.35;6.20;6.31;816013;5129122.000
12/04/2007;6.39;6.39;6.22;6.32;1296025;8172727.000
12/05/2007;6.32;6.54;6.27;6.44;2157188;13870424.000
12/06/2007;6.42;6.44;6.33;6.38;1436123;9165740.000
12/07/2007;6.42;6.49;6.39;6.47;1649135;10632583.000
12/10/2007;6.35;6.76;6.35;6.76;4892683;32513418.000
12/11/2007;6.80;7.06;6.80;7.00;8782722;60934652.000
12/12/2007;7.00;7.01;6.89;6.92;4296829;29784656.000
12/13/2007;6.93;7.06;6.72;6.75;4718205;32801410.000
12/14/2007;6.70;6.89;6.60;6.83;2220321;14951646.000
12/17/2007;6.83;6.99;6.78;6.92;2395304;16528284.000
12/18/2007;6.93;6.96;6.74;6.79;1249758;8537215.000
12/19/2007;6.81;6.97;6.81;6.91;1393630;9613758.000
12/20/2007;6.93;6.98;6.90;6.94;1706321;11846829.000
12/21/2007;6.89;7.03;6.87;7.02;2191794;15256653.000
12/24/2007;7.02;7.23;7.01;7.09;3459745;24738462.000
12/25/2007;7.10;7.26;7.07;7.15;2258385;16154986.000
12/26/2007;7.15;7.35;7.11;7.34;3053331;22195262.000
12/27/2007;7.40;7.48;7.30;7.30;3366542;24870436.000
12/28/2007;7.30;7.35;7.21;7.29;2301469;16751615.000
01/02/2008;7.29;7.54;7.26;7.51;2571290;19169106.000
01/03/2008;7.50;7.78;7.43;7.73;3663859;28083816.000
01/04/2008;7.70;8.02;7.61;7.96;4303214;33440918.000
01/07/2008;7.88;8.05;7.81;8.00;3194091;25485406.000
01/08/2008;8.05;8.06;7.52;7.60;4213631;32838966.000
01/09/2008;7.61;7.85;7.59;7.85;2419743;18745054.000
01/10/2008;7.87;8.10;7.80;7.88;3205521;25560426.000
01/11/2008;7.86;7.94;7.63;7.80;2166814;16747831.000
01/14/2008;7.80;7.99;7.70;7.91;2431660;19141198.000
01/15/2008;7.92;8.16;7.91;8.12;5877487;47470208.000
01/16/2008;8.13;8.25;7.92;8.05;5476345;44171948.000
01/17/2008;8.03;8.35;7.83;8.35;9078362;74359320.000
01/18/2008;8.25;8.50;8.13;8.44;7114932;59387580.000
01/21/2008;8.49;8.55;7.72;7.89;7328607;60532612.000
01/22/2008;7.70;7.70;7.10;7.10;4101637;30134842.000
01/23/2008;7.00;7.47;6.91;7.43;4754471;34432372.000
01/24/2008;7.43;8.17;7.28;8.17;9046550;72279968.000
01/25/2008;8.20;8.43;7.90;8.18;10967806;89753184.000
01/28/2008;8.15;8.16;7.36;7.36;6307987;47982728.000
01/29/2008;7.31;7.68;7.31;7.59;3023437;22759210.000
01/30/2008;7.61;7.81;7.30;7.50;2473381;18731294.000
01/31/2008;7.51;7.52;7.09;7.12;2182179;15931604.000
02/01/2008;7.10;7.16;6.50;6.71;2726581;18653880.000
02/04/2008;6.90;7.30;6.82;7.27;2278174;16158263.000
02/05/2008;7.21;7.36;7.09;7.25;1679019;12190290.000
02/13/2008;7.17;7.42;7.11;7.22;1304186;9539226.000
02/14/2008;7.30;7.39;7.24;7.34;1304980;9564302.000
02/15/2008;7.30;7.33;7.08;7.22;1649341;11906279.000
02/18/2008;7.31;7.45;7.27;7.40;2129315;15761524.000
02/19/2008;7.40;7.55;7.40;7.52;2831130;21175542.000
02/20/2008;7.48;7.55;7.37;7.38;2212533;16463762.000
02/21/2008;7.34;7.61;7.28;7.52;2610880;19433536.000
02/22/2008;7.55;7.63;7.20;7.43;2186419;16330852.000
02/25/2008;7.60;7.84;7.45;7.46;5774686;44347172.000
02/26/2008;7.56;7.68;7.20;7.54;2993080;22317456.000
02/27/2008;7.55;7.78;7.50;7.72;3067900;23605232.000
02/28/2008;7.79;7.80;7.55;7.63;2412754;18500564.000
02/29/2008;7.63;7.85;7.63;7.78;2951073;22879898.000
03/03/2008;7.79;7.99;7.71;7.94;3667959;28987420.000
03/04/2008;7.99;8.33;7.88;8.10;6534864;52898152.000
03/05/2008;8.03;8.20;7.74;8.14;5538825;44336608.000
03/06/2008;8.35;8.52;8.08;8.09;6853996;56896960.000
03/07/2008;8.00;8.07;7.80;7.85;3808584;30134374.000
03/10/2008;7.85;7.98;7.66;7.74;2298603;18013490.000
03/11/2008;7.68;8.03;7.56;8.02;2234846;17562072.000
03/12/2008;8.14;8.20;7.76;7.77;2305197;18379770.000
03/13/2008;7.70;7.76;7.20;7.47;2720882;20375414.000
03/14/2008;7.42;7.58;7.37;7.45;1347588;10065442.000
03/17/2008;7.46;7.46;6.78;6.79;2541103;18011124.000
03/18/2008;6.70;6.97;6.18;6.38;2434830;16049864.000
03/19/2008;6.51;6.83;6.43;6.70;2268102;15070795.000
03/20/2008;6.64;7.03;6.34;6.98;2317598;15683593.000
03/21/2008;6.93;7.11;6.85;6.99;2458215;17135000.000
03/24/2008;7.07;7.14;6.85;6.86;1815597;12733139.000
03/25/2008;6.80;7.01;6.70;6.98;1400162;9655872.000
03/26/2008;7.03;7.13;6.81;6.90;1337141;9342308.000
03/27/2008;6.88;6.88;6.48;6.54;1646731;10937978.000
03/28/2008;6.45;6.75;6.33;6.70;1089619;7156011.500
03/31/2008;6.55;6.67;6.46;6.50;1090709;7150779.500
04/01/2008;6.45;6.58;5.98;6.00;1713623;10533951.000
04/02/2008;6.10;6.15;5.65;5.75;1623583;9631050.000
04/03/2008;5.75;5.94;5.63;5.87;1238518;7187300.000
04/07/2008;5.76;6.17;5.72;6.14;2148864;12968550.000
04/08/2008;6.09;6.26;6.06;6.16;1807563;11106327.000
04/09/2008;6.12;6.23;5.81;5.86;1479009;8939738.000
04/10/2008;5.80;5.97;5.70;5.96;1282709;7485388.500
04/11/2008;5.95;6.18;5.92;6.10;1269809;7715328.000
04/14/2008;6.00;6.11;5.66;6.08;2751330;16149256.000
04/16/2008;6.13;6.13;5.88;5.93;1851847;11167486.000
04/17/2008;5.90;6.04;5.75;5.97;1657275;9735391.000
04/18/2008;5.94;5.94;5.61;5.80;1750980;10045691.000
04/21/2008;6.08;6.20;5.71;5.80;2832289;16925756.000
04/22/2008;5.80;5.80;5.22;5.50;2405383;13026014.000
04/23/2008;5.48;5.67;5.31;5.61;2164502;11977562.000
04/24/2008;6.00;6.15;5.88;6.12;5341764;32217500.000
04/25/2008;6.00;6.23;5.95;6.00;3902440;23639014.000
04/28/2008;5.80;5.89;5.71;5.80;1973079;11446111.000
04/29/2008;5.80;5.90;5.70;5.82;1808840;10520048.000
04/30/2008;5.81;6.00;5.81;5.98;2849623;16821112.000
05/05/2008;6.03;6.16;5.81;6.10;3107952;18735030.000
05/06/2008;6.05;6.18;5.98;6.13;2970798;18140400.000
05/07/2008;6.22;6.44;6.02;6.02;5298366;33201772.000
05/08/2008;5.86;6.09;5.84;6.07;2971309;17676422.000
05/09/2008;6.13;6.23;5.95;6.13;3242338;19883124.000
05/12/2008;6.03;6.24;5.86;6.17;2429293;14832789.000
05/13/2008;5.95;6.13;5.90;6.07;3173466;19102028.000
05/14/2008;6.09;6.26;6.06;6.24;3055214;18927888.000
05/15/2008;6.26;6.37;6.17;6.17;3236176;20292048.000
05/16/2008;6.18;6.23;5.96;6.08;2050590;12486609.000
05/19/2008;6.07;6.10;5.96;6.07;1008179;6088492.000
05/20/2008;6.07;6.12;5.65;5.69;1899413;11258700.000
05/21/2008;5.52;5.77;5.41;5.76;2113516;11730120.000
05/22/2008;5.67;5.87;5.62;5.71;2155577;12346275.000
05/23/2008;5.66;5.88;5.50;5.78;2328962;13327641.000
05/26/2008;5.73;6.04;5.65;5.90;4058341;23858810.000
05/27/2008;5.95;5.95;5.68;5.85;2307066;13388550.000
05/28/2008;5.92;5.94;5.71;5.83;2134216;12469352.000
05/29/2008;5.83;6.02;5.78;5.79;2344941;13840366.000
05/30/2008;5.75;5.89;5.65;5.80;1779247;10220895.000
06/02/2008;5.78;5.79;5.65;5.71;1202136;6873461.500
06/03/2008;5.72;5.88;5.64;5.86;1710650;9808052.000
06/04/2008;5.84;5.84;5.65;5.77;1246576;7116323.000
06/05/2008;5.75;5.78;5.66;5.75;769728;4394745.000
06/06/2008;5.74;5.83;5.67;5.75;1312273;7559427.000
06/10/2008;5.60;5.60;5.18;5.28;2122197;11256468.000
06/11/2008;5.19;5.26;4.98;5.20;1892173;9656979.000
06/12/2008;5.10;5.18;4.87;4.99;2239047;11259651.000
06/13/2008;5.06;5.16;4.85;5.09;1444459;7275999.500
06/16/2008;4.96;5.13;4.87;5.06;1594215;8004194.500
06/17/2008;5.03;5.06;4.66;4.70;1804450;8763912.000
06/18/2008;4.65;4.93;4.50;4.84;2425928;11472887.000
06/19/2008;4.70;4.79;4.36;4.36;1836200;8320193.500
06/20/2008;4.31;4.60;4.10;4.54;2041532;9054129.000
06/23/2008;4.48;4.62;4.36;4.48;875720;3928674.750
06/24/2008;4.49;4.58;4.31;4.55;1106462;4979234.000
06/25/2008;4.73;4.74;4.55;4.73;1270129;5947310.000
06/26/2008;4.74;4.78;4.59;4.69;1252848;5869822.000
06/27/2008;4.52;4.58;4.23;4.29;1220432;5319039.000
06/30/2008;4.40;4.40;4.20;4.28;538989;2306011.750
07/01/2008;4.30;4.33;4.20;4.28;669702;2852204.500
07/02/2008;4.28;4.37;4.25;4.35;647550;2789194.500
07/03/2008;4.37;4.54;4.23;4.50;1294146;5740044.500
07/04/2008;4.42;4.50;4.36;4.42;843457;3726976.750
07/07/2008;4.46;4.61;4.43;4.61;1204476;5479205.000
07/08/2008;4.61;4.69;4.54;4.68;1820886;8418036.000
07/09/2008;4.68;4.84;4.62;4.81;2774589;13212270.000
07/10/2008;4.70;4.83;4.64;4.65;1717260;8141237.000
07/11/2008;4.63;4.70;4.50;4.67;1416817;6488490.500
07/14/2008;4.66;4.74;4.60;4.74;1052293;4917693.500
07/15/2008;4.73;4.79;4.60;4.69;1192120;5599225.000
07/16/2008;4.64;4.64;4.25;4.50;1430644;6395024.000
07/17/2008;4.50;4.56;4.38;4.54;891680;3995591.500
07/18/2008;4.50;4.65;4.40;4.65;1535359;6988323.500
07/21/2008;4.67;4.85;4.58;4.85;4816709;22790800.000
07/22/2008;4.82;4.89;4.74;4.80;2671480;12883430.000
07/23/2008;4.82;4.86;4.77;4.80;2250058;10842626.000
07/24/2008;4.80;4.87;4.75;4.86;2281963;11015557.000
07/25/2008;4.83;4.84;4.74;4.75;1247020;5952590.000
07/28/2008;4.73;4.85;4.73;4.79;1190953;5706039.500
07/29/2008;4.75;4.75;4.60;4.62;1513103;7021981.000
07/30/2008;4.65;4.78;4.62;4.66;1771995;8320096.500
07/31/2008;4.67;4.67;4.46;4.50;1472845;6687526.000
08/01/2008;4.46;4.56;4.36;4.50;1509971;6729531.000
08/04/2008;4.56;4.56;4.39;4.55;1086283;4856484.500
08/05/2008;4.49;4.54;4.41;4.49;1067103;4771023.500
08/06/2008;4.49;4.54;4.43;4.49;1232978;5543450.000
08/07/2008;4.49;4.53;4.40;4.50;1084835;4845910.500
08/08/2008;4.50;4.52;4.21;4.22;2411360;10563502.000
08/11/2008;4.25;4.28;3.80;3.85;1510962;6033338.500
08/12/2008;3.82;3.95;3.81;3.85;802986;3104115.500
08/13/2008;3.82;3.85;3.55;3.76;923150;3407136.250
08/14/2008;3.75;3.81;3.68;3.72;384478;1436105.625
08/15/2008;3.73;3.79;3.68;3.71;434178;1624783.500
08/18/2008;3.68;3.73;3.41;3.41;589618;2082271.500
08/19/2008;3.38;3.48;3.33;3.44;558956;1912103.750
08/20/2008;3.46;3.73;3.38;3.70;1428554;5166948.000
08/21/2008;3.63;3.72;3.51;3.53;846910;3039756.000
08/22/2008;3.50;3.55;3.35;3.51;719713;2477180.000
08/25/2008;3.50;3.57;3.40;3.57;677883;2381120.000
08/26/2008;3.59;3.70;3.42;3.49;2003565;7212218.000
08/27/2008;3.39;3.48;3.30;3.40;1351588;4553615.000
08/28/2008;3.39;3.42;3.33;3.39;662016;2239352.000
08/29/2008;3.39;3.51;3.36;3.48;685294;2362225.500
09/01/2008;3.47;3.49;3.36;3.44;700219;2387705.250
09/02/2008;3.40;3.55;3.35;3.50;823249;2859732.750
09/03/2008;3.48;3.55;3.41;3.53;711824;2482536.000
09/04/2008;3.47;3.59;3.45;3.50;712610;2509846.750
09/05/2008;3.44;3.44;3.31;3.37;1267651;4256936.500
09/08/2008;3.34;3.39;3.08;3.14;753425;2431599.500
09/09/2008;3.11;3.22;3.11;3.20;343239;1088331.750
09/10/2008;3.13;3.27;3.13;3.18;447569;1432995.375
09/11/2008;3.16;3.19;3.08;3.11;417858;1305944.125
09/12/2008;3.11;3.18;3.10;3.18;425118;1336449.000
09/16/2008;3.18;3.18;3.05;3.12;535228;1670315.125
09/17/2008;3.13;3.25;3.06;3.10;571897;1796436.000
09/18/2008;3.03;3.08;2.79;2.91;1283794;3704745.750
09/22/2008;3.20;3.20;3.20;3.20;328035;1049712.000
09/23/2008;3.15;3.20;3.05;3.05;1675056;5235860.500
09/24/2008;2.99;3.08;2.91;3.07;776697;2330127.000
09/25/2008;3.07;3.19;3.02;3.10;1066323;3328367.500
09/26/2008;3.10;3.14;3.03;3.11;968627;2982073.500
10/06/2008;3.01;3.10;2.99;3.01;598176;1802592.000
10/07/2008;2.98;3.01;2.88;2.98;509691;1504937.625
10/08/2008;2.94;2.98;2.86;2.89;514273;1491938.000
10/09/2008;2.93;2.95;2.80;2.88;554300;1601885.000
10/10/2008;2.80;2.83;2.63;2.63;652763;1768324.875
10/13/2008;2.57;2.67;2.46;2.66;687021;1771915.000
10/14/2008;2.68;2.74;2.62;2.65;689599;1856574.500
10/15/2008;2.65;2.68;2.61;2.65;521080;1375811.750
10/16/2008;2.59;2.59;2.47;2.49;551100;1388155.250
10/17/2008;2.50;2.56;2.49;2.52;263250;664216.250
10/20/2008;2.53;2.61;2.48;2.60;598940;1537735.125
10/21/2008;2.61;2.70;2.59;2.65;1033767;2733626.250
10/22/2008;2.63;2.68;2.58;2.60;577760;1514817.625
10/23/2008;2.53;2.60;2.50;2.60;566165;1445419.500
10/24/2008;2.61;2.62;2.55;2.61;721650;1869572.750
10/27/2008;2.59;2.59;2.35;2.35;767250;1874888.500
10/28/2008;2.33;2.44;2.28;2.44;868150;2053420.500
10/29/2008;2.45;2.45;2.33;2.35;459827;1104186.500
10/30/2008;2.35;2.39;2.31;2.36;541735;1278624.750
10/31/2008;2.37;2.39;2.27;2.27;488100;1140347.000
11/03/2008;2.27;2.29;2.21;2.23;482540;1087694.625
11/04/2008;2.21;2.23;2.10;2.15;725503;1562060.875
11/05/2008;2.15;2.27;2.14;2.24;759741;1687486.750
11/06/2008;2.20;2.24;2.16;2.24;848604;1871679.625
11/07/2008;2.17;2.46;2.17;2.35;1625342;3828230.000
11/10/2008;2.31;2.53;2.31;2.51;2190707;5387081.000
11/11/2008;2.48;2.55;2.43;2.55;1443990;3595166.250
11/12/2008;2.49;2.61;2.48;2.59;1499752;3809482.000
11/13/2008;2.53;2.77;2.52;2.69;3858271;10329760.000
11/14/2008;2.73;2.83;2.63;2.79;2966414;8056684.500
11/17/2008;2.78;2.90;2.70;2.90;3910946;11054224.000
11/18/2008;2.88;2.96;2.61;2.61;2867952;8001127.500
11/19/2008;2.61;2.85;2.61;2.83;2560728;7084803.500
11/20/2008;2.75;3.01;2.75;2.94;4064016;11833621.000
11/21/2008;2.87;2.91;2.71;2.83;3204576;8996015.000
11/24/2008;2.81;2.85;2.68;2.68;1492043;4116397.750
11/25/2008;2.73;2.75;2.61;2.67;1016625;2721367.000
11/26/2008;2.62;2.73;2.62;2.72;933695;2513039.750
11/27/2008;2.86;2.90;2.74;2.78;2699882;7621543.000
11/28/2008;2.74;2.79;2.65;2.70;1217523;3308588.750
12/01/2008;2.64;2.86;2.63;2.84;2922568;8168293.500
12/02/2008;2.78;3.12;2.76;3.12;10495369;31600430.000
12/03/2008;3.13;3.28;3.04;3.21;10443134;33043506.000
12/04/2008;3.15;3.40;3.11;3.15;11310801;36838676.000
12/05/2008;3.10;3.27;3.08;3.24;4322612;13673670.000
12/08/2008;3.21;3.34;3.20;3.34;6850605;22516076.000
12/09/2008;3.36;3.36;3.15;3.18;4005256;12980159.000
12/10/2008;3.17;3.28;3.14;3.28;3251963;10452161.000
12/11/2008;3.32;3.34;3.13;3.15;2372333;7638866.500
12/12/2008;3.14;3.15;3.01;3.15;3889616;11953559.000
12/15/2008;3.17;3.32;3.13;3.32;7680489;24834320.000
12/16/2008;3.29;3.29;3.04;3.24;4218909;13393179.000
12/17/2008;3.22;3.49;3.20;3.36;9013075;30413386.000
12/18/2008;3.37;3.70;3.29;3.70;22326655;81199680.000
12/19/2008;3.70;4.07;3.68;4.07;30285383;117496928.000
12/22/2008;4.06;4.40;3.90;4.19;24838361;102527440.000
12/23/2008;4.10;4.12;3.77;3.78;15376090;60412748.000
12/24/2008;3.71;4.00;3.61;3.84;13298107;50864828.000
12/25/2008;3.78;3.84;3.51;3.62;8535646;31249456.000
12/26/2008;3.63;3.75;3.50;3.53;6424504;23389508.000
12/29/2008;3.50;3.62;3.40;3.57;6149881;21509962.000
12/30/2008;3.55;3.64;3.40;3.54;8250643;29129478.000
12/31/2008;3.50;3.68;3.43;3.56;7689002;27310940.000
01/05/2009;3.63;3.72;3.51;3.72;9633862;34917300.000
01/06/2009;3.67;3.92;3.62;3.85;10278465;38890852.000
01/07/2009;3.86;3.86;3.71;3.74;7749129;29258804.000
01/08/2009;3.67;3.67;3.44;3.47;6942249;24500350.000
01/09/2009;3.46;3.67;3.46;3.67;5840674;20789998.000
01/12/2009;3.67;3.80;3.60;3.73;7885378;29533484.000
01/13/2009;3.68;3.75;3.50;3.75;6896317;25040166.000
01/14/2009;3.80;3.84;3.68;3.83;10966744;41524948.000
01/15/2009;3.80;3.98;3.74;3.80;9727628;37590800.000
01/16/2009;3.76;3.89;3.72;3.73;7086326;26893540.000
01/19/2009;3.73;3.77;3.62;3.70;4452247;16332965.000
01/20/2009;3.64;3.70;3.61;3.68;2486600;9082528.000
01/21/2009;3.67;3.70;3.62;3.63;2675470;9777815.000
01/22/2009;3.63;3.67;3.57;3.63;3515048;12660219.000
01/23/2009;3.63;3.80;3.58;3.80;5726229;21098758.000
02/02/2009;3.85;3.88;3.75;3.82;6325164;24089104.000
02/03/2009;3.80;3.92;3.76;3.92;9032532;34635516.000
02/04/2009;3.94;4.10;3.93;4.04;12272340;49178028.000
02/05/2009;4.04;4.04;3.81;3.88;8427152;33190442.000
02/06/2009;3.90;4.02;3.89;4.01;8457990;33686108.000
02/09/2009;4.03;4.24;3.96;4.17;10069716;41203396.000
02/10/2009;4.15;4.20;4.02;4.19;7947308;32678546.000
02/11/2009;4.13;4.28;4.07;4.11;9506176;39533140.000
02/12/2009;4.11;4.26;4.07;4.26;8279630;34484680.000
02/13/2009;4.27;4.36;4.19;4.34;8700866;37406812.000
02/16/2009;4.36;4.50;4.26;4.46;8753255;38343704.000
02/17/2009;4.40;4.42;4.20;4.21;7181183;30830658.000
02/18/2009;4.18;4.23;3.97;3.99;5813792;23833622.000
02/19/2009;4.10;4.18;4.04;4.12;4700622;19281802.000
02/20/2009;4.11;4.20;4.09;4.19;3855008;15995194.000
02/23/2009;4.20;4.43;4.12;4.43;7961238;34338604.000
02/24/2009;4.38;4.87;4.32;4.78;21720658;99582048.000
02/25/2009;4.70;4.88;4.50;4.66;16637758;77804768.000
02/26/2009;4.65;4.78;4.19;4.31;11282561;51127500.000
02/27/2009;4.27;4.27;3.88;3.89;8467029;33940812.000
03/02/2009;3.76;3.95;3.70;3.91;4536929;17406374.000
03/03/2009;3.95;4.16;3.95;4.01;8934850;36129124.000
03/04/2009;3.94;4.19;3.91;4.19;9302091;38230352.000
03/05/2009;4.19;4.24;4.02;4.15;7384973;30491546.000
03/06/2009;4.08;4.57;4.06;4.57;21006347;94605800.000
03/09/2009;4.65;4.77;4.40;4.40;24598854;114268952.000
03/10/2009;4.30;4.54;4.05;4.50;9889435;42327348.000
03/11/2009;4.54;4.54;4.33;4.38;8218068;36449108.000
03/12/2009;4.20;4.37;4.13;4.28;6219687;26350356.000
03/13/2009;4.29;4.35;4.10;4.11;5539997;23377170.000
03/16/2009;4.11;4.21;4.02;4.16;4100727;16861920.000
03/17/2009;4.15;4.34;4.10;4.26;6488612;27359764.000
03/18/2009;4.25;4.39;4.25;4.27;6071397;26266286.000
03/19/2009;4.26;4.40;4.25;4.39;5854675;25439608.000
03/20/2009;4.40;4.45;4.25;4.39;6275909;27378614.000
03/23/2009;4.39;4.49;4.35;4.45;6107635;27123148.000
03/24/2009;4.47;4.50;4.40;4.45;6215250;27595794.000
03/25/2009;4.41;4.46;4.26;4.27;4788707;20904942.000
03/26/2009;4.27;4.35;4.16;4.35;3772430;16180818.000
03/27/2009;4.36;4.46;4.35;4.40;5330308;23438402.000
03/30/2009;4.44;4.47;4.37;4.43;4570967;20226082.000
03/31/2009;4.33;4.45;4.30;4.45;3709648;16263618.000
04/01/2009;4.45;4.62;4.45;4.54;7857161;35760132.000
04/02/2009;4.54;4.71;4.47;4.60;9732803;44557996.000
04/03/2009;4.58;4.66;4.46;4.64;8406558;38489308.000
04/07/2009;4.64;4.88;4.61;4.81;15145884;71889264.000
04/08/2009;4.75;5.05;4.64;4.64;17435242;84923656.000
04/09/2009;4.57;4.73;4.44;4.65;8012358;36629372.000
04/10/2009;4.66;5.00;4.62;4.83;11983884;57854504.000
04/13/2009;4.85;5.00;4.78;4.87;10934196;53631724.000
04/14/2009;4.86;4.98;4.75;4.91;9223136;44786436.000
04/15/2009;4.88;5.25;4.82;5.20;15314737;77933240.000
04/16/2009;5.08;5.22;4.98;5.05;10483816;53102360.000
04/17/2009;5.07;5.56;5.05;5.56;25289002;138063872.000
04/20/2009;5.70;6.12;5.67;6.12;22993531;137931808.000
04/21/2009;6.43;6.73;5.97;6.15;45486068;289990560.000
04/23/2009;5.54;5.93;5.54;5.78;20107116;113429176.000
04/24/2009;5.61;5.70;5.43;5.55;12071877;67069524.000
04/27/2009;5.62;5.62;5.06;5.08;10047538;52651976.000
04/28/2009;5.00;5.13;4.95;5.08;8559480;43067308.000
04/29/2009;5.09;5.30;5.02;5.25;8930754;46153100.000
04/30/2009;5.24;5.65;5.15;5.47;13883181;75199576.000
05/04/2009;5.38;5.70;5.30;5.61;10855942;60514904.000
05/05/2009;5.61;5.71;5.52;5.67;10434071;58625560.000
05/06/2009;5.68;5.94;5.61;5.91;12632585;72983320.000
05/07/2009;5.91;5.91;5.60;5.73;11079657;63451132.000
05/08/2009;5.70;5.71;5.51;5.62;7729637;43320596.000
05/11/2009;5.60;5.65;5.30;5.31;6576824;36170532.000
05/12/2009;5.25;5.55;5.22;5.52;3634335;19686902.000
05/13/2009;5.52;5.57;5.43;5.54;4041546;22277122.000
05/14/2009;5.49;5.58;5.37;5.54;4900305;26765290.000
05/15/2009;5.56;5.82;5.55;5.75;9420638;53490696.000
05/18/2009;5.71;5.75;5.50;5.69;6217177;34960964.000
05/19/2009;5.70;5.95;5.65;5.83;11107260;64492924.000
05/20/2009;5.88;5.91;5.69;5.70;7835055;45234652.000
05/21/2009;5.65;5.70;5.39;5.43;7377233;40699596.000
05/22/2009;5.46;5.55;5.42;5.49;3556819;19502082.000
05/25/2009;5.31;5.44;5.15;5.39;3910494;20719406.000
05/26/2009;5.40;5.67;5.40;5.50;5434452;30283228.000
05/27/2009;5.58;5.58;5.43;5.49;2969289;16297258.000
06/01/2009;5.53;5.56;5.46;5.53;4160863;22974424.000
06/02/2009;5.56;5.67;5.55;5.59;5767662;32310056.000
06/03/2009;5.60;5.75;5.57;5.70;7767170;44009076.000
06/04/2009;5.68;5.78;5.54;5.64;5606838;31673782.000
06/05/2009;5.64;5.70;5.49;5.55;5447207;30389006.000
06/08/2009;5.55;5.61;5.46;5.51;2958881;16364985.000
06/09/2009;5.48;5.57;5.35;5.55;4232363;23045854.000
06/10/2009;5.55;5.68;5.50;5.66;6482072;36320036.000
06/11/2009;5.65;5.74;5.58;5.67;7090797;40198992.000
06/12/2009;5.67;5.79;5.64;5.76;10871751;62142380.000
06/15/2009;5.79;6.20;5.78;6.12;22297633;134848848.000
06/16/2009;6.04;6.13;5.89;6.02;10524675;63075404.000
06/17/2009;6.03;6.17;5.91;6.05;8610440;51945064.000
06/18/2009;6.05;6.10;5.84;5.89;9016281;53157732.000
06/19/2009;5.88;5.88;5.70;5.77;7920537;45630548.000
06/22/2009;5.76;5.82;5.70;5.72;4967481;28580496.000
06/23/2009;5.67;5.76;5.58;5.70;5908801;33417794.000
06/24/2009;5.70;5.87;5.66;5.87;6287956;36322628.000
06/25/2009;5.86;5.87;5.70;5.72;4748702;27384064.000
06/26/2009;5.73;5.82;5.69;5.77;4276624;24701246.000
06/29/2009;5.74;5.77;5.66;5.67;5317088;30336722.000
06/30/2009;5.65;5.72;5.58;5.60;3630035;20476162.000
07/01/2009;5.60;5.67;5.59;5.66;3672094;20657666.000
07/02/2009;5.66;5.72;5.59;5.63;4226507;23819602.000
07/03/2009;5.63;5.76;5.61;5.72;4975015;28335650.000
07/06/2009;5.79;5.79;5.65;5.76;4623592;26391736.000
07/07/2009;5.71;5.85;5.69;5.81;7211855;41803468.000
07/08/2009;5.79;5.90;5.73;5.88;7476808;43526604.000
07/09/2009;5.90;5.99;5.81;5.97;8007722;47431984.000
07/10/2009;5.98;6.03;5.87;5.88;7501275;44640140.000
07/13/2009;5.88;5.98;5.85;5.92;7156575;42335500.000
07/14/2009;5.92;6.10;5.92;6.07;10110638;60952756.000
07/15/2009;6.06;6.07;5.98;6.03;8265259;49677860.000
07/16/2009;6.05;6.08;5.92;5.98;7596334;45473412.000
07/17/2009;5.98;6.17;5.96;6.12;11530468;70190728.000
07/20/2009;6.13;6.22;6.06;6.19;9973611;61354488.000
07/21/2009;6.15;6.18;5.85;5.91;9454340;56852320.000
07/22/2009;5.93;6.02;5.92;5.98;4599696;27437362.000
07/23/2009;5.99;6.03;5.91;6.02;5164728;30858796.000
07/24/2009;6.04;6.04;5.81;5.91;5612771;33228384.000
07/27/2009;5.92;6.02;5.90;6.02;5497501;32829846.000
07/28/2009;6.02;6.29;5.96;6.22;13422547;82608984.000
07/29/2009;6.25;6.25;5.60;5.69;9390593;56152140.000
07/30/2009;5.76;5.82;5.52;5.79;5667690;32235694.000
07/31/2009;5.78;6.04;5.78;5.97;6867300;40587060.000
08/03/2009;5.97;6.09;5.92;6.07;6891027;41509608.000
08/04/2009;6.08;6.10;5.92;6.10;7194046;43328860.000
08/05/2009;6.16;6.27;6.03;6.19;10877967;67155520.000
08/06/2009;6.13;6.20;5.96;6.06;7343316;44693864.000
08/07/2009;6.07;6.42;6.05;6.16;16827406;104685792.000
08/10/2009;6.28;6.45;6.17;6.38;14125562;89291592.000
08/11/2009;6.42;6.43;6.15;6.20;6933189;43334920.000
08/12/2009;6.18;6.20;5.66;5.72;7398383;43599188.000
08/13/2009;5.72;5.80;5.55;5.65;5345980;30168020.000
08/14/2009;5.66;5.75;5.10;5.22;6126135;33032896.000
08/17/2009;5.18;5.18;4.80;4.82;5510043;27518180.000
08/18/2009;4.74;4.99;4.74;4.95;3085518;15115602.000
08/19/2009;4.95;5.02;4.52;4.57;4114703;19835552.000
08/20/2009;4.58;4.79;4.58;4.78;3748550;17616294.000
08/21/2009;4.81;5.00;4.71;4.96;5126259;24927016.000
08/24/2009;4.96;5.04;4.89;5.01;4435509;22084358.000
08/25/2009;5.00;5.00;4.72;4.90;5104992;24794540.000
08/26/2009;4.92;5.12;4.82;5.09;4928124;24797234.000
08/27/2009;5.09;5.25;5.03;5.17;5054151;26042192.000
08/28/2009;5.17;5.17;4.94;5.03;4130940;20762322.000
08/31/2009;4.96;4.98;4.60;4.61;3570765;16964410.000
09/01/2009;4.61;4.73;4.56;4.66;2749364;12809412.000
09/02/2009;4.63;4.80;4.59;4.78;2601944;12221447.000
09/03/2009;4.75;4.96;4.70;4.93;3680973;17919620.000
09/07/2009;4.97;5.06;4.93;4.99;4338601;21689714.000
09/08/2009;4.98;5.04;4.90;5.03;3419829;17052172.000
09/09/2009;5.04;5.05;4.91;5.01;3224957;16044019.000
09/10/2009;5.02;5.05;4.90;5.00;3333703;16665899.000
09/11/2009;4.97;5.13;4.97;5.08;3792300;19234244.000
09/14/2009;5.11;5.27;5.06;5.20;5720309;29586654.000
09/15/2009;5.21;5.32;5.16;5.25;5986847;31466596.000
09/16/2009;5.25;5.56;5.20;5.50;13035864;70659560.000
09/17/2009;5.83;6.05;5.83;6.05;8105674;48785096.000
09/18/2009;6.59;6.59;6.02;6.18;46130190;294482752.000
09/21/2009;5.90;6.43;5.69;6.20;15336008;92669432.000
09/22/2009;6.07;6.19;5.81;5.82;7280592;43611500.000
09/23/2009;5.77;5.98;5.55;5.65;7126085;40986076.000
09/24/2009;5.51;5.62;5.30;5.46;6067550;33154958.000
09/25/2009;5.42;5.51;5.32;5.39;3810969;20681156.000
09/28/2009;5.46;5.55;5.17;5.19;2909154;15668678.000
09/29/2009;5.18;5.21;4.80;4.96;4739631;23579754.000
09/30/2009;5.05;5.11;4.97;5.00;3465571;17472750.000
10/09/2009;5.09;5.35;5.04;5.35;4603539;24089630.000
10/12/2009;5.38;5.58;5.26;5.46;5782594;31435644.000
10/13/2009;5.40;5.48;5.30;5.48;4579789;24593414.000
10/14/2009;5.47;5.56;5.41;5.46;5337227;29246762.000
10/15/2009;5.50;5.55;5.39;5.54;4742561;26012420.000
10/16/2009;5.55;5.58;5.40;5.50;4640539;25425750.000
10/19/2009;5.51;5.66;5.45;5.65;6001846;33420318.000
10/20/2009;5.63;5.80;5.60;5.74;6414453;36619032.000
10/21/2009;5.70;5.77;5.59;5.60;6134633;34735448.000
10/22/2009;5.58;5.74;5.50;5.73;7980343;44906684.000
10/23/2009;5.71;6.06;5.65;6.06;14185828;82957040.000
10/26/2009;6.07;6.16;5.81;5.83;9581388;56538024.000
10/27/2009;5.80;5.80;5.59;5.59;6024921;34261584.000
10/28/2009;5.55;5.75;5.53;5.71;5606555;31604052.000
10/29/2009;5.62;5.62;5.50;5.52;4996255;27721010.000
10/30/2009;5.60;5.65;5.52;5.52;3830151;21390904.000
11/02/2009;5.42;5.63;5.30;5.62;4610773;25385652.000
11/03/2009;5.62;5.78;5.58;5.76;6066076;34659736.000
11/04/2009;5.77;5.88;5.73;5.85;6740380;39226096.000
11/05/2009;5.85;5.94;5.75;5.91;6830590;39897788.000
11/06/2009;5.92;5.92;5.81;5.84;6959007;40872304.000
11/09/2009;5.85;5.91;5.79;5.88;5113713;29905210.000
11/10/2009;5.90;5.91;5.83;5.84;5021421;29470496.000
11/11/2009;5.84;6.00;5.75;5.99;7932244;46649544.000
11/12/2009;6.00;6.18;5.95;6.10;15787391;95419840.000
11/13/2009;6.05;6.15;5.94;6.09;8224141;49691596.000
11/16/2009;6.25;6.37;6.24;6.24;18494310;116285552.000
11/17/2009;6.21;6.28;6.15;6.23;8975106;55682524.000
11/18/2009;6.25;6.27;6.17;6.22;6790159;42156296.000
11/19/2009;6.21;6.47;6.18;6.40;11471895;72598216.000
11/20/2009;6.40;6.54;6.30;6.43;11657003;74837744.000
11/23/2009;6.41;6.67;6.37;6.62;12302892;79944136.000
11/24/2009;6.60;6.76;6.05;6.12;14610512;94775168.000
11/25/2009;6.08;6.41;6.08;6.40;8861286;55516280.000
11/26/2009;6.40;6.60;6.15;6.32;13539831;85988592.000
11/27/2009;6.20;6.47;6.11;6.13;10219973;64347644.000
11/30/2009;6.14;6.35;6.14;6.33;7530673;47195688.000
12/01/2009;6.33;6.58;6.30;6.52;10297372;66371316.000
12/02/2009;6.52;6.83;6.50;6.78;16980029;113612448.000
12/03/2009;6.69;6.81;6.60;6.81;11613296;78068616.000
12/04/2009;6.79;6.85;6.30;6.43;13203485;86359576.000
12/07/2009;6.37;6.68;6.35;6.68;7860544;51378808.000
12/08/2009;7.00;7.15;6.77;6.80;29129538;201849840.000
12/09/2009;6.66;6.73;6.48;6.57;10662520;70300008.000
12/10/2009;6.57;6.65;6.46;6.58;6143530;40281712.000
12/11/2009;6.59;6.63;6.46;6.51;5643185;36955524.000
12/14/2009;6.51;6.55;6.22;6.40;5723029;36376352.000
12/15/2009;6.42;6.48;6.36;6.46;3976195;25586984.000
12/16/2009;6.46;6.58;6.44;6.55;6294499;41042040.000
12/17/2009;6.56;6.57;6.28;6.28;4557470;29090742.000
12/18/2009;6.17;6.26;5.99;6.01;4527271;27728416.000
12/21/2009;6.01;6.15;6.01;6.12;3401205;20706386.000
12/22/2009;6.13;6.24;6.05;6.05;4091879;25094134.000
12/23/2009;6.05;6.35;6.01;6.31;6089302;37896112.000
12/24/2009;6.31;6.56;6.26;6.51;9586205;61355552.000
12/25/2009;6.45;6.73;6.37;6.64;13032712;85706304.000
12/28/2009;6.63;6.70;6.56;6.65;10371571;68817720.000
12/29/2009;6.63;6.68;6.46;6.57;6387074;41941352.000
12/30/2009;6.61;6.61;6.35;6.42;6317537;40769852.000
12/31/2009;6.41;6.56;6.37;6.52;4923785;32024124.000
01/04/2010;6.52;6.70;6.52;6.62;6921268;45751232.000
01/05/2010;6.62;6.85;6.58;6.75;13297487;89769584.000
01/06/2010;6.70;6.80;6.61;6.63;7868035;52644960.000
01/07/2010;6.56;6.63;6.28;6.33;6854108;44286792.000
01/08/2010;6.31;6.65;6.31;6.60;6982421;45418084.000
01/11/2010;6.65;6.95;6.56;6.78;16066314;109311704.000
01/12/2010;6.75;6.97;6.68;6.89;15626522;107615008.000
01/13/2010;6.78;7.18;6.68;7.04;18721277;131758984.000
01/14/2010;7.11;7.53;7.06;7.28;21378280;154809248.000
01/15/2010;7.27;7.33;7.10;7.18;12252737;87881120.000
01/18/2010;7.18;7.30;7.10;7.24;8337602;60032864.000
01/19/2010;7.20;7.23;7.00;7.11;9505400;67495304.000
01/20/2010;7.11;7.15;6.77;6.81;9081530;63388524.000
01/21/2010;6.76;6.97;6.76;6.86;4268397;29344852.000
01/22/2010;6.79;6.86;6.40;6.58;6249243;41390744.000
01/25/2010;6.51;6.70;6.51;6.60;3354425;22211314.000
01/26/2010;6.61;6.67;6.23;6.35;4068279;26192936.000
01/27/2010;6.35;6.39;6.18;6.25;3161919;19894008.000
01/28/2010;6.25;6.35;6.19;6.34;2854027;17927062.000
01/29/2010;6.26;6.45;6.21;6.31;3704169;23562114.000
02/01/2010;6.30;6.30;6.02;6.15;3852919;23623334.000
02/02/2010;6.17;6.27;6.15;6.19;3257868;20231908.000
02/03/2010;6.21;6.35;6.04;6.33;3293818;20486700.000
02/04/2010;6.32;6.48;6.26;6.42;3813981;24471722.000
02/05/2010;6.30;6.45;6.22;6.29;3222268;20352502.000
02/08/2010;6.29;6.38;6.23;6.34;2633940;16595262.000
02/09/2010;6.33;6.40;6.27;6.31;2523036;15991501.000
02/10/2010;6.34;6.36;6.25;6.34;2250013;14171342.000
02/11/2010;6.35;6.45;6.27;6.30;1972024;12504779.000
02/12/2010;6.34;6.36;6.29;6.32;2310978;14599629.000
02/22/2010;6.30;6.41;6.28;6.35;2476122;15736377.000
02/23/2010;6.31;6.37;6.18;6.36;3743554;23440870.000
02/24/2010;6.30;6.54;6.30;6.52;4988776;32210604.000
02/25/2010;6.54;6.95;6.48;6.79;11851027;79605304.000
02/26/2010;6.73;6.95;6.70;6.81;11251776;77065248.000
03/01/2010;6.81;6.91;6.72;6.87;11527925;78762968.000
03/02/2010;6.85;6.98;6.74;6.93;9285913;63772320.000
03/03/2010;6.91;7.04;6.84;6.98;8886420;61842196.000
03/04/2010;7.00;7.06;6.60;6.65;7925693;54189320.000
03/05/2010;6.66;6.81;6.56;6.73;5539107;37180644.000
03/08/2010;6.75;6.83;6.68;6.75;3447099;23350244.000
03/09/2010;6.76;6.79;6.65;6.71;4086525;27400516.000
03/10/2010;6.72;6.78;6.58;6.65;3481692;23278872.000
03/11/2010;6.67;6.70;6.51;6.59;3054879;20154158.000
03/12/2010;6.62;6.63;6.43;6.44;3316749;21662372.000
03/15/2010;6.41;6.44;6.30;6.37;2749177;17450968.000
03/16/2010;6.36;6.59;6.35;6.59;3875530;25051150.000
03/17/2010;6.59;6.78;6.56;6.73;5453103;36496292.000
03/18/2010;6.70;7.00;6.68;6.80;8477607;58012344.000
03/19/2010;6.80;6.90;6.72;6.82;5529459;37685016.000
03/22/2010;6.82;6.99;6.77;6.94;7184309;49678592.000
03/23/2010;6.94;7.18;6.77;7.03;12742600;89268832.000
