002299 圣农发展 日线
      日期	    开盘	    最高	    最低	    收盘	    成交量	    成交额
10/21/2009;27.40;27.80;26.23;26.25;21884443;593695360.000
10/22/2009;26.01;28.50;25.80;28.39;15902598;430918240.000
10/23/2009;27.71;28.08;27.18;27.47;11731281;324209280.000
10/26/2009;27.29;27.40;26.35;26.60;5692261;151767648.000
10/27/2009;26.48;27.17;25.90;26.66;5496975;145888336.000
10/28/2009;26.30;27.15;26.03;27.06;4671504;124453496.000
10/29/2009;26.70;26.77;25.60;25.61;4381506;114410528.000
10/30/2009;25.99;26.48;25.26;25.60;5758326;148956816.000
11/02/2009;24.93;25.78;24.80;25.51;4013602;101361328.000
11/03/2009;25.48;25.90;25.35;25.62;3494535;89492208.000
11/04/2009;25.62;25.89;25.35;25.48;3272874;83920024.000
11/05/2009;25.58;25.88;25.30;25.80;3510270;89770960.000
11/06/2009;25.88;25.92;25.65;25.67;2910970;74983912.000
11/09/2009;25.55;25.88;25.30;25.88;3056649;78115120.000
11/10/2009;25.99;26.09;25.72;25.74;2871789;74358704.000
11/11/2009;25.70;25.70;25.25;25.40;2118512;53794512.000
11/12/2009;25.40;25.63;25.31;25.38;1796523;45806992.000
11/13/2009;25.50;25.90;25.38;25.86;2692328;69079408.000
11/16/2009;25.85;26.35;25.74;26.23;4110963;107254744.000
11/17/2009;26.23;26.24;25.80;25.98;2884551;74849592.000
11/18/2009;26.00;26.07;25.76;25.99;2611806;67654376.000
11/19/2009;26.04;26.60;25.92;26.41;4251194;111747024.000
11/23/2009;26.39;27.38;26.39;27.20;5212327;140279648.000
11/24/2009;27.27;27.30;25.40;25.50;4900025;129667648.000
11/25/2009;25.40;26.49;25.34;26.30;3267847;84895328.000
11/26/2009;26.35;26.39;25.30;25.34;3580449;92247944.000
11/27/2009;25.37;26.23;25.35;26.05;4176337;107622464.000
11/30/2009;26.12;26.78;25.81;26.69;3898709;102687208.000
12/01/2009;26.68;26.77;26.20;26.70;3548272;93904384.000
12/02/2009;26.79;26.92;26.41;26.55;3908909;104220280.000
12/03/2009;26.60;27.68;26.43;27.32;6515427;177773504.000
12/04/2009;27.30;27.30;25.52;26.22;5207550;138045328.000
12/07/2009;26.10;26.67;26.00;26.29;2518559;66441148.000
12/08/2009;26.30;26.45;25.55;25.99;2500534;64829892.000
12/09/2009;25.90;26.35;25.61;26.10;2137512;55796408.000
12/10/2009;26.13;26.43;26.10;26.31;1820915;47863800.000
12/11/2009;26.42;26.80;26.20;26.26;2081929;55146360.000
12/14/2009;26.19;26.36;25.51;25.88;1646814;42461652.000
12/15/2009;25.88;26.24;25.71;25.98;1250204;32422948.000
12/16/2009;25.98;26.15;25.55;25.69;1646775;42393376.000
12/17/2009;25.65;25.84;24.81;24.81;1942871;48860888.000
12/18/2009;24.85;24.94;23.74;23.74;1588115;38411472.000
12/21/2009;23.91;24.49;23.60;24.31;1326719;32033630.000
12/22/2009;24.11;24.38;23.58;23.78;1042445;24939914.000
12/23/2009;23.87;24.35;23.63;24.25;1108784;26610826.000
12/24/2009;24.10;24.88;24.10;24.64;1435873;35226780.000
12/25/2009;24.60;24.60;24.21;24.40;1103535;26879898.000
12/28/2009;24.40;24.86;24.29;24.74;1213709;29910700.000
12/30/2009;25.03;25.43;24.88;24.90;2281041;57285572.000
12/31/2009;24.68;25.07;24.68;25.03;1101232;27456976.000
01/04/2010;25.36;26.98;25.36;25.75;4319131;112682360.000
01/05/2010;25.70;26.32;25.41;26.25;2767920;71867696.000
01/06/2010;26.46;26.46;25.71;26.10;1596351;41598580.000
01/07/2010;26.10;26.20;25.42;25.51;1568890;40354080.000
01/08/2010;25.58;26.19;25.31;26.00;1636328;42185392.000
01/11/2010;26.00;26.38;25.42;26.06;1668183;43020820.000
01/12/2010;26.00;27.25;25.68;27.10;5423993;145197216.000
01/13/2010;26.50;29.80;26.40;28.60;8134505;227180112.000
01/14/2010;28.25;29.20;27.60;29.00;5468884;155868480.000
01/15/2010;28.95;29.24;27.81;28.12;3093876;87588672.000
01/18/2010;27.88;28.53;27.63;28.43;2612358;73679240.000
01/19/2010;28.40;28.43;27.53;27.80;2047431;57147676.000
01/20/2010;27.89;28.30;26.67;26.78;2331505;64274684.000
01/21/2010;26.45;27.25;25.82;26.94;6302325;166417408.000
01/22/2010;26.40;27.80;26.35;27.16;5971758;162918320.000
01/25/2010;27.50;27.71;26.20;26.43;2677423;71748104.000
01/26/2010;26.40;26.70;25.91;26.49;2022049;53337224.000
01/27/2010;26.52;27.41;26.21;26.83;3047536;82158024.000
01/28/2010;26.77;27.36;26.40;27.12;2440861;65993444.000
01/29/2010;27.00;28.12;26.78;27.85;4435074;122412952.000
02/01/2010;28.08;28.20;26.55;26.68;2943236;80354016.000
02/02/2010;26.90;27.35;26.38;27.17;2572439;69644096.000
02/03/2010;27.20;27.94;26.56;27.80;3112495;85277568.000
02/04/2010;27.60;28.10;27.40;27.76;2672297;73963176.000
02/05/2010;27.00;27.75;26.53;27.14;2329393;63083384.000
02/08/2010;27.88;28.60;27.61;27.73;4106420;115227912.000
02/09/2010;27.97;27.98;26.34;26.80;2625918;70516560.000
02/10/2010;26.70;26.98;25.86;26.35;2148416;56406372.000
02/11/2010;26.26;26.35;25.36;25.69;2118980;54564960.000
02/12/2010;25.85;26.25;25.70;26.03;892598;23210564.000
02/22/2010;26.08;26.59;26.03;26.40;1121143;29648258.000
02/23/2010;26.40;26.60;25.74;26.13;949400;24635236.000
02/24/2010;26.15;27.35;25.80;27.02;2965670;79433352.000
02/25/2010;26.98;28.12;26.80;28.00;3431606;95078696.000
02/26/2010;28.00;28.26;27.45;27.78;1762200;48809844.000
03/01/2010;27.90;28.28;27.63;28.10;2499895;70205376.000
03/02/2010;28.10;28.10;27.68;27.91;1889039;52582592.000
03/03/2010;27.78;29.25;27.41;28.68;6365722;180936208.000
03/04/2010;28.80;28.80;26.80;26.92;2650545;73803784.000
03/05/2010;27.28;27.48;26.55;27.10;1818549;48899336.000
03/08/2010;27.10;27.83;26.70;27.83;1879032;51783432.000
03/09/2010;27.71;28.39;27.55;28.31;2404353;67317664.000
03/10/2010;28.30;28.58;27.43;27.80;3159083;88780304.000
03/11/2010;27.78;28.39;27.61;28.36;2059174;57856280.000
03/12/2010;28.36;29.05;27.70;28.00;3654648;104395224.000
03/15/2010;27.75;27.98;27.07;27.12;1331992;36497356.000
03/16/2010;27.17;28.00;27.17;27.90;1539592;42770796.000
03/17/2010;28.12;28.58;27.64;28.48;1663308;46917172.000
03/18/2010;28.35;28.60;28.00;28.44;1223472;34546356.000
03/19/2010;28.20;28.80;28.11;28.75;1001561;28509128.000
03/22/2010;28.75;29.17;28.55;28.67;1738008;50106592.000
03/23/2010;28.55;29.39;28.55;29.28;2153800;62563792.000
