002365 永安药业 日线
      日期	    开盘	    最高	    最低	    收盘	    成交量	    成交额
03/05/2010;45.00;46.00;43.05;43.55;13764610;607346368.000
03/08/2010;45.21;45.99;43.68;43.95;7667706;343312224.000
03/09/2010;42.80;44.49;41.10;44.06;7179438;304698912.000
03/10/2010;43.30;43.79;42.40;42.63;3110275;134115376.000
03/11/2010;42.60;43.55;41.44;42.85;4090346;174100832.000
03/12/2010;42.38;43.88;41.68;43.12;4328369;186173856.000
03/15/2010;42.90;43.04;41.92;42.13;1915656;81022944.000
03/16/2010;41.85;42.30;39.88;40.80;3272043;134218480.000
03/17/2010;40.90;41.75;40.50;41.35;2854906;117478504.000
03/18/2010;41.29;41.34;40.00;40.50;2224604;90763704.000
03/19/2010;40.38;40.96;40.32;40.60;1366745;55494896.000
03/22/2010;40.50;41.34;40.41;41.07;1643378;67317016.000
03/23/2010;41.10;41.19;40.33;40.51;1380700;56108880.000
