002360 同德化工 日线
      日期	    开盘	    最高	    最低	    收盘	    成交量	    成交额
03/03/2010;35.90;39.80;35.90;38.89;10119403;381199776.000
03/04/2010;37.53;41.00;36.70;39.20;7230440;276997760.000
03/05/2010;37.60;38.30;37.11;37.29;3457699;129859296.000
03/08/2010;37.20;37.76;36.02;37.15;2130133;78547248.000
03/09/2010;36.95;37.90;36.51;37.86;2079885;77909800.000
03/10/2010;37.86;39.79;37.60;38.95;3299486;128144216.000
03/11/2010;38.58;42.20;38.22;40.80;4123564;165291376.000
03/12/2010;40.50;41.88;39.01;39.18;3444163;138600208.000
03/15/2010;38.80;39.49;37.54;38.33;1755819;67571232.000
03/16/2010;38.00;38.58;36.90;37.80;1772517;66771744.000
03/17/2010;37.84;38.88;37.60;38.58;1531770;58619988.000
03/18/2010;38.60;38.61;37.60;38.08;1466179;55647908.000
03/19/2010;37.98;38.45;37.67;38.30;1119880;42760080.000
03/22/2010;38.36;38.40;37.44;37.66;1484125;55933848.000
03/23/2010;37.66;37.93;37.07;37.45;1199600;44851744.000
