002245 澳洋顺昌 日线
      日期	    开盘	    最高	    最低	    收盘	    成交量	    成交额
06/05/2008;10.98;12.41;10.97;11.22;9775393;224769808.000
06/06/2008;10.47;10.72;10.14;10.14;4376648;90866656.000
06/10/2008;9.43;9.65;9.12;9.12;2536222;47415940.000
06/11/2008;8.98;9.37;8.88;9.23;1508294;27613130.000
06/12/2008;9.21;9.21;8.62;9.04;1397701;25110610.000
06/13/2008;8.94;9.10;8.62;8.62;961897;16952972.000
06/16/2008;8.65;9.48;8.65;9.44;3342142;62043864.000
06/17/2008;9.14;9.37;8.70;8.91;1873009;34059468.000
06/18/2008;8.86;9.48;8.37;9.46;2223823;40155448.000
06/19/2008;9.22;9.56;8.51;8.51;1977085;36001476.000
06/20/2008;8.57;8.91;7.78;8.32;1707113;28686504.000
06/23/2008;8.32;8.44;7.92;7.97;839866;13696583.000
06/24/2008;7.82;8.26;7.79;8.10;669935;10847757.000
06/25/2008;8.00;8.57;8.00;8.42;811392;13571689.000
06/26/2008;8.40;8.67;8.30;8.44;873500;14879112.000
06/27/2008;8.09;8.19;7.72;7.84;943419;15062841.000
06/30/2008;7.80;8.01;7.67;7.98;601399;9512310.000
07/01/2008;7.98;8.07;7.80;7.94;429943;6876473.000
07/02/2008;7.96;8.12;7.89;7.99;325607;5244682.500
07/03/2008;7.92;8.36;7.82;8.20;874105;14347669.000
07/07/2008;8.20;8.60;8.20;8.52;918730;15625312.000
07/08/2008;8.56;8.72;8.34;8.57;944156;16209134.000
07/09/2008;8.61;8.80;8.57;8.71;1162720;20243634.000
07/10/2008;8.53;8.71;8.52;8.52;781444;13503505.000
07/11/2008;8.47;8.50;8.17;8.28;626529;10453373.000
07/14/2008;8.28;8.75;8.25;8.72;680160;11653572.000
07/15/2008;8.94;9.45;8.89;9.16;2599859;47960696.000
07/16/2008;9.02;9.45;8.72;9.39;2338558;43408692.000
07/17/2008;9.47;9.65;8.98;9.02;1596412;29707592.000
07/18/2008;9.06;9.15;8.53;8.99;1425077;25344652.000
07/21/2008;8.91;9.32;8.80;9.22;913128;16768966.000
07/22/2008;9.22;9.28;9.06;9.18;687630;12614170.000
07/23/2008;9.19;9.32;8.99;9.01;614812;11297128.000
07/24/2008;9.14;9.31;9.02;9.20;643723;11861283.000
07/25/2008;9.15;9.64;9.06;9.52;1383182;26299784.000
07/28/2008;9.53;9.60;9.32;9.39;812651;15419486.000
07/29/2008;9.37;9.67;9.30;9.45;895565;17056276.000
07/30/2008;9.54;9.96;9.45;9.84;1402583;27479064.000
07/31/2008;9.77;9.82;9.32;9.35;815625;15585056.000
08/01/2008;9.30;9.58;9.03;9.44;1037577;19283440.000
08/04/2008;9.38;9.57;9.16;9.31;431210;8117689.000
08/05/2008;9.26;9.40;9.03;9.04;402699;7458425.500
08/06/2008;9.11;9.15;8.72;8.86;574733;10298696.000
08/07/2008;8.88;9.03;8.60;8.85;593440;10438834.000
08/08/2008;8.77;8.90;8.23;8.26;661750;11338595.000
08/11/2008;8.22;8.40;7.58;7.67;783347;12402706.000
08/13/2008;7.67;7.90;7.35;7.84;499037;7576116.000
08/14/2008;7.81;7.88;7.47;7.84;324997;5052536.500
08/15/2008;7.78;7.91;7.66;7.79;244490;3828973.000
08/18/2008;7.72;7.78;7.32;7.37;297498;4477963.000
08/19/2008;7.37;7.66;7.37;7.61;327480;4971020.500
08/20/2008;7.39;8.27;7.38;8.22;615679;9862665.000
08/21/2008;8.05;8.12;7.79;7.85;376475;6003080.500
08/22/2008;7.83;8.19;7.72;8.16;458165;7342072.000
08/25/2008;8.05;8.15;7.79;7.93;431697;6894123.000
08/26/2008;7.78;7.84;7.38;7.41;418498;6338652.500
08/27/2008;7.32;7.56;7.17;7.34;226330;3335020.750
08/28/2008;7.34;7.45;7.22;7.27;168191;2472759.250
08/29/2008;7.34;7.54;7.27;7.51;260199;3887054.000
09/01/2008;7.46;7.46;7.10;7.19;205715;2991299.250
09/02/2008;7.19;7.28;7.11;7.22;146640;2124982.000
09/03/2008;7.23;7.26;7.04;7.09;209381;2989943.750
09/04/2008;7.07;7.26;7.06;7.16;228501;3291788.750
09/05/2008;6.77;6.94;6.52;6.54;1732318;23311448.000
09/08/2008;6.51;6.51;5.96;5.96;1029692;12758664.000
09/09/2008;5.98;6.14;5.77;6.04;727446;8753874.000
09/10/2008;5.99;6.20;5.87;6.05;419552;5115762.500
09/11/2008;5.94;6.06;5.91;5.91;316268;3787591.000
09/12/2008;5.90;6.07;5.89;6.02;254365;3054925.750
09/16/2008;5.97;6.04;5.79;5.85;452232;5380639.500
09/17/2008;5.87;6.01;5.85;5.89;387956;4623024.000
09/18/2008;5.79;5.84;5.47;5.70;751324;8536351.000
09/19/2008;6.22;6.28;6.09;6.28;1076567;13507055.000
09/22/2008;6.72;6.85;6.28;6.49;1735976;22976746.000
09/23/2008;6.24;6.29;6.05;6.05;729273;9011247.000
09/24/2008;5.97;6.14;5.92;6.14;361971;4391469.000
09/25/2008;6.06;6.40;6.06;6.26;686622;8614305.000
09/26/2008;6.31;6.32;6.11;6.21;577349;7205198.000
10/06/2008;6.09;6.09;5.86;5.86;519187;6199438.500
10/07/2008;5.73;5.85;5.62;5.77;424710;4874487.500
10/08/2008;5.67;5.72;5.53;5.63;282234;3202305.750
10/09/2008;5.72;5.72;5.57;5.62;286666;3261631.750
10/10/2008;5.46;5.46;5.22;5.22;373968;4003875.750
10/13/2008;5.12;5.31;4.93;5.31;461929;4712449.000
10/14/2008;5.47;5.54;5.03;5.03;381331;4086789.500
10/15/2008;5.07;5.07;4.92;4.98;332129;3330490.750
10/16/2008;4.82;4.82;4.62;4.62;331254;3146429.750
10/17/2008;4.67;4.74;4.60;4.69;258291;2427947.500
10/20/2008;4.70;4.91;4.63;4.86;249967;2406542.500
10/21/2008;4.91;5.05;4.81;4.90;473902;4717680.000
10/22/2008;4.79;4.99;4.77;4.85;238493;2341354.250
10/23/2008;4.72;4.96;4.67;4.92;271514;2627855.000
10/24/2008;4.89;5.03;4.87;4.92;361415;3606703.250
10/27/2008;4.97;4.97;4.56;4.56;292700;2777265.000
10/28/2008;4.51;4.74;4.42;4.69;335450;3120262.250
10/29/2008;4.72;4.86;4.67;4.68;396290;3789836.750
10/30/2008;4.69;4.91;4.69;4.82;657090;6368559.000
10/31/2008;4.84;4.85;4.60;4.62;387500;3697332.250
11/03/2008;4.58;4.68;4.57;4.58;170819;1584436.500
11/04/2008;4.59;4.62;4.47;4.50;186064;1698756.875
11/05/2008;4.54;4.70;4.54;4.68;379297;3546057.750
11/06/2008;4.57;4.59;4.52;4.57;254773;2337964.000
11/07/2008;4.52;4.68;4.51;4.66;326236;3030692.000
11/10/2008;4.74;5.01;4.70;4.99;714494;7049473.500
11/11/2008;4.99;5.03;4.89;4.92;642871;6427412.500
11/12/2008;4.91;5.30;4.87;5.26;787720;8083571.500
11/13/2008;5.12;5.59;5.12;5.56;1618764;17758378.000
11/14/2008;5.64;5.70;5.41;5.69;1424308;15943885.000
11/17/2008;5.63;5.87;5.52;5.87;1319810;15263381.000
11/18/2008;5.86;6.02;5.32;5.34;1588870;18221166.000
11/19/2008;5.32;5.85;5.32;5.84;1023099;11505583.000
11/20/2008;5.71;6.17;5.64;5.84;1227891;14560757.000
11/21/2008;5.69;5.94;5.45;5.80;1198979;13698150.000
11/24/2008;5.80;6.01;5.69;5.69;1035761;12261260.000
11/25/2008;5.82;5.91;5.47;5.59;688003;7782522.000
11/26/2008;5.60;5.64;5.48;5.53;381044;4255701.500
11/27/2008;5.94;5.94;5.68;5.68;1294402;15113123.000
11/28/2008;5.70;5.87;5.65;5.76;850733;9872138.000
12/01/2008;5.82;6.29;5.74;6.27;1801132;22024476.000
12/02/2008;6.12;6.41;6.06;6.18;1500357;18782330.000
12/03/2008;6.32;6.62;6.27;6.57;1386474;18089408.000
12/04/2008;6.67;6.82;6.38;6.39;2010686;26736626.000
12/05/2008;6.43;7.04;6.43;7.04;2416566;33659728.000
12/08/2008;7.44;7.57;7.14;7.39;3375011;49804444.000
12/09/2008;7.36;7.36;7.02;7.14;1641381;23648564.000
12/10/2008;7.21;7.82;7.07;7.72;2134333;32246650.000
12/11/2008;7.67;7.72;7.42;7.42;1669498;25315746.000
12/12/2008;7.39;7.39;6.87;6.99;1408038;20024560.000
12/15/2008;7.09;7.24;6.84;7.09;863543;12284000.000
12/16/2008;7.00;7.32;6.82;7.30;1060293;14968487.000
12/17/2008;7.34;7.55;7.23;7.27;1021779;15185642.000
12/18/2008;7.19;7.44;7.07;7.38;695209;10185388.000
12/19/2008;7.38;7.69;7.31;7.53;1149743;17518534.000
12/22/2008;7.58;8.29;7.57;8.29;2453494;39648304.000
12/23/2008;8.36;8.36;7.46;7.47;2390361;38214552.000
12/24/2008;7.37;7.42;6.93;7.27;1303641;18939364.000
12/25/2008;7.28;8.00;7.17;7.68;1763661;26922832.000
12/26/2008;7.86;8.09;7.71;7.72;1414180;22424352.000
12/29/2008;7.36;7.97;7.36;7.88;982760;15061035.000
12/30/2008;7.77;8.27;7.77;8.19;1715997;27845258.000
12/31/2008;8.22;8.31;7.94;7.96;1311570;21413332.000
01/05/2009;8.07;8.26;7.92;8.22;1332865;21779118.000
01/06/2009;8.16;8.35;8.02;8.27;1581541;25970532.000
01/07/2009;8.22;8.27;8.06;8.07;1295513;21148248.000
01/08/2009;7.91;8.46;7.87;8.46;1865484;30571678.000
01/09/2009;8.44;8.94;8.33;8.72;2026106;35603612.000
01/12/2009;8.81;9.20;8.72;8.73;1822336;32794660.000
01/13/2009;8.57;8.97;8.38;8.48;1192593;20702672.000
01/14/2009;8.43;9.21;8.43;9.17;1666903;29893204.000
01/15/2009;9.10;9.32;8.85;8.97;1301807;23667270.000
01/16/2009;9.08;9.19;8.87;8.99;1108386;19954360.000
01/19/2009;8.42;8.61;8.10;8.15;4237404;69882272.000
01/20/2009;8.05;8.30;7.93;8.23;1728736;28368492.000
01/21/2009;8.13;8.26;8.01;8.07;1306484;21313732.000
01/22/2009;8.11;8.21;8.00;8.19;1207190;19605452.000
01/23/2009;8.12;8.23;8.07;8.07;807659;13176241.000
02/02/2009;8.12;8.36;8.09;8.33;1098277;18181464.000
02/03/2009;8.34;8.44;8.30;8.40;1357018;22775986.000
02/04/2009;8.45;8.93;8.38;8.80;2659789;46431504.000
02/06/2009;8.60;8.97;8.60;8.94;2391282;42240160.000
02/09/2009;8.94;9.07;8.69;8.90;2078468;36973176.000
02/10/2009;8.90;9.10;8.80;8.97;1678427;30068422.000
02/11/2009;8.85;8.96;8.72;8.77;1954455;34617624.000
02/12/2009;8.73;8.87;8.24;8.52;1843717;31527426.000
02/13/2009;8.52;8.78;8.40;8.77;1625328;28040720.000
02/16/2009;8.78;9.35;8.78;9.35;3531954;64547092.000
02/17/2009;9.35;9.36;8.87;8.89;2105782;38386880.000
02/18/2009;8.53;8.71;8.13;8.26;2081983;35275416.000
02/19/2009;8.12;8.67;8.12;8.47;1222507;20692706.000
02/20/2009;8.60;9.31;8.39;8.94;2420464;43053924.000
02/23/2009;8.95;9.07;8.66;9.02;1834661;32741642.000
02/24/2009;8.87;9.62;8.75;9.49;4457474;83025560.000
02/25/2009;9.60;10.44;9.60;10.44;6087799;122548024.000
02/26/2009;10.32;10.41;9.40;9.40;3203701;63704404.000
02/27/2009;8.82;8.82;8.45;8.45;1924428;32797402.000
03/02/2009;8.32;8.46;7.97;8.35;1244650;20552236.000
03/03/2009;8.17;8.52;7.77;8.41;1805967;29326790.000
03/04/2009;8.30;9.21;8.24;8.94;1842403;32182830.000
03/05/2009;8.96;9.21;8.60;8.83;2098209;37325360.000
03/06/2009;8.61;8.81;8.52;8.55;1154206;19996500.000
03/09/2009;8.56;8.72;8.16;8.20;1040072;17552086.000
03/10/2009;8.06;8.37;7.97;8.36;628774;10389602.000
03/11/2009;8.45;8.77;8.34;8.34;897692;15344819.000
03/12/2009;8.24;8.44;8.02;8.35;550090;9075088.000
03/13/2009;8.27;8.40;8.23;8.23;491292;8190270.500
03/16/2009;8.27;8.35;8.14;8.31;421969;6977974.500
03/17/2009;8.35;8.69;8.32;8.64;1074298;18497738.000
03/18/2009;8.78;8.90;8.65;8.72;1170931;20632202.000
03/19/2009;8.71;9.14;8.64;9.12;1511236;26977452.000
03/20/2009;9.11;9.11;8.80;8.86;1160419;20728128.000
03/23/2009;8.86;9.10;8.86;8.92;992273;17884330.000
03/24/2009;8.95;9.22;8.90;9.13;1480514;26945156.000
03/25/2009;9.08;9.13;8.77;8.77;1114538;20065038.000
03/26/2009;8.63;9.06;8.56;9.02;1058003;18752566.000
03/27/2009;9.05;9.66;9.02;9.31;2672932;50383216.000
03/30/2009;9.27;9.64;9.27;9.47;1247453;23724896.000
03/31/2009;9.41;9.49;9.12;9.47;939014;17614130.000
04/01/2009;9.52;9.74;9.35;9.63;1441865;27567042.000
04/02/2009;9.65;9.72;9.52;9.52;1379943;26593722.000
04/03/2009;9.53;10.16;9.42;10.02;2247898;44352144.000
04/07/2009;10.07;11.02;10.06;10.89;2388867;51661984.000
04/08/2009;10.72;10.98;10.44;10.56;1634806;35080668.000
04/09/2009;10.51;11.37;10.11;11.22;1834897;39029364.000
04/10/2009;11.07;11.66;10.83;11.40;1841737;42420312.000
04/13/2009;11.52;12.41;11.47;12.41;2006624;48758144.000
04/14/2009;12.36;13.46;12.10;13.36;2249380;57790068.000
04/15/2009;13.07;13.86;12.86;12.91;2368391;63220728.000
04/17/2009;12.23;12.27;11.61;11.87;2537966;60540504.000
04/20/2009;12.72;13.06;12.23;13.06;2985933;77188976.000
04/21/2009;13.25;13.44;12.37;12.77;2597983;66874084.000
04/22/2009;12.77;12.85;11.82;11.91;1614228;39740360.000
04/23/2009;11.82;12.36;11.44;12.22;1140835;27529250.000
04/24/2009;12.10;12.32;11.68;11.71;925867;22155742.000
04/27/2009;11.71;11.80;10.67;10.81;1191567;26539326.000
04/28/2009;10.81;11.52;10.75;11.22;1134435;25624158.000
04/29/2009;10.52;10.96;10.23;10.87;2247246;47753664.000
04/30/2009;10.72;11.06;10.48;10.85;1347939;29114574.000
05/04/2009;11.03;11.36;10.78;11.31;1260979;28135192.000
05/05/2009;11.29;11.88;11.22;11.77;1440340;33621868.000
05/06/2009;11.58;11.87;11.58;11.74;1060736;25064220.000
05/07/2009;11.76;11.82;11.12;11.30;1347319;30802852.000
05/08/2009;11.29;11.29;10.82;11.03;1017469;22492544.000
05/11/2009;11.02;11.21;10.73;10.73;774897;16946822.000
05/12/2009;10.57;11.28;10.57;11.23;825626;18110938.000
05/13/2009;11.24;11.46;11.13;11.27;878685;19957376.000
05/14/2009;11.22;11.61;11.15;11.44;876501;20119724.000
05/15/2009;11.47;11.94;11.47;11.81;1403302;33278172.000
05/18/2009;11.59;11.79;11.52;11.74;733678;17154216.000
05/19/2009;11.78;11.90;11.61;11.74;687008;16154744.000
05/20/2009;11.65;12.91;11.65;12.76;2810267;70716392.000
05/21/2009;12.47;13.45;12.47;13.11;2507009;65848068.000
05/22/2009;13.06;13.39;12.62;12.74;1149294;29663744.000
05/25/2009;12.62;12.63;11.98;12.25;947980;23249672.000
05/26/2009;12.25;12.66;12.03;12.03;814075;20144002.000
06/01/2009;12.09;12.44;12.03;12.13;892936;21841136.000
06/02/2009;12.27;12.27;11.72;11.86;1074684;25531530.000
06/03/2009;11.86;12.62;11.86;12.49;1334281;33149682.000
06/04/2009;12.42;12.42;11.96;12.02;824703;19966044.000
06/05/2009;12.02;12.44;12.02;12.15;534563;13084401.000
06/08/2009;12.31;12.90;12.30;12.59;1220921;30935202.000
06/09/2009;12.52;12.57;12.06;12.44;554887;13656582.000
06/10/2009;12.43;12.76;12.42;12.53;777655;19636858.000
06/11/2009;12.71;12.87;12.49;12.62;857063;21767560.000
06/12/2009;12.81;12.81;12.17;12.26;781464;19390632.000
06/15/2009;12.26;12.70;12.15;12.69;722824;18096324.000
06/16/2009;12.77;13.19;12.70;13.04;1831241;47887568.000
06/17/2009;12.77;13.05;12.72;12.94;888878;22909272.000
06/18/2009;12.87;13.03;12.62;12.69;954088;24421650.000
06/19/2009;12.60;12.61;12.06;12.17;2077533;50790388.000
06/22/2009;12.23;12.35;12.00;12.11;1119587;27266092.000
06/23/2009;11.81;12.30;11.71;11.92;1245605;14870850.000
06/24/2009;11.93;12.05;11.80;11.91;938312;11158870.000
06/25/2009;11.92;12.06;11.71;11.89;1136321;13481174.000
06/26/2009;11.90;11.95;11.52;11.67;3212818;37461724.000
06/29/2009;11.66;11.74;11.25;11.44;5038656;57511996.000
06/30/2009;11.44;11.52;11.25;11.50;1756428;20031340.000
07/01/2009;11.45;11.54;11.15;11.20;2820869;31896956.000
07/02/2009;11.23;11.47;11.19;11.36;2299930;26065650.000
07/03/2009;11.38;11.45;11.25;11.32;1560520;17668628.000
07/06/2009;11.30;11.38;11.21;11.25;1256836;14134224.000
07/07/2009;11.26;11.79;11.26;11.60;3178538;36717136.000
07/08/2009;11.60;11.67;11.36;11.56;1937923;22227832.000
07/09/2009;11.56;12.59;11.50;12.30;5283651;63400556.000
07/10/2009;12.30;12.80;12.28;12.57;6628709;82985960.000
07/13/2009;12.72;12.77;12.40;12.57;3920708;49304892.000
07/14/2009;12.50;12.54;12.21;12.49;3438971;42557112.000
07/15/2009;12.49;12.98;12.49;12.86;5150590;65484124.000
07/16/2009;12.89;13.48;12.60;13.26;5821652;75981048.000
07/17/2009;13.27;13.55;12.80;12.98;3981380;52161828.000
07/20/2009;12.99;13.13;12.78;12.92;3174853;40939664.000
07/21/2009;12.96;13.21;12.82;12.85;3123291;40497592.000
07/22/2009;12.81;12.98;12.70;12.80;2285051;29221322.000
07/23/2009;12.80;12.90;12.61;12.76;1972242;25030250.000
07/24/2009;12.81;12.97;12.41;12.60;2482779;31600536.000
07/27/2009;12.56;12.82;12.50;12.76;2122398;27036198.000
07/28/2009;12.76;12.80;12.50;12.74;2187396;27637844.000
07/29/2009;12.73;13.10;11.51;12.13;4491575;57111336.000
07/30/2009;12.03;12.38;12.01;12.30;2079198;25343206.000
07/31/2009;12.30;12.65;12.25;12.50;2125024;26440630.000
08/03/2009;12.55;13.19;12.47;13.08;4432964;56809340.000
08/04/2009;13.15;13.20;12.57;13.06;3158235;40683888.000
08/05/2009;12.96;13.15;12.75;12.91;3151995;40815440.000
08/06/2009;12.91;13.55;12.76;13.28;7041846;92850520.000
08/07/2009;13.27;13.34;12.51;12.55;4189423;54300520.000
08/10/2009;12.55;12.74;12.02;12.32;2094458;25993984.000
08/11/2009;12.40;12.45;12.06;12.43;1161100;14302521.000
08/12/2009;12.38;12.40;11.61;11.63;1634866;19555660.000
08/13/2009;11.75;11.76;11.31;11.50;1450944;16634712.000
08/14/2009;11.50;11.55;10.97;11.00;1491500;16698648.000
08/17/2009;10.98;10.98;10.19;10.22;1838979;19310350.000
08/18/2009;10.00;10.36;9.90;10.27;1142711;11619823.000
08/19/2009;10.22;10.27;9.25;9.30;1261390;12333663.000
08/20/2009;9.31;9.66;9.22;9.62;1475069;13913355.000
08/21/2009;9.63;10.58;9.55;10.58;3338214;34041268.000
08/24/2009;10.69;10.98;10.45;10.92;3099163;33095322.000
08/25/2009;10.85;10.85;10.20;10.50;1925261;20027244.000
08/26/2009;10.49;10.99;10.40;10.78;1709055;18399568.000
08/27/2009;10.60;11.15;10.60;11.02;2124822;23294822.000
08/31/2009;10.60;10.65;9.92;9.92;1268997;12908880.000
09/01/2009;9.90;10.25;9.80;10.16;1034883;10424010.000
09/02/2009;10.16;10.24;9.90;10.05;534201;5368832.500
09/03/2009;10.05;10.61;9.96;10.48;1185670;12246674.000
09/04/2009;10.50;10.79;10.33;10.66;1484964;15653477.000
09/07/2009;10.70;10.90;10.55;10.77;1479713;15919067.000
09/08/2009;10.60;11.04;10.50;10.95;1816312;19653284.000
09/09/2009;10.97;10.98;10.79;10.95;1411848;15364317.000
09/10/2009;10.90;11.42;10.83;11.15;2696517;30300468.000
09/11/2009;11.09;11.32;11.05;11.11;2438578;27173948.000
09/14/2009;10.98;11.43;10.98;11.36;1968275;22104716.000
09/15/2009;11.35;12.50;11.25;12.50;4633068;55099444.000
09/16/2009;12.60;13.66;12.38;13.18;10952495;142964688.000
09/17/2009;12.91;13.60;12.85;13.18;6819400;90499648.000
09/18/2009;13.25;13.35;12.00;12.44;4541066;58524148.000
09/21/2009;12.18;12.51;11.75;12.41;2275616;27534078.000
09/22/2009;12.28;12.69;11.90;11.90;1791996;22042204.000
09/23/2009;11.89;12.04;11.21;11.26;1759634;20431758.000
09/24/2009;11.12;11.76;10.80;11.70;1876724;21382302.000
09/25/2009;11.58;11.68;11.29;11.38;1026531;11758478.000
09/28/2009;11.45;11.51;10.40;10.47;1709279;18723810.000
09/29/2009;10.47;10.52;10.00;10.17;1073214;10976179.000
09/30/2009;10.25;10.55;10.25;10.43;704917;7349121.500
10/09/2009;10.54;11.11;10.51;10.92;940351;10207252.000
10/12/2009;10.85;11.78;10.80;11.70;2089537;23702622.000
10/13/2009;11.65;11.80;11.41;11.65;1481794;17211534.000
10/14/2009;11.65;12.25;11.65;12.07;2879669;34396332.000
10/15/2009;12.05;12.07;11.73;11.74;1866111;22213850.000
10/16/2009;11.79;11.80;11.38;11.58;1357780;15697543.000
10/19/2009;11.62;11.99;11.57;11.94;1342273;15836469.000
10/20/2009;11.95;12.45;11.87;12.40;2999223;36631612.000
10/21/2009;12.40;12.40;12.03;12.11;1929868;23473060.000
10/22/2009;12.11;12.17;11.91;12.09;1206379;14559392.000
10/23/2009;12.10;12.38;12.08;12.18;1912061;23354232.000
10/26/2009;12.21;12.69;12.10;12.54;3632819;45275424.000
10/27/2009;12.45;12.45;11.87;11.89;2172142;26188668.000
10/28/2009;11.65;11.98;11.62;11.98;1316924;15564318.000
10/29/2009;11.78;11.90;11.50;11.52;1083751;12689018.000
10/30/2009;11.75;12.67;11.75;12.67;7218757;90556656.000
11/02/2009;12.69;13.94;12.50;13.94;15006265;201693024.000
11/03/2009;14.45;15.33;14.44;15.33;15006897;223803152.000
11/04/2009;15.34;16.49;15.33;15.87;14274858;227119952.000
11/05/2009;15.71;16.29;15.41;15.88;11050367;174844112.000
11/06/2009;15.70;16.00;15.44;15.57;8766614;137212336.000
11/09/2009;15.41;15.69;15.03;15.39;6359562;97547688.000
11/10/2009;15.58;15.79;15.25;15.44;6852046;106125984.000
11/11/2009;15.30;15.73;15.11;15.58;5286399;81873056.000
11/12/2009;15.46;16.35;15.46;15.59;9204290;145998992.000
11/13/2009;15.60;15.60;14.77;15.19;6814534;103213568.000
11/16/2009;15.40;15.59;15.02;15.59;5851931;89734920.000
11/17/2009;15.59;16.60;15.26;16.30;9041777;143573296.000
11/18/2009;16.18;17.00;15.81;16.80;10013874;164240880.000
11/19/2009;16.82;17.30;16.48;17.03;9612403;163005312.000
11/20/2009;17.05;18.12;16.70;16.96;8610875;149366048.000
11/23/2009;17.00;17.02;16.60;16.78;5283410;88412088.000
11/24/2009;16.82;16.99;15.50;15.51;6663772;109073168.000
11/25/2009;15.44;15.90;15.25;15.78;3785640;59108848.000
11/27/2009;14.53;15.39;14.40;14.70;3653240;54147176.000
11/30/2009;14.70;15.27;14.70;15.21;2503756;37725996.000
12/01/2009;15.34;16.57;15.11;16.20;3879161;61527584.000
12/02/2009;16.15;16.50;16.00;16.19;4160953;67474472.000
12/03/2009;16.15;16.15;15.72;15.91;2943298;46793792.000
12/04/2009;15.91;16.58;15.22;15.66;4319518;68920928.000
12/07/2009;15.79;16.17;15.31;16.17;2613658;41391020.000
12/08/2009;16.17;16.27;15.80;16.08;2302052;36882908.000
12/09/2009;16.06;17.00;15.50;16.80;8792281;146155792.000
12/10/2009;16.81;17.01;16.23;16.59;4433485;73191912.000
12/11/2009;16.43;16.66;16.19;16.23;2412577;39510368.000
12/14/2009;16.22;16.22;15.33;15.67;2776672;43431036.000
12/15/2009;15.67;15.81;15.60;15.63;1483121;23259106.000
12/16/2009;15.60;15.80;15.40;15.50;1298306;20208570.000
12/17/2009;15.48;15.66;14.85;14.94;1887059;28604828.000
12/18/2009;14.80;15.24;14.67;14.68;1449569;21635972.000
12/21/2009;14.67;14.96;14.60;14.91;986632;14563270.000
12/22/2009;14.82;15.08;14.30;14.36;1225453;17998306.000
12/23/2009;14.32;14.82;14.32;14.80;1169777;16994098.000
12/24/2009;14.80;15.33;14.70;15.20;1784127;26867438.000
12/25/2009;15.20;15.53;15.00;15.37;1961321;29952466.000
12/28/2009;15.30;15.59;15.20;15.50;1474195;22807010.000
12/29/2009;15.53;15.62;15.00;15.35;1753517;26826964.000
12/30/2009;15.35;15.64;15.00;15.61;3074754;47355680.000
12/31/2009;15.50;16.23;15.49;16.02;3963281;63086872.000
01/04/2010;16.03;16.14;15.72;15.79;1786391;28377376.000
01/05/2010;15.76;16.28;15.71;16.25;2526887;40613284.000
01/06/2010;16.25;16.38;15.78;15.80;2721257;43854924.000
01/07/2010;15.65;15.85;15.01;15.15;2158264;33173732.000
01/08/2010;15.20;15.29;14.70;15.05;1470244;22064308.000
01/11/2010;15.06;15.73;14.85;15.70;2062291;31670768.000
01/12/2010;15.68;16.10;15.42;16.09;2509151;39839504.000
01/13/2010;15.77;16.01;15.51;15.61;2014652;31726558.000
01/14/2010;15.60;16.19;15.58;16.17;3256764;52241692.000
01/15/2010;16.18;16.66;16.18;16.27;4235288;69558912.000
01/18/2010;16.19;16.86;16.10;16.78;4393510;72876384.000
01/19/2010;16.78;16.85;16.40;16.52;3191925;52905712.000
01/20/2010;16.50;16.50;15.71;15.73;2635519;42349108.000
01/21/2010;15.73;16.08;15.54;15.89;1269849;20146978.000
01/22/2010;15.72;15.89;14.95;15.37;1561990;24069554.000
01/25/2010;15.03;15.46;15.03;15.20;769929;11766312.000
01/26/2010;15.37;15.38;14.50;14.56;875618;12967871.000
01/27/2010;14.56;14.69;14.21;14.21;821302;11830998.000
01/28/2010;14.21;14.55;14.06;14.55;611656;8788673.000
01/29/2010;14.52;15.27;14.42;14.81;868868;12985916.000
02/01/2010;14.51;14.94;14.47;14.67;560281;8212129.500
02/02/2010;14.69;15.17;14.69;14.90;816982;12211683.000
02/03/2010;14.90;15.10;14.20;14.90;807409;11955973.000
02/04/2010;14.90;15.20;14.90;15.18;1055089;15957452.000
02/05/2010;15.12;15.12;14.29;14.41;1022302;14964354.000
02/08/2010;14.35;14.69;14.30;14.48;387535;5609938.500
02/09/2010;14.36;14.63;14.17;14.33;479236;6896961.000
02/10/2010;14.48;14.67;14.35;14.58;355340;5165520.500
02/11/2010;14.59;14.85;14.56;14.58;442020;6497052.500
02/12/2010;14.62;14.81;14.59;14.73;406199;5963390.000
02/22/2010;14.71;14.99;14.62;14.81;546908;8103763.500
02/23/2010;14.62;14.99;14.62;14.95;659121;9784543.000
02/24/2010;14.89;15.26;14.84;15.22;710330;10749280.000
02/25/2010;15.30;15.60;15.23;15.54;1563452;24105276.000
02/26/2010;15.55;15.55;15.31;15.43;1193640;18393600.000
03/01/2010;15.60;15.86;15.40;15.86;1996384;31184812.000
03/02/2010;15.87;15.95;15.56;15.61;1329477;20827568.000
03/03/2010;15.73;16.13;15.44;15.87;1819428;28765770.000
03/04/2010;15.88;15.90;15.12;15.30;1462255;22700694.000
03/05/2010;15.30;15.90;15.13;15.76;1626086;25241906.000
03/08/2010;15.95;16.39;15.80;15.84;2711384;43712928.000
03/09/2010;15.78;15.78;15.40;15.57;1176156;18268746.000
03/10/2010;15.51;15.65;15.20;15.31;818578;12583062.000
03/11/2010;15.30;15.47;15.22;15.38;551110;8475662.000
03/12/2010;15.33;15.59;15.25;15.30;762747;11757983.000
03/15/2010;15.20;15.36;14.71;14.74;876237;13051415.000
03/16/2010;14.75;15.20;14.60;15.15;709127;10602973.000
03/17/2010;15.16;15.40;15.05;15.40;865813;13213163.000
03/18/2010;15.39;15.57;15.31;15.42;655189;10096381.000
03/19/2010;15.48;15.97;15.31;15.88;2038328;32061000.000
03/22/2010;15.88;16.08;15.60;15.75;1142645;18042830.000
03/23/2010;15.90;15.90;15.45;15.53;1078500;16825724.000
