002143 高金食品 日线
      日期	    开盘	    最高	    最低	    收盘	    成交量	    成交额
07/20/2007;17.27;20.33;16.73;19.96;15752319;439331008.000
07/23/2007;21.41;21.96;21.41;21.96;1506601;49435968.000
07/24/2007;22.87;23.79;22.20;22.63;8364289;288598336.000
07/25/2007;23.34;24.27;22.72;24.20;4887508;173610272.000
07/26/2007;23.39;24.11;22.87;23.27;3644705;128398376.000
07/27/2007;22.93;23.97;22.73;23.53;2323402;82177480.000
07/30/2007;23.53;24.36;23.53;24.00;2432965;87683856.000
07/31/2007;23.79;24.11;22.67;23.80;2074512;73271992.000
08/01/2007;23.81;25.69;23.81;24.37;2581710;96595848.000
08/02/2007;24.53;25.85;24.34;24.67;2946927;110775832.000
08/03/2007;25.05;25.82;23.93;25.07;3061190;113620656.000
08/06/2007;24.99;25.10;23.99;24.28;1697923;62131868.000
08/07/2007;24.27;24.51;23.47;23.47;1933484;69437168.000
08/08/2007;23.21;23.21;21.61;22.31;1814485;61300864.000
08/09/2007;22.31;23.19;22.08;23.07;910827;30961416.000
08/10/2007;23.07;23.33;21.60;22.09;1005425;33508712.000
08/13/2007;21.81;22.07;20.67;21.20;1032907;32829624.000
08/14/2007;21.18;22.07;21.04;21.78;509037;16668698.000
08/15/2007;21.78;21.92;21.05;21.39;501948;16187786.000
08/16/2007;21.26;21.99;20.41;21.93;935249;29576224.000
08/17/2007;22.04;22.27;21.00;21.10;948550;30668744.000
08/20/2007;21.53;21.60;21.13;21.47;858447;27611380.000
08/21/2007;21.49;22.16;21.27;21.47;722497;23521542.000
08/22/2007;21.17;21.59;21.13;21.22;911230;29167242.000
08/23/2007;21.27;21.27;20.47;20.53;1459239;45406344.000
08/24/2007;20.73;21.05;20.53;20.59;1077488;33655832.000
08/27/2007;20.60;21.23;19.93;20.80;1273672;39248148.000
08/28/2007;20.73;20.73;19.93;20.33;1180788;36206732.000
08/29/2007;20.60;22.13;20.53;21.37;1755944;56619964.000
08/30/2007;21.60;21.81;20.99;21.46;831257;26605244.000
08/31/2007;21.46;21.47;20.65;20.93;811258;25513228.000
09/03/2007;20.93;20.93;20.57;20.65;1049187;32628742.000
09/04/2007;20.65;20.86;20.13;20.60;808091;24822550.000
09/05/2007;20.32;20.66;20.17;20.51;514078;15718769.000
09/06/2007;20.65;20.65;20.20;20.29;460253;14076749.000
09/07/2007;20.29;20.29;19.27;19.31;1189122;35182344.000
09/10/2007;19.20;19.20;18.34;18.77;650608;18351428.000
09/11/2007;18.87;19.31;18.47;18.47;677513;19253856.000
09/12/2007;18.57;19.45;18.33;19.31;751244;21436262.000
09/13/2007;19.40;19.41;18.60;18.85;540410;15323425.000
09/14/2007;18.61;19.49;18.61;19.33;538831;15565643.000
09/17/2007;19.30;19.30;18.81;19.06;575283;16451341.000
09/18/2007;18.88;19.06;18.39;18.53;579902;16245593.000
09/19/2007;19.13;19.59;18.43;19.46;1178026;33775520.000
09/20/2007;19.47;21.41;19.47;21.41;3270461;103263504.000
09/21/2007;21.19;21.19;19.72;19.92;1537523;46981760.000
09/24/2007;19.92;19.92;18.93;18.97;793029;22785020.000
09/25/2007;18.93;19.27;18.52;18.84;524127;14908527.000
09/26/2007;18.74;19.20;18.47;18.53;357990;10105370.000
09/27/2007;18.47;18.87;18.32;18.83;397909;11096201.000
09/28/2007;18.61;19.13;18.61;18.97;387159;10999511.000
10/08/2007;19.12;19.23;18.47;18.60;406905;11442729.000
10/09/2007;18.50;19.27;18.50;19.22;441254;12656796.000
10/10/2007;19.22;19.22;18.61;18.77;456016;12891368.000
10/11/2007;18.77;19.15;18.62;18.80;372585;10552433.000
10/12/2007;18.71;19.85;17.93;19.73;1019443;29275364.000
10/15/2007;19.71;20.05;19.07;19.53;769928;22638304.000
10/16/2007;19.65;19.93;19.13;19.19;465803;13533771.000
10/17/2007;19.08;19.27;18.61;18.88;428062;12099098.000
10/18/2007;18.59;18.88;18.27;18.31;460071;12785147.000
10/19/2007;18.32;19.05;18.27;18.50;388829;10925235.000
10/22/2007;18.50;18.50;16.65;16.65;2128858;54400556.000
10/23/2007;16.65;16.73;15.60;16.17;1219922;29385526.000
10/24/2007;16.05;16.70;15.67;15.88;893214;21625792.000
10/25/2007;15.83;16.32;14.94;14.98;883602;20707574.000
10/26/2007;14.93;15.39;14.61;15.00;615502;13879550.000
10/29/2007;15.03;15.33;14.67;14.93;587490;13299502.000
10/30/2007;15.27;15.92;14.60;15.81;1061106;24425700.000
10/31/2007;15.79;16.21;15.73;16.00;1337041;32107142.000
11/01/2007;16.07;16.07;15.29;15.33;734876;17265344.000
11/02/2007;15.13;15.25;14.71;15.05;909252;20471908.000
11/05/2007;15.13;15.70;15.08;15.47;1025080;23657556.000
11/06/2007;15.32;15.86;15.32;15.63;664145;15638334.000
11/07/2007;15.67;15.79;14.99;15.20;659650;15187060.000
11/08/2007;15.13;15.37;14.47;14.51;730388;16329962.000
11/09/2007;14.46;14.47;13.61;13.93;806254;17055130.000
11/12/2007;13.60;13.93;13.28;13.76;510659;10488614.000
11/13/2007;13.87;14.07;13.62;13.93;563437;11763171.000
11/14/2007;14.07;14.52;13.93;14.45;713791;15380425.000
11/15/2007;14.40;14.40;13.93;13.98;505184;10757518.000
11/16/2007;13.87;14.93;13.75;14.81;990897;21621238.000
11/19/2007;14.81;15.97;14.81;15.65;1657895;38808744.000
11/21/2007;15.60;16.13;15.27;15.85;1020192;24290006.000
11/22/2007;15.33;15.68;14.67;14.80;913284;20988066.000
11/23/2007;14.65;14.93;14.30;14.91;393977;8742360.000
11/26/2007;15.19;15.45;14.76;14.86;452527;10251048.000
11/27/2007;14.79;14.97;14.31;14.35;370594;8132992.500
11/28/2007;14.27;14.56;13.94;14.26;286037;6124250.000
11/29/2007;14.41;14.93;14.25;14.72;521869;11476775.000
11/30/2007;14.75;14.85;14.27;14.35;313236;6882735.500
12/03/2007;14.27;14.53;14.01;14.40;217118;4678714.500
12/04/2007;14.43;14.78;14.35;14.56;263619;5788895.500
12/05/2007;14.39;15.60;14.39;15.29;1004698;23021472.000
12/06/2007;15.33;15.59;15.11;15.27;626197;14486251.000
12/07/2007;15.53;15.75;15.21;15.60;478513;11226511.000
12/10/2007;15.27;16.59;15.27;16.34;1599201;39228404.000
12/11/2007;16.35;17.27;16.35;16.80;1897812;48076004.000
12/12/2007;16.80;17.92;16.60;17.60;2009741;52435260.000
12/13/2007;17.59;18.39;17.12;17.17;2304348;62122276.000
12/14/2007;16.92;17.93;16.71;17.91;1669433;43827552.000
12/17/2007;18.04;19.26;18.04;18.79;2149452;60971016.000
12/18/2007;18.78;19.05;17.75;18.08;1061158;29009354.000
12/19/2007;18.13;18.40;17.81;18.27;1134723;31015946.000
12/20/2007;18.27;19.53;18.27;19.01;1461847;41977424.000
12/21/2007;18.99;19.24;18.67;19.06;963585;27439750.000
12/24/2007;19.09;19.47;18.80;19.02;1419527;40748536.000
12/25/2007;18.83;19.32;18.83;18.93;906069;25867354.000
12/26/2007;19.00;19.58;18.93;19.49;1479680;42936988.000
12/27/2007;19.45;20.21;19.21;19.27;1711517;50659580.000
12/28/2007;19.26;19.26;18.60;18.80;1187391;33593792.000
01/02/2008;18.61;19.39;18.35;19.27;1155886;32987568.000
01/03/2008;19.27;19.92;18.93;19.68;1556124;46187308.000
01/04/2008;19.65;19.65;19.02;19.20;1086800;31393326.000
01/07/2008;19.13;19.59;18.73;19.31;1135893;32671158.000
01/08/2008;19.39;19.39;18.60;18.66;1013916;28803980.000
01/09/2008;18.47;19.06;18.37;19.01;712966;20259182.000
01/10/2008;19.25;20.91;19.02;20.91;4450785;138155200.000
01/11/2008;20.91;21.00;20.01;20.63;2190010;67336120.000
01/14/2008;20.87;20.92;20.32;20.81;1137214;35341216.000
01/15/2008;20.94;21.62;20.73;21.17;1561811;49903448.000
01/16/2008;20.75;21.39;20.33;20.87;1184406;37079384.000
01/17/2008;20.53;20.59;18.77;18.77;2433877;70447960.000
01/18/2008;18.67;19.13;17.60;18.31;1745210;47723904.000
01/21/2008;18.27;18.45;17.60;17.71;1192871;32391164.000
01/22/2008;17.47;17.47;15.93;15.93;1083960;26958196.000
01/23/2008;16.10;17.13;15.60;17.12;1029240;25506666.000
01/24/2008;17.25;17.93;16.94;17.76;1169783;30888128.000
01/25/2008;17.67;17.91;17.05;17.28;1183561;30976426.000
01/28/2008;17.07;17.17;15.55;15.55;793499;19096814.000
01/29/2008;15.81;16.45;15.40;15.73;416070;9895739.000
01/30/2008;16.00;16.33;15.74;16.13;528946;12799284.000
01/31/2008;16.13;16.22;15.47;15.47;423055;10072626.000
02/01/2008;15.52;15.53;13.93;14.33;587786;12945928.000
02/04/2008;14.67;15.77;14.67;15.77;765979;17772314.000
02/05/2008;15.77;16.51;15.54;16.33;867488;21001194.000
02/13/2008;16.20;16.37;15.80;15.93;473067;11425173.000
02/14/2008;16.03;16.37;15.94;16.20;261728;6367419.500
02/15/2008;16.17;16.17;15.63;15.96;305067;7292550.000
02/18/2008;16.13;16.88;16.05;16.76;758341;18945934.000
02/19/2008;16.60;17.16;16.60;16.87;704665;17944542.000
02/20/2008;16.94;17.39;16.81;17.15;869385;22402158.000
02/21/2008;17.13;17.19;16.75;16.83;631396;16116163.000
02/22/2008;16.87;16.87;15.73;15.87;778489;19059776.000
02/25/2008;16.13;16.13;15.27;15.27;478629;11177559.000
02/26/2008;15.60;15.80;15.07;15.55;386130;8959142.000
02/27/2008;15.56;15.93;15.40;15.92;379726;8996711.000
02/28/2008;15.79;16.26;15.79;16.13;423795;10238116.000
02/29/2008;16.13;16.79;16.13;16.41;521042;12904010.000
03/03/2008;16.41;16.87;16.15;16.73;670451;16810542.000
03/04/2008;16.73;17.13;16.33;16.40;602690;15178290.000
03/05/2008;16.27;16.57;15.62;16.04;495814;12049292.000
03/06/2008;16.07;17.10;16.07;16.76;762977;19223154.000
03/07/2008;16.67;16.74;16.27;16.39;274780;6819570.000
03/10/2008;16.29;16.33;15.55;15.67;418529;10043040.000
03/11/2008;15.57;15.89;15.19;15.85;268091;6282665.000
03/12/2008;16.19;16.25;15.47;15.51;418956;10008995.000
03/13/2008;15.27;15.93;15.00;15.30;478279;11099598.000
03/14/2008;15.30;15.57;15.00;15.55;298313;6872213.500
03/17/2008;15.57;15.60;13.99;14.04;395383;8795309.000
03/18/2008;13.72;14.33;12.63;12.63;566115;11199351.000
03/19/2008;12.83;13.33;12.65;13.06;517871;10163793.000
03/20/2008;12.77;13.47;12.13;13.34;702727;13620687.000
03/21/2008;13.27;13.72;12.94;13.33;461551;9336368.000
03/24/2008;13.60;13.72;12.95;13.05;327566;6590633.500
03/25/2008;12.81;13.33;12.47;13.07;273558;5323061.000
03/26/2008;13.10;13.47;13.07;13.25;329988;6603529.500
03/27/2008;13.27;14.30;12.87;14.02;1140873;23666068.000
03/28/2008;14.01;14.23;12.64;13.97;733479;15035205.000
03/31/2008;13.74;13.83;13.27;13.29;377824;7683222.000
04/01/2008;13.29;13.47;11.95;11.97;563907;10490298.000
04/02/2008;12.07;12.32;10.84;10.93;460550;7977026.000
04/03/2008;10.93;11.45;10.61;11.33;380217;6366882.000
04/07/2008;11.39;12.05;11.11;12.03;368377;6522727.500
04/08/2008;12.05;12.45;11.97;12.20;419671;7696063.000
04/09/2008;11.94;12.25;11.35;11.37;459408;8202205.500
04/10/2008;11.37;11.70;11.11;11.67;322468;5555328.500
04/11/2008;11.79;12.15;11.67;12.07;392296;7089389.500
04/14/2008;11.71;11.90;11.09;11.20;329812;5713059.500
04/15/2008;11.13;11.59;11.00;11.59;239701;4066741.500
04/16/2008;11.58;11.65;11.33;11.41;202774;3514352.000
04/17/2008;11.33;11.56;10.60;10.89;235258;3930132.500
04/18/2008;11.03;11.03;10.47;10.48;242775;3904373.000
04/21/2008;11.14;11.46;10.30;10.45;321091;5286940.500
04/22/2008;10.35;10.47;9.60;10.13;340373;5152331.500
04/23/2008;10.23;10.70;9.94;10.66;284749;4513628.500
04/25/2008;11.73;11.73;11.73;11.73;710564;12576983.000
04/28/2008;11.80;12.46;11.60;12.20;1900566;34730844.000
04/29/2008;11.53;12.09;10.97;11.33;3100343;52991400.000
04/30/2008;11.13;11.60;11.00;11.46;2316839;39493980.000
05/05/2008;11.45;11.85;11.27;11.75;1763237;30814820.000
05/06/2008;11.60;12.43;11.58;11.98;1905339;34647040.000
05/07/2008;11.97;12.05;11.22;11.23;1189142;20887830.000
05/08/2008;11.07;11.39;10.87;11.37;762969;12827934.000
05/09/2008;11.47;11.52;11.01;11.24;759134;12939077.000
05/12/2008;11.20;11.69;10.90;11.57;961945;16518425.000
05/13/2008;11.27;11.47;10.79;11.14;1622527;27249716.000
05/14/2008;11.00;12.26;10.93;12.26;4252579;77799512.000
05/15/2008;12.40;13.49;12.33;13.49;6511269;128859192.000
05/16/2008;13.49;13.49;12.31;12.40;2818005;54564668.000
05/19/2008;12.42;13.22;12.40;12.80;2146405;41908400.000
05/20/2008;12.93;13.05;11.53;11.70;1789070;32960034.000
05/21/2008;11.64;12.88;10.61;12.80;2563013;46502264.000
05/22/2008;12.46;13.81;12.20;12.97;3034372;60654496.000
05/23/2008;12.98;13.20;12.33;12.45;1117507;21281090.000
05/26/2008;12.47;12.66;11.40;11.55;1052883;18641078.000
05/27/2008;11.29;11.83;11.27;11.40;672155;11622232.000
05/28/2008;11.43;11.80;10.94;11.64;1076441;18550476.000
05/29/2008;11.30;11.50;10.71;10.75;1261480;14008817.000
05/30/2008;10.77;10.96;10.10;10.20;1416634;14643492.000
06/02/2008;10.20;10.40;10.00;10.15;1136894;11517803.000
06/03/2008;10.20;10.35;10.02;10.25;938620;9570791.000
06/04/2008;10.18;10.30;9.80;9.90;840835;8371552.500
06/05/2008;9.90;10.00;9.40;9.71;722832;7020201.500
06/06/2008;9.70;10.32;9.62;10.08;1070958;10768994.000
06/10/2008;9.65;9.75;9.07;9.07;861964;7939966.500
06/11/2008;9.05;9.05;8.20;8.73;910874;7822546.000
06/12/2008;8.53;9.57;8.30;9.10;1961299;17816496.000
06/13/2008;9.08;9.30;8.39;8.89;1237970;10894824.000
06/16/2008;8.79;8.89;8.40;8.47;549300;4722626.000
06/17/2008;8.60;9.05;8.38;8.54;1160862;10200425.000
06/18/2008;8.58;9.20;8.01;9.08;1838942;16063492.000
06/19/2008;8.80;9.10;8.17;8.17;1033814;8845806.000
06/20/2008;8.11;8.48;7.41;7.91;1386821;11111047.000
06/23/2008;7.96;7.96;7.20;7.34;923409;6928372.500
06/24/2008;7.38;7.52;7.03;7.43;944472;6894389.500
06/25/2008;7.38;7.92;7.30;7.86;1547102;11977782.000
06/26/2008;7.86;8.24;7.65;8.12;1851711;14852018.000
06/27/2008;7.89;8.20;7.31;7.32;1811430;14133056.000
06/30/2008;7.08;7.48;7.08;7.28;774543;5600356.500
07/01/2008;7.30;7.31;6.85;6.99;906001;6348762.000
07/02/2008;6.90;7.16;6.90;7.02;974358;6842113.000
07/03/2008;6.89;7.38;6.59;7.23;1585202;11218248.000
07/04/2008;7.25;7.95;7.23;7.95;1960849;15381516.000
07/07/2008;8.34;8.75;8.26;8.75;4558291;38980716.000
07/08/2008;8.98;9.50;8.75;9.50;5464124;49758876.000
07/09/2008;9.50;9.99;9.15;9.39;4754899;45599404.000
07/11/2008;9.20;9.30;8.70;8.94;3139369;27905442.000
07/14/2008;8.98;9.83;8.80;9.83;4280038;40967004.000
07/15/2008;10.26;10.49;9.58;9.62;5796884;58020560.000
07/16/2008;9.45;9.45;8.66;8.66;2922947;26106606.000
07/17/2008;8.68;9.15;8.30;8.35;1997118;17372822.000
07/18/2008;8.36;8.86;7.99;8.75;1879195;15794892.000
07/21/2008;9.01;9.38;8.61;9.33;2322289;20960080.000
07/22/2008;9.15;9.35;9.03;9.08;2170917;19908552.000
07/23/2008;9.11;9.30;8.85;9.10;1885050;17141676.000
07/24/2008;9.05;9.30;9.03;9.21;1600472;14647870.000
07/25/2008;9.14;9.59;8.92;9.37;2539409;23847168.000
07/28/2008;9.45;9.58;9.22;9.26;1577650;14791410.000
07/29/2008;9.22;9.25;8.80;8.91;1166293;10488921.000
07/30/2008;8.96;9.18;8.68;8.90;847486;7596257.000
07/31/2008;9.08;9.08;8.56;8.69;825132;7196581.500
08/01/2008;8.53;8.90;8.22;8.68;995965;8500680.000
08/04/2008;8.60;9.55;8.38;9.55;5273878;49504792.000
08/05/2008;9.60;10.38;9.19;9.56;8101948;80255456.000
08/06/2008;9.19;9.75;8.72;9.12;4093169;37372436.000
08/07/2008;8.98;9.10;8.70;8.82;2243472;19809396.000
08/08/2008;8.75;8.98;7.96;8.03;2708992;23156794.000
08/11/2008;8.02;8.02;7.23;7.23;1212603;9002578.000
08/12/2008;6.99;7.10;6.51;6.79;2028003;13702301.000
08/13/2008;6.63;7.30;6.60;6.99;1501601;10406003.000
08/14/2008;7.01;7.05;6.60;6.89;1228690;8432451.000
08/15/2008;6.88;7.22;6.71;7.01;1395618;9732903.000
08/18/2008;7.00;7.01;6.31;6.31;1172571;7696092.000
08/19/2008;6.30;6.50;6.06;6.35;925398;5841587.000
08/20/2008;6.35;6.99;6.18;6.99;2225128;15076173.000
08/21/2008;6.85;7.00;6.45;6.46;1650877;11084450.000
08/22/2008;6.46;6.58;6.15;6.29;812219;5174536.000
08/25/2008;6.30;6.50;6.21;6.32;488558;3108797.500
08/26/2008;6.31;6.31;5.75;5.85;973755;5843257.000
08/27/2008;5.80;5.96;5.61;5.71;671254;3875523.750
08/28/2008;5.78;5.90;5.68;5.75;577780;3345329.750
08/29/2008;5.74;6.20;5.74;5.97;1368574;8256152.000
09/01/2008;5.85;6.57;5.85;6.57;1812264;11410372.000
09/02/2008;6.80;7.16;6.61;6.91;4705329;32390974.000
09/03/2008;6.65;6.70;6.23;6.35;2465358;15838210.000
09/04/2008;6.30;6.60;6.26;6.43;1403045;9087878.000
09/05/2008;6.25;6.25;5.86;5.88;1332769;8018487.000
09/08/2008;5.90;6.30;5.88;5.89;1516845;9160875.000
09/09/2008;5.91;6.08;5.65;5.90;1047500;6047551.000
09/10/2008;5.93;6.12;5.72;6.12;1256446;7557734.500
09/11/2008;6.10;6.49;6.10;6.15;2351042;14803933.000
09/12/2008;6.15;6.22;5.87;6.02;1146449;6945708.000
09/16/2008;6.10;6.14;5.76;5.82;957947;5697457.000
09/17/2008;5.81;5.95;5.63;5.66;838159;4822502.000
09/18/2008;5.67;5.67;5.09;5.32;1373921;7211928.500
09/19/2008;5.82;5.85;5.68;5.85;1667025;9692611.000
09/22/2008;6.19;6.44;5.81;6.12;2324913;14237303.000
09/23/2008;5.92;5.93;5.57;5.57;1222468;7014368.000
09/24/2008;5.48;5.78;5.35;5.78;803951;4540170.500
09/25/2008;5.74;6.03;5.51;5.88;1227833;7206775.000
09/26/2008;5.98;6.05;5.64;5.74;970341;5606218.000
10/06/2008;5.73;6.01;5.50;5.77;1563019;9078701.000
10/07/2008;5.60;5.75;5.50;5.62;773197;4320113.000
10/08/2008;5.57;5.64;5.38;5.42;547793;2999628.750
10/09/2008;5.52;5.60;5.32;5.32;527889;2867243.250
10/10/2008;5.13;5.20;4.86;4.86;649690;3224885.250
10/13/2008;4.76;4.93;4.61;4.93;460717;2206769.250
10/14/2008;5.09;5.15;4.78;4.78;820933;4100320.500
10/15/2008;4.91;4.91;4.66;4.69;362625;1728637.125
10/16/2008;4.63;4.63;4.28;4.29;529567;2316256.750
10/17/2008;4.31;4.55;4.25;4.48;636724;2815251.250
10/20/2008;4.40;4.76;4.40;4.70;1052117;4853009.500
10/21/2008;4.71;4.80;4.53;4.57;654763;3049268.000
10/22/2008;4.50;4.67;4.45;4.51;446602;2031886.500
10/23/2008;4.41;4.50;4.30;4.47;323758;1430177.625
10/24/2008;4.47;4.57;4.39;4.43;269530;1206025.250
10/27/2008;4.30;4.38;4.01;4.02;549048;2275973.000
10/28/2008;3.98;4.13;3.88;4.09;453098;1818847.000
10/29/2008;4.18;4.20;3.90;3.92;459690;1887197.250
10/30/2008;4.00;4.05;3.80;3.96;368639;1448154.250
10/31/2008;4.05;4.08;3.85;3.89;320149;1263773.500
11/03/2008;3.92;3.99;3.80;3.88;237850;923284.375
11/04/2008;3.85;3.89;3.76;3.78;226330;861183.938
11/05/2008;3.79;4.16;3.78;4.16;970622;3986427.250
11/06/2008;4.21;4.27;4.10;4.11;2282726;9572863.000
11/07/2008;3.92;4.19;3.82;4.13;1168024;4679176.500
11/10/2008;4.10;4.46;4.10;4.41;1440531;6212571.500
11/11/2008;4.29;4.59;4.27;4.28;1491691;6560063.000
11/13/2008;4.34;4.71;4.31;4.71;2650455;12211062.000
11/14/2008;4.71;5.00;4.60;4.89;3343892;16056401.000
11/17/2008;4.98;5.18;4.80;5.15;2821169;13960892.000
11/18/2008;5.05;5.12;4.64;4.64;2028999;9818410.000
11/19/2008;4.54;4.96;4.54;4.92;1475625;7002505.500
11/20/2008;4.80;5.09;4.71;4.94;1714224;8430117.000
11/21/2008;4.85;4.89;4.50;4.76;1145064;5429586.500
11/24/2008;4.82;4.85;4.58;4.60;748031;3531777.750
11/25/2008;4.72;4.77;4.46;4.57;596007;2745502.750
11/26/2008;4.61;4.69;4.56;4.62;549862;2542186.750
11/27/2008;4.91;4.99;4.63;4.65;1208283;5791931.500
11/28/2008;4.60;4.72;4.51;4.69;1042983;4829247.500
12/01/2008;4.70;4.96;4.60;4.96;1742964;8519968.000
12/02/2008;5.18;5.46;5.18;5.46;1859040;10081608.000
12/03/2008;5.90;5.96;5.47;5.65;6476836;36878952.000
12/04/2008;5.59;5.84;5.50;5.50;4017491;22840658.000
12/05/2008;5.41;6.05;5.41;6.05;4493085;26096690.000
12/08/2008;6.20;6.56;5.97;6.47;6374492;39527640.000
12/09/2008;6.32;6.43;6.10;6.15;3617471;22607546.000
12/10/2008;6.05;6.43;6.05;6.28;2772318;17414836.000
12/11/2008;6.20;6.35;5.98;5.98;2108262;13044940.000
12/12/2008;5.86;6.00;5.43;5.59;1601126;9162818.000
12/15/2008;5.59;5.86;5.59;5.75;1207569;6884073.500
12/16/2008;5.79;6.32;5.77;6.23;3373899;20614250.000
12/17/2008;6.22;6.30;6.06;6.24;2903981;17988222.000
12/18/2008;6.23;6.28;6.01;6.22;1808282;11152836.000
12/19/2008;6.23;6.45;6.20;6.29;2243354;14222029.000
12/22/2008;6.35;6.75;6.20;6.52;3373343;21704506.000
12/24/2008;6.00;6.18;5.87;5.90;3244468;19363824.000
12/25/2008;5.80;6.04;5.46;5.64;2151447;12373722.000
12/26/2008;5.63;5.74;5.55;5.73;1158239;6564347.500
12/29/2008;5.79;5.79;5.46;5.63;1139435;6384388.000
12/30/2008;5.56;5.78;5.56;5.58;1345793;7625548.000
12/31/2008;5.60;5.67;5.27;5.27;1126289;6139767.500
01/05/2009;5.40;5.66;5.30;5.63;1285908;7060163.500
01/06/2009;5.55;5.81;5.50;5.81;1624392;9227639.000
01/07/2009;5.83;5.98;5.75;5.77;1468032;8607094.000
01/08/2009;5.77;5.77;5.49;5.65;1295707;7268569.000
01/09/2009;5.58;6.01;5.56;5.94;2029509;11896353.000
01/12/2009;5.90;6.22;5.82;6.09;2340778;14331006.000
01/13/2009;6.00;6.25;5.83;5.86;1958975;11832586.000
01/14/2009;5.80;6.12;5.78;6.12;1360762;8182992.500
01/15/2009;6.11;6.30;6.06;6.18;2167072;13370132.000
01/16/2009;6.29;6.30;6.16;6.16;2115550;13144194.000
01/19/2009;6.20;6.21;5.91;6.03;1362482;8220655.500
01/20/2009;6.05;6.17;5.97;6.15;1009244;6147680.000
01/21/2009;6.10;6.17;6.02;6.06;862479;5248582.500
01/22/2009;6.08;6.13;6.01;6.07;838617;5087592.000
01/23/2009;6.10;6.16;5.99;6.01;970908;5874942.000
02/02/2009;6.11;6.25;6.02;6.19;1257638;7739317.500
02/03/2009;6.19;6.43;6.10;6.40;2371465;14967971.000
02/04/2009;6.45;6.60;6.33;6.52;2875981;18485848.000
02/05/2009;6.48;6.60;6.35;6.40;2698327;17398562.000
02/06/2009;6.45;6.74;6.40;6.66;2769642;18287932.000
02/09/2009;6.81;6.92;6.67;6.82;3396970;23071322.000
02/10/2009;6.80;7.15;6.71;7.12;3777641;26460914.000
02/11/2009;7.00;7.77;6.91;7.36;4366357;32390124.000
02/12/2009;7.22;7.48;6.87;7.30;3464334;24684904.000
02/13/2009;7.28;8.03;7.10;8.03;4695049;36757524.000
02/16/2009;8.43;8.83;8.33;8.83;11543696;99056336.000
02/17/2009;8.86;9.00;8.40;8.65;6841155;59624948.000
02/18/2009;8.40;9.35;8.38;9.18;6555752;57923292.000
02/19/2009;9.18;9.39;8.61;8.84;4702318;42322408.000
02/20/2009;8.80;8.86;8.40;8.79;4027322;34804540.000
02/23/2009;8.80;9.22;8.52;8.93;4143447;36830396.000
02/24/2009;8.84;9.62;8.75;9.37;6593457;61002760.000
02/25/2009;9.24;9.43;8.76;8.94;4784357;43482552.000
02/26/2009;8.91;9.16;8.35;8.59;4261331;37124232.000
02/27/2009;8.56;8.88;7.74;8.86;5211649;43637080.000
03/02/2009;8.79;9.10;8.41;8.96;6802865;60191840.000
03/03/2009;8.97;9.53;8.65;9.50;7204115;66566592.000
03/04/2009;9.56;10.38;9.31;10.08;7480390;73193984.000
03/05/2009;10.02;10.12;9.60;9.97;5101727;50472236.000
03/06/2009;9.70;10.13;9.55;9.60;3013822;29528526.000
03/09/2009;9.58;9.70;8.64;8.64;3701760;33382146.000
03/10/2009;8.21;8.59;8.08;8.55;2483876;20664530.000
03/11/2009;8.69;8.70;8.29;8.35;2524579;21405134.000
03/12/2009;8.35;8.43;7.97;8.35;1940554;15874710.000
03/13/2009;8.31;8.44;8.18;8.22;1495393;12419128.000
03/16/2009;8.23;8.55;8.06;8.54;1751234;14459711.000
03/17/2009;8.47;8.79;8.38;8.69;3416662;29269316.000
03/18/2009;8.69;8.94;8.60;8.75;3331056;29112530.000
03/19/2009;8.72;8.90;8.67;8.86;2533729;22294632.000
03/20/2009;8.92;8.92;8.50;8.54;2696260;23280838.000
03/23/2009;8.54;8.72;8.36;8.66;2477465;21208148.000
03/24/2009;8.73;9.37;8.65;9.27;5259248;47604616.000
03/25/2009;9.08;9.48;8.77;8.78;4335162;39778176.000
03/26/2009;8.70;8.92;8.50;8.91;2464933;21503166.000
03/27/2009;8.93;9.02;8.65;8.95;2244429;19885596.000
03/30/2009;9.00;9.20;8.88;9.18;2551695;23161984.000
03/31/2009;9.00;9.12;8.81;9.08;1661576;14945885.000
04/01/2009;9.08;9.30;9.07;9.16;2486383;22889912.000
04/02/2009;9.22;9.28;9.00;9.06;2226281;20338718.000
04/03/2009;9.12;9.35;8.75;9.12;3168181;28774910.000
04/07/2009;9.12;9.50;9.02;9.46;3441377;32081918.000
04/08/2009;9.36;9.80;9.28;9.28;5436261;52277792.000
04/09/2009;9.28;9.31;8.71;9.09;2751109;24759404.000
04/10/2009;9.10;9.44;9.00;9.36;2717801;24980266.000
04/13/2009;9.36;9.64;9.26;9.60;3511568;33236120.000
04/14/2009;9.85;10.45;9.75;10.09;6931711;70186808.000
04/15/2009;9.94;10.15;9.62;10.10;4435747;43793216.000
04/16/2009;10.00;10.37;9.85;9.90;3216822;32328080.000
04/17/2009;9.95;10.13;9.68;9.71;2824402;27775504.000
04/20/2009;9.63;9.98;9.60;9.87;2219850;21881768.000
04/21/2009;9.78;9.86;9.50;9.63;2151693;20794662.000
04/22/2009;9.73;10.59;9.73;10.36;11488015;119375432.000
04/23/2009;9.95;10.24;9.32;10.00;5654984;55308224.000
04/24/2009;10.00;10.00;9.54;9.63;2780586;27058976.000
04/27/2009;9.55;9.63;8.67;8.67;3908920;34957064.000
04/28/2009;8.55;8.55;8.00;8.34;2850824;23530162.000
04/29/2009;8.30;8.77;8.25;8.76;2748495;23484784.000
04/30/2009;8.82;9.55;8.51;9.51;4449740;39713924.000
05/04/2009;9.38;9.59;9.20;9.49;3867299;36517300.000
05/05/2009;9.53;9.69;9.43;9.51;2534274;24227364.000
05/06/2009;9.50;9.86;9.36;9.82;3340895;32501948.000
05/07/2009;9.80;10.30;9.43;10.06;4215479;41729352.000
05/08/2009;9.93;10.14;9.78;9.96;2323239;23137658.000
05/11/2009;9.96;10.09;9.36;9.38;2500855;24119680.000
05/12/2009;9.30;9.54;9.16;9.47;1020674;9560449.000
05/14/2009;9.55;10.12;9.47;9.98;4105477;40465652.000
05/15/2009;9.89;9.97;9.66;9.75;2310397;22603358.000
05/18/2009;9.80;9.91;9.53;9.79;1313319;12813735.000
05/19/2009;9.85;10.20;9.80;9.94;3271156;32822204.000
05/20/2009;9.95;10.25;9.92;10.00;2898097;29297556.000
05/21/2009;10.02;10.59;9.86;10.43;6197781;63953300.000
05/22/2009;10.38;10.98;10.11;10.71;5769836;60748040.000
05/25/2009;10.30;10.80;10.20;10.45;4293986;45158392.000
05/26/2009;10.46;10.94;10.35;10.51;4187698;44815580.000
05/27/2009;10.51;10.65;10.07;10.18;3007960;30840868.000
06/01/2009;10.18;10.38;10.06;10.11;2271860;23111344.000
06/03/2009;10.23;10.38;10.11;10.25;2027312;20730996.000
06/04/2009;10.26;10.92;10.25;10.90;5625897;59819092.000
06/05/2009;11.00;11.07;10.35;10.41;4803159;51796044.000
06/08/2009;10.64;10.68;10.00;10.15;3091882;31547934.000
06/09/2009;10.20;10.45;10.10;10.36;1719490;17749444.000
06/10/2009;10.42;10.65;10.20;10.31;1848186;19177698.000
06/11/2009;10.32;10.44;10.15;10.22;1791664;18415596.000
06/12/2009;10.14;10.38;9.89;10.34;3183537;32296232.000
06/15/2009;10.42;10.58;10.17;10.50;3016901;31475800.000
06/16/2009;10.30;10.50;10.20;10.29;1487999;15390305.000
06/17/2009;10.22;10.58;10.22;10.43;1582548;16517994.000
06/18/2009;10.43;10.68;10.41;10.52;2070570;21796602.000
06/19/2009;10.59;10.60;10.31;10.46;1662381;17342086.000
06/22/2009;10.46;10.75;10.24;10.75;3352748;35345068.000
06/23/2009;10.60;11.83;10.60;11.83;11293396;127409392.000
06/24/2009;11.49;11.77;11.17;11.29;6663841;75875368.000
06/25/2009;11.21;11.42;10.87;10.98;3850396;42523580.000
06/26/2009;10.99;11.33;10.80;11.17;4575213;50322828.000
06/29/2009;11.10;11.23;10.80;10.87;2899843;31758038.000
06/30/2009;10.87;10.93;10.64;10.70;2305902;24749130.000
07/01/2009;10.66;11.03;10.64;10.72;2519575;27189556.000
07/02/2009;10.80;10.97;10.47;10.61;3233102;34266436.000
07/03/2009;10.58;10.67;10.45;10.51;3030705;31944594.000
07/06/2009;10.55;10.67;10.46;10.58;3786918;39961584.000
07/07/2009;10.62;10.95;10.62;10.80;4572208;49529364.000
07/08/2009;10.80;11.28;10.70;11.21;4570871;50086968.000
07/09/2009;11.08;11.15;10.87;11.13;3890138;42828660.000
07/10/2009;11.13;11.19;10.89;10.94;2945548;32369262.000
07/13/2009;10.97;11.34;10.90;11.28;4945244;55147088.000
07/14/2009;11.24;11.36;11.16;11.28;3652523;41177088.000
07/15/2009;11.30;11.42;11.23;11.33;3865863;43811420.000
07/16/2009;11.33;11.88;11.11;11.55;6775880;77416912.000
07/17/2009;11.40;11.70;11.31;11.65;4945578;57306236.000
07/20/2009;11.80;11.90;11.64;11.70;4046144;47452544.000
07/21/2009;11.77;11.77;11.31;11.46;3670033;42109288.000
07/22/2009;11.38;11.60;11.38;11.48;2266648;26077652.000
07/23/2009;11.48;11.77;11.28;11.55;3582795;41331296.000
07/24/2009;11.51;11.61;11.20;11.44;2690505;30849216.000
07/27/2009;11.42;12.04;11.31;11.79;6596790;77176504.000
07/28/2009;11.70;11.85;11.57;11.72;3576779;41799208.000
07/29/2009;11.73;11.92;10.55;11.22;4010870;45830796.000
07/30/2009;11.15;11.40;10.90;11.33;2527644;28311098.000
07/31/2009;11.35;11.63;11.25;11.49;2029921;23241620.000
08/03/2009;11.58;12.07;11.43;11.94;4758525;56510860.000
08/04/2009;11.89;12.79;11.81;12.41;7460779;91813144.000
08/05/2009;12.50;12.70;11.93;12.25;5833369;71954472.000
08/06/2009;12.27;12.34;11.88;12.30;3897615;47254000.000
08/07/2009;12.26;12.91;12.24;12.44;6850391;86668576.000
08/10/2009;12.60;13.25;12.53;12.99;5391807;69739560.000
08/11/2009;13.20;13.20;12.55;12.64;3486522;44317140.000
08/12/2009;12.48;12.95;12.00;12.06;3266185;40278340.000
08/13/2009;12.27;12.96;11.75;12.67;4151240;50993324.000
08/14/2009;12.68;13.16;12.45;12.77;7466533;95973312.000
08/17/2009;12.50;12.50;11.49;11.49;4725975;56041016.000
08/18/2009;11.38;11.98;10.70;11.74;3157906;35437176.000
08/19/2009;11.50;11.92;11.02;11.33;2687339;30825526.000
08/20/2009;11.35;11.69;11.06;11.53;2413497;27542210.000
08/21/2009;11.45;11.83;11.32;11.76;3029750;35430832.000
08/24/2009;11.65;12.48;11.60;12.27;5275130;64190220.000
08/25/2009;12.16;12.50;11.50;12.12;4368936;51887676.000
08/26/2009;12.09;13.30;11.90;12.77;10672903;137104352.000
08/27/2009;12.70;14.05;12.50;14.05;15735010;212587968.000
08/28/2009;13.90;13.90;12.85;12.99;9508936;126126360.000
08/31/2009;12.63;12.90;11.71;11.88;5849318;72636712.000
09/01/2009;11.60;12.14;11.29;11.30;4254233;49837380.000
09/02/2009;11.02;11.40;10.61;11.05;3706696;40926592.000
09/03/2009;11.05;11.58;11.01;11.51;3151100;35767232.000
09/04/2009;11.30;12.50;11.20;12.50;5682757;67553760.000
09/07/2009;12.40;12.97;12.20;12.78;7591977;95643480.000
09/08/2009;12.50;12.96;12.36;12.64;5209822;66441628.000
09/09/2009;12.72;13.20;12.43;13.00;6191252;79625296.000
09/10/2009;12.81;12.98;12.37;12.52;3522460;44518808.000
09/11/2009;12.51;12.76;12.40;12.55;2688484;33948724.000
09/14/2009;12.50;13.28;12.48;13.00;5435882;71044752.000
09/15/2009;12.81;13.20;12.78;12.96;4237710;54809580.000
09/16/2009;13.00;13.06;12.55;12.76;3211566;40952152.000
09/17/2009;12.76;13.42;12.70;13.16;5488700;72197568.000
09/18/2009;13.20;13.79;13.01;13.30;7313597;98605968.000
09/21/2009;13.25;13.83;12.58;13.83;5434065;71927392.000
09/22/2009;13.75;13.96;13.01;13.05;4642665;62772260.000
09/23/2009;13.04;13.19;12.46;12.46;2976525;38244664.000
09/24/2009;12.25;12.60;11.72;12.33;2965854;36215280.000
09/25/2009;12.33;12.33;11.85;11.86;1946713;23490504.000
09/28/2009;12.00;12.18;11.25;11.30;1840277;21607792.000
09/29/2009;11.48;11.60;11.11;11.55;1829799;20815192.000
09/30/2009;11.65;11.98;11.45;11.55;1543119;18080888.000
10/09/2009;11.80;12.16;11.67;12.07;1892203;22688972.000
10/12/2009;12.18;12.38;11.95;12.29;1813161;22168466.000
10/13/2009;12.21;12.33;12.03;12.32;1670340;20387182.000
10/14/2009;12.33;12.70;12.25;12.33;2030077;25265060.000
10/15/2009;12.52;12.52;12.17;12.28;1629947;20019594.000
10/16/2009;12.25;12.33;11.71;11.95;1870352;22459780.000
10/19/2009;11.89;12.28;11.89;12.18;2161312;26150528.000
10/20/2009;12.29;12.74;12.22;12.70;4151946;52191788.000
10/21/2009;12.56;12.89;12.45;12.49;3358110;42594280.000
10/22/2009;12.40;12.75;12.34;12.75;2361190;29691598.000
10/23/2009;12.76;12.96;12.61;12.80;3103499;39634592.000
10/26/2009;12.75;12.79;12.45;12.56;2006718;25207622.000
10/27/2009;12.58;12.58;12.08;12.10;2217022;27244324.000
10/28/2009;12.09;12.21;11.77;12.03;1672342;20044868.000
10/29/2009;11.86;12.09;11.62;12.04;2389528;28234736.000
10/30/2009;12.04;12.30;11.97;12.20;2639780;32171588.000
11/02/2009;11.91;12.58;11.78;12.57;2668338;32967960.000
11/03/2009;12.70;12.89;12.46;12.85;3565316;45143468.000
11/04/2009;12.88;12.92;12.55;12.60;3168739;40128128.000
11/06/2009;12.70;12.89;12.58;12.70;3401763;43268772.000
11/09/2009;12.60;12.88;12.58;12.84;3066354;39219744.000
11/10/2009;12.85;13.17;12.84;12.91;4100687;53501528.000
11/11/2009;12.88;12.88;12.67;12.79;2221425;28395840.000
11/12/2009;12.80;13.27;12.80;12.92;3271921;42716212.000
11/13/2009;12.86;13.48;12.82;13.38;4995206;65956840.000
11/16/2009;13.61;13.68;13.26;13.49;5206250;70016440.000
11/17/2009;13.47;13.63;13.32;13.49;3190853;43007916.000
11/18/2009;13.50;14.60;13.50;14.22;9392212;132258704.000
11/19/2009;14.24;14.45;13.88;14.25;5450027;76662944.000
11/20/2009;14.19;14.38;13.98;14.08;3828798;54163876.000
11/23/2009;14.25;14.80;14.03;14.66;5065225;73552816.000
11/24/2009;14.78;14.80;13.30;13.35;6184383;86898440.000
11/25/2009;13.20;13.99;13.11;13.94;3906603;53134984.000
11/26/2009;13.93;13.99;12.95;13.04;4101907;54776528.000
11/27/2009;12.90;13.25;12.45;12.68;2328636;29913826.000
12/01/2009;13.35;13.95;13.16;13.85;5042112;68169272.000
12/02/2009;13.65;13.99;13.65;13.89;4057445;56148436.000
12/03/2009;13.80;14.29;13.70;14.19;3889400;54740288.000
12/04/2009;14.11;14.79;13.71;14.15;7195561;103321128.000
12/07/2009;14.06;14.60;14.06;14.45;3442832;49397520.000
12/08/2009;14.40;14.49;14.01;14.19;2517054;35661572.000
12/09/2009;14.22;14.22;13.66;13.66;2513440;34799024.000
12/10/2009;13.75;13.98;13.60;13.96;1920970;26549442.000
12/11/2009;13.96;14.10;13.77;13.83;1896585;26427124.000
12/14/2009;13.85;13.85;13.34;13.52;1426500;19272384.000
12/15/2009;13.53;14.02;13.50;13.77;1352909;18695480.000
12/16/2009;13.60;13.90;13.60;13.70;1201498;16568432.000
12/17/2009;13.65;13.80;13.20;13.20;1501031;20191286.000
12/18/2009;13.29;13.29;12.82;12.93;1355053;17593714.000
12/21/2009;12.90;13.28;12.90;13.20;1052992;13842391.000
12/22/2009;13.24;13.29;12.71;12.73;1082599;14103088.000
12/23/2009;12.62;13.29;12.61;13.12;1495584;19269524.000
12/24/2009;13.10;13.54;13.00;13.47;1870187;24904584.000
12/25/2009;13.47;13.58;13.30;13.46;1079013;14505849.000
12/28/2009;13.41;13.76;13.41;13.75;1563032;21249368.000
12/29/2009;13.90;13.93;13.41;13.82;2223361;30491224.000
12/30/2009;13.82;13.85;13.45;13.50;1353005;18357008.000
12/31/2009;13.53;13.70;13.40;13.69;1194225;16210975.000
01/04/2010;13.81;13.94;13.60;13.65;2973429;40912016.000
01/05/2010;13.66;13.79;13.40;13.79;2442143;33136354.000
01/06/2010;13.76;14.08;13.65;13.93;3512594;48825988.000
01/07/2010;13.94;13.96;13.48;13.50;2435669;33535378.000
01/08/2010;13.48;13.48;13.00;13.36;1778832;23479416.000
01/12/2010;13.36;13.93;13.30;13.87;2709887;36995740.000
01/13/2010;13.80;14.05;13.67;13.90;4421181;61240900.000
01/14/2010;13.90;14.40;13.83;14.36;5157737;73371400.000
01/15/2010;14.30;14.42;14.12;14.26;3293533;46847836.000
01/18/2010;14.30;14.65;14.18;14.59;4418069;63932696.000
01/19/2010;14.63;14.63;14.16;14.22;3335503;47914044.000
01/20/2010;14.21;14.25;13.51;13.67;3044485;42268308.000
01/21/2010;13.60;13.88;13.60;13.80;1357304;18659154.000
01/22/2010;13.70;14.24;13.51;14.14;3939343;54915064.000
01/25/2010;14.09;14.30;13.70;13.77;1806029;25280058.000
01/26/2010;13.77;13.84;13.01;13.24;1759261;23420698.000
01/27/2010;13.23;13.36;12.85;13.11;1109649;14539724.000
01/28/2010;12.95;13.25;12.78;13.25;724690;9495387.000
01/29/2010;13.20;13.36;13.01;13.07;1066087;14086158.000
02/01/2010;13.07;13.24;12.90;13.23;933320;12215560.000
02/02/2010;13.26;13.38;12.95;13.00;965408;12779952.000
02/03/2010;12.90;13.15;12.06;12.74;1506912;19037706.000
02/04/2010;12.72;12.87;12.41;12.70;789435;10050792.000
02/05/2010;12.53;12.53;12.14;12.15;1106626;13600876.000
02/08/2010;12.15;12.60;12.09;12.41;631848;7860606.500
02/09/2010;12.38;12.49;12.12;12.49;536036;6621546.500
02/10/2010;12.85;12.85;12.50;12.72;889609;11322350.000
02/11/2010;12.72;12.89;12.50;12.55;670107;8512770.000
02/12/2010;12.68;12.68;12.40;12.55;580295;7282316.000
02/22/2010;12.65;12.85;12.54;12.74;652907;8313294.000
02/23/2010;12.74;12.90;12.57;12.80;507450;6463720.000
02/24/2010;12.71;13.00;12.66;13.00;1025348;13223326.000
02/25/2010;13.02;13.15;12.91;13.12;1141148;14855905.000
02/26/2010;13.05;13.38;13.00;13.37;1816844;24119918.000
03/01/2010;13.37;13.70;13.18;13.65;1687411;22833126.000
03/02/2010;13.65;13.84;13.45;13.77;1583752;21675796.000
03/03/2010;13.88;14.15;13.70;13.87;5050866;70364712.000
03/04/2010;13.87;14.00;13.52;13.81;3033567;41834980.000
03/05/2010;13.78;14.39;13.67;14.18;4059409;56989292.000
03/08/2010;14.20;14.38;14.19;14.29;4097385;58433848.000
03/09/2010;14.30;14.45;14.19;14.39;5006303;71795280.000
03/10/2010;14.39;14.41;14.16;14.25;3161490;45109020.000
03/11/2010;14.20;14.35;14.18;14.21;1914950;27288170.000
03/12/2010;14.27;14.29;14.05;14.17;2668548;37704740.000
03/15/2010;14.14;14.19;14.00;14.18;1274928;17963962.000
03/16/2010;14.19;14.26;14.12;14.22;593010;8421202.000
03/17/2010;14.22;14.45;14.22;14.39;3276190;47020096.000
03/18/2010;14.44;14.44;14.26;14.40;1602810;22994812.000
03/19/2010;14.42;14.43;14.14;14.31;1988404;28327768.000
03/22/2010;14.32;14.59;14.20;14.51;2304384;33286002.000
03/23/2010;14.51;15.35;14.43;15.00;8930200;132821104.000
