002223 鱼跃医疗 日线
      日期	    开盘	    最高	    最低	    收盘	    成交量	    成交额
04/18/2008;10.67;10.87;8.99;9.20;15486631;239005248.000
04/21/2008;9.66;10.15;9.15;9.24;9859891;148903776.000
04/22/2008;8.47;8.87;8.28;8.63;6812963;88922336.000
04/23/2008;8.40;9.32;8.09;9.17;5796768;78210152.000
04/24/2008;10.00;10.12;9.67;10.12;7800881;120741360.000
04/25/2008;9.93;11.17;9.79;11.13;9051433;149840672.000
04/28/2008;10.73;11.00;10.33;10.73;4811547;79538672.000
04/29/2008;10.47;11.57;10.28;11.27;6536143;110872152.000
04/30/2008;11.07;11.31;10.87;11.11;4504708;76973584.000
05/05/2008;11.17;11.20;10.37;10.83;4542985;75719040.000
05/06/2008;10.79;11.34;10.47;11.09;3990017;67619024.000
05/07/2008;10.88;10.97;9.95;9.95;3809588;61704660.000
05/08/2008;9.80;10.65;9.47;10.55;3101761;47800440.000
05/09/2008;10.19;10.45;9.69;10.02;2087531;32820474.000
05/12/2008;9.95;10.43;9.53;10.07;1653353;25744300.000
05/13/2008;10.73;11.11;10.34;11.11;5505640;92756440.000
05/14/2008;11.30;12.00;11.27;11.34;6734299;120960664.000
05/15/2008;11.27;11.27;10.83;10.87;2591098;44009444.000
05/16/2008;10.99;11.20;10.40;10.60;1716811;28666134.000
05/19/2008;10.41;11.15;10.41;10.80;1505918;25245198.000
05/20/2008;10.67;10.86;9.71;9.77;1980091;31398176.000
05/21/2008;9.55;10.27;9.54;10.17;1983284;30375928.000
05/22/2008;9.99;10.29;9.77;9.97;1253857;19635960.000
05/23/2008;9.97;10.50;9.89;10.29;1414492;22366266.000
05/26/2008;10.26;10.60;10.00;10.41;1790032;28506224.000
05/27/2008;10.41;10.87;10.17;10.77;2134858;35270632.000
05/28/2008;10.77;10.87;10.46;10.71;1052509;17312094.000
05/29/2008;10.61;10.83;10.31;10.31;851461;14003612.000
05/30/2008;10.23;10.64;10.23;10.28;827131;13366705.000
06/03/2008;10.35;11.33;10.34;10.95;2349441;39893460.000
06/04/2008;10.73;11.28;10.73;10.95;1683194;28734992.000
06/05/2008;10.82;11.85;10.82;11.60;2445769;43274956.000
06/06/2008;11.37;11.99;11.13;11.87;2061488;36876108.000
06/10/2008;11.47;11.65;10.65;11.00;2134028;36693892.000
06/11/2008;11.13;12.13;10.84;12.13;3103333;56302440.000
06/12/2008;12.35;13.33;11.74;11.81;4798642;92207360.000
06/13/2008;11.33;11.52;10.67;10.93;3093996;53031088.000
06/16/2008;10.93;11.10;10.21;10.45;1307791;21423580.000
06/17/2008;10.27;11.27;10.27;10.97;1614411;27391918.000
06/18/2008;10.96;12.07;10.53;12.04;2228472;39081188.000
06/19/2008;11.93;12.72;11.61;12.03;2783567;51795924.000
06/20/2008;12.03;13.12;11.47;12.57;2662864;50445868.000
06/23/2008;12.47;12.73;11.97;11.97;1340173;24988354.000
06/24/2008;11.80;13.19;11.68;13.19;3420045;67234168.000
06/25/2008;13.10;13.81;12.81;13.60;4409104;89735880.000
06/26/2008;13.33;13.85;13.01;13.29;3366572;68628176.000
06/27/2008;12.87;12.87;11.95;11.95;2777841;52043844.000
06/30/2008;11.56;13.16;11.55;13.13;2592773;49597136.000
07/01/2008;13.01;13.50;12.72;12.90;2102301;41840080.000
07/02/2008;12.62;13.25;12.51;12.78;1582819;30937100.000
07/03/2008;12.53;13.63;12.27;13.30;2583547;52079060.000
07/04/2008;13.33;13.83;13.14;13.32;2255311;46405300.000
07/07/2008;13.40;14.17;13.20;13.75;2279889;48039948.000
07/08/2008;13.71;14.03;13.35;13.79;1595097;32953766.000
07/09/2008;13.64;14.12;13.20;13.80;2313089;47766648.000
07/10/2008;13.60;15.12;13.33;14.30;3721730;81528504.000
07/11/2008;14.13;14.73;13.61;14.07;2344287;50614992.000
07/14/2008;13.87;14.57;13.72;14.52;1446349;31402972.000
07/15/2008;14.47;14.95;14.09;14.59;1983244;43918328.000
07/16/2008;14.38;14.63;13.33;13.83;2271245;48025408.000
07/17/2008;13.92;14.40;13.50;13.79;1811795;38522876.000
07/18/2008;13.85;13.85;12.87;13.37;4848330;97205168.000
07/21/2008;13.19;14.00;12.95;13.91;2762013;56747536.000
07/22/2008;13.80;14.35;13.61;13.67;1767891;37355376.000
07/23/2008;13.80;13.84;13.05;13.09;2048757;41573084.000
07/24/2008;13.13;13.80;13.03;13.61;2445202;50443244.000
07/25/2008;13.40;14.05;13.27;13.88;1919869;40339972.000
07/28/2008;13.74;14.37;13.67;13.77;1711394;36450084.000
07/29/2008;13.67;13.72;13.33;13.51;1363371;27991088.000
07/30/2008;13.66;14.12;13.51;13.97;1921537;40509328.000
07/31/2008;13.95;14.31;13.65;13.65;1776855;37749968.000
08/01/2008;13.40;13.65;12.39;12.98;3084497;60834272.000
08/04/2008;12.77;13.11;12.48;12.80;1072151;20923664.000
08/05/2008;12.80;12.99;12.45;12.67;797078;15312380.000
08/06/2008;12.80;12.85;12.27;12.35;989307;18751250.000
08/07/2008;12.33;12.36;11.27;11.86;1824377;32894426.000
08/08/2008;11.83;12.13;11.17;11.47;1223164;21809222.000
08/11/2008;11.37;11.81;10.68;11.54;1744541;30524258.000
08/12/2008;11.40;11.97;11.21;11.79;1210268;21750768.000
08/13/2008;11.73;11.87;11.33;11.75;882222;15560392.000
08/14/2008;11.60;11.81;11.41;11.60;481722;8549032.000
08/15/2008;11.47;11.77;11.47;11.49;400336;7074070.000
08/18/2008;11.50;11.62;11.05;11.14;975849;16696178.000
08/19/2008;11.07;11.69;10.90;11.41;498674;8675862.000
08/20/2008;11.39;12.33;11.15;12.11;918843;16783614.000
08/21/2008;11.98;12.13;11.57;11.61;584677;10513706.000
08/22/2008;11.41;11.72;11.22;11.41;271987;4736471.000
08/25/2008;11.40;11.57;11.21;11.41;239337;4157139.500
08/26/2008;11.47;11.47;10.60;10.60;845367;14097024.000
08/27/2008;10.40;10.81;9.73;9.93;959915;14997477.000
08/28/2008;10.01;10.13;9.67;10.08;548354;8312801.000
08/29/2008;10.13;10.50;10.08;10.40;312648;4934236.500
09/01/2008;10.18;10.37;9.80;9.83;270895;4149144.500
09/02/2008;9.71;10.05;9.62;9.90;129931;1974948.375
09/03/2008;9.70;9.99;9.52;9.60;258039;3796910.750
09/04/2008;9.53;9.79;9.53;9.60;172180;2541489.250
09/05/2008;9.47;9.47;8.99;9.03;428278;6057516.500
09/08/2008;8.83;9.13;8.45;8.47;316000;4206696.000
09/09/2008;8.60;8.83;8.35;8.77;401166;5312694.000
09/10/2008;8.50;8.91;8.50;8.69;269101;3614950.750
09/11/2008;8.77;9.00;8.52;8.72;540371;7264424.500
09/12/2008;8.57;8.81;8.55;8.60;164352;2182281.250
09/16/2008;8.62;8.63;8.13;8.47;517100;6749718.500
09/17/2008;8.47;8.96;8.47;8.77;493407;6635940.000
09/18/2008;8.67;9.60;8.54;9.23;1049264;14632174.000
09/19/2008;10.13;10.18;9.80;10.18;1452425;22491778.000
09/22/2008;10.54;11.22;9.97;10.61;1971132;32008740.000
09/23/2008;10.13;10.33;9.53;9.80;1073747;16304636.000
09/24/2008;9.60;9.71;9.32;9.69;471481;6911288.500
09/25/2008;9.57;10.17;9.47;9.87;540519;8213187.500
09/26/2008;10.47;10.53;9.80;9.90;327504;4988259.000
10/06/2008;9.73;9.73;8.93;9.09;360521;5140554.000
10/07/2008;8.55;9.70;8.55;9.33;623704;8877281.000
10/08/2008;9.20;9.49;8.93;9.21;312829;4409091.000
10/09/2008;9.50;9.50;9.05;9.06;235400;3334178.750
10/10/2008;8.64;8.87;8.39;8.50;570515;7478360.500
10/13/2008;8.53;8.76;8.27;8.57;430483;5662237.000
10/14/2008;9.06;9.07;8.34;8.67;1263401;16621156.000
10/15/2008;8.41;8.98;8.41;8.73;670132;9024298.000
10/16/2008;8.47;8.47;7.84;7.84;934153;11497622.000
10/17/2008;7.84;8.04;7.41;7.55;516184;6046188.000
10/20/2008;7.43;7.80;7.27;7.70;372981;4313249.000
10/21/2008;7.70;8.09;7.59;8.02;573755;6970633.000
10/22/2008;7.95;8.25;7.87;7.89;542400;6719894.500
10/23/2008;7.87;8.00;7.67;8.00;171557;2077802.000
10/24/2008;7.85;8.19;7.85;8.08;209819;2603694.000
10/27/2008;8.08;8.23;7.80;7.80;488943;6035093.500
10/28/2008;7.62;8.53;7.62;8.47;779155;9842502.000
10/29/2008;8.53;8.53;8.13;8.20;427739;5484409.500
10/30/2008;8.27;8.40;8.14;8.28;379932;4825608.000
10/31/2008;8.30;8.30;7.97;8.00;453485;5602804.500
11/03/2008;7.90;8.22;7.81;8.11;277588;3441635.000
11/04/2008;8.17;8.57;7.95;8.50;587299;7568281.500
11/05/2008;8.51;8.90;8.39;8.85;624086;8384856.500
11/06/2008;8.60;9.09;8.41;8.85;528056;7184101.000
11/07/2008;8.82;9.13;8.59;9.03;343842;4747612.000
11/10/2008;9.15;9.67;9.08;9.62;753131;10774569.000
11/11/2008;9.40;9.79;9.14;9.37;631087;9082857.000
11/12/2008;9.57;9.57;9.01;9.37;416559;5925967.500
11/13/2008;9.35;9.88;9.28;9.79;666910;9894206.000
11/14/2008;9.83;10.13;9.79;9.97;600568;9175297.000
11/17/2008;9.93;10.55;9.90;10.53;827837;13122658.000
11/18/2008;10.47;10.57;10.13;10.40;1222669;19252656.000
11/19/2008;10.57;11.46;10.35;11.20;1241038;21056996.000
11/20/2008;11.18;11.72;10.93;11.42;855338;14807369.000
11/21/2008;11.27;11.32;10.60;11.13;650461;10965495.000
11/24/2008;11.47;12.27;11.20;11.23;1171898;21018916.000
11/25/2008;11.07;11.47;10.47;10.63;977430;16084899.000
11/26/2008;10.53;11.13;10.47;10.80;632501;10458030.000
11/27/2008;11.60;11.66;10.69;10.69;719553;12160348.000
11/28/2008;10.47;11.33;10.47;11.33;1119737;18940154.000
12/01/2008;11.13;12.20;11.13;12.12;1939372;35250108.000
12/02/2008;11.73;12.55;11.63;11.93;1629502;30219168.000
12/03/2008;12.13;12.27;11.78;12.25;1860493;34227668.000
12/04/2008;12.21;12.83;12.10;12.37;1584218;30018122.000
12/05/2008;12.26;12.45;12.07;12.37;1037097;19328866.000
12/08/2008;12.47;13.33;12.41;13.06;1860762;36512484.000
12/09/2008;13.07;13.13;12.30;12.37;1893481;36473992.000
12/10/2008;12.25;12.79;12.13;12.66;1034871;19716796.000
12/11/2008;12.53;12.73;12.10;12.10;737751;13801153.000
12/12/2008;11.90;12.45;11.86;12.11;775292;14326687.000
12/15/2008;12.33;13.19;12.01;13.11;1514585;29276242.000
12/16/2008;13.12;14.13;12.80;13.67;2166951;44499092.000
12/17/2008;13.81;14.07;13.47;13.66;1308592;27344904.000
12/18/2008;13.59;13.87;13.38;13.66;869522;17983152.000
12/19/2008;13.53;14.18;13.53;13.87;1180191;24997706.000
12/22/2008;13.89;14.57;13.73;14.37;1536709;33129282.000
12/23/2008;14.21;15.63;13.47;13.47;3570921;79424656.000
12/24/2008;13.13;14.13;13.13;13.99;2389941;49598592.000
12/25/2008;13.85;15.23;13.80;15.07;2362753;51833992.000
12/26/2008;15.07;15.26;14.63;14.80;1704749;38794280.000
12/29/2008;14.95;15.57;14.05;15.30;1677016;37886984.000
12/30/2008;15.29;16.33;15.03;15.73;2475425;58721324.000
12/31/2008;15.75;15.99;15.34;15.73;1876715;44385296.000
01/05/2009;15.87;16.33;15.54;16.23;2642046;63925216.000
01/06/2009;16.13;16.21;15.53;16.11;2167389;52304352.000
01/07/2009;15.75;16.34;15.68;15.92;2070328;50350680.000
01/08/2009;15.63;15.93;15.43;15.67;1519871;36071796.000
01/09/2009;15.89;16.80;15.70;16.33;2607900;64270496.000
01/12/2009;16.44;16.44;15.92;16.08;2195207;53912768.000
01/13/2009;15.81;16.05;15.07;15.15;1814006;42637636.000
01/14/2009;15.15;16.07;14.90;16.06;2174975;51361636.000
01/15/2009;15.80;16.03;15.33;15.62;1617236;38619856.000
01/16/2009;15.53;15.97;15.16;15.33;1857084;43511932.000
01/19/2009;15.23;15.40;14.71;15.31;1835074;41938152.000
01/20/2009;15.32;15.60;15.01;15.48;1498968;35085656.000
01/21/2009;15.28;15.80;15.16;15.56;1171295;27692856.000
01/22/2009;16.00;17.13;15.99;16.97;3830594;97662832.000
01/23/2009;16.97;17.33;16.27;16.53;2287594;57707680.000
02/02/2009;16.53;16.76;16.13;16.60;1009617;25206262.000
02/03/2009;16.47;17.50;16.31;16.97;1767587;45142484.000
02/04/2009;16.99;17.12;16.57;16.73;1745911;44259044.000
02/05/2009;16.77;16.77;16.07;16.26;1898377;47116332.000
02/06/2009;16.18;17.07;16.18;16.65;1775521;44648560.000
02/09/2009;16.47;17.00;16.47;16.84;2636389;66643668.000
02/10/2009;17.07;17.47;16.65;16.95;1911727;49574232.000
02/11/2009;16.73;17.33;16.57;16.76;1570256;40498548.000
02/12/2009;16.77;16.77;16.27;16.65;1674258;41782084.000
02/13/2009;16.57;17.09;16.33;17.00;1792071;45655876.000
02/16/2009;17.01;17.67;16.81;17.00;1891117;49470624.000
02/17/2009;17.05;17.17;16.39;16.39;1572722;39901588.000
02/18/2009;16.20;16.27;15.28;15.33;1746766;41995800.000
02/19/2009;15.53;16.00;15.37;15.77;1704922;40588704.000
02/20/2009;15.71;16.05;15.71;16.00;1058482;25543322.000
02/23/2009;16.11;16.37;15.80;16.19;1447291;35638008.000
02/24/2009;16.01;16.37;14.89;15.27;1553532;36764012.000
02/25/2009;15.31;15.78;15.01;15.58;1036078;24319708.000
02/26/2009;15.73;16.10;14.47;14.94;1054981;25005842.000
02/27/2009;14.99;14.99;14.14;14.31;920169;20211996.000
03/02/2009;14.14;14.67;13.92;14.43;423943;9340940.000
03/03/2009;14.42;15.90;14.31;15.90;2144723;50446324.000
03/04/2009;16.00;16.77;15.74;16.55;2536929;62462208.000
03/05/2009;16.55;17.25;16.15;16.57;2265958;57700952.000
03/06/2009;16.45;17.30;16.20;17.00;2198570;56805628.000
03/09/2009;17.32;17.33;15.87;16.13;1914369;47679896.000
03/10/2009;15.87;16.59;15.53;16.55;1254667;30835550.000
03/11/2009;17.01;17.09;16.10;16.33;916334;23122848.000
03/12/2009;16.46;16.46;15.65;16.10;892852;21604300.000
03/13/2009;16.33;16.68;16.05;16.20;1187986;29556328.000
03/16/2009;16.33;16.69;16.13;16.60;1058306;26408092.000
03/17/2009;16.67;18.25;16.47;17.75;2180887;57326948.000
03/18/2009;17.80;18.45;17.75;17.80;2283447;62564360.000
03/19/2009;17.72;17.98;17.55;17.89;1539989;41468056.000
03/20/2009;17.83;17.89;17.07;17.39;1656897;43694196.000
03/23/2009;17.53;19.15;17.13;19.15;2581625;71616848.000
03/24/2009;18.73;18.80;18.31;18.36;2583589;72467968.000
03/25/2009;18.36;18.47;17.80;18.21;1848331;50573764.000
03/26/2009;17.87;18.53;17.87;18.37;1033756;28738666.000
03/27/2009;18.40;18.41;18.00;18.07;1059973;29170746.000
03/30/2009;18.07;18.38;17.47;18.05;812551;21938020.000
03/31/2009;17.93;18.14;17.53;17.99;676057;18336944.000
04/01/2009;18.00;18.33;17.99;18.09;893298;24541046.000
04/02/2009;18.19;18.62;17.99;18.32;1309729;36555516.000
04/03/2009;18.33;19.25;18.33;18.95;1915914;54770604.000
04/07/2009;19.80;20.68;19.20;19.39;2662284;80023784.000
04/08/2009;19.93;20.13;19.00;19.03;1856128;55226068.000
04/09/2009;19.03;19.45;18.49;19.03;1241470;35411176.000
04/10/2009;19.17;20.10;18.80;19.90;1653691;49006644.000
04/14/2009;20.61;21.20;20.30;20.71;2278566;71486712.000
04/15/2009;20.70;22.11;20.15;21.98;2476417;79967632.000
04/16/2009;22.53;24.20;22.53;24.20;3122047;111435800.000
04/17/2009;24.07;24.92;23.19;23.75;2246090;81808832.000
04/20/2009;23.13;24.90;22.67;24.80;2629642;93212816.000
04/21/2009;24.80;26.13;24.17;25.51;2202470;84303096.000
04/22/2009;25.68;26.70;22.96;22.96;4586245;112427808.000
04/23/2009;22.66;25.23;21.03;24.88;4486384;104349128.000
04/24/2009;24.85;25.78;23.83;24.90;4805780;120887904.000
04/27/2009;25.00;25.47;23.98;24.10;3120485;76281960.000
04/28/2009;23.70;25.00;23.56;24.80;3002752;73029600.000
04/29/2009;24.75;24.95;24.30;24.59;2362046;57948872.000
04/30/2009;24.59;25.56;24.59;25.56;3062049;77124592.000
05/04/2009;25.64;26.45;25.29;25.66;3821777;98306408.000
05/05/2009;25.78;25.90;25.09;25.88;2374452;60491688.000
05/06/2009;25.87;26.10;25.34;25.67;2418718;62102580.000
05/07/2009;25.70;25.89;24.15;24.85;3021591;75338888.000
05/08/2009;24.70;25.40;24.20;24.72;1951268;48130452.000
05/11/2009;24.82;25.10;24.05;24.05;1477931;36130792.000
05/12/2009;23.90;24.03;23.40;23.83;1352065;31974362.000
05/13/2009;23.95;23.95;23.25;23.55;2186977;51406840.000
05/14/2009;23.56;24.56;23.50;24.46;2360515;57488576.000
05/15/2009;24.55;24.68;24.00;24.08;1448453;34968552.000
05/18/2009;24.05;24.07;23.04;23.62;1198815;28069500.000
05/19/2009;23.72;23.99;23.31;23.58;1489661;35118144.000
05/20/2009;23.78;24.86;23.57;24.29;3451792;84392712.000
05/21/2009;24.01;24.74;23.48;23.86;2134268;51283464.000
05/22/2009;23.51;23.97;23.31;23.48;1190801;27955374.000
05/25/2009;23.20;23.20;21.80;22.90;1294902;29349730.000
05/26/2009;22.90;23.80;22.90;23.04;1356183;31710314.000
05/27/2009;23.46;23.50;22.58;22.91;803237;18398046.000
06/01/2009;23.00;23.60;22.91;23.37;1799202;41958668.000
06/02/2009;23.56;23.58;23.13;23.24;1115998;25964208.000
06/03/2009;23.25;23.50;23.15;23.26;941167;21878576.000
06/04/2009;23.26;23.26;22.60;22.88;1315686;30018246.000
06/05/2009;22.80;23.09;22.53;22.69;1111918;25336590.000
06/08/2009;22.57;22.84;22.20;22.23;1125781;25195704.000
06/09/2009;22.22;22.40;21.87;22.28;847643;18676530.000
06/10/2009;22.30;22.85;22.27;22.58;899148;20339324.000
06/11/2009;23.48;23.48;22.50;23.10;1533966;35474704.000
06/12/2009;23.10;23.28;22.25;22.40;1024714;23191156.000
06/15/2009;22.30;22.70;21.88;22.55;532122;11938625.000
06/16/2009;22.53;22.63;22.00;22.18;687696;15342429.000
06/17/2009;22.20;22.29;21.90;22.29;641322;14188781.000
06/18/2009;22.89;22.89;22.09;22.18;1940625;43196488.000
06/19/2009;22.18;23.50;22.03;23.12;3389392;78355176.000
06/22/2009;23.16;23.40;22.50;22.56;1613086;36756148.000
06/23/2009;22.00;22.50;22.00;22.29;725038;16136309.000
06/24/2009;22.30;22.60;22.11;22.50;938492;20924216.000
06/25/2009;22.45;23.15;22.40;23.06;2136676;48862600.000
06/26/2009;23.18;23.19;22.70;22.82;972882;22303070.000
06/29/2009;22.82;23.05;22.71;22.77;1073560;24541026.000
06/30/2009;22.76;22.76;22.28;22.35;1083101;24308976.000
07/01/2009;22.30;22.53;22.02;22.30;1093613;24284806.000
07/02/2009;22.37;22.90;22.37;22.50;1000124;22635562.000
07/03/2009;22.35;22.59;22.13;22.33;1501745;33383196.000
07/06/2009;22.32;22.80;22.10;22.46;1277539;28765424.000
07/07/2009;22.60;23.68;22.50;23.47;3375101;78567544.000
07/08/2009;23.50;25.82;23.25;25.82;6987069;175752208.000
07/09/2009;26.20;27.67;25.53;26.66;7145170;191591104.000
07/10/2009;26.05;26.80;25.72;25.80;2858266;74606704.000
07/13/2009;25.75;26.35;25.40;25.83;2204140;57238980.000
07/14/2009;25.83;26.36;25.70;25.96;1573959;40958700.000
07/15/2009;26.05;26.90;26.05;26.31;2241585;59259180.000
07/16/2009;26.60;26.60;25.70;25.78;1870364;48527584.000
07/17/2009;25.81;27.66;25.72;27.45;3529449;93999488.000
07/20/2009;27.20;28.90;26.81;27.06;3857008;107440432.000
07/21/2009;26.85;27.53;26.10;26.14;2314339;61847564.000
07/22/2009;26.20;26.85;26.01;26.41;1652049;43527724.000
07/23/2009;26.33;26.58;26.05;26.26;954720;25050448.000
07/24/2009;26.48;27.45;26.25;27.14;2782497;74690824.000
07/27/2009;27.25;28.40;27.16;27.92;2884499;79987720.000
07/28/2009;27.50;27.51;26.60;26.97;2559755;68820600.000
07/29/2009;26.97;26.97;24.27;24.69;2961708;76322808.000
07/30/2009;24.49;25.45;23.90;24.69;1640549;40364520.000
07/31/2009;24.70;25.40;24.70;25.11;1640304;41079228.000
08/03/2009;25.12;25.34;24.65;24.93;1757083;43691272.000
08/04/2009;25.10;25.55;24.91;25.53;1698398;42795832.000
08/05/2009;25.50;25.96;25.24;25.65;1796315;46143780.000
08/06/2009;25.65;26.79;25.02;26.43;2784441;72911552.000
08/07/2009;26.43;26.61;25.00;25.10;1475159;38124896.000
08/10/2009;25.25;27.08;25.25;26.45;2694000;70880000.000
08/11/2009;26.56;26.82;26.02;26.25;1512213;39770860.000
08/12/2009;26.25;26.66;24.51;24.81;1271089;32568512.000
08/13/2009;24.87;25.28;24.28;24.63;982700;24162020.000
08/14/2009;24.70;25.47;23.28;23.55;1109496;26911842.000
08/17/2009;23.23;23.60;21.50;21.63;1252026;27891392.000
08/18/2009;21.68;22.65;20.60;22.28;1010512;22048754.000
08/19/2009;22.38;22.63;20.85;21.00;1067772;23257318.000
08/20/2009;20.88;21.79;20.60;21.52;1040696;22162340.000
08/21/2009;21.68;23.00;21.29;23.00;1471516;32385766.000
08/24/2009;23.49;25.20;23.38;24.50;3587864;86743560.000
08/25/2009;24.00;24.19;22.82;23.69;1633848;38307640.000
08/26/2009;23.43;25.00;23.08;24.20;1672415;40784436.000
08/27/2009;24.05;24.96;23.81;24.45;1454595;35710824.000
08/28/2009;24.46;24.46;23.20;23.45;941081;22170226.000
08/31/2009;23.29;23.36;22.11;22.32;1083451;24616048.000
09/01/2009;22.30;22.82;21.90;22.18;611318;13653794.000
09/02/2009;22.20;24.40;21.91;24.40;1735420;40244080.000
09/03/2009;24.60;25.40;23.70;25.16;3855958;96220864.000
09/04/2009;24.70;25.15;24.37;24.87;1985387;49242684.000
09/07/2009;24.99;26.00;24.95;25.21;2609690;66867828.000
09/08/2009;25.20;25.20;24.45;25.02;1390559;34550104.000
09/09/2009;25.02;25.60;24.65;24.97;1245004;31189200.000
09/10/2009;24.90;25.40;24.65;24.92;911659;22894774.000
09/11/2009;24.95;25.66;24.75;25.66;1923021;48633800.000
09/14/2009;25.88;26.50;25.73;25.99;2072007;53851332.000
09/15/2009;26.21;26.21;25.50;25.88;1396951;36027780.000
09/16/2009;25.86;27.01;25.86;26.25;2813979;74793536.000
09/17/2009;26.24;26.99;25.90;26.67;2179606;58027780.000
09/18/2009;26.66;26.88;25.30;25.38;1810774;46979620.000
09/21/2009;25.30;26.60;24.95;26.50;1687833;43718584.000
09/22/2009;26.48;27.80;26.22;27.10;4154550;113051680.000
09/23/2009;26.51;27.07;26.15;26.60;2877837;76320544.000
09/24/2009;26.80;26.88;25.01;25.55;1319146;34098604.000
09/25/2009;25.50;26.00;25.50;25.59;765848;19710296.000
09/28/2009;25.55;26.21;25.01;25.20;1261916;32516188.000
09/29/2009;25.20;25.50;23.85;24.70;1044298;25473494.000
09/30/2009;24.81;25.30;24.67;24.84;590941;14741356.000
10/09/2009;25.37;25.88;25.18;25.82;714229;18328818.000
10/12/2009;26.48;26.48;25.50;26.00;1024892;26744604.000
10/13/2009;26.38;26.81;26.00;26.80;1147565;30397062.000
10/14/2009;27.01;27.15;26.47;26.60;1593353;42572772.000
10/15/2009;26.62;27.03;26.48;26.49;957280;25555962.000
10/16/2009;26.65;26.69;25.88;26.44;1068501;27978624.000
10/19/2009;26.64;27.45;26.55;27.40;1651926;44685800.000
10/20/2009;27.45;27.50;26.72;27.28;2882232;77834520.000
10/21/2009;27.25;27.25;26.76;26.88;1506685;40645028.000
10/22/2009;26.90;27.97;26.90;27.45;2240229;61756852.000
10/23/2009;27.58;30.20;27.58;30.20;6008749;179064048.000
10/26/2009;30.28;30.84;29.65;30.49;4808854;145757408.000
10/27/2009;30.27;30.74;29.26;29.53;2482486;74491416.000
10/28/2009;29.49;31.80;29.10;31.38;4089637;124887048.000
10/29/2009;30.80;32.38;30.50;30.88;3408630;106656336.000
10/30/2009;31.35;31.82;29.51;29.77;3434408;104073776.000
11/02/2009;28.80;31.00;28.50;30.53;2970817;89579584.000
11/03/2009;30.62;31.08;29.71;30.65;2448067;74420928.000
11/04/2009;30.49;31.50;30.10;30.73;1849094;56978372.000
11/06/2009;31.00;31.11;30.40;30.48;1662731;51164748.000
11/09/2009;30.48;30.92;30.01;30.54;1288806;39046232.000
11/10/2009;30.80;31.45;30.50;31.27;1911342;59180048.000
11/11/2009;31.18;32.07;30.90;31.27;1603121;50477892.000
11/12/2009;31.55;31.55;30.90;30.96;1231502;38378916.000
11/13/2009;30.85;32.60;30.75;32.25;2355525;74311760.000
11/16/2009;32.20;32.75;32.00;32.43;1974568;63833832.000
11/17/2009;32.44;33.25;32.20;32.99;1559415;50924772.000
11/18/2009;33.40;33.40;32.38;32.60;1072908;35070804.000
11/19/2009;32.51;34.64;32.50;34.00;2379431;80478752.000
11/20/2009;33.91;35.35;33.50;33.78;2346448;80591544.000
11/23/2009;33.78;34.77;33.58;34.68;1648413;56292412.000
11/24/2009;34.73;34.98;32.60;32.70;2279189;77059328.000
11/25/2009;32.80;34.18;32.50;34.04;2232039;74673392.000
11/26/2009;33.96;34.40;32.30;32.32;2085388;68886336.000
11/27/2009;32.00;33.38;31.80;32.32;1542692;50327304.000
11/30/2009;32.20;33.40;32.20;33.36;1455232;47922436.000
12/01/2009;33.38;35.86;33.37;35.30;2744189;95539992.000
12/02/2009;35.32;35.98;34.50;35.27;1814910;63779512.000
12/03/2009;35.18;36.52;34.78;36.45;1569048;56231264.000
12/04/2009;36.00;36.31;34.20;34.72;1613555;56721876.000
12/07/2009;34.55;35.32;34.55;34.83;624821;21746292.000
12/08/2009;34.75;35.22;34.05;34.99;790761;27323896.000
12/09/2009;34.97;35.50;34.50;35.30;913418;32052390.000
12/10/2009;35.50;35.50;34.66;35.24;682445;23951248.000
12/11/2009;35.27;35.28;34.41;34.47;719721;24922398.000
12/14/2009;34.98;35.10;34.07;34.60;821446;28435578.000
12/15/2009;34.60;34.89;34.32;34.58;421661;14624832.000
12/16/2009;34.49;34.70;33.67;33.90;708376;24202018.000
12/17/2009;33.90;33.90;32.41;32.52;693346;22872932.000
12/18/2009;32.70;32.98;31.90;32.47;635040;20681462.000
12/21/2009;32.40;33.27;32.40;33.26;657400;21711018.000
12/22/2009;33.79;33.80;31.10;31.69;755821;24435864.000
12/23/2009;31.96;32.25;31.50;32.25;664188;21148408.000
12/24/2009;32.88;33.21;32.00;33.10;651249;21391568.000
12/25/2009;33.10;33.33;32.81;33.01;477060;15761666.000
12/28/2009;33.24;35.25;33.24;34.57;1681678;57655692.000
12/29/2009;34.58;35.05;34.30;34.56;692660;23993798.000
12/30/2009;34.99;34.99;33.21;34.23;939049;32003264.000
12/31/2009;33.93;34.45;33.82;34.23;554726;18920316.000
01/04/2010;34.68;34.85;33.60;34.02;618573;21048862.000
01/05/2010;34.28;34.63;33.82;34.44;835375;28550994.000
01/06/2010;34.20;34.69;34.14;34.58;903644;31119698.000
01/07/2010;34.79;35.85;34.21;34.40;1442099;50781984.000
01/08/2010;33.80;34.48;32.81;34.40;549728;18638124.000
01/11/2010;34.42;34.80;33.20;33.60;739451;24876972.000
01/12/2010;33.60;33.92;33.10;33.80;714648;24004062.000
01/13/2010;33.01;34.88;33.01;34.57;1291411;44313024.000
01/14/2010;34.55;35.90;34.22;35.38;1767593;62414484.000
01/15/2010;35.75;36.22;35.48;35.62;1715855;61575748.000
01/18/2010;35.62;36.50;35.30;36.10;852818;30679722.000
01/19/2010;36.10;36.30;35.51;36.12;966608;34764804.000
01/20/2010;36.48;36.48;33.56;34.19;729036;25507904.000
01/21/2010;34.23;34.70;33.75;34.44;436132;15010529.000
01/22/2010;34.10;34.50;32.65;33.51;609180;20392166.000
01/25/2010;33.50;33.85;33.00;33.00;293644;9819638.000
01/26/2010;33.05;33.60;32.00;32.28;654029;21613068.000
01/27/2010;32.30;32.92;31.27;32.40;415689;13454006.000
01/28/2010;32.45;33.18;32.40;33.16;360632;11887438.000
01/29/2010;32.96;34.10;32.91;33.65;493515;16617991.000
02/01/2010;33.65;35.00;33.32;34.92;2099057;72269080.000
02/02/2010;34.85;35.38;34.00;34.38;420983;14560388.000
02/03/2010;34.34;34.80;33.20;34.50;349132;11852746.000
02/04/2010;34.62;35.00;34.02;34.70;919049;31977704.000
02/05/2010;33.43;34.28;33.02;33.25;479037;16019477.000
02/08/2010;33.25;33.86;32.51;32.60;252179;8314410.000
02/09/2010;32.70;33.48;32.40;32.99;192363;6313245.000
02/10/2010;32.45;33.39;32.30;33.10;282655;9321684.000
02/11/2010;33.50;33.68;32.92;33.53;205077;6862384.000
02/12/2010;33.52;34.35;33.33;34.33;246446;8389669.000
02/22/2010;34.15;34.50;34.01;34.01;238654;8185181.000
02/23/2010;33.90;34.79;33.80;34.77;494114;17044798.000
02/24/2010;34.95;36.22;34.55;36.20;871954;31122956.000
02/25/2010;36.26;36.46;35.60;36.30;814810;29439116.000
02/26/2010;36.20;37.75;36.01;37.51;1155865;42833504.000
03/01/2010;37.70;38.60;37.28;37.73;697935;26461924.000
03/02/2010;38.00;38.10;36.66;36.93;605761;22492098.000
03/03/2010;36.79;37.30;36.40;37.17;495009;18203020.000
03/04/2010;37.29;37.69;36.80;36.90;743997;27692930.000
03/05/2010;36.80;37.50;36.40;37.42;649243;23899210.000
03/08/2010;37.42;38.48;36.80;37.74;490800;18555454.000
03/09/2010;37.70;38.80;37.25;37.65;489994;18693422.000
03/10/2010;37.50;37.88;36.80;37.00;285043;10637675.000
03/11/2010;36.65;37.00;36.61;36.73;218784;8033025.000
03/12/2010;36.90;37.68;36.71;36.82;286293;10629622.000
03/15/2010;36.73;37.55;36.73;37.00;194546;7224247.500
03/16/2010;37.14;37.83;36.90;37.80;241249;9049382.000
03/17/2010;38.00;38.79;37.62;38.37;367157;14046817.000
03/18/2010;38.60;38.98;38.00;38.25;237153;9115282.000
03/19/2010;38.20;38.98;38.20;38.74;193043;7466313.000
03/23/2010;38.98;40.79;38.38;40.10;451700;17862810.000
