002039 黔源电力 日线
      日期	    开盘	    最高	    最低	    收盘	    成交量	    成交额
03/03/2005;6.67;6.97;6.22;6.31;24380244;234728560.000
03/04/2005;6.47;7.01;6.47;6.74;17313930;170407968.000
03/07/2005;6.66;6.69;6.21;6.38;9132147;85957688.000
03/08/2005;6.34;6.58;6.28;6.58;6325955;59703464.000
03/09/2005;6.59;6.69;6.34;6.37;5412426;51320400.000
03/10/2005;6.41;6.59;6.37;6.41;4600511;43351440.000
03/11/2005;6.46;6.78;6.45;6.51;7815544;75285384.000
03/14/2005;6.59;6.94;6.50;6.84;8030683;78988288.000
03/15/2005;6.81;6.84;6.62;6.72;3678782;35975964.000
03/16/2005;6.68;6.70;6.36;6.47;3758390;35626224.000
03/17/2005;6.41;6.54;6.32;6.36;2998112;28044936.000
03/18/2005;6.37;6.43;6.22;6.43;2495279;23130562.000
03/21/2005;6.37;6.49;6.33;6.46;1616577;15189748.000
03/22/2005;6.41;6.45;5.75;5.75;8011273;68936824.000
03/23/2005;5.60;5.69;5.43;5.54;4161800;34300328.000
03/24/2005;5.51;5.63;5.47;5.59;2386061;19599884.000
03/25/2005;5.57;5.60;5.31;5.34;3324518;26967342.000
03/28/2005;5.34;5.47;5.22;5.44;2358678;18846270.000
03/29/2005;5.41;5.55;5.37;5.39;1525236;12352786.000
03/30/2005;5.22;5.33;5.15;5.19;2102865;16374233.000
03/31/2005;5.30;5.66;5.30;5.44;3763794;30552042.000
04/01/2005;5.44;5.77;5.38;5.66;4641225;38222608.000
04/04/2005;5.55;5.64;5.46;5.53;2611642;21523400.000
04/05/2005;5.51;5.56;5.45;5.49;1589896;12989871.000
04/06/2005;5.50;5.81;5.50;5.69;3184218;26650292.000
04/07/2005;5.68;5.89;5.62;5.68;3283193;27870574.000
04/08/2005;5.75;5.81;5.66;5.75;1892729;16021920.000
04/11/2005;5.75;5.79;5.55;5.58;1944844;16302359.000
04/12/2005;5.58;5.64;5.53;5.60;1057466;8754210.000
04/13/2005;5.61;5.80;5.61;5.68;1772481;14981078.000
04/14/2005;5.75;5.77;5.59;5.60;1499928;12607257.000
04/15/2005;5.56;5.56;5.37;5.37;1967307;15891684.000
04/18/2005;5.34;5.37;5.22;5.26;1353184;10626203.000
04/19/2005;5.30;5.41;5.26;5.37;946541;7535480.500
04/20/2005;5.36;5.37;5.22;5.28;1156401;9152077.000
04/21/2005;5.28;5.28;4.84;4.94;3208958;23977256.000
04/22/2005;4.94;5.16;4.85;5.06;2244254;16880904.000
04/25/2005;5.00;5.05;4.84;4.92;963530;7169651.500
04/26/2005;4.36;4.76;4.36;4.70;5751695;40217072.000
04/27/2005;4.64;4.84;4.64;4.78;2364335;16966808.000
04/28/2005;4.76;4.84;4.70;4.75;1435664;10305490.000
04/29/2005;4.75;4.94;4.74;4.87;1286361;9381943.000
05/09/2005;4.79;4.92;4.75;4.81;1431933;10388939.000
05/10/2005;5.20;5.20;4.60;4.82;1102222;7938274.000
05/11/2005;4.84;4.85;4.66;4.74;970939;6985544.500
05/12/2005;4.78;4.78;4.68;4.73;421180;3000959.750
05/13/2005;4.73;4.78;4.68;4.73;246446;1760219.375
05/16/2005;4.73;4.73;4.47;4.50;750499;5177232.000
05/17/2005;4.50;4.62;4.47;4.56;726340;5017810.000
05/18/2005;4.56;4.63;4.50;4.54;626774;4339168.500
05/19/2005;4.58;4.67;4.50;4.64;1037714;7232916.500
05/20/2005;4.63;4.72;4.61;4.66;989615;6980984.000
05/23/2005;4.62;4.64;4.53;4.61;519641;3621170.500
05/24/2005;4.55;4.68;4.54;4.64;672959;4715495.500
05/25/2005;4.69;4.69;4.56;4.58;683390;4756779.500
05/26/2005;4.62;4.62;4.48;4.50;578006;4007663.250
05/27/2005;4.47;4.50;4.17;4.19;1453711;9612100.000
05/30/2005;4.09;4.30;4.09;4.27;572520;3699230.250
05/31/2005;4.28;4.31;4.12;4.23;692264;4485598.000
06/01/2005;4.20;4.20;3.96;4.01;893600;5598862.500
06/03/2005;3.61;3.81;3.59;3.73;5177729;29766566.000
06/06/2005;3.67;3.82;3.58;3.80;1736493;10112971.000
06/07/2005;3.80;3.90;3.72;3.72;1817589;10785746.000
06/08/2005;3.70;4.16;3.63;4.16;3926770;24542048.000
06/09/2005;4.16;4.50;4.06;4.36;5525368;36628756.000
06/10/2005;4.39;4.39;4.13;4.22;3965247;25887660.000
06/13/2005;4.24;4.35;4.15;4.28;2213402;14426415.000
06/14/2005;4.29;4.32;4.08;4.08;1922000;12377943.000
06/15/2005;4.03;4.03;3.84;3.92;1758799;10711998.000
06/16/2005;3.92;4.19;3.91;4.18;2623565;16482269.000
06/17/2005;4.24;4.28;4.09;4.12;1479013;9435572.000
06/20/2005;4.14;4.49;4.13;4.47;4703533;31428114.000
06/21/2005;4.54;4.58;4.40;4.48;4604408;31514464.000
06/22/2005;4.44;4.56;4.37;4.54;2710896;18424650.000
06/23/2005;4.56;4.77;4.48;4.48;4037694;27777280.000
06/24/2005;4.47;4.58;4.45;4.57;1472576;9946528.000
06/27/2005;4.65;4.98;4.64;4.80;6042337;43412604.000
06/28/2005;4.73;4.78;4.62;4.64;2367850;16487592.000
06/29/2005;4.60;4.76;4.59;4.61;1753522;12157205.000
06/30/2005;4.61;4.63;4.39;4.39;1880289;12614239.000
07/01/2005;4.39;4.52;4.30;4.34;1389987;9160380.000
07/04/2005;4.40;4.40;4.11;4.33;1460110;9263343.000
07/05/2005;4.30;4.33;4.12;4.24;1246528;7933537.500
07/06/2005;3.98;4.20;3.96;4.04;2944319;18200016.000
07/07/2005;3.99;4.12;3.92;3.96;1721298;10453177.000
07/08/2005;3.93;3.93;3.77;3.83;1360562;7944597.500
07/11/2005;3.95;4.03;3.79;3.82;1029015;6120886.000
07/12/2005;3.77;4.10;3.73;4.05;1613947;9719888.000
07/13/2005;4.01;4.08;3.95;3.96;1396752;8469660.000
07/14/2005;4.00;4.13;3.94;4.07;1338153;8202753.000
07/15/2005;4.08;4.10;3.98;4.01;747591;4551019.500
07/18/2005;3.97;4.06;3.95;4.02;752240;4543474.000
07/19/2005;3.98;4.06;3.90;4.06;608880;3687762.250
07/20/2005;4.09;4.20;4.04;4.17;1286314;8037003.500
07/21/2005;4.17;4.20;4.08;4.16;1104255;6897732.500
07/22/2005;4.16;4.32;4.11;4.26;1721337;10902142.000
07/25/2005;4.26;4.32;4.18;4.24;1079814;6913949.500
07/26/2005;4.23;4.48;4.23;4.37;2239657;14704554.000
07/27/2005;4.41;4.59;4.34;4.59;2142818;14400288.000
07/28/2005;4.59;4.69;4.51;4.51;2279975;15570576.000
07/29/2005;4.48;4.66;4.48;4.58;1330721;9106038.000
08/01/2005;4.61;4.79;4.60;4.64;1117110;7772683.000
08/02/2005;4.63;4.70;4.62;4.70;1035006;7180174.500
08/03/2005;4.78;4.84;4.67;4.80;1721827;12153478.000
08/04/2005;4.78;4.83;4.72;4.80;2015225;14300190.000
08/05/2005;4.79;5.12;4.77;5.09;3993235;29221044.000
08/08/2005;5.16;5.34;5.05;5.09;3728313;28318450.000
08/09/2005;5.08;5.20;5.02;5.17;1548950;11651669.000
08/10/2005;5.20;5.27;5.09;5.24;1704005;12958156.000
08/11/2005;5.23;5.29;5.15;5.17;1667098;12758886.000
08/12/2005;5.18;5.33;5.03;5.15;1707843;12958983.000
08/15/2005;5.13;5.45;5.09;5.42;2673230;20722848.000
08/16/2005;5.39;5.42;5.13;5.23;2226711;17271582.000
08/17/2005;5.19;5.42;5.10;5.39;2669278;20701438.000
08/18/2005;5.36;5.36;4.98;5.04;2571609;19593224.000
08/19/2005;5.03;5.22;4.94;5.08;1409007;10512264.000
08/22/2005;5.07;5.15;4.98;5.10;532376;3998066.750
08/23/2005;5.03;5.11;4.99;5.03;484040;3595879.750
08/24/2005;5.11;5.17;5.05;5.09;631280;4758262.500
08/25/2005;5.09;5.28;5.05;5.25;1242740;9501018.000
08/26/2005;5.28;5.36;5.20;5.23;883729;6847808.000
08/29/2005;5.36;5.36;5.10;5.12;727940;5546298.000
08/30/2005;5.12;5.19;5.08;5.09;350500;2643900.000
08/31/2005;5.11;5.23;5.10;5.23;920800;7006715.000
09/01/2005;5.24;5.37;5.18;5.34;1629929;12719638.000
09/02/2005;5.34;5.53;5.34;5.47;1530781;12212333.000
09/05/2005;5.48;5.53;5.38;5.46;718365;5708114.500
09/06/2005;5.47;5.47;5.28;5.29;1274779;10017471.000
09/07/2005;5.25;5.48;5.25;5.46;946938;7455583.500
09/08/2005;5.48;5.52;5.39;5.48;1067033;8520056.000
09/09/2005;5.55;5.66;5.48;5.48;1467501;11951351.000
09/12/2005;5.48;5.52;5.32;5.38;919438;7256264.000
09/13/2005;5.36;5.50;5.33;5.50;649923;5158882.500
09/14/2005;5.52;5.52;5.41;5.46;950150;7563600.000
09/15/2005;5.47;5.47;5.33;5.36;847008;6661087.000
09/16/2005;5.42;5.42;5.28;5.29;767290;5988620.500
11/09/2005;5.32;5.47;5.05;5.05;4326233;32884074.000
11/10/2005;5.02;5.17;5.00;5.07;2150746;16128722.000
11/11/2005;5.07;5.11;4.94;5.02;2588883;19114422.000
11/30/2005;5.34;5.76;5.14;5.61;18387284;110784792.000
12/01/2005;5.59;5.59;5.38;5.45;6795022;41121120.000
12/02/2005;5.41;5.45;5.32;5.37;2554742;15237514.000
12/05/2005;5.36;5.37;5.12;5.13;2896349;16805206.000
12/06/2005;5.03;5.21;4.96;4.96;2471566;13993515.000
12/07/2005;4.97;5.10;4.94;5.05;1747735;9797593.000
12/08/2005;5.03;5.09;4.94;4.98;1029251;5755380.000
12/09/2005;4.97;5.16;4.84;5.09;1980731;11090703.000
12/12/2005;5.10;5.17;5.03;5.11;1567355;8933573.000
12/13/2005;5.14;5.14;5.03;5.10;743866;4212378.000
12/14/2005;5.11;5.13;5.04;5.12;1101067;6254704.000
12/15/2005;5.13;5.15;5.03;5.03;1533091;8724595.000
12/16/2005;5.03;5.10;4.97;5.09;1588838;8935708.000
12/19/2005;5.07;5.14;5.01;5.09;1136645;6453085.000
12/20/2005;5.08;5.10;5.00;5.03;927375;5220094.500
12/21/2005;5.00;5.07;5.00;5.04;986914;5545530.500
12/22/2005;5.01;5.03;4.85;5.02;3423982;18946718.000
12/23/2005;4.99;5.01;4.93;4.99;1780614;9899789.000
12/26/2005;4.98;5.05;4.97;5.00;2258439;12654244.000
12/27/2005;5.02;5.10;5.01;5.07;1952276;11045652.000
12/28/2005;5.07;5.09;5.01;5.09;1311248;7391627.500
12/29/2005;5.08;5.11;5.04;5.09;1643085;9297738.000
12/30/2005;5.10;5.13;4.98;5.06;1731883;9753456.000
01/04/2006;5.01;5.05;4.96;5.03;1309020;7333879.500
01/05/2006;5.01;5.09;4.99;5.07;1922991;10847888.000
01/06/2006;5.07;5.26;5.02;5.20;4673506;26828174.000
01/09/2006;5.22;5.31;5.15;5.28;4050927;23621770.000
01/10/2006;5.29;5.30;5.15;5.22;2229661;12939064.000
01/11/2006;5.23;5.33;5.17;5.23;3077950;18018976.000
01/12/2006;5.21;5.34;5.21;5.28;2918131;17125992.000
01/13/2006;5.30;5.35;5.18;5.23;2824508;16489760.000
01/16/2006;5.24;5.29;5.09;5.12;3401324;19654508.000
01/17/2006;5.12;5.16;5.04;5.05;2071092;11774735.000
01/18/2006;5.03;5.15;5.03;5.13;1889020;10774580.000
01/19/2006;5.13;5.22;5.10;5.19;2271659;13056193.000
01/20/2006;5.19;5.33;5.14;5.28;5071165;29773458.000
01/23/2006;5.29;5.39;5.22;5.32;3603408;21291474.000
01/24/2006;5.33;5.44;5.25;5.26;3563046;21201078.000
01/25/2006;5.25;5.29;5.04;5.14;2700826;15492321.000
02/06/2006;5.19;5.33;5.16;5.32;2248751;13177171.000
02/07/2006;5.33;5.38;5.17;5.33;2348926;13729092.000
02/08/2006;5.34;5.38;5.25;5.35;2264644;13382563.000
02/09/2006;5.39;5.59;5.35;5.48;7443606;45220184.000
02/10/2006;5.51;5.85;5.44;5.77;11463813;71883744.000
02/13/2006;5.80;5.95;5.64;5.79;6764204;43305292.000
02/14/2006;5.79;5.79;5.67;5.74;2779446;17548482.000
02/15/2006;5.73;5.91;5.69;5.71;3878172;24722480.000
02/16/2006;5.70;5.70;5.42;5.43;4441790;27157040.000
02/17/2006;5.42;5.52;5.34;5.38;3201571;19286454.000
02/20/2006;5.40;5.49;5.12;5.29;3979959;23479184.000
02/21/2006;5.21;5.32;5.10;5.29;2831590;16417423.000
02/22/2006;5.29;5.34;5.22;5.23;1960601;11491766.000
02/23/2006;5.19;5.25;5.12;5.18;1751400;10109833.000
02/24/2006;5.17;5.31;5.14;5.30;1778207;10414610.000
02/27/2006;5.30;5.32;5.22;5.24;1360668;7957174.000
02/28/2006;5.24;5.29;5.15;5.27;1287568;7453251.500
03/01/2006;5.27;5.43;5.23;5.40;2517953;14936371.000
03/02/2006;5.44;5.46;5.29;5.34;2877830;17208300.000
03/03/2006;5.29;5.42;5.21;5.36;1981316;11662151.000
03/06/2006;5.36;5.38;5.22;5.27;844563;4957013.500
03/07/2006;5.24;5.27;5.11;5.11;1345370;7747658.000
03/08/2006;5.10;5.13;5.03;5.07;812392;4605386.000
03/09/2006;5.09;5.16;5.09;5.09;677920;3875176.250
03/10/2006;5.16;5.16;5.06;5.08;520844;2960130.000
03/13/2006;5.08;5.13;5.05;5.08;604892;3436698.750
03/14/2006;5.11;5.19;5.07;5.16;745853;4266851.000
03/15/2006;5.11;5.16;5.10;5.16;829460;4751183.500
03/16/2006;5.17;5.19;5.08;5.10;834892;4757694.000
03/17/2006;5.09;5.13;5.07;5.11;831326;4729372.500
03/20/2006;5.11;5.18;5.07;5.17;1268254;7249960.000
03/21/2006;5.16;5.25;5.16;5.17;1086003;6291428.000
03/22/2006;5.16;5.20;5.13;5.18;735457;4233945.500
03/23/2006;5.17;5.34;5.16;5.29;1666439;9792421.000
03/24/2006;5.24;5.35;5.24;5.26;1350718;7955309.000
03/27/2006;5.20;5.26;5.14;5.18;2930948;16920842.000
03/28/2006;5.22;5.30;5.20;5.24;1876313;10972337.000
03/29/2006;5.24;5.51;5.24;5.38;3517895;21037034.000
03/30/2006;5.36;5.41;5.27;5.27;1428411;8460232.000
03/31/2006;5.24;5.43;5.24;5.41;1770895;10526701.000
04/03/2006;5.46;5.56;5.37;5.54;3372070;20491064.000
04/04/2006;5.56;5.63;5.49;5.60;3098150;19078468.000
04/05/2006;5.60;5.66;5.51;5.55;2413747;14816320.000
04/06/2006;5.53;5.61;5.41;5.46;3381610;20537688.000
04/07/2006;5.45;5.51;5.36;5.47;2117417;12799956.000
04/10/2006;5.49;5.60;5.46;5.57;2592008;15910539.000
04/11/2006;5.58;5.66;5.52;5.66;3739577;23177356.000
04/12/2006;5.73;5.81;5.67;5.67;4461112;28193386.000
04/13/2006;5.62;5.68;5.45;5.46;3248879;19919758.000
04/14/2006;5.42;5.66;5.41;5.65;2921223;17940340.000
04/17/2006;5.63;5.78;5.55;5.77;4090274;25773538.000
04/18/2006;5.76;5.76;5.62;5.65;1867257;11707039.000
04/19/2006;5.65;5.81;5.64;5.73;2013933;12692923.000
04/20/2006;5.74;5.74;5.51;5.58;2386969;14729954.000
04/21/2006;5.56;5.66;5.51;5.52;2771431;17048022.000
04/24/2006;5.53;5.60;5.26;5.33;3831728;22748158.000
04/25/2006;5.31;5.53;5.21;5.51;2312931;13931802.000
04/26/2006;5.53;5.62;5.45;5.52;2158087;13198556.000
04/27/2006;5.52;5.76;5.48;5.62;2585567;16075537.000
04/28/2006;5.53;5.82;5.49;5.81;6071660;38471600.000
05/08/2006;5.87;6.12;5.82;6.02;4585579;30297086.000
05/09/2006;6.11;6.12;5.93;6.02;4106219;27166852.000
05/10/2006;6.02;6.02;5.76;5.89;3470800;22650112.000
05/11/2006;5.89;6.06;5.71;5.73;3757769;24438204.000
05/12/2006;5.72;6.08;5.71;6.02;4185937;27378990.000
05/15/2006;6.07;6.68;6.01;6.68;8473198;59112728.000
05/16/2006;6.67;7.30;6.53;6.63;7157132;53527968.000
05/17/2006;6.66;7.07;6.65;6.89;4895967;36437516.000
05/18/2006;6.82;7.03;6.67;6.94;2556825;19152378.000
05/19/2006;6.95;7.31;6.87;7.17;3299370;25463344.000
05/22/2006;7.17;7.28;7.04;7.12;3507617;27187684.000
05/23/2006;6.91;7.15;6.71;6.85;4273817;32015108.000
05/24/2006;6.82;7.16;6.81;7.05;3121201;23606524.000
05/25/2006;7.04;7.81;6.96;7.52;4893499;39423920.000
05/26/2006;7.54;7.96;7.47;7.61;2771196;23022422.000
05/29/2006;7.57;8.20;7.51;7.94;2861849;24302126.000
05/30/2006;7.97;8.01;7.71;7.87;1909880;16166515.000
05/31/2006;7.76;8.05;7.51;7.66;2247663;18759216.000
06/01/2006;7.66;7.80;7.56;7.71;2857570;23740152.000
06/02/2006;7.81;7.91;7.32;7.38;3012127;24629286.000
06/05/2006;7.38;7.60;7.09;7.51;2525341;19964642.000
06/06/2006;7.53;7.66;7.21;7.56;2963155;23969216.000
06/07/2006;7.56;7.56;6.84;6.87;2918411;22445864.000
06/08/2006;6.81;7.00;6.61;6.87;1865664;13683246.000
06/09/2006;6.97;7.05;6.83;6.95;3083143;23205614.000
06/12/2006;6.74;7.01;6.74;6.95;919634;6898647.000
06/13/2006;6.96;6.96;6.68;6.91;1211513;8980870.000
06/14/2006;6.81;6.89;6.65;6.73;747601;5467062.500
06/15/2006;6.83;6.96;6.69;6.85;658475;4891182.500
06/16/2006;6.89;7.05;6.77;7.00;1481165;11138323.000
06/19/2006;6.86;7.18;6.86;7.05;1913049;14575078.000
06/20/2006;7.05;7.22;6.96;7.19;2223991;17212552.000
06/21/2006;7.17;7.43;7.12;7.40;1308054;10338388.000
06/22/2006;7.34;7.39;7.17;7.29;1013480;7954899.000
06/23/2006;7.18;7.29;7.03;7.15;1012132;7777473.500
06/26/2006;7.17;7.25;6.98;7.24;3132761;23977824.000
06/28/2006;7.16;7.21;7.05;7.15;902564;6956974.000
06/29/2006;7.17;7.40;7.14;7.25;1430232;11249207.000
06/30/2006;7.50;7.59;7.29;7.41;2487980;19916810.000
07/03/2006;7.51;7.84;7.33;7.73;3026093;24811760.000
07/04/2006;7.71;7.76;7.50;7.74;2075826;17015832.000
07/05/2006;7.71;7.71;6.91;7.21;5112265;40266360.000
07/06/2006;6.91;7.38;6.71;7.25;5136198;39455168.000
07/07/2006;7.19;7.29;7.01;7.26;2013721;15604608.000
07/10/2006;7.26;7.41;6.95;7.36;2136468;16718172.000
07/11/2006;7.27;7.39;6.89;7.11;3206240;24630028.000
07/12/2006;7.01;7.23;6.96;7.01;2049381;15681355.000
07/13/2006;7.06;7.08;6.39;6.41;2424008;17649702.000
07/14/2006;6.41;6.64;6.22;6.59;1430241;10200192.000
07/18/2006;6.61;6.71;6.49;6.52;748682;5356915.000
07/19/2006;6.54;6.61;6.41;6.58;984594;6963905.000
07/20/2006;6.57;6.73;6.53;6.60;1223465;8875411.000
07/21/2006;6.77;6.77;6.42;6.49;769219;5328530.500
07/24/2006;6.30;6.59;6.30;6.54;1016367;6925157.500
07/25/2006;6.42;6.50;6.39;6.40;1479287;10054739.000
07/26/2006;6.41;6.44;6.30;6.42;929229;6234449.000
07/27/2006;6.43;6.44;6.24;6.25;785638;5251329.500
07/28/2006;6.25;6.35;6.11;6.27;1199765;7880022.500
07/31/2006;6.22;6.24;5.85;5.90;1308272;8346348.500
08/01/2006;5.89;5.94;5.79;5.84;910728;5668774.500
08/02/2006;5.85;5.94;5.79;5.91;550181;3427429.250
08/03/2006;5.94;5.97;5.54;5.64;1915224;11525769.000
08/04/2006;5.64;5.76;5.57;5.67;1168275;7044285.500
08/07/2006;5.64;5.71;5.61;5.63;508437;3063912.750
08/08/2006;5.67;5.87;5.67;5.81;797162;4891208.500
08/09/2006;5.80;5.80;5.67;5.79;454240;2770558.250
08/10/2006;5.79;6.13;5.72;6.11;2142053;13430253.000
08/11/2006;6.16;6.17;5.94;5.94;2585279;16618560.000
08/14/2006;5.89;6.01;5.83;5.89;769521;4814738.000
08/15/2006;5.89;6.15;5.79;6.09;1465664;9402382.000
08/16/2006;6.02;6.19;6.02;6.09;576432;3724742.500
08/17/2006;6.07;6.10;5.90;5.96;590546;3744758.500
08/18/2006;5.94;6.00;5.86;5.86;444666;2787101.000
08/21/2006;5.67;5.98;5.63;5.98;577658;3585517.250
08/22/2006;5.95;6.02;5.85;5.98;896249;5657951.500
08/23/2006;5.98;6.06;5.89;5.90;325630;2050604.250
08/24/2006;5.90;6.02;5.79;5.95;427857;2690422.000
08/25/2006;5.67;6.12;5.67;5.99;1124760;7117722.000
08/28/2006;5.97;6.16;5.97;6.12;1004205;6468073.500
08/29/2006;6.14;6.21;6.03;6.11;1287956;8323594.500
08/30/2006;6.11;6.11;5.99;6.04;1034450;6607970.500
08/31/2006;6.05;6.14;6.04;6.06;728440;4686443.000
09/01/2006;6.04;6.04;5.82;5.87;756206;4774521.000
09/04/2006;5.84;6.11;5.80;6.05;974302;6188213.000
09/05/2006;6.02;6.06;5.92;5.94;373573;2371006.000
09/06/2006;6.02;6.11;5.94;6.05;744806;4773774.000
09/07/2006;6.06;6.13;5.95;6.11;1181306;7591866.500
09/08/2006;6.11;6.24;6.01;6.21;1478778;9646540.000
09/11/2006;6.21;6.24;6.04;6.22;1161552;7533492.000
09/12/2006;6.18;6.59;6.09;6.46;3300815;22390774.000
09/13/2006;6.46;6.63;6.41;6.43;1626816;11188218.000
09/14/2006;6.35;6.54;6.19;6.54;1261935;8481034.000
09/15/2006;6.50;6.71;6.45;6.62;1644479;11458311.000
09/18/2006;6.58;6.70;6.53;6.64;1087085;7582508.000
09/19/2006;6.67;6.69;6.45;6.54;1015178;6983862.500
09/20/2006;6.46;6.59;6.44;6.49;861055;5904408.500
09/21/2006;6.49;6.64;6.40;6.62;1126948;7739053.500
09/22/2006;6.55;6.60;6.43;6.55;910623;6255595.500
09/25/2006;6.55;6.55;6.22;6.27;1698731;11352542.000
09/26/2006;6.26;6.29;6.14;6.16;517853;3398993.500
09/27/2006;6.16;6.36;6.14;6.35;443440;2926541.250
09/28/2006;6.30;6.61;6.26;6.41;1099017;7511986.000
09/29/2006;6.41;6.58;6.24;6.32;1912568;12802342.000
10/09/2006;6.32;6.41;6.31;6.38;1366544;9176432.000
10/10/2006;6.62;6.62;6.42;6.49;1421295;9775855.000
10/11/2006;6.51;6.52;6.29;6.34;1233688;8318650.000
10/12/2006;6.35;6.42;6.33;6.37;798573;5368874.000
10/13/2006;6.43;6.43;6.25;6.29;1052633;7011922.500
10/16/2006;6.19;6.20;5.83;5.86;3115717;19606288.000
10/17/2006;5.85;5.93;5.84;5.89;739359;4613056.500
10/18/2006;5.89;5.91;5.77;5.88;1053655;6521596.000
10/19/2006;5.89;5.90;5.69;5.72;1698489;10407466.000
10/20/2006;5.73;5.79;5.69;5.74;1050299;6402608.500
10/23/2006;5.81;5.81;5.61;5.64;1027053;6223654.500
10/24/2006;5.65;5.78;5.65;5.76;944161;5737085.000
10/25/2006;5.76;5.76;5.62;5.65;1135147;6835044.000
10/26/2006;5.66;5.71;5.62;5.67;528572;3182923.000
10/27/2006;5.69;5.94;5.69;5.84;2186788;13559576.000
10/30/2006;5.82;5.97;5.81;5.96;1533379;9616286.000
10/31/2006;5.91;6.03;5.91;5.97;1005030;6363060.000
11/01/2006;5.97;5.97;5.84;5.94;753987;4706468.500
11/02/2006;5.95;5.99;5.87;5.90;671256;4220889.500
11/03/2006;5.93;5.97;5.87;5.91;699724;4386679.500
11/06/2006;5.85;5.89;5.77;5.80;740578;4577151.000
11/07/2006;5.77;5.79;5.67;5.73;684249;4165785.250
11/08/2006;5.76;5.86;5.72;5.76;490126;3011802.000
11/09/2006;5.74;5.79;5.68;5.79;585264;3563620.500
11/10/2006;5.74;5.80;5.68;5.74;422750;2570828.500
11/13/2006;5.73;5.74;5.37;5.44;861180;5123018.500
11/14/2006;5.44;5.51;5.39;5.51;542544;3148611.000
11/15/2006;5.51;5.54;5.38;5.54;713389;4161481.750
11/16/2006;5.54;5.57;5.42;5.54;890106;5222525.500
11/17/2006;5.52;6.13;5.52;5.98;3249938;20468314.000
11/20/2006;5.91;6.12;5.91;6.01;1574770;10062190.000
11/21/2006;6.01;6.35;6.01;6.27;2321528;15174081.000
11/22/2006;6.26;6.33;6.17;6.18;1077111;7102068.000
11/23/2006;6.18;6.27;6.09;6.14;1610607;10533839.000
11/24/2006;6.14;6.48;6.14;6.27;2922168;19532920.000
11/27/2006;6.24;6.39;6.09;6.39;1842127;12198448.000
11/28/2006;6.34;6.65;6.31;6.60;2546916;17669470.000
11/29/2006;6.49;7.24;6.46;6.94;2817711;20423028.000
11/30/2006;6.99;7.23;6.82;7.04;2945844;21786808.000
12/01/2006;6.94;7.04;6.81;7.01;1858449;13490497.000
12/04/2006;7.00;7.32;6.96;7.10;1777105;13329875.000
12/05/2006;7.10;7.29;6.96;7.07;1527659;11430737.000
12/06/2006;7.06;7.09;6.54;7.07;2886054;20816604.000
12/07/2006;6.92;7.08;6.74;6.87;1220741;8875697.000
12/08/2006;6.84;6.93;6.70;6.83;941720;6735997.000
12/11/2006;6.86;7.02;6.83;6.99;1361178;9908244.000
12/12/2006;6.97;7.04;6.87;7.03;834140;6095783.500
12/13/2006;7.01;7.08;6.92;6.98;621726;4581691.000
12/14/2006;6.92;7.07;6.86;6.95;1235757;9056382.000
12/15/2006;6.98;7.03;6.77;6.98;2184857;15844756.000
12/18/2006;6.85;7.02;6.83;6.94;1892890;13757753.000
12/19/2006;6.89;7.00;6.59;6.79;3260435;23020104.000
12/20/2006;6.66;6.69;6.49;6.63;2667316;18492880.000
12/21/2006;6.62;6.64;6.49;6.57;1925081;13258639.000
12/22/2006;6.52;6.83;6.50;6.79;2001543;14061670.000
12/25/2006;6.81;7.23;6.76;7.20;4315598;31863376.000
12/26/2006;7.24;7.36;7.10;7.30;2056706;15658025.000
12/27/2006;7.30;7.47;7.24;7.46;1832501;14220650.000
12/28/2006;7.44;7.59;7.32;7.44;2815156;22077688.000
12/29/2006;7.43;7.57;7.09;7.52;10326268;79587432.000
01/04/2007;7.43;7.54;7.21;7.25;3783209;29558202.000
01/05/2007;7.31;8.01;7.15;8.01;2981130;24030924.000
01/08/2007;8.15;8.82;8.12;8.66;3656064;32275284.000
01/09/2007;8.51;8.72;8.29;8.69;1064214;9444977.000
01/10/2007;8.63;9.21;8.44;9.04;1393102;12829598.000
01/11/2007;9.13;9.21;8.74;8.89;1734830;16162072.000
01/12/2007;8.80;9.82;8.72;9.59;3353204;33475384.000
01/15/2007;9.59;10.24;9.59;10.07;1126190;11624787.000
01/16/2007;10.04;10.24;9.74;9.92;1267709;13048388.000
01/17/2007;9.95;10.92;9.95;10.47;1642485;17889476.000
01/18/2007;10.44;11.44;10.34;11.26;738483;8195257.000
01/19/2007;11.26;11.82;11.26;11.73;1000147;11969112.000
01/22/2007;11.79;12.13;11.49;12.02;1262256;15376107.000
01/23/2007;11.94;12.02;11.44;11.45;1324017;15867583.000
01/24/2007;11.44;11.44;10.76;10.94;2178917;24865064.000
01/25/2007;11.03;11.03;10.24;10.25;1507924;16369760.000
01/26/2007;10.16;10.52;10.04;10.50;1308434;13877595.000
01/29/2007;10.74;10.83;10.41;10.66;1472473;16160758.000
01/30/2007;10.66;10.66;10.19;10.34;921182;9859501.000
01/31/2007;10.29;10.52;10.06;10.33;956504;10207971.000
02/01/2007;10.34;10.74;10.01;10.54;1627527;17676112.000
02/02/2007;10.54;10.59;10.09;10.29;791132;8469425.000
02/05/2007;10.14;10.43;9.59;9.64;1124284;11479688.000
02/06/2007;9.64;9.71;9.14;9.43;2204867;21592856.000
02/07/2007;9.59;10.14;9.43;9.64;1744616;17620726.000
02/08/2007;9.67;9.98;9.59;9.79;1917291;19479778.000
02/09/2007;9.80;10.52;9.71;10.48;1883971;19715508.000
02/12/2007;10.13;10.84;10.13;10.59;1467815;15929005.000
02/13/2007;10.60;10.89;10.44;10.59;723572;7951270.000
02/14/2007;10.54;10.84;10.44;10.79;1082892;12001593.000
02/15/2007;10.79;10.97;10.64;10.93;1617408;17987876.000
02/16/2007;10.92;10.99;10.44;10.44;1645700;18190494.000
02/26/2007;10.44;10.99;10.25;10.90;1275775;14017250.000
02/27/2007;10.92;12.03;10.82;11.40;5313840;62802688.000
02/28/2007;11.24;12.03;10.52;11.93;3415068;39284868.000
03/01/2007;11.94;11.94;11.34;11.59;1621391;19443794.000
03/02/2007;11.47;11.58;11.08;11.44;785585;9203493.000
03/05/2007;11.41;11.41;10.44;10.97;1417448;15946508.000
03/06/2007;10.65;11.12;10.65;10.79;920113;10335870.000
03/07/2007;10.72;10.93;10.67;10.86;645520;7202066.000
03/08/2007;10.92;11.33;10.76;11.15;1193537;13653168.000
03/09/2007;11.15;11.43;10.85;11.27;1171844;13427895.000
03/12/2007;11.36;11.71;11.13;11.63;1491849;17719676.000
03/13/2007;11.63;11.65;11.31;11.40;716085;8448461.000
03/14/2007;11.34;11.53;11.00;11.24;758946;8782878.000
03/15/2007;11.24;11.50;11.01;11.26;1181638;13794072.000
03/16/2007;11.24;11.36;10.84;10.86;1004030;11488390.000
03/19/2007;10.44;10.86;10.44;10.74;991833;10959076.000
03/20/2007;10.79;10.94;10.69;10.80;919564;10269949.000
03/21/2007;10.89;11.56;10.74;11.56;1681364;19232658.000
03/22/2007;11.89;12.34;11.65;11.89;3601840;44576188.000
03/23/2007;11.89;13.12;11.79;13.12;10412858;135740912.000
03/26/2007;13.12;14.47;13.12;14.23;9258635;132806128.000
03/27/2007;14.25;14.64;13.71;14.24;3940753;57093496.000
03/28/2007;14.34;14.35;12.78;13.48;9192287;125327912.000
03/29/2007;13.38;13.39;12.50;12.64;4225240;55841600.000
03/30/2007;12.39;13.07;12.32;12.89;1629804;21417000.000
04/02/2007;12.94;13.50;12.72;13.34;2189144;29852282.000
04/03/2007;13.54;14.14;13.39;13.74;3233627;45523960.000
04/04/2007;13.59;13.83;13.26;13.62;1439677;20028506.000
04/05/2007;13.36;13.91;13.36;13.62;1316808;18232138.000
04/06/2007;13.62;13.62;13.16;13.39;1941818;26624996.000
04/09/2007;13.39;13.39;12.74;13.04;3634936;48418176.000
04/10/2007;13.04;13.32;12.84;13.19;1884839;25401026.000
04/11/2007;13.19;13.29;12.64;13.01;2447091;32301698.000
04/12/2007;12.85;13.10;12.58;13.05;2468120;32580856.000
04/13/2007;13.10;14.33;13.06;13.67;4607268;64813192.000
04/16/2007;13.70;14.24;13.62;13.94;3533874;50246656.000
04/17/2007;14.02;14.04;13.10;13.56;4708471;65010588.000
04/18/2007;13.57;14.04;13.28;14.04;3286708;46279240.000
04/19/2007;14.07;15.04;13.66;13.89;4959667;72884792.000
04/20/2007;14.01;14.84;14.01;14.83;4489806;67143288.000
04/24/2007;15.65;15.65;14.39;14.39;4629491;70810344.000
04/25/2007;14.14;14.84;13.62;14.00;2969310;42348904.000
04/26/2007;14.04;14.23;13.65;14.02;1561635;22359132.000
04/27/2007;14.04;14.24;13.84;13.90;1434840;20659216.000
04/30/2007;13.76;14.04;13.37;13.55;1952420;27223904.000
05/08/2007;13.73;14.41;13.65;14.03;2160690;31189218.000
05/09/2007;14.02;14.02;13.34;13.84;2138348;30098712.000
05/10/2007;13.84;13.92;13.62;13.79;1904885;26842696.000
05/11/2007;13.74;13.76;13.44;13.52;1439690;20080350.000
05/14/2007;13.19;13.89;13.19;13.81;1708965;24042980.000
05/15/2007;13.82;13.99;13.26;13.31;2120478;29544352.000
05/16/2007;13.23;13.76;13.22;13.66;2098972;29253586.000
05/17/2007;13.84;14.49;13.84;14.33;3630374;52996728.000
05/18/2007;14.59;14.64;14.14;14.23;2105297;31072592.000
05/21/2007;13.84;14.39;13.66;14.28;1992267;28741222.000
05/22/2007;14.34;14.77;14.34;14.42;3327726;49755484.000
05/23/2007;14.69;14.92;14.44;14.86;3010339;45561876.000
05/24/2007;15.12;15.12;14.16;14.35;2375646;35394300.000
05/25/2007;14.29;14.55;14.08;14.25;2807619;41040336.000
05/28/2007;14.50;15.09;14.31;14.74;3683351;55528720.000
05/29/2007;14.81;15.08;14.52;14.88;3443266;52177468.000
05/30/2007;13.74;14.59;13.36;13.36;3378231;47594032.000
05/31/2007;12.84;13.29;12.00;12.59;3396001;43161472.000
06/01/2007;12.65;12.82;11.34;11.53;2509168;31060732.000
06/04/2007;11.65;12.14;11.03;11.37;2964964;35460072.000
06/05/2007;11.64;12.13;11.24;12.00;2639596;31643412.000
06/06/2007;12.02;12.64;11.65;12.41;1495340;18752692.000
06/07/2007;12.40;12.75;12.19;12.60;1371954;17503868.000
06/08/2007;12.57;12.73;12.37;12.45;1195896;15274570.000
06/11/2007;12.46;13.45;12.46;12.85;2130756;28275264.000
06/12/2007;12.85;13.23;12.46;13.02;2153380;27991088.000
06/13/2007;13.13;13.75;12.76;13.50;3133167;42530844.000
06/14/2007;13.35;14.35;13.14;13.95;3192257;45115828.000
06/15/2007;13.84;14.43;13.70;14.20;2124292;30617900.000
06/18/2007;14.20;14.74;14.20;14.61;2298677;33787224.000
06/19/2007;14.55;16.09;14.45;16.09;3766085;59017396.000
06/20/2007;16.33;16.95;15.64;16.14;3611923;59808268.000
06/21/2007;16.03;17.78;15.85;17.78;3726224;64776368.000
06/22/2007;17.85;17.91;16.05;16.44;2310107;39589316.000
06/25/2007;16.53;16.53;14.77;14.78;2238129;34955352.000
06/26/2007;14.35;15.14;14.07;14.95;1227248;18194572.000
06/27/2007;15.13;15.37;14.84;15.29;921850;14168908.000
06/28/2007;15.25;15.60;14.27;14.55;969711;14743052.000
06/29/2007;14.50;14.51;13.76;13.95;795067;11425701.000
07/02/2007;13.85;14.60;13.85;14.51;909945;13108950.000
07/03/2007;14.52;14.92;14.50;14.85;613549;9184216.000
07/04/2007;14.95;14.95;14.37;14.44;432176;6432556.000
07/05/2007;14.39;14.54;13.56;13.65;475300;6821806.500
07/06/2007;13.57;14.32;13.40;14.20;464820;6588755.500
07/09/2007;14.33;14.90;14.22;14.74;724563;10810665.000
07/10/2007;14.32;14.75;14.25;14.43;438839;6454127.500
07/11/2007;14.45;14.90;14.40;14.88;485584;7287330.500
07/12/2007;14.96;16.35;14.82;15.85;1655695;26488548.000
07/13/2007;15.85;16.17;15.44;15.95;732105;11787029.000
07/16/2007;15.75;15.95;14.55;14.75;863913;13316889.000
07/17/2007;14.70;14.75;14.27;14.60;879019;12999816.000
07/18/2007;14.60;15.22;14.31;14.89;923402;13935179.000
07/19/2007;14.78;15.13;14.45;14.56;576585;8586269.000
07/20/2007;14.75;15.20;14.60;15.06;528300;8020078.000
07/23/2007;14.99;15.93;14.99;15.85;1353763;21416412.000
07/24/2007;15.75;16.24;15.70;16.07;1488078;24158306.000
07/25/2007;16.05;17.00;15.85;16.94;1234662;20914070.000
07/26/2007;17.06;17.25;16.45;16.65;993957;16911882.000
07/27/2007;16.45;16.45;15.65;16.25;1406377;22976336.000
07/30/2007;16.32;17.05;15.95;17.05;1777700;29737516.000
07/31/2007;16.70;17.75;16.65;17.55;1655492;28996914.000
08/01/2007;17.56;17.69;15.77;16.10;1264794;21443060.000
08/02/2007;16.03;16.74;15.90;16.40;741440;12283079.000
08/03/2007;16.43;16.61;16.17;16.45;773080;12873816.000
08/06/2007;16.55;16.56;16.03;16.25;875313;14419307.000
08/07/2007;16.25;16.41;15.83;15.89;956129;15515509.000
08/08/2007;15.93;16.55;15.77;16.04;643047;10588342.000
08/09/2007;16.33;16.40;15.95;16.40;531550;8727491.000
08/10/2007;16.21;16.29;15.86;16.05;518301;8466471.000
08/13/2007;16.25;17.04;15.99;16.75;1614222;27463582.000
08/14/2007;16.90;17.05;16.43;16.65;832409;14052095.000
08/15/2007;16.65;16.65;15.84;16.01;930109;15191913.000
08/16/2007;15.85;16.15;15.65;15.65;750425;12096422.000
08/17/2007;15.77;16.48;15.61;16.30;572160;9243846.000
08/20/2007;16.29;17.11;16.15;16.82;1037990;17376214.000
08/21/2007;16.70;17.04;16.27;16.41;894727;15044764.000
08/22/2007;16.16;16.60;15.95;16.50;895214;14945975.000
08/23/2007;16.63;16.80;16.26;16.44;582635;9737488.000
08/24/2007;17.05;17.05;16.49;16.80;1068110;18096262.000
08/27/2007;16.85;18.23;16.85;17.78;1862200;33445392.000
08/28/2007;17.55;17.95;17.16;17.52;791827;14147234.000
08/29/2007;17.49;17.57;16.65;17.17;765267;13256544.000
08/30/2007;17.17;18.25;16.75;18.19;1609113;28782602.000
08/31/2007;17.75;18.71;17.75;18.30;1235134;22730290.000
09/03/2007;18.31;19.55;18.31;19.15;1896234;36497672.000
09/04/2007;19.20;19.20;18.25;18.35;1346720;25356496.000
09/05/2007;18.23;18.63;17.93;18.00;647470;11884088.000
09/06/2007;17.95;18.16;17.53;17.72;1433669;25804978.000
09/07/2007;17.73;18.05;17.27;17.74;965657;17221468.000
09/10/2007;17.75;17.94;17.35;17.93;613303;10916239.000
09/11/2007;18.20;18.20;16.27;16.29;878856;15428367.000
09/12/2007;16.19;16.71;15.76;15.80;1156664;18851156.000
09/13/2007;15.95;16.55;15.81;16.26;818103;13418012.000
09/14/2007;16.35;16.45;16.05;16.43;664904;10992062.000
09/17/2007;16.42;16.88;16.14;16.63;857662;14371736.000
09/18/2007;16.63;17.00;16.36;16.60;679201;11518628.000
09/19/2007;16.75;17.23;16.47;16.55;527823;8959781.000
09/20/2007;16.35;16.72;16.15;16.25;764071;12660286.000
09/21/2007;16.30;16.45;15.85;16.10;843711;13703423.000
09/24/2007;16.11;16.60;15.75;16.29;763935;12448417.000
09/25/2007;16.24;16.75;15.86;16.51;657951;11029410.000
09/26/2007;16.52;16.55;15.90;16.06;325400;5362968.000
09/27/2007;16.06;16.24;15.97;16.08;307392;5022993.500
09/28/2007;16.14;16.64;16.13;16.36;903080;14993506.000
10/08/2007;16.40;16.70;16.24;16.26;743927;12400648.000
10/09/2007;16.26;16.44;15.99;16.35;486193;7985767.500
10/10/2007;16.25;16.71;16.25;16.64;865205;14544448.000
10/11/2007;16.81;16.81;16.25;16.72;556844;9398222.000
10/12/2007;16.64;16.75;15.65;16.23;841270;13832907.000
10/15/2007;17.00;17.72;16.96;17.09;1157157;20275356.000
10/16/2007;17.13;17.63;16.85;17.43;881813;15397018.000
10/17/2007;17.56;18.55;17.12;18.40;1497983;27167174.000
10/18/2007;18.43;18.43;17.55;17.55;944104;17147676.000
10/19/2007;17.56;18.13;17.26;17.26;570219;10270542.000
10/22/2007;17.16;17.71;16.75;16.95;413806;7297141.500
10/23/2007;17.05;17.15;16.57;16.88;680020;11635729.000
10/24/2007;16.88;16.88;15.91;16.04;1013679;16724534.000
10/25/2007;16.01;16.12;14.82;14.85;841459;13027286.000
10/26/2007;14.86;15.10;14.55;14.95;541926;8135429.500
10/29/2007;15.11;15.55;14.85;15.27;519386;8053538.000
10/30/2007;15.53;15.53;14.93;14.98;547090;8400026.000
10/31/2007;15.42;16.11;15.16;15.77;723671;11545558.000
11/01/2007;15.76;16.00;15.58;15.65;355034;5693421.500
11/02/2007;15.54;15.54;14.91;15.12;385821;5931406.000
11/05/2007;14.95;15.33;14.63;15.12;288715;4413972.500
11/06/2007;15.15;15.42;15.11;15.16;157119;2435355.500
11/07/2007;15.31;15.59;14.60;14.60;941561;14185792.000
11/08/2007;14.49;14.65;14.07;14.25;1040538;15178810.000
11/09/2007;14.25;14.44;13.77;14.10;577634;8200981.500
11/12/2007;14.07;14.07;13.53;13.93;413577;5790742.000
11/13/2007;14.00;14.25;13.80;13.85;302825;4314199.500
11/14/2007;14.19;14.43;13.78;14.43;412632;5911613.000
11/15/2007;14.28;14.38;14.10;14.24;266330;3857124.000
11/16/2007;14.17;14.17;13.66;13.96;290090;4084209.750
11/19/2007;13.85;14.35;13.85;14.29;299593;4299608.000
11/20/2007;14.18;14.67;14.07;14.54;321058;4726286.000
11/21/2007;14.57;14.57;14.04;14.13;437155;6344103.500
11/22/2007;14.00;14.09;13.66;13.68;257584;3629551.750
11/23/2007;13.75;14.05;13.56;13.85;211338;2972658.000
11/26/2007;13.95;14.25;13.88;13.90;134284;1919033.750
11/27/2007;13.95;13.95;13.76;13.78;92467;1302508.500
11/28/2007;13.84;14.04;13.63;13.65;131128;1844600.375
11/29/2007;13.67;14.07;13.67;14.07;232153;3281764.000
11/30/2007;13.90;14.05;13.77;13.85;233919;3307319.750
12/03/2007;13.87;14.01;13.75;13.79;263506;3708690.750
12/04/2007;13.98;14.05;13.75;13.81;191700;2707433.000
12/05/2007;13.81;14.23;13.65;14.21;264990;3769171.250
12/06/2007;14.13;14.22;13.98;14.10;160115;2292123.000
12/07/2007;14.11;14.43;14.08;14.32;269498;3898783.000
12/10/2007;14.29;14.63;14.10;14.55;625527;9148815.000
12/11/2007;14.55;15.05;14.48;14.92;659219;9932175.000
12/12/2007;14.93;15.19;14.76;14.94;439945;6706801.000
12/13/2007;14.96;15.21;14.73;14.74;470701;7158096.500
12/14/2007;14.65;14.90;14.15;14.64;344198;5068427.000
12/17/2007;14.66;14.91;14.45;14.68;449537;6694039.500
12/18/2007;14.70;15.12;14.61;15.03;778453;11817697.000
12/19/2007;15.05;15.20;14.87;15.15;532879;8173359.000
12/20/2007;15.17;15.50;15.10;15.34;732580;11417612.000
12/21/2007;15.44;15.72;15.43;15.49;430303;6783768.000
12/24/2007;15.50;15.99;15.42;15.60;765928;12218906.000
12/25/2007;15.68;16.05;15.50;15.98;817927;13098200.000
12/26/2007;16.09;16.15;15.79;16.14;761729;12369104.000
12/27/2007;16.15;16.33;16.05;16.12;840477;13811614.000
12/28/2007;16.08;16.48;16.05;16.29;771021;12707517.000
01/02/2008;16.29;17.21;16.13;16.98;991566;16898236.000
01/03/2008;16.95;17.43;16.75;17.41;918004;15990147.000
01/04/2008;17.41;17.75;17.05;17.39;628772;11025528.000
01/07/2008;17.52;17.52;17.13;17.26;679231;11884491.000
01/08/2008;17.25;17.44;16.57;16.65;854400;14745117.000
01/09/2008;16.55;17.01;16.52;16.77;612210;10392660.000
01/10/2008;16.68;16.91;16.57;16.75;737329;12499845.000
01/11/2008;16.70;16.80;16.25;16.40;913794;15260779.000
01/14/2008;16.45;17.44;16.39;17.14;1341739;23071538.000
01/15/2008;17.20;17.35;16.95;17.31;948169;16541090.000
01/16/2008;17.32;17.45;16.95;17.03;591019;10268174.000
01/17/2008;16.80;17.11;16.31;16.79;1282364;21665452.000
01/18/2008;16.90;17.00;16.59;16.80;933664;15906630.000
01/21/2008;16.83;16.90;15.51;15.60;787883;13052880.000
01/22/2008;15.55;15.55;14.02;14.03;1155700;17223248.000
01/23/2008;14.33;14.72;14.09;14.61;809294;11918898.000
01/24/2008;14.73;15.40;14.55;15.11;805223;12319125.000
01/25/2008;15.03;15.60;14.87;15.35;395362;6152181.500
01/28/2008;15.45;15.45;13.95;14.00;475640;6982735.000
01/29/2008;14.20;14.67;14.01;14.32;230716;3354772.000
01/30/2008;14.33;14.70;14.15;14.36;322200;4713059.000
01/31/2008;14.55;14.58;14.15;14.25;271960;3965916.250
02/01/2008;14.58;14.58;13.30;13.71;316840;4493121.500
02/04/2008;14.07;14.85;14.07;14.84;514890;7648606.500
02/05/2008;14.76;14.92;14.63;14.72;352117;5291184.000
02/13/2008;14.28;15.05;14.28;14.93;532645;8022886.000
02/14/2008;15.07;15.20;14.81;14.99;369529;5634205.000
02/15/2008;15.04;15.04;14.66;14.75;191662;2880185.500
02/18/2008;14.75;15.09;14.75;15.05;486753;7406702.500
02/19/2008;15.05;15.25;14.81;15.18;411496;6323841.000
02/20/2008;15.33;15.33;14.95;15.01;408416;6280958.500
02/21/2008;14.91;15.15;14.66;15.04;378147;5746245.500
02/22/2008;15.01;15.05;14.58;14.70;396500;5975772.000
02/25/2008;14.86;14.86;14.31;14.53;221097;3288080.750
02/26/2008;14.95;14.95;14.50;14.75;285545;4269848.000
02/27/2008;15.00;15.24;14.79;15.16;359198;5512048.500
02/28/2008;15.25;15.93;15.11;15.66;501544;7884591.500
02/29/2008;15.66;15.66;15.40;15.54;382800;6029709.000
03/03/2008;15.33;16.22;15.16;16.14;988555;15847786.000
03/04/2008;16.14;16.15;15.62;15.69;606704;9781221.000
03/05/2008;15.50;15.75;14.75;15.55;374281;5881219.000
03/06/2008;15.55;15.85;15.20;15.73;661523;10453404.000
03/07/2008;15.84;16.14;15.56;15.90;1047381;16822314.000
03/10/2008;15.65;16.03;15.35;15.38;437799;6959692.000
03/11/2008;15.36;15.55;15.15;15.45;234242;3656042.500
03/12/2008;15.70;15.73;15.05;15.25;357340;5578958.500
03/13/2008;15.05;15.32;14.55;14.75;355146;5372658.000
03/14/2008;14.60;14.94;14.43;14.73;233379;3480195.500
03/17/2008;14.75;14.85;13.23;13.52;1027880;14276639.000
03/18/2008;13.15;13.56;12.24;12.53;663480;8623628.000
03/19/2008;12.65;13.11;12.65;12.92;386869;5088385.000
03/20/2008;12.78;13.39;11.76;13.16;567409;7334357.500
03/21/2008;12.80;13.40;12.80;13.23;248708;3342043.250
03/24/2008;13.53;13.54;12.95;12.95;280886;3803576.500
03/25/2008;12.95;13.23;12.70;13.19;143739;1896133.250
03/26/2008;13.05;13.35;12.95;13.13;195685;2623368.250
03/27/2008;13.09;13.13;12.64;12.64;273615;3574891.000
03/28/2008;12.44;12.90;12.33;12.75;300932;3883280.750
03/31/2008;12.25;12.85;12.25;12.56;207768;2672810.000
04/01/2008;12.39;12.73;11.75;11.77;324080;4002778.750
04/02/2008;11.62;12.15;11.13;11.25;469399;5550619.000
04/03/2008;11.23;11.75;11.13;11.65;216493;2523715.500
04/07/2008;11.65;12.84;11.45;12.69;794764;10014417.000
04/08/2008;12.69;12.86;12.43;12.61;263885;3391858.250
04/09/2008;12.55;12.67;11.82;12.00;298996;3759391.000
04/10/2008;12.11;12.11;11.65;12.05;234727;2840394.500
04/11/2008;12.09;12.24;11.85;12.10;241061;2955894.000
04/14/2008;11.75;12.03;11.25;11.34;369046;4363158.000
04/15/2008;11.34;11.57;11.16;11.46;254123;2946718.000
04/16/2008;11.46;11.46;11.10;11.10;227468;2609501.250
04/18/2008;11.05;11.05;10.05;10.23;539850;5743894.000
04/21/2008;10.67;11.14;10.06;10.55;768911;8328913.000
04/22/2008;10.41;10.55;9.95;10.25;453138;4736682.500
04/23/2008;10.25;10.90;10.09;10.75;430871;4642943.000
04/24/2008;11.43;11.85;11.05;11.78;2283968;26920612.000
04/25/2008;11.54;11.75;11.25;11.32;920122;10739730.000
04/28/2008;11.08;11.23;10.92;10.96;383718;4333414.500
04/29/2008;11.01;11.22;10.86;11.15;458765;5179350.000
04/30/2008;11.24;11.69;11.11;11.49;662160;7731468.500
05/05/2008;11.49;11.75;11.35;11.66;546811;6454681.000
05/06/2008;11.59;12.13;11.51;11.96;705452;8574318.000
05/07/2008;12.25;12.25;11.41;11.43;715200;8699751.000
05/08/2008;11.30;11.55;11.20;11.55;330215;3848069.250
05/09/2008;11.95;12.00;11.49;11.75;577482;6950867.000
05/12/2008;11.75;12.55;11.66;12.41;1381196;17233388.000
05/13/2008;11.94;12.33;11.78;12.00;733491;9011778.000
05/14/2008;12.00;12.14;11.96;12.06;535108;6571106.000
05/15/2008;12.30;12.65;12.16;12.25;909596;11496677.000
05/16/2008;12.13;12.25;11.35;11.63;884146;10556741.000
05/19/2008;11.47;11.82;11.35;11.45;415015;4873631.000
05/20/2008;11.40;11.65;10.73;10.89;381984;4370284.000
05/21/2008;10.93;11.35;10.85;11.26;533393;5965796.000
05/22/2008;11.35;11.43;11.06;11.26;306129;3497657.250
05/23/2008;11.16;11.33;10.86;11.30;313694;3533398.750
05/26/2008;11.24;11.24;10.90;10.95;219180;2441082.500
05/27/2008;11.09;11.16;10.95;11.15;238754;2668647.250
05/28/2008;11.06;11.35;10.98;11.31;211344;2401904.500
05/29/2008;11.34;11.39;11.05;11.15;199825;2273451.000
05/30/2008;11.12;11.35;11.03;11.35;187562;2122769.750
06/02/2008;11.14;11.75;11.14;11.65;445045;5218444.500
06/03/2008;11.65;11.72;11.47;11.49;218410;2564925.250
06/04/2008;11.46;11.85;11.46;11.61;420737;4957411.000
06/05/2008;11.49;11.77;11.49;11.56;252727;2972722.250
06/06/2008;11.58;11.76;11.47;11.55;167315;1962593.750
06/10/2008;11.46;11.46;10.38;10.38;331557;3598280.750
06/11/2008;10.05;10.65;9.96;10.33;344653;3594851.500
06/12/2008;10.35;10.85;10.20;10.34;270100;2848130.000
06/13/2008;10.39;10.53;9.65;9.87;251618;2551212.500
06/16/2008;9.75;10.14;9.73;9.90;239107;2398379.500
06/17/2008;9.83;10.10;9.21;9.24;461592;4454490.500
06/18/2008;9.34;9.66;8.93;9.66;508610;4856184.000
06/19/2008;9.42;9.59;8.71;8.71;316813;2923803.000
06/20/2008;9.15;9.60;9.05;9.35;1203545;11466918.000
06/23/2008;9.43;9.59;9.11;9.25;359207;3428349.500
06/24/2008;9.35;9.45;9.05;9.43;251290;2362794.250
06/25/2008;9.25;9.82;9.25;9.74;570473;5560611.500
06/26/2008;9.74;9.80;9.48;9.75;326875;3208242.500
06/27/2008;9.25;9.40;8.91;9.00;391440;3618756.250
06/30/2008;9.00;9.24;8.85;9.04;246130;2267320.500
07/01/2008;8.79;8.79;8.36;8.51;567960;4977202.500
07/02/2008;8.53;8.71;8.35;8.57;283900;2450761.500
07/03/2008;8.35;8.90;8.18;8.65;466853;4103787.750
07/04/2008;8.65;8.73;8.48;8.65;199833;1742974.250
07/07/2008;8.66;9.09;8.66;9.05;407227;3710300.750
07/08/2008;9.06;9.24;8.88;9.05;243339;2231605.500
07/09/2008;9.08;9.28;8.96;9.28;379572;3542254.250
07/10/2008;9.14;9.27;9.12;9.15;360470;3364796.250
07/11/2008;9.21;9.43;9.07;9.20;286665;2697820.250
07/14/2008;9.21;9.21;9.00;9.13;187244;1731057.625
07/15/2008;9.23;9.23;8.89;8.89;319042;2936869.250
07/16/2008;8.93;8.98;8.25;8.49;288277;2520288.500
07/17/2008;8.72;8.73;8.05;8.33;270219;2309895.250
07/18/2008;8.35;8.50;8.18;8.50;496051;4232341.000
07/21/2008;8.54;8.75;8.37;8.73;330490;2898736.000
07/22/2008;8.74;8.84;8.45;8.78;469961;4123776.250
07/23/2008;8.79;8.85;8.63;8.75;300728;2672093.500
07/24/2008;8.76;8.91;8.73;8.86;318710;2863137.000
07/25/2008;8.84;8.84;8.65;8.79;179397;1590453.375
07/28/2008;8.78;8.92;8.71;8.87;254283;2290528.250
07/29/2008;8.69;8.87;8.67;8.79;269562;2408087.250
07/30/2008;8.94;9.68;8.92;9.68;1752317;16928106.000
07/31/2008;9.70;10.48;9.68;10.01;2977990;30837766.000
09/01/2008;8.99;8.99;8.99;8.99;86800;793352.000
09/02/2008;8.08;8.34;8.08;8.08;2780310;22916050.000
09/03/2008;7.76;7.87;7.45;7.51;1231533;9591073.000
09/04/2008;7.50;7.72;7.26;7.66;688708;5239162.000
09/05/2008;7.35;7.50;7.15;7.23;437941;3283284.750
09/08/2008;7.23;7.33;6.65;6.70;986163;6997949.500
09/09/2008;6.66;6.86;6.63;6.74;332670;2287929.000
09/10/2008;6.74;6.85;6.55;6.72;304193;2089464.375
09/11/2008;6.71;6.81;6.56;6.59;318811;2174880.250
09/12/2008;6.73;7.02;6.71;6.81;647654;4555116.500
09/16/2008;6.80;6.91;6.61;6.69;445084;3065160.500
09/17/2008;6.71;6.89;6.56;6.67;278145;1896444.250
09/18/2008;6.57;6.65;6.05;6.59;665571;4358564.500
09/19/2008;7.14;7.26;6.95;7.26;691829;5063123.000
09/22/2008;7.54;7.95;7.30;7.44;1480567;11410737.000
09/23/2008;7.31;7.31;6.86;6.90;494178;3537317.250
09/24/2008;6.76;7.00;6.72;7.00;310635;2185229.250
09/25/2008;6.85;7.25;6.85;7.20;706610;5152494.500
09/26/2008;7.22;7.22;6.90;7.11;519584;3749668.000
10/06/2008;7.05;7.05;6.67;6.73;287800;2001617.875
10/07/2008;6.64;6.84;6.50;6.79;282685;1924545.500
10/08/2008;6.75;6.81;6.65;6.72;184388;1270987.875
10/09/2008;6.85;6.95;6.72;6.86;370048;2586830.500
10/10/2008;6.65;6.78;6.50;6.67;440186;2985201.750
10/13/2008;6.54;7.34;6.54;7.34;299254;2090527.000
10/14/2008;7.09;7.29;7.01;7.02;710432;5194693.500
10/15/2008;7.30;7.74;7.30;7.63;1417532;10951595.000
10/16/2008;7.27;7.50;7.16;7.21;678902;5102684.500
10/17/2008;7.35;7.63;7.35;7.48;574159;4377770.000
10/20/2008;7.48;7.92;7.40;7.80;787581;6247001.500
10/21/2008;7.69;7.92;7.64;7.65;525191;4159948.500
10/22/2008;7.65;7.70;7.47;7.52;453472;3484259.750
10/23/2008;7.37;7.66;7.33;7.63;490759;3745936.250
10/24/2008;7.73;7.73;7.48;7.59;292835;2253481.500
10/27/2008;7.51;7.67;7.40;7.46;674912;5165343.500
10/29/2008;7.47;7.93;7.46;7.62;878237;6938408.000
10/30/2008;7.47;7.78;7.47;7.61;779357;6069894.000
10/31/2008;7.55;7.55;7.22;7.26;795860;5973744.500
11/03/2008;7.26;7.48;7.25;7.45;494598;3716244.000
11/04/2008;7.45;7.45;7.22;7.30;400100;2986380.750
11/05/2008;7.37;7.65;7.33;7.57;574347;4405598.000
11/06/2008;7.54;8.07;7.36;8.01;967974;7681464.500
11/07/2008;7.94;8.37;7.85;8.19;1703610;14257393.000
11/10/2008;8.23;8.70;8.05;8.61;2023053;17243154.000
11/11/2008;8.43;8.46;8.28;8.33;1397359;11882458.000
11/12/2008;8.28;8.54;8.28;8.44;986999;8467110.000
11/13/2008;8.42;8.74;8.25;8.71;2077838;18015852.000
11/17/2008;8.78;9.08;8.71;8.95;2636753;23770054.000
11/18/2008;8.71;8.85;8.07;8.08;1694422;14641602.000
11/19/2008;8.02;8.90;8.02;8.88;1321569;11265274.000
11/20/2008;8.67;8.82;8.48;8.64;1164665;10280565.000
11/21/2008;8.40;8.80;8.21;8.65;1155239;9993104.000
11/24/2008;8.65;8.80;8.13;8.21;870809;7462992.000
11/25/2008;8.35;8.42;8.14;8.31;709696;5943081.000
11/26/2008;8.34;8.63;8.23;8.53;927430;7999558.000
11/28/2008;9.40;9.40;9.20;9.40;3840936;36553800.000
12/01/2008;9.66;10.36;9.54;10.36;5060943;51798400.000
12/02/2008;10.79;11.24;10.36;10.38;4167134;45347428.000
12/03/2008;10.32;11.43;10.32;11.43;3019867;33561908.000
12/04/2008;11.82;12.59;11.50;12.44;5119704;62445784.000
12/05/2008;12.15;12.50;11.75;12.34;3109980;38228488.000
12/08/2008;12.21;13.25;11.96;13.02;3711436;47668984.000
12/09/2008;12.91;13.44;12.26;12.36;2757290;35697624.000
12/10/2008;12.25;12.57;11.65;12.35;2743574;33914820.000
12/11/2008;12.35;12.40;11.74;11.76;2267075;27524982.000
12/12/2008;11.73;12.55;11.68;12.09;2744709;33582164.000
12/15/2008;12.22;12.25;11.73;11.91;1470415;17878936.000
12/16/2008;11.91;11.95;11.41;11.92;1473001;17472782.000
12/17/2008;12.02;12.98;12.02;12.49;2893207;36987380.000
12/18/2008;12.49;12.85;12.37;12.73;1402440;17883768.000
12/19/2008;13.00;13.00;12.57;12.67;1359212;17560198.000
12/22/2008;12.69;13.03;12.26;12.75;1615525;20541708.000
12/23/2008;12.69;13.03;12.25;12.25;1808506;23123902.000
12/24/2008;12.20;12.31;11.78;11.81;1432068;17334060.000
12/25/2008;11.85;11.98;11.25;11.40;2139480;24962876.000
12/26/2008;11.40;11.65;11.21;11.25;1121132;12969182.000
12/29/2008;11.28;11.79;11.16;11.78;1342475;15703888.000
12/30/2008;11.67;11.88;11.38;11.54;773287;9101985.000
12/31/2008;11.51;11.91;11.51;11.54;876605;10436849.000
01/05/2009;11.66;12.15;11.49;11.90;1500628;17921126.000
01/06/2009;11.86;12.53;11.86;12.43;1810184;22418304.000
01/07/2009;12.43;12.63;12.26;12.30;1120097;14066051.000
01/08/2009;12.15;12.25;11.96;12.02;1047193;12854842.000
01/09/2009;12.18;12.54;12.18;12.43;1713082;21485262.000
01/12/2009;12.45;13.69;12.39;13.69;1999478;27021838.000
01/13/2009;13.78;14.53;13.73;13.91;3463841;49272204.000
01/14/2009;13.67;14.71;13.66;14.27;2562570;37052044.000
01/15/2009;14.01;14.53;13.97;14.13;2161479;30923300.000
01/16/2009;14.12;14.70;13.85;14.00;2214630;31819750.000
01/19/2009;14.02;14.40;13.71;13.85;1441171;20353594.000
01/20/2009;13.86;14.35;13.79;14.23;1449542;20673852.000
01/21/2009;14.15;14.73;13.87;14.08;2310693;33387078.000
01/22/2009;14.04;14.28;13.87;14.01;1374848;19487784.000
01/23/2009;13.97;14.39;13.89;14.23;2135089;30617432.000
02/02/2009;14.99;15.67;14.99;15.67;4392312;69034640.000
02/03/2009;15.67;16.03;15.57;15.85;3358722;53433824.000
02/04/2009;15.84;15.91;15.24;15.45;3318106;51989316.000
02/05/2009;15.42;15.59;15.20;15.40;2181088;33808380.000
02/06/2009;15.35;15.97;15.30;15.90;2775490;44127868.000
02/09/2009;15.89;16.54;15.76;16.18;3604703;58784512.000
02/10/2009;16.05;16.22;15.75;16.19;2404372;38726716.000
02/11/2009;15.85;16.44;15.74;16.10;2360951;38095352.000
02/12/2009;15.95;17.20;15.90;17.09;3636958;60269976.000
02/13/2009;17.04;18.05;16.63;17.21;4212848;73928384.000
02/16/2009;17.36;17.69;16.77;17.13;3076194;53052012.000
02/17/2009;17.12;17.12;16.25;16.25;2267170;38016844.000
02/18/2009;15.86;16.50;15.75;15.92;2539205;41318232.000
02/19/2009;15.95;16.19;15.73;16.15;2167513;34851476.000
02/20/2009;16.15;16.90;15.85;16.88;2658936;43975368.000
02/23/2009;16.65;17.45;16.46;17.30;2161115;37524448.000
02/24/2009;17.13;17.37;15.85;15.85;3383846;56187300.000
02/25/2009;16.14;16.25;15.20;15.65;2880124;45563140.000
02/26/2009;15.65;16.43;14.85;15.02;3008815;48373944.000
02/27/2009;14.93;15.30;14.35;14.59;2243976;33402200.000
03/02/2009;14.60;15.60;14.45;15.44;2403850;36690288.000
03/03/2009;15.05;17.00;15.04;17.00;4134948;69214304.000
03/04/2009;17.25;17.82;16.85;17.65;5045759;88513504.000
03/05/2009;17.65;19.43;17.48;19.43;10728671;207745376.000
03/06/2009;17.47;18.35;17.47;17.47;13469005;241006544.000
03/09/2009;16.84;16.84;15.71;15.71;9790853;159479264.000
03/10/2009;15.23;16.02;14.86;15.83;5358589;83669824.000
03/11/2009;15.97;16.11;15.24;15.27;4955882;77986112.000
03/12/2009;14.73;15.20;14.23;14.84;6916406;102549656.000
03/13/2009;14.85;14.99;14.51;14.71;3939258;58689444.000
03/16/2009;14.64;14.71;13.97;14.43;4814645;69706264.000
03/17/2009;14.53;15.30;14.25;15.21;6478046;96912144.000
03/18/2009;15.23;15.65;14.91;15.55;7052694;108628400.000
03/19/2009;15.36;15.68;15.26;15.46;5862780;91469216.000
03/20/2009;15.47;15.53;14.80;15.07;6245737;95153448.000
03/23/2009;15.26;15.40;14.90;15.25;5025282;77210208.000
03/24/2009;15.37;16.34;15.17;16.18;8650499;137908576.000
03/25/2009;16.05;16.14;15.46;15.46;5983764;95526168.000
03/27/2009;15.78;16.22;15.60;15.73;5210623;83441320.000
03/30/2009;15.85;16.94;15.66;16.61;7788914;128003960.000
03/31/2009;16.33;16.52;15.94;16.26;5470504;89456720.000
04/01/2009;16.27;16.53;16.00;16.29;5521948;90434272.000
04/02/2009;16.30;16.38;15.93;15.96;4855696;78670848.000
04/03/2009;16.07;16.35;15.50;15.56;4585900;73799688.000
04/07/2009;15.58;15.58;15.20;15.39;3561111;55117628.000
04/08/2009;15.36;16.05;15.30;15.40;4188510;66486236.000
04/09/2009;15.43;15.63;14.70;15.24;3964243;60292364.000
04/10/2009;15.24;15.62;15.03;15.50;4079889;63262848.000
04/13/2009;15.55;15.75;15.45;15.65;4099208;64545240.000
04/14/2009;15.64;16.29;15.53;16.29;6344443;102409608.000
04/15/2009;16.34;16.43;15.83;16.05;4825615;78258912.000
04/16/2009;15.95;16.28;15.75;15.97;3977212;64053920.000
04/17/2009;16.00;16.15;15.40;15.41;3692063;58283012.000
04/20/2009;15.27;15.70;15.15;15.57;2659429;41528456.000
04/21/2009;15.40;16.14;15.26;16.06;4914613;78433632.000
04/22/2009;16.16;16.17;15.37;15.47;4147918;66419416.000
04/23/2009;15.25;15.35;14.90;15.16;2372418;36177728.000
04/24/2009;15.11;15.24;14.90;14.94;1985035;30085702.000
04/27/2009;14.94;15.00;14.25;14.26;2055710;30268260.000
04/28/2009;14.20;14.59;14.17;14.50;1372978;20030872.000
04/29/2009;14.13;14.34;13.94;14.33;4164002;59472440.000
04/30/2009;14.34;14.34;14.07;14.13;2173188;31080744.000
05/04/2009;14.04;14.64;14.04;14.54;2329833;33948608.000
05/05/2009;14.63;15.59;14.55;15.33;4144771;63285844.000
05/06/2009;15.18;15.53;15.10;15.20;2441440;37617748.000
05/07/2009;15.21;15.35;14.75;14.85;2269464;34307568.000
05/08/2009;14.86;15.45;14.86;15.29;2728131;42087452.000
05/11/2009;15.40;15.44;14.45;14.48;1772414;26780838.000
05/12/2009;14.26;14.96;14.26;14.96;1387595;20685496.000
05/13/2009;14.93;15.89;14.93;15.81;3644323;57175556.000
05/14/2009;15.65;15.86;15.48;15.78;3293448;52182676.000
05/15/2009;15.75;15.83;15.35;15.45;1521674;23865594.000
05/18/2009;15.50;15.87;15.15;15.53;1235518;19207104.000
05/19/2009;15.59;16.03;15.50;15.99;3084126;48931548.000
05/20/2009;15.91;16.49;15.82;16.13;3427024;55606628.000
05/21/2009;16.06;16.37;15.78;16.30;2792243;45058672.000
05/22/2009;16.30;16.57;15.75;15.96;2661392;43051852.000
05/25/2009;15.60;16.07;15.44;15.88;2093863;33031160.000
05/26/2009;16.07;16.07;15.46;15.50;1878305;29416168.000
05/27/2009;15.51;15.72;15.42;15.70;1103397;17210306.000
06/01/2009;15.72;15.85;15.45;15.55;1819610;28319368.000
06/02/2009;15.65;15.66;15.18;15.30;2257207;34700588.000
06/03/2009;15.30;15.55;15.25;15.50;2084821;32068612.000
06/04/2009;15.40;16.25;15.00;16.25;4744750;74839576.000
06/05/2009;16.31;16.42;15.79;15.80;3094965;49712840.000
06/08/2009;16.01;16.09;15.36;15.43;2053930;31964994.000
06/09/2009;15.30;15.80;15.30;15.63;1356349;21095734.000
06/10/2009;15.60;15.95;15.53;15.74;1477909;23322814.000
06/11/2009;15.66;15.87;15.37;15.44;1324169;20625920.000
06/12/2009;15.40;15.54;15.07;15.12;1509338;22994452.000
06/15/2009;15.10;15.28;15.00;15.20;899510;13597889.000
06/16/2009;15.14;15.16;14.89;14.90;1658348;24853248.000
06/17/2009;14.95;15.20;14.94;15.20;1496535;22558202.000
06/18/2009;15.19;15.32;15.06;15.16;1160724;17613016.000
06/19/2009;15.11;15.37;15.00;15.28;1162152;17660022.000
06/22/2009;15.34;15.65;15.25;15.39;1379271;21396056.000
06/23/2009;15.37;15.44;15.01;15.19;765941;11657751.000
06/24/2009;15.35;15.41;15.16;15.40;986793;15134886.000
06/25/2009;15.48;15.50;15.17;15.17;1136095;17367450.000
06/26/2009;15.10;15.30;15.03;15.07;1118279;16899110.000
06/29/2009;15.05;15.35;15.05;15.15;977225;14846894.000
06/30/2009;15.19;15.44;15.13;15.40;1793388;27483886.000
07/01/2009;15.40;15.43;15.20;15.27;1102547;16887328.000
07/02/2009;15.35;15.56;15.21;15.49;1770580;27213920.000
07/03/2009;15.47;17.04;15.42;17.04;6860869;112867016.000
07/06/2009;17.50;17.50;16.35;16.35;5044979;84459704.000
07/07/2009;16.30;17.35;16.30;16.52;3739010;62951872.000
07/08/2009;16.53;16.73;16.03;16.25;2783967;45214196.000
07/09/2009;16.35;16.75;16.20;16.68;2288946;37864476.000
07/10/2009;16.69;16.85;16.48;16.56;1680357;27882500.000
07/13/2009;16.60;17.24;16.36;16.83;2344535;39580096.000
07/14/2009;16.89;17.20;16.51;16.86;1941791;32795898.000
07/15/2009;16.78;17.25;16.70;17.10;3188229;54203552.000
07/16/2009;17.09;17.32;16.72;16.73;2587295;43759516.000
07/17/2009;16.75;16.85;16.35;16.40;1923716;31805062.000
07/20/2009;16.43;16.75;16.43;16.54;1504676;24970180.000
07/21/2009;16.52;16.80;16.01;16.15;1765622;29174796.000
07/22/2009;16.07;16.47;16.07;16.19;2054554;33358242.000
07/23/2009;16.23;16.66;16.11;16.64;2240741;36940580.000
07/24/2009;16.66;16.81;16.28;16.40;2412708;39929184.000
07/27/2009;16.29;16.59;16.28;16.50;2199292;36096656.000
07/28/2009;16.56;16.79;16.31;16.63;2218656;36710964.000
07/29/2009;16.64;17.00;15.59;15.88;4200899;69543712.000
07/30/2009;15.87;16.69;15.72;16.63;2904933;47155428.000
07/31/2009;16.65;18.25;16.65;17.78;5834908;102543200.000
08/03/2009;17.74;18.37;17.51;18.23;4610477;83373160.000
08/04/2009;18.24;18.25;17.50;17.94;3297083;58981124.000
08/05/2009;18.01;18.35;17.61;17.95;2300338;41334204.000
08/07/2009;17.68;18.65;17.50;17.50;3588505;65235948.000
08/10/2009;17.55;17.85;16.30;16.86;3584346;60636392.000
08/11/2009;16.88;16.99;16.55;16.79;945062;15805521.000
08/12/2009;16.79;16.87;16.01;16.05;1300321;21297074.000
08/13/2009;16.13;16.37;15.92;16.08;1105634;17902940.000
08/14/2009;16.10;16.33;15.06;15.21;2065566;32106850.000
08/17/2009;15.14;15.15;14.20;14.20;1730976;25454276.000
08/18/2009;14.29;14.85;14.19;14.73;1122881;16298471.000
08/19/2009;14.71;14.95;14.11;14.22;1322569;19233196.000
08/20/2009;14.17;14.86;14.17;14.82;1029426;15089894.000
08/21/2009;15.15;15.37;15.02;15.36;1520749;23127816.000
08/24/2009;15.55;15.55;15.20;15.51;1526831;23476204.000
08/25/2009;15.41;16.00;15.18;15.58;1962221;30578720.000
08/26/2009;15.62;15.94;15.45;15.82;1191174;18822264.000
08/27/2009;15.79;16.20;15.61;15.80;1739432;27707502.000
08/28/2009;15.78;15.95;15.45;15.50;1101108;17203670.000
08/31/2009;15.44;15.44;14.50;14.54;1019481;15217088.000
09/01/2009;14.62;14.93;14.50;14.56;784413;11533003.000
09/02/2009;14.56;15.63;14.56;15.23;1851218;27968040.000
09/03/2009;15.00;15.60;14.90;15.57;1143169;17537756.000
09/04/2009;15.42;15.78;15.42;15.65;809399;12650187.000
09/07/2009;15.88;15.88;15.55;15.80;1026506;16163570.000
09/08/2009;15.94;16.25;15.66;16.15;1404336;22571366.000
09/09/2009;16.17;16.25;15.65;15.84;1320391;20889920.000
09/10/2009;15.80;15.80;15.41;15.50;963987;15046656.000
09/11/2009;15.50;15.86;15.31;15.70;690660;10822198.000
09/14/2009;15.79;15.95;15.68;15.94;1223968;19381582.000
09/15/2009;15.94;16.12;15.82;15.98;884329;14116481.000
09/16/2009;16.03;16.03;15.52;15.68;1133866;17867386.000
09/17/2009;15.71;16.50;15.68;16.50;2564678;41704220.000
09/18/2009;16.55;16.79;15.96;16.18;1812937;29562436.000
09/21/2009;17.70;17.80;17.70;17.80;5576075;99231632.000
09/22/2009;18.30;19.10;17.60;17.75;7808036;143609600.000
09/23/2009;17.16;17.70;17.01;17.02;3266742;56342144.000
09/24/2009;17.00;17.09;16.30;16.31;2467746;41108320.000
09/25/2009;16.41;16.70;16.11;16.20;1375063;22480432.000
09/28/2009;16.29;16.50;15.48;15.50;1568972;24966062.000
09/29/2009;15.51;15.67;15.20;15.22;1086172;16712130.000
09/30/2009;15.40;15.70;15.23;15.59;778220;12065582.000
10/09/2009;15.66;16.16;15.63;16.00;1659150;26340642.000
10/12/2009;15.60;15.85;15.53;15.66;1526649;23974756.000
10/13/2009;15.63;15.87;15.50;15.87;1261353;19805926.000
10/14/2009;15.88;16.34;15.88;16.00;1515530;24448802.000
10/15/2009;16.05;16.23;15.80;16.00;996844;15954521.000
10/16/2009;16.00;16.57;16.00;16.46;1615333;26336502.000
10/19/2009;16.47;16.70;16.30;16.56;1515624;25016260.000
10/20/2009;16.56;16.68;16.45;16.56;1305169;21607022.000
10/21/2009;16.56;17.05;16.50;16.82;1864040;31365498.000
10/22/2009;16.60;16.60;16.02;16.35;1898097;31014792.000
10/23/2009;16.35;16.46;16.24;16.32;1769630;28909620.000
10/26/2009;16.39;16.50;16.04;16.15;1243319;20095098.000
10/27/2009;16.14;16.14;15.90;15.90;1025544;16396582.000
10/28/2009;15.90;16.32;15.82;16.31;983890;15829276.000
10/29/2009;16.16;16.34;16.02;16.21;820896;13305208.000
10/30/2009;16.25;16.60;16.19;16.34;1115951;18302180.000
11/02/2009;16.20;16.59;16.03;16.59;1906642;31287080.000
11/03/2009;16.40;16.86;16.40;16.82;1955470;32707182.000
11/04/2009;16.70;16.87;16.60;16.64;1391002;23212616.000
11/05/2009;16.72;17.05;16.63;16.92;1888294;31907012.000
11/06/2009;17.18;17.18;16.80;16.86;1483221;25085514.000
11/09/2009;17.06;17.94;17.06;17.25;2779506;48600880.000
11/10/2009;17.35;17.45;16.99;17.03;2129672;36451208.000
11/11/2009;17.03;17.07;16.75;16.99;1318277;22253476.000
11/12/2009;16.93;17.25;16.93;17.01;1224443;20921098.000
11/13/2009;17.02;17.65;17.02;17.53;2387086;41520960.000
11/16/2009;17.60;18.60;17.60;18.33;4026464;73181584.000
11/17/2009;18.26;18.26;17.91;18.12;1775265;32048738.000
11/18/2009;18.20;18.80;18.13;18.26;1952509;35846068.000
11/19/2009;18.32;18.57;18.05;18.49;1696407;30973026.000
11/20/2009;18.70;18.99;17.98;18.09;3742094;68833056.000
11/23/2009;17.95;17.98;17.53;17.93;2328837;41291908.000
11/24/2009;18.10;18.17;17.00;17.15;2563754;45119668.000
11/25/2009;17.15;17.60;17.13;17.54;1782661;31019746.000
11/26/2009;17.58;19.00;17.42;18.59;3458883;61768876.000
11/27/2009;18.36;20.45;18.01;19.70;9887573;189624896.000
11/30/2009;19.35;20.45;19.02;19.82;5159804;101492568.000
12/01/2009;19.88;20.25;19.42;19.86;3257778;64450192.000
12/02/2009;19.93;20.40;19.68;20.21;3859805;77549160.000
12/03/2009;20.00;20.24;19.68;19.85;2619873;52035420.000
12/04/2009;19.81;19.85;18.59;18.81;3837362;73384608.000
12/07/2009;18.88;19.20;18.65;19.12;1411584;26787278.000
12/08/2009;19.18;19.25;18.82;19.15;1464580;27922194.000
12/09/2009;18.90;19.10;18.64;18.76;949412;17810000.000
12/10/2009;18.82;19.09;18.76;18.96;826456;15644571.000
12/11/2009;18.97;19.08;18.72;18.73;717314;13543521.000
12/14/2009;18.61;18.85;18.30;18.65;1196026;22115108.000
12/15/2009;18.49;18.99;18.43;18.91;696126;13049444.000
12/16/2009;18.80;19.28;18.65;19.03;1511895;28867926.000
12/17/2009;19.00;19.23;17.88;18.03;1534872;28250030.000
12/18/2009;17.94;17.95;17.30;17.54;1230116;21680894.000
12/21/2009;17.62;18.03;17.62;18.03;765471;13633906.000
12/22/2009;18.03;18.08;17.34;17.42;798600;14078970.000
12/23/2009;17.42;17.84;17.42;17.66;543516;9586368.000
12/24/2009;17.78;18.10;17.63;17.90;832784;14922844.000
12/25/2009;17.92;18.20;17.73;18.04;1007256;18026390.000
12/28/2009;18.00;18.25;18.00;18.11;627483;11385056.000
12/29/2009;18.14;18.28;17.81;18.02;739760;13332760.000
12/30/2009;18.10;18.24;17.88;18.07;777392;14023139.000
12/31/2009;18.07;18.50;17.96;18.40;828224;15169984.000
01/04/2010;18.43;18.55;18.13;18.31;739407;13526625.000
01/05/2010;18.38;18.39;18.02;18.10;1077503;19510898.000
01/06/2010;18.10;18.10;17.85;18.09;844412;15168465.000
01/07/2010;18.08;18.08;17.58;17.84;1038678;18493488.000
01/08/2010;17.84;18.03;17.62;17.88;730989;13025570.000
01/11/2010;17.81;18.15;17.80;17.86;910662;16348232.000
01/12/2010;17.72;18.15;17.40;17.95;1222332;21772088.000
01/13/2010;17.59;18.77;17.58;18.77;2253017;41188424.000
01/14/2010;18.99;19.62;18.99;19.09;5203566;100599448.000
01/15/2010;19.01;19.01;18.61;18.95;1639896;30778416.000
01/18/2010;18.98;19.13;18.72;18.82;1221289;23035414.000
01/19/2010;18.83;19.59;18.60;19.46;2479987;47429624.000
01/20/2010;19.39;19.41;18.40;18.60;1622427;30576428.000
01/21/2010;18.50;18.77;18.43;18.49;832310;15472312.000
01/22/2010;18.55;18.74;17.60;17.93;1563690;28463190.000
01/25/2010;17.61;18.04;17.61;17.91;609916;10940950.000
01/26/2010;17.91;18.03;17.35;17.42;931335;16401026.000
01/27/2010;17.45;17.65;17.20;17.42;798236;13896189.000
01/28/2010;17.31;17.48;17.23;17.30;592328;10258207.000
01/29/2010;17.39;17.99;17.39;17.44;1010074;17911548.000
02/01/2010;17.44;17.44;16.72;16.90;980123;16652837.000
02/02/2010;16.94;17.16;16.82;16.83;553637;9395845.000
02/03/2010;16.83;17.03;16.50;16.99;751144;12583444.000
02/04/2010;16.99;17.20;16.95;17.07;604125;10327176.000
02/05/2010;16.90;16.90;16.51;16.64;740317;12342984.000
02/08/2010;16.64;16.80;16.49;16.67;404100;6729552.000
02/09/2010;16.67;17.00;16.62;16.92;539050;9083495.000
02/10/2010;16.91;17.18;16.91;17.11;395736;6753224.500
02/11/2010;17.01;17.27;17.01;17.09;329080;5640105.500
02/12/2010;17.04;17.34;17.03;17.20;348938;6018256.000
02/22/2010;17.02;17.22;17.02;17.10;540329;9246655.000
02/23/2010;17.02;17.14;16.89;17.12;394308;6706188.500
02/24/2010;16.96;17.55;16.95;17.50;608762;10577338.000
02/25/2010;17.55;17.64;17.41;17.57;819730;14401221.000
02/26/2010;17.55;17.65;17.34;17.49;498057;8721998.000
03/01/2010;17.45;18.46;17.38;18.46;2406858;43228968.000
03/02/2010;18.48;19.45;18.20;18.95;4980425;93895552.000
03/03/2010;18.80;19.10;18.41;18.90;2423939;45518156.000
03/04/2010;18.59;18.80;18.00;18.02;1429948;26424170.000
03/05/2010;18.18;18.72;18.07;18.39;1179298;21726820.000
03/08/2010;18.39;18.42;18.17;18.22;841098;15392113.000
03/09/2010;18.26;18.30;17.95;18.10;636719;11523403.000
03/10/2010;18.08;18.42;18.05;18.34;650643;11862522.000
03/11/2010;18.30;18.39;17.80;17.87;971896;17550926.000
03/12/2010;18.02;18.07;17.53;17.59;795631;14132823.000
03/15/2010;17.95;18.00;17.51;17.68;842766;14982528.000
03/16/2010;17.99;18.18;17.69;18.04;922969;16560412.000
03/17/2010;18.04;18.31;18.00;18.25;1094780;19873848.000
03/18/2010;18.28;18.28;18.08;18.11;728793;13235780.000
03/19/2010;18.30;18.48;18.07;18.40;1100186;20133598.000
03/22/2010;18.48;18.48;17.90;18.03;1288498;23277278.000
03/23/2010;18.10;18.10;17.47;17.55;1899300;33510394.000
