002308 威创股份 日线
      日期	    开盘	    最高	    最低	    收盘	    成交量	    成交额
11/27/2009;35.88;37.00;34.00;34.17;29802412;1044571648.000
11/30/2009;34.28;36.98;34.28;36.58;18475384;658053696.000
12/01/2009;35.71;36.08;34.90;35.98;10989685;389212896.000
12/02/2009;35.65;36.68;35.60;35.66;10605849;382414848.000
12/03/2009;35.50;38.48;35.20;37.48;11553138;424950976.000
12/04/2009;36.90;38.68;35.06;36.03;11876226;439283872.000
12/07/2009;35.70;37.00;35.15;36.16;5070416;183645104.000
12/08/2009;36.24;36.30;35.20;35.40;4520956;160724352.000
12/09/2009;35.00;35.77;34.48;34.70;4211811;147340592.000
12/10/2009;35.01;35.68;35.01;35.46;3166215;111835664.000
12/11/2009;35.40;35.59;34.44;34.63;3740713;130628472.000
12/14/2009;34.60;34.88;33.71;34.20;2758785;94334736.000
12/15/2009;34.02;34.44;33.82;34.10;2016269;68705704.000
12/16/2009;34.10;34.28;32.41;32.54;4625055;153372000.000
12/17/2009;32.40;32.69;31.01;31.60;3721076;117446408.000
12/18/2009;31.25;31.39;30.61;31.09;2840106;88023736.000
12/21/2009;31.10;31.93;31.00;31.65;2112360;66599956.000
12/22/2009;31.70;31.75;29.81;30.10;2441097;74838920.000
12/23/2009;30.00;31.50;29.83;30.90;2611510;79836440.000
12/24/2009;30.70;31.67;30.70;31.50;2436246;76437728.000
12/25/2009;31.60;31.60;30.80;31.05;1782672;55523088.000
12/28/2009;30.89;31.59;30.80;31.50;1761998;55292512.000
12/29/2009;31.58;32.87;31.42;32.54;3453027;111531552.000
12/30/2009;32.28;32.58;31.74;31.97;1917619;61295740.000
12/31/2009;32.08;32.18;31.51;31.83;1553637;49376068.000
01/04/2010;32.00;32.20;31.55;31.85;1690414;54071740.000
01/05/2010;31.82;32.48;31.60;32.25;2345957;75405272.000
01/06/2010;32.25;32.26;31.77;31.78;2267147;72472824.000
01/07/2010;31.78;31.78;30.66;30.74;2567655;79663976.000
01/08/2010;30.81;31.25;30.53;31.13;1537258;47591500.000
01/11/2010;31.13;31.63;30.61;31.52;2251623;70277216.000
01/12/2010;31.72;33.80;31.72;33.28;5600588;184921808.000
01/13/2010;32.80;34.61;32.60;33.90;5637983;190160752.000
01/14/2010;34.23;34.75;33.78;34.00;4430737;151349648.000
01/15/2010;33.89;35.35;33.77;34.92;4513443;157052672.000
01/18/2010;35.20;35.95;34.48;35.90;5315986;188493392.000
01/19/2010;35.70;36.45;35.50;36.28;5434489;195712464.000
01/20/2010;36.15;36.20;34.30;35.80;6331718;223869968.000
01/21/2010;35.49;35.68;34.40;34.40;2652751;92926632.000
01/22/2010;34.01;34.02;32.81;33.06;2614970;86862640.000
01/25/2010;32.89;34.20;32.57;33.68;2007300;67070956.000
01/26/2010;33.49;34.50;32.90;33.30;2590262;87437112.000
01/27/2010;33.00;33.95;32.90;33.68;1531134;51157160.000
01/28/2010;33.67;35.12;33.31;34.68;2762652;95787944.000
01/29/2010;34.48;36.61;34.10;35.00;4313332;154139232.000
02/01/2010;35.15;36.20;34.40;35.86;3161451;112001080.000
02/02/2010;35.86;35.97;33.80;34.28;3489412;122406544.000
02/03/2010;34.36;34.77;33.10;33.99;2016475;68459416.000
02/04/2010;34.01;34.72;33.50;33.67;1742656;59272512.000
02/05/2010;32.58;32.88;30.62;31.18;3169963;100480616.000
02/08/2010;30.80;31.83;29.93;31.20;1761377;54511708.000
02/09/2010;30.89;31.52;30.80;31.04;647130;20084644.000
02/10/2010;31.28;31.68;31.13;31.43;742678;23311842.000
02/11/2010;31.18;31.59;31.07;31.41;732664;22935716.000
02/12/2010;31.65;31.78;31.08;31.67;950170;29872764.000
02/22/2010;31.50;31.87;31.42;31.54;620194;19586308.000
02/23/2010;31.45;31.75;30.20;31.20;1778805;54578036.000
02/24/2010;31.00;32.34;30.51;32.26;2052303;65330276.000
02/25/2010;32.41;34.06;32.01;33.95;4036699;134629360.000
02/26/2010;33.78;34.22;33.39;33.74;2311240;78197008.000
03/01/2010;33.11;35.63;33.09;34.80;10135869;350346336.000
03/02/2010;34.81;35.85;34.45;35.12;4897962;172653200.000
03/03/2010;35.05;35.50;34.88;35.00;3155879;110827864.000
03/04/2010;35.00;35.28;34.02;34.50;4065349;140353328.000
03/05/2010;34.49;34.93;33.41;33.98;2957473;100725560.000
03/08/2010;33.83;35.10;33.81;34.50;2306385;79365760.000
03/09/2010;34.23;34.90;33.70;34.48;1946668;67038872.000
03/10/2010;34.58;34.99;33.54;33.70;1404248;47841708.000
03/11/2010;33.70;33.75;33.01;33.60;1309716;43784876.000
03/12/2010;33.63;34.75;33.51;33.69;2148564;73487608.000
03/15/2010;33.80;33.99;32.10;32.38;1715259;56240992.000
03/16/2010;32.35;32.68;31.83;32.10;1644477;52876992.000
03/17/2010;32.43;32.96;32.09;32.96;1859723;60629004.000
03/18/2010;33.10;33.48;32.60;32.84;1632450;53870760.000
03/19/2010;32.85;33.20;32.30;33.07;1582174;51797528.000
03/22/2010;32.85;34.28;32.85;33.92;2152310;72652600.000
03/23/2010;33.94;34.40;33.67;34.01;2036300;69344160.000
