002217 联合化工 日线
      日期	    开盘	    最高	    最低	    收盘	    成交量	    成交额
02/20/2008;15.44;16.11;15.38;15.64;18344384;519754496.000
02/21/2008;15.00;15.56;14.55;15.34;7771545;211400576.000
02/22/2008;15.00;15.74;14.95;15.34;5043810;140717280.000
02/25/2008;15.64;16.86;15.35;16.44;9965030;292267968.000
02/26/2008;16.50;16.66;14.79;15.00;6827849;193594672.000
02/27/2008;14.89;15.28;14.26;15.13;3905413;103990784.000
02/28/2008;14.89;14.89;14.28;14.38;2735615;72095328.000
02/29/2008;14.26;14.65;14.06;14.47;2391341;62186192.000
03/03/2008;14.23;14.72;14.11;14.54;2445891;64146808.000
03/04/2008;14.56;15.19;14.39;14.82;3375203;90786768.000
03/05/2008;14.61;14.72;13.78;13.89;2915608;74663784.000
03/06/2008;13.95;14.05;13.28;13.52;2588254;63865544.000
03/07/2008;13.33;13.68;13.28;13.42;1244739;30402878.000
03/10/2008;13.29;13.44;12.14;12.23;2263874;52146352.000
03/11/2008;11.94;12.49;11.83;12.39;1196028;26335306.000
03/12/2008;12.55;12.61;11.56;11.66;1292820;28310022.000
03/13/2008;11.56;12.25;11.56;12.15;1931349;42072584.000
03/14/2008;12.00;12.10;11.63;11.89;901981;19460056.000
03/17/2008;11.89;11.89;10.69;10.69;1389386;27913406.000
03/18/2008;10.66;10.99;9.61;9.70;2000181;36237732.000
03/19/2008;10.05;10.35;9.81;10.13;2004498;36914416.000
03/20/2008;9.90;10.64;9.16;10.47;2354376;42520624.000
03/21/2008;10.33;10.65;10.18;10.37;1512390;28645690.000
03/24/2008;10.50;10.55;9.85;9.85;1119230;20742034.000
03/25/2008;9.68;10.78;9.55;10.78;2340911;43998588.000
03/26/2008;10.83;11.26;10.55;10.73;2573226;50857276.000
03/27/2008;10.50;10.50;9.83;9.84;1517282;28022710.000
03/28/2008;9.61;10.25;9.34;10.21;1412338;25458164.000
03/31/2008;9.89;10.11;9.49;9.49;935099;16690571.000
04/01/2008;9.42;9.67;8.53;8.55;1719443;27688350.000
04/02/2008;8.66;8.88;7.78;8.01;1365501;20603294.000
04/03/2008;8.22;8.70;8.05;8.57;1165392;18033020.000
04/07/2008;8.50;9.31;8.32;9.25;1810140;29502570.000
04/08/2008;9.05;9.52;9.05;9.32;1689097;28750006.000
04/09/2008;9.21;9.47;8.56;8.60;1371589;22524686.000
04/10/2008;8.47;8.99;8.42;8.93;1068327;17020408.000
04/11/2008;8.96;9.56;8.94;9.23;1415442;24078696.000
04/14/2008;9.05;9.08;8.42;8.58;1200968;19181158.000
04/15/2008;8.50;9.16;8.50;9.13;940872;15207632.000
04/16/2008;9.05;9.32;8.91;9.03;958731;15959317.000
04/17/2008;9.22;9.50;9.05;9.28;1501086;25361980.000
04/18/2008;9.11;9.21;8.56;8.69;854790;13858231.000
04/21/2008;9.36;9.58;8.82;9.04;1525539;25610466.000
04/22/2008;8.91;9.10;8.29;9.02;1053383;16927532.000
04/23/2008;8.78;9.46;8.58;9.36;2112479;35145960.000
04/24/2008;10.22;10.31;9.84;10.31;4226190;77939056.000
04/28/2008;9.99;10.41;9.80;10.14;1879237;34585504.000
04/29/2008;10.11;10.58;10.10;10.50;2112629;39990500.000
04/30/2008;10.56;10.80;10.36;10.74;2194565;42312220.000
05/05/2008;10.97;11.15;10.66;10.99;1632340;32365100.000
05/06/2008;10.80;10.89;10.55;10.66;1702025;33189442.000
05/07/2008;10.67;10.86;10.21;10.23;1676504;31968246.000
05/08/2008;10.14;11.26;10.00;11.26;2483399;48857888.000
05/09/2008;11.93;12.40;11.84;12.40;8182193;183083760.000
05/12/2008;13.16;13.65;12.77;13.65;5022198;101257048.000
05/13/2008;14.37;15.03;14.10;15.03;6023949;136262256.000
05/14/2008;15.61;16.23;14.87;15.90;9943591;234608784.000
05/15/2008;15.70;17.50;15.31;17.50;10518532;265551072.000
05/16/2008;17.49;17.75;15.74;15.74;7813559;196313984.000
05/19/2008;15.37;16.30;14.93;15.49;6579611;155322336.000
05/20/2008;15.19;16.90;15.10;15.94;12582551;302750688.000
05/21/2008;15.64;16.09;14.33;15.55;8029955;184166304.000
05/22/2008;15.30;17.11;15.25;16.57;11218361;277184608.000
05/23/2008;16.23;16.79;14.91;15.83;9871205;232734352.000
05/26/2008;15.37;15.49;14.23;14.30;5211495;116275400.000
05/27/2008;14.23;14.99;14.04;14.54;4889635;107280368.000
05/28/2008;14.23;15.18;14.23;14.83;4337231;96396192.000
05/29/2008;14.73;15.47;14.37;14.37;3787535;85603216.000
05/30/2008;14.34;14.61;13.66;13.97;4590815;97270960.000
06/02/2008;13.90;14.76;13.80;14.39;3714865;80267040.000
06/03/2008;14.10;14.35;13.77;14.07;2869903;60667432.000
06/04/2008;13.83;14.30;13.30;13.47;3443588;71469520.000
06/05/2008;13.33;13.77;13.13;13.57;2519824;51213852.000
06/06/2008;13.57;14.19;13.17;13.67;3788687;78651040.000
06/10/2008;13.03;13.23;12.29;12.49;3035943;57256736.000
06/11/2008;12.33;12.71;12.07;12.48;2374032;44586560.000
06/12/2008;12.37;13.23;12.17;12.71;4986189;96337128.000
06/13/2008;12.58;13.55;12.37;12.89;5923009;117215016.000
06/16/2008;12.64;12.81;11.59;11.59;4252724;76161032.000
06/17/2008;11.38;11.85;10.55;10.73;3511868;59336812.000
06/18/2008;10.73;11.70;9.97;11.53;4534845;76006840.000
06/19/2008;11.21;11.53;10.37;10.37;3098553;51122292.000
06/20/2008;10.21;11.08;9.33;10.29;4965242;76986240.000
06/23/2008;9.98;10.22;9.37;9.69;2343918;35083384.000
06/24/2008;9.69;10.67;9.67;10.67;3783256;59555840.000
06/25/2008;10.89;11.42;10.63;11.16;5773545;96167176.000
06/26/2008;10.95;11.83;10.83;11.49;5448418;93392712.000
06/27/2008;12.09;12.65;11.97;12.65;10154650;190859552.000
06/30/2008;12.39;12.79;12.02;12.17;7019499;131177616.000
07/01/2008;12.05;12.65;11.91;11.94;5018453;93277080.000
07/02/2008;12.03;12.61;11.67;12.61;5362513;98590856.000
07/03/2008;12.32;13.60;12.12;13.23;6574464;129451024.000
07/04/2008;13.20;13.47;12.43;12.69;4847367;93902664.000
07/07/2008;12.68;13.90;12.49;13.62;6127191;121820424.000
07/08/2008;13.41;14.10;13.25;13.57;4555088;93649416.000
07/09/2008;13.60;13.93;13.20;13.64;5560167;113484816.000
07/10/2008;13.35;13.70;12.98;12.98;4424914;89291928.000
07/11/2008;13.09;14.29;13.00;14.17;6349874;130363824.000
07/14/2008;14.17;14.67;13.80;14.09;5078871;108889144.000
07/15/2008;14.03;14.42;13.49;13.57;4616406;96898720.000
07/16/2008;13.35;13.39;12.37;12.69;3778851;73399200.000
07/17/2008;12.90;13.27;12.51;12.63;3091569;60322004.000
07/18/2008;12.73;13.03;11.76;12.90;3982027;75193120.000
07/21/2008;12.70;13.63;12.55;13.54;4216942;84325824.000
07/22/2008;13.47;13.90;13.30;13.55;3696213;76225056.000
07/23/2008;13.69;14.02;13.08;13.13;3636743;74286304.000
07/24/2008;13.27;13.50;13.01;13.30;2493167;50068228.000
07/25/2008;12.97;13.23;12.77;12.85;2509549;49140472.000
07/29/2008;12.73;12.77;12.49;12.57;1931533;36880368.000
07/30/2008;12.79;12.97;12.43;12.43;1990903;38218512.000
07/31/2008;12.49;12.67;11.89;11.89;1600556;29496088.000
08/01/2008;11.89;12.53;11.77;12.29;1854394;34144576.000
08/04/2008;12.19;12.22;11.53;11.55;1370697;24656130.000
08/05/2008;11.56;12.00;11.46;11.50;1784179;31517400.000
08/06/2008;11.57;12.03;11.46;11.95;1911014;34133004.000
08/07/2008;11.75;12.08;11.70;11.89;1183795;21279532.000
08/08/2008;11.97;11.97;10.69;10.69;1962932;33030134.000
08/11/2008;10.55;10.67;9.61;9.61;1588192;23894748.000
08/12/2008;9.47;10.01;9.45;9.81;1651841;24423316.000
08/13/2008;9.70;9.98;9.05;9.87;1777663;25534626.000
08/14/2008;9.70;9.96;9.43;9.75;1320616;19565568.000
08/15/2008;9.69;10.21;9.57;10.00;1879669;28391704.000
08/18/2008;10.03;10.05;8.99;8.99;1729482;24536680.000
08/19/2008;8.95;9.34;8.82;9.28;1157339;16097559.000
08/20/2008;9.27;10.22;8.97;10.22;2688917;40281716.000
08/21/2008;10.03;10.37;9.49;9.67;2324664;35102932.000
08/22/2008;9.47;9.70;9.14;9.51;1270183;18101604.000
08/25/2008;9.53;10.47;9.37;10.35;3693800;57133644.000
08/26/2008;10.05;10.17;9.44;9.83;2585721;38613800.000
08/27/2008;9.63;10.20;9.57;10.07;1531817;23143250.000
08/28/2008;10.11;10.87;10.00;10.45;3432862;54664224.000
08/29/2008;10.55;10.87;10.20;10.52;3387835;53981328.000
09/01/2008;10.49;11.38;10.23;11.38;5039474;82335304.000
09/02/2008;10.83;11.35;10.77;11.13;3514373;58566576.000
09/03/2008;11.10;11.13;10.01;10.01;4383377;68280112.000
09/04/2008;9.76;10.05;9.43;9.80;1766237;26019266.000
09/05/2008;9.50;9.57;8.99;9.03;1916238;26885442.000
09/08/2008;9.17;9.23;8.23;8.37;2218080;29221192.000
09/09/2008;8.37;8.91;8.37;8.63;1821896;24035524.000
09/10/2008;8.49;8.89;8.10;8.50;1970192;25388186.000
09/11/2008;8.37;8.55;8.28;8.47;958793;12259093.000
09/12/2008;8.47;8.83;8.47;8.73;1582861;20940452.000
09/17/2008;8.49;8.82;8.49;8.59;1435963;18742982.000
09/18/2008;8.33;8.54;7.77;8.20;2232519;27681250.000
09/19/2008;8.90;9.03;8.87;9.03;2016242;27496940.000
09/22/2008;9.68;9.95;9.09;9.56;4061380;58911268.000
09/23/2008;9.10;9.29;8.71;8.73;2453650;33387268.000
09/24/2008;8.48;9.07;8.33;8.97;1561982;20632760.000
09/25/2008;9.00;9.35;8.97;9.14;2126788;29525550.000
09/26/2008;9.29;9.36;8.97;9.14;1885600;26193528.000
10/06/2008;8.63;8.90;8.29;8.29;2382756;30689344.000
10/07/2008;7.91;8.40;7.90;8.25;1369493;17018222.000
10/08/2008;8.09;8.48;7.97;8.32;1225365;15446938.000
10/09/2008;8.49;8.49;8.03;8.07;1013483;12704097.000
10/10/2008;7.73;7.77;7.25;7.25;1899102;21549856.000
10/13/2008;7.25;7.31;6.70;7.31;1779624;18925176.000
10/14/2008;7.60;7.67;6.71;6.77;1775918;19608058.000
10/15/2008;6.87;6.87;6.47;6.57;1246256;12558186.000
10/16/2008;6.24;6.24;5.90;5.90;2029554;18686680.000
10/17/2008;5.85;6.10;5.83;6.00;1524274;13840353.000
10/20/2008;5.95;6.45;5.84;6.37;1852348;17525000.000
10/21/2008;6.45;6.67;6.27;6.37;2455974;24166596.000
10/22/2008;6.23;6.49;6.17;6.23;1437782;13796058.000
10/23/2008;6.13;6.77;6.06;6.77;2844341;28276898.000
10/24/2008;6.55;6.83;6.37;6.50;3700904;37085580.000
10/27/2008;6.25;6.37;5.84;5.84;2233571;20545300.000
10/28/2008;5.62;6.07;5.59;6.00;2370048;21107914.000
10/29/2008;6.03;6.07;5.53;5.56;2046620;18223702.000
10/30/2008;5.57;5.81;5.41;5.65;2032611;17464736.000
10/31/2008;5.65;5.90;5.60;5.75;2021733;17878160.000
11/03/2008;5.71;5.85;5.69;5.77;1016186;8933226.000
11/04/2008;5.73;5.73;5.24;5.45;1643619;13632243.000
11/05/2008;5.47;5.76;5.45;5.72;1942833;16713707.000
11/06/2008;5.55;5.55;5.33;5.47;1048894;8737183.000
11/07/2008;5.30;5.67;5.27;5.57;1228855;10364938.000
11/10/2008;5.69;6.14;5.69;6.12;2698231;24500398.000
11/11/2008;6.01;6.17;5.91;5.92;2112776;19422516.000
11/12/2008;5.86;6.24;5.84;6.19;2456119;22670064.000
11/13/2008;6.01;6.57;5.98;6.47;4976579;48167644.000
11/14/2008;6.55;6.87;6.35;6.87;5229336;52681388.000
11/17/2008;6.99;7.51;6.99;7.48;5990008;66334420.000
11/18/2008;7.43;7.43;6.72;6.72;5240626;56091844.000
11/19/2008;6.70;7.29;6.46;7.25;4978281;52289096.000
11/20/2008;7.10;7.39;6.84;7.05;3626132;39211820.000
11/21/2008;6.83;7.11;6.50;6.87;3709474;38382608.000
11/25/2008;6.67;6.83;6.29;6.51;2882258;28781474.000
11/26/2008;6.49;6.66;6.41;6.51;1433864;14299332.000
11/27/2008;6.97;7.03;6.54;6.57;2972978;30865676.000
11/28/2008;6.49;6.67;6.45;6.53;1243439;12360404.000
12/01/2008;6.51;7.05;6.43;7.00;3160130;32861360.000
12/02/2008;6.77;7.25;6.76;7.23;4823875;52142164.000
12/03/2008;7.30;7.91;7.23;7.81;5446339;63845452.000
12/04/2008;7.90;8.37;7.57;7.59;7227838;87792240.000
12/05/2008;7.57;8.10;7.50;8.09;4681554;56087012.000
12/08/2008;8.29;8.62;8.20;8.55;5446560;69831560.000
12/09/2008;8.57;8.59;8.13;8.16;3713945;46782976.000
12/10/2008;8.11;8.69;8.10;8.67;4309484;55136772.000
12/11/2008;8.67;8.76;8.27;8.30;3603191;46605640.000
12/12/2008;8.13;8.26;7.63;7.77;3570469;42862472.000
12/15/2008;7.91;8.05;7.67;8.01;2196148;26398444.000
12/16/2008;7.86;8.21;7.60;8.20;2145053;25804032.000
12/17/2008;8.30;8.51;8.15;8.20;3374049;42778524.000
12/18/2008;8.17;8.41;7.98;8.37;2392058;29806692.000
12/19/2008;8.37;8.87;8.29;8.65;5162235;67350064.000
12/22/2008;8.65;9.52;8.59;9.45;7897593;108438432.000
12/23/2008;9.30;9.30;8.50;8.50;5538729;75015416.000
12/24/2008;8.30;8.43;8.03;8.14;3521446;43773772.000
12/25/2008;8.17;8.41;8.11;8.30;2837804;35650668.000
12/26/2008;8.31;8.79;8.31;8.52;3555435;46444048.000
12/29/2008;8.48;8.48;8.02;8.27;2479247;30781028.000
12/30/2008;8.17;8.54;8.17;8.27;2303106;29322338.000
12/31/2008;8.35;8.76;8.27;8.50;3633041;47234352.000
01/05/2009;8.60;9.00;8.60;8.95;3674229;49274300.000
01/06/2009;8.90;9.23;8.79;9.23;4169973;56916036.000
01/07/2009;9.23;9.29;9.04;9.10;3039931;42217780.000
01/08/2009;8.90;9.43;8.75;9.42;5712601;79475736.000
01/09/2009;9.33;10.07;9.31;9.85;6189683;91461784.000
01/12/2009;9.77;10.14;9.63;9.63;5043561;75615040.000
01/13/2009;9.59;9.83;9.23;9.28;3491400;50202056.000
01/14/2009;9.24;10.03;9.23;9.91;3586589;52755972.000
01/15/2009;9.82;10.02;9.63;9.82;3257252;48614092.000
01/16/2009;9.88;10.11;9.69;9.70;3407827;51110660.000
01/19/2009;9.78;9.83;9.29;9.72;3176443;45863344.000
01/20/2009;9.70;9.83;9.57;9.77;1727206;25406454.000
01/21/2009;9.84;10.48;9.83;10.10;4984325;76958088.000
01/22/2009;10.09;10.17;9.89;10.09;2554565;38835800.000
01/23/2009;10.13;10.13;9.80;9.86;2130460;31978344.000
02/02/2009;9.92;10.10;9.67;10.06;2537060;38072724.000
02/03/2009;10.04;10.20;9.91;10.10;3020506;46047712.000
02/04/2009;10.17;10.41;10.01;10.39;4541399;70011328.000
02/05/2009;10.35;10.37;9.73;9.96;4166515;63935892.000
02/06/2009;9.91;10.33;9.91;10.30;4037451;62474428.000
02/09/2009;10.37;10.63;10.17;10.55;5404570;85256728.000
02/10/2009;10.45;11.09;10.35;11.03;5140023;83675168.000
02/11/2009;10.81;11.17;10.51;10.87;5008541;82534520.000
02/12/2009;10.73;10.89;10.20;10.65;3486236;55550788.000
02/13/2009;10.69;10.93;10.57;10.89;3689825;59948836.000
02/16/2009;10.98;11.62;10.97;11.47;6773475;116454816.000
02/17/2009;11.39;11.39;10.92;10.93;3725296;62807480.000
02/18/2009;10.71;10.93;10.37;10.39;2965696;47820180.000
02/19/2009;10.52;10.71;10.23;10.59;2502659;39781324.000
02/20/2009;10.60;11.15;10.57;10.90;4023967;66546776.000
02/24/2009;11.10;11.43;10.65;10.65;6410351;107261288.000
02/25/2009;10.67;10.88;10.20;10.53;3538835;55940044.000
02/26/2009;10.54;10.73;9.47;9.48;3962924;60522720.000
02/27/2009;9.32;9.45;8.57;8.69;3186587;42762100.000
03/02/2009;8.62;8.95;8.51;8.90;1611283;21593888.000
03/03/2009;8.61;9.05;8.58;8.91;2198243;29480504.000
03/04/2009;9.00;9.53;9.00;9.53;4116324;58492736.000
03/05/2009;9.63;9.77;9.23;9.53;4078758;58913620.000
03/06/2009;9.30;9.50;9.24;9.34;1898618;26899878.000
03/09/2009;9.33;9.55;8.77;8.83;2208689;30620314.000
03/10/2009;8.76;9.09;8.71;9.08;1410083;19189772.000
03/11/2009;9.31;9.36;9.04;9.11;1761529;24608702.000
03/12/2009;9.11;9.19;8.77;9.15;1211545;16554357.000
03/13/2009;9.18;9.35;9.11;9.11;1627596;22743676.000
03/16/2009;9.09;9.13;8.90;9.05;1143543;15629403.000
03/17/2009;9.09;9.47;9.04;9.43;2775089;39294952.000
03/18/2009;9.52;9.76;9.45;9.57;3708978;53960300.000
03/19/2009;9.57;9.87;9.50;9.87;4012253;58812536.000
03/20/2009;9.96;10.03;9.67;9.86;3763905;56103392.000
03/23/2009;9.89;10.29;9.89;10.15;5487962;84362224.000
03/24/2009;10.25;10.30;9.94;10.10;4610751;70444640.000
03/25/2009;10.03;10.25;9.91;9.91;3192470;48828824.000
03/26/2009;9.89;10.02;9.55;10.02;3524468;52670928.000
03/27/2009;10.40;10.89;10.31;10.39;7222334;115579456.000
03/30/2009;10.49;10.65;10.31;10.48;3247176;51596192.000
03/31/2009;10.19;10.69;10.11;10.69;4948434;78684408.000
04/01/2009;10.71;10.87;10.63;10.77;4902669;79843664.000
04/02/2009;10.77;11.25;10.70;10.95;6019371;100833192.000
04/03/2009;11.02;11.23;10.77;11.10;5223950;87191144.000
04/07/2009;11.17;11.49;11.04;11.33;3885762;66377020.000
04/08/2009;11.36;11.40;10.65;10.67;4530026;75123520.000
04/09/2009;10.70;10.97;10.53;10.97;3211624;52275884.000
04/10/2009;11.07;11.41;11.07;11.33;5588467;95608576.000
04/13/2009;11.43;11.45;11.15;11.33;4965221;85005000.000
04/14/2009;11.37;12.43;11.25;12.27;8679258;154947968.000
04/15/2009;12.12;12.63;11.91;12.34;6919449;128491480.000
04/17/2009;12.07;12.09;11.41;11.69;6796292;120992720.000
04/20/2009;11.50;12.07;11.47;11.93;3766197;67551512.000
04/21/2009;11.40;11.43;10.73;10.95;9451823;158399056.000
04/22/2009;10.95;10.95;10.17;10.33;9088839;144238160.000
04/23/2009;10.25;10.56;10.25;10.51;3496101;55174300.000
04/24/2009;10.53;10.56;10.01;10.13;5057313;78119296.000
04/27/2009;10.17;10.28;9.77;9.87;2527208;37977132.000
04/28/2009;9.87;10.17;9.87;10.17;2469903;37441988.000
04/29/2009;10.17;10.28;9.97;10.19;4126485;63335396.000
04/30/2009;10.03;10.19;9.66;9.95;6552719;64586616.000
05/04/2009;9.95;10.19;9.80;10.18;4988402;50196648.000
05/05/2009;10.19;10.44;10.16;10.34;5259538;54086348.000
05/06/2009;10.35;10.40;10.17;10.33;4828157;49625692.000
05/07/2009;10.40;10.73;10.12;10.73;8606648;89554968.000
05/08/2009;10.72;10.72;10.31;10.42;5940259;62361968.000
05/11/2009;10.35;10.39;9.80;9.83;5808190;58466160.000
05/12/2009;9.71;10.05;9.62;10.03;2407753;23679104.000
05/13/2009;10.03;10.17;9.90;10.11;2875005;28946960.000
05/14/2009;10.04;10.10;9.93;9.97;2208382;22042266.000
05/15/2009;9.98;10.09;9.91;9.99;2073839;20708672.000
05/18/2009;9.99;10.11;9.92;10.08;2720593;27253894.000
05/19/2009;10.09;10.16;9.99;10.03;2881835;28920634.000
05/20/2009;10.04;10.07;9.85;9.90;3364172;33348820.000
05/21/2009;9.86;9.86;9.58;9.60;3418225;33114226.000
05/22/2009;9.62;9.70;9.56;9.68;1748575;16870798.000
05/25/2009;9.50;9.50;9.27;9.45;2529745;23771828.000
05/26/2009;9.48;9.64;9.41;9.56;2528351;24135540.000
05/27/2009;9.53;9.62;9.43;9.47;1475302;14038312.000
06/01/2009;9.50;9.64;9.50;9.61;2402309;22991892.000
06/02/2009;9.61;9.88;9.60;9.76;3125083;30569754.000
06/03/2009;9.85;10.19;9.85;10.07;6643003;66823644.000
06/04/2009;10.07;10.07;9.82;9.93;3490885;34663372.000
06/05/2009;9.88;10.00;9.76;9.76;2696805;26598008.000
06/08/2009;9.85;9.85;9.48;9.54;2617349;25148346.000
06/09/2009;9.58;9.58;9.35;9.49;1819610;17180118.000
06/10/2009;9.48;9.69;9.45;9.61;1721465;16524970.000
06/11/2009;9.61;9.70;9.50;9.70;2233710;21445502.000
06/12/2009;9.67;9.69;9.36;9.42;2037240;19418948.000
06/15/2009;9.42;9.63;9.39;9.63;1349852;12807789.000
06/16/2009;9.54;9.58;9.43;9.45;1153604;10945146.000
06/17/2009;9.43;9.55;9.40;9.53;1223694;11597058.000
06/18/2009;9.53;9.63;9.43;9.60;2516650;24016092.000
06/19/2009;9.56;9.60;9.45;9.54;1982545;18864780.000
06/22/2009;9.54;9.77;9.48;9.68;4165997;40081688.000
06/23/2009;9.64;9.95;9.58;9.90;7145954;70343744.000
06/24/2009;9.88;9.90;9.73;9.80;3889750;38117388.000
06/25/2009;9.77;9.82;9.58;9.59;3308721;32059916.000
06/26/2009;9.63;9.69;9.53;9.59;1927462;18498046.000
06/29/2009;9.65;10.33;9.56;10.23;7899504;78007000.000
06/30/2009;10.30;10.50;10.03;10.05;16034313;164500976.000
07/01/2009;9.89;9.94;9.70;9.78;5098543;49846612.000
07/02/2009;9.79;9.85;9.71;9.78;3161119;30799066.000
07/03/2009;9.78;9.85;9.69;9.74;3275437;31957834.000
07/06/2009;9.71;9.82;9.61;9.70;3321956;32134802.000
07/07/2009;9.70;9.79;9.63;9.76;2679872;26080664.000
07/08/2009;9.71;9.87;9.70;9.86;3450015;33798980.000
07/09/2009;9.90;10.18;9.85;10.16;6915961;69588008.000
07/10/2009;10.21;10.49;10.05;10.34;10013560;103125352.000
07/13/2009;10.32;10.47;10.20;10.24;6393024;65887696.000
07/14/2009;10.24;10.34;10.21;10.29;4908818;50402040.000
07/15/2009;10.31;10.62;10.25;10.51;8832927;92397480.000
07/16/2009;10.52;10.69;10.38;10.44;8079542;85229912.000
07/17/2009;10.44;10.55;10.35;10.42;5040433;52672988.000
07/20/2009;10.52;10.75;10.45;10.69;8425566;89639752.000
07/21/2009;10.73;10.87;10.42;10.46;8019524;85647848.000
07/22/2009;10.45;11.19;10.41;11.07;13420120;146145392.000
07/23/2009;11.15;11.45;10.90;10.93;12462204;138882240.000
07/24/2009;10.92;11.05;10.54;10.73;7347757;79150160.000
07/27/2009;10.74;10.89;10.67;10.82;5903944;63576864.000
07/28/2009;10.84;10.88;10.55;10.72;5507760;58734300.000
07/29/2009;10.73;10.86;9.65;10.08;6256233;65190924.000
07/30/2009;10.00;10.23;9.81;10.18;4079440;40850276.000
07/31/2009;10.21;10.48;10.16;10.43;3920516;40450968.000
08/03/2009;10.41;11.15;10.41;11.10;10017895;108912760.000
08/04/2009;11.40;12.05;11.20;11.69;18218495;211726000.000
08/05/2009;11.70;11.71;11.01;11.30;8444324;95685680.000
08/06/2009;11.29;11.30;10.80;11.09;6136713;67959192.000
08/07/2009;11.02;11.45;10.77;10.86;6247671;69632992.000
08/10/2009;11.00;11.07;10.59;10.84;4315809;46977224.000
08/11/2009;10.80;11.03;10.80;10.93;2714128;29643814.000
08/12/2009;10.90;10.93;10.11;10.15;4400290;45886788.000
08/13/2009;10.24;10.30;9.91;10.15;2910058;29418808.000
08/14/2009;10.15;10.15;9.70;9.70;3058929;30199212.000
08/17/2009;9.52;9.68;8.80;8.84;3103003;28654990.000
08/18/2009;8.80;9.19;8.76;9.15;1987310;17901620.000
08/19/2009;9.15;9.24;8.55;8.58;2373312;21063032.000
08/20/2009;8.58;9.00;8.57;8.95;2261840;19932328.000
08/21/2009;8.95;9.17;8.81;9.14;2288750;20701006.000
08/24/2009;9.15;9.48;9.08;9.42;4049056;37543368.000
08/25/2009;9.33;10.11;9.20;10.11;8042275;76337192.000
08/26/2009;10.09;10.30;9.89;10.17;9446169;95082048.000
08/27/2009;9.96;10.08;9.75;9.93;5302425;52704840.000
08/28/2009;9.90;9.90;9.51;9.55;3093684;29798044.000
08/31/2009;9.40;9.40;8.63;8.69;2815710;25265158.000
09/01/2009;8.60;8.94;8.60;8.76;2022046;17773694.000
09/02/2009;8.80;8.89;8.65;8.80;1442075;12647264.000
09/03/2009;8.80;9.25;8.75;9.22;2888595;26238570.000
09/04/2009;9.22;9.28;9.11;9.22;2784581;25610096.000
09/07/2009;9.27;9.56;9.15;9.29;2754540;25790204.000
09/09/2009;9.41;9.55;9.23;9.48;3287360;30908334.000
09/10/2009;9.51;9.53;9.30;9.32;2272802;21380732.000
09/11/2009;9.25;9.47;9.25;9.40;2492568;23378260.000
09/14/2009;9.40;9.73;9.40;9.66;3570923;34181560.000
09/15/2009;9.67;9.84;9.56;9.74;3776143;36649104.000
09/16/2009;9.70;9.93;9.65;9.88;5350726;52602804.000
09/17/2009;9.88;10.20;9.80;10.16;4531696;45688160.000
09/18/2009;10.16;10.35;9.61;9.70;5962276;59901912.000
09/21/2009;9.70;9.75;9.31;9.71;2956874;28122920.000
09/22/2009;9.60;9.80;9.50;9.55;2313372;22345524.000
09/23/2009;9.51;9.64;9.08;9.12;2650528;24692908.000
09/24/2009;9.10;9.19;8.88;9.10;2054877;18585324.000
09/25/2009;9.09;9.18;9.01;9.12;1328898;12104745.000
09/28/2009;9.13;9.29;8.87;8.90;1481254;13465256.000
09/29/2009;8.88;8.98;8.54;8.75;1602618;13994354.000
09/30/2009;8.80;8.95;8.75;8.85;1042217;9204578.000
10/09/2009;8.98;9.23;8.98;9.23;1430905;13069522.000
10/12/2009;9.24;9.42;9.15;9.34;2236040;20875414.000
10/13/2009;9.34;9.39;9.17;9.38;1119659;10413247.000
10/14/2009;9.38;9.57;9.35;9.43;2123219;20082320.000
10/15/2009;9.46;9.51;9.25;9.32;1787146;16743232.000
10/16/2009;9.33;9.45;9.13;9.23;1422236;13121378.000
10/19/2009;9.20;9.48;9.20;9.47;1753060;16436069.000
10/20/2009;9.77;10.42;9.77;10.42;6205799;64197308.000
10/21/2009;10.90;10.90;10.07;10.11;15927574;167085328.000
10/22/2009;9.90;10.17;9.80;9.95;6004495;59837308.000
10/23/2009;10.01;10.95;10.00;10.95;17878200;192365952.000
10/26/2009;11.39;12.00;11.14;11.47;26100480;298977952.000
10/27/2009;11.20;11.20;10.75;10.82;12221530;134102680.000
10/28/2009;10.67;10.98;10.52;10.98;6989915;75291488.000
10/29/2009;10.60;10.77;10.38;10.45;6059658;63819172.000
10/30/2009;10.59;10.67;10.20;10.25;6653912;69447032.000
11/02/2009;10.01;10.53;9.93;10.51;7547401;77511152.000
11/03/2009;10.55;10.89;10.54;10.75;7571458;81194096.000
11/04/2009;10.72;11.22;10.60;11.18;10695153;118123808.000
11/05/2009;11.23;11.28;10.83;11.07;6555931;72254008.000
11/06/2009;11.10;11.35;10.96;11.09;7556117;84137952.000
11/09/2009;11.10;11.20;10.80;10.98;5786291;63347832.000
11/10/2009;11.10;11.42;10.90;11.21;8776329;98186336.000
11/11/2009;11.13;11.18;10.98;11.10;3996472;44240628.000
11/12/2009;11.09;11.37;11.04;11.08;5415651;60628332.000
11/13/2009;11.07;11.18;10.88;11.11;4746528;52339456.000
11/16/2009;11.15;11.48;11.15;11.46;9381464;106434624.000
11/17/2009;11.52;11.65;11.25;11.57;7701771;88180536.000
11/18/2009;11.60;11.98;11.37;11.63;7842805;91660656.000
11/19/2009;11.65;11.97;11.48;11.87;9499164;112018640.000
11/20/2009;11.87;12.46;11.78;12.02;13451111;162761744.000
11/23/2009;12.13;12.86;12.08;12.58;14328380;179279904.000
11/24/2009;12.59;12.70;11.69;11.73;11721117;144154816.000
11/25/2009;11.66;12.90;11.57;12.90;13800856;171529680.000
11/26/2009;13.25;13.77;12.61;12.68;24735328;327784096.000
11/27/2009;12.31;13.94;11.80;13.85;23182945;303102496.000
11/30/2009;14.26;15.12;14.20;14.30;22558885;327456544.000
12/01/2009;14.28;15.73;14.18;15.73;22448884;338520640.000
12/02/2009;16.60;17.30;16.50;17.30;25456079;433355488.000
12/03/2009;17.80;18.06;16.99;17.58;18361080;320775552.000
12/04/2009;17.30;18.05;16.11;16.42;18561503;316034560.000
12/07/2009;16.40;17.21;16.12;16.89;11328950;188507552.000
12/08/2009;16.64;17.55;16.28;17.06;11481297;195320384.000
12/09/2009;16.70;16.74;16.23;16.50;8349105;137489904.000
12/10/2009;16.50;16.70;16.02;16.16;7066589;115145400.000
12/11/2009;16.22;16.89;15.95;16.56;8655302;142765968.000
12/14/2009;16.48;16.86;16.23;16.64;6586511;108772392.000
12/15/2009;16.70;17.16;16.46;16.70;6119480;102537936.000
12/16/2009;16.50;16.85;15.80;16.01;5408964;88779224.000
12/17/2009;15.95;16.72;15.84;16.06;6264845;101893312.000
12/18/2009;15.95;16.28;14.70;14.95;4450199;68849192.000
12/21/2009;14.85;15.21;14.80;15.04;3949053;59396772.000
12/22/2009;15.01;15.23;14.61;14.86;3332754;49753204.000
12/23/2009;14.84;15.50;14.80;15.42;4058857;61759244.000
12/24/2009;15.45;15.99;15.22;15.82;5636992;88150544.000
12/25/2009;15.80;16.06;15.38;15.73;5169363;81066488.000
12/28/2009;15.61;15.88;15.57;15.85;2992257;47114152.000
12/29/2009;15.78;16.23;15.66;16.19;4361475;69763120.000
12/30/2009;16.04;16.20;15.50;15.59;4388713;69019512.000
12/31/2009;15.70;15.76;15.08;15.35;5137956;78813768.000
01/04/2010;15.39;15.67;15.30;15.47;2916164;45125016.000
01/05/2010;15.40;16.39;15.22;16.33;8201844;129807888.000
01/06/2010;16.20;16.29;15.86;15.90;5981619;96271464.000
01/07/2010;15.75;15.99;15.13;15.19;4658433;71959952.000
01/08/2010;15.16;15.45;15.00;15.33;3455751;52584108.000
01/11/2010;15.44;15.44;14.60;14.99;4509321;67366080.000
01/12/2010;14.99;15.37;14.85;15.23;3950142;59848964.000
01/13/2010;14.97;15.65;14.85;15.34;4748168;72703864.000
01/14/2010;15.31;15.77;15.26;15.71;4526197;70379424.000
01/15/2010;15.65;16.09;15.65;15.93;5230268;83040344.000
01/18/2010;15.80;16.14;15.75;16.06;4255057;68045736.000
01/19/2010;16.08;16.25;15.79;15.80;4323218;69013864.000
01/20/2010;16.25;17.27;16.25;16.33;14618259;243469392.000
01/21/2010;16.00;16.25;14.85;15.43;7943155;122950264.000
01/22/2010;15.00;15.00;14.16;14.39;6867356;99132224.000
01/25/2010;14.40;14.56;13.60;13.73;4532777;63680384.000
01/26/2010;13.74;13.89;13.04;13.28;2960402;39883616.000
01/27/2010;13.40;13.50;13.09;13.09;3052457;40548724.000
01/28/2010;13.12;13.40;12.91;13.28;2395329;31630594.000
01/29/2010;13.30;13.57;13.06;13.24;2889560;38605556.000
02/01/2010;13.22;13.22;12.42;12.71;2942546;37477428.000
02/02/2010;12.85;13.10;12.71;12.75;2294561;29587428.000
02/03/2010;12.80;13.12;12.16;13.07;2925266;37234164.000
02/04/2010;12.90;13.28;12.80;13.01;3109703;40550928.000
02/05/2010;12.80;12.86;12.13;12.20;4440318;55074012.000
02/08/2010;12.27;12.38;12.10;12.37;3446070;42211300.000
02/09/2010;12.30;12.38;12.16;12.30;2041515;25090284.000
02/10/2010;12.40;12.44;12.20;12.44;3656826;45101052.000
02/11/2010;12.46;12.59;12.40;12.54;4579943;57158844.000
02/12/2010;12.59;12.73;12.38;12.69;3947458;49599632.000
02/22/2010;12.65;12.80;12.52;12.72;3719202;47230180.000
02/23/2010;12.74;12.90;12.23;12.67;4978405;62408072.000
02/24/2010;12.58;13.54;12.46;13.40;8594044;111780752.000
02/25/2010;13.38;13.58;13.17;13.49;8619806;115224152.000
02/26/2010;13.40;13.93;13.36;13.71;7470188;101940216.000
03/01/2010;13.60;13.85;13.55;13.84;5421469;74335440.000
03/02/2010;13.94;14.23;13.81;13.93;7029489;98255616.000
03/03/2010;13.82;14.19;13.74;14.14;5535689;77351312.000
03/04/2010;14.12;14.26;13.01;13.20;6789194;93282768.000
03/05/2010;13.27;13.43;13.09;13.25;3383757;45019324.000
03/08/2010;13.21;13.77;13.20;13.60;4281499;57683564.000
03/09/2010;13.68;13.71;13.38;13.53;3440961;46565596.000
03/10/2010;13.48;13.60;13.08;13.23;2947485;39223604.000
03/11/2010;13.28;13.30;12.93;13.03;3079846;40263148.000
03/12/2010;13.04;13.26;12.98;12.99;2535149;33168550.000
03/15/2010;13.09;13.10;12.68;12.71;1997614;25618482.000
03/16/2010;12.63;12.90;12.60;12.83;1369097;17424078.000
03/17/2010;12.86;13.24;12.80;13.24;2681011;35028720.000
03/18/2010;13.27;13.58;13.23;13.34;3100617;41497664.000
03/19/2010;13.34;13.66;13.32;13.57;3412123;46113424.000
03/22/2010;13.60;13.66;13.30;13.53;2567298;34527044.000
03/23/2010;13.55;13.65;13.39;13.58;3304700;44687500.000
