002235 安妮股份 日线
      日期	    开盘	    最高	    最低	    收盘	    成交量	    成交额
05/16/2008;10.88;12.79;10.88;11.92;15975944;281652864.000
05/19/2008;11.19;11.45;10.72;10.72;6300312;103767560.000
05/20/2008;10.59;10.86;10.19;10.36;4651594;74088432.000
05/21/2008;10.25;10.64;10.11;10.52;3077828;48395764.000
05/22/2008;10.29;10.44;9.99;10.02;3625774;55435980.000
05/23/2008;9.93;9.97;9.59;9.74;2107388;31188766.000
05/26/2008;9.71;9.71;9.43;9.43;1414333;20449960.000
05/27/2008;9.48;9.61;9.33;9.55;825411;11833884.000
05/28/2008;9.53;9.89;9.37;9.73;1657630;24099216.000
05/29/2008;9.69;9.69;9.27;9.29;1306109;18762168.000
05/30/2008;9.27;9.64;9.18;9.49;1740130;24880790.000
06/02/2008;9.41;9.69;9.19;9.56;1386626;19830022.000
06/03/2008;9.57;9.57;9.32;9.36;786560;11194078.000
06/04/2008;9.37;9.42;9.09;9.17;865220;12066043.000
06/05/2008;9.15;9.29;9.03;9.28;794296;11034648.000
06/06/2008;9.29;9.48;9.16;9.33;933163;13206586.000
06/10/2008;8.99;9.02;8.39;8.39;1037588;13546740.000
06/11/2008;8.40;8.52;8.08;8.47;1297036;16428107.000
06/12/2008;8.42;8.49;8.03;8.25;817498;10197816.000
06/13/2008;8.21;8.32;7.87;7.91;734039;8964391.000
06/16/2008;7.92;8.07;7.66;7.95;893747;10656632.000
06/17/2008;7.93;8.23;7.74;7.80;1293512;15635078.000
06/18/2008;7.72;8.12;7.46;8.10;1378122;16493208.000
06/19/2008;7.93;8.01;7.28;7.29;1250955;14451314.000
06/23/2008;7.26;7.39;6.94;6.96;709984;7743058.000
06/24/2008;6.96;7.25;6.85;7.17;865189;9284539.000
06/25/2008;7.07;7.59;7.05;7.56;1325260;14903893.000
06/26/2008;7.59;7.77;7.42;7.65;1035118;11941931.000
06/27/2008;7.38;7.42;6.97;7.03;948486;10371315.000
06/30/2008;6.91;7.17;6.89;7.13;520370;5546790.500
07/01/2008;7.19;7.71;7.09;7.49;1709726;19219846.000
07/02/2008;7.47;7.68;7.33;7.41;1211958;13837357.000
07/03/2008;7.32;7.84;7.19;7.69;1462928;16788000.000
07/04/2008;7.59;7.76;7.39;7.55;789527;9075828.000
07/07/2008;7.55;7.95;7.55;7.93;1404942;16605903.000
07/08/2008;7.93;8.02;7.71;7.97;1264991;15061755.000
07/09/2008;7.98;8.14;7.87;8.06;1615637;19582940.000
07/10/2008;7.93;8.35;7.91;8.03;1850212;22797546.000
07/11/2008;8.03;8.05;7.83;7.90;1040927;12470186.000
07/14/2008;7.89;8.32;7.85;8.32;1355847;16816954.000
07/15/2008;8.40;8.43;7.92;7.92;1912097;23520548.000
07/16/2008;7.84;7.89;7.31;7.50;1311737;15132344.000
07/17/2008;7.62;7.75;7.45;7.53;780496;8998788.000
07/18/2008;7.59;7.91;7.53;7.87;867918;10146790.000
07/21/2008;7.87;8.15;7.76;8.10;1391951;16917712.000
07/22/2008;8.10;8.19;8.04;8.09;725429;8906844.000
07/23/2008;8.19;8.19;8.03;8.05;787062;9662744.000
07/24/2008;8.07;8.26;8.05;8.23;1228822;15221861.000
07/25/2008;8.15;8.21;8.05;8.10;766641;9450399.000
07/28/2008;8.11;8.34;8.06;8.25;957901;11923430.000
07/29/2008;8.17;8.22;8.05;8.15;745654;9172717.000
07/30/2008;8.19;8.47;8.18;8.37;2076786;26294722.000
07/31/2008;8.43;8.72;8.12;8.14;2462116;31755746.000
08/01/2008;7.93;8.32;7.92;8.23;1327924;16272977.000
08/04/2008;8.15;8.29;7.99;8.02;665480;8193616.000
08/05/2008;8.03;8.09;7.65;7.73;1027524;12259368.000
08/06/2008;7.84;7.84;7.57;7.71;642138;7498102.000
08/07/2008;7.71;8.15;7.63;8.15;1589313;19180032.000
08/11/2008;7.55;7.81;7.33;7.33;793501;8941318.000
08/12/2008;7.06;7.11;6.67;6.77;944482;9783159.000
08/13/2008;6.77;6.82;6.52;6.75;571900;5751736.500
08/14/2008;6.69;6.79;6.59;6.71;509185;5161768.500
08/15/2008;6.67;6.80;6.65;6.72;571646;5836490.000
08/18/2008;6.39;6.59;6.12;6.15;2722702;26349730.000
08/19/2008;5.99;6.18;5.93;6.12;1344804;12367544.000
08/20/2008;6.06;6.70;5.85;6.62;2461599;23798816.000
08/21/2008;6.45;6.55;6.19;6.27;1748556;16951642.000
08/22/2008;6.24;6.24;5.94;6.07;926593;8561604.000
08/25/2008;6.08;6.19;6.02;6.05;645840;6007027.500
08/26/2008;5.97;6.02;5.59;5.64;1280697;11282912.000
08/27/2008;5.65;5.77;5.52;5.64;747149;6412831.000
08/28/2008;5.60;5.77;5.53;5.74;612703;5305428.000
08/29/2008;5.74;6.01;5.73;5.92;872794;7801808.000
09/01/2008;5.86;5.89;5.59;5.67;679254;5919768.500
09/02/2008;5.61;5.84;5.59;5.78;470443;4099122.250
09/03/2008;5.69;5.83;5.63;5.72;461507;4008804.250
09/04/2008;5.71;5.88;5.67;5.83;530466;4662397.000
09/05/2008;5.65;5.71;5.52;5.62;693499;5922217.500
09/08/2008;5.65;5.65;5.27;5.28;731726;6012878.000
09/09/2008;5.30;5.39;5.26;5.31;386943;3134870.500
09/10/2008;5.27;5.44;5.25;5.35;588585;4801752.000
09/11/2008;5.32;5.38;5.21;5.28;428801;3443277.500
09/12/2008;5.27;5.36;5.27;5.32;209158;1694791.750
09/16/2008;5.29;5.31;5.12;5.18;604350;4801888.500
09/17/2008;5.18;5.25;5.01;5.07;619984;4832011.500
09/18/2008;5.02;5.02;4.67;4.93;912997;6768681.000
09/19/2008;5.31;5.43;5.26;5.43;1267447;10406602.000
09/22/2008;5.71;5.95;5.43;5.59;2185701;18806440.000
09/23/2008;5.43;5.43;5.11;5.12;1040843;8332980.000
09/24/2008;5.02;5.19;4.99;5.19;469421;3651517.000
09/25/2008;5.19;5.55;5.15;5.49;1504516;12302370.000
09/26/2008;5.41;5.64;5.41;5.61;1128300;9490555.000
10/06/2008;5.44;5.57;5.31;5.50;811601;6723608.000
10/07/2008;5.37;5.71;5.25;5.59;1888713;15979909.000
10/08/2008;5.46;5.77;5.40;5.71;1637161;13912707.000
10/09/2008;5.72;5.84;5.42;5.57;1678454;14344149.000
10/10/2008;5.31;5.58;5.27;5.51;1587444;13034522.000
10/13/2008;5.52;5.52;5.05;5.49;1358830;11023288.000
10/14/2008;5.51;5.59;5.17;5.17;2374019;19555572.000
10/15/2008;5.00;5.01;4.67;4.76;1301466;9508231.000
10/16/2008;4.55;4.65;4.29;4.29;989481;6769527.000
10/17/2008;4.35;4.62;4.35;4.57;1570900;10845024.000
10/20/2008;4.57;4.67;4.45;4.62;1025281;7157651.500
10/21/2008;4.64;4.85;4.60;4.81;1414616;10256711.000
10/22/2008;4.71;4.95;4.67;4.85;1834928;13493669.000
10/23/2008;4.85;5.01;4.73;4.97;1914554;14241307.000
10/24/2008;4.97;5.01;4.81;4.87;1024480;7611926.000
10/27/2008;4.79;4.79;4.43;4.47;646978;4511764.500
10/28/2008;4.44;4.69;4.39;4.61;823572;5732602.500
10/29/2008;4.67;4.70;4.43;4.50;1151075;8011830.500
10/30/2008;4.52;4.57;4.44;4.47;1979218;13619626.000
10/31/2008;4.47;4.47;4.28;4.33;901199;5995220.500
11/03/2008;4.22;4.37;4.20;4.31;381793;2504256.750
11/04/2008;4.31;4.31;4.11;4.22;626456;4002591.250
11/05/2008;4.31;4.45;4.25;4.37;1210605;8050523.000
11/06/2008;4.23;4.29;4.19;4.23;522891;3381925.000
11/07/2008;4.22;4.41;4.19;4.35;653748;4330315.500
11/10/2008;4.45;4.65;4.40;4.65;1841737;12847428.000
11/12/2008;4.51;4.77;4.48;4.74;1390825;9836100.000
11/13/2008;4.65;5.01;4.65;4.92;2579959;19158722.000
11/14/2008;4.94;5.25;4.87;5.22;2525517;19392196.000
11/17/2008;5.25;5.41;5.08;5.40;3122231;24985888.000
11/18/2008;5.28;5.37;4.85;4.85;2430261;18852832.000
11/19/2008;4.85;5.24;4.84;5.20;1474605;11309102.000
11/20/2008;5.13;5.32;4.99;5.18;1677002;13156947.000
11/21/2008;5.01;5.19;4.81;5.08;1462654;11142618.000
11/24/2008;5.08;5.23;4.93;4.95;1421648;11044455.000
11/25/2008;4.99;5.05;4.85;4.95;878058;6647152.500
11/26/2008;4.95;5.05;4.83;5.00;615926;4689930.500
11/27/2008;5.31;5.37;5.01;5.03;1597330;12660241.000
11/28/2008;4.99;5.05;4.87;4.92;735039;5532764.500
12/01/2008;4.99;5.42;4.91;5.42;2611112;20881228.000
12/02/2008;5.49;5.68;5.41;5.46;5175500;43538640.000
12/03/2008;5.38;5.79;5.38;5.75;4173582;35550532.000
12/04/2008;5.72;5.89;5.60;5.62;3663909;32130048.000
12/05/2008;5.65;5.87;5.59;5.86;2040902;17830072.000
12/08/2008;6.04;6.11;5.87;6.04;3082570;28251546.000
12/09/2008;5.99;6.02;5.77;5.78;2036886;18176276.000
12/10/2008;5.73;6.17;5.73;6.13;2343379;21350852.000
12/11/2008;6.13;6.25;5.95;5.98;2151615;19905366.000
12/15/2008;5.79;5.97;5.69;5.79;2014577;17835010.000
12/16/2008;5.73;5.95;5.69;5.92;1380327;12215950.000
12/17/2008;5.92;6.10;5.85;5.95;1518536;13831290.000
12/18/2008;5.87;6.03;5.83;6.01;1304668;11744405.000
12/19/2008;5.98;6.31;5.98;6.22;2045373;19157298.000
12/22/2008;6.27;6.67;6.27;6.56;2796459;27530708.000
12/23/2008;6.53;6.53;5.98;6.01;2183296;20799076.000
12/24/2008;5.95;5.98;5.81;5.90;1309101;11748974.000
12/25/2008;5.89;6.11;5.85;6.11;1257196;11435639.000
12/26/2008;6.19;6.35;6.08;6.19;1650787;15606900.000
12/29/2008;6.08;6.15;5.74;6.02;1314612;11789014.000
12/30/2008;5.93;6.19;5.93;6.15;1311084;12159737.000
12/31/2008;6.19;6.51;6.13;6.25;2405336;23157582.000
01/05/2009;6.39;6.54;6.28;6.53;2084275;20299232.000
01/06/2009;6.47;6.61;6.38;6.59;1804360;17843806.000
01/07/2009;6.52;6.62;6.48;6.53;1322250;13156537.000
01/08/2009;6.39;6.89;6.33;6.71;2421959;24512068.000
01/09/2009;6.69;7.23;6.66;7.09;3103171;32962690.000
01/12/2009;7.09;7.26;6.95;6.95;2901717;31321088.000
01/13/2009;6.96;7.05;6.67;6.71;1961296;20378424.000
01/14/2009;6.71;7.24;6.71;7.19;2389167;25429644.000
01/15/2009;7.13;7.49;7.11;7.45;3451986;38461756.000
01/16/2009;7.40;7.51;7.23;7.31;2614147;29142002.000
01/19/2009;7.31;7.36;7.04;7.25;1489384;16194794.000
01/20/2009;7.25;7.37;7.15;7.24;793450;8714768.000
01/21/2009;7.15;7.33;6.85;6.97;2028573;21805410.000
01/22/2009;7.00;7.14;6.92;7.12;1141081;12203688.000
01/23/2009;7.15;7.15;6.99;7.07;1022649;10978761.000
02/02/2009;7.11;7.23;7.05;7.23;1033549;11252293.000
02/03/2009;7.23;7.42;7.19;7.37;1713244;18979400.000
02/04/2009;7.33;7.40;7.23;7.37;1697973;18814268.000
02/05/2009;7.40;7.55;7.33;7.41;2381233;26784526.000
02/06/2009;7.38;7.60;7.38;7.59;2003716;22872510.000
02/09/2009;7.79;7.83;7.57;7.81;2442440;28550756.000
02/10/2009;7.91;8.57;7.83;8.49;3532038;44226064.000
02/11/2009;8.39;8.99;8.33;8.64;3691775;48516792.000
02/12/2009;8.64;9.41;8.49;9.27;3842481;51738788.000
02/13/2009;9.27;9.47;9.06;9.41;2728059;38214744.000
02/16/2009;9.27;9.55;8.93;9.41;2143207;29840824.000
02/17/2009;9.33;9.33;8.87;8.88;1608840;22090462.000
02/18/2009;8.66;9.11;8.47;8.55;1474390;19724536.000
02/19/2009;8.89;8.89;8.52;8.75;1099550;14498558.000
02/20/2009;8.90;9.36;8.73;9.32;2179504;30311048.000
02/23/2009;9.31;10.26;9.09;10.26;3232749;48009904.000
02/24/2009;10.15;10.79;9.99;10.06;2902136;45084824.000
02/25/2009;10.13;10.38;9.69;10.00;2005011;30288514.000
02/26/2009;10.06;10.25;8.99;8.99;2398638;34799996.000
02/27/2009;8.69;8.91;8.11;8.11;1816518;23220202.000
03/02/2009;8.09;8.56;8.06;8.53;1077906;13710772.000
03/03/2009;8.29;8.78;8.12;8.65;1535981;19887770.000
03/04/2009;8.65;9.51;8.65;9.43;2163034;30466738.000
03/05/2009;9.51;9.85;9.29;9.59;2581576;37404576.000
03/06/2009;9.46;9.82;9.42;9.77;1593613;23385742.000
03/09/2009;9.84;10.57;9.72;9.96;3138276;48406900.000
03/10/2009;9.79;10.28;9.45;10.28;1978274;29449204.000
03/11/2009;10.55;10.95;10.26;10.31;3445225;55514504.000
03/12/2009;10.12;10.52;9.59;10.49;2173655;32957704.000
03/13/2009;10.59;10.65;9.99;9.99;1574264;24379754.000
03/16/2009;10.11;10.11;9.65;9.97;1047757;15603850.000
03/17/2009;9.93;10.22;9.73;10.17;1283210;19481244.000
03/18/2009;10.19;10.55;10.12;10.15;1549383;24348674.000
03/19/2009;10.19;10.29;9.97;10.19;1811149;27698958.000
03/20/2009;10.24;10.32;9.87;10.01;1462906;22277986.000
03/23/2009;9.92;10.19;9.87;10.12;1370308;20855208.000
03/24/2009;10.19;10.92;10.11;10.75;2805125;44865300.000
03/25/2009;10.75;10.75;10.32;10.32;1541136;24497546.000
03/26/2009;10.31;10.45;10.06;10.42;1442544;22410044.000
03/27/2009;10.41;10.55;10.19;10.35;1334984;20901706.000
03/30/2009;10.36;11.09;10.31;10.87;2348882;38381912.000
03/31/2009;10.56;11.40;10.39;11.37;2181291;36128832.000
04/01/2009;11.40;11.51;11.16;11.22;1842513;31450186.000
04/02/2009;11.25;11.95;11.16;11.72;2643445;46578268.000
04/03/2009;11.75;12.90;11.59;12.90;3698464;69638824.000
04/07/2009;13.09;13.59;12.61;13.17;3419109;67561792.000
04/08/2009;12.65;12.65;11.85;11.85;4953432;90975872.000
04/09/2009;11.45;12.12;11.39;12.11;2618766;46260568.000
04/10/2009;12.11;12.35;11.77;12.21;2921091;53576620.000
04/13/2009;12.28;12.70;12.12;12.59;3384804;63705188.000
04/14/2009;12.57;13.85;12.40;13.85;4241881;85119544.000
04/15/2009;13.92;14.39;13.24;13.75;3718179;76890712.000
04/16/2009;13.32;13.83;12.99;13.19;2986909;59984632.000
04/17/2009;13.13;13.25;12.43;12.58;2022088;39136348.000
04/20/2009;12.25;12.85;12.25;12.70;1493458;28496620.000
04/21/2009;12.59;12.59;12.02;12.25;1760664;32768492.000
04/22/2009;12.30;12.79;11.52;11.90;1791239;33285402.000
04/23/2009;11.65;12.17;11.62;12.09;1101118;19806500.000
04/24/2009;12.14;12.22;11.89;12.01;926319;16830658.000
04/27/2009;11.93;12.19;11.66;11.88;980839;17622838.000
04/29/2009;11.99;12.27;11.96;12.22;1365617;24995220.000
04/30/2009;12.50;12.85;12.50;12.59;1563920;29835460.000
05/04/2009;12.59;13.25;12.58;13.25;2230182;43620108.000
05/05/2009;13.43;14.19;13.03;13.19;3320232;67827456.000
05/06/2009;13.15;13.36;12.89;13.25;1686991;33375986.000
05/07/2009;13.25;13.27;12.65;12.83;1519284;29570702.000
05/08/2009;12.72;12.93;12.52;12.59;1102545;21113804.000
05/11/2009;12.59;12.64;11.97;11.98;1258868;23380892.000
05/12/2009;11.92;12.29;11.79;12.29;1038907;18832918.000
05/13/2009;12.25;12.62;12.03;12.54;1015173;18922576.000
05/14/2009;12.43;12.43;12.16;12.23;1111244;20592786.000
05/15/2009;12.25;12.59;12.25;12.39;1203120;22550764.000
05/18/2009;12.60;13.05;12.40;12.97;2315242;44483928.000
05/19/2009;12.92;12.95;12.52;12.75;2416480;46333428.000
05/20/2009;12.69;12.76;12.46;12.67;1253215;23806034.000
05/21/2009;12.55;12.67;12.00;12.16;1957391;36168580.000
05/22/2009;12.41;12.49;12.12;12.16;1135051;20986484.000
05/25/2009;11.67;12.04;11.59;11.97;1095421;19474664.000
05/26/2009;12.05;12.06;11.83;12.01;963243;17421002.000
05/27/2009;11.94;12.08;11.65;11.77;1348818;24016878.000
06/01/2009;11.77;11.86;11.53;11.81;2545293;29613648.000
06/02/2009;11.90;12.11;11.75;12.11;2873132;34199648.000
06/03/2009;12.49;13.20;12.36;12.70;9587684;122079840.000
06/04/2009;12.29;12.55;12.01;12.25;3529081;43101852.000
06/05/2009;12.08;12.25;11.90;11.92;2771623;33363132.000
06/08/2009;11.95;12.18;11.88;11.97;1462980;17598186.000
06/09/2009;11.97;12.06;11.60;11.74;1564197;18381192.000
06/10/2009;11.77;11.89;11.71;11.83;1269030;14941723.000
06/11/2009;11.69;12.30;11.69;12.19;2191582;26311872.000
06/12/2009;12.16;12.18;11.75;11.75;1474866;17587160.000
06/15/2009;11.75;11.85;11.59;11.72;884391;10306484.000
06/16/2009;11.65;11.88;11.65;11.80;980354;11564155.000
06/17/2009;11.90;11.90;11.70;11.82;1011651;11928518.000
06/18/2009;11.78;12.30;11.70;12.29;2567644;30773108.000
06/19/2009;12.27;12.30;11.92;12.20;2803258;34103060.000
06/22/2009;12.50;13.07;12.28;12.47;7944162;100892256.000
06/23/2009;12.10;12.40;11.96;12.17;2626547;31905264.000
06/24/2009;12.17;12.39;12.00;12.15;2245473;27232772.000
06/26/2009;12.21;12.32;11.90;11.97;1528204;18375260.000
06/29/2009;11.90;12.05;11.82;11.87;1404765;16693095.000
06/30/2009;11.87;11.94;11.69;11.72;1473486;17335532.000
07/01/2009;11.72;11.80;11.62;11.75;1015392;11893905.000
07/02/2009;11.70;11.89;11.70;11.79;1371387;16169389.000
07/03/2009;11.75;11.88;11.63;11.73;1546198;18094472.000
07/06/2009;11.74;11.83;11.63;11.71;1375416;16062685.000
07/07/2009;11.69;12.18;11.63;12.06;2735444;32689668.000
07/08/2009;12.09;12.65;12.00;12.47;6110115;75937008.000
07/09/2009;12.45;12.93;12.21;12.74;6113055;76842016.000
07/10/2009;12.78;12.85;12.49;12.49;3340602;42104560.000
07/13/2009;12.55;12.55;12.28;12.52;2878416;35792708.000
07/14/2009;12.65;12.81;12.56;12.71;3741900;47491512.000
07/15/2009;12.79;12.82;12.62;12.75;3519664;44755456.000
07/16/2009;12.75;12.79;12.50;12.55;3089104;38971080.000
07/17/2009;12.53;12.89;12.50;12.89;4368985;55751264.000
07/20/2009;12.97;13.30;12.97;13.09;5798098;76015896.000
07/21/2009;13.07;13.08;12.33;12.40;4077806;51805636.000
07/22/2009;12.40;12.68;12.38;12.55;1971413;24713116.000
07/23/2009;12.68;13.20;12.51;13.12;3511903;45111636.000
07/24/2009;12.95;13.85;12.90;13.57;10810541;144901056.000
07/27/2009;13.50;13.51;13.21;13.40;5490497;73217184.000
07/28/2009;13.40;13.45;13.02;13.23;3566865;47013748.000
07/29/2009;13.18;13.19;11.91;12.17;3908166;49607480.000
07/30/2009;12.17;12.40;11.73;12.21;2783907;33484956.000
07/31/2009;12.25;12.60;12.18;12.53;2358367;29265204.000
08/03/2009;12.64;13.78;12.33;13.69;6736980;89087776.000
08/04/2009;13.50;13.68;13.20;13.31;5446105;73025992.000
08/05/2009;13.33;13.58;13.05;13.23;3545433;47191736.000
08/06/2009;13.50;14.06;13.38;13.63;7879548;108120408.000
08/07/2009;13.41;13.53;12.90;12.94;3564410;47184096.000
08/10/2009;12.93;13.16;12.68;12.82;1985366;25521936.000
08/11/2009;12.81;13.06;12.81;13.00;1128790;14614794.000
08/12/2009;13.04;13.07;12.19;12.20;1644674;20749040.000
08/13/2009;12.22;12.38;11.95;12.22;1691987;20563520.000
08/14/2009;12.23;12.28;11.56;11.57;1806186;21460638.000
08/17/2009;11.57;11.57;10.69;10.70;1822175;20229372.000
08/18/2009;10.56;11.00;10.51;10.91;1026913;11085531.000
08/19/2009;10.95;10.99;10.00;10.18;1305440;13787388.000
08/20/2009;10.18;10.59;10.06;10.58;1326985;13742431.000
08/21/2009;10.59;10.86;10.38;10.85;1627895;17334388.000
08/24/2009;10.84;11.45;10.73;11.27;2484976;27780850.000
08/25/2009;11.30;11.30;10.68;10.95;1924952;20929536.000
08/26/2009;10.88;11.30;10.80;11.20;1495290;16718332.000
08/27/2009;11.18;11.47;11.00;11.39;1618000;18318152.000
08/28/2009;11.35;11.60;11.12;11.60;2234611;25292676.000
08/31/2009;11.43;11.87;10.89;11.00;3864789;44738676.000
09/01/2009;10.55;11.15;10.49;10.59;1710347;18277786.000
09/02/2009;10.60;10.80;10.50;10.80;874400;9354183.000
09/03/2009;10.81;11.35;10.70;11.26;1570989;17343112.000
09/04/2009;11.21;11.56;11.10;11.46;2437146;27587232.000
09/08/2009;11.45;11.56;11.22;11.45;1867512;21338976.000
09/09/2009;11.50;11.73;11.42;11.64;1888773;21865104.000
09/10/2009;11.60;11.64;11.27;11.39;1665043;19064908.000
09/11/2009;11.31;11.58;11.29;11.49;1364302;15624198.000
09/14/2009;11.58;11.87;11.52;11.83;2666629;31447788.000
09/15/2009;11.85;12.08;11.69;12.00;3251111;38565216.000
09/16/2009;11.95;12.28;11.85;12.21;3571991;43229332.000
09/17/2009;12.21;12.79;12.16;12.67;3874586;48608292.000
09/18/2009;12.88;12.88;12.05;12.21;3428627;42592740.000
09/21/2009;12.21;12.82;11.76;12.80;3545243;43848596.000
09/22/2009;12.75;13.50;12.65;13.26;7509865;98905368.000
09/23/2009;13.18;13.34;12.82;13.03;3977512;51958652.000
09/24/2009;13.00;13.17;12.30;12.73;3303236;41985296.000
09/25/2009;12.73;12.75;12.08;12.10;1683318;20863730.000
09/28/2009;12.19;12.34;11.92;11.99;1849684;22307408.000
09/29/2009;12.06;12.09;11.60;11.80;1006088;11852107.000
09/30/2009;11.82;12.00;11.70;11.80;951181;11245618.000
10/09/2009;12.09;12.62;11.90;12.56;1994804;24351426.000
10/12/2009;12.87;12.87;12.35;12.48;2426727;30519810.000
10/13/2009;12.50;12.58;12.31;12.49;1096864;13648909.000
10/14/2009;12.50;12.90;12.50;12.80;2660797;33820452.000
10/15/2009;12.85;12.90;12.65;12.75;2201913;28123448.000
10/16/2009;12.67;13.30;12.35;13.07;4883351;62218108.000
10/19/2009;13.07;13.26;12.85;13.26;4709447;61633032.000
10/20/2009;13.30;13.85;13.04;13.16;4332156;57320428.000
10/21/2009;13.14;13.15;12.81;12.86;2631742;34065168.000
10/22/2009;12.79;13.03;12.75;12.86;1375042;17728578.000
10/23/2009;13.03;13.04;12.87;12.91;1713390;22208092.000
10/26/2009;12.95;13.05;12.80;12.95;1321636;17060932.000
10/27/2009;12.95;13.58;12.84;13.31;7048578;93378296.000
10/28/2009;13.15;13.21;12.71;13.02;2898334;37608332.000
10/29/2009;12.78;12.78;12.40;12.42;1979982;24935384.000
10/30/2009;12.51;12.77;12.43;12.43;1933983;24360928.000
11/02/2009;12.28;12.70;12.13;12.67;1600074;19957956.000
11/03/2009;12.71;13.16;12.71;13.01;2592422;33615288.000
11/04/2009;13.00;13.95;12.91;13.63;7066771;95662520.000
11/06/2009;13.75;14.99;13.51;14.99;12330537;178222832.000
11/09/2009;15.00;15.38;14.45;14.81;9910832;147491408.000
11/10/2009;14.80;14.87;14.47;14.63;4294496;62978376.000
11/11/2009;14.55;14.85;14.45;14.74;4100654;60299576.000
11/12/2009;14.71;15.35;14.62;15.16;6686830;100747376.000
11/13/2009;15.30;15.68;15.18;15.50;6047676;93108840.000
11/16/2009;15.96;16.88;15.55;16.51;8146414;131235928.000
11/17/2009;16.76;16.99;16.30;16.75;6557736;109428448.000
11/18/2009;17.00;17.27;16.52;16.83;5957495;100445584.000
11/19/2009;16.98;16.98;16.50;16.60;8125921;135540288.000
11/20/2009;16.28;16.37;15.90;16.06;6637352;107096352.000
11/23/2009;15.97;16.38;15.88;16.23;3351112;54112364.000
11/24/2009;16.21;16.31;15.21;15.25;4732113;74901248.000
11/25/2009;15.26;15.66;15.25;15.62;2454855;37874776.000
11/26/2009;15.65;15.72;14.62;14.67;3194225;48440336.000
11/27/2009;14.65;15.08;14.40;14.83;2592698;38324972.000
11/30/2009;14.83;15.44;14.80;15.31;2578217;38981924.000
12/01/2009;15.31;16.15;15.12;15.88;3770516;59159812.000
12/02/2009;15.90;16.89;15.90;16.25;5852092;96400416.000
12/03/2009;16.01;16.20;15.75;15.97;2843392;45242360.000
12/04/2009;15.97;16.44;15.18;15.58;3718806;59284152.000
12/07/2009;15.59;15.80;15.35;15.70;1912987;29804574.000
12/08/2009;15.72;15.84;15.50;15.74;2130070;33372538.000
12/09/2009;15.64;15.70;15.40;15.62;1585644;24671234.000
12/10/2009;15.70;16.50;15.48;16.26;3411448;54561880.000
12/11/2009;16.32;17.25;16.11;16.96;11040150;185370528.000
12/14/2009;16.70;16.80;16.02;16.40;4580280;75035520.000
12/15/2009;16.38;16.57;16.06;16.15;2682225;43405332.000
12/16/2009;16.12;16.22;15.87;15.88;1986865;31889504.000
12/17/2009;15.86;16.03;14.90;14.95;3146576;48140804.000
12/18/2009;14.88;15.26;14.68;15.02;1909355;28690284.000
12/22/2009;15.12;15.26;14.38;14.55;1318034;19390702.000
12/23/2009;14.56;14.67;14.30;14.61;1228985;17797730.000
12/24/2009;14.78;15.20;14.53;15.17;1359484;20318024.000
12/25/2009;15.00;15.39;14.90;15.21;1287405;19579934.000
12/28/2009;15.23;15.73;15.22;15.73;1885943;29373064.000
12/29/2009;15.85;15.94;15.43;15.60;2238433;34932088.000
12/30/2009;15.60;15.77;15.43;15.71;1560985;24297828.000
12/31/2009;15.72;15.94;15.65;15.90;2221092;35096764.000
01/04/2010;16.18;17.18;15.93;16.97;9342570;155851616.000
01/05/2010;16.67;16.80;16.26;16.53;4673230;77132536.000
01/06/2010;16.53;16.80;16.28;16.28;2655192;43831392.000
01/07/2010;16.18;16.28;15.31;15.47;2910027;45914276.000
01/08/2010;15.45;15.60;15.25;15.60;1500478;23205826.000
01/11/2010;15.70;16.19;15.50;16.04;1921052;30685428.000
01/12/2010;16.04;16.38;16.01;16.28;2269203;36860128.000
01/13/2010;16.06;16.29;15.80;15.85;1714911;27395842.000
01/14/2010;15.80;16.48;15.70;16.46;2594361;42135380.000
01/15/2010;16.42;16.87;16.30;16.83;3789268;63142672.000
01/18/2010;16.88;17.58;16.70;17.35;7899113;136512240.000
01/19/2010;17.25;17.40;16.65;16.72;4181942;70438416.000
01/20/2010;16.75;16.76;15.91;15.96;3165930;51494904.000
01/21/2010;15.95;16.20;15.84;16.08;1652291;26509962.000
01/22/2010;16.08;16.52;15.66;16.43;2706412;43756472.000
01/25/2010;16.37;16.45;16.01;16.04;1130695;18251468.000
01/26/2010;16.10;16.15;14.71;15.00;1760943;26892488.000
01/27/2010;15.00;15.48;15.00;15.31;1277393;19540420.000
01/28/2010;15.38;15.40;14.80;15.40;887145;13443691.000
01/29/2010;15.30;15.58;15.20;15.33;918073;14145879.000
02/01/2010;15.22;15.42;14.71;15.15;1049031;15745087.000
02/02/2010;15.06;15.29;14.99;15.15;760770;11513071.000
02/03/2010;15.20;15.60;15.04;15.52;1482470;22815098.000
02/04/2010;15.58;15.67;15.32;15.48;989684;15359724.000
02/05/2010;15.22;15.48;14.83;15.40;863579;13139856.000
02/08/2010;15.40;15.97;15.06;15.79;1669208;26247022.000
02/09/2010;15.80;16.25;15.70;16.09;1344023;21537054.000
02/10/2010;16.20;16.25;15.72;16.04;1199425;19064832.000
02/11/2010;16.00;16.25;15.83;16.13;1149312;18502680.000
02/12/2010;16.24;16.36;16.05;16.23;973502;15761554.000
02/22/2010;16.23;16.35;15.91;15.92;1072935;17274352.000
02/23/2010;15.37;15.60;14.47;15.15;2963244;44284624.000
02/24/2010;14.71;15.32;14.71;15.32;1885122;28391666.000
02/25/2010;15.48;15.48;15.16;15.33;1680757;25739834.000
02/26/2010;15.35;16.76;15.35;16.35;5603265;90680696.000
03/01/2010;16.36;16.55;16.03;16.55;4153386;67734792.000
03/02/2010;16.53;16.54;16.17;16.20;2100707;34170436.000
03/03/2010;16.10;16.39;16.10;16.32;1691785;27589522.000
03/04/2010;16.35;16.40;15.50;15.54;2114447;33727640.000
03/05/2010;15.50;15.68;15.31;15.37;1248341;19290878.000
03/08/2010;15.32;15.57;15.32;15.45;721639;11161039.000
03/09/2010;15.57;15.75;15.40;15.46;1069798;16626704.000
03/10/2010;15.60;15.73;15.10;15.49;1485121;22984262.000
03/11/2010;15.49;15.49;15.15;15.36;734558;11217007.000
03/12/2010;15.21;15.37;15.13;15.19;661461;10051684.000
03/15/2010;15.02;15.24;14.90;15.12;615291;9232120.000
03/16/2010;15.12;15.49;15.04;15.46;759943;11602985.000
03/17/2010;15.46;15.77;15.28;15.72;1456156;22714450.000
03/18/2010;15.87;17.20;15.66;16.73;4785050;79224456.000
03/19/2010;16.38;16.60;16.09;16.28;3354307;54851752.000
03/22/2010;16.29;16.38;15.88;15.93;1893736;30295452.000
03/23/2010;15.98;16.23;15.82;16.02;1439200;23100566.000
