002199 东晶电子 日线
      日期	    开盘	    最高	    最低	    收盘	    成交量	    成交额
12/21/2007;16.71;18.40;16.71;18.10;8749207;203690432.000
12/24/2007;17.75;19.38;17.38;18.88;6095378;148565936.000
12/25/2007;18.54;19.02;18.09;18.59;2851113;69478952.000
12/26/2007;18.62;19.25;18.62;18.92;1888744;47007728.000
12/27/2007;19.38;19.87;19.02;19.25;2366166;60369604.000
12/28/2007;19.40;19.69;19.08;19.40;1380611;35093064.000
01/02/2008;19.94;20.00;19.41;19.58;1243589;32168538.000
01/03/2008;19.86;20.86;19.57;20.45;1602314;42313732.000
01/04/2008;20.44;20.74;20.21;20.48;1195359;32107862.000
01/07/2008;20.71;20.71;19.64;19.86;1124398;29691630.000
01/08/2008;19.98;20.17;19.28;19.63;1052180;27324740.000
01/09/2008;19.90;20.08;19.55;19.89;632163;16447377.000
01/10/2008;20.10;20.12;19.41;19.53;732809;18963886.000
01/11/2008;19.63;19.86;19.02;19.68;807020;20541624.000
01/14/2008;21.22;21.68;19.82;20.33;1075442;28861014.000
01/15/2008;20.55;20.55;20.05;20.42;824760;21930672.000
01/16/2008;20.55;21.71;20.33;21.14;2160173;59961536.000
01/17/2008;21.40;21.70;19.78;21.15;1315629;36165192.000
01/18/2008;21.63;22.25;21.31;22.15;1663010;47927312.000
01/21/2008;22.71;22.71;20.72;21.02;976239;27481310.000
01/22/2008;20.86;20.92;18.89;19.08;904112;23419010.000
01/23/2008;19.69;19.78;18.63;19.78;804350;20581896.000
01/24/2008;20.21;20.55;19.46;20.25;735101;19335390.000
01/25/2008;20.22;20.25;19.57;19.59;413487;10755294.000
01/28/2008;19.25;19.38;17.62;17.62;734262;17485570.000
01/29/2008;18.25;18.25;17.35;17.65;302921;7071004.000
01/30/2008;17.84;18.48;17.81;18.45;549828;13151141.000
01/31/2008;18.92;18.92;18.04;18.23;216649;5228854.500
02/01/2008;18.16;18.22;16.46;16.68;411060;9229173.000
02/04/2008;17.08;18.15;16.92;17.98;352672;8141423.500
02/05/2008;17.81;17.98;17.32;17.63;344218;7986365.500
02/13/2008;17.33;17.77;17.13;17.49;160179;3681846.500
02/14/2008;17.72;17.92;17.59;17.86;215305;5029599.500
02/15/2008;17.65;17.71;17.40;17.62;319767;7370345.500
02/18/2008;17.80;18.15;17.56;17.94;414479;9814131.000
02/19/2008;18.01;18.38;17.94;18.35;431008;10351973.000
02/20/2008;18.63;19.22;18.32;18.34;457575;11167564.000
02/21/2008;18.52;18.86;18.12;18.68;473070;11535561.000
02/22/2008;18.82;18.82;18.10;18.28;353321;8559536.000
02/25/2008;18.63;18.64;17.34;17.47;313438;7319798.500
02/26/2008;18.07;18.07;17.06;17.47;266054;6108909.000
02/27/2008;17.48;17.92;17.47;17.73;268290;6254339.500
02/28/2008;17.85;18.34;17.55;18.19;291745;6924111.500
02/29/2008;18.48;18.48;18.13;18.46;394686;9512394.000
03/03/2008;18.48;18.78;18.25;18.65;528588;12908581.000
03/04/2008;18.77;18.77;18.18;18.33;497376;12080828.000
03/05/2008;18.18;18.38;17.63;17.98;311749;7348353.000
03/06/2008;17.85;18.21;17.71;18.13;343133;8130025.500
03/07/2008;17.88;18.08;17.48;17.88;386024;9030187.000
03/10/2008;17.92;17.92;17.25;17.26;457950;10534448.000
03/11/2008;16.88;17.65;16.88;17.65;520015;11853159.000
03/12/2008;17.90;17.90;17.15;17.17;353912;8122030.000
03/13/2008;17.05;17.05;16.48;16.67;345363;7581537.000
03/14/2008;16.49;17.05;16.49;16.85;409718;8991941.000
03/17/2008;16.71;17.31;16.57;17.08;527207;11741425.000
03/18/2008;17.09;17.82;16.11;17.52;2115105;48309128.000
03/19/2008;17.54;19.00;15.95;18.63;3467423;81551744.000
03/20/2008;18.16;18.86;16.86;17.91;2342759;56225916.000
03/21/2008;17.11;19.71;16.98;19.00;4670252;112480096.000
03/24/2008;18.94;19.70;18.56;18.88;3422173;85996232.000
03/25/2008;18.71;19.31;17.86;19.21;2010086;49300532.000
03/26/2008;19.02;19.31;18.28;18.28;1534468;37616392.000
03/27/2008;18.17;18.17;16.43;16.43;1563648;35066584.000
03/28/2008;16.03;16.03;14.77;15.42;1881866;37965172.000
03/31/2008;15.17;15.17;13.86;13.87;1500068;28121284.000
04/01/2008;13.60;13.60;12.46;12.46;1553444;26216752.000
04/02/2008;12.72;13.02;11.95;12.55;1701168;28371430.000
04/03/2008;12.59;13.02;12.32;12.82;955551;16111067.000
04/07/2008;12.69;13.59;12.37;13.55;1607267;27910764.000
04/08/2008;13.48;13.78;13.21;13.75;1560833;27929800.000
04/09/2008;13.55;13.71;12.36;12.36;1567992;27170076.000
04/10/2008;12.00;12.36;11.48;12.32;964537;15302302.000
04/11/2008;12.30;12.78;12.10;12.62;876539;14538626.000
04/14/2008;12.25;12.40;11.34;11.35;855818;13268280.000
04/15/2008;11.35;11.65;11.04;11.64;721728;10796462.000
04/16/2008;11.54;11.59;11.17;11.32;500895;7545277.500
04/17/2008;11.20;11.57;10.75;10.85;537017;7912718.500
04/18/2008;10.83;10.95;9.78;9.87;643300;8816531.000
04/22/2008;9.71;9.77;9.09;9.69;677566;8440499.000
04/23/2008;9.59;10.17;9.41;10.08;683878;8960380.000
04/24/2008;11.08;11.12;10.55;11.12;1752714;25467034.000
04/25/2008;11.05;11.67;10.79;11.17;1236687;18495744.000
04/28/2008;10.95;11.09;10.65;10.82;661535;9531671.000
04/29/2008;10.75;11.02;10.75;10.98;484227;7007540.000
04/30/2008;11.02;11.40;10.94;11.40;805448;12014449.000
05/05/2008;11.48;11.70;11.25;11.70;1017493;15494643.000
05/06/2008;11.69;11.69;11.28;11.35;1004889;15068742.000
05/07/2008;11.28;11.42;10.74;10.74;684434;9998931.000
05/08/2008;10.66;10.96;10.50;10.92;692693;9739422.000
05/09/2008;11.00;11.28;10.73;10.94;791215;11476250.000
05/12/2008;10.88;11.39;10.55;11.28;677359;9784013.000
05/13/2008;10.81;11.62;10.74;11.50;1001991;14778751.000
05/14/2008;11.42;12.55;11.38;12.29;2029822;31968652.000
05/15/2008;12.35;13.15;12.29;12.84;2472656;41268092.000
05/16/2008;12.69;12.84;12.04;12.22;1128046;18232000.000
05/19/2008;12.10;12.29;11.79;12.04;391631;6151009.500
05/20/2008;12.04;12.15;11.05;11.12;509255;7755187.000
05/21/2008;11.04;11.30;10.58;11.18;619480;8809507.000
05/22/2008;11.09;11.69;10.86;11.62;665027;9880820.000
05/23/2008;11.88;11.88;11.13;11.38;599248;9026680.000
05/26/2008;11.46;11.46;10.88;11.06;263581;3841689.750
05/27/2008;11.27;11.27;10.92;11.12;208854;3037238.500
05/28/2008;11.19;11.72;11.05;11.71;1022577;15530388.000
05/29/2008;11.73;11.78;11.42;11.55;517937;7853696.500
05/30/2008;11.61;12.12;11.45;12.10;902204;13991614.000
06/02/2008;12.19;12.64;12.11;12.28;1516732;24444344.000
06/03/2008;12.58;12.86;12.35;12.52;2054320;33934748.000
06/04/2008;12.87;12.94;12.54;12.79;1835138;30638372.000
06/05/2008;13.35;14.03;12.85;13.55;3433419;60387788.000
06/06/2008;13.50;13.50;12.19;12.28;2302013;38540084.000
06/10/2008;11.58;11.58;11.05;11.05;946369;13903139.000
06/11/2008;10.50;10.69;9.93;10.23;1163872;15732993.000
06/12/2008;9.90;10.62;9.88;10.57;1049189;14064621.000
06/13/2008;10.52;10.70;10.05;10.12;523471;7125847.500
06/16/2008;10.15;10.38;9.74;9.96;484167;6373131.500
06/17/2008;10.12;10.69;10.04;10.35;1211666;16510811.000
06/18/2008;10.15;11.34;9.42;11.04;1817790;25435026.000
06/19/2008;10.73;11.23;9.92;9.92;1180080;16405752.000
06/20/2008;10.15;10.58;9.43;10.06;711996;9454624.000
06/23/2008;9.83;10.08;9.33;9.38;479195;6105270.500
06/24/2008;9.38;9.55;8.83;9.39;605462;7323995.000
06/25/2008;9.35;9.88;9.21;9.81;591269;7539000.000
06/26/2008;9.81;10.23;9.65;9.96;619040;8101788.000
06/27/2008;9.70;9.81;9.04;9.08;726058;8932829.000
06/30/2008;9.08;9.33;8.96;9.15;198866;2379994.500
07/01/2008;9.12;9.27;9.03;9.09;181649;2180237.750
07/02/2008;9.33;9.50;9.18;9.39;301577;3717427.500
07/03/2008;9.32;9.92;9.04;9.69;593478;7443124.000
07/04/2008;9.68;9.73;9.42;9.48;366890;4622726.500
07/07/2008;9.50;10.02;9.48;9.96;615569;7936527.500
07/08/2008;10.03;10.03;9.74;9.98;536701;6979087.000
07/09/2008;9.98;10.28;9.96;10.26;647835;8621026.000
07/10/2008;10.00;10.33;9.98;10.00;604329;8072934.500
07/11/2008;10.00;10.04;9.71;9.88;493052;6386389.000
07/14/2008;9.79;10.08;9.73;10.08;322406;4228890.500
07/15/2008;10.18;10.32;9.85;9.91;397618;5236603.500
07/16/2008;9.74;9.91;9.15;9.35;370528;4651932.000
07/17/2008;9.58;9.58;9.28;9.32;261050;3243371.000
07/18/2008;9.35;9.73;9.20;9.62;245595;3074903.250
07/21/2008;9.37;10.00;9.37;9.96;376678;4871172.000
07/22/2008;9.96;10.08;9.90;10.03;487483;6412202.500
07/23/2008;10.02;10.25;9.88;10.08;610554;8102954.000
07/24/2008;10.09;10.24;10.05;10.23;608347;8139998.000
07/25/2008;10.22;10.22;9.99;10.15;459603;6089392.000
07/28/2008;10.22;10.34;10.04;10.34;447416;6030605.000
07/29/2008;10.19;10.27;10.08;10.19;400090;5351288.500
07/30/2008;10.26;10.40;10.04;10.10;383791;5155980.000
07/31/2008;10.25;10.25;9.78;9.81;358169;4682126.000
08/01/2008;9.81;9.94;9.50;9.86;299246;3818831.500
08/04/2008;9.80;10.04;9.70;9.99;439673;5758063.500
08/05/2008;10.10;10.45;9.88;10.32;1039078;13982993.000
08/06/2008;10.33;10.55;10.14;10.42;1174598;16017894.000
08/07/2008;10.35;10.61;10.18;10.32;795818;10911740.000
08/08/2008;10.42;10.51;9.28;9.28;911134;11768793.000
08/11/2008;9.12;9.27;8.35;8.35;512947;5855242.000
08/12/2008;8.25;8.48;8.08;8.18;185736;2003243.000
08/13/2008;8.18;8.19;7.67;8.06;325841;3414872.250
08/14/2008;7.82;8.16;7.82;8.10;206100;2194687.500
08/15/2008;8.03;8.18;7.94;8.05;243854;2596151.250
08/18/2008;7.99;8.01;7.38;7.38;353601;3566036.500
08/19/2008;7.28;7.56;7.19;7.38;253477;2466320.750
08/20/2008;7.27;8.14;7.19;8.14;570688;5994197.000
08/21/2008;8.41;8.41;8.00;8.15;607009;6555786.000
08/22/2008;8.34;8.96;8.07;8.43;669676;7387206.000
08/25/2008;8.73;8.73;8.35;8.52;535032;6035211.500
08/26/2008;8.98;8.98;7.83;8.10;673042;7485594.500
08/27/2008;8.12;8.34;7.87;8.19;284203;3036137.500
08/28/2008;8.19;8.52;8.06;8.27;414847;4497696.000
08/29/2008;8.35;8.48;8.14;8.36;703660;7740497.500
09/01/2008;8.41;8.41;7.98;8.18;257844;2761009.500
09/02/2008;8.23;8.23;7.84;8.09;129666;1372179.375
09/03/2008;8.18;8.26;8.04;8.17;266699;2868679.500
09/04/2008;8.21;8.44;8.06;8.25;225850;2454989.250
09/05/2008;8.25;8.25;7.88;7.89;193400;2052657.000
09/08/2008;8.33;8.33;7.58;7.70;313600;3326947.750
09/09/2008;8.02;8.48;7.95;8.06;589095;6302564.000
09/10/2008;8.04;8.19;7.86;8.13;487140;5188882.000
09/11/2008;8.15;8.22;7.88;8.02;204199;2158593.250
09/12/2008;8.08;8.33;7.95;8.19;530026;5717801.500
09/16/2008;8.18;8.26;7.97;8.02;324365;3468644.750
09/17/2008;8.02;8.15;7.97;8.04;236788;2508469.750
09/18/2008;8.09;8.09;7.25;7.58;444188;4455585.000
09/19/2008;8.33;8.35;8.05;8.35;1182945;12949691.000
09/22/2008;8.58;9.11;8.28;8.54;1520723;17293320.000
09/23/2008;8.25;8.25;7.89;7.93;525584;5539554.000
09/24/2008;7.58;7.72;7.58;7.70;360190;3627367.500
09/25/2008;7.73;7.92;7.67;7.82;395577;4067482.250
09/26/2008;7.79;7.88;7.51;7.60;327001;3307610.000
10/06/2008;7.40;7.42;7.31;7.31;213297;2073350.875
10/07/2008;7.18;7.18;6.89;7.08;275991;2562174.750
10/08/2008;6.94;7.04;6.89;6.95;177440;1633367.000
10/09/2008;7.08;7.23;6.88;6.89;145500;1343368.000
10/10/2008;6.73;6.73;6.19;6.19;278400;2370696.500
10/13/2008;5.97;6.23;5.72;6.17;265963;2122460.000
10/14/2008;6.25;6.38;5.88;5.88;242732;1998872.000
10/15/2008;5.81;6.00;5.73;5.83;157727;1221646.750
10/16/2008;5.64;5.64;5.42;5.46;301403;2209514.750
10/17/2008;5.50;5.67;5.39;5.67;215091;1570801.625
10/20/2008;5.64;6.03;5.60;5.92;364158;2804629.500
10/21/2008;5.95;5.96;5.73;5.83;291024;2264139.750
10/22/2008;5.65;5.80;5.60;5.60;174680;1318567.875
10/23/2008;5.52;5.62;5.41;5.59;118224;862800.875
10/24/2008;5.65;6.00;5.58;5.75;474544;3604012.250
10/27/2008;5.59;5.65;5.17;5.17;261700;1852922.000
10/28/2008;5.07;5.35;4.99;5.28;175508;1219259.625
10/29/2008;5.37;5.38;5.12;5.13;177901;1245545.875
10/30/2008;5.18;5.25;5.12;5.15;171540;1177945.250
10/31/2008;5.16;5.68;5.16;5.68;2037623;15242435.000
11/03/2008;5.68;5.86;5.59;5.84;1588642;12121464.000
11/04/2008;5.75;6.05;5.74;5.95;1318738;10328395.000
11/05/2008;5.95;6.37;5.85;6.22;1669022;13520440.000
11/06/2008;6.02;6.35;5.95;6.07;1240639;10155044.000
11/07/2008;5.89;6.33;5.70;6.04;2099692;16422755.000
11/10/2008;6.04;6.55;5.92;6.45;2923455;24175672.000
11/11/2008;6.30;6.42;6.17;6.17;1597623;13227316.000
11/12/2008;6.10;6.35;6.10;6.32;1130935;9306045.000
11/13/2008;6.25;6.73;6.12;6.61;1712673;14736737.000
11/14/2008;6.62;6.81;6.43;6.70;1543570;13527179.000
11/17/2008;6.69;6.98;6.58;6.88;1847278;16671602.000
11/18/2008;6.81;7.11;6.27;6.28;1491921;13190354.000
11/19/2008;6.26;6.92;6.25;6.92;1609767;14033170.000
11/20/2008;6.75;7.10;6.58;6.95;1655059;15091981.000
11/21/2008;6.73;6.97;6.41;6.62;933688;8216571.500
11/24/2008;6.64;6.73;6.28;6.29;485605;4156195.500
11/25/2008;6.42;6.47;5.95;6.12;585230;4821322.500
11/26/2008;6.12;6.46;6.08;6.27;499659;4146377.000
11/27/2008;6.68;6.73;6.38;6.50;1142128;9903647.000
11/28/2008;6.48;6.48;6.12;6.24;639105;5298631.000
12/01/2008;6.15;6.77;6.12;6.72;1094970;9499927.000
12/02/2008;6.56;7.01;6.42;6.80;1558983;14070453.000
12/03/2008;6.89;7.12;6.83;7.11;1465461;13581316.000
12/04/2008;7.11;7.41;6.93;6.95;1541694;14664192.000
12/05/2008;6.89;7.57;6.89;7.57;1593098;15158797.000
12/08/2008;7.81;8.29;7.65;8.29;2617227;27172992.000
12/09/2008;8.65;8.65;7.78;8.06;1968736;20883668.000
12/10/2008;8.11;8.28;7.78;8.23;1363700;14464213.000
12/11/2008;8.11;8.49;7.81;7.82;1273001;13750430.000
12/12/2008;7.68;7.83;7.26;7.28;1169120;11535347.000
12/15/2008;7.35;7.56;7.24;7.44;643044;6293118.000
12/16/2008;7.44;7.65;7.05;7.62;490662;4779785.500
12/17/2008;7.70;7.90;7.57;7.66;771999;7879394.000
12/18/2008;7.58;7.85;7.52;7.76;516435;5239105.500
12/19/2008;7.76;8.35;7.76;8.05;1089924;11568788.000
12/22/2008;8.12;8.87;8.12;8.87;2293334;25859364.000
12/23/2008;8.86;9.12;8.20;8.20;2656495;30399250.000
12/24/2008;7.88;8.12;7.59;7.88;955740;9913326.000
12/25/2008;7.88;8.32;7.88;8.10;889085;9477664.000
12/26/2008;8.23;8.67;8.02;8.51;1594636;17699774.000
12/29/2008;8.48;8.54;7.82;8.25;1012417;10847152.000
12/30/2008;8.19;8.73;8.12;8.49;1514644;17005350.000
12/31/2008;8.56;9.02;8.36;8.74;1884608;21704522.000
01/05/2009;8.77;9.09;8.73;8.95;1308853;15366637.000
01/06/2009;8.88;9.04;8.65;9.02;1714234;19972820.000
01/07/2009;8.96;9.10;8.79;8.88;971018;11460025.000
01/08/2009;8.56;8.85;8.35;8.78;1505312;17067650.000
01/09/2009;8.74;9.34;8.66;9.22;1532414;18334390.000
01/12/2009;9.09;9.58;9.09;9.23;1322390;16331622.000
01/13/2009;9.12;9.12;8.64;8.64;1029317;12012774.000
01/14/2009;8.48;9.03;8.48;8.99;728748;8530283.000
01/15/2009;8.79;9.08;8.79;8.98;618715;7300029.500
01/16/2009;8.98;9.49;8.89;9.31;1827845;22226358.000
01/19/2009;9.33;9.79;9.13;9.58;2473045;30795954.000
01/20/2009;9.45;9.45;9.19;9.39;873816;10713889.000
01/21/2009;9.33;9.42;9.12;9.18;743611;9078853.000
01/22/2009;9.15;9.33;9.15;9.23;513734;6249546.000
01/23/2009;9.15;9.32;8.96;9.02;567138;6815339.000
02/02/2009;9.06;9.27;9.02;9.26;527714;6378956.500
02/03/2009;9.28;9.38;9.20;9.37;781830;9556416.000
02/04/2009;9.37;9.39;9.23;9.37;869954;10663710.000
02/05/2009;9.38;9.68;9.35;9.55;1470329;18455340.000
02/06/2009;9.52;9.87;9.52;9.79;1359917;17439184.000
02/09/2009;9.80;9.96;9.66;9.79;1443593;18614634.000
02/10/2009;9.89;10.00;9.66;9.96;1283209;16599140.000
02/11/2009;9.81;10.15;9.73;9.88;1468683;19165152.000
02/12/2009;9.96;9.98;9.59;9.87;902065;11581679.000
02/13/2009;9.86;10.65;9.75;10.65;1775712;23765034.000
02/16/2009;10.65;10.94;10.48;10.68;1644400;22960228.000
02/17/2009;11.19;11.48;10.42;10.45;1682000;23945120.000
02/18/2009;10.65;10.65;9.73;9.77;1514318;20226834.000
02/19/2009;10.17;10.25;9.82;10.11;962905;12754209.000
02/20/2009;10.27;10.65;10.11;10.60;1142100;15681457.000
02/23/2009;10.72;11.02;10.38;10.87;1259619;17735676.000
02/24/2009;10.88;10.95;10.23;10.41;1319930;18306758.000
02/25/2009;10.64;10.64;10.27;10.63;989860;13597541.000
02/26/2009;11.01;11.01;9.74;10.02;1666307;23336608.000
02/27/2009;10.01;10.19;9.01;9.01;1469641;17959176.000
03/02/2009;8.77;9.02;8.50;8.89;987059;11411946.000
03/03/2009;8.48;9.50;8.46;9.42;939217;11111810.000
03/04/2009;9.20;10.08;9.20;10.04;1414960;18069870.000
03/05/2009;10.03;10.10;9.58;9.79;1496607;19430332.000
03/06/2009;9.59;9.84;9.53;9.62;685271;8726684.000
03/09/2009;9.75;9.83;9.12;9.12;718382;8888911.000
03/10/2009;9.19;9.41;9.00;9.37;475085;5755869.500
03/11/2009;9.45;9.63;9.28;9.35;617432;7690696.500
03/12/2009;9.23;9.49;9.05;9.42;459284;5609724.000
03/13/2009;9.48;9.68;9.38;9.45;664107;8314559.500
03/16/2009;9.62;10.34;9.62;10.21;2482260;32982362.000
03/17/2009;9.98;10.40;9.98;10.32;2056201;27562974.000
03/18/2009;10.41;10.42;10.19;10.32;1418120;19161652.000
03/19/2009;10.34;10.44;10.18;10.35;897753;12165236.000
03/20/2009;10.20;10.35;9.89;10.10;1055483;14044293.000
03/23/2009;10.10;10.75;10.09;10.72;2435168;33913960.000
03/24/2009;10.78;10.95;10.70;10.74;2777190;39348276.000
03/25/2009;10.62;10.69;10.28;10.36;1448387;19937404.000
03/26/2009;10.35;10.96;10.35;10.93;2421644;34195908.000
03/27/2009;11.00;11.00;10.66;10.72;1562034;22078442.000
03/30/2009;10.73;10.88;10.68;10.73;1012609;14335560.000
03/31/2009;10.54;10.64;10.32;10.58;1224577;16864068.000
04/01/2009;10.65;10.95;10.65;10.92;1780986;25393946.000
04/02/2009;10.93;11.41;10.92;10.94;1545308;22611808.000
04/03/2009;10.99;11.65;10.93;11.52;2665427;39792332.000
04/07/2009;11.58;12.16;11.54;11.91;2242760;35113568.000
04/08/2009;11.60;11.79;11.27;11.27;2365095;35565400.000
04/09/2009;11.12;11.51;11.05;11.50;1066959;15762777.000
04/10/2009;11.58;12.33;11.50;12.08;2523337;39826200.000
04/13/2009;12.11;13.15;12.11;12.65;2706481;44361996.000
04/14/2009;12.73;13.93;12.35;13.93;3142083;54416240.000
04/15/2009;13.75;14.84;13.42;14.15;2979658;55337000.000
04/16/2009;14.08;14.08;13.43;13.54;1691622;30299168.000
04/17/2009;13.19;13.57;12.77;12.85;1407393;24103838.000
04/20/2009;12.81;13.36;12.76;13.19;1035281;17883022.000
04/21/2009;12.97;13.39;12.82;13.21;1184022;20439770.000
04/22/2009;13.19;13.31;12.19;12.20;1315801;22053846.000
04/23/2009;12.08;12.85;11.97;12.81;982894;16019194.000
04/24/2009;12.73;13.70;12.65;13.35;2001473;34669736.000
04/27/2009;13.46;13.85;12.72;12.78;2107238;36940544.000
04/29/2009;12.88;13.11;12.46;12.96;850916;14310120.000
04/30/2009;12.96;13.42;12.94;13.21;952717;16548791.000
05/04/2009;13.21;13.67;13.12;13.55;1029696;18118350.000
05/05/2009;13.53;13.73;13.32;13.73;1240727;21979998.000
05/06/2009;13.88;13.88;13.58;13.72;1028538;18504782.000
05/07/2009;13.79;13.87;13.31;13.52;1010681;17977446.000
05/08/2009;13.46;14.18;13.38;13.98;1545937;28198008.000
05/11/2009;14.04;14.19;13.19;13.25;1109948;19942250.000
05/12/2009;12.96;13.90;12.96;13.68;880688;15413247.000
05/13/2009;13.54;13.68;13.24;13.35;909500;12169622.000
05/14/2009;13.29;13.29;13.00;13.06;910819;11917146.000
05/15/2009;13.09;13.48;13.09;13.32;895392;11930445.000
05/18/2009;13.25;13.75;13.06;13.70;991665;13287342.000
05/19/2009;13.78;13.90;13.58;13.80;1949816;26889172.000
05/20/2009;13.88;14.90;13.68;14.36;3524641;49676308.000
05/21/2009;14.32;14.53;13.82;14.00;1851468;26140300.000
05/22/2009;13.91;14.30;13.82;14.18;1300041;18326004.000
05/25/2009;13.96;14.70;13.50;14.32;2217260;31636770.000
05/26/2009;14.32;14.80;14.13;14.72;2640125;38310476.000
05/27/2009;14.78;15.58;14.77;15.35;4068487;61595948.000
06/01/2009;15.35;15.40;14.89;15.14;2002484;30196610.000
06/02/2009;15.13;15.13;14.56;14.70;1826873;27106090.000
06/03/2009;14.68;14.85;14.54;14.64;1083495;15894729.000
06/04/2009;14.75;14.89;14.10;14.20;1622392;23388438.000
06/05/2009;14.21;14.44;14.00;14.04;1150057;16221774.000
06/08/2009;14.10;14.57;14.04;14.54;1382184;19788714.000
06/09/2009;14.59;14.59;14.10;14.30;1022433;14631027.000
06/10/2009;14.31;14.54;14.12;14.31;811863;11577950.000
06/12/2009;14.18;14.28;13.62;13.69;779547;10828946.000
06/15/2009;13.46;14.49;13.46;14.25;1148667;16358901.000
06/16/2009;14.10;14.33;13.92;14.00;588949;8288296.000
06/17/2009;14.00;14.00;13.70;13.90;584046;8058802.500
06/18/2009;13.86;14.37;13.85;14.27;1317385;18588940.000
06/19/2009;14.21;14.37;14.12;14.21;820293;11671195.000
06/22/2009;14.26;14.69;14.01;14.45;1919757;27558664.000
06/23/2009;14.29;14.85;14.20;14.55;2679175;39153300.000
06/24/2009;14.50;14.50;14.12;14.21;1185635;16870150.000
06/25/2009;14.11;14.33;14.10;14.29;731273;10403794.000
06/26/2009;14.35;14.45;14.25;14.43;1447063;20815716.000
06/29/2009;14.43;14.55;14.10;14.15;1081227;15379452.000
06/30/2009;14.11;14.30;13.70;14.28;1311295;18495088.000
07/01/2009;14.31;14.32;14.15;14.18;701478;9966676.000
07/02/2009;14.19;14.49;14.03;14.45;2921975;41932120.000
07/03/2009;14.45;14.75;14.11;14.60;2601929;37756908.000
07/06/2009;14.59;14.60;14.22;14.26;1073399;15388835.000
07/07/2009;14.28;14.45;14.11;14.14;996387;14169165.000
07/08/2009;14.10;14.63;14.01;14.61;2134177;30795830.000
07/09/2009;14.60;14.90;14.50;14.79;2979794;43763380.000
07/10/2009;14.78;14.78;14.44;14.53;1303937;19042816.000
07/13/2009;14.60;15.29;14.60;15.10;3180987;47762068.000
07/14/2009;15.10;15.35;15.01;15.29;2125459;32311328.000
07/15/2009;15.25;15.45;15.15;15.38;1634060;25028410.000
07/16/2009;15.55;15.58;15.10;15.20;1594579;24507964.000
07/17/2009;15.23;15.31;15.02;15.13;1146821;17381144.000
07/20/2009;15.18;15.80;15.16;15.80;2348437;36179936.000
07/21/2009;15.77;15.86;15.45;15.56;1934840;30307884.000
07/22/2009;15.45;15.67;15.41;15.47;1345289;20901566.000
07/23/2009;15.47;15.59;15.18;15.43;1402597;21502242.000
07/24/2009;15.40;15.55;15.00;15.17;1202426;18382768.000
07/27/2009;15.25;15.58;15.11;15.40;1524379;23432902.000
07/28/2009;15.35;15.64;15.15;15.55;1820523;28103026.000
07/29/2009;15.59;15.59;14.00;14.28;1565492;23350386.000
07/30/2009;14.35;14.55;13.89;14.27;1557121;22244304.000
07/31/2009;14.38;14.92;14.27;14.70;1528465;22327392.000
08/03/2009;14.75;15.02;14.46;15.02;2033041;29899232.000
08/04/2009;15.00;15.75;14.82;15.68;3286264;50350356.000
08/05/2009;15.56;16.28;15.30;16.12;3393411;53645140.000
08/06/2009;15.85;16.26;15.51;15.68;2346125;37408676.000
08/07/2009;15.58;16.20;15.30;15.36;1636222;25904166.000
08/10/2009;15.51;16.00;15.21;15.98;1521573;23738696.000
08/11/2009;16.05;16.30;15.68;16.10;2420612;38843620.000
08/12/2009;15.98;15.98;15.11;15.17;1572255;24554398.000
08/13/2009;14.95;15.30;14.85;15.13;1046052;15764735.000
08/14/2009;15.25;15.25;14.06;14.12;1279751;18570566.000
08/17/2009;13.99;14.00;13.08;13.20;1422712;19273560.000
08/18/2009;13.21;13.64;13.02;13.57;1160807;15536327.000
08/19/2009;13.32;13.59;12.83;13.18;838909;11151748.000
08/20/2009;13.25;14.50;13.09;14.50;2261968;31163066.000
08/21/2009;15.00;15.95;14.69;15.95;5726657;88892632.000
08/24/2009;16.61;17.55;16.61;16.98;6735874;115094144.000
08/25/2009;17.40;17.40;16.53;17.23;4860615;82771608.000
08/26/2009;17.60;18.75;17.40;18.25;5184119;94398168.000
08/27/2009;18.50;18.50;17.50;17.95;4165528;74488360.000
08/28/2009;17.95;17.95;16.20;17.16;3221161;55128308.000
08/31/2009;17.21;17.40;16.60;17.28;2779241;47614740.000
09/01/2009;17.40;17.74;16.86;17.28;3554630;61621504.000
09/02/2009;17.38;17.50;16.60;16.84;2413948;40857836.000
09/03/2009;16.51;17.45;16.51;17.38;4145680;70495920.000
09/04/2009;17.30;17.30;16.70;16.82;3175099;53819448.000
09/07/2009;16.60;17.23;16.33;17.19;3803789;63983464.000
09/08/2009;17.08;18.40;16.95;17.88;8177182;146012384.000
09/09/2009;17.80;17.80;16.80;17.29;4683826;80735960.000
09/10/2009;17.18;17.18;16.41;16.50;3115394;51918500.000
09/11/2009;16.42;16.89;16.35;16.65;2322615;38701260.000
09/14/2009;16.53;17.19;16.53;17.10;2740851;46219028.000
09/15/2009;17.24;17.24;16.82;16.89;2387030;40539992.000
09/16/2009;16.75;18.55;16.60;18.13;5085704;88713752.000
09/17/2009;18.15;18.88;17.78;18.13;6269120;114854240.000
09/18/2009;18.15;18.54;16.80;16.95;4126757;73164936.000
09/21/2009;16.67;16.85;15.91;16.58;2190702;35757880.000
09/22/2009;16.65;16.96;16.18;16.19;1550241;25765210.000
09/23/2009;16.19;16.40;15.92;16.28;1300514;20990804.000
09/24/2009;16.26;16.37;15.52;15.82;1049421;16794254.000
09/25/2009;15.80;15.93;15.21;15.25;983773;15317550.000
09/28/2009;15.37;15.65;14.70;14.81;878106;13492353.000
09/29/2009;14.90;15.03;14.09;14.37;908410;13234026.000
09/30/2009;14.60;14.69;14.37;14.47;781032;11328805.000
10/09/2009;14.60;15.24;14.55;15.20;1044539;15657078.000
10/12/2009;15.20;15.86;15.12;15.44;1125007;17437002.000
10/13/2009;15.42;15.82;15.42;15.80;718525;11270622.000
10/14/2009;15.98;15.98;15.72;15.80;1195522;18898788.000
10/15/2009;15.96;16.48;15.81;16.48;1517005;24403470.000
10/16/2009;16.48;17.30;16.24;16.76;2774787;46685440.000
10/19/2009;16.56;16.98;16.35;16.80;1932956;32266408.000
10/20/2009;16.58;16.93;16.58;16.61;1775782;29652326.000
10/21/2009;16.65;16.73;16.15;16.21;1595259;26075088.000
10/22/2009;16.19;16.32;16.01;16.11;1599310;25778260.000
10/23/2009;16.16;16.39;16.15;16.25;1208093;19636650.000
10/26/2009;16.25;17.79;15.83;17.69;3253925;54626856.000
10/27/2009;17.49;17.93;16.88;16.92;5637625;98672680.000
10/28/2009;16.76;16.90;16.20;16.51;1807838;29748016.000
10/29/2009;16.25;16.38;16.10;16.18;923919;15000962.000
10/30/2009;16.35;16.73;16.20;16.23;1026605;16872142.000
11/02/2009;15.90;17.85;15.38;17.81;3955183;67459616.000
11/03/2009;18.00;18.50;17.60;17.62;6761836;121909176.000
11/04/2009;17.30;17.78;17.17;17.60;2969610;51631232.000
11/05/2009;17.34;18.03;17.34;17.85;2546222;45188704.000
11/06/2009;17.82;18.20;17.65;17.87;2564595;46024616.000
11/09/2009;17.80;18.10;17.68;17.95;2061922;36929848.000
11/10/2009;17.94;18.08;17.40;17.64;2308180;40862304.000
11/11/2009;17.65;17.68;17.17;17.41;1573930;27323748.000
11/12/2009;17.46;17.69;17.32;17.46;1398305;24485554.000
11/13/2009;17.46;17.88;17.37;17.72;1493074;26294102.000
11/16/2009;17.85;18.58;17.74;18.31;4558134;82600184.000
11/17/2009;18.20;18.35;17.90;18.16;2467700;44783072.000
11/18/2009;18.02;18.78;18.02;18.68;4333672;80126440.000
11/19/2009;18.51;18.60;18.31;18.59;2564373;47376492.000
11/20/2009;18.59;20.45;18.50;20.45;5904726;118274664.000
11/23/2009;20.60;21.99;20.40;21.50;8405289;175361424.000
11/24/2009;21.80;22.30;19.56;21.80;7705448;166655568.000
11/25/2009;21.80;22.80;20.80;22.18;8409423;184984000.000
11/26/2009;21.58;21.60;20.00;20.38;5052823;105921928.000
11/27/2009;20.19;20.75;20.08;20.29;3278627;66762684.000
11/30/2009;20.40;21.48;20.29;21.37;3796610;79456368.000
12/01/2009;21.30;21.77;20.76;21.60;3532313;75523536.000
12/02/2009;21.25;21.90;21.25;21.78;3479075;74805944.000
12/03/2009;21.89;21.89;20.66;20.95;3819574;80734504.000
12/04/2009;20.62;20.73;19.29;19.59;3475838;69659104.000
12/07/2009;19.55;20.20;19.51;20.11;1680819;33667352.000
12/08/2009;20.11;20.21;19.54;20.14;1837632;36485268.000
12/09/2009;20.09;20.47;19.72;20.24;1678607;33989852.000
12/10/2009;20.25;20.50;20.00;20.45;1276183;25835848.000
12/11/2009;20.42;20.97;20.40;20.89;2297277;47759272.000
12/14/2009;20.96;20.96;20.13;20.58;1513323;31081980.000
12/15/2009;20.56;20.68;20.12;20.16;1271476;25872650.000
12/16/2009;20.25;20.50;20.16;20.22;885475;17973048.000
12/17/2009;20.24;20.40;19.08;19.10;1496111;29427624.000
12/18/2009;19.08;19.19;18.46;18.59;1074396;20060950.000
12/21/2009;18.59;19.57;18.53;19.48;1517911;29309860.000
12/22/2009;19.25;19.39;18.58;18.58;983622;18773052.000
12/23/2009;18.61;19.90;18.61;19.68;1551736;30060528.000
12/24/2009;19.40;20.20;19.38;20.19;1918436;38217996.000
12/25/2009;20.10;20.46;19.84;20.05;1925449;38871472.000
12/28/2009;20.01;20.85;19.86;20.77;2121036;43441220.000
12/29/2009;20.70;21.05;20.35;21.01;2300628;47808016.000
12/30/2009;21.00;21.00;20.55;20.66;2067382;42874720.000
12/31/2009;20.60;21.20;20.59;21.06;2734905;57346692.000
01/04/2010;21.00;21.48;20.90;21.15;3038906;64418040.000
01/05/2010;21.10;21.20;20.50;20.94;2135718;44593720.000
01/06/2010;20.95;20.95;20.68;20.69;1626897;33816528.000
01/07/2010;20.65;20.69;19.80;19.81;1477552;29907028.000
01/08/2010;19.55;20.00;19.55;19.96;990191;19639782.000
01/11/2010;20.01;20.60;19.82;20.32;1516127;30738970.000
01/12/2010;20.30;20.92;20.29;20.69;1808323;37463568.000
01/13/2010;20.50;21.14;20.35;20.78;2374715;49589084.000
01/14/2010;20.84;21.40;20.84;21.39;2642773;56155276.000
01/15/2010;21.48;21.48;20.87;21.05;2091442;44069360.000
01/18/2010;21.00;21.64;20.68;21.60;2296014;48617948.000
01/19/2010;22.00;22.05;21.33;21.41;2499586;53973316.000
01/20/2010;21.30;21.30;19.60;19.73;2122128;43589524.000
01/21/2010;19.53;20.18;19.53;19.84;872597;17333308.000
01/22/2010;19.65;19.70;18.50;18.90;1222479;23383284.000
01/25/2010;18.94;19.50;18.80;19.10;735181;14142850.000
01/26/2010;19.09;19.28;18.34;18.62;681369;12712989.000
01/27/2010;18.60;18.88;18.52;18.52;475817;8901257.000
01/28/2010;18.70;18.77;18.00;18.30;759084;13944927.000
01/29/2010;18.26;19.20;18.08;18.92;1263645;23677946.000
02/01/2010;19.00;19.00;18.18;18.25;708691;13061697.000
02/02/2010;18.26;18.48;17.70;17.88;642300;11728418.000
02/03/2010;17.96;18.21;17.30;18.15;894643;15921155.000
02/04/2010;18.09;18.90;17.71;18.72;965699;17764198.000
02/05/2010;18.42;18.88;18.26;18.88;1029445;19119526.000
02/08/2010;19.18;20.77;18.82;20.51;3343534;66408524.000
02/09/2010;21.13;22.00;20.63;21.45;6735558;144157376.000
02/10/2010;21.60;21.60;21.02;21.30;2712307;57772768.000
02/11/2010;21.50;21.50;21.00;21.35;2849053;60614444.000
02/12/2010;21.65;21.97;21.26;21.78;3639183;78873112.000
02/22/2010;21.89;22.50;21.71;22.20;4433450;97602496.000
02/23/2010;22.31;22.50;21.66;21.83;3398438;74902976.000
02/24/2010;21.80;22.38;21.70;22.28;3475960;76811880.000
02/25/2010;22.58;23.97;22.50;23.50;7036761;163525808.000
02/26/2010;23.40;23.70;23.02;23.58;3507615;82037816.000
03/01/2010;23.70;24.20;23.31;24.00;3087179;73645024.000
03/02/2010;24.48;24.88;24.20;24.50;4581040;112456536.000
03/03/2010;24.50;24.90;23.40;24.63;5008984;121211008.000
03/04/2010;25.00;25.48;24.11;24.65;4407615;109123232.000
03/05/2010;24.78;24.78;24.01;24.18;2332893;56801032.000
03/08/2010;24.60;24.68;24.23;24.53;2371464;58079676.000
03/09/2010;24.59;24.65;24.32;24.53;1953702;47837660.000
03/10/2010;24.65;25.25;24.58;25.23;5169137;129077088.000
03/11/2010;25.09;25.20;24.33;24.88;3263934;80651536.000
03/12/2010;25.47;26.40;25.47;25.58;4857809;125201008.000
03/15/2010;26.00;26.00;25.02;25.30;2926487;74566784.000
03/16/2010;25.71;25.71;25.08;25.55;1804538;45798020.000
03/17/2010;25.71;26.88;25.60;26.60;4835488;127010696.000
03/18/2010;27.10;28.80;26.88;28.18;4933267;137468864.000
03/19/2010;29.02;29.57;28.50;29.15;4972010;144548304.000
03/22/2010;29.50;29.50;28.20;28.68;3569640;102369392.000
03/23/2010;28.39;28.69;26.65;26.67;6645300;182643904.000
