002031 巨轮股份 日线
      日期	    开盘	    最高	    最低	    收盘	    成交量	    成交额
08/16/2004;3.53;3.93;3.40;3.41;16828728;149949616.000
08/17/2004;3.31;3.48;3.23;3.36;7126704;60338900.000
08/18/2004;3.32;3.36;3.15;3.15;5243569;43310232.000
08/19/2004;3.12;3.29;3.12;3.27;3989982;32391568.000
08/20/2004;3.26;3.37;3.22;3.27;3286912;27446390.000
08/23/2004;3.20;3.21;3.12;3.12;2681447;21513020.000
08/24/2004;3.14;3.21;2.97;3.16;3008066;23928136.000
08/25/2004;3.16;3.16;3.05;3.07;1522406;12015137.000
08/26/2004;3.11;3.16;3.03;3.05;1722449;13671648.000
08/27/2004;3.03;3.08;2.94;3.01;1267391;9738150.000
08/30/2004;3.01;3.17;2.95;3.09;2409166;19056104.000
08/31/2004;3.26;3.30;3.13;3.13;4189829;34059328.000
09/01/2004;3.09;3.11;3.01;3.01;1374138;10730814.000
09/02/2004;3.01;3.13;3.01;3.12;1318072;10362104.000
09/03/2004;3.09;3.13;3.04;3.05;902248;7086202.500
09/06/2004;3.07;3.09;3.03;3.06;437487;3411987.750
09/07/2004;3.05;3.09;3.02;3.05;723317;5634338.000
09/08/2004;3.05;3.07;2.99;3.00;925927;7160618.000
09/09/2004;3.01;3.01;2.88;2.92;1324806;9983774.000
09/10/2004;2.90;2.98;2.90;2.95;1081518;8200581.000
09/13/2004;2.94;2.98;2.87;2.87;992605;7414169.000
09/14/2004;2.92;3.02;2.91;2.94;1644495;12466018.000
09/15/2004;2.94;3.25;2.92;3.18;6174785;49395932.000
09/16/2004;3.23;3.45;3.19;3.40;9083203;76452096.000
09/17/2004;3.41;3.48;3.31;3.46;5510237;47246436.000
09/20/2004;3.49;3.60;3.46;3.57;5823832;51739304.000
09/21/2004;3.60;3.75;3.50;3.66;5157672;47347192.000
09/22/2004;3.64;3.82;3.58;3.65;4123675;38188860.000
09/23/2004;3.69;3.73;3.51;3.66;3254889;29378336.000
09/24/2004;3.67;3.81;3.52;3.53;4520689;41979284.000
09/27/2004;3.58;3.65;3.39;3.42;2045231;18089020.000
09/28/2004;3.44;3.51;3.40;3.49;1285207;11225791.000
09/29/2004;3.48;3.52;3.44;3.45;898277;7855259.500
09/30/2004;3.47;3.62;3.47;3.51;2568807;22951440.000
10/08/2004;3.55;3.74;3.52;3.74;2281785;20983360.000
10/11/2004;3.75;3.94;3.70;3.80;4774560;45951440.000
10/12/2004;3.75;3.80;3.68;3.69;1463403;13673673.000
10/13/2004;3.67;3.75;3.60;3.66;1194858;10979138.000
10/14/2004;3.69;3.69;3.26;3.26;2562254;21867224.000
10/15/2004;3.14;3.22;3.02;3.12;1642620;13041756.000
10/19/2004;3.22;3.30;3.14;3.16;1471986;12101605.000
10/20/2004;3.14;3.14;3.02;3.12;864345;6790835.500
10/21/2004;3.16;3.19;3.00;3.05;970127;7626922.000
10/22/2004;3.03;3.23;2.92;3.23;1582088;12562606.000
10/25/2004;3.23;3.29;3.14;3.15;1050568;8549307.000
10/26/2004;3.15;3.23;3.05;3.22;998209;7989426.500
10/27/2004;3.28;3.58;3.28;3.52;3463155;30006934.000
10/28/2004;3.49;3.60;3.36;3.40;2496688;22075148.000
10/29/2004;3.23;3.59;3.18;3.43;2248721;19615596.000
11/01/2004;3.38;3.64;3.38;3.58;3046119;27251988.000
11/02/2004;3.57;3.62;3.52;3.54;1735626;15549028.000
11/03/2004;3.53;3.69;3.47;3.66;2047398;18544300.000
11/04/2004;3.63;3.66;3.55;3.58;1850068;16734797.000
11/05/2004;3.58;3.62;3.49;3.52;1134719;10121246.000
11/08/2004;3.49;3.54;3.47;3.51;465835;4110042.500
11/09/2004;3.51;3.63;3.49;3.60;1140052;10283271.000
11/10/2004;3.60;3.87;3.53;3.82;2591808;24380934.000
11/11/2004;3.85;4.02;3.80;3.84;5256652;51726980.000
11/12/2004;3.86;3.95;3.77;3.83;1788332;17216066.000
11/15/2004;3.85;4.01;3.83;3.99;2483047;24557876.000
11/16/2004;4.00;4.10;3.93;3.99;2199097;22027680.000
11/17/2004;3.98;4.01;3.89;3.94;1144675;11221973.000
11/18/2004;3.94;4.00;3.93;3.98;734738;7259339.500
11/19/2004;4.02;4.07;3.88;3.96;1365177;13471438.000
11/22/2004;3.95;3.99;3.87;3.88;1607818;15787479.000
11/23/2004;3.86;3.88;3.74;3.75;1579020;15004593.000
11/24/2004;3.75;3.94;3.73;3.88;1763944;17017314.000
11/25/2004;3.84;3.89;3.80;3.82;893723;8595722.000
11/26/2004;3.80;3.87;3.80;3.82;683118;6551910.000
11/29/2004;3.82;3.82;3.65;3.66;908400;8480192.000
11/30/2004;3.65;3.75;3.65;3.70;384488;3561063.500
12/01/2004;3.70;3.72;3.66;3.70;276738;2562779.500
12/02/2004;3.66;3.72;3.60;3.69;542810;4990699.500
12/03/2004;3.69;3.94;3.69;3.83;1324422;12808528.000
12/06/2004;3.84;3.86;3.76;3.84;518949;4947865.000
12/07/2004;3.81;3.88;3.79;3.86;687232;6583145.500
12/08/2004;3.90;3.92;3.83;3.86;646585;6251408.000
12/09/2004;3.84;4.06;3.81;3.94;1626456;16114816.000
12/10/2004;3.94;3.97;3.82;3.82;730070;7094123.500
12/13/2004;3.78;3.90;3.78;3.89;702325;6781938.500
12/14/2004;3.88;4.09;3.86;4.04;2364695;23602098.000
12/15/2004;4.04;4.15;3.99;4.09;2254108;22793958.000
12/16/2004;4.07;4.08;3.88;3.89;1262698;12546790.000
12/20/2004;3.77;3.78;3.58;3.64;1938006;17890374.000
12/21/2004;3.63;3.74;3.63;3.70;700294;6517679.500
12/22/2004;3.71;3.87;3.69;3.87;830647;7932622.500
12/23/2004;3.86;3.88;3.73;3.80;489218;4651741.500
12/24/2004;3.80;3.90;3.75;3.87;697162;6705925.500
12/27/2004;3.87;3.90;3.80;3.84;259698;2498889.000
12/28/2004;3.81;3.86;3.74;3.82;306300;2904409.250
12/29/2004;3.77;3.84;3.66;3.75;529900;4959884.000
12/30/2004;3.70;3.88;3.70;3.88;599299;5723133.000
12/31/2004;3.92;3.94;3.75;3.75;423501;4092787.750
01/04/2005;3.71;3.78;3.67;3.70;175156;1636073.125
01/05/2005;3.71;3.76;3.59;3.70;523205;4826108.000
01/06/2005;3.70;3.70;3.61;3.62;250076;2284297.250
01/07/2005;3.62;3.73;3.59;3.61;221562;2025746.000
01/10/2005;3.61;3.61;3.47;3.58;780400;6930836.000
01/11/2005;3.62;3.62;3.57;3.62;229013;2068600.125
01/12/2005;3.61;3.62;3.54;3.57;244720;2192388.000
01/13/2005;3.57;3.65;3.54;3.56;198614;1792512.500
01/14/2005;3.61;3.63;3.54;3.54;151403;1363340.125
01/17/2005;3.53;3.53;3.34;3.37;391061;3361295.250
01/18/2005;3.38;3.44;3.32;3.43;449093;3827451.500
01/19/2005;3.40;3.40;3.26;3.27;313250;2634920.500
01/20/2005;3.27;3.27;3.09;3.27;385228;3131806.750
01/21/2005;3.19;3.42;3.14;3.39;391962;3293580.500
01/24/2005;3.49;3.53;3.40;3.44;448778;3915092.250
01/25/2005;3.38;3.38;3.19;3.27;384161;3183813.500
01/26/2005;3.27;3.28;3.14;3.17;478086;3880983.500
01/27/2005;3.15;3.19;3.13;3.15;349739;2806460.000
01/28/2005;3.15;3.18;3.10;3.10;297974;2378627.750
01/31/2005;3.09;3.09;3.03;3.05;266707;2081505.875
02/01/2005;3.03;3.12;3.03;3.06;216657;1704979.375
02/02/2005;3.07;3.36;3.07;3.35;858894;7146665.500
02/03/2005;3.30;3.38;3.23;3.25;363927;3040717.000
02/04/2005;3.29;3.42;3.23;3.39;380166;3226674.500
02/16/2005;3.41;3.49;3.38;3.38;348064;3032129.750
02/17/2005;3.36;3.40;3.29;3.37;191562;1620383.000
02/18/2005;3.37;3.41;3.31;3.33;201200;1716682.000
02/21/2005;3.35;3.41;3.27;3.37;174973;1492005.250
02/22/2005;3.37;3.54;3.36;3.51;645646;5677692.000
02/23/2005;3.49;3.59;3.44;3.51;608158;5390803.000
02/24/2005;3.59;3.73;3.59;3.63;740881;6791775.500
02/25/2005;3.60;3.73;3.60;3.69;746234;6899221.000
02/28/2005;3.62;3.73;3.62;3.66;364705;3352937.000
03/01/2005;3.65;3.69;3.60;3.63;355480;3244479.500
03/02/2005;3.63;3.66;3.54;3.55;335541;3029789.500
03/03/2005;3.55;3.59;3.51;3.58;193229;1722336.875
03/04/2005;3.58;3.62;3.55;3.56;131900;1189214.000
03/07/2005;3.53;3.59;3.53;3.58;151950;1366571.375
03/08/2005;3.55;3.79;3.55;3.76;674992;6300269.000
03/09/2005;3.76;3.97;3.76;3.92;1528454;14847856.000
03/10/2005;3.90;3.95;3.79;3.82;750715;7264929.000
03/11/2005;3.76;4.04;3.76;4.03;1316079;12922305.000
03/14/2005;4.01;4.21;3.97;4.08;1763249;17995924.000
03/15/2005;4.06;4.12;3.88;3.91;1209098;12061704.000
03/16/2005;3.89;4.03;3.83;3.94;1316622;12806408.000
03/17/2005;3.94;4.09;3.90;3.96;1383257;13837263.000
03/18/2005;3.96;4.09;3.84;3.90;1032697;10277479.000
03/21/2005;3.88;4.33;3.80;4.33;3951480;41206580.000
03/22/2005;4.33;4.43;4.22;4.30;2253468;24172434.000
03/23/2005;4.29;4.58;4.16;4.18;2793257;30411766.000
03/24/2005;4.15;4.45;4.15;4.45;2427711;25680384.000
03/25/2005;4.40;4.49;4.24;4.28;1441276;15574686.000
03/28/2005;4.27;4.36;4.16;4.36;840936;8872508.000
03/29/2005;4.36;4.43;4.19;4.20;1100748;11754646.000
03/30/2005;4.18;4.18;3.96;3.96;1298004;13128397.000
03/31/2005;3.90;4.03;3.89;3.95;654892;6451850.000
04/01/2005;3.92;4.38;3.92;4.38;1964683;20565928.000
04/04/2005;4.36;4.78;4.24;4.58;2552366;28771704.000
04/05/2005;4.54;4.65;4.54;4.62;1137270;12880955.000
04/06/2005;4.58;4.93;4.56;4.83;1975416;23500470.000
04/07/2005;4.83;4.96;4.77;4.85;1480506;17594626.000
04/08/2005;4.80;4.94;4.72;4.85;1283328;15269978.000
04/11/2005;4.84;4.84;4.67;4.72;1022856;11925385.000
04/12/2005;4.68;4.93;4.67;4.67;1726464;20159076.000
04/13/2005;4.67;4.89;4.67;4.76;1175887;13762354.000
04/14/2005;4.80;5.07;4.69;5.04;1868015;22655312.000
04/15/2005;4.99;5.04;4.78;4.83;1455939;17427374.000
04/18/2005;4.84;4.92;4.72;4.92;658450;7790337.000
04/19/2005;4.86;4.91;4.77;4.82;491292;5830092.500
04/21/2005;4.72;4.92;4.68;4.74;912855;10754758.000
04/22/2005;4.72;4.80;4.31;4.37;1519840;17015334.000
04/25/2005;4.32;4.56;4.18;4.56;922670;10050366.000
04/26/2005;4.54;4.71;4.47;4.65;576831;6546862.500
04/27/2005;4.67;4.70;4.46;4.46;594307;6669344.000
04/28/2005;4.45;4.91;4.42;4.83;1312111;15359194.000
04/29/2005;4.77;4.89;4.72;4.78;615325;7278637.000
05/09/2005;4.76;4.89;4.56;4.68;381713;4378412.500
05/10/2005;4.67;4.69;4.36;4.54;682921;7604867.500
05/11/2005;4.45;4.61;4.05;4.05;1009680;10643495.000
05/12/2005;4.01;4.17;3.92;4.05;906684;9107416.000
05/13/2005;4.05;4.20;4.01;4.10;734707;7500548.500
05/16/2005;4.09;4.10;3.92;3.96;585727;5812134.500
05/17/2005;3.96;4.15;3.93;4.04;344855;3484169.250
05/18/2005;4.04;4.12;3.99;4.08;224319;2264311.500
05/19/2005;4.04;4.12;3.99;4.07;296924;2987870.250
05/20/2005;4.06;4.34;4.03;4.26;1071491;11082714.000
05/23/2005;4.19;4.27;4.08;4.09;620640;6470073.500
05/24/2005;4.08;4.19;4.03;4.15;371833;3816622.750
05/25/2005;4.13;4.18;3.97;4.01;546609;5540604.000
05/26/2005;4.03;4.09;3.58;3.60;1155562;10864755.000
05/27/2005;3.58;3.71;3.46;3.47;556574;5023975.500
05/30/2005;3.47;3.53;3.30;3.48;783570;6765169.500
05/31/2005;3.44;3.56;3.42;3.52;661188;5833275.500
06/01/2005;3.50;3.58;3.42;3.45;1124974;9976020.000
06/02/2005;3.46;3.47;3.20;3.26;825308;6900200.000
06/03/2005;3.23;3.31;3.19;3.26;279356;2313022.250
06/06/2005;3.25;3.55;3.24;3.54;856310;7433852.500
06/07/2005;3.49;3.82;3.49;3.56;1238449;11345485.000
06/08/2005;3.56;3.96;3.56;3.96;1710515;16583731.000
06/09/2005;3.97;4.32;3.97;4.28;2229639;23082316.000
06/10/2005;4.26;4.26;4.11;4.15;1085601;11257283.000
06/13/2005;4.15;4.36;4.09;4.22;1883960;19627414.000
06/14/2005;4.26;4.27;4.11;4.15;814397;8446943.000
06/15/2005;4.21;4.21;3.80;3.97;937213;9364563.000
06/16/2005;3.96;4.31;3.88;4.28;1966498;15402140.000
06/17/2005;4.30;4.49;4.27;4.45;2952711;24378092.000
06/20/2005;4.51;4.79;4.21;4.71;2892214;24972368.000
06/21/2005;4.68;4.80;4.55;4.69;1944015;16936100.000
06/22/2005;4.61;4.65;4.49;4.56;2144277;18381292.000
06/23/2005;4.47;4.72;4.46;4.57;2308912;19990816.000
06/24/2005;4.57;4.65;4.46;4.64;914506;7858787.000
06/27/2005;4.76;5.02;4.74;4.90;4522022;41285912.000
06/28/2005;4.83;4.84;4.69;4.77;2286701;20283448.000
06/29/2005;4.75;4.84;4.64;4.64;1388745;12163750.000
06/30/2005;4.59;4.60;4.30;4.34;2025211;16742523.000
07/01/2005;4.31;4.34;4.12;4.17;1301645;10277298.000
07/04/2005;4.16;4.37;4.03;4.37;1232887;9830539.000
07/05/2005;4.37;4.46;4.26;4.30;1023406;8395399.000
07/06/2005;4.31;4.41;4.16;4.20;980599;7880770.500
07/07/2005;4.19;4.32;4.15;4.26;549599;4396438.500
07/08/2005;4.20;4.24;4.12;4.18;460776;3612009.250
07/11/2005;4.39;4.47;4.19;4.23;1207849;9775453.000
07/12/2005;4.19;4.54;4.15;4.51;1647426;13691357.000
07/13/2005;4.52;4.53;4.40;4.45;1084386;9078923.000
07/14/2005;4.41;4.58;4.41;4.52;933674;7892252.500
07/15/2005;4.49;4.55;4.32;4.38;793617;6577804.000
07/18/2005;4.33;4.41;4.30;4.38;383186;3138901.000
07/19/2005;4.35;4.41;4.28;4.34;838289;6824982.500
07/20/2005;4.34;4.53;4.31;4.51;1396998;11605478.000
07/21/2005;4.46;4.52;4.39;4.46;619035;5170716.000
07/22/2005;4.51;4.74;4.48;4.65;2628866;22536682.000
07/25/2005;4.64;4.69;4.54;4.61;1391402;11948693.000
07/26/2005;4.59;4.72;4.56;4.67;1522780;13246169.000
07/27/2005;4.65;4.69;4.37;4.60;2018035;17093270.000
07/28/2005;4.60;4.76;4.57;4.65;1664284;14530905.000
07/29/2005;4.59;4.64;4.52;4.54;817720;6985787.000
08/01/2005;4.54;4.70;4.50;4.59;940241;8034906.500
08/02/2005;4.64;4.68;4.54;4.64;1271915;10990091.000
08/03/2005;4.63;4.69;4.55;4.67;2469117;21343574.000
08/04/2005;4.67;4.86;4.64;4.75;3900082;34757780.000
08/05/2005;4.82;5.11;4.75;5.08;4166569;38566832.000
08/08/2005;5.20;5.33;5.02;5.08;5585314;53656632.000
08/09/2005;5.05;5.17;4.96;5.14;2523210;23750076.000
08/10/2005;5.11;5.25;5.06;5.22;2774931;26633410.000
08/11/2005;5.28;5.32;5.08;5.13;2818400;27092478.000
08/12/2005;5.08;5.17;4.94;4.98;2131076;19987490.000
08/15/2005;4.97;5.50;4.97;5.45;4939251;48271900.000
08/16/2005;5.45;5.45;5.18;5.28;3132255;30756550.000
08/17/2005;5.12;5.50;5.12;5.39;5471556;54427192.000
08/18/2005;5.39;5.39;4.83;4.90;4363831;41850848.000
08/19/2005;4.83;5.00;4.56;4.71;3209216;28740566.000
08/22/2005;4.71;4.81;4.63;4.79;1266453;11177229.000
08/23/2005;4.76;4.85;4.76;4.83;1005945;9020146.000
08/24/2005;4.84;4.97;4.78;4.83;1426789;12982715.000
08/25/2005;4.84;4.90;4.72;4.83;1382645;12351928.000
08/26/2005;4.83;4.87;4.66;4.73;1083768;9643971.000
08/29/2005;4.76;4.76;4.63;4.68;1436066;12560360.000
08/30/2005;4.64;4.69;4.60;4.60;1207140;10434287.000
08/31/2005;4.60;4.84;4.60;4.83;1733160;15396022.000
09/01/2005;4.85;4.95;4.80;4.91;1670870;15240926.000
09/02/2005;4.93;5.17;4.93;5.09;2301376;21765884.000
09/05/2005;5.13;5.20;5.04;5.11;1452352;13776997.000
09/06/2005;5.12;5.14;4.85;4.88;1582226;14746321.000
09/07/2005;4.88;5.08;4.78;5.06;1351352;12442428.000
09/08/2005;5.08;5.25;5.05;5.17;2960030;28418796.000
09/09/2005;5.20;5.32;5.06;5.17;3104535;30145902.000
09/22/2005;5.16;5.16;4.72;4.92;1310361;12083203.000
09/23/2005;4.87;4.93;4.75;4.77;1431933;12881200.000
09/26/2005;4.71;4.92;4.71;4.83;580915;5257397.000
09/27/2005;4.80;4.88;4.80;4.85;691206;6239050.000
09/28/2005;4.87;4.92;4.85;4.88;682486;6211172.500
09/29/2005;4.88;5.08;4.87;5.04;1110058;10317745.000
09/30/2005;5.00;5.24;4.99;5.17;2230262;21414432.000
10/26/2005;4.85;5.24;4.80;4.81;4991708;34604348.000
10/27/2005;4.77;4.90;4.64;4.82;1122806;7438754.000
10/28/2005;4.76;4.89;4.47;4.63;1632364;10543139.000
10/31/2005;4.58;4.73;4.43;4.60;1443515;9059001.000
11/01/2005;4.54;4.54;4.35;4.47;1029216;6311289.500
11/02/2005;4.52;4.57;4.42;4.54;895347;5595014.500
11/03/2005;4.54;4.57;4.47;4.57;584444;3666844.000
11/04/2005;4.53;4.80;4.47;4.69;1158644;7545954.500
11/07/2005;4.68;4.79;4.65;4.72;584651;3820261.000
11/08/2005;4.74;4.80;4.67;4.76;645428;4231606.000
11/09/2005;4.75;4.98;4.70;4.85;1456048;9775230.000
11/10/2005;4.79;4.90;4.66;4.75;1047486;6872786.000
11/11/2005;4.70;4.77;4.54;4.75;911820;5895451.500
11/14/2005;4.63;4.76;4.58;4.75;279361;1820422.125
11/15/2005;4.74;4.82;4.59;4.65;367547;2378630.500
11/16/2005;4.63;4.87;4.54;4.85;1060034;6906838.500
11/17/2005;4.85;4.90;4.78;4.85;630071;4206647.500
11/18/2005;4.84;5.06;4.84;5.04;3170928;21814626.000
11/21/2005;5.03;5.16;4.95;4.97;1567332;10833600.000
11/22/2005;4.99;5.04;4.91;4.95;932956;6393314.500
11/23/2005;4.93;5.07;4.93;5.00;1020214;7050914.500
11/24/2005;4.97;5.04;4.93;4.99;584255;4018236.750
11/25/2005;5.00;5.00;4.89;4.90;614838;4174297.250
11/28/2005;4.89;4.90;4.72;4.84;713177;4739878.500
11/29/2005;4.81;4.97;4.81;4.84;806817;5451623.500
11/30/2005;4.86;5.10;4.77;5.04;2103635;14480403.000
12/01/2005;5.04;5.04;4.85;4.97;1084676;7383287.000
12/02/2005;4.93;5.00;4.88;4.97;815908;5567152.000
12/05/2005;5.02;5.04;4.65;4.66;1117875;7450268.000
12/06/2005;4.62;4.77;4.58;4.68;724227;4674596.500
12/07/2005;4.64;4.93;4.63;4.91;1490454;9929259.000
12/08/2005;5.04;5.07;4.87;4.97;3607598;24818798.000
12/09/2005;5.03;5.07;4.91;5.07;4821632;33176348.000
12/12/2005;5.07;5.07;4.97;4.99;2374615;16422898.000
12/13/2005;4.96;4.97;4.83;4.87;1458294;9827354.000
12/14/2005;4.87;4.92;4.77;4.92;1235900;8258308.000
12/15/2005;4.91;4.97;4.81;4.81;1035655;6984506.500
12/16/2005;4.77;5.10;4.76;5.08;2853565;19624988.000
12/19/2005;5.05;5.07;4.97;5.01;1702855;11768030.000
12/20/2005;5.01;5.01;4.88;4.96;786579;5358115.000
12/21/2005;4.94;5.02;4.85;4.93;1089398;7425197.000
12/22/2005;4.89;4.96;4.85;4.93;950278;6455810.500
12/23/2005;4.93;4.96;4.89;4.93;753313;5112445.000
12/26/2005;4.96;5.03;4.91;4.97;1628888;11162890.000
12/27/2005;4.98;5.07;4.87;5.06;2265851;15510823.000
12/28/2005;5.17;5.18;5.05;5.07;3909654;27488466.000
12/29/2005;5.15;5.24;5.07;5.24;4516002;32141398.000
01/04/2006;5.14;5.16;4.99;5.10;1856887;12981205.000
01/05/2006;5.10;5.15;4.99;5.09;1840817;12837449.000
01/06/2006;5.08;5.20;5.06;5.08;2263284;15927605.000
01/09/2006;5.08;5.30;5.08;5.22;3217711;23039656.000
01/10/2006;5.24;5.24;5.13;5.16;1428193;10146720.000
01/11/2006;5.14;5.16;4.97;5.00;2259833;15767730.000
01/12/2006;4.97;5.13;4.97;5.04;1413564;9877881.000
01/13/2006;5.20;5.23;5.05;5.09;2236653;15851959.000
01/16/2006;5.09;5.16;5.00;5.03;1453540;10168408.000
01/17/2006;5.00;5.11;4.97;5.04;823262;5722064.500
01/18/2006;5.04;5.16;5.03;5.11;1386885;9710883.000
01/19/2006;5.13;5.16;5.01;5.08;1173237;8201788.000
01/20/2006;5.08;5.08;4.89;4.94;2280204;15602582.000
01/23/2006;4.93;4.93;4.64;4.74;2551282;16732169.000
01/24/2006;4.73;4.77;4.60;4.60;2528687;16340244.000
01/25/2006;4.60;4.60;4.36;4.38;3437381;21116076.000
02/06/2006;4.39;4.54;4.39;4.53;3246017;20052044.000
02/07/2006;4.52;4.53;4.37;4.44;2315522;14263421.000
02/08/2006;4.46;4.54;4.41;4.54;2495611;15466056.000
02/09/2006;4.52;4.58;4.50;4.51;2380262;14981776.000
02/10/2006;4.54;4.54;4.48;4.52;1393774;8725623.000
02/13/2006;4.52;4.52;4.41;4.44;1793711;11060221.000
02/14/2006;4.47;4.53;4.45;4.49;1611623;10039726.000
02/15/2006;4.50;4.53;4.43;4.44;1953963;12100422.000
02/16/2006;4.45;4.45;4.16;4.16;2938507;17563432.000
02/17/2006;4.12;4.21;4.08;4.12;1492207;8626383.000
02/20/2006;4.13;4.24;4.04;4.13;1719966;9932565.000
02/21/2006;4.14;4.41;4.14;4.41;2799334;16750355.000
02/22/2006;4.41;4.44;4.27;4.30;2020836;12164438.000
02/23/2006;4.31;4.31;4.14;4.18;2873177;16731574.000
02/24/2006;4.20;4.34;4.19;4.30;1910419;11361907.000
02/27/2006;4.31;4.34;4.20;4.29;1867424;11120254.000
02/28/2006;4.27;4.33;4.20;4.32;898162;5335824.000
03/01/2006;4.31;4.34;4.28;4.33;1002965;6012563.500
03/02/2006;4.34;4.34;4.24;4.24;1435937;8557314.000
03/03/2006;4.24;4.25;4.13;4.19;1404069;8179310.000
03/06/2006;4.19;4.19;4.07;4.09;992830;5693875.500
03/07/2006;4.09;4.09;3.94;3.94;1058282;5945905.500
03/08/2006;3.94;4.01;3.90;4.01;738871;4098241.750
03/09/2006;4.01;4.10;3.97;4.00;749362;4221066.000
03/10/2006;4.00;4.06;3.98;4.00;546505;3055997.750
03/13/2006;4.00;4.02;3.94;3.99;566881;3145959.250
03/14/2006;3.97;4.01;3.94;3.97;400210;2223915.750
03/15/2006;3.97;4.04;3.94;4.04;763515;4284022.500
03/16/2006;4.04;4.06;3.97;3.98;540008;3021019.250
03/17/2006;3.99;4.01;3.92;3.93;2397274;13260507.000
03/20/2006;3.94;4.15;3.82;4.15;5365912;29917744.000
03/21/2006;4.10;4.36;4.08;4.25;6776989;40069416.000
03/22/2006;4.25;4.43;4.20;4.40;4927752;29843980.000
03/23/2006;4.40;4.52;4.35;4.47;4359304;26825686.000
03/24/2006;4.48;4.48;4.35;4.37;2811317;17161694.000
03/27/2006;4.43;4.53;4.42;4.48;2485117;15442125.000
03/28/2006;4.48;4.48;4.40;4.44;1694194;10439761.000
03/29/2006;4.39;4.47;4.36;4.40;1785220;10956708.000
03/30/2006;4.34;4.40;4.24;4.24;2163013;13041739.000
03/31/2006;4.21;4.44;4.20;4.40;3082437;18452836.000
04/03/2006;4.39;4.53;4.34;4.48;2993365;18433730.000
04/04/2006;4.48;4.57;4.45;4.50;2754059;17225320.000
04/05/2006;4.53;4.67;4.51;4.60;4318882;27473116.000
04/06/2006;4.60;4.64;4.47;4.47;2788779;17605880.000
04/07/2006;4.45;4.54;4.43;4.49;1962814;12157146.000
04/10/2006;4.56;4.71;4.47;4.66;3245360;20840418.000
04/11/2006;4.66;4.74;4.56;4.70;3481946;22355434.000
04/12/2006;4.70;4.80;4.66;4.75;4072515;26674128.000
04/13/2006;4.75;4.93;4.67;4.75;5085321;33860188.000
04/14/2006;4.70;4.93;4.58;4.90;4762186;31446262.000
04/17/2006;4.91;5.22;4.91;5.10;7305918;51297208.000
04/18/2006;5.11;5.20;4.96;5.12;3806046;26658960.000
04/19/2006;5.12;5.14;4.91;4.93;2719255;18682952.000
04/21/2006;4.84;5.08;4.54;4.95;3696199;24356402.000
04/24/2006;4.93;4.93;4.54;4.62;3675046;23856584.000
04/25/2006;4.61;4.61;4.37;4.39;3866169;23843286.000
04/26/2006;4.37;4.62;4.31;4.58;3201382;20023558.000
04/27/2006;4.55;4.65;4.41;4.46;2784394;17354018.000
04/28/2006;4.37;4.66;4.32;4.55;3304656;20668060.000
05/08/2006;4.50;4.64;4.39;4.57;4079434;25409320.000
05/09/2006;4.58;4.84;4.48;4.74;7198266;46577472.000
05/10/2006;4.79;5.00;4.68;4.84;5482918;36717988.000
05/11/2006;4.96;5.08;4.71;4.88;8121872;54906868.000
05/12/2006;4.99;5.34;4.90;5.34;12669573;89917520.000
05/15/2006;5.34;5.44;5.11;5.40;8975307;65061132.000
05/16/2006;5.37;5.37;4.85;4.85;7016546;49054516.000
05/17/2006;4.93;5.08;4.87;4.98;4151122;28482292.000
05/18/2006;4.98;5.04;4.86;4.99;2996815;20466674.000
05/19/2006;4.99;5.36;4.99;5.28;7474368;53662684.000
05/22/2006;5.31;5.70;5.30;5.34;6589804;49372508.000
05/23/2006;5.24;5.27;4.91;4.91;4513669;31461330.000
05/24/2006;4.90;5.04;4.50;4.66;4570532;30031368.000
05/25/2006;4.66;4.89;4.66;4.85;2382102;15655093.000
05/26/2006;4.85;5.16;4.85;5.13;5029643;34949900.000
05/29/2006;5.29;5.32;5.12;5.20;5380392;38600180.000
05/30/2006;5.24;5.31;5.04;5.27;4065362;29051238.000
05/31/2006;5.22;5.46;5.16;5.33;5642555;41283448.000
06/01/2006;5.29;5.63;5.24;5.60;7593602;57443276.000
06/02/2006;5.62;5.70;5.40;5.50;6677973;50613092.000
06/05/2006;5.51;5.95;5.50;5.79;6788573;53215644.000
06/07/2006;5.54;5.66;5.18;5.18;4182294;30625502.000
06/08/2006;4.93;5.12;4.81;5.08;3467683;23778984.000
06/09/2006;5.01;5.21;4.97;5.09;3407337;23867246.000
06/12/2006;5.04;5.19;4.99;5.15;1324443;9373424.000
06/13/2006;5.20;5.20;4.97;5.02;2604946;18262976.000
06/14/2006;5.02;5.07;4.86;5.00;1585271;10809681.000
06/15/2006;5.00;5.18;5.00;5.10;1932473;13558989.000
06/16/2006;5.16;5.40;5.16;5.34;3609610;26247774.000
06/19/2006;5.34;5.40;5.22;5.30;3513733;25650360.000
06/20/2006;5.27;5.37;5.24;5.33;2278168;16629068.000
06/21/2006;5.33;5.33;5.14;5.15;2196318;15725518.000
06/22/2006;5.16;5.17;5.02;5.10;1711161;11968418.000
06/23/2006;5.08;5.18;5.04;5.17;1153991;8118145.500
06/26/2006;5.17;5.42;5.09;5.37;2074198;15136990.000
06/27/2006;5.43;5.45;5.30;5.40;2132256;15733787.000
06/28/2006;5.42;5.56;5.37;5.47;1861604;13687864.000
06/29/2006;5.50;5.87;5.50;5.76;5202409;39979348.000
06/30/2006;5.81;5.87;5.61;5.76;4141671;31928080.000
07/03/2006;5.76;5.97;5.65;5.97;4156242;32237978.000
07/04/2006;5.97;6.30;5.88;6.15;8967888;73469240.000
07/05/2006;6.18;6.78;6.06;6.78;11707309;101231704.000
07/06/2006;6.81;7.48;6.80;7.20;12746395;122962832.000
07/07/2006;7.06;7.43;7.01;7.25;5646034;54056396.000
07/10/2006;7.20;7.48;7.05;7.40;3088416;29940416.000
07/11/2006;7.37;7.42;7.09;7.32;3172895;30507030.000
07/12/2006;7.28;7.93;7.10;7.74;4287331;42455360.000
07/13/2006;7.57;7.63;6.94;6.94;4668308;44749596.000
07/14/2006;6.65;7.32;6.64;7.09;3523882;33126602.000
07/17/2006;6.94;7.24;6.90;6.94;2385255;22477852.000
07/18/2006;7.17;7.48;6.96;7.24;2480382;23829020.000
07/19/2006;7.27;7.59;7.07;7.54;5135904;50185900.000
07/20/2006;7.50;7.59;7.29;7.45;2878955;28487112.000
07/21/2006;7.44;7.50;7.07;7.14;2626605;25390696.000
07/24/2006;7.00;7.24;6.84;7.09;1903150;17751090.000
07/25/2006;7.07;7.33;7.07;7.28;1540002;14862520.000
07/26/2006;7.34;7.80;7.34;7.64;3930037;39825500.000
07/27/2006;7.51;7.61;7.24;7.33;3431628;33739648.000
07/28/2006;7.28;7.45;7.04;7.35;2627992;25404836.000
07/31/2006;7.32;7.34;6.97;6.99;1570809;14928500.000
08/01/2006;6.98;7.13;6.76;6.80;1142357;10520687.000
08/02/2006;6.78;6.90;6.52;6.67;1763440;15735204.000
08/03/2006;6.65;6.87;6.65;6.74;1171944;10608923.000
08/04/2006;6.82;6.90;6.51;6.51;1268766;11366030.000
08/07/2006;6.50;6.58;6.24;6.27;1531552;13061468.000
08/08/2006;6.32;6.65;6.32;6.56;1263240;10943853.000
08/09/2006;6.58;6.64;6.46;6.49;1187566;10367624.000
08/10/2006;6.40;6.78;6.40;6.75;1448827;12870586.000
08/11/2006;6.74;7.17;6.73;7.04;2450323;22821226.000
08/14/2006;6.99;7.20;6.79;6.91;2394016;22407174.000
08/15/2006;6.95;7.23;6.90;7.20;2159741;20513982.000
08/16/2006;7.20;7.44;7.06;7.33;2090922;20348034.000
08/17/2006;7.34;7.34;7.10;7.24;1349982;12903463.000
08/18/2006;7.19;7.28;7.01;7.05;974647;9250658.000
08/21/2006;6.84;7.33;6.74;7.25;1627617;15409004.000
08/22/2006;7.34;7.37;7.17;7.26;1317899;12800066.000
08/23/2006;7.24;7.69;7.17;7.51;4120475;41067516.000
08/24/2006;7.53;7.65;7.30;7.60;2318947;23151428.000
08/25/2006;7.67;7.77;7.58;7.64;2992397;30585258.000
08/28/2006;7.66;7.88;7.60;7.67;2888608;29672544.000
08/29/2006;7.70;7.97;7.63;7.90;3383128;35052640.000
08/30/2006;7.86;7.90;7.76;7.85;1170130;12191924.000
08/31/2006;7.86;7.87;7.57;7.63;2769884;28165382.000
09/01/2006;7.63;7.70;7.32;7.32;2424971;24104406.000
09/04/2006;7.30;7.73;7.26;7.59;1985128;20043724.000
09/05/2006;7.59;7.78;7.47;7.52;1509494;15345504.000
09/06/2006;7.51;7.65;7.37;7.64;1197666;11973973.000
09/07/2006;7.65;7.69;7.41;7.57;1163986;11581863.000
09/08/2006;7.47;7.59;7.47;7.52;1345234;13467978.000
09/11/2006;7.51;7.51;7.14;7.23;2081322;20110490.000
09/12/2006;7.17;7.37;7.17;7.28;689242;6687359.000
09/13/2006;7.27;7.32;7.17;7.21;811049;7828354.000
09/14/2006;7.18;7.27;7.03;7.14;959365;9095454.000
09/15/2006;7.06;7.35;7.06;7.20;1151584;11130010.000
09/18/2006;7.25;7.86;7.22;7.71;3272241;33132014.000
09/19/2006;7.80;7.85;7.60;7.77;1931007;19921702.000
09/20/2006;7.80;7.81;7.64;7.66;1207996;12390533.000
09/21/2006;7.66;7.85;7.61;7.82;2107887;21728984.000
09/22/2006;7.76;7.88;7.48;7.72;1982497;20204868.000
09/25/2006;7.67;7.71;7.51;7.64;1223410;12344853.000
09/26/2006;7.57;7.67;7.55;7.64;618971;6270920.000
09/27/2006;7.61;7.66;7.44;7.61;642109;6441553.000
09/28/2006;7.61;8.17;7.51;7.94;4289304;45330024.000
09/29/2006;7.97;8.32;7.90;8.23;4105730;44629768.000
10/09/2006;8.27;8.42;8.11;8.27;1709797;18649590.000
10/10/2006;8.32;8.32;8.09;8.17;1313724;14229945.000
10/11/2006;8.17;8.62;8.01;8.55;2218606;24658330.000
10/12/2006;8.49;8.88;8.28;8.28;2642607;30272792.000
10/13/2006;8.28;8.67;8.20;8.27;2118375;23760610.000
10/16/2006;8.25;8.37;8.09;8.16;1251614;13599058.000
10/17/2006;8.13;8.27;8.13;8.24;1065755;11614371.000
10/18/2006;8.33;8.42;8.17;8.27;1241204;13651642.000
10/19/2006;8.27;8.55;8.17;8.44;1225897;13632004.000
10/20/2006;8.44;8.77;8.37;8.55;1699673;19408408.000
10/23/2006;8.54;8.68;7.90;8.02;2386064;26019004.000
10/24/2006;8.00;8.17;7.87;8.17;2451242;26150356.000
10/25/2006;8.13;8.22;7.90;7.96;1354583;14424770.000
10/26/2006;7.94;8.00;7.69;7.79;1895921;19708590.000
10/27/2006;7.82;7.82;7.61;7.75;1002955;10271288.000
10/30/2006;7.81;7.94;7.74;7.90;861923;8993331.000
10/31/2006;7.93;8.06;7.80;7.94;1098876;11582218.000
11/01/2006;7.94;7.97;7.70;7.74;1389419;14352296.000
11/02/2006;7.73;7.80;7.60;7.69;1921611;19637802.000
11/03/2006;7.66;7.66;7.30;7.49;3490693;34524608.000
11/06/2006;7.37;7.47;7.27;7.32;1505310;14738526.000
11/07/2006;7.29;7.50;7.29;7.45;1579646;15567285.000
11/08/2006;7.49;7.49;7.33;7.35;901167;8853001.000
11/09/2006;7.34;7.61;6.90;7.55;1670924;16500122.000
11/10/2006;7.55;7.56;7.25;7.30;1448137;14227389.000
11/13/2006;7.27;7.27;6.81;6.84;1612509;15034907.000
11/14/2006;6.80;6.94;6.50;6.70;1689245;15035057.000
11/15/2006;6.74;6.86;6.56;6.79;2803751;25092522.000
11/16/2006;6.79;6.88;6.52;6.56;2570347;22845752.000
11/17/2006;6.56;6.73;6.47;6.60;1413286;12467563.000
11/20/2006;6.61;6.72;6.38;6.50;1549414;13487325.000
11/21/2006;6.50;6.90;6.50;6.86;2516789;22616300.000
11/22/2006;6.85;7.00;6.65;6.80;2038910;18577506.000
11/23/2006;6.82;7.00;6.82;6.97;2022565;18629606.000
11/24/2006;6.96;7.04;6.90;6.94;1292969;11979424.000
11/27/2006;6.90;7.05;6.90;7.03;1446592;13464666.000
11/28/2006;7.03;7.05;6.92;6.94;1554138;14468557.000
11/29/2006;6.90;7.25;6.80;7.21;3595302;33802520.000
11/30/2006;7.21;7.59;7.21;7.50;5065956;50264324.000
12/01/2006;7.48;7.60;7.35;7.46;3492642;34745432.000
12/04/2006;7.47;7.70;7.47;7.64;3605250;36546444.000
12/05/2006;7.63;7.64;7.33;7.37;4970192;49361984.000
12/06/2006;7.37;7.44;6.96;7.10;3072943;29481644.000
12/07/2006;7.10;7.20;7.02;7.07;2131250;20170660.000
12/08/2006;7.04;7.04;6.67;6.67;2138960;19404136.000
12/11/2006;6.63;6.87;6.63;6.86;962789;8742245.000
12/12/2006;6.87;6.94;6.73;6.93;1514161;13799862.000
12/13/2006;6.93;6.96;6.80;6.96;1504782;13855041.000
12/14/2006;6.97;7.27;6.96;7.17;2331481;22228216.000
12/15/2006;7.19;7.20;7.04;7.17;1877999;17802268.000
12/18/2006;7.27;7.35;7.17;7.20;1833877;17659632.000
12/19/2006;7.30;7.30;7.09;7.24;1821099;17403042.000
12/20/2006;7.31;7.89;7.24;7.88;7655705;77002584.000
12/21/2006;7.97;8.19;7.67;7.79;6354155;66798524.000
12/22/2006;7.69;8.01;7.68;7.71;3110546;32402550.000
12/25/2006;7.70;7.84;7.51;7.56;2694252;27499238.000
12/26/2006;7.56;7.65;7.35;7.44;2017390;20107684.000
12/27/2006;7.51;7.64;7.40;7.49;1759861;17560642.000
12/28/2006;7.49;7.49;7.17;7.20;2089696;20265942.000
12/29/2006;7.36;7.94;7.36;7.90;6161345;64352832.000
01/04/2007;8.04;8.51;7.83;8.22;7096758;76878096.000
01/05/2007;8.24;8.44;8.04;8.18;4035591;43999364.000
01/08/2007;8.07;8.65;7.94;8.60;4003563;44520916.000
01/09/2007;8.66;9.27;8.44;9.05;3856780;45810292.000
01/10/2007;9.13;9.26;8.83;9.19;3223747;38735980.000
01/11/2007;9.35;9.35;8.82;8.82;4510778;53887080.000
01/12/2007;8.79;8.79;8.40;8.59;3224953;36669304.000
01/15/2007;8.50;9.17;8.50;9.14;2720506;32352494.000
01/16/2007;9.09;9.50;9.06;9.38;3756503;45930264.000
01/17/2007;9.42;9.45;8.82;9.00;3741905;45512380.000
01/18/2007;9.01;9.46;8.90;9.44;3236160;39424412.000
01/19/2007;9.51;10.17;9.51;10.10;5069755;67053256.000
01/22/2007;10.16;10.72;10.16;10.45;3190103;43880764.000
01/23/2007;10.55;10.55;9.78;10.22;3061841;41014024.000
01/24/2007;10.20;10.60;10.04;10.19;1838833;25028834.000
01/25/2007;10.14;10.14;9.40;9.44;2572036;32963416.000
01/26/2007;9.22;9.60;8.90;9.55;1991777;24515654.000
01/29/2007;9.57;9.90;9.44;9.83;2383150;30596454.000
01/30/2007;9.80;9.97;9.51;9.60;1471750;18917898.000
01/31/2007;9.50;9.77;8.96;8.96;2032257;25071438.000
02/01/2007;8.97;9.13;8.78;9.00;1769330;21097346.000
02/02/2007;9.00;9.19;8.92;8.94;1106717;13266719.000
02/05/2007;8.90;9.21;8.86;9.07;958559;11509733.000
02/06/2007;9.13;9.48;9.13;9.40;1286287;15866972.000
02/07/2007;9.46;9.55;9.25;9.35;1549148;19312752.000
02/08/2007;9.37;9.44;9.27;9.38;1546532;19203324.000
02/09/2007;9.40;9.87;9.32;9.73;1792904;22755402.000
02/12/2007;9.67;9.80;9.57;9.73;1712201;21948706.000
02/13/2007;9.82;9.87;9.67;9.75;943397;12177606.000
02/14/2007;9.75;10.32;9.74;10.17;2642110;35318572.000
02/15/2007;10.28;10.32;10.04;10.17;2115210;28415538.000
02/16/2007;10.06;10.28;10.05;10.06;2180715;29311622.000
02/26/2007;10.13;10.35;9.75;10.35;4593503;61304052.000
02/27/2007;10.40;11.00;9.59;9.66;8369160;117197520.000
02/28/2007;9.48;10.28;9.44;10.24;3046109;40245588.000
03/01/2007;10.24;10.27;9.57;9.58;2783160;36264900.000
03/02/2007;9.55;9.82;9.44;9.58;1761885;22379226.000
03/05/2007;9.67;9.67;9.04;9.34;2601056;32135152.000
03/06/2007;9.32;9.55;9.07;9.44;1085140;13455497.000
03/07/2007;9.43;9.72;9.37;9.63;1424498;18026410.000
03/08/2007;9.63;9.96;9.57;9.80;1547986;20095878.000
03/09/2007;9.72;9.92;9.59;9.67;1526616;19601798.000
03/12/2007;9.67;9.67;9.20;9.51;2051802;25564446.000
03/13/2007;9.51;9.96;9.50;9.94;2700967;34954276.000
03/14/2007;10.05;10.40;9.82;10.21;5886312;79144096.000
03/15/2007;10.15;10.39;10.10;10.19;2871573;38740416.000
03/16/2007;10.27;10.30;9.47;9.80;2354924;31068754.000
03/19/2007;9.44;9.90;9.36;9.77;1703001;21795858.000
03/20/2007;9.77;10.11;9.60;10.11;1677760;21772358.000
03/21/2007;10.11;10.38;9.98;10.36;3075016;41471460.000
03/22/2007;10.32;11.41;10.32;10.97;7462770;107589648.000
03/23/2007;10.97;11.21;10.84;11.20;3323647;48358228.000
03/26/2007;11.20;11.33;11.10;11.25;3672032;54402008.000
03/27/2007;11.20;11.59;10.94;11.11;6680429;99164040.000
03/28/2007;11.10;11.11;10.13;10.52;4791429;66461784.000
03/29/2007;10.51;10.74;10.14;10.23;3402201;46677860.000
03/30/2007;10.23;10.44;10.04;10.28;2274771;30875624.000
04/02/2007;10.28;10.58;10.28;10.48;1711831;23641964.000
04/03/2007;10.48;10.67;10.38;10.63;3514597;48916872.000
04/04/2007;10.63;11.00;10.63;10.86;3777209;53996648.000
04/05/2007;10.97;10.97;10.57;10.73;2335948;33022064.000
04/06/2007;10.73;10.82;10.61;10.77;2795288;39650788.000
04/09/2007;10.77;11.10;10.73;10.81;3027768;43508984.000
04/10/2007;10.86;10.94;10.28;10.63;2796910;39344028.000
04/11/2007;10.63;10.70;10.32;10.62;3485120;48464524.000
04/12/2007;10.64;11.08;10.64;11.08;4852905;70065000.000
04/13/2007;11.08;11.50;10.90;11.17;5729352;84733808.000
04/16/2007;11.07;11.59;11.05;11.46;4913326;73825616.000
04/17/2007;11.47;11.57;10.96;11.49;4455370;66419164.000
04/19/2007;11.36;11.36;10.32;10.55;4072633;58506420.000
04/20/2007;10.73;10.97;10.59;10.83;3452916;49284520.000
04/23/2007;11.01;11.34;10.78;11.20;5585620;82113712.000
04/24/2007;11.29;12.07;11.22;11.59;8434622;129624296.000
04/25/2007;11.59;12.04;11.35;11.94;7029986;109295344.000
04/26/2007;12.02;12.09;11.69;11.83;4125194;64557848.000
04/27/2007;11.84;12.04;11.44;11.90;4450516;69095040.000
04/30/2007;11.70;11.91;11.51;11.67;3470801;53799508.000
05/08/2007;11.70;12.59;11.52;12.40;5869145;93870128.000
05/09/2007;12.23;12.43;11.60;11.99;3591672;56745812.000
05/10/2007;12.01;12.01;11.67;11.83;2952439;45986368.000
05/11/2007;11.74;11.74;11.20;11.36;3982819;60006308.000
05/14/2007;11.34;11.86;11.20;11.50;4416435;67594272.000
05/15/2007;11.52;11.74;11.13;11.20;3954972;59814860.000
05/16/2007;11.24;11.43;10.97;11.43;3284109;48723120.000
05/17/2007;11.54;11.97;11.54;11.83;5480812;84980944.000
05/18/2007;11.84;11.88;11.55;11.70;3192607;49347700.000
05/21/2007;11.21;12.00;11.20;11.72;5353192;83041680.000
05/22/2007;11.81;12.25;11.80;12.15;7890826;125306736.000
05/23/2007;12.20;12.35;12.05;12.22;5917244;95089960.000
05/24/2007;12.22;12.50;11.78;12.04;5591508;89522528.000
05/25/2007;11.96;13.26;11.77;13.26;11836167;195845072.000
05/28/2007;13.50;13.80;13.17;13.20;10754948;190436592.000
05/29/2007;13.20;13.48;12.90;13.33;6214411;107921688.000
05/30/2007;11.98;12.90;11.97;11.97;7651384;124274736.000
05/31/2007;11.74;12.04;10.76;11.49;5860338;87531896.000
06/01/2007;11.53;11.74;10.60;10.67;4872330;72534008.000
06/04/2007;10.99;11.05;9.60;9.64;5233746;71006680.000
06/05/2007;9.44;10.37;9.06;10.28;5925599;75343808.000
06/06/2007;10.28;10.55;9.86;10.24;4285977;58204468.000
06/07/2007;10.24;10.97;10.22;10.86;4069159;57516476.000
06/08/2007;10.87;11.05;10.70;10.75;2996148;42993404.000
06/11/2007;10.78;11.09;10.70;10.87;2610669;37543416.000
06/12/2007;11.06;11.36;10.59;11.20;4568476;65580236.000
06/13/2007;11.24;11.74;11.20;11.50;6105794;92367536.000
06/14/2007;11.51;11.71;11.20;11.33;3214103;48566948.000
06/15/2007;11.17;11.36;10.94;11.12;3139036;46284496.000
06/18/2007;11.30;12.04;11.30;11.94;6040492;93500848.000
06/19/2007;11.75;12.01;11.68;11.84;2982538;46618568.000
06/20/2007;11.82;12.10;11.51;11.68;4641217;73048712.000
06/21/2007;11.57;11.99;11.04;11.45;3050950;46571496.000
06/22/2007;11.46;11.70;10.57;10.74;2952104;43668648.000
06/25/2007;10.70;11.11;9.88;10.04;3060176;42799364.000
06/26/2007;9.94;10.84;9.90;10.82;2808851;38738400.000
06/27/2007;10.82;10.95;10.68;10.86;1547131;22149300.000
06/28/2007;10.86;11.14;10.07;10.14;1746969;24404048.000
06/29/2007;10.09;10.11;9.67;9.94;2063387;27138324.000
07/02/2007;9.94;10.35;9.86;10.20;1572124;21229138.000
07/03/2007;10.24;10.44;10.13;10.22;866450;11778216.000
07/04/2007;10.25;10.27;9.82;9.86;1359884;17999580.000
07/05/2007;9.89;9.89;9.24;9.24;1327908;16675618.000
07/06/2007;9.21;9.77;9.10;9.74;1258748;15696833.000
07/09/2007;9.90;10.01;9.75;9.96;1521146;19925254.000
07/10/2007;9.96;10.00;9.67;9.82;1411153;18351500.000
07/11/2007;9.76;10.17;9.74;9.96;610527;8059433.000
07/12/2007;9.96;10.22;9.90;10.04;813657;10837558.000
07/13/2007;10.05;10.10;9.82;9.97;662886;8696588.000
07/16/2007;9.96;9.97;9.60;9.61;836077;10774781.000
07/17/2007;9.61;9.97;9.59;9.83;776338;10071671.000
07/18/2007;9.83;9.94;9.71;9.85;745812;9725793.000
07/19/2007;9.90;9.90;9.74;9.79;809440;10492037.000
07/20/2007;9.88;10.20;9.75;10.17;1298532;17326302.000
07/23/2007;10.21;10.58;10.21;10.55;1456080;20159138.000
07/24/2007;10.60;11.63;10.52;11.28;4181091;61983320.000
07/25/2007;11.19;11.89;11.19;11.89;5244914;80991912.000
07/26/2007;12.05;12.10;11.76;11.93;3139521;49530604.000
07/27/2007;11.87;12.01;11.44;11.65;3119753;48318896.000
07/30/2007;11.74;12.67;11.65;12.55;3804105;61815508.000
07/31/2007;12.66;12.67;12.15;12.45;1577977;25705248.000
08/01/2007;12.44;12.70;11.97;12.01;3534123;57394336.000
08/02/2007;12.03;12.47;11.97;12.15;2189277;35260548.000
08/03/2007;12.23;12.47;12.05;12.47;2990642;48558340.000
08/06/2007;12.59;13.03;12.55;12.67;3059655;51674324.000
08/07/2007;12.67;13.04;12.36;13.04;3754224;62893496.000
08/08/2007;13.78;14.22;13.27;13.36;8883273;159189712.000
08/09/2007;13.67;13.73;13.10;13.11;3393906;59835356.000
08/10/2007;12.94;13.27;12.22;12.68;3292245;55222000.000
08/13/2007;12.75;12.96;12.34;12.70;2194184;36624072.000
08/14/2007;12.73;13.13;12.51;12.74;2848325;48227008.000
08/15/2007;12.84;13.04;12.63;12.94;3822002;64827308.000
08/16/2007;12.94;14.00;12.82;13.70;6819814;120566896.000
08/17/2007;13.67;13.82;13.36;13.42;3396666;60664884.000
08/20/2007;13.74;14.68;13.59;14.50;7421183;138459056.000
08/21/2007;14.54;14.69;14.28;14.50;3866815;73657896.000
08/22/2007;14.30;14.50;14.11;14.40;3490467;65879456.000
08/23/2007;14.39;14.59;14.29;14.40;3274969;62346076.000
08/27/2007;13.97;14.36;13.46;13.48;7733888;139993072.000
08/28/2007;13.40;14.03;13.17;13.82;4133670;73132520.000
08/29/2007;13.59;13.87;13.33;13.47;1798308;32134206.000
08/30/2007;13.57;13.82;13.44;13.75;1842063;33122110.000
08/31/2007;13.80;14.13;13.67;13.98;1771287;32421954.000
09/03/2007;14.17;14.34;14.00;14.08;2283137;42436336.000
09/04/2007;14.20;14.24;13.70;13.77;1685976;30790066.000
09/05/2007;13.74;14.05;13.68;14.01;1487012;27150740.000
09/06/2007;14.13;14.84;14.13;14.77;3580587;68301856.000
09/07/2007;14.67;15.04;14.29;14.45;3393428;65630764.000
09/11/2007;14.82;15.28;14.21;14.28;6443001;124780224.000
09/12/2007;14.51;15.32;14.28;15.13;5342639;103743824.000
09/13/2007;15.14;16.40;15.09;16.04;7421887;155404800.000
09/14/2007;15.97;16.90;15.65;16.59;6453203;137583584.000
09/17/2007;16.59;16.67;15.88;15.90;3838435;81736216.000
09/18/2007;15.92;16.38;14.88;15.37;3847666;60568948.000
09/19/2007;15.42;15.59;14.83;15.12;2547090;38837860.000
09/20/2007;15.13;16.41;14.92;16.30;5616743;89872952.000
09/21/2007;16.19;16.62;14.83;15.92;3360051;53671420.000
09/24/2007;15.92;16.29;15.57;15.62;1609264;25709808.000
09/25/2007;15.62;16.23;15.45;15.92;2940730;47369676.000
09/26/2007;15.92;16.07;15.22;15.67;1365865;21698354.000
09/27/2007;15.80;15.86;15.42;15.73;952877;15060175.000
09/28/2007;15.91;16.11;15.70;15.80;2128445;34175868.000
10/08/2007;16.10;16.21;15.72;15.83;1499674;24086916.000
10/09/2007;16.00;16.00;15.47;15.52;1522084;23992388.000
10/10/2007;15.54;15.82;15.32;15.53;1113760;17486224.000
10/11/2007;15.67;15.70;14.82;14.83;1938611;29623776.000
10/12/2007;14.97;15.10;13.37;13.87;2727455;38553104.000
10/15/2007;13.86;14.21;13.42;13.84;1343968;18649110.000
10/16/2007;13.83;14.28;13.82;13.99;1279136;18199200.000
10/17/2007;13.99;14.67;13.99;14.38;1511117;21968060.000
10/18/2007;14.60;14.62;13.60;13.62;1689981;23810508.000
10/19/2007;13.73;14.52;13.73;13.97;1528923;21942036.000
10/22/2007;14.12;14.57;13.99;14.27;2145686;31098892.000
10/23/2007;14.42;14.47;13.55;13.95;1059310;14930618.000
10/24/2007;14.04;14.05;13.17;13.20;1859296;25304598.000
10/25/2007;13.07;13.07;11.86;11.86;2007036;25163694.000
10/26/2007;11.62;12.22;11.45;12.02;1131891;13669941.000
10/29/2007;12.02;12.45;12.02;12.38;823505;10212401.000
10/30/2007;12.57;12.69;12.28;12.54;942963;11958936.000
10/31/2007;12.57;13.05;12.37;12.98;1394314;18024232.000
11/01/2007;13.02;13.02;12.46;12.52;1138069;14545157.000
11/02/2007;12.17;12.47;11.83;12.09;1304437;16004781.000
11/05/2007;12.08;12.76;11.82;12.59;782930;9869782.000
11/06/2007;12.60;12.72;12.39;12.49;635339;8099268.000
11/07/2007;12.68;12.68;12.22;12.41;464335;5853114.000
11/08/2007;12.52;12.52;12.11;12.12;499062;6234923.000
11/09/2007;12.10;12.12;11.74;11.82;773916;9331194.000
11/12/2007;11.54;11.99;11.47;11.99;675360;8016407.000
11/13/2007;12.07;12.32;11.85;12.05;597500;7301493.500
11/14/2007;12.10;12.61;12.05;12.56;836869;10529045.000
11/15/2007;12.48;12.72;12.33;12.38;603008;7677367.500
11/16/2007;12.30;12.57;12.07;12.49;489739;6133065.500
11/19/2007;12.57;13.47;12.47;13.37;2004178;26594468.000
11/20/2007;13.27;13.92;13.15;13.67;3032275;41959432.000
11/21/2007;13.78;13.91;13.52;13.65;2090886;29137932.000
11/22/2007;13.42;13.52;12.72;12.82;1433974;19143434.000
11/23/2007;13.02;13.22;12.67;13.21;1232855;16166599.000
11/26/2007;13.42;13.62;13.08;13.17;1028344;13956794.000
11/27/2007;13.08;13.64;12.97;13.51;1239695;16960112.000
11/28/2007;13.50;13.71;13.32;13.37;549340;7519990.500
11/29/2007;13.47;13.78;13.27;13.76;1187786;16391101.000
11/30/2007;13.75;14.05;13.53;13.69;1421361;19928248.000
12/03/2007;13.69;14.21;13.62;13.92;1771200;25132226.000
12/04/2007;14.01;14.02;13.42;13.70;1155627;16135369.000
12/05/2007;13.55;13.91;13.45;13.81;1125862;15542134.000
12/06/2007;13.89;13.92;13.52;13.60;737984;10192241.000
12/07/2007;13.67;13.77;13.47;13.60;1209783;16656381.000
12/10/2007;13.52;14.22;13.43;14.10;2775207;39480972.000
12/11/2007;14.22;14.40;14.02;14.26;2326073;33448186.000
12/12/2007;14.40;15.19;14.30;14.84;3884769;58173380.000
12/13/2007;14.77;15.09;14.36;14.37;3393152;50857936.000
12/14/2007;14.14;14.92;14.10;14.89;1722684;25309950.000
12/17/2007;15.00;15.14;14.71;15.01;2177478;33048228.000
12/18/2007;14.95;14.97;14.41;14.60;1165237;17274590.000
12/19/2007;15.13;15.42;14.97;15.19;2882059;44359972.000
12/20/2007;15.11;15.39;15.05;15.15;1777995;27338576.000
12/21/2007;15.12;15.32;14.98;15.25;2004939;30737246.000
12/24/2007;15.33;15.70;15.25;15.52;4302162;67390576.000
12/25/2007;15.61;15.98;15.52;15.97;6117675;97645632.000
12/26/2007;16.12;16.21;15.80;16.01;4154972;67285696.000
12/28/2007;16.00;16.22;15.60;15.65;3137775;49990248.000
01/02/2008;15.72;16.61;15.39;16.40;3623134;59108576.000
01/03/2008;16.20;17.01;16.17;16.69;3614768;60821532.000
01/04/2008;16.63;16.74;16.52;16.67;2411379;40494520.000
01/07/2008;16.67;17.09;16.42;17.02;3309570;56117076.000
01/08/2008;17.17;17.19;16.14;16.27;3217416;54112804.000
01/09/2008;16.25;16.81;16.15;16.79;2231146;37108912.000
01/10/2008;16.82;16.91;16.22;16.40;3259587;54727724.000
01/11/2008;16.25;16.52;15.78;16.07;2664323;43026072.000
01/14/2008;16.06;16.30;15.97;16.24;2267978;37030528.000
01/15/2008;16.22;16.82;16.20;16.51;2791016;46740132.000
01/16/2008;16.42;16.52;16.08;16.08;1921616;31559882.000
01/17/2008;15.92;16.13;14.83;15.24;3098474;48716148.000
01/18/2008;15.23;15.56;14.90;15.51;2238623;34437264.000
01/21/2008;15.56;15.80;14.94;15.00;2352693;36910804.000
01/22/2008;14.52;14.65;13.48;13.48;2796489;39255120.000
01/23/2008;13.50;14.12;12.92;13.93;2332103;32241266.000
01/24/2008;14.12;15.17;13.80;15.00;3905147;56940308.000
01/25/2008;14.82;16.52;14.68;16.52;10418159;170800816.000
01/28/2008;16.42;16.81;14.99;15.24;5832120;94033184.000
01/29/2008;15.40;15.82;14.59;14.78;3440480;53122124.000
01/30/2008;14.92;15.26;14.10;14.64;2650258;39550196.000
01/31/2008;14.74;14.81;13.73;13.80;1939894;27941580.000
02/01/2008;13.80;13.94;12.53;12.97;2524713;33522968.000
02/04/2008;13.37;14.29;13.37;14.29;2323170;32848948.000
02/05/2008;14.28;14.80;14.02;14.48;2380170;34997592.000
02/13/2008;14.22;14.92;14.02;14.54;1804382;26845332.000
02/14/2008;14.62;15.52;14.61;15.07;3188792;48697892.000
02/15/2008;14.82;14.90;14.48;14.87;1516725;22560008.000
02/18/2008;15.30;15.47;14.98;15.11;2243550;34624772.000
02/19/2008;15.12;15.34;15.08;15.30;2028716;31214676.000
02/20/2008;15.40;15.61;14.92;15.57;3648792;56816600.000
02/21/2008;15.50;15.66;15.13;15.35;2482041;38707840.000
02/22/2008;15.22;15.22;14.03;14.32;3915298;57897452.000
02/25/2008;14.21;14.52;13.68;13.72;1843419;25952016.000
02/26/2008;14.10;14.27;13.43;13.89;1354443;18942860.000
02/27/2008;14.05;14.27;13.72;14.05;2376996;33650424.000
02/28/2008;14.20;14.20;13.61;13.74;2839611;39712832.000
02/29/2008;13.90;14.16;13.77;14.12;3202010;45425392.000
03/03/2008;14.20;14.91;14.02;14.84;5785795;85366584.000
03/04/2008;15.08;15.45;14.93;14.98;10135580;156298272.000
03/05/2008;14.80;14.96;14.22;14.60;3462760;51027100.000
03/06/2008;14.38;15.01;14.38;14.70;2120038;31558144.000
03/07/2008;14.70;14.70;14.14;14.18;1766159;25671154.000
03/10/2008;14.18;14.18;13.54;13.63;1834729;25526336.000
03/11/2008;13.52;13.72;13.18;13.43;2804970;38042428.000
03/12/2008;13.70;13.91;13.04;13.04;1522424;20672868.000
03/13/2008;13.02;13.17;12.55;12.87;1655490;21608336.000
03/14/2008;12.87;13.10;12.63;12.92;856107;11151418.000
03/17/2008;13.02;13.02;11.72;11.80;1342568;16733526.000
03/18/2008;11.55;12.11;10.60;10.65;1807863;20370704.000
03/19/2008;10.91;11.26;10.57;10.81;3755772;41568696.000
03/20/2008;10.82;11.32;9.92;11.21;2648720;29061372.000
03/21/2008;11.13;11.57;11.12;11.25;1892964;21789642.000
03/24/2008;11.23;11.62;10.82;10.88;1617397;18540702.000
03/25/2008;10.57;11.12;10.43;10.95;1208144;13240182.000
03/26/2008;10.98;11.39;10.92;11.04;1100311;12428570.000
03/27/2008;11.00;11.00;10.47;10.47;1166241;12635797.000
03/28/2008;10.47;10.91;9.70;10.75;1284100;13447286.000
03/31/2008;10.47;10.59;9.94;9.97;1282111;13295475.000
04/01/2008;10.12;10.12;8.97;9.02;2031925;19469298.000
04/02/2008;9.02;9.28;8.36;8.43;1594902;14322464.000
04/03/2008;8.52;9.12;8.23;8.96;1374410;12260046.000
04/07/2008;8.96;9.59;8.69;9.52;1455401;13837589.000
04/08/2008;9.53;9.75;9.37;9.58;1422557;13880294.000
04/09/2008;9.58;9.58;8.92;8.96;1332910;12642349.000
04/10/2008;8.83;9.42;8.82;9.37;958094;8939755.000
04/11/2008;9.41;9.91;9.37;9.84;1948333;19186440.000
04/14/2008;9.60;9.72;9.22;9.65;1587648;15314562.000
04/15/2008;9.70;10.44;9.68;10.42;5132575;52209180.000
04/16/2008;10.22;10.22;9.71;9.86;1976178;20076666.000
04/17/2008;9.77;10.10;8.87;9.08;1620682;15637546.000
04/18/2008;8.82;8.82;8.15;8.15;3175126;26815042.000
04/21/2008;8.65;8.80;7.50;7.52;3789314;30945418.000
04/22/2008;7.32;7.47;6.75;7.03;2698635;19357282.000
04/23/2008;6.91;7.40;6.87;7.39;1616901;11997374.000
04/24/2008;8.12;8.15;7.82;8.15;4842929;39691512.000
04/25/2008;8.10;8.72;7.87;8.60;4787405;41086240.000
04/28/2008;8.34;8.45;8.12;8.13;2397424;20197370.000
04/29/2008;8.02;8.27;7.85;7.94;2078159;17106346.000
04/30/2008;7.97;8.40;7.97;8.36;2447170;20602642.000
05/05/2008;8.36;8.70;8.25;8.65;2785601;24104644.000
05/06/2008;8.65;9.01;8.43;8.70;4253276;38382736.000
05/07/2008;8.82;8.82;8.12;8.12;3029869;26118912.000
05/08/2008;8.08;8.32;7.92;8.28;2712460;22467024.000
05/09/2008;8.50;8.92;8.44;8.90;7948640;70786936.000
05/12/2008;8.72;9.22;8.52;9.00;5042832;45773676.000
05/13/2008;8.70;9.00;8.57;8.90;3803380;34099120.000
05/14/2008;8.80;9.20;8.72;9.12;3613525;33305974.000
05/15/2008;9.11;9.29;8.82;8.82;3647977;33651448.000
05/19/2008;8.64;8.72;8.38;8.49;2437171;21108832.000
05/20/2008;8.47;8.66;7.87;7.92;2693160;22890536.000
05/21/2008;7.72;8.07;7.37;7.97;2446948;19307848.000
05/22/2008;7.91;8.60;7.72;8.44;4382681;36698284.000
05/23/2008;8.46;8.62;7.92;8.12;4931948;41508652.000
05/26/2008;8.07;8.07;7.55;7.56;2596050;20525114.000
05/27/2008;7.54;7.71;7.38;7.59;1187787;9138931.000
05/28/2008;7.62;7.82;7.53;7.77;1272678;9995541.000
05/29/2008;7.80;7.81;7.52;7.52;1091279;8533758.000
05/30/2008;7.52;7.63;7.33;7.47;1005570;7679992.000
06/02/2008;7.43;7.61;7.42;7.53;846981;6508904.500
06/03/2008;7.54;7.62;7.43;7.54;964513;7456295.000
06/04/2008;7.55;7.56;7.21;7.27;1034200;7741313.500
06/05/2008;7.24;7.32;7.02;7.09;937213;6857214.500
06/06/2008;7.20;7.27;7.10;7.20;758634;5597108.500
06/10/2008;6.97;6.97;6.46;6.46;1618724;10954305.000
06/11/2008;6.32;6.45;5.96;6.10;1742906;10997168.000
06/12/2008;6.03;6.16;5.82;6.07;1469965;9056898.000
06/13/2008;6.07;6.14;5.78;5.84;1028523;6291223.000
06/16/2008;5.89;5.94;5.64;5.77;861366;5117480.000
06/17/2008;5.76;5.87;5.34;5.43;1277179;7481893.000
06/18/2008;5.42;5.81;5.28;5.74;1515669;8742223.000
06/19/2008;5.62;5.70;5.15;5.15;1417379;7945620.000
06/20/2008;5.17;5.59;4.88;5.25;1649514;8959373.000
06/23/2008;5.25;5.28;5.10;5.21;560252;3006558.250
06/24/2008;5.13;5.41;5.13;5.34;633003;3477231.500
06/25/2008;5.36;5.75;5.32;5.67;1419042;8131404.500
06/26/2008;5.64;5.84;5.53;5.74;1629146;9566943.000
06/27/2008;5.65;5.67;5.30;5.39;1677957;9576580.000
06/30/2008;5.22;5.48;5.22;5.40;598989;3325943.750
07/01/2008;5.49;5.49;5.17;5.17;447047;2454152.250
07/02/2008;5.17;5.34;5.17;5.21;629917;3424170.000
07/03/2008;5.19;5.59;5.02;5.45;1541589;8603867.000
07/04/2008;5.54;5.57;5.35;5.42;922503;5207399.500
07/07/2008;5.42;5.85;5.40;5.81;2081701;12218822.000
07/08/2008;5.81;6.02;5.70;5.88;1846279;11136767.000
07/09/2008;5.96;6.21;5.91;6.20;2866511;17877730.000
07/10/2008;6.07;6.21;5.98;6.04;2090126;13129769.000
07/11/2008;5.98;6.04;5.82;5.92;1487379;9057471.000
07/14/2008;5.82;6.11;5.82;6.10;1161820;7170272.000
07/15/2008;6.16;6.40;5.90;5.97;3081912;19596550.000
07/16/2008;5.92;5.94;5.51;5.60;1676649;9904841.000
07/17/2008;5.60;5.79;5.52;5.61;825234;4744041.500
07/18/2008;5.63;5.86;5.47;5.84;736713;4243811.000
07/21/2008;5.83;6.11;5.76;6.06;1279764;7731335.000
07/22/2008;6.05;6.17;6.00;6.13;1388260;8585952.000
07/23/2008;6.12;6.20;6.00;6.00;1322722;8146545.500
07/24/2008;6.03;6.24;5.93;6.24;1788996;11139678.000
07/25/2008;6.19;6.38;6.11;6.31;2165300;13710284.000
07/28/2008;6.33;6.39;6.27;6.31;1757399;11232350.000
07/29/2008;6.27;6.27;6.02;6.05;1306307;8060604.000
07/30/2008;6.15;6.21;6.00;6.07;995411;6158184.000
07/31/2008;6.08;6.11;5.84;5.86;1204010;7207253.000
08/01/2008;5.85;6.01;5.76;5.98;1164628;6943214.000
08/04/2008;5.96;6.00;5.79;5.80;735398;4389404.000
08/05/2008;5.75;5.83;5.64;5.65;711690;4144794.250
08/06/2008;5.82;5.82;5.56;5.63;417210;2403524.000
08/07/2008;5.63;5.75;5.62;5.68;405429;2335451.500
08/08/2008;5.67;5.75;5.29;5.37;929270;5159089.000
08/11/2008;5.38;5.38;4.93;5.00;1206697;6315151.000
08/12/2008;4.87;5.02;4.87;4.91;564172;2831340.750
08/13/2008;4.94;5.19;4.89;5.14;1409581;7230388.500
08/14/2008;5.14;5.21;5.07;5.16;509458;2667430.750
08/15/2008;5.16;5.24;5.04;5.20;494752;2608610.250
08/18/2008;5.16;5.22;4.82;4.85;548700;2804780.000
08/19/2008;4.81;5.10;4.73;5.03;472441;2375259.750
08/20/2008;4.92;5.54;4.83;5.54;1635676;8876473.000
08/21/2008;5.44;5.53;5.28;5.31;622658;3395086.250
08/22/2008;5.28;5.40;5.07;5.27;440270;2338229.250
08/25/2008;5.27;5.38;5.12;5.23;458098;2439885.250
08/26/2008;5.17;5.17;4.79;4.97;813930;4047826.000
08/27/2008;4.97;5.01;4.62;4.71;827451;4008075.750
08/28/2008;4.72;4.78;4.62;4.72;455190;2188566.500
08/29/2008;4.77;4.94;4.69;4.89;616347;3015212.000
09/01/2008;4.77;4.83;4.67;4.75;370018;1778337.125
09/02/2008;4.71;4.83;4.63;4.82;450368;2171153.500
09/03/2008;4.81;4.85;4.74;4.81;449738;2196780.750
09/04/2008;4.80;4.94;4.80;4.90;431710;2133283.000
09/05/2008;4.79;4.79;4.51;4.63;300571;1422178.375
09/08/2008;4.62;4.67;4.23;4.51;568532;2536987.000
09/09/2008;4.42;4.51;4.37;4.46;368252;1658663.625
09/10/2008;4.45;4.53;4.36;4.43;439588;1991983.000
09/11/2008;4.42;4.42;4.22;4.30;424660;1849442.625
09/12/2008;4.30;4.74;4.25;4.62;1581070;7377728.500
09/16/2008;4.63;4.63;4.30;4.43;704739;3209251.000
09/17/2008;4.43;4.51;4.24;4.37;488163;2178623.000
09/18/2008;4.33;4.34;3.94;4.25;847938;3549740.000
09/19/2008;4.66;4.68;4.52;4.68;2627928;12471008.000
09/22/2008;4.92;5.11;4.60;4.69;4719430;22903016.000
09/23/2008;4.52;4.52;4.21;4.27;3927154;17041680.000
09/24/2008;4.18;4.24;4.02;4.22;1892560;7925015.500
09/25/2008;4.22;4.34;4.14;4.27;2648049;11506205.000
09/26/2008;4.31;4.31;4.12;4.20;1679815;7165512.000
10/06/2008;4.12;4.12;3.98;3.99;1002114;4111734.500
10/07/2008;3.91;3.98;3.80;3.94;1001806;3975893.000
10/08/2008;3.85;3.90;3.77;3.84;727887;2846614.750
10/09/2008;3.89;3.91;3.83;3.85;709329;2795721.500
10/10/2008;3.72;3.72;3.58;3.60;1002929;3716507.750
10/13/2008;3.52;3.63;3.39;3.63;876328;3125015.500
10/14/2008;3.77;3.80;3.54;3.55;886510;3339186.750
10/15/2008;3.44;3.62;3.44;3.50;430024;1531556.125
10/16/2008;3.41;3.41;3.22;3.23;590377;1987068.750
10/17/2008;3.32;3.37;3.22;3.30;615015;2064899.000
10/20/2008;3.31;3.47;3.28;3.42;661762;2301940.750
10/21/2008;3.45;3.53;3.43;3.43;560489;1997618.375
10/22/2008;3.38;3.57;3.37;3.42;868103;3097887.500
10/23/2008;3.38;3.49;3.28;3.49;377941;1325502.750
10/24/2008;3.46;3.54;3.35;3.41;392741;1382038.625
10/27/2008;3.24;3.37;3.06;3.08;1193575;3873805.750
10/28/2008;3.04;3.21;3.04;3.17;731431;2337693.250
10/29/2008;3.26;3.27;3.10;3.10;711471;2329810.750
10/30/2008;3.10;3.25;3.10;3.19;629700;2056176.875
10/31/2008;3.16;3.24;3.02;3.05;917350;2938262.500
11/03/2008;3.05;3.11;3.03;3.06;427102;1341947.250
11/04/2008;3.10;3.10;2.92;3.03;496404;1531750.625
11/05/2008;2.98;3.15;2.98;3.11;702313;2231408.000
11/06/2008;3.07;3.07;3.00;3.03;349799;1087088.875
11/07/2008;3.07;3.34;3.00;3.34;4151757;13991440.000
11/10/2008;3.32;3.62;3.32;3.58;5247469;18568746.000
11/11/2008;3.48;3.71;3.40;3.55;4654188;17014714.000
11/12/2008;3.44;3.72;3.44;3.68;3121840;11551482.000
11/13/2008;3.62;3.92;3.62;3.84;4953135;19312676.000
11/14/2008;3.87;4.02;3.75;3.98;4860389;19355490.000
11/17/2008;3.97;4.22;3.91;4.19;4245996;17584040.000
11/18/2008;4.30;4.31;3.76;3.76;5507244;22681624.000
11/19/2008;3.82;4.10;3.73;4.09;4198029;16856054.000
11/20/2008;3.95;4.17;3.92;4.04;3849803;15910676.000
11/21/2008;3.90;4.09;3.76;3.91;2829058;11332540.000
11/24/2008;3.92;4.00;3.78;3.80;1895649;7573589.000
11/25/2008;3.86;3.92;3.64;3.73;1190788;4599467.500
11/26/2008;3.76;3.88;3.69;3.79;801509;3099449.000
11/27/2008;4.09;4.09;3.81;3.82;2760573;11165818.000
11/28/2008;3.75;3.90;3.74;3.87;1515725;5892756.500
12/01/2008;3.85;4.21;3.85;4.20;4543940;18984658.000
12/02/2008;4.08;4.42;4.02;4.25;6229114;27132348.000
12/03/2008;4.28;4.49;4.25;4.36;4927195;21901228.000
12/04/2008;4.45;4.72;4.36;4.47;8867250;40827508.000
12/05/2008;4.47;4.91;4.42;4.84;7695529;37050176.000
12/08/2008;4.92;5.22;4.85;5.22;7864787;40196620.000
12/09/2008;5.30;5.48;5.09;5.13;6762495;35965360.000
12/10/2008;5.08;5.36;5.08;5.26;4706516;24971148.000
12/11/2008;5.22;5.32;4.84;4.91;6334436;32412854.000
12/12/2008;4.77;4.91;4.57;4.62;2891793;13946292.000
12/15/2008;4.75;4.90;4.62;4.75;2003921;9703627.000
12/16/2008;4.77;5.10;4.67;5.08;2574012;12736179.000
12/17/2008;5.12;5.18;4.97;5.02;2753104;14227879.000
12/18/2008;5.02;5.22;4.92;5.22;2283021;11787446.000
12/19/2008;5.19;5.42;5.15;5.30;3211474;17228606.000
12/22/2008;5.30;5.38;5.04;5.27;2825741;14946186.000
12/23/2008;5.24;5.26;4.74;4.75;2471044;12504965.000
12/24/2008;4.74;4.83;4.67;4.69;1385123;6685421.000
12/25/2008;4.69;4.90;4.51;4.67;1282376;6068907.500
12/26/2008;4.76;4.80;4.65;4.65;916095;4400630.000
12/29/2008;4.72;4.72;4.39;4.53;1046029;4795057.000
12/30/2008;4.52;4.65;4.42;4.50;904041;4176972.250
12/31/2008;4.47;4.56;4.33;4.37;1199495;5396352.000
01/05/2009;4.42;4.67;4.42;4.62;1159608;5384959.500
01/06/2009;4.63;4.92;4.57;4.89;1698376;8296295.000
01/07/2009;4.94;5.27;4.92;5.03;3811832;19697930.000
01/08/2009;5.03;5.03;4.80;4.84;1890845;9387050.000
01/09/2009;4.83;5.18;4.83;5.10;2753737;14115375.000
01/12/2009;5.10;5.34;5.02;5.18;3704637;19602680.000
01/13/2009;5.12;5.27;5.02;5.02;1970638;10268347.000
01/14/2009;5.07;5.15;4.93;5.15;2222961;11464068.000
01/15/2009;5.12;5.25;5.05;5.12;3013336;15765369.000
01/16/2009;5.15;5.32;5.02;5.07;4140989;21798400.000
01/19/2009;5.07;5.16;4.99;5.02;1712589;8804809.000
01/20/2009;5.02;5.11;5.01;5.11;1063979;5470329.000
01/21/2009;5.05;5.37;5.03;5.19;4349851;23013482.000
01/22/2009;5.21;5.28;5.12;5.23;2504038;13250828.000
01/23/2009;5.23;5.26;5.02;5.03;3290747;17011462.000
02/02/2009;5.08;5.27;5.02;5.22;5245633;27537238.000
02/03/2009;5.27;5.71;5.27;5.70;9801123;54706248.000
02/04/2009;5.66;5.80;5.53;5.74;6300905;36065132.000
02/05/2009;5.72;5.74;5.42;5.52;5668239;32124254.000
02/06/2009;5.51;5.78;5.44;5.72;5712925;32887726.000
02/09/2009;5.90;5.90;5.65;5.86;6873931;40092060.000
02/10/2009;5.80;6.02;5.65;6.01;6731499;39620836.000
02/11/2009;5.90;6.25;5.83;6.12;8527597;52383744.000
02/12/2009;6.04;6.16;5.86;6.07;4557104;27745652.000
02/13/2009;6.08;6.31;5.98;6.25;6073685;37834240.000
02/16/2009;6.33;6.34;6.06;6.23;4315690;27074312.000
02/17/2009;6.18;6.22;5.87;6.01;5487871;33629564.000
02/18/2009;6.12;6.21;5.68;5.72;4282925;26029220.000
02/19/2009;5.73;6.22;5.66;6.18;4520233;26898494.000
02/20/2009;6.12;6.67;6.10;6.61;7664434;49368788.000
02/23/2009;6.54;6.82;6.42;6.64;8549552;57262684.000
02/24/2009;6.72;6.73;6.13;6.15;6952015;45240348.000
02/25/2009;6.20;6.31;5.87;6.19;4497482;27839578.000
02/26/2009;6.19;6.52;6.02;6.34;9480881;59921912.000
02/27/2009;6.37;6.52;6.04;6.25;10937605;69150152.000
03/02/2009;6.26;6.37;5.77;6.07;12075992;74421328.000
03/03/2009;5.80;6.02;5.52;5.99;5163291;30364152.000
03/04/2009;5.77;6.40;5.77;6.30;10750962;67423168.000
03/05/2009;6.31;6.92;6.18;6.80;15736098;103817136.000
03/06/2009;6.58;6.71;6.42;6.53;7013450;46682824.000
03/09/2009;6.52;6.70;5.93;6.02;6035173;38720296.000
03/10/2009;5.93;6.38;5.82;6.36;3961300;24436182.000
03/11/2009;6.38;6.55;6.13;6.18;4243610;27402976.000
03/12/2009;6.17;6.35;6.02;6.33;3013062;18943218.000
03/13/2009;6.37;6.41;6.11;6.13;2503722;15801216.000
03/16/2009;6.11;6.23;5.98;6.16;1936011;11964277.000
03/17/2009;6.19;6.39;6.09;6.35;2820400;17943326.000
03/18/2009;6.39;6.61;6.34;6.44;5094503;33363704.000
03/19/2009;6.38;6.57;6.36;6.51;3839628;25197620.000
03/20/2009;6.54;6.69;6.35;6.50;4227824;27792030.000
03/23/2009;6.57;6.65;6.47;6.63;4693154;31221808.000
03/24/2009;6.80;6.80;6.53;6.62;3917621;26249374.000
03/25/2009;6.57;6.66;6.39;6.43;3299795;21644732.000
03/26/2009;6.43;6.52;6.29;6.52;2809820;18264744.000
03/27/2009;6.53;6.60;6.42;6.50;3103201;20346850.000
03/30/2009;6.50;6.78;6.44;6.63;3879158;26002514.000
03/31/2009;6.54;6.57;6.37;6.57;2990178;19616104.000
04/01/2009;6.60;6.87;6.60;6.72;6244396;42574452.000
04/02/2009;6.76;6.85;6.67;6.72;4534297;31028020.000
04/03/2009;6.80;6.82;6.55;6.62;3499397;23613226.000
04/07/2009;6.61;6.70;6.56;6.63;2611289;17509652.000
04/08/2009;6.63;7.19;6.59;6.87;10632274;74570312.000
04/09/2009;6.88;7.22;6.72;7.22;9461648;67064552.000
04/10/2009;7.30;7.49;7.23;7.34;11577400;86063616.000
04/13/2009;7.32;7.58;7.19;7.26;7255609;54026308.000
04/14/2009;7.31;7.46;7.22;7.36;6843768;50711596.000
04/16/2009;7.42;7.56;7.10;7.19;6105491;44932364.000
04/17/2009;7.18;7.18;6.94;6.99;4347851;30905936.000
04/20/2009;6.92;7.15;6.88;7.12;5003705;35532340.000
04/21/2009;7.09;7.17;6.86;7.05;3759086;26750692.000
04/22/2009;7.05;7.51;7.02;7.26;13829612;102409256.000
04/23/2009;7.19;7.19;6.72;6.92;8076176;56262132.000
04/24/2009;6.93;6.94;6.76;6.82;4231652;29284204.000
04/27/2009;6.78;6.86;6.16;6.28;4372697;28524964.000
04/28/2009;6.32;6.46;6.22;6.44;2322045;15002534.000
04/29/2009;6.44;6.69;6.40;6.64;2996351;19943030.000
04/30/2009;6.65;6.75;6.57;6.64;2673440;18006958.000
05/04/2009;6.68;6.90;6.67;6.88;2830293;19544020.000
05/05/2009;6.91;7.09;6.81;7.04;4321665;30222346.000
05/06/2009;7.04;7.11;6.89;7.07;4213373;29926534.000
05/07/2009;7.07;7.15;6.72;6.87;4500470;31608140.000
05/08/2009;6.80;6.90;6.69;6.84;3529255;24320896.000
05/11/2009;6.87;6.88;6.56;6.58;3716170;25262680.000
05/12/2009;6.50;6.72;6.46;6.71;2011116;13439347.000
05/13/2009;6.72;6.86;6.67;6.80;2543033;17454376.000
05/14/2009;6.74;6.96;6.70;6.94;4029017;27986908.000
05/15/2009;7.03;7.03;6.78;6.89;4054966;28287466.000
05/18/2009;6.88;7.02;6.73;7.01;3032903;21040044.000
05/19/2009;7.05;7.21;7.01;7.14;7439059;53601900.000
05/20/2009;7.21;7.27;7.06;7.16;5038749;36455704.000
05/21/2009;7.08;7.10;6.77;6.88;3397041;23739218.000
05/22/2009;6.78;6.88;6.70;6.87;2391499;16454202.000
05/25/2009;6.67;6.87;6.62;6.82;1928503;13199470.000
05/26/2009;6.82;7.09;6.82;6.97;4298884;30335704.000
05/27/2009;7.00;7.44;6.95;7.31;13289212;97875408.000
06/01/2009;7.41;7.41;7.21;7.28;8292042;61124096.000
06/02/2009;7.28;7.95;7.18;7.78;13159073;100940648.000
06/03/2009;7.71;7.98;7.62;7.71;9187399;72231464.000
06/04/2009;7.74;7.81;7.30;7.47;6440762;48858240.000
06/05/2009;7.40;7.56;7.32;7.42;3939084;29646672.000
06/08/2009;7.42;7.77;7.42;7.63;6401042;49179124.000
06/09/2009;7.63;8.01;7.31;7.99;8726167;68496008.000
06/10/2009;8.04;8.80;8.04;8.41;19249985;166395312.000
06/11/2009;8.32;8.80;8.25;8.60;10467094;89952040.000
06/12/2009;8.54;8.78;8.35;8.60;6064904;51719880.000
06/15/2009;8.60;9.13;8.60;9.13;8530218;75801104.000
06/16/2009;9.15;9.15;8.85;8.96;4762613;42773468.000
06/17/2009;9.00;9.03;8.62;8.93;5799242;51140656.000
06/18/2009;8.92;9.17;8.72;8.89;4423273;39415176.000
06/19/2009;8.89;9.73;8.89;9.58;8220572;76358904.000
06/22/2009;9.71;9.78;9.01;9.23;6125379;57625508.000
06/23/2009;9.11;9.79;9.01;9.37;4542339;42544448.000
06/24/2009;9.37;9.85;9.26;9.71;6010612;58394632.000
06/25/2009;9.70;9.98;9.30;9.33;6350308;60498460.000
06/26/2009;9.30;9.58;9.21;9.34;3566568;33334960.000
06/29/2009;9.34;9.46;9.03;9.12;5725071;52421308.000
06/30/2009;9.14;9.50;9.12;9.25;4529258;42061076.000
07/01/2009;9.24;9.39;9.09;9.35;3285386;30300288.000
07/02/2009;9.35;10.29;9.15;10.15;11288594;109803232.000
07/03/2009;10.00;10.81;9.81;10.70;10562497;111348360.000
07/06/2009;10.55;10.76;10.22;10.42;5973924;62666232.000
07/07/2009;10.32;11.19;10.32;10.92;6007111;65024032.000
07/08/2009;10.89;11.17;10.71;10.94;6605070;71829928.000
07/09/2009;11.28;11.68;11.04;11.50;7430759;84987672.000
07/10/2009;11.50;11.65;11.18;11.29;5178206;58605336.000
07/13/2009;11.50;12.42;11.36;12.14;9759248;118422496.000
07/14/2009;11.97;12.46;11.79;12.08;9037437;109742080.000
07/15/2009;12.20;12.20;11.81;11.93;6701206;80155696.000
07/16/2009;12.08;12.27;11.88;12.15;5340610;64796736.000
07/17/2009;12.01;12.78;12.01;12.60;6560570;82173496.000
07/20/2009;12.60;13.16;12.56;12.88;6112460;78912664.000
07/21/2009;12.90;12.93;12.40;12.46;3827273;48030384.000
07/22/2009;12.48;12.79;12.20;12.47;4358474;54527644.000
07/23/2009;12.48;12.48;12.03;12.29;4086558;49810948.000
07/24/2009;12.25;12.47;12.01;12.15;2816248;34429924.000
07/27/2009;12.33;13.37;12.33;13.37;11573642;151846656.000
07/28/2009;13.41;13.70;13.22;13.27;6167199;82739832.000
07/29/2009;13.29;13.85;12.15;12.74;6483606;85221920.000
07/30/2009;12.90;13.20;12.61;13.11;5118045;66167784.000
07/31/2009;13.38;13.38;12.90;13.35;4585228;60403200.000
08/03/2009;13.30;14.08;12.91;13.99;7239179;98140512.000
08/04/2009;13.99;13.99;13.43;13.69;3350263;45820780.000
08/05/2009;13.59;13.80;13.30;13.40;3090005;41761284.000
08/06/2009;13.30;13.66;12.50;13.20;3446738;45634268.000
08/07/2009;13.20;13.50;12.88;12.98;3298313;43505864.000
08/10/2009;13.00;13.30;12.01;12.39;4366809;54959684.000
08/11/2009;12.35;13.20;12.22;13.15;6695592;84134184.000
08/12/2009;12.84;13.50;12.66;13.36;9391062;122289216.000
08/13/2009;13.20;13.90;13.10;13.53;10870079;148824816.000
08/14/2009;13.41;13.60;12.49;12.60;8139674;105561104.000
08/17/2009;12.40;12.69;11.63;11.70;5129574;62668772.000
08/18/2009;11.56;11.90;10.53;10.94;8678905;95263040.000
08/19/2009;11.03;11.22;10.59;11.00;5293796;58193232.000
08/20/2009;10.84;11.28;10.12;11.17;7989821;84642024.000
08/21/2009;10.84;11.14;10.65;10.99;6166393;67055876.000
08/24/2009;10.90;11.98;10.65;11.60;8623999;96925976.000
08/25/2009;11.36;11.49;10.71;11.08;6243371;69207736.000
08/26/2009;10.90;11.60;10.75;11.28;5444969;61610876.000
08/27/2009;11.25;11.65;11.12;11.40;4353382;49629212.000
08/28/2009;11.32;11.60;10.70;10.71;5061067;55808396.000
08/31/2009;10.71;10.71;9.64;9.64;4998201;50201220.000
09/01/2009;9.50;9.78;9.11;9.38;2941121;27930014.000
09/02/2009;9.41;9.58;9.20;9.50;1445341;13627713.000
09/03/2009;9.51;10.13;9.50;10.04;2993966;29559912.000
09/04/2009;10.00;10.18;9.81;10.05;3637185;36312044.000
09/07/2009;10.01;10.74;10.01;10.48;4143865;43323388.000
09/08/2009;10.45;10.79;10.10;10.66;3009700;31824932.000
09/09/2009;10.55;10.66;10.25;10.45;4121015;42934296.000
09/10/2009;10.40;10.44;10.11;10.12;3305125;33796788.000
09/11/2009;10.08;10.34;10.03;10.21;2442124;24985666.000
09/14/2009;10.00;10.99;9.35;10.87;14521613;145317568.000
09/15/2009;10.59;11.75;10.52;11.22;15729717;175037488.000
09/16/2009;11.01;11.50;10.88;11.16;9748071;109609792.000
09/17/2009;11.10;11.65;10.90;11.54;8314904;94751384.000
09/18/2009;11.52;11.85;11.12;11.24;8016771;91888944.000
09/21/2009;10.88;11.18;10.30;10.97;5378296;57678684.000
09/22/2009;10.81;11.14;10.45;10.45;3538918;38412248.000
09/23/2009;10.45;10.60;9.78;9.82;4206335;42298156.000
09/24/2009;10.00;10.20;9.65;9.85;3345318;33176242.000
09/25/2009;9.85;10.23;9.71;9.96;2826438;28192380.000
09/28/2009;9.98;10.15;9.42;9.43;2691996;26269306.000
09/29/2009;9.43;9.50;8.80;8.99;2368237;21528804.000
09/30/2009;9.13;9.25;8.91;8.95;2098116;18997536.000
10/09/2009;9.07;9.55;9.07;9.46;2725053;25370244.000
10/12/2009;9.48;9.87;9.45;9.75;3636870;35360392.000
10/13/2009;9.75;9.84;9.62;9.76;1845575;17928560.000
10/14/2009;9.78;10.16;9.73;9.91;3571911;35643908.000
10/15/2009;9.93;10.45;9.91;10.38;5786951;59021240.000
10/16/2009;10.54;10.54;10.11;10.30;3760393;38691544.000
10/19/2009;10.28;10.46;10.20;10.46;4414305;45743052.000
10/20/2009;10.48;10.68;10.35;10.48;4626827;48400844.000
10/21/2009;10.51;10.66;10.38;10.60;5116647;53812532.000
10/22/2009;10.58;10.68;10.40;10.53;3726908;39209844.000
10/23/2009;10.65;10.95;10.65;10.70;7054175;76100016.000
10/26/2009;10.79;10.81;10.45;10.65;5584389;59213868.000
10/27/2009;10.52;10.58;10.20;10.21;3904097;40721948.000
10/28/2009;10.20;10.30;9.95;10.30;3819478;38780052.000
10/29/2009;10.10;10.34;9.97;10.15;3005818;30577016.000
10/30/2009;10.26;10.54;10.00;10.40;5196748;54035884.000
11/02/2009;10.15;10.78;10.05;10.77;5830891;61642652.000
11/03/2009;10.79;11.38;10.78;11.24;8305193;92326144.000
11/04/2009;11.24;11.40;11.02;11.19;5769494;64635212.000
11/05/2009;11.24;11.39;11.15;11.32;4246745;47842316.000
11/06/2009;11.32;11.42;11.15;11.18;5790057;65396420.000
11/09/2009;11.20;11.20;10.82;11.08;5859787;64333920.000
11/10/2009;11.08;11.35;11.00;11.23;5142298;57517724.000
11/11/2009;11.22;11.46;11.12;11.40;6452559;73267424.000
11/12/2009;11.46;11.81;11.36;11.42;7380938;85871464.000
11/13/2009;11.42;11.75;11.22;11.65;5909464;68021240.000
11/16/2009;11.80;12.09;11.71;12.05;7906917;94428216.000
11/17/2009;12.15;12.17;11.82;11.96;4906333;58513076.000
11/18/2009;11.95;12.03;11.68;11.78;5226860;61742692.000
11/19/2009;11.78;12.09;11.73;12.09;5915835;70451728.000
11/20/2009;12.05;12.35;11.88;12.29;6842172;83219576.000
11/23/2009;12.24;12.60;12.16;12.60;6098378;75829296.000
11/24/2009;12.67;12.89;11.70;11.76;9636686;118969400.000
11/25/2009;11.70;11.98;11.45;11.86;6543414;77105888.000
11/26/2009;11.87;12.09;10.75;11.04;8364688;96879640.000
11/27/2009;10.85;11.04;10.46;10.46;5133281;55134304.000
12/01/2009;11.03;11.51;10.86;11.51;7275632;81732672.000
12/02/2009;12.00;12.58;11.99;12.11;17352863;211878096.000
12/03/2009;12.00;12.45;11.80;12.25;9156345;111455848.000
12/04/2009;12.20;12.41;11.58;11.79;9345226;111967912.000
12/07/2009;11.62;12.25;11.58;12.10;4690177;56688444.000
12/08/2009;12.18;12.18;11.80;11.92;4069078;48669316.000
12/09/2009;11.85;12.14;11.72;12.01;4295748;51631692.000
12/10/2009;12.01;12.35;11.92;12.29;5836770;70921568.000
12/11/2009;12.36;12.88;12.25;12.69;12899325;162895856.000
12/14/2009;12.79;12.83;12.22;12.55;6474105;80720256.000
12/15/2009;12.50;13.10;12.28;13.07;11155150;142887760.000
12/16/2009;13.05;13.24;12.75;12.83;8452321;109568864.000
12/17/2009;12.75;12.90;12.10;12.28;7051037;87141704.000
12/18/2009;12.00;12.19;11.50;11.64;4680846;55146784.000
12/21/2009;11.72;11.85;11.60;11.83;2432791;28563956.000
12/22/2009;11.75;12.03;11.65;11.72;3338437;39601744.000
12/23/2009;11.72;12.00;11.63;11.99;2670106;31672146.000
12/24/2009;11.98;12.41;11.90;12.39;4504959;55121564.000
12/25/2009;12.39;12.85;12.25;12.45;6166546;77621792.000
12/28/2009;12.45;12.75;12.38;12.60;5581347;70251448.000
12/29/2009;12.52;13.08;12.52;13.01;12084903;155530208.000
12/30/2009;12.90;13.00;12.69;12.75;5683760;72686512.000
12/31/2009;12.76;12.90;12.53;12.83;4748700;60514476.000
01/04/2010;13.01;13.55;12.94;12.94;11079288;146606448.000
01/05/2010;12.95;13.31;12.90;13.19;6265700;82355880.000
01/06/2010;13.33;13.49;13.13;13.23;7562589;100445656.000
01/07/2010;13.15;13.28;12.38;12.45;9217769;117547712.000
01/08/2010;12.24;12.87;12.23;12.77;5186267;65027416.000
01/11/2010;12.80;13.00;12.58;12.66;5753415;73415272.000
01/12/2010;12.65;13.25;12.60;13.22;8277641;107850056.000
01/13/2010;12.91;13.39;12.83;12.94;6964822;91297200.000
01/14/2010;12.90;13.43;12.90;13.40;8381177;111311512.000
01/15/2010;13.50;13.98;13.25;13.88;12732430;172479568.000
01/18/2010;14.15;14.43;13.70;13.81;15390927;215700352.000
01/19/2010;13.81;13.97;13.28;13.60;13147349;178940128.000
01/20/2010;13.20;13.24;12.25;12.36;19059823;243834576.000
01/21/2010;12.38;12.50;12.17;12.46;6558458;80908760.000
01/22/2010;12.27;12.38;11.84;12.01;5359683;65031108.000
01/25/2010;11.94;12.18;11.85;11.88;2968614;35542896.000
01/26/2010;11.76;11.97;11.20;11.35;3950687;45277192.000
01/27/2010;11.35;11.44;11.05;11.26;3183744;35847056.000
01/28/2010;11.26;11.40;11.22;11.32;2456987;27738226.000
01/29/2010;11.30;11.49;11.15;11.25;2368436;26911554.000
02/01/2010;11.19;11.37;10.50;10.72;3750320;40877228.000
02/02/2010;10.86;10.96;10.63;10.64;2383627;25754548.000
02/03/2010;10.70;10.84;10.22;10.81;2894048;30589168.000
02/04/2010;10.81;11.15;10.76;10.96;3479935;38346920.000
02/05/2010;10.70;10.78;10.37;10.57;3376162;35635048.000
02/08/2010;10.53;10.74;10.45;10.62;1405236;14912569.000
02/09/2010;10.62;10.69;10.52;10.61;1081367;11476043.000
02/11/2010;10.71;11.06;10.71;11.06;3263249;35756320.000
02/12/2010;11.06;11.14;10.90;11.13;2267273;25002688.000
02/22/2010;11.08;11.08;10.93;11.00;1722877;18950360.000
02/23/2010;10.98;10.99;10.61;10.88;2175467;23392264.000
02/24/2010;10.81;11.17;10.70;11.17;2614900;28814054.000
02/25/2010;11.20;11.38;11.19;11.32;4694209;52979656.000
02/26/2010;11.28;11.49;11.21;11.38;3682568;41929408.000
03/01/2010;11.38;11.48;11.36;11.42;3685960;42093764.000
03/02/2010;11.45;11.64;11.44;11.58;3799398;43789860.000
03/03/2010;11.61;11.67;11.41;11.66;4444277;51351808.000
03/04/2010;11.71;11.88;11.19;11.28;5394034;62588164.000
03/05/2010;11.28;11.35;10.96;11.30;3220959;36083120.000
03/08/2010;11.39;11.97;11.39;11.88;8808440;103573336.000
03/09/2010;11.91;12.38;11.91;11.98;12998662;157791536.000
03/10/2010;11.85;12.05;11.60;11.75;4812994;56590760.000
03/11/2010;11.75;11.84;11.45;11.64;2966143;34466832.000
03/12/2010;11.66;11.94;11.60;11.71;3278120;38573536.000
03/15/2010;11.76;11.85;11.50;11.67;2262912;26310570.000
03/16/2010;11.57;12.23;11.57;12.20;5346196;63798668.000
03/17/2010;12.22;12.38;12.00;12.24;8680201;105781856.000
03/18/2010;12.26;12.40;12.08;12.14;5007229;61075848.000
03/19/2010;12.16;12.28;11.97;12.15;3979503;48142616.000
03/22/2010;12.15;12.23;12.01;12.18;3567212;43144088.000
03/23/2010;12.28;12.28;11.96;11.97;3204700;38695848.000
