002351 漫步者 日线
      日期	    开盘	    最高	    最低	    收盘	    成交量	    成交额
02/05/2010;33.50;34.64;33.10;33.67;12283175;414766944.000
02/08/2010;34.00;34.34;33.16;34.04;6196713;209524496.000
02/09/2010;33.45;33.60;32.85;33.05;3074719;101907512.000
02/10/2010;33.19;33.45;32.70;33.37;2113397;69970112.000
02/11/2010;33.28;33.28;32.91;33.03;1400488;46259448.000
02/12/2010;33.20;33.70;33.00;33.55;1622166;54133280.000
02/22/2010;33.30;33.52;33.03;33.11;1107508;36848816.000
02/23/2010;33.00;33.22;31.90;32.67;1462870;47501460.000
02/24/2010;32.38;33.89;32.15;33.80;2717600;91143768.000
02/25/2010;33.96;35.88;33.90;35.25;5750206;202018912.000
02/26/2010;35.01;35.60;34.80;35.56;3478235;122555744.000
03/01/2010;35.81;38.80;35.80;37.74;6098531;228720800.000
03/02/2010;37.70;38.53;37.20;38.30;3018812;114336512.000
03/03/2010;38.12;38.42;37.10;37.77;2781388;104654840.000
03/04/2010;37.64;38.18;36.89;37.60;3023710;113240368.000
03/05/2010;37.50;38.99;37.02;38.10;2895574;110008272.000
03/08/2010;38.00;38.06;37.37;37.56;1813361;68242336.000
03/09/2010;37.73;37.89;37.13;37.89;1588139;59528248.000
03/10/2010;37.89;37.89;35.61;35.81;2437370;88932432.000
03/11/2010;35.61;36.36;34.82;35.86;2198566;77901456.000
03/12/2010;35.69;36.63;35.10;35.19;1847283;66550392.000
03/15/2010;35.48;35.48;34.50;34.83;1234072;42849764.000
03/16/2010;35.00;35.35;34.63;35.03;1306758;45850168.000
03/17/2010;35.45;36.29;35.40;36.05;1834617;65720424.000
03/18/2010;36.06;36.10;35.51;35.96;1304944;46723956.000
03/19/2010;35.75;36.84;35.60;36.72;1549580;56172480.000
03/22/2010;36.55;37.28;36.43;37.04;1522167;55990992.000
03/23/2010;37.47;37.47;36.55;37.00;1238700;45570740.000
