002139 拓邦股份 日线
      日期	    开盘	    最高	    最低	    收盘	    成交量	    成交额
06/29/2007;13.81;25.24;13.63;21.31;11851919;561059136.000
07/02/2007;19.16;19.16;19.16;19.16;82800;4471200.000
07/03/2007;17.24;17.24;17.24;17.24;69400;3372840.000
07/04/2007;15.50;15.50;15.50;15.50;72100;3153654.000
07/05/2007;13.94;13.94;13.94;13.94;338800;13338556.000
07/06/2007;12.53;13.81;12.53;13.80;7612662;278945888.000
07/09/2007;12.80;14.16;12.43;13.34;5762261;214500256.000
07/10/2007;12.99;13.27;12.11;12.19;3826250;136313440.000
07/11/2007;11.84;13.34;11.30;12.84;4930078;168555696.000
07/12/2007;12.34;12.91;12.20;12.26;2464458;86754184.000
07/13/2007;12.02;12.18;11.59;11.75;1477286;49556472.000
07/16/2007;11.77;12.26;11.77;11.91;1343064;45655628.000
07/17/2007;11.74;12.20;11.49;11.96;1295502;43300876.000
07/18/2007;11.88;12.38;11.78;12.05;1528223;52694592.000
07/19/2007;11.99;12.09;11.56;11.79;1057973;35269996.000
07/20/2007;11.69;12.12;11.69;12.02;1335522;45298188.000
07/23/2007;11.96;12.86;11.96;12.74;2483882;87852240.000
07/24/2007;12.79;12.86;12.38;12.49;1892690;67606272.000
07/25/2007;12.49;13.75;12.49;13.75;2446805;92064352.000
07/27/2007;14.52;15.14;14.09;15.14;2438977;100972968.000
07/30/2007;15.59;15.77;14.50;14.99;4199716;179742144.000
07/31/2007;14.74;15.06;13.81;14.70;2358977;96224848.000
08/01/2007;14.52;14.70;13.38;13.45;2031097;80782696.000
08/02/2007;13.52;14.16;13.52;13.99;1867953;73050744.000
08/03/2007;14.03;14.41;13.63;14.07;1759948;69569096.000
08/06/2007;14.16;15.12;13.94;14.55;1845917;76136232.000
08/07/2007;14.34;14.55;13.81;13.81;1573636;62497420.000
08/08/2007;13.66;13.66;12.84;13.10;1382424;51963772.000
08/09/2007;13.09;13.45;13.05;13.11;784977;29266106.000
08/10/2007;13.09;13.09;12.16;12.90;1198252;42655664.000
08/13/2007;12.56;12.86;12.38;12.63;656359;23351852.000
08/14/2007;12.66;13.19;12.49;13.02;687013;25266374.000
08/15/2007;12.97;13.20;12.56;12.85;600503;21750872.000
08/16/2007;12.91;13.52;12.57;13.46;1216785;45348288.000
08/17/2007;13.47;13.61;13.02;13.11;808973;30261184.000
08/20/2007;13.07;13.49;13.07;13.29;857387;32261026.000
08/21/2007;13.26;13.32;12.91;13.01;901940;33202956.000
08/22/2007;12.77;13.04;12.61;12.84;950200;34244296.000
08/23/2007;12.86;12.99;12.63;12.92;737352;26575684.000
08/24/2007;12.82;12.91;12.69;12.70;644427;23250094.000
08/27/2007;12.69;12.84;12.38;12.39;927089;32774880.000
08/28/2007;12.37;13.06;12.16;12.91;1157141;41282500.000
08/29/2007;12.82;12.82;12.40;12.48;496464;17688380.000
08/30/2007;12.48;12.95;12.41;12.86;603761;21682932.000
08/31/2007;12.88;12.95;12.71;12.82;605104;21894286.000
09/03/2007;12.84;13.22;12.84;12.91;976996;35975824.000
09/04/2007;12.91;14.02;12.91;13.84;2575928;99263504.000
09/05/2007;13.84;13.95;13.38;13.83;1309695;50656264.000
09/06/2007;13.90;14.51;13.56;13.58;1428390;56555476.000
09/07/2007;13.43;13.43;12.84;12.85;1170854;43043688.000
09/10/2007;12.84;12.85;12.38;12.71;752209;26700062.000
09/11/2007;12.72;12.94;12.02;12.09;500135;17831372.000
09/12/2007;12.06;12.49;11.91;12.48;687930;23586000.000
09/13/2007;12.49;12.49;12.20;12.31;384967;13359988.000
09/14/2007;12.32;12.74;12.24;12.42;358462;12581098.000
09/17/2007;12.44;12.63;12.31;12.39;489898;17166990.000
09/18/2007;12.45;12.52;12.14;12.18;492170;17031936.000
09/19/2007;12.16;12.38;11.89;12.13;568377;19357458.000
09/20/2007;12.14;12.26;12.00;12.04;306681;10474466.000
09/21/2007;12.04;12.09;11.41;11.66;620662;20543802.000
09/24/2007;11.67;11.83;10.88;11.13;670651;21179948.000
09/25/2007;10.95;11.29;10.95;11.27;336640;10645135.000
09/26/2007;11.27;11.37;10.69;10.70;579875;17873436.000
09/27/2007;10.59;10.93;10.38;10.90;584833;17614088.000
09/28/2007;10.88;11.29;10.68;11.07;503919;15819826.000
10/08/2007;11.07;11.07;10.49;10.49;1662768;50221248.000
10/09/2007;10.49;11.01;10.49;10.99;987329;30110138.000
10/10/2007;10.99;10.99;10.70;10.76;675725;20675480.000
10/11/2007;10.76;11.13;10.59;11.13;1081415;33096056.000
10/12/2007;11.17;11.27;10.16;10.92;1101915;33810732.000
10/15/2007;10.65;11.47;10.55;11.31;1473010;46357216.000
10/16/2007;11.31;11.34;11.02;11.24;690186;21791422.000
10/17/2007;11.14;11.38;10.77;10.87;572331;17946550.000
10/18/2007;10.91;10.95;10.42;10.43;690213;20657522.000
10/19/2007;10.43;10.59;10.24;10.28;417233;12234245.000
10/22/2007;10.27;10.27;9.52;9.55;643668;17962394.000
10/23/2007;9.47;9.68;9.16;9.42;709794;18830846.000
10/24/2007;9.42;9.57;9.18;9.21;468898;12456185.000
10/25/2007;9.21;9.70;8.81;9.38;1411114;37374560.000
10/26/2007;9.17;9.33;8.45;8.59;970833;24140554.000
10/29/2007;8.61;8.75;8.10;8.39;663297;15608010.000
10/30/2007;8.34;8.53;8.20;8.47;476424;11330645.000
10/31/2007;8.45;8.99;8.45;8.95;777508;19329644.000
11/01/2007;8.95;8.95;8.38;8.49;587721;14355372.000
11/02/2007;8.44;8.45;8.16;8.18;457735;10749242.000
11/05/2007;8.16;8.44;8.09;8.42;489074;11567683.000
11/06/2007;8.41;8.80;8.38;8.59;495108;12113504.000
11/07/2007;8.59;8.72;8.24;8.39;362096;8683025.000
11/08/2007;8.39;8.73;8.27;8.41;574089;13881846.000
11/09/2007;8.44;9.12;8.38;9.00;1944039;49253704.000
11/12/2007;8.86;8.88;8.10;8.77;878727;21539222.000
11/13/2007;8.72;8.84;8.45;8.80;698519;17098166.000
11/14/2007;8.84;9.05;8.66;9.02;778083;19696974.000
11/15/2007;9.01;9.01;8.64;8.65;625134;15609634.000
11/16/2007;8.63;8.97;8.36;8.90;761342;18785498.000
11/19/2007;8.90;9.80;8.90;9.80;1485283;40406972.000
11/20/2007;9.95;10.41;9.54;9.70;2915850;82965208.000
11/21/2007;9.54;10.21;9.54;10.14;1614787;45810140.000
11/22/2007;9.99;10.51;9.74;9.74;1513156;43582860.000
11/23/2007;9.45;9.71;8.99;9.38;923614;24425900.000
11/26/2007;9.41;9.91;9.38;9.51;780731;21294500.000
11/27/2007;9.49;9.49;9.02;9.05;560705;14624440.000
11/28/2007;9.04;9.16;8.74;8.76;446510;11395971.000
11/29/2007;8.81;8.98;8.65;8.98;573564;14386104.000
11/30/2007;8.99;9.04;8.60;8.61;547291;13568641.000
12/03/2007;8.47;8.73;8.47;8.65;286837;7011259.000
12/04/2007;8.65;8.87;8.57;8.65;247632;6119176.000
12/05/2007;8.63;9.16;8.57;9.11;636657;16217920.000
12/06/2007;9.15;9.41;8.99;9.41;536057;13889459.000
12/07/2007;9.27;9.59;9.18;9.55;558534;14934220.000
12/10/2007;9.38;9.76;9.26;9.70;745947;20314542.000
12/11/2007;9.70;9.82;9.38;9.54;735863;19890814.000
12/12/2007;9.54;9.54;9.34;9.40;552796;14739365.000
12/13/2007;9.39;10.02;9.34;9.64;1346411;37351332.000
12/14/2007;9.64;10.02;9.52;10.01;1111923;31130168.000
12/17/2007;10.05;10.30;9.90;9.95;828682;23557150.000
12/18/2007;9.91;10.15;9.70;9.70;419201;11694678.000
12/19/2007;9.70;10.01;9.70;9.88;420427;11729264.000
12/20/2007;9.72;9.99;9.72;9.99;591802;16603468.000
12/21/2007;9.90;10.23;9.85;10.16;747908;21373698.000
12/24/2007;10.24;10.41;10.06;10.08;979670;28487286.000
12/25/2007;10.13;10.27;10.00;10.26;772356;22295166.000
12/26/2007;10.29;10.73;10.29;10.71;1078709;32177596.000
12/27/2007;10.75;11.06;10.54;10.64;1298272;39727764.000
12/28/2007;10.66;10.94;10.59;10.80;714992;21855178.000
01/02/2008;10.57;11.02;10.57;10.97;698533;21518022.000
01/03/2008;10.99;11.13;10.86;11.06;783693;24495674.000
01/04/2008;11.00;11.06;10.67;10.77;744243;22726710.000
01/07/2008;10.70;10.91;10.49;10.79;912778;27723584.000
01/08/2008;10.79;10.82;10.29;10.29;913456;27208574.000
01/09/2008;10.24;10.50;10.24;10.50;453733;13424196.000
01/10/2008;10.59;10.68;10.45;10.52;594281;17716704.000
01/11/2008;10.49;10.57;10.36;10.48;439614;12965137.000
01/14/2008;10.58;10.95;10.49;10.92;776584;23808636.000
01/15/2008;11.02;11.06;10.77;10.95;601700;18615146.000
01/16/2008;11.06;11.06;10.70;10.74;537869;16525919.000
01/17/2008;10.71;10.95;10.08;10.37;566620;16951652.000
01/18/2008;10.42;10.55;10.24;10.49;382480;11255024.000
01/21/2008;10.59;10.60;9.80;9.81;472168;13809368.000
01/22/2008;9.72;9.72;8.81;8.81;546540;14048378.000
01/23/2008;8.81;9.13;8.49;9.08;507634;12816239.000
01/24/2008;9.11;9.27;8.92;9.19;600290;15497569.000
01/25/2008;9.22;9.26;8.99;9.12;445899;11591295.000
01/28/2008;9.11;9.11;8.20;8.27;543066;13141599.000
01/29/2008;8.29;8.56;8.10;8.55;330811;7943857.500
01/30/2008;8.56;8.75;8.39;8.63;346076;8466505.000
01/31/2008;8.70;8.74;8.38;8.41;229827;5588030.500
02/01/2008;8.38;8.44;7.67;8.06;426119;9753220.000
02/04/2008;8.19;8.77;8.19;8.77;355550;8643707.000
02/05/2008;8.77;8.84;8.57;8.78;253769;6293842.000
02/13/2008;8.63;8.87;8.63;8.81;183498;4585411.000
02/14/2008;8.98;8.98;8.81;8.92;178525;4495399.500
02/15/2008;8.92;8.92;8.64;8.76;174148;4306792.500
02/18/2008;8.76;9.09;8.76;9.04;320816;8209101.500
02/19/2008;9.09;9.23;8.97;9.17;305151;7871874.500
02/20/2008;9.17;9.26;8.97;8.98;334200;8627622.000
02/21/2008;8.88;9.09;8.81;8.99;273297;6955989.000
02/22/2008;9.12;9.12;8.63;8.81;292108;7397961.500
02/25/2008;8.76;8.81;8.27;8.45;213717;5195511.500
02/26/2008;8.66;8.74;8.41;8.56;210057;5115223.000
02/27/2008;8.56;8.98;8.56;8.93;263431;6611658.000
02/28/2008;8.99;9.70;8.86;9.26;636540;16866704.000
02/29/2008;9.31;9.41;9.21;9.31;307688;8126316.000
03/03/2008;9.19;9.49;9.16;9.43;322783;8573520.000
03/04/2008;9.52;9.56;9.24;9.31;355727;9494250.000
03/05/2008;9.20;9.41;9.02;9.24;315923;8256070.000
03/06/2008;9.40;9.40;9.21;9.27;255759;6747559.000
03/07/2008;9.21;9.52;9.10;9.45;326537;8705524.000
03/10/2008;9.52;9.79;9.36;9.49;888392;24241936.000
03/11/2008;9.49;9.49;8.99;9.31;455654;11934053.000
03/12/2008;9.41;9.48;9.01;9.01;267467;7033852.500
03/13/2008;8.88;8.99;8.45;8.61;280863;6981727.000
03/14/2008;8.79;8.79;8.54;8.68;107630;2648235.500
03/17/2008;8.74;8.84;7.98;8.02;299900;7215132.500
03/18/2008;8.02;8.34;7.29;7.38;449515;9886838.000
03/19/2008;7.47;7.89;7.45;7.64;305194;6651024.000
03/20/2008;7.49;7.99;7.20;7.90;309927;6770720.500
03/21/2008;7.90;8.04;7.76;7.98;251657;5702030.500
03/24/2008;8.02;8.24;7.88;7.88;268331;6198648.000
03/25/2008;7.86;8.09;7.74;8.05;198438;4502969.500
03/26/2008;8.06;8.31;7.96;8.25;202487;4714998.500
03/27/2008;8.16;8.31;7.83;8.06;285753;6609095.000
03/28/2008;7.74;8.00;7.27;7.93;618235;13564326.000
03/31/2008;7.91;7.91;7.41;7.41;310230;6685356.500
04/01/2008;7.38;7.54;6.66;6.66;428000;8506464.000
04/02/2008;6.79;6.84;6.08;6.13;460940;8437642.000
04/03/2008;6.13;6.49;5.74;6.38;258647;4610006.000
04/07/2008;6.38;6.74;6.03;6.71;377262;7070013.500
04/08/2008;6.73;6.90;6.52;6.84;313379;6053733.500
04/09/2008;6.69;6.89;6.56;6.56;379547;7298095.500
04/10/2008;6.42;6.91;6.41;6.89;354276;6778288.500
04/11/2008;6.90;7.18;6.86;7.06;215376;4317878.500
04/14/2008;6.85;7.15;6.70;6.77;545870;10765710.000
04/15/2008;6.74;7.20;6.34;7.16;327461;6306661.000
04/16/2008;7.16;7.23;6.93;7.04;172349;3469330.000
04/17/2008;7.02;7.13;6.68;6.70;191974;3783794.250
04/21/2008;7.02;7.35;6.52;6.70;571313;11272447.000
04/22/2008;6.62;6.84;6.31;6.84;502044;9394668.000
04/23/2008;6.75;7.24;6.62;7.24;468940;9453747.000
04/24/2008;7.97;7.97;7.70;7.97;1174444;26437192.000
04/25/2008;7.78;8.28;7.74;8.27;646575;14691195.000
04/28/2008;8.02;8.27;7.90;8.27;284071;6538862.000
04/29/2008;8.19;8.31;8.10;8.30;255826;5993329.000
04/30/2008;8.36;8.52;8.27;8.50;456821;10952367.000
05/05/2008;8.55;8.55;8.18;8.46;451218;10723918.000
05/06/2008;8.40;8.40;8.11;8.21;441340;10249417.000
05/07/2008;8.21;8.46;7.68;7.84;379500;8655115.000
05/08/2008;7.75;8.07;7.43;8.07;335943;7468286.000
05/09/2008;8.04;8.06;7.64;7.91;258825;5733067.500
05/12/2008;7.60;8.11;7.60;8.09;626666;13892098.000
05/13/2008;7.91;8.05;7.75;8.04;664263;14896762.000
05/14/2008;8.05;8.62;7.93;8.53;655554;15616119.000
05/15/2008;8.54;8.54;8.28;8.35;380502;9023771.000
05/16/2008;8.29;8.45;8.11;8.43;209732;4940053.500
05/19/2008;8.43;8.43;8.21;8.43;140262;3306021.250
05/20/2008;8.47;8.47;7.89;8.10;161400;3768190.750
05/21/2008;7.93;8.11;7.68;8.10;186128;4163491.500
05/22/2008;8.03;8.03;7.83;7.93;130900;2949548.750
05/23/2008;7.82;8.02;7.68;7.93;209450;4689648.500
05/26/2008;7.83;7.83;7.57;7.71;88790;1940354.000
05/27/2008;7.64;7.75;7.47;7.60;73030;1575995.250
05/28/2008;7.60;7.75;7.44;7.75;121645;2635047.250
05/29/2008;7.74;7.74;7.46;7.61;67701;1457104.125
05/30/2008;7.56;7.67;7.32;7.55;84440;1788150.625
06/02/2008;7.39;7.66;7.36;7.50;73426;1576808.375
06/03/2008;7.59;7.60;7.40;7.43;141264;2991575.750
06/04/2008;7.34;7.50;7.18;7.35;118400;2456316.000
06/05/2008;7.21;7.39;7.21;7.35;74100;1532865.375
06/06/2008;7.29;7.55;7.11;7.54;333177;7043109.000
06/10/2008;7.46;7.46;6.78;6.78;252070;5026547.000
06/11/2008;6.88;6.91;6.50;6.71;378868;7200026.000
06/12/2008;6.78;6.81;6.51;6.55;255099;4787044.500
06/13/2008;6.67;6.74;6.33;6.43;230509;4244956.500
06/16/2008;6.44;6.93;6.41;6.79;551727;10515104.000
06/17/2008;7.04;7.34;6.43;6.68;346465;6678835.000
06/18/2008;6.61;6.96;6.46;6.89;409792;7921933.000
06/19/2008;6.92;6.92;6.24;6.25;397700;7567572.500
06/20/2008;6.37;6.68;5.97;6.47;148430;2699381.750
06/23/2008;6.31;6.47;6.11;6.32;126130;2261025.000
06/24/2008;6.41;6.52;6.32;6.49;74550;1363305.250
06/25/2008;6.47;6.68;6.40;6.68;276750;5213211.500
06/26/2008;6.63;7.07;6.63;7.07;330962;6443771.500
06/27/2008;6.71;7.20;6.54;6.75;434332;8393433.000
06/30/2008;6.71;6.86;6.51;6.68;149992;2826754.000
07/01/2008;6.79;6.79;6.54;6.68;108177;2046131.750
07/02/2008;6.68;7.02;6.64;7.00;308865;6072079.000
07/04/2008;7.27;7.36;7.09;7.24;560213;11535731.000
07/07/2008;7.32;7.46;7.14;7.39;298157;6221396.000
07/08/2008;7.32;7.52;7.21;7.51;294626;6169739.000
07/09/2008;7.55;7.93;7.42;7.91;553860;12154459.000
07/10/2008;7.89;8.06;7.66;7.86;394706;8878967.000
07/11/2008;7.86;8.61;7.79;8.50;1171087;27725568.000
07/14/2008;8.29;9.11;8.29;8.89;1336706;32889764.000
07/15/2008;8.86;8.96;8.42;8.51;507324;12476309.000
07/16/2008;8.47;8.64;8.18;8.46;498037;11804260.000
07/17/2008;8.47;8.81;8.36;8.74;616629;15011628.000
07/18/2008;8.75;8.78;8.36;8.68;353258;8601019.000
07/21/2008;8.66;8.96;8.47;8.92;605647;15040727.000
07/22/2008;8.68;8.90;8.68;8.69;285287;7100302.000
07/23/2008;8.70;8.80;8.40;8.40;413613;9961137.000
07/24/2008;8.39;8.64;8.31;8.57;314701;7591560.000
07/25/2008;8.52;9.44;8.39;9.39;1080220;28099714.000
07/28/2008;9.35;9.64;9.32;9.43;1079406;29030024.000
07/29/2008;9.39;9.93;9.23;9.40;830202;22541728.000
07/30/2008;9.39;9.72;9.39;9.64;777481;21032802.000
07/31/2008;9.65;9.71;9.04;9.05;701972;18453712.000
08/01/2008;9.10;9.42;9.00;9.05;920999;23997742.000
08/04/2008;9.04;9.41;8.71;9.20;697882;18057860.000
08/05/2008;9.16;9.28;8.86;9.04;362875;9373374.000
08/06/2008;9.00;9.10;8.46;8.56;481307;11899640.000
08/07/2008;8.56;8.64;8.44;8.58;231476;5596242.000
08/08/2008;8.71;8.71;8.04;8.11;338846;7960831.000
08/11/2008;8.09;8.10;7.29;7.39;455381;9955567.000
08/12/2008;7.39;7.83;7.15;7.62;603689;12950476.000
08/13/2008;7.47;8.11;7.29;8.03;460205;10082816.000
08/14/2008;7.93;8.32;7.84;8.18;511192;11820980.000
08/15/2008;8.16;8.24;7.95;8.19;245784;5676343.500
08/19/2008;7.94;7.96;7.60;7.82;436864;9639661.000
08/20/2008;7.89;8.61;7.74;8.61;1284686;30971202.000
08/21/2008;8.86;9.10;8.62;8.79;1145879;28553292.000
08/22/2008;8.75;8.75;8.11;8.39;697749;16672701.000
08/25/2008;8.46;9.11;8.32;8.83;888521;22220030.000
08/26/2008;8.82;8.94;8.36;8.69;858241;20995836.000
08/27/2008;8.54;8.66;7.81;7.81;1050229;23778918.000
08/28/2008;7.43;7.50;7.01;7.30;1103315;22585170.000
08/29/2008;7.11;7.32;6.76;7.03;1566370;15658484.000
09/01/2008;6.86;7.32;6.69;6.96;672925;6736281.000
09/02/2008;6.81;6.96;6.68;6.72;590641;5677893.000
09/03/2008;6.72;6.82;6.04;6.19;898829;8086577.000
09/04/2008;6.11;6.56;5.89;6.40;935352;8323996.500
09/05/2008;6.11;6.32;6.08;6.13;461494;4065661.000
09/08/2008;6.21;6.49;6.05;6.15;683175;6052330.000
09/09/2008;6.15;6.45;6.15;6.33;542601;4879688.000
09/10/2008;6.32;6.46;6.10;6.22;939814;8329365.000
09/11/2008;6.22;6.24;5.59;5.63;1255982;10360310.000
09/12/2008;5.64;5.79;5.38;5.56;651499;5150158.000
09/16/2008;5.55;5.56;5.26;5.34;547700;4230884.000
09/17/2008;5.33;5.46;5.27;5.30;279572;2143605.250
09/18/2008;5.25;5.25;4.76;4.98;880902;6210820.500
09/19/2008;5.44;5.49;5.29;5.49;911377;7056211.000
09/22/2008;5.79;6.04;5.52;5.71;1664715;13775828.000
09/23/2008;5.46;5.61;5.18;5.36;851994;6500662.000
09/24/2008;5.25;5.82;5.04;5.82;1240500;9644719.000
09/25/2008;6.31;6.31;5.93;6.09;2133018;18509858.000
09/26/2008;6.11;6.17;5.86;5.98;798180;6758934.500
10/06/2008;5.89;6.07;5.54;5.86;780200;6485887.500
10/07/2008;5.62;5.93;5.57;5.81;502029;4111072.500
10/08/2008;5.78;5.82;5.63;5.70;436801;3547691.250
10/09/2008;5.78;5.81;5.56;5.56;338548;2754214.750
10/10/2008;5.39;5.39;5.03;5.09;633332;4692525.000
10/13/2008;5.07;5.24;4.84;5.24;442024;3178013.000
10/14/2008;5.41;5.55;5.13;5.13;509755;3857427.000
10/15/2008;5.13;5.32;5.13;5.23;184552;1375972.000
10/16/2008;5.14;5.14;4.89;5.00;292752;2114760.000
10/17/2008;5.00;5.16;4.91;5.04;234044;1687499.250
10/20/2008;5.04;5.21;4.96;5.18;304000;2219100.000
10/21/2008;5.14;5.36;5.14;5.21;290463;2182532.250
10/22/2008;5.21;5.24;5.09;5.17;195001;1436610.875
10/23/2008;5.06;5.41;4.99;5.38;426739;3209237.250
10/24/2008;5.36;5.39;5.11;5.18;458631;3424783.250
10/27/2008;5.11;5.12;4.81;4.81;438718;3080134.750
10/28/2008;4.69;5.04;4.68;4.91;391268;2736477.250
10/29/2008;5.00;5.07;4.88;4.91;266902;1888226.125
10/30/2008;5.06;5.06;4.85;4.95;232500;1645763.750
10/31/2008;4.88;5.00;4.88;4.94;160671;1136909.125
11/03/2008;4.95;4.95;4.75;4.89;354229;2462692.500
11/04/2008;4.91;4.91;4.74;4.78;202554;1384902.250
11/05/2008;4.81;4.93;4.76;4.86;203097;1416249.250
11/06/2008;4.75;4.81;4.70;4.74;252531;1709638.625
11/07/2008;4.68;4.79;4.61;4.77;202816;1372822.250
11/10/2008;4.82;5.11;4.79;5.07;903955;6414269.500
11/12/2008;4.97;5.09;4.91;5.06;522123;3744770.750
11/13/2008;5.04;5.46;5.02;5.40;1138740;8598492.000
11/14/2008;5.41;5.88;5.29;5.82;2224208;17608994.000
11/17/2008;5.82;6.04;5.56;5.98;1887387;15705840.000
11/18/2008;5.96;5.96;5.37;5.37;1767527;14171807.000
11/19/2008;5.37;5.85;5.25;5.81;1687871;13638979.000
11/20/2008;5.64;6.04;5.55;5.81;1562788;12881711.000
11/21/2008;5.59;5.77;5.38;5.65;1790412;14344742.000
11/24/2008;5.66;5.86;5.61;5.69;1403022;11482751.000
11/25/2008;5.76;5.80;5.39;5.50;916852;7265816.500
11/26/2008;5.46;5.61;5.36;5.49;597452;4704512.500
11/27/2008;5.82;5.95;5.54;5.55;1225900;9989640.000
11/28/2008;5.54;5.60;5.35;5.46;720518;5629817.000
12/01/2008;5.46;5.89;5.37;5.87;1710262;14093756.000
12/02/2008;5.84;6.39;5.78;6.27;3900368;34394312.000
12/03/2008;6.31;6.51;6.19;6.46;3347504;30209522.000
12/04/2008;6.51;6.69;6.25;6.27;3039887;28017160.000
12/05/2008;6.18;6.91;6.08;6.91;4129535;39185356.000
12/08/2008;7.30;7.61;6.96;7.20;7132298;74143752.000
12/09/2008;7.11;7.14;6.85;6.97;3675089;36459144.000
12/10/2008;6.94;7.68;6.90;7.68;4718902;49393116.000
12/11/2008;7.90;7.96;7.24;7.27;4174601;44977860.000
12/12/2008;7.15;7.17;6.77;6.98;3374681;33172948.000
12/15/2008;7.09;7.14;6.65;6.93;2208291;21772054.000
12/16/2008;6.76;7.03;6.42;7.01;2555982;24316772.000
12/17/2008;7.09;7.25;6.86;6.94;2367494;23745516.000
12/18/2008;6.81;7.11;6.72;7.04;1672916;16422276.000
12/19/2008;7.06;7.36;7.04;7.16;2229604;22858926.000
12/22/2008;7.19;7.61;6.99;7.49;3427624;35559192.000
12/23/2008;7.54;7.54;6.84;6.89;2887708;29514140.000
12/24/2008;6.76;6.76;6.34;6.60;1967091;18192090.000
12/25/2008;6.54;6.64;6.31;6.49;1667473;15340350.000
12/26/2008;6.50;6.57;6.40;6.49;997522;9206895.000
12/29/2008;6.52;6.61;6.02;6.30;1143020;10149645.000
12/30/2008;6.29;6.56;6.19;6.39;1524241;13971171.000
12/31/2008;6.41;6.53;6.24;6.39;1004991;9181765.000
01/05/2009;6.50;6.69;6.41;6.66;1426457;13298440.000
01/06/2009;6.65;6.89;6.54;6.87;1913329;18327704.000
01/07/2009;6.87;7.02;6.79;6.86;1718932;16821038.000
01/08/2009;6.71;6.84;6.64;6.72;1280425;12250101.000
01/09/2009;6.71;7.34;6.71;7.19;3045052;30711448.000
01/12/2009;7.23;7.82;7.22;7.52;4842617;52208036.000
01/13/2009;7.37;7.69;7.24;7.25;3278486;34923976.000
01/14/2009;7.24;7.83;7.20;7.82;3752901;40578516.000
01/15/2009;7.75;8.02;7.62;7.74;4172483;46349380.000
01/16/2009;7.77;7.94;7.61;7.64;2923806;32108096.000
01/19/2009;7.64;7.74;7.38;7.47;1755935;18684196.000
01/20/2009;7.41;7.63;7.41;7.60;1059237;11386730.000
01/21/2009;7.51;7.63;7.39;7.56;1583811;16812668.000
01/22/2009;7.62;7.66;7.41;7.51;1174722;12546038.000
01/23/2009;7.58;7.81;7.54;7.62;2751250;29890990.000
02/02/2009;7.70;7.86;7.46;7.83;2816320;30795304.000
02/03/2009;7.82;7.96;7.69;7.89;2977923;33174058.000
02/04/2009;7.91;8.24;7.83;8.21;3896726;44414664.000
02/05/2009;8.21;8.21;7.88;8.05;3385448;38570944.000
02/06/2009;8.05;8.44;8.01;8.34;3343029;39289012.000
02/09/2009;8.47;8.74;8.36;8.56;3330957;40160640.000
02/10/2009;8.63;8.68;8.32;8.61;2802345;33581188.000
02/11/2009;8.44;8.81;8.31;8.54;3545277;42942340.000
02/12/2009;8.54;8.57;8.12;8.46;2877644;34077792.000
02/13/2009;8.45;9.04;8.41;8.89;4986890;61911608.000
02/16/2009;9.00;9.67;9.00;9.24;6169148;81560208.000
02/17/2009;9.21;9.52;8.94;9.32;4565057;59702664.000
02/18/2009;9.12;9.38;8.74;8.92;2967732;38127148.000
02/19/2009;9.11;9.39;9.05;9.34;5105090;66937284.000
02/20/2009;9.59;10.09;9.59;10.03;6951300;97343464.000
02/23/2009;10.11;10.29;9.75;10.03;5367281;76056920.000
02/24/2009;10.03;10.23;9.49;9.76;4232537;58931808.000
02/25/2009;9.86;10.00;9.29;9.82;3747642;50982172.000
02/26/2009;9.74;9.88;8.83;8.83;3871936;51243732.000
02/27/2009;8.65;8.65;7.94;7.94;2909139;33148970.000
03/02/2009;7.61;7.89;7.39;7.74;3274488;35637760.000
03/03/2009;7.46;8.01;7.33;7.76;2650563;28993572.000
03/04/2009;7.74;8.54;7.74;8.54;4011972;47190712.000
03/05/2009;8.75;9.18;8.60;8.89;4578743;57470956.000
03/06/2009;8.68;8.82;8.54;8.71;2243457;27618508.000
03/09/2009;8.70;9.59;8.56;9.18;4091974;52464328.000
03/10/2009;9.10;9.39;8.96;9.19;2712970;35293040.000
03/11/2009;9.39;9.40;8.99;9.04;1716112;22251606.000
03/12/2009;9.02;9.24;8.71;9.19;1977592;25234304.000
03/13/2009;9.20;9.52;9.19;9.29;2749618;36349408.000
03/16/2009;9.38;9.54;9.21;9.51;1822514;24222216.000
03/17/2009;9.51;9.74;9.36;9.64;3186351;43169628.000
03/18/2009;9.68;10.04;9.57;9.61;3707410;51449840.000
03/19/2009;9.81;10.02;9.65;10.01;3536552;49045876.000
03/20/2009;10.03;10.04;9.64;9.71;2417095;33407990.000
03/24/2009;9.91;10.52;9.78;10.26;4463695;64386488.000
03/25/2009;10.14;10.59;10.11;10.29;3141071;46198780.000
03/26/2009;10.28;10.97;10.28;10.92;4920469;74225128.000
03/27/2009;11.04;11.04;10.64;11.00;3110568;47688852.000
03/30/2009;11.04;11.29;10.82;11.05;2213099;34793576.000
03/31/2009;10.92;11.22;10.66;11.16;3178266;49108876.000
04/01/2009;11.17;11.97;11.04;11.65;2642851;42921288.000
04/02/2009;11.74;11.74;11.36;11.48;2603912;42355200.000
04/03/2009;11.61;11.64;10.93;11.11;3665303;57816676.000
04/07/2009;11.18;11.39;11.11;11.36;1832448;29168632.000
04/08/2009;11.37;11.38;10.91;11.07;2032151;31938082.000
04/09/2009;11.01;11.79;11.01;11.69;2055184;32514226.000
04/10/2009;11.85;12.18;11.65;12.08;2639633;44438280.000
04/13/2009;11.99;12.57;11.95;12.27;2150563;36728044.000
04/14/2009;12.40;12.91;12.22;12.79;3578905;63635748.000
04/15/2009;12.71;13.11;12.54;12.97;2796695;50331632.000
04/16/2009;12.92;13.21;12.50;13.21;3375879;61149128.000
04/17/2009;13.27;14.54;13.08;14.53;6159506;122124328.000
04/20/2009;14.10;15.54;14.04;15.04;4734840;98045064.000
04/21/2009;14.75;15.20;14.18;14.54;3646428;74091152.000
04/22/2009;14.64;15.29;13.49;13.71;3778313;76612888.000
04/23/2009;13.54;14.50;13.54;14.28;3584721;70189784.000
04/24/2009;14.22;14.62;13.99;14.01;2058179;41096600.000
04/27/2009;13.71;14.14;12.86;13.26;2718100;50240244.000
04/28/2009;13.29;13.51;12.79;13.14;1875652;34563940.000
04/29/2009;12.76;13.49;12.76;13.31;2051974;38245560.000
04/30/2009;13.48;14.06;13.21;13.95;1951077;37330132.000
05/04/2009;13.99;14.39;13.64;14.39;1399453;27710972.000
05/05/2009;14.40;14.66;13.99;14.41;1733055;34811348.000
05/06/2009;14.07;14.71;14.07;14.46;1767394;35823784.000
05/07/2009;14.29;14.75;13.97;14.18;1791388;35783184.000
05/08/2009;14.17;14.39;13.57;13.82;1792328;35126852.000
05/11/2009;13.82;13.93;12.96;12.96;1956145;36513100.000
05/12/2009;12.80;13.47;12.79;13.36;984642;18122468.000
05/13/2009;13.36;13.65;13.23;13.54;1039278;19601392.000
05/14/2009;13.52;13.82;13.21;13.64;871691;16485281.000
05/15/2009;13.64;13.68;13.31;13.64;734853;13933655.000
05/18/2009;13.64;13.92;13.20;13.56;1094710;20464118.000
05/19/2009;13.56;13.71;13.36;13.70;1278756;24331664.000
05/20/2009;13.57;14.13;13.57;13.79;936846;18209924.000
05/21/2009;13.65;14.46;13.57;14.29;4175111;82460216.000
05/22/2009;14.32;15.36;14.32;14.64;4357768;90619296.000
05/25/2009;14.29;15.34;14.26;15.34;3197133;67040380.000
05/26/2009;15.43;15.48;14.64;15.14;3066776;64525184.000
05/27/2009;15.11;15.23;14.50;14.87;2256919;46950980.000
06/01/2009;14.81;14.98;14.47;14.86;1686657;34541856.000
06/02/2009;14.81;14.89;14.32;14.32;1401191;28367026.000
06/03/2009;14.29;14.47;13.57;14.17;1946291;38559772.000
06/04/2009;13.99;14.29;13.71;13.93;1388156;26999610.000
06/05/2009;13.94;14.06;13.57;13.88;1164495;22547406.000
06/08/2009;13.86;14.86;13.61;14.66;2189952;43621908.000
06/09/2009;14.46;14.81;13.89;14.26;1734044;34693568.000
06/10/2009;14.07;14.41;13.93;13.93;985163;19479098.000
06/11/2009;13.93;14.14;13.34;13.68;2381912;45492808.000
06/12/2009;13.66;13.68;12.89;12.96;1679000;30965758.000
06/15/2009;12.96;13.21;12.44;13.06;2696785;48276356.000
06/16/2009;12.89;12.89;12.48;12.49;2405854;42323056.000
06/17/2009;12.44;12.71;12.44;12.68;1259980;22218650.000
06/18/2009;12.68;12.84;12.50;12.82;1753251;31038022.000
06/19/2009;12.96;12.96;12.65;12.66;1089612;19416704.000
06/22/2009;12.65;12.71;12.46;12.53;1291473;22672196.000
06/23/2009;12.44;12.49;12.14;12.25;1418036;24364890.000
06/24/2009;12.18;12.37;12.14;12.34;1482338;25433412.000
06/25/2009;12.36;12.76;12.36;12.67;2091338;36891560.000
06/26/2009;12.67;12.67;12.38;12.43;1091505;19052650.000
06/29/2009;12.46;12.50;12.19;12.21;1378203;23647582.000
06/30/2009;12.23;12.32;11.99;12.32;1660526;28293764.000
07/01/2009;12.29;12.29;12.04;12.09;1169477;19860322.000
07/02/2009;12.14;12.20;12.00;12.09;1151315;19461290.000
07/03/2009;12.08;12.64;12.01;12.59;3203392;55811444.000
07/06/2009;12.75;12.80;12.37;12.79;3018950;53436500.000
07/07/2009;12.79;13.00;12.65;12.87;2404028;43346192.000
07/08/2009;12.75;12.95;12.56;12.70;1942602;34683912.000
07/09/2009;12.71;13.85;12.71;13.46;3778115;70487696.000
07/10/2009;13.29;13.84;13.29;13.44;2770798;52750500.000
07/13/2009;13.32;14.05;13.32;13.81;2553429;49372620.000
07/14/2009;13.83;14.25;13.83;13.91;2473691;48720888.000
07/15/2009;13.91;14.06;13.58;13.82;2858212;55029228.000
07/16/2009;13.63;13.83;13.41;13.49;2864215;54382112.000
07/17/2009;13.41;14.41;13.39;14.25;5950351;116954792.000
07/20/2009;14.22;14.64;14.07;14.49;4012728;81151568.000
07/21/2009;14.49;14.54;13.76;13.90;3618534;71214600.000
07/22/2009;13.90;14.10;13.58;13.86;2803957;54387564.000
07/23/2009;13.79;14.41;13.76;14.29;3173204;62683884.000
07/24/2009;14.29;14.61;14.09;14.29;3345851;67039420.000
07/27/2009;14.29;15.13;13.95;14.88;7496504;151222832.000
07/28/2009;14.76;15.02;14.43;14.71;4391112;90512760.000
07/29/2009;14.49;14.91;13.71;13.85;3914699;78253784.000
07/30/2009;14.04;14.21;13.57;14.14;2359587;46097840.000
07/31/2009;14.29;15.21;14.29;15.00;6777452;140871648.000
08/03/2009;15.11;15.49;14.57;14.62;6718789;140642192.000
08/04/2009;14.76;15.91;14.41;15.39;10879500;231292768.000
08/05/2009;14.86;15.00;14.41;14.59;9027717;184866016.000
08/06/2009;14.66;14.89;14.45;14.61;4623138;94965472.000
08/07/2009;14.74;15.13;14.49;14.52;4478321;92928576.000
08/10/2009;14.74;14.82;13.93;14.16;2413375;48410960.000
08/11/2009;14.21;14.46;14.04;14.31;1827709;36358320.000
08/12/2009;14.29;14.34;13.41;13.49;1927493;37379344.000
08/13/2009;13.71;13.71;13.18;13.34;1518177;28412932.000
08/14/2009;13.38;13.49;12.50;12.65;2101815;38292380.000
08/17/2009;12.49;12.59;11.71;11.71;1724990;29400888.000
08/18/2009;11.64;12.02;11.51;11.96;2113095;34798336.000
08/19/2009;11.99;12.04;11.08;11.14;1566034;25651302.000
08/20/2009;11.19;11.76;11.19;11.69;1824831;29416710.000
08/24/2009;12.21;12.86;11.93;12.86;4695374;82406888.000
08/25/2009;13.25;13.76;13.04;13.58;7128860;133860432.000
08/26/2009;13.43;13.99;13.04;13.64;4536839;86021888.000
08/27/2009;13.66;13.69;13.04;13.21;3433660;63996556.000
08/28/2009;13.09;13.13;12.50;12.59;2456787;43645024.000
08/31/2009;12.01;12.25;11.33;11.33;2542582;29352170.000
09/01/2009;10.81;11.18;10.48;10.71;2190061;23646004.000
09/02/2009;10.65;10.86;10.50;10.68;1031671;11016814.000
09/03/2009;10.69;11.65;10.69;11.43;2318246;25974658.000
09/04/2009;11.50;12.10;11.49;11.60;2158363;25343996.000
09/07/2009;11.56;11.96;11.45;11.82;3524971;41249532.000
09/08/2009;11.82;12.09;11.48;12.02;3437545;41071644.000
09/09/2009;12.02;12.24;11.86;12.14;3522975;42550904.000
09/10/2009;12.14;12.90;11.96;12.48;5297798;66113832.000
09/11/2009;12.40;12.65;12.20;12.41;3761707;46761248.000
09/14/2009;12.43;12.76;12.24;12.60;4882333;60833120.000
09/15/2009;12.73;12.73;12.40;12.52;4459991;56057500.000
09/16/2009;12.53;13.77;12.39;13.77;11286919;148992656.000
09/17/2009;13.51;15.04;13.51;14.43;15145516;214879360.000
09/18/2009;14.46;14.46;12.99;13.43;8964268;123674512.000
09/21/2009;13.25;13.86;12.77;13.80;4741005;63017236.000
09/22/2009;13.66;13.94;13.08;13.60;4821879;65285520.000
09/23/2009;13.85;14.10;13.50;13.50;8412278;116311872.000
09/24/2009;13.10;13.10;12.21;12.63;4687144;59744520.000
09/25/2009;12.60;12.70;12.01;12.01;2854175;34807952.000
09/28/2009;12.08;12.45;11.68;11.80;1922746;23426568.000
09/29/2009;11.73;11.90;10.85;11.15;2273943;25523040.000
09/30/2009;11.16;11.49;11.16;11.21;1374855;15547982.000
10/09/2009;11.53;12.32;11.22;12.19;2564898;30543138.000
10/12/2009;12.10;12.49;12.00;12.18;1956844;24080366.000
10/13/2009;12.08;12.23;11.95;12.23;1553765;18790260.000
10/14/2009;12.27;12.48;12.21;12.23;2218359;27397224.000
10/15/2009;12.30;12.64;12.23;12.58;2697963;33525566.000
10/16/2009;12.58;12.64;12.15;12.36;1852502;22847806.000
10/19/2009;12.37;13.20;12.17;13.09;4010977;50322048.000
10/20/2009;13.08;13.19;12.81;13.08;3736146;48476908.000
10/21/2009;13.03;13.33;12.85;12.93;3087146;40419428.000
10/22/2009;12.80;12.96;12.70;12.80;2156634;27663656.000
10/23/2009;12.80;13.07;12.80;12.99;2450904;31828010.000
10/26/2009;13.01;13.10;12.81;13.05;2240632;29057038.000
10/27/2009;13.05;13.05;12.19;12.23;2874004;36249804.000
10/28/2009;12.21;12.44;11.99;12.39;2295990;27992348.000
10/29/2009;12.17;12.17;11.85;11.91;1788515;21533372.000
10/30/2009;12.08;12.19;11.88;11.89;2079269;25017206.000
11/02/2009;11.80;12.10;11.57;12.05;3329723;39738764.000
11/03/2009;12.22;12.55;12.10;12.53;3432130;42477176.000
11/04/2009;12.56;12.97;12.56;12.89;4549332;58260152.000
11/05/2009;13.00;13.68;12.96;13.50;8052608;106759920.000
11/06/2009;13.52;13.60;13.06;13.12;5423073;72088952.000
11/09/2009;13.10;13.42;12.91;13.19;2895602;38122628.000
11/10/2009;13.24;13.49;13.10;13.41;4331010;57669452.000
11/11/2009;13.38;14.10;13.25;13.88;8217695;113069792.000
11/12/2009;13.89;14.10;13.70;13.89;5519515;76790176.000
11/13/2009;13.70;14.12;13.66;14.07;6386436;89128072.000
11/16/2009;14.17;14.48;14.05;14.30;9285604;132188112.000
11/17/2009;14.33;14.38;14.11;14.18;4175635;59248736.000
11/18/2009;14.19;14.28;13.80;13.90;4577661;64151824.000
11/19/2009;13.94;14.30;13.90;14.26;4358785;61626052.000
11/20/2009;14.26;14.84;14.15;14.59;6823742;99256336.000
11/23/2009;14.70;14.92;14.40;14.91;5364242;78607216.000
11/24/2009;14.95;15.00;13.80;13.82;6651432;96368600.000
11/25/2009;13.67;14.18;13.53;14.13;5222863;72147600.000
11/26/2009;14.13;14.23;13.32;13.33;4842703;66858168.000
11/27/2009;13.09;13.59;13.02;13.10;2743317;36372896.000
11/30/2009;13.15;13.69;13.15;13.69;2107846;28442708.000
12/01/2009;13.75;14.99;13.75;14.79;8504039;122726496.000
12/02/2009;14.75;15.12;14.46;15.01;10630872;157436448.000
12/03/2009;14.85;15.24;14.75;14.93;6359094;95206416.000
12/04/2009;14.90;15.26;14.09;14.42;7301023;107515192.000
12/07/2009;14.42;14.68;14.22;14.60;3131048;45505728.000
12/08/2009;14.61;14.71;14.18;14.36;3111177;44716136.000
12/09/2009;14.30;14.53;13.99;14.00;2844992;40434764.000
12/10/2009;14.06;14.33;14.06;14.27;1892210;26881210.000
12/11/2009;14.37;14.87;14.25;14.74;6231736;91284592.000
12/14/2009;14.70;14.72;14.02;14.50;3257751;46891028.000
12/15/2009;14.50;15.30;14.45;15.22;9106710;136610624.000
12/16/2009;15.14;15.47;14.90;15.19;6973136;105668656.000
12/17/2009;15.25;15.76;15.11;15.33;11820650;182817776.000
12/18/2009;15.10;15.25;14.50;14.51;4513190;66566856.000
12/21/2009;14.31;14.40;13.70;14.28;3115851;43795656.000
12/22/2009;14.28;14.34;13.74;13.74;2963039;41510160.000
12/23/2009;13.63;14.26;13.60;14.13;2609405;36536640.000
12/24/2009;14.25;14.88;14.01;14.80;3896822;56214844.000
12/25/2009;14.80;15.49;14.65;14.95;6590473;99598640.000
12/28/2009;15.00;15.45;14.88;15.25;5254361;79545256.000
12/29/2009;15.25;16.78;15.00;16.50;19083355;306641216.000
12/30/2009;16.33;16.44;15.70;15.97;11003671;176227312.000
12/31/2009;16.00;16.51;15.78;16.09;9677694;156322112.000
01/04/2010;16.40;16.40;15.65;15.85;7729639;123755528.000
01/05/2010;16.06;17.02;15.80;16.99;12398969;204463840.000
01/06/2010;17.06;17.06;16.52;16.53;8149506;136453504.000
01/07/2010;16.50;16.53;15.53;15.61;7885076;125596208.000
01/08/2010;15.68;16.20;15.45;16.19;4891949;77531464.000
01/11/2010;16.19;16.76;15.85;16.53;7323669;120545800.000
01/12/2010;16.49;16.85;16.27;16.65;7186560;119536688.000
01/13/2010;16.20;16.60;15.88;15.88;6784496;109750552.000
01/14/2010;16.07;17.16;15.88;16.89;8935329;148877280.000
01/15/2010;17.04;17.38;16.64;17.12;9698126;165188592.000
01/18/2010;17.20;17.24;16.79;17.11;5316744;90488432.000
01/19/2010;17.28;17.28;16.65;16.75;4923277;83070656.000
01/20/2010;16.68;17.00;15.78;15.88;6892314;113144544.000
01/21/2010;15.72;16.14;15.52;15.85;3340628;53016480.000
01/22/2010;15.63;15.75;15.00;15.25;3775898;57783560.000
01/25/2010;15.01;15.69;15.01;15.27;2227082;34317312.000
01/26/2010;15.11;15.45;14.05;14.35;3000193;44160212.000
01/27/2010;14.35;14.58;14.10;14.29;2207695;31688286.000
01/28/2010;14.29;14.65;14.20;14.55;1617813;23442276.000
01/29/2010;14.64;14.90;14.46;14.59;2468026;36346420.000
02/01/2010;14.59;14.60;13.68;13.72;2706488;37651028.000
02/02/2010;13.91;14.10;13.25;13.28;1780375;24506886.000
02/03/2010;13.20;13.60;12.50;13.60;3409358;44428800.000
02/04/2010;13.60;13.77;13.31;13.44;2107857;28618020.000
02/05/2010;13.01;13.28;12.82;13.15;2046269;26631078.000
02/08/2010;13.15;13.20;12.80;12.96;1318602;17099884.000
02/09/2010;12.87;13.15;12.87;13.05;1082959;14099279.000
02/10/2010;13.30;13.33;13.05;13.33;1171059;15444707.000
02/11/2010;13.39;13.57;13.33;13.44;1633692;22021870.000
02/12/2010;13.44;13.70;13.37;13.63;1132831;15326933.000
02/22/2010;13.59;13.73;13.40;13.54;1364869;18486200.000
02/23/2010;13.54;13.64;13.11;13.64;1799980;24038440.000
02/24/2010;13.59;14.21;13.41;14.21;2614073;36213064.000
02/25/2010;14.30;14.48;14.06;14.23;2586969;36851708.000
02/26/2010;14.28;14.35;14.14;14.20;2270694;32290356.000
03/01/2010;14.16;14.56;14.16;14.36;2334769;33595980.000
03/02/2010;14.50;14.80;14.37;14.69;3290863;48055184.000
03/03/2010;14.83;15.48;14.70;15.20;3860869;58525528.000
03/04/2010;15.40;15.48;14.40;14.55;4067802;61134456.000
03/05/2010;14.53;15.45;14.53;15.36;6017730;90984248.000
03/09/2010;15.70;16.30;15.39;15.91;7624838;121533360.000
03/10/2010;15.70;16.49;15.70;16.25;6798965;110243192.000
03/11/2010;16.38;16.38;15.80;16.20;4184086;67410632.000
03/12/2010;16.27;16.27;15.45;15.48;4118071;65205148.000
03/15/2010;15.48;15.69;14.99;15.05;2951774;44771012.000
03/16/2010;15.15;15.65;14.93;15.60;3359213;51620084.000
03/17/2010;15.78;16.45;15.55;16.30;5256925;84818880.000
03/18/2010;16.53;16.70;16.30;16.50;6626978;109456656.000
03/19/2010;16.62;16.88;16.30;16.81;5525257;91838528.000
03/22/2010;16.77;16.97;16.45;16.90;4344000;72658168.000
03/23/2010;16.92;16.92;16.31;16.50;2848200;47127440.000
