000536 闽闽东 日线
      日期	    开盘	    最高	    最低	    收盘	    成交量	    成交额
01/04/2000;3.77;3.89;3.73;3.87;515000;2946517.250
01/05/2000;3.84;3.99;3.79;3.93;669200;3909287.750
01/06/2000;3.90;3.97;3.86;3.95;967400;5649945.000
01/07/2000;3.93;4.09;3.90;4.09;1205200;7231042.000
01/10/2000;4.07;4.11;4.00;4.07;975000;5899623.000
01/11/2000;4.07;4.13;3.89;3.91;1035200;6236006.500
01/12/2000;3.89;3.93;3.79;3.81;656000;3789713.750
01/13/2000;3.77;3.90;3.75;3.85;353900;2033602.250
01/14/2000;3.85;3.89;3.73;3.78;370500;2103888.500
01/17/2000;3.74;3.79;3.59;3.59;1016800;5540757.000
01/18/2000;3.57;3.72;3.47;3.66;776700;4150277.250
01/19/2000;3.63;3.67;3.60;3.63;437200;2373169.000
01/20/2000;3.63;3.79;3.59;3.76;588600;3268289.250
01/21/2000;3.76;3.76;3.61;3.75;636200;3497507.500
01/24/2000;3.70;3.70;3.56;3.60;640200;3456917.250
01/25/2000;3.59;3.68;3.51;3.63;508500;2719566.000
01/26/2000;3.63;3.80;3.59;3.73;635300;3537817.250
01/27/2000;3.67;3.77;3.55;3.57;889900;4784622.000
01/28/2000;3.53;3.62;3.47;3.58;800900;4258674.500
02/14/2000;3.53;3.76;3.41;3.76;1190000;6609713.000
02/15/2000;3.77;3.86;3.67;3.71;1241000;6962067.000
02/16/2000;3.70;3.89;3.68;3.89;1201200;6818392.500
02/17/2000;3.70;4.03;3.70;3.77;777400;4480667.000
02/18/2000;3.72;3.95;3.67;3.95;1510000;8807001.000
02/21/2000;4.03;4.15;3.91;4.15;2199000;13578723.000
02/22/2000;4.23;4.36;4.02;4.11;2449900;15608690.000
02/23/2000;4.09;4.19;3.95;4.06;894200;5503740.500
02/24/2000;4.00;4.08;3.95;4.02;819500;4935031.500
02/25/2000;4.00;4.16;3.93;4.05;868200;5281870.000
02/28/2000;4.07;4.13;3.99;4.08;689000;4189083.500
02/29/2000;4.10;4.29;4.07;4.29;1513100;9651959.000
03/01/2000;4.40;4.50;4.20;4.23;1957400;12926251.000
03/02/2000;4.30;4.39;4.21;4.38;857200;5573342.500
03/03/2000;4.39;4.52;4.31;4.35;720800;4699681.500
03/06/2000;4.37;4.57;4.33;4.57;2017100;13639758.000
03/07/2000;4.57;4.79;4.34;4.39;3045000;21004348.000
03/08/2000;4.38;4.53;4.38;4.43;523700;3494390.250
03/09/2000;4.44;4.47;4.27;4.33;788800;5163611.500
03/10/2000;4.33;4.49;4.27;4.44;719100;4714734.500
03/13/2000;4.43;4.50;4.40;4.47;555500;3722411.250
03/14/2000;4.43;4.43;4.25;4.30;1389200;8949963.000
03/15/2000;4.27;4.37;4.23;4.29;681700;4396713.500
03/16/2000;4.27;4.38;4.20;4.21;845600;5429624.500
03/17/2000;4.21;4.33;4.13;4.31;452300;2914027.250
03/20/2000;4.30;4.52;4.19;4.48;890200;5906101.000
03/21/2000;4.48;4.71;4.41;4.71;2213800;15518743.000
03/22/2000;4.71;4.93;4.68;4.76;2055300;14860171.000
03/23/2000;4.73;4.83;4.67;4.75;833000;5950267.500
03/24/2000;4.80;4.97;4.67;4.87;1365900;10007437.000
03/27/2000;4.87;5.12;4.87;5.12;1034300;7858909.000
03/28/2000;5.33;5.37;5.06;5.07;3482700;27538482.000
03/29/2000;5.07;5.30;5.01;5.11;1727400;13318638.000
03/30/2000;5.17;5.36;5.16;5.36;1224800;9803903.000
03/31/2000;5.63;5.63;5.63;5.63;467300;3944113.250
04/03/2000;5.91;5.91;5.69;5.91;2410500;21229126.000
04/04/2000;5.80;5.95;5.61;5.73;1833100;15623488.000
04/05/2000;5.73;5.73;5.44;5.44;1739400;14302283.000
04/06/2000;5.27;5.50;5.27;5.37;1993100;16074307.000
04/07/2000;5.47;5.58;5.31;5.31;1421600;11431291.000
04/10/2000;5.31;5.33;5.13;5.29;1039900;8119160.500
04/11/2000;5.30;5.40;5.30;5.35;643900;5178263.000
04/12/2000;5.43;5.43;5.24;5.33;551700;4397471.500
04/13/2000;5.31;5.47;5.23;5.39;436700;3536727.000
04/14/2000;5.41;5.65;5.20;5.65;1621600;13557342.000
04/17/2000;5.74;5.93;5.53;5.67;1501600;12925344.000
04/18/2000;5.66;5.83;5.61;5.73;641700;5518052.500
04/19/2000;5.68;5.90;5.68;5.75;615200;5372370.000
04/20/2000;5.69;6.04;5.69;6.04;2844900;25510398.000
04/21/2000;6.07;6.11;5.85;5.93;1079900;9635362.000
04/24/2000;5.86;5.90;5.64;5.64;632500;5431613.000
04/25/2000;5.36;5.53;5.36;5.38;932500;7536653.000
04/26/2000;5.39;5.63;5.39;5.47;601100;4950321.500
04/27/2000;5.41;5.53;5.27;5.33;704600;5676741.000
04/28/2000;5.27;5.39;5.21;5.35;444500;3547556.000
05/08/2000;5.21;5.57;5.21;5.45;649200;5283206.000
05/09/2000;5.31;5.50;5.31;5.33;256700;2063643.000
05/10/2000;5.30;5.50;5.29;5.41;642600;5229723.500
05/11/2000;5.41;5.62;5.33;5.57;783300;6516225.500
05/12/2000;5.61;5.73;5.53;5.68;799900;6787546.000
05/15/2000;5.67;5.85;5.56;5.77;692800;5926275.000
05/16/2000;5.80;5.83;5.70;5.78;517200;4482196.000
05/17/2000;5.77;5.79;5.61;5.68;541000;4597556.000
05/18/2000;5.68;5.73;5.51;5.71;349300;2949503.750
05/19/2000;5.65;5.82;5.62;5.75;373800;3232089.750
05/22/2000;5.76;5.85;5.67;5.80;697100;6031462.500
05/23/2000;5.81;6.09;5.71;5.98;1715600;15418361.000
05/24/2000;6.00;6.03;5.68;5.68;1634400;14291985.000
05/25/2000;5.63;5.85;5.57;5.71;1041800;8913634.000
05/26/2000;5.73;5.92;5.71;5.87;638900;5571205.500
05/29/2000;5.87;6.10;5.80;6.02;2062100;18538176.000
05/30/2000;6.07;6.32;5.93;6.20;4261500;39739660.000
05/31/2000;6.20;6.51;6.20;6.35;5178800;50101764.000
06/01/2000;6.32;6.43;6.03;6.19;1902500;17887228.000
06/02/2000;6.13;6.33;6.03;6.19;953000;8776091.000
06/05/2000;6.25;6.27;6.04;6.05;972400;8875774.000
06/06/2000;6.05;6.23;6.05;6.20;553000;5103844.500
06/07/2000;6.40;6.40;6.20;6.23;711600;6702236.000
06/08/2000;6.23;6.25;6.07;6.08;744000;6799961.500
06/09/2000;6.08;6.22;5.92;6.05;1370700;12355631.000
06/12/2000;6.01;6.19;5.89;6.11;321200;2938825.250
06/13/2000;6.07;6.13;6.01;6.09;454400;4129027.000
06/14/2000;6.08;6.32;6.03;6.15;496000;4586911.000
06/15/2000;6.15;6.31;6.15;6.21;961300;9014337.000
06/16/2000;6.20;6.47;5.89;6.36;3346800;30918914.000
06/19/2000;6.27;6.68;6.21;6.68;6610700;65563684.000
06/20/2000;6.68;7.01;6.57;7.01;2992700;30996470.000
06/21/2000;7.18;7.37;7.18;7.37;1936500;21357960.000
06/22/2000;7.73;7.73;7.57;7.73;812800;9395923.000
06/23/2000;8.11;8.11;7.35;7.39;6262900;70322952.000
06/26/2000;7.40;7.75;7.17;7.75;1768100;20001512.000
06/27/2000;7.87;8.14;7.83;8.14;1546500;18779634.000
06/28/2000;8.32;8.50;7.87;7.92;2324400;28375158.000
06/29/2000;7.80;7.95;7.53;7.54;2141300;24391276.000
07/03/2000;7.16;7.47;7.16;7.39;966400;10613625.000
07/04/2000;7.33;7.75;7.33;7.75;919400;10636840.000
07/05/2000;7.75;7.97;7.47;7.63;828500;9633794.000
07/06/2000;7.53;7.60;7.37;7.46;459000;5122888.500
07/07/2000;7.41;7.68;7.39;7.51;315700;3555086.250
07/10/2000;7.51;7.60;7.37;7.46;601600;6691561.000
07/11/2000;7.46;7.51;7.39;7.42;310900;3464208.000
07/12/2000;7.42;7.66;7.41;7.57;283500;3217498.750
07/13/2000;7.52;7.73;7.52;7.67;418100;4781033.000
07/14/2000;7.60;7.97;7.60;7.77;676600;7958672.000
07/17/2000;7.79;7.97;7.79;7.79;307800;3633254.250
07/18/2000;7.80;7.90;7.67;7.73;214600;2495267.250
07/19/2000;7.77;7.79;7.47;7.72;458000;5203170.500
07/20/2000;7.60;7.75;7.50;7.67;374800;4278512.000
07/21/2000;7.70;7.77;7.54;7.67;488400;5591344.500
07/24/2000;7.72;7.87;7.57;7.85;376700;4398120.000
07/25/2000;7.86;8.25;7.83;8.25;1291600;15902816.000
07/26/2000;8.49;8.67;8.23;8.25;1805400;22970000.000
07/27/2000;8.25;8.51;8.11;8.41;784700;9785162.000
07/28/2000;8.41;8.67;8.33;8.65;1281900;16444703.000
07/31/2000;8.77;8.77;8.41;8.47;655200;8408264.000
08/01/2000;8.40;8.67;8.10;8.11;663100;8321458.000
08/02/2000;8.00;8.16;7.94;8.13;529600;6375075.000
08/03/2000;8.33;8.37;8.00;8.03;614600;7521184.500
08/04/2000;8.02;8.03;7.83;8.03;611700;7330759.000
08/07/2000;8.00;8.23;7.87;8.19;261700;3173251.500
08/08/2000;8.17;8.26;8.06;8.19;425500;5195163.500
08/09/2000;8.00;8.30;8.00;8.15;570200;6945280.000
08/10/2000;8.13;8.15;7.99;8.13;454000;5500447.500
08/11/2000;8.13;8.17;8.00;8.16;260300;3160334.000
08/14/2000;8.13;8.33;8.07;8.33;428900;5289489.500
08/15/2000;8.33;8.35;8.16;8.19;210100;2598460.000
08/16/2000;8.13;8.27;8.11;8.21;309100;3796753.000
08/17/2000;8.22;8.24;8.13;8.20;247000;3030925.500
08/18/2000;8.13;8.27;8.13;8.23;211500;2599108.250
08/21/2000;8.12;8.32;8.00;8.20;287600;3536968.000
08/22/2000;8.20;8.33;8.15;8.21;282900;3490537.500
08/23/2000;8.20;8.65;8.14;8.65;2980600;38400956.000
08/24/2000;8.73;8.79;8.41;8.51;1076000;13878628.000
08/25/2000;8.50;8.56;8.20;8.39;592600;7437485.500
08/28/2000;8.47;8.63;8.20;8.57;659400;8257988.500
08/29/2000;8.53;8.57;8.27;8.33;494800;6234648.500
08/30/2000;8.43;8.59;8.27;8.39;340600;4291871.000
08/31/2000;8.23;8.28;8.07;8.23;782000;9581033.000
09/01/2000;8.17;8.26;8.11;8.24;471100;5786760.500
09/04/2000;8.20;8.25;8.13;8.22;258300;3167281.750
09/05/2000;8.24;8.25;8.15;8.24;396900;4874399.500
09/06/2000;8.23;8.40;8.17;8.24;506300;6304635.500
09/07/2000;8.30;8.65;8.24;8.44;1140000;14413420.000
09/08/2000;8.50;8.65;8.27;8.37;650200;8291427.000
09/11/2000;8.38;8.50;8.11;8.19;1136800;14001731.000
09/12/2000;8.20;8.21;8.12;8.19;447800;5466840.000
09/13/2000;8.27;8.29;8.13;8.21;429900;5266021.500
09/14/2000;8.17;8.26;8.13;8.19;461800;5665258.500
09/15/2000;8.17;8.27;8.13;8.20;480200;5901597.500
09/18/2000;8.20;8.25;8.13;8.20;1312900;16121250.000
09/19/2000;8.21;8.37;8.13;8.29;846700;10481360.000
09/20/2000;8.33;8.33;8.13;8.21;472100;5812220.500
09/21/2000;8.27;8.27;8.16;8.21;582400;7183026.000
09/22/2000;8.15;8.33;8.15;8.21;490700;6046403.000
09/25/2000;8.19;8.21;7.93;8.21;741500;9116960.000
09/26/2000;8.21;8.26;8.17;8.21;532700;6560012.000
09/27/2000;8.20;8.27;8.17;8.21;406500;5012729.000
09/28/2000;8.22;8.22;8.16;8.21;506900;6238408.500
09/29/2000;8.19;8.27;8.00;8.21;788300;9681209.000
10/09/2000;8.21;8.46;8.15;8.41;1013300;12636145.000
10/10/2000;8.45;8.65;8.35;8.61;1406000;18082630.000
10/11/2000;8.67;8.72;8.33;8.45;1004000;12778817.000
10/12/2000;8.47;8.50;8.23;8.33;1110200;13913388.000
10/13/2000;8.33;8.33;8.16;8.25;598200;7363821.500
10/16/2000;8.23;8.27;8.17;8.21;552200;6797376.500
10/17/2000;8.23;8.29;8.16;8.21;567400;6981932.000
10/18/2000;8.20;8.32;8.17;8.27;932700;11503907.000
10/19/2000;8.27;8.33;8.17;8.22;1435300;17669006.000
10/20/2000;8.20;8.27;8.19;8.22;1294000;15938724.000
10/23/2000;8.19;8.23;8.17;8.21;914000;11254931.000
10/24/2000;8.32;8.59;8.20;8.29;940500;11862297.000
10/25/2000;8.29;8.33;8.17;8.24;1061000;13098704.000
10/26/2000;8.27;8.33;8.14;8.23;925000;11408573.000
10/27/2000;8.20;8.29;8.17;8.22;438000;5392814.000
10/30/2000;8.19;8.25;8.17;8.21;682200;8392980.000
10/31/2000;8.21;8.27;8.13;8.21;552900;6797589.000
11/01/2000;8.20;8.21;7.79;7.79;3206600;37788876.000
11/02/2000;7.50;7.75;7.41;7.42;4714800;52872656.000
11/03/2000;7.37;7.59;7.19;7.30;1389900;15385243.000
11/06/2000;7.27;7.30;7.07;7.29;1222400;13124658.000
11/07/2000;7.30;7.58;7.30;7.41;1190900;13305196.000
11/08/2000;7.43;7.45;7.21;7.33;610500;6664357.000
11/09/2000;7.37;7.39;7.09;7.11;905400;9737260.000
11/10/2000;7.10;7.27;7.07;7.20;811500;8690907.000
11/13/2000;7.17;7.20;7.07;7.13;830800;8872551.000
11/14/2000;7.13;7.32;7.13;7.30;660200;7177540.500
11/15/2000;7.16;7.40;7.16;7.31;521200;5733207.000
11/16/2000;7.25;7.39;7.09;7.35;493900;5383021.500
11/17/2000;7.33;7.44;7.31;7.39;492700;5473236.000
11/20/2000;7.37;7.40;7.22;7.26;615200;6697568.000
11/21/2000;7.23;7.36;7.23;7.23;700400;7642666.500
11/22/2000;7.20;7.29;7.15;7.21;462100;4992737.000
11/23/2000;7.21;7.40;7.15;7.40;636600;6952549.000
11/24/2000;7.40;7.40;7.03;7.03;587900;6341648.500
11/27/2000;6.99;7.07;6.85;7.03;685100;7114440.000
11/28/2000;7.05;7.15;7.03;7.10;262900;2792450.250
11/29/2000;7.13;7.19;6.96;7.01;331100;3516003.750
11/30/2000;6.95;7.03;6.87;6.99;404900;4224035.500
12/01/2000;7.00;7.19;6.95;7.15;626200;6621210.000
12/04/2000;7.19;7.19;7.07;7.12;335400;3579468.750
12/05/2000;7.12;7.23;7.09;7.22;533100;5731084.000
12/06/2000;7.23;7.25;6.92;6.95;506000;5360911.500
12/07/2000;6.93;7.03;6.85;6.97;554200;5747646.500
12/08/2000;6.91;6.97;6.88;6.95;384900;3993999.500
12/11/2000;6.81;7.02;6.81;6.93;340700;3534376.500
12/12/2000;6.92;7.14;6.85;7.05;420000;4389920.000
12/13/2000;7.06;7.07;6.90;6.93;234900;2458607.500
12/14/2000;6.91;7.03;6.89;6.89;289900;3027533.500
12/15/2000;6.90;7.24;6.87;7.24;1437700;15483340.000
12/18/2000;7.19;7.19;6.88;6.96;791500;8292205.500
12/19/2000;6.93;7.12;6.89;7.06;246500;2588246.500
12/20/2000;7.00;7.10;6.87;6.98;486200;5056441.000
12/21/2000;6.98;7.00;6.86;6.92;421800;4369451.000
12/22/2000;6.90;6.97;6.86;6.92;354700;3669212.250
12/25/2000;6.90;6.99;6.61;6.91;788900;8129708.500
12/26/2000;6.90;6.97;6.85;6.90;429700;4441145.000
12/27/2000;6.90;6.90;6.55;6.55;686200;6777955.000
12/29/2000;5.91;6.27;5.91;6.06;1826900;16497311.000
01/02/2001;6.11;6.11;5.92;6.00;651100;5856223.000
01/03/2001;6.29;6.30;6.13;6.27;735300;6910063.500
01/04/2001;6.20;6.20;6.01;6.10;813600;7420849.500
01/05/2001;6.10;6.10;5.92;5.95;502300;4507402.000
01/08/2001;5.87;5.92;5.65;5.65;693900;5904270.500
01/09/2001;5.54;5.54;5.37;5.45;586500;4782325.000
01/10/2001;5.47;5.73;5.47;5.73;648500;5494470.500
01/11/2001;5.73;5.89;5.61;5.81;540300;4694722.000
01/12/2001;5.82;5.84;5.69;5.79;324600;2800681.500
01/15/2001;5.73;5.79;5.62;5.64;285400;2443973.500
01/16/2001;5.60;5.70;5.53;5.65;262100;2216075.750
01/17/2001;5.63;5.70;5.60;5.64;186200;1577473.000
01/18/2001;5.65;5.72;5.58;5.63;196800;1664536.750
01/19/2001;5.63;5.80;5.63;5.79;368100;3138333.250
02/05/2001;5.80;5.83;5.65;5.72;162100;1389791.500
02/06/2001;5.63;5.70;5.51;5.63;134100;1128858.875
02/07/2001;5.61;5.75;5.47;5.48;188900;1573909.125
02/08/2001;5.43;5.43;5.21;5.21;292200;2300792.500
02/09/2001;5.03;5.18;4.95;5.11;549600;4144792.250
02/12/2001;5.05;5.10;4.87;5.05;352600;2641384.750
02/13/2001;5.12;5.31;5.05;5.31;274500;2158447.000
02/14/2001;5.43;5.46;5.21;5.25;378700;3036445.250
02/15/2001;5.23;5.35;5.14;5.16;139800;1098433.500
02/16/2001;5.16;5.16;4.90;4.90;154300;1134384.000
02/19/2001;4.65;4.92;4.65;4.86;997600;7137208.500
02/20/2001;4.72;4.91;4.67;4.80;580900;4180978.250
02/21/2001;4.56;4.56;4.56;4.56;208600;1426824.000
02/22/2001;4.33;4.50;4.33;4.33;1684000;10960118.000
02/23/2001;4.33;4.44;4.20;4.39;817800;5360843.000
02/26/2001;4.17;4.31;4.17;4.21;1856600;11694909.000
02/27/2001;4.22;4.42;4.20;4.42;2799300;18518016.000
02/28/2001;4.39;4.46;4.33;4.44;2132900;14075243.000
03/01/2001;4.47;4.51;4.36;4.37;2335700;15565419.000
03/02/2001;4.37;4.45;4.27;4.32;3686500;23931516.000
03/05/2001;4.39;4.53;4.39;4.53;3212800;21829522.000
03/06/2001;4.75;4.76;4.67;4.76;799600;5698721.500
03/07/2001;5.00;5.00;4.72;5.00;8300200;60639992.000
03/08/2001;4.96;5.06;4.75;4.79;3007700;22077148.000
03/09/2001;4.78;4.96;4.74;4.89;1722200;12518097.000
03/12/2001;4.90;5.14;4.81;5.14;2932900;22449268.000
03/13/2001;5.23;5.39;5.14;5.23;4246600;33618940.000
03/14/2001;5.21;5.35;5.13;5.31;1543900;12154210.000
03/15/2001;5.32;5.41;5.28;5.33;1573900;12634170.000
03/16/2001;5.33;5.37;5.17;5.25;1314900;10409833.000
03/19/2001;5.19;5.35;5.19;5.25;1543600;12175236.000
03/20/2001;5.27;5.51;5.15;5.51;4180000;33908688.000
03/21/2001;5.58;5.59;5.39;5.43;2293500;18815020.000
03/22/2001;5.33;5.39;5.16;5.18;4162600;32603582.000
03/23/2001;5.13;5.27;5.04;5.18;2572200;19982702.000
03/26/2001;5.18;5.30;5.17;5.24;1137300;8949186.000
03/27/2001;5.25;5.27;5.08;5.11;2200400;16983106.000
03/28/2001;5.07;5.18;4.98;5.05;2464900;18663834.000
03/29/2001;5.07;5.19;5.06;5.08;1543300;11816979.000
03/30/2001;5.07;5.12;4.97;5.04;1593800;11979279.000
04/02/2001;5.07;5.16;5.05;5.16;1327800;10191460.000
04/03/2001;5.16;5.31;5.13;5.30;2631300;20782012.000
04/04/2001;5.31;5.33;5.04;5.09;1187300;9280487.000
04/05/2001;5.07;5.23;5.04;5.20;1030000;7958111.000
04/06/2001;5.19;5.23;5.13;5.14;930400;7225264.500
04/09/2001;5.13;5.32;5.13;5.27;2090300;16521164.000
04/10/2001;5.32;5.39;5.25;5.27;1838600;14667991.000
04/11/2001;5.27;5.33;5.17;5.29;1532100;12040999.000
04/12/2001;5.27;5.33;5.13;5.17;1553300;12092813.000
04/13/2001;5.13;5.20;4.91;4.95;3042300;22759084.000
04/16/2001;4.93;5.00;4.77;4.99;2145400;15795933.000
04/17/2001;5.00;5.06;4.89;4.94;957200;7154688.500
04/18/2001;4.90;4.91;4.79;4.81;2146700;15546498.000
04/19/2001;4.74;4.81;4.73;4.77;1404600;10032900.000
04/20/2001;4.79;4.89;4.71;4.72;1011600;7300468.000
04/23/2001;4.71;4.80;4.55;4.71;1342100;9404854.000
04/24/2001;4.73;4.95;4.72;4.95;2475500;18248610.000
04/25/2001;5.04;5.13;4.95;4.98;2778400;21100930.000
04/26/2001;4.97;5.12;4.77;4.80;1563800;11675273.000
04/27/2001;4.82;5.04;4.82;5.04;2921000;21934358.000
05/11/2001;5.04;5.04;5.04;5.04;2250000;17010000.000
05/18/2001;5.00;5.00;5.00;5.00;1383600;10377000.000
05/25/2001;4.90;4.90;4.90;4.90;1825400;13416690.000
06/01/2001;4.80;4.80;4.80;4.80;2688400;19356480.000
06/08/2001;5.04;5.04;5.04;5.04;4771900;36076100.000
06/15/2001;5.29;5.29;5.29;5.29;3992100;31697878.000
06/22/2001;5.56;5.56;5.56;5.56;2814800;23476116.000
07/13/2001;5.84;5.84;5.84;5.84;277700;2433160.000
07/20/2001;6.13;6.13;6.13;6.13;453300;4170912.000
07/27/2001;6.44;6.44;6.44;6.44;1345400;12996960.000
08/03/2001;5.85;5.85;5.85;5.85;802200;7035294.000
08/10/2001;5.99;5.99;5.99;5.99;2186500;19657274.000
08/17/2001;5.99;5.99;5.99;5.99;1116400;10036436.000
09/07/2001;5.27;5.27;5.27;5.27;508300;4015570.000
09/14/2001;4.67;4.67;4.67;4.67;687400;4811800.000
09/21/2001;4.33;4.33;4.33;4.33;708307;4603995.500
09/28/2001;3.99;3.99;3.99;3.99;726600;4352334.000
10/12/2001;3.25;3.25;3.25;3.25;1070100;5222088.000
10/19/2001;2.93;2.93;2.93;2.93;2102200;9249680.000
11/23/2001;3.08;3.08;3.08;3.08;36800;170016.000
11/30/2001;3.23;3.23;3.23;3.23;25200;122220.000
12/07/2001;3.39;3.39;3.39;3.39;467300;2378684.250
12/21/2001;3.56;3.56;3.56;3.56;188870;1008565.813
12/28/2001;3.74;3.74;3.74;3.74;487644;2735682.750
01/04/2002;3.93;3.93;3.93;3.93;187022;1101559.625
01/11/2002;4.12;4.12;4.12;4.12;486599;3007181.750
01/18/2002;3.67;3.67;3.67;3.67;424800;2336400.000
01/25/2002;3.43;3.43;3.43;3.43;791500;4076225.000
02/01/2002;3.57;3.57;3.57;3.57;1071800;5734130.000
03/01/2002;3.75;3.75;3.75;3.75;430953;2421955.750
03/08/2002;3.93;3.93;3.93;3.93;557950;3291905.000
03/15/2002;4.13;4.13;4.13;4.13;360964;2237976.750
03/22/2002;4.34;4.34;4.34;4.34;202151;1316003.000
03/29/2002;4.56;4.56;4.56;4.56;419640;2870337.500
04/05/2002;4.79;4.79;4.79;4.79;406639;2919668.000
04/12/2002;5.03;5.03;5.03;5.03;554017;4177288.250
04/19/2002;5.28;5.28;5.28;5.28;1267700;10040184.000
06/28/2002;7.25;8.25;7.25;7.29;20610540;234598320.000
07/02/2002;6.93;6.93;6.93;6.93;229500;2384505.000
07/03/2002;6.58;6.80;6.58;6.58;7584035;75440400.000
07/04/2002;6.53;6.72;6.52;6.65;3189479;31708924.000
07/05/2002;6.67;6.70;6.44;6.49;1935990;18942482.000
07/08/2002;6.49;6.55;6.43;6.52;1547749;15065488.000
07/09/2002;6.53;6.55;6.27;6.32;2086834;20059666.000
07/10/2002;6.32;6.51;6.30;6.33;2202937;21127536.000
07/11/2002;6.33;6.40;6.21;6.27;1506753;14159378.000
07/12/2002;6.27;6.36;6.23;6.25;862391;8152896.000
07/15/2002;6.27;6.32;6.07;6.13;1011343;9390214.000
07/16/2002;6.13;6.24;6.12;6.17;664592;6152953.500
07/17/2002;6.17;6.27;6.17;6.27;668056;6224853.000
07/18/2002;6.27;6.27;6.19;6.21;590383;5518317.500
07/19/2002;6.23;6.53;6.22;6.46;3175028;30704800.000
07/22/2002;6.43;6.51;6.37;6.39;1056540;10187350.000
07/23/2002;6.39;6.43;6.25;6.27;759686;7205916.000
07/24/2002;6.27;6.30;6.19;6.24;523969;4890824.500
07/25/2002;6.27;6.32;6.19;6.22;494687;4631720.500
07/26/2002;6.22;6.23;6.08;6.11;795619;7341785.500
07/29/2002;6.08;6.10;5.99;6.06;639034;5778720.500
07/30/2002;6.09;6.13;6.05;6.09;350006;3194003.750
07/31/2002;6.13;6.13;6.07;6.09;253152;2317424.750
08/01/2002;6.07;6.13;6.03;6.10;336261;3071978.250
08/02/2002;6.08;6.17;6.08;6.15;251312;2311363.250
08/05/2002;6.19;6.19;6.11;6.12;307800;2834545.000
08/06/2002;6.11;6.17;6.07;6.15;550967;5053124.500
08/07/2002;6.15;6.15;6.09;6.13;281360;2578750.250
08/08/2002;6.12;6.12;5.99;6.01;773018;7015532.000
08/09/2002;6.02;6.06;5.80;5.86;1114264;9855802.000
08/12/2002;5.83;5.98;5.74;5.93;626939;5537673.000
08/13/2002;5.93;5.96;5.76;5.79;492740;4335799.000
08/14/2002;5.79;5.85;5.75;5.84;400008;3491598.250
08/15/2002;5.83;5.92;5.81;5.85;464651;4092310.750
08/16/2002;5.81;5.85;5.71;5.82;452427;3925134.750
08/19/2002;5.78;5.80;5.74;5.74;259629;2247082.750
08/20/2002;5.74;5.85;5.73;5.82;528409;4591420.500
08/21/2002;5.83;5.91;5.81;5.86;459857;4047206.500
08/22/2002;5.86;6.03;5.81;5.95;835253;7468534.500
08/23/2002;6.00;6.00;5.87;5.89;313038;2771884.500
08/26/2002;5.90;5.93;5.87;5.88;347250;3074351.500
08/27/2002;5.87;6.08;5.87;5.99;769043;6920660.500
08/28/2002;6.04;6.04;5.93;5.94;383967;3443704.000
08/29/2002;5.94;5.95;5.83;5.83;447340;3934975.250
08/30/2002;5.83;5.88;5.81;5.82;255217;2231525.750
09/02/2002;5.82;5.85;5.79;5.83;272124;2373674.750
09/03/2002;5.83;5.97;5.82;5.87;358948;3170531.750
09/04/2002;5.86;5.86;5.79;5.82;296600;2584477.000
09/05/2002;5.80;5.81;5.71;5.72;495319;4272188.000
09/06/2002;5.72;5.77;5.70;5.71;275485;2367660.000
09/09/2002;5.67;5.73;5.54;5.58;361563;3059716.500
09/10/2002;5.62;5.64;5.57;5.61;279428;2343563.000
09/11/2002;5.61;5.61;5.51;5.59;389994;3250449.250
09/12/2002;5.59;5.73;5.56;5.70;257394;2172789.000
09/13/2002;5.61;5.68;5.61;5.61;157490;1331224.250
09/16/2002;5.60;5.60;5.43;5.45;349808;2880046.250
09/17/2002;5.43;5.50;5.25;5.28;820185;6556850.500
09/18/2002;5.23;5.28;5.14;5.25;624055;4882562.000
09/19/2002;5.25;5.37;5.19;5.33;399523;3169698.250
09/20/2002;5.33;5.33;5.22;5.24;203810;1616218.875
09/23/2002;5.21;5.27;5.19;5.23;216300;1698183.000
09/24/2002;5.23;5.25;5.13;5.14;472500;3684045.000
09/25/2002;5.14;5.40;5.04;5.35;1862604;14808378.000
09/26/2002;5.33;5.33;5.17;5.19;792077;6211053.500
09/27/2002;5.23;5.26;5.07;5.11;461989;3569784.750
10/08/2002;5.07;5.10;4.96;5.01;448888;3375534.500
10/09/2002;5.02;5.03;4.81;4.83;701749;5140536.000
10/10/2002;4.80;4.96;4.79;4.85;361796;2645368.750
10/11/2002;4.87;4.97;4.83;4.87;265818;1953254.250
10/14/2002;4.87;4.98;4.85;4.97;400385;2963523.250
10/15/2002;4.97;5.05;4.92;4.96;504668;3781082.750
10/16/2002;4.99;5.01;4.90;4.97;389230;2900436.750
10/17/2002;4.98;4.98;4.79;4.79;464472;3395731.000
10/18/2002;4.79;4.85;4.71;4.81;354510;2550501.000
10/21/2002;4.81;5.04;4.76;5.00;629975;4668320.000
10/22/2002;5.00;5.25;4.95;5.13;1394998;10741444.000
10/23/2002;5.10;5.24;5.09;5.13;1028188;7955512.500
10/24/2002;5.11;5.13;5.01;5.07;551556;4193783.000
10/25/2002;5.11;5.14;5.04;5.05;488485;3726889.250
10/28/2002;5.03;5.07;4.81;4.82;529990;3900252.500
10/29/2002;4.81;4.91;4.71;4.87;445872;3204971.750
10/30/2002;4.83;4.99;4.80;4.91;398003;2931139.750
10/31/2002;4.90;4.95;4.80;4.81;434340;3178656.750
11/01/2002;4.81;4.87;4.72;4.81;355389;2554580.250
11/04/2002;4.87;4.87;4.80;4.84;253320;1838865.000
11/05/2002;4.85;5.04;4.84;5.01;728780;5410223.500
11/06/2002;5.00;5.05;4.95;5.00;358293;2694464.250
11/07/2002;5.00;5.03;4.93;5.00;380626;2851304.000
11/08/2002;5.06;5.09;4.75;4.75;814324;5912603.500
11/11/2002;4.75;4.83;4.72;4.75;496530;3553425.000
11/12/2002;4.75;4.79;4.51;4.51;1302490;8905725.000
11/13/2002;4.44;4.53;4.35;4.51;695647;4634571.500
11/14/2002;4.46;4.55;4.31;4.33;401990;2673204.500
11/15/2002;4.27;4.39;4.26;4.29;595142;3859743.500
11/18/2002;4.30;4.33;4.15;4.23;364210;2313089.750
11/19/2002;4.21;4.33;4.21;4.31;383838;2456720.500
11/20/2002;4.23;4.28;4.10;4.10;604800;3755361.750
11/21/2002;4.07;4.10;3.89;3.89;873950;5156777.000
11/22/2002;3.92;4.03;3.77;3.88;657618;3856139.750
11/25/2002;3.88;4.03;3.84;3.98;634403;3783070.750
11/26/2002;3.97;4.04;3.78;3.78;524199;3052149.500
11/27/2002;3.77;3.90;3.68;3.87;387253;2198518.750
11/28/2002;3.86;4.02;3.81;4.01;653800;3868033.250
11/29/2002;4.01;4.14;3.95;4.04;1108058;6762546.000
12/02/2002;4.06;4.06;3.87;3.87;414000;2471595.500
12/03/2002;3.83;3.99;3.83;3.99;358800;2112573.500
12/04/2002;3.99;4.19;3.97;4.07;788296;4840401.000
12/05/2002;4.00;4.09;3.97;4.03;473370;2858120.250
12/06/2002;4.00;4.05;3.93;3.97;786912;4720502.000
12/10/2002;4.00;4.13;3.98;3.99;1327931;8026524.000
12/11/2002;3.97;4.00;3.80;3.91;672500;3913606.750
12/12/2002;3.93;4.10;3.93;4.10;1267424;7785607.500
12/13/2002;4.11;4.30;4.06;4.25;4057938;25484856.000
12/16/2002;4.22;4.29;4.18;4.27;1724867;10928498.000
12/17/2002;4.27;4.33;4.22;4.31;1312282;8405280.000
12/18/2002;4.31;4.31;4.18;4.19;1152847;7340527.500
12/19/2002;4.17;4.25;4.17;4.25;528849;3340792.000
12/20/2002;4.30;4.47;4.30;4.47;3215413;21468134.000
12/23/2002;4.47;4.54;4.43;4.47;1249327;8395946.000
12/24/2002;4.45;4.62;4.40;4.57;884100;5994618.500
12/25/2002;4.59;4.67;4.50;4.51;1182075;8137591.500
12/26/2002;4.51;4.53;4.29;4.29;1530700;10010130.000
12/27/2002;4.27;4.37;4.14;4.34;1090807;6955311.000
12/31/2002;4.25;4.35;4.15;4.16;757900;4835546.000
01/02/2003;4.07;4.24;4.07;4.15;490629;3052598.000
01/03/2003;4.10;4.30;4.10;4.28;576386;3652067.500
01/06/2003;4.33;4.37;4.25;4.35;494943;3202287.250
01/07/2003;4.35;4.39;4.22;4.29;429430;2768782.250
01/08/2003;4.28;4.45;4.26;4.43;574139;3748559.000
01/09/2003;4.43;4.51;4.38;4.49;814983;5441491.500
01/10/2003;4.48;4.48;4.35;4.35;676539;4478308.000
01/13/2003;4.33;4.57;4.32;4.51;843530;5672841.500
01/14/2003;4.47;4.63;4.47;4.63;1306982;8972683.000
01/15/2003;4.60;4.79;4.58;4.63;1349063;9461240.000
01/16/2003;4.62;4.80;4.62;4.75;882512;6276529.000
01/17/2003;4.70;4.89;4.65;4.74;1124446;8044170.000
01/20/2003;4.70;4.79;4.67;4.75;575910;4071491.500
01/21/2003;4.75;4.86;4.71;4.71;752650;5392990.000
01/22/2003;4.68;4.85;4.62;4.79;1114461;7949676.500
01/23/2003;4.77;4.90;4.60;4.71;1276255;9011971.000
01/24/2003;4.69;4.77;4.52;4.65;790145;5477160.500
01/27/2003;4.69;4.79;4.63;4.71;567177;4011150.500
01/28/2003;4.70;4.77;4.69;4.73;303451;2147100.500
01/29/2003;4.77;4.77;4.69;4.72;304400;2154063.750
02/10/2003;4.73;4.79;4.70;4.77;457600;3269630.500
02/11/2003;4.77;4.80;4.75;4.77;303179;2171284.250
02/12/2003;4.77;4.93;4.77;4.88;718000;5249633.000
02/13/2003;4.88;4.93;4.81;4.83;462990;3379991.750
02/14/2003;4.83;4.87;4.79;4.83;296346;2142322.000
02/17/2003;4.86;4.86;4.72;4.75;422733;3027738.500
02/18/2003;4.74;4.75;4.65;4.69;619001;4350044.000
02/19/2003;4.68;4.77;4.67;4.75;420599;2973990.000
02/20/2003;4.75;4.81;4.73;4.73;350330;2500377.250
02/21/2003;4.73;4.75;4.62;4.64;446517;3125796.750
02/24/2003;4.64;4.70;4.61;4.70;475649;3323087.750
02/25/2003;4.67;4.77;4.67;4.77;442829;3150138.750
02/26/2003;4.77;4.81;4.73;4.79;289098;2069185.250
02/27/2003;4.80;4.80;4.73;4.75;182274;1301463.000
02/28/2003;4.75;4.77;4.69;4.70;163363;1157232.125
03/03/2003;4.73;4.73;4.61;4.69;355201;2481894.000
03/04/2003;4.70;4.70;4.65;4.66;250250;1751324.500
03/05/2003;4.67;4.68;4.61;4.65;154302;1073600.500
03/06/2003;4.67;4.72;4.61;4.65;209224;1463431.625
03/07/2003;4.65;4.73;4.61;4.70;290547;2038829.000
03/10/2003;4.69;4.69;4.52;4.53;530002;3623459.000
03/11/2003;4.50;4.63;4.47;4.61;434360;2958099.750
03/12/2003;4.61;4.67;4.52;4.55;301900;2072767.000
03/13/2003;4.55;4.59;4.51;4.52;181250;1233927.000
03/14/2003;4.55;4.57;4.48;4.49;115000;778399.000
03/17/2003;4.45;4.48;4.37;4.41;382151;2532217.500
03/18/2003;4.41;4.47;4.38;4.38;193442;1284876.625
03/19/2003;4.39;4.40;4.30;4.32;259200;1684809.875
03/20/2003;4.33;4.37;4.23;4.32;390402;2510583.000
03/21/2003;4.35;4.41;4.32;4.36;227678;1491033.375
03/24/2003;4.33;4.41;4.33;4.39;79619;523640.063
03/25/2003;4.39;4.41;4.30;4.34;132965;866971.875
03/26/2003;4.33;4.39;4.30;4.39;438728;2853297.500
03/27/2003;4.39;4.49;4.34;4.46;690861;4606225.500
03/28/2003;4.46;4.46;4.37;4.39;309400;2051826.250
03/31/2003;4.37;4.51;4.37;4.50;589994;3915406.250
04/01/2003;4.49;4.57;4.47;4.51;556760;3783753.000
04/02/2003;4.50;4.51;4.45;4.45;278443;1870355.750
04/03/2003;4.45;4.48;4.37;4.43;262982;1743640.750
04/04/2003;4.43;4.44;4.37;4.40;195631;1289209.625
04/07/2003;4.40;4.41;4.31;4.33;265199;1738114.375
04/08/2003;4.33;4.37;4.23;4.23;404169;2593638.250
04/09/2003;4.21;4.27;4.11;4.25;775353;4844307.000
04/10/2003;4.25;4.30;4.15;4.22;828750;5273336.000
04/11/2003;4.22;4.25;4.15;4.23;709600;4466611.000
04/14/2003;4.21;4.37;4.15;4.33;827229;5269599.000
04/15/2003;4.27;4.31;4.20;4.22;939064;5986422.500
04/16/2003;4.21;4.27;4.07;4.09;928568;5847202.000
04/17/2003;4.09;4.13;4.02;4.08;735495;4479092.500
04/18/2003;4.08;4.19;4.04;4.15;527271;3264029.250
04/21/2003;4.15;4.29;4.05;4.24;1369760;8656477.000
04/22/2003;4.24;4.24;4.17;4.18;231430;1454044.500
04/23/2003;4.11;4.20;4.08;4.17;414042;2569578.000
04/24/2003;4.17;4.23;3.96;3.97;602072;3679340.000
04/25/2003;3.94;4.01;3.87;3.90;333900;1962667.000
04/28/2003;3.86;3.89;3.71;3.78;637181;3592048.750
04/29/2003;3.77;3.93;3.74;3.86;628212;3601086.250
04/30/2003;3.87;3.99;3.75;3.77;529880;3091515.250
05/12/2003;3.74;3.80;3.59;3.59;357681;1958543.125
05/13/2003;3.47;3.69;3.47;3.60;645339;3482241.750
05/14/2003;3.59;3.76;3.59;3.71;450332;2491089.750
05/15/2003;3.70;3.75;3.61;3.72;368087;2034600.000
05/16/2003;3.69;3.74;3.67;3.71;156309;871011.938
05/19/2003;3.71;3.85;3.71;3.80;307009;1742642.625
05/20/2003;3.73;3.84;3.70;3.77;220982;1255439.750
05/21/2003;3.78;3.83;3.74;3.82;162457;920759.875
05/22/2003;3.81;3.89;3.78;3.89;244002;1411666.125
05/23/2003;3.87;3.87;3.80;3.82;265555;1521831.000
05/26/2003;3.83;3.87;3.83;3.85;140679;812940.438
05/27/2003;3.85;3.90;3.80;3.89;220935;1280156.500
05/28/2003;3.89;4.05;3.87;4.03;1423384;8483507.000
05/29/2003;4.03;4.18;3.88;3.95;955808;5769263.500
05/30/2003;3.97;4.00;3.90;3.97;364479;2163766.750
06/02/2003;3.97;3.98;3.91;3.97;387418;2291079.500
06/03/2003;3.93;4.08;3.93;3.99;819100;4924173.000
06/04/2003;3.99;3.99;3.82;3.85;457894;2660411.750
06/05/2003;3.85;3.93;3.82;3.87;232700;1357270.125
06/06/2003;3.87;3.91;3.84;3.84;119600;692175.000
06/09/2003;3.83;3.88;3.75;3.76;243950;1397157.250
06/10/2003;3.74;3.83;3.74;3.80;133850;762484.000
06/11/2003;3.83;3.83;3.79;3.82;227300;1298031.625
06/12/2003;3.82;3.91;3.82;3.88;312100;1812695.750
06/17/2003;3.87;3.98;3.87;3.96;1129177;6692890.500
06/18/2003;3.95;3.97;3.90;3.97;454239;2686586.250
06/19/2003;3.98;4.02;3.90;3.91;703837;4189692.500
06/20/2003;3.93;3.96;3.84;3.89;383299;2236612.750
06/23/2003;3.85;3.90;3.73;3.74;347150;1966684.000
06/24/2003;3.75;3.80;3.67;3.75;276991;1546534.500
06/25/2003;3.70;3.79;3.70;3.75;165149;928341.313
06/26/2003;3.75;3.75;3.61;3.68;295645;1627137.500
06/27/2003;3.73;3.73;3.63;3.65;201200;1105961.000
06/30/2003;3.70;3.83;3.67;3.83;328004;1879639.250
07/01/2003;3.87;3.91;3.64;3.66;621778;3526348.500
07/02/2003;3.65;3.72;3.61;3.70;243800;1338656.000
07/03/2003;3.71;3.86;3.67;3.81;327745;1861886.750
07/04/2003;3.80;3.84;3.75;3.81;122700;696205.000
07/07/2003;3.79;3.79;3.67;3.72;133868;744069.688
07/08/2003;3.76;3.80;3.69;3.75;176900;997525.250
07/09/2003;3.80;3.89;3.78;3.85;536536;3093615.250
07/10/2003;3.84;3.87;3.78;3.85;220406;1263623.250
07/11/2003;3.87;3.89;3.80;3.83;228595;1316456.750
07/14/2003;3.83;3.84;3.73;3.81;300095;1707002.625
07/15/2003;3.79;3.82;3.72;3.77;357800;2028566.250
07/16/2003;3.77;3.85;3.75;3.82;629506;3582745.500
07/17/2003;3.85;3.85;3.77;3.78;311552;1777942.750
07/18/2003;3.81;3.81;3.63;3.64;416900;2319427.250
07/21/2003;3.62;3.67;3.49;3.53;478600;2544903.000
07/22/2003;3.54;3.65;3.52;3.57;165000;879063.000
07/23/2003;3.57;3.61;3.53;3.58;256250;1379807.750
07/24/2003;3.58;3.58;3.49;3.51;171150;905834.500
07/25/2003;3.49;3.56;3.47;3.47;156105;817453.375
07/28/2003;3.48;3.48;3.41;3.46;164100;850490.000
07/29/2003;3.46;3.55;3.43;3.52;169573;892439.000
07/30/2003;3.52;3.55;3.47;3.51;109300;575496.000
07/31/2003;3.45;3.51;3.45;3.51;123500;643341.750
08/01/2003;3.47;3.50;3.41;3.46;130005;669648.625
08/04/2003;3.43;3.51;3.43;3.49;157660;820148.875
08/05/2003;3.47;3.53;3.43;3.51;201040;1056338.500
08/06/2003;3.51;3.55;3.49;3.52;140600;742122.063
08/07/2003;3.53;3.55;3.49;3.53;126600;667747.000
08/08/2003;3.52;3.57;3.50;3.53;217300;1150679.000
08/11/2003;3.52;3.55;3.47;3.51;88733;468380.625
08/12/2003;3.54;3.62;3.49;3.58;307822;1647753.375
08/13/2003;3.57;3.58;3.49;3.50;208442;1099073.125
08/14/2003;3.47;3.54;3.47;3.50;92900;488792.000
08/15/2003;3.49;3.50;3.44;3.47;123941;644204.063
08/18/2003;3.47;3.51;3.47;3.49;117210;614703.313
08/19/2003;3.49;3.51;3.47;3.50;190600;1000236.000
08/20/2003;3.49;3.49;3.41;3.45;179299;925726.875
08/21/2003;3.41;3.47;3.41;3.45;168141;870522.625
08/22/2003;3.45;3.47;3.40;3.43;104380;536384.625
08/25/2003;3.41;3.43;3.35;3.37;180750;917381.313
08/26/2003;3.39;3.43;3.33;3.37;234690;1184821.750
08/27/2003;3.38;3.43;3.35;3.39;233799;1191296.750
08/28/2003;3.40;3.42;3.27;3.28;209500;1048399.000
08/29/2003;3.29;3.29;3.17;3.20;615807;2969456.500
09/01/2003;3.20;3.25;3.19;3.24;430619;2085195.375
09/02/2003;3.25;3.27;3.23;3.27;288098;1408235.375
09/03/2003;3.25;3.29;3.23;3.27;189300;925904.938
09/04/2003;3.27;3.43;3.27;3.39;960745;4859303.500
09/05/2003;3.37;3.39;3.29;3.30;325584;1634260.125
09/08/2003;3.28;3.35;3.28;3.30;198554;984146.813
09/09/2003;3.32;3.43;3.29;3.39;458038;2318356.500
09/10/2003;3.39;3.41;3.32;3.33;323638;1625542.500
09/11/2003;3.31;3.39;3.31;3.33;102550;513094.688
09/12/2003;3.31;3.33;3.23;3.24;311650;1526485.500
09/15/2003;3.30;3.30;3.21;3.24;160200;783882.375
09/16/2003;3.29;3.29;3.23;3.26;96080;468309.000
09/17/2003;3.29;3.37;3.25;3.36;469166;2341944.000
09/18/2003;3.35;3.37;3.28;3.31;147200;733500.000
09/19/2003;3.31;3.37;3.31;3.35;216792;1084000.000
09/22/2003;3.35;3.39;3.28;3.31;117500;584801.438
09/23/2003;3.35;3.37;3.31;3.35;92386;462977.563
09/24/2003;3.37;3.37;3.31;3.34;136504;682277.063
09/25/2003;3.33;3.34;3.24;3.24;199000;979965.000
09/26/2003;3.27;3.27;3.21;3.23;176158;854284.000
09/29/2003;3.21;3.26;3.11;3.14;192904;918001.625
09/30/2003;3.12;3.17;3.07;3.15;184824;863162.813
10/08/2003;3.13;3.19;3.08;3.17;101499;477168.406
10/09/2003;3.11;3.19;3.11;3.12;87951;414683.156
10/10/2003;3.13;3.19;3.07;3.17;177341;834916.313
10/13/2003;3.13;3.21;3.13;3.17;136100;647374.938
10/14/2003;3.20;3.26;3.17;3.25;354110;1717386.250
10/15/2003;3.25;3.25;3.19;3.22;94108;454009.406
10/16/2003;3.22;3.22;3.09;3.13;80919;382308.125
10/17/2003;3.11;3.15;3.10;3.13;101800;475850.969
10/20/2003;3.13;3.13;3.05;3.07;237200;1094112.000
10/21/2003;3.07;3.07;3.00;3.04;388147;1763564.125
10/22/2003;3.03;3.09;3.02;3.08;198715;910524.000
10/23/2003;3.07;3.09;3.01;3.05;133976;611892.813
10/24/2003;3.05;3.05;2.89;2.89;357000;1565616.500
10/27/2003;2.88;2.88;2.75;2.77;550344;2288618.500
10/28/2003;2.77;2.82;2.68;2.72;257995;1061235.000
10/29/2003;2.71;2.76;2.59;2.61;354900;1414306.000
10/30/2003;2.61;2.61;2.51;2.59;263181;1009780.688
10/31/2003;2.59;2.70;2.57;2.67;265748;1060871.625
11/03/2003;2.68;2.68;2.59;2.63;185100;727161.000
11/04/2003;2.65;2.67;2.60;2.65;235441;934281.250
11/05/2003;2.66;2.66;2.52;2.52;289880;1120769.625
11/06/2003;2.52;2.52;2.39;2.39;578223;2087486.750
11/07/2003;2.36;2.39;2.27;2.37;514115;1788832.875
11/10/2003;2.33;2.37;2.27;2.32;236853;825324.875
11/11/2003;2.31;2.37;2.30;2.37;168191;591962.250
11/12/2003;2.35;2.37;2.31;2.33;154400;537523.000
11/13/2003;2.31;2.39;2.31;2.38;297678;1052233.750
11/14/2003;2.37;2.39;2.34;2.37;97879;347616.875
11/17/2003;2.37;2.39;2.31;2.39;182200;644439.000
11/18/2003;2.37;2.43;2.35;2.39;296160;1065189.375
11/19/2003;2.32;2.41;2.32;2.41;304132;1086120.875
11/20/2003;2.40;2.49;2.37;2.47;535500;1960270.375
11/21/2003;2.48;2.52;2.43;2.45;410132;1516162.625
11/24/2003;2.43;2.50;2.39;2.49;284040;1047947.000
11/25/2003;2.49;2.57;2.47;2.55;594128;2256039.000
11/26/2003;2.53;2.62;2.52;2.55;475410;1828947.125
11/27/2003;2.54;2.54;2.43;2.43;324060;1204094.125
11/28/2003;2.45;2.47;2.39;2.43;171384;622105.188
12/01/2003;2.41;2.54;2.41;2.54;396677;1469498.250
12/02/2003;2.59;2.62;2.55;2.61;625357;2417834.500
12/03/2003;2.61;2.62;2.53;2.59;211277;811389.313
12/04/2003;2.59;2.59;2.53;2.55;343700;1315407.000
12/05/2003;2.55;2.59;2.55;2.58;230790;889232.625
12/08/2003;2.59;2.61;2.55;2.58;395200;1537370.375
12/09/2003;2.58;2.59;2.47;2.53;161850;614061.500
12/10/2003;2.52;2.53;2.47;2.51;293641;1100502.250
12/11/2003;2.51;2.53;2.49;2.50;284300;1066109.375
12/12/2003;2.51;2.59;2.51;2.56;408962;1570741.375
12/15/2003;2.53;2.60;2.53;2.59;224858;869232.313
12/16/2003;2.57;2.62;2.53;2.58;305500;1178927.500
12/17/2003;2.59;2.59;2.49;2.52;216301;826726.875
12/18/2003;2.47;2.51;2.39;2.39;346101;1254204.625
12/19/2003;2.39;2.39;2.27;2.27;682800;2338327.500
12/22/2003;2.16;2.22;2.16;2.21;671678;2186239.750
12/23/2003;2.18;2.27;2.18;2.21;351675;1183006.500
12/24/2003;2.21;2.30;2.14;2.17;425898;1407339.625
12/25/2003;2.15;2.24;2.15;2.21;514611;1691867.125
12/26/2003;2.25;2.25;2.17;2.19;203011;668416.250
12/29/2003;2.19;2.20;2.08;2.08;599476;1901101.500
12/30/2003;2.08;2.08;1.97;1.98;800256;2401185.250
12/31/2003;1.96;2.07;1.95;2.02;569874;1724687.500
01/02/2004;2.01;2.09;2.01;2.09;276802;856831.875
01/05/2004;2.11;2.13;2.00;2.10;361632;1124591.625
01/06/2004;2.10;2.15;2.00;2.12;441239;1374212.000
01/07/2004;2.10;2.13;2.07;2.09;263588;828088.688
01/08/2004;2.09;2.10;2.02;2.07;380251;1170737.125
01/09/2004;2.06;2.15;2.03;2.13;727992;2280436.750
01/12/2004;2.13;2.15;2.07;2.11;266617;840591.125
01/13/2004;2.11;2.13;2.07;2.13;359041;1133641.500
01/14/2004;2.13;2.16;2.09;2.15;358444;1146524.125
01/15/2004;2.14;2.18;2.10;2.10;387985;1245447.500
01/16/2004;2.09;2.15;2.08;2.12;267600;843932.000
01/29/2004;2.13;2.19;2.09;2.18;369400;1194428.000
01/30/2004;2.18;2.29;2.17;2.29;837505;2842690.500
02/02/2004;2.36;2.40;2.25;2.40;992420;3531680.000
02/03/2004;2.45;2.52;2.41;2.52;711320;2658785.750
02/04/2004;2.64;2.65;2.59;2.65;597707;2365895.750
02/05/2004;2.78;2.78;2.73;2.78;523490;2181440.000
02/06/2004;2.92;2.92;2.67;2.92;3656443;15561240.000
02/09/2004;2.90;3.05;2.77;2.95;2194750;9679188.000
02/10/2004;2.93;3.03;2.90;2.97;1168724;5199228.000
02/11/2004;2.93;2.98;2.87;2.94;577458;2537963.000
02/12/2004;2.94;3.09;2.93;3.09;1796136;8279088.000
02/13/2004;3.09;3.10;2.93;2.93;975169;4313262.500
02/16/2004;2.81;2.93;2.79;2.93;927499;3955411.250
02/17/2004;2.87;2.91;2.85;2.89;698092;3014637.750
02/18/2004;2.93;3.00;2.88;2.97;707480;3141798.000
02/19/2004;2.96;3.06;2.96;3.05;713487;3233700.000
02/20/2004;3.05;3.12;3.01;3.05;443024;2032232.500
02/23/2004;3.05;3.20;2.99;3.19;1303410;6131681.500
02/24/2004;3.19;3.35;3.13;3.27;2115692;10368299.000
02/25/2004;3.27;3.37;3.16;3.21;1074628;5221439.500
02/26/2004;3.19;3.23;3.05;3.05;688900;3180878.000
02/27/2004;2.94;3.16;2.90;3.06;854470;3812253.000
03/01/2004;3.04;3.09;3.00;3.05;217855;994695.625
03/02/2004;3.05;3.20;3.05;3.20;1174429;5611476.000
03/03/2004;3.23;3.30;3.17;3.21;785147;3818406.000
03/04/2004;3.23;3.25;3.05;3.10;814081;3759909.000
03/05/2004;3.11;3.11;3.01;3.07;324724;1488391.750
03/08/2004;3.02;3.07;2.92;2.92;311480;1396504.750
03/09/2004;2.89;2.97;2.89;2.93;236600;1044210.625
03/10/2004;2.95;3.00;2.87;2.98;311860;1374349.375
03/11/2004;2.98;3.03;2.93;3.03;488909;2194078.000
03/12/2004;3.00;3.04;2.98;3.00;324301;1469904.875
03/15/2004;3.01;3.06;3.00;3.03;482790;2188579.000
03/16/2004;3.03;3.15;3.01;3.13;527874;2448885.750
03/17/2004;3.10;3.14;3.07;3.09;240803;1117034.125
03/18/2004;3.07;3.12;2.97;2.99;387089;1755886.625
03/19/2004;2.99;3.05;2.94;3.02;325417;1457227.375
03/22/2004;3.02;3.02;2.95;2.98;331630;1484126.750
03/23/2004;2.99;3.05;2.94;2.99;265718;1194632.000
03/24/2004;2.99;3.13;2.99;3.13;1235290;5790601.000
03/25/2004;3.15;3.19;3.09;3.10;763200;3601642.000
03/26/2004;3.08;3.17;3.08;3.10;293936;1380054.125
03/29/2004;3.08;3.13;3.08;3.10;251750;1175183.000
03/30/2004;3.13;3.25;3.06;3.25;1037744;4983085.000
03/31/2004;3.25;3.39;3.18;3.37;1516088;7554081.000
04/01/2004;3.37;3.37;3.21;3.25;599300;2944335.000
04/02/2004;3.13;3.24;3.13;3.22;860108;4117288.500
04/05/2004;3.23;3.23;3.11;3.19;582950;2775191.000
04/06/2004;3.13;3.19;3.13;3.17;403099;1909212.250
04/07/2004;3.15;3.23;3.13;3.19;559200;2669980.000
04/08/2004;3.19;3.25;3.17;3.25;731209;3529529.750
04/09/2004;3.37;3.37;3.13;3.15;739409;3562393.250
04/12/2004;3.15;3.17;3.09;3.11;369490;1735999.500
04/13/2004;3.13;3.13;3.01;3.03;589710;2720143.500
04/14/2004;3.01;3.02;2.91;2.95;546000;2428130.500
04/15/2004;2.94;2.99;2.90;2.91;258000;1134563.625
04/16/2004;2.91;2.97;2.76;2.85;403473;1708715.250
04/19/2004;2.87;2.90;2.81;2.89;239217;1028578.438
04/20/2004;2.82;2.89;2.82;2.87;95037;406968.125
04/21/2004;2.87;2.87;2.77;2.78;307000;1291511.000
04/23/2004;2.67;2.75;2.64;2.72;763778;3078721.500
04/26/2004;2.71;2.73;2.61;2.63;392194;1554897.875
04/27/2004;2.63;2.69;2.59;2.69;273576;1086936.000
04/28/2004;2.64;2.69;2.62;2.69;170499;680625.063
04/29/2004;2.70;2.82;2.70;2.82;293170;1229400.250
04/30/2004;2.84;2.92;2.79;2.86;385997;1652287.375
05/10/2004;2.83;2.83;2.77;2.79;103965;436135.406
05/11/2004;2.79;2.83;2.73;2.83;154180;640588.000
05/12/2004;2.84;2.88;2.81;2.85;138858;591693.313
05/13/2004;2.85;2.86;2.81;2.85;115908;493484.750
05/14/2004;2.81;2.83;2.75;2.79;133500;556807.000
05/17/2004;2.75;2.77;2.71;2.71;159600;655331.000
05/18/2004;2.71;2.78;2.70;2.78;96195;393528.781
05/19/2004;2.79;2.85;2.75;2.79;118200;497768.000
05/20/2004;2.80;2.82;2.75;2.77;83500;348065.000
05/21/2004;2.81;2.81;2.76;2.81;68033;284849.938
05/24/2004;2.78;2.83;2.77;2.81;56460;236504.594
05/25/2004;2.80;2.80;2.67;2.73;138900;568043.000
05/26/2004;2.69;2.75;2.68;2.70;157000;639320.000
05/27/2004;2.71;2.80;2.67;2.76;155362;635448.750
05/28/2004;2.75;2.77;2.71;2.75;115000;469612.000
05/31/2004;2.72;2.77;2.71;2.77;68300;280440.000
06/01/2004;2.77;2.82;2.76;2.82;99553;416529.219
06/02/2004;2.78;2.83;2.78;2.80;163890;691728.000
06/03/2004;2.81;2.82;2.74;2.76;71543;296992.719
06/04/2004;2.73;2.75;2.68;2.70;189390;767222.813
06/07/2004;2.68;2.80;2.67;2.73;364900;1509780.500
06/08/2004;2.70;2.71;2.69;2.69;84700;343063.000
06/09/2004;2.69;2.72;2.55;2.56;256700;1010632.000
06/10/2004;2.53;2.60;2.48;2.53;267497;1020141.625
06/11/2004;2.53;2.65;2.53;2.53;113899;441673.125
06/14/2004;2.51;2.51;2.41;2.41;319000;1161318.000
06/15/2004;2.39;2.44;2.29;2.41;285900;1000311.000
06/16/2004;2.37;2.44;2.33;2.41;89942;324400.156
06/17/2004;2.41;2.43;2.34;2.35;52827;188710.656
06/18/2004;2.34;2.37;2.27;2.30;108150;374389.500
06/21/2004;2.30;2.36;2.30;2.36;74519;260701.313
06/22/2004;2.33;2.39;2.31;2.38;59411;209151.266
06/23/2004;2.39;2.41;2.31;2.31;76400;269304.000
06/24/2004;2.30;2.35;2.27;2.28;79400;273985.000
06/25/2004;2.27;2.32;2.20;2.21;149600;504882.000
06/28/2004;2.17;2.25;2.17;2.25;77100;256023.000
06/30/2004;2.27;2.27;2.20;2.23;144700;484439.000
07/01/2004;2.23;2.30;2.21;2.30;125011;424367.406
07/02/2004;2.25;2.37;2.25;2.33;93301;322873.500
07/05/2004;2.30;2.35;2.29;2.32;62150;215704.000
07/06/2004;2.30;2.39;2.29;2.33;140111;492555.750
07/07/2004;2.38;2.39;2.32;2.35;72800;255517.000
07/08/2004;2.35;2.35;2.31;2.34;75031;261613.094
07/09/2004;2.29;2.37;2.29;2.34;45511;160396.500
07/12/2004;2.28;2.28;2.22;2.22;211581;708662.750
07/13/2004;2.23;2.29;2.15;2.25;52399;174776.688
07/14/2004;2.37;2.37;2.37;2.37;94686;336135.313
07/15/2004;2.49;2.49;2.44;2.49;1430015;5322851.000
07/16/2004;2.45;2.60;2.37;2.57;802287;3012109.500
07/19/2004;2.55;2.61;2.47;2.56;516030;1976290.500
07/20/2004;2.56;2.60;2.50;2.56;340014;1306208.250
07/21/2004;2.56;2.57;2.44;2.51;557156;2085686.250
07/22/2004;2.47;2.50;2.39;2.39;325043;1189919.750
07/23/2004;2.40;2.45;2.35;2.43;178391;641933.438
07/26/2004;2.40;2.44;2.36;2.37;173800;620419.000
07/27/2004;2.35;2.37;2.29;2.31;247750;864157.500
07/28/2004;2.37;2.37;2.27;2.33;92400;317942.000
07/29/2004;2.33;2.37;2.30;2.37;143010;499279.813
07/30/2004;2.37;2.39;2.33;2.33;142800;505608.000
08/02/2004;2.29;2.32;2.25;2.25;187800;639772.000
08/03/2004;2.27;2.30;2.25;2.30;109471;373553.594
08/04/2004;2.27;2.38;2.27;2.38;146460;512510.406
08/05/2004;2.35;2.41;2.33;2.36;76000;269100.000
08/06/2004;2.36;2.37;2.27;2.33;62900;218719.000
08/09/2004;2.29;2.37;2.28;2.33;68400;239281.953
08/10/2004;2.36;2.37;2.33;2.37;101371;358658.719
08/11/2004;2.33;2.35;2.28;2.29;101800;354339.000
08/12/2004;2.27;2.33;2.23;2.25;233300;794114.000
08/13/2004;2.23;2.29;2.20;2.24;85430;286651.906
08/16/2004;2.24;2.28;2.21;2.23;53400;179294.766
08/17/2004;2.22;2.24;2.18;2.22;86570;285256.000
08/18/2004;2.20;2.23;2.18;2.20;108279;358018.688
08/19/2004;2.21;2.23;2.17;2.23;79800;262810.500
08/20/2004;2.24;2.27;2.18;2.27;108600;361638.000
08/23/2004;2.25;2.31;2.21;2.29;94200;320582.000
08/24/2004;2.25;2.40;2.25;2.40;222045;791428.813
08/25/2004;2.51;2.51;2.33;2.35;420800;1522177.375
08/26/2004;2.39;2.39;2.25;2.26;172400;589941.000
08/27/2004;2.27;2.30;2.24;2.26;81688;276757.438
08/30/2004;2.25;2.30;2.20;2.20;171900;572611.000
08/31/2004;2.24;2.29;2.24;2.29;285153;967663.750
09/01/2004;2.26;2.29;2.22;2.26;85246;289715.938
09/02/2004;2.29;2.30;2.23;2.30;92200;315043.000
09/03/2004;2.30;2.35;2.30;2.33;156554;545732.938
09/06/2004;2.33;2.36;2.31;2.34;146101;512670.469
09/07/2004;2.34;2.34;2.27;2.33;129200;447119.000
09/08/2004;2.33;2.33;2.29;2.29;56300;195858.000
09/09/2004;2.28;2.29;2.25;2.27;73816;250591.922
09/10/2004;2.24;2.26;2.21;2.25;69900;234287.000
09/13/2004;2.22;2.26;2.22;2.23;38800;130394.000
09/14/2004;2.24;2.29;2.21;2.28;86266;291712.406
09/15/2004;2.27;2.39;2.27;2.39;445000;1576789.375
09/16/2004;2.39;2.39;2.33;2.38;316453;1123535.125
09/17/2004;2.39;2.47;2.36;2.45;520439;1882555.500
09/20/2004;2.45;2.51;2.43;2.51;850105;3134726.000
09/21/2004;2.55;2.55;2.44;2.48;552451;2054879.375
09/22/2004;2.47;2.48;2.38;2.39;438525;1599295.875
09/23/2004;2.39;2.43;2.39;2.43;228157;823818.125
09/24/2004;2.43;2.48;2.39;2.39;559902;2044595.250
09/27/2004;2.39;2.41;2.27;2.28;217900;756797.438
09/28/2004;2.28;2.31;2.27;2.30;125301;428889.406
09/29/2004;2.33;2.41;2.28;2.34;221800;784697.000
09/30/2004;2.31;2.34;2.27;2.29;161800;559420.000
10/08/2004;2.33;2.39;2.28;2.35;71200;250043.000
10/11/2004;2.36;2.40;2.33;2.38;151659;537810.500
10/12/2004;2.37;2.39;2.34;2.35;123300;438335.969
10/13/2004;2.24;2.43;2.24;2.33;56300;198710.000
10/14/2004;2.35;2.35;2.22;2.22;158464;538305.125
10/15/2004;2.19;2.26;2.17;2.22;166260;547650.250
10/18/2004;2.22;2.26;2.22;2.25;63667;213928.797
10/19/2004;2.24;2.26;2.13;2.19;362165;1185253.125
10/20/2004;2.15;2.15;2.09;2.10;320535;1007299.813
10/21/2004;2.06;2.12;1.99;1.99;259400;789523.000
10/22/2004;1.99;1.99;1.89;1.93;600631;1714768.000
10/25/2004;1.93;1.95;1.83;1.89;911463;2520635.000
10/26/2004;1.87;1.99;1.81;1.99;609867;1740889.625
10/27/2004;1.99;2.09;1.94;2.09;1017692;3145453.500
10/28/2004;2.13;2.19;2.08;2.09;810091;2619452.750
10/29/2004;2.05;2.09;1.99;2.01;311700;945381.000
11/01/2004;2.07;2.07;1.97;2.02;432407;1305769.375
11/02/2004;1.93;2.01;1.92;1.93;426644;1238195.750
11/03/2004;1.97;1.99;1.93;1.97;180968;533617.250
11/04/2004;2.02;2.02;1.91;1.92;205700;602873.000
11/05/2004;1.95;1.96;1.90;1.91;160938;465744.906
11/08/2004;1.93;1.97;1.91;1.97;157000;455899.000
11/09/2004;1.99;1.99;1.92;1.95;138600;403043.000
11/10/2004;1.92;2.01;1.92;2.00;412111;1223688.375
11/11/2004;2.00;2.04;1.93;2.00;424606;1280996.875
11/12/2004;1.99;2.03;1.97;2.02;300221;901451.188
11/15/2004;2.03;2.04;2.00;2.02;163401;494355.031
11/16/2004;2.01;2.01;1.99;2.01;129501;388978.125
11/17/2004;1.99;2.01;1.97;2.00;157533;469347.063
11/18/2004;2.03;2.03;2.00;2.02;221769;669138.688
11/19/2004;2.03;2.05;2.01;2.04;262100;797955.000
11/22/2004;2.04;2.13;2.03;2.09;414093;1298207.125
11/23/2004;2.10;2.13;2.07;2.11;458174;1451654.625
11/24/2004;2.10;2.22;2.06;2.06;565000;1808753.625
11/25/2004;2.05;2.07;1.97;2.05;262800;798238.000
11/26/2004;2.05;2.08;2.01;2.04;202000;620431.750
11/29/2004;2.05;2.07;2.04;2.05;202200;624747.313
11/30/2004;2.05;2.11;2.03;2.07;178808;554972.875
12/01/2004;2.06;2.10;2.05;2.06;103700;321156.188
12/02/2004;2.06;2.07;2.00;2.03;306400;933190.000
12/03/2004;2.03;2.13;2.03;2.13;856641;2707897.500
12/06/2004;2.13;2.21;2.11;2.17;473619;1538804.500
12/07/2004;2.13;2.17;2.13;2.16;367945;1183002.500
12/08/2004;2.20;2.23;2.11;2.14;594550;1904138.000
12/09/2004;2.13;2.14;2.05;2.07;384190;1204357.875
12/10/2004;2.07;2.08;2.02;2.05;234940;723104.813
12/13/2004;2.01;2.06;2.01;2.05;162700;497998.000
12/14/2004;2.05;2.07;2.04;2.05;79800;245172.000
12/15/2004;2.03;2.07;1.99;2.03;253904;768431.188
12/16/2004;2.03;2.05;1.93;2.00;512710;1526216.625
12/17/2004;1.99;2.03;1.96;2.03;136000;408617.000
12/20/2004;2.00;2.07;1.97;2.07;314409;954867.625
12/21/2004;2.08;2.09;2.03;2.06;136985;424099.813
12/22/2004;2.03;2.12;2.03;2.12;258600;815611.000
12/23/2004;2.20;2.23;2.07;2.07;2230998;7294577.500
12/24/2004;2.01;2.10;2.00;2.09;377264;1167453.125
12/27/2004;2.05;2.11;2.04;2.07;177465;552353.563
12/28/2004;2.05;2.09;2.04;2.07;116241;359137.469
12/29/2004;2.07;2.07;2.02;2.03;160900;493801.000
12/30/2004;2.03;2.04;2.01;2.02;166900;505404.000
12/31/2004;2.01;2.01;1.94;1.95;351200;1037136.000
01/04/2005;1.97;2.02;1.95;1.97;91701;270888.906
01/05/2005;1.97;2.01;1.93;2.00;129542;387143.313
01/06/2005;1.97;2.00;1.95;1.99;94700;281725.000
01/07/2005;1.99;2.04;1.99;2.03;183913;553664.938
01/10/2005;2.03;2.04;1.99;2.02;48687;147438.734
01/11/2005;2.00;2.05;1.99;2.04;143000;433029.375
01/12/2005;2.04;2.04;2.00;2.04;87200;264667.000
01/13/2005;2.01;2.03;2.00;2.02;156400;473426.000
01/14/2005;2.03;2.03;1.97;1.99;105377;314756.906
01/17/2005;1.99;1.99;1.91;1.93;153500;447209.000
01/18/2005;1.92;1.97;1.92;1.97;157312;458541.750
01/19/2005;1.95;2.03;1.93;1.98;196877;591280.438
01/20/2005;1.98;2.01;1.95;1.95;147200;436010.000
01/21/2005;1.94;1.99;1.94;1.99;116812;344127.313
01/24/2005;2.02;2.03;1.98;2.01;168258;506875.188
01/25/2005;2.00;2.07;2.00;2.05;295920;901967.563
01/26/2005;2.05;2.05;1.99;2.00;172300;518197.000
01/27/2005;1.99;2.01;1.97;2.00;135737;406358.875
01/28/2005;1.97;1.98;1.91;1.92;200877;584374.500
01/31/2005;1.92;1.92;1.83;1.83;292974;808570.750
02/01/2005;1.83;1.87;1.83;1.83;101900;281369.000
02/02/2005;1.82;1.91;1.81;1.91;204477;576092.063
02/03/2005;1.88;1.91;1.81;1.81;284990;792699.813
02/04/2005;1.81;1.91;1.81;1.91;416222;1174163.125
02/16/2005;1.95;2.00;1.93;1.97;452318;1343814.125
02/17/2005;1.97;2.00;1.94;1.99;204896;605492.313
02/18/2005;1.99;2.09;1.97;1.99;224640;670931.375
02/21/2005;1.99;2.01;1.97;1.98;148536;443291.625
02/22/2005;1.99;2.02;1.97;2.01;239125;719138.625
02/23/2005;2.01;2.04;1.97;2.03;289449;874997.500
02/24/2005;2.00;2.03;1.99;2.03;179210;539853.125
02/25/2005;2.03;2.10;2.03;2.05;334100;1034255.000
02/28/2005;2.05;2.08;2.03;2.08;209360;648598.063
03/01/2005;2.09;2.10;2.03;2.05;169700;523602.969
03/02/2005;2.08;2.09;2.00;2.01;177600;540777.000
03/03/2005;1.99;2.03;1.97;2.02;170973;513911.969
03/04/2005;2.02;2.03;1.99;2.03;68310;206789.203
03/07/2005;2.03;2.07;2.00;2.04;264900;808224.125
03/08/2005;2.08;2.08;2.03;2.05;111101;342114.031
03/09/2005;2.09;2.09;2.03;2.06;124400;383127.000
03/10/2005;2.03;2.06;2.00;2.01;143300;434992.000
03/11/2005;2.00;2.02;1.98;2.01;103056;309651.000
03/14/2005;2.00;2.01;1.97;2.00;189926;566124.938
03/15/2005;1.93;1.99;1.93;1.95;88992;260853.641
03/16/2005;1.94;1.95;1.91;1.95;129399;376151.094
03/17/2005;1.93;1.95;1.91;1.92;81500;236595.000
03/18/2005;1.91;1.93;1.89;1.90;124651;356809.563
03/21/2005;1.87;1.90;1.87;1.89;62738;176711.547
03/22/2005;1.88;1.89;1.81;1.82;130837;361009.625
03/23/2005;1.81;1.82;1.73;1.77;194700;516820.000
03/24/2005;1.78;1.80;1.74;1.80;93300;248563.000
03/25/2005;1.82;1.82;1.78;1.81;54368;146825.563
03/28/2005;1.83;1.83;1.73;1.77;88800;236140.000
03/29/2005;1.78;1.79;1.74;1.79;114727;303168.688
03/30/2005;1.79;1.80;1.72;1.73;60060;157296.406
03/31/2005;1.73;1.73;1.67;1.69;112700;286983.000
04/01/2005;1.69;1.77;1.68;1.74;121640;314959.094
04/04/2005;1.71;1.75;1.71;1.74;140800;365951.000
04/05/2005;1.76;1.77;1.71;1.73;115900;301861.000
04/06/2005;1.73;1.77;1.72;1.76;65707;171253.953
04/07/2005;1.76;1.82;1.76;1.80;191770;517989.000
04/08/2005;1.80;1.82;1.75;1.79;149023;399170.719
04/11/2005;1.79;1.88;1.77;1.88;291600;815537.000
04/12/2005;1.89;1.97;1.85;1.97;666630;1928468.125
04/13/2005;1.97;2.07;1.96;2.05;1368400;4156905.750
04/14/2005;2.04;2.07;1.95;1.95;834807;2490666.750
04/15/2005;1.89;1.91;1.85;1.87;328406;920369.250
04/18/2005;1.87;1.87;1.81;1.83;97980;271093.594
04/19/2005;1.84;1.90;1.84;1.87;95607;268871.594
04/20/2005;1.89;1.91;1.87;1.87;130259;366901.594
04/21/2005;1.90;1.91;1.80;1.81;176300;496309.000
04/22/2005;1.77;1.88;1.71;1.82;136000;369417.000
04/25/2005;1.77;1.79;1.73;1.73;321800;835897.000
04/26/2005;1.73;1.80;1.64;1.64;480291;1206881.875
04/27/2005;1.65;1.72;1.65;1.70;398921;1011930.750
04/29/2005;1.79;1.79;1.70;1.79;627754;1658610.875
05/09/2005;1.77;1.85;1.74;1.76;489500;1331940.500
05/10/2005;1.76;1.76;1.67;1.68;249310;637011.000
05/11/2005;1.72;1.72;1.59;1.59;133200;324071.000
05/12/2005;1.53;1.55;1.51;1.51;121700;276757.000
05/13/2005;1.46;1.59;1.46;1.51;203850;468243.500
05/16/2005;1.52;1.52;1.45;1.47;118058;262049.656
05/17/2005;1.50;1.55;1.50;1.55;214957;498135.250
05/18/2005;1.56;1.63;1.56;1.59;506998;1211604.250
05/19/2005;1.57;1.57;1.55;1.57;164290;384514.813
05/20/2005;1.55;1.56;1.54;1.55;101998;237676.359
05/23/2005;1.52;1.53;1.47;1.47;147200;327939.000
05/24/2005;1.47;1.51;1.42;1.49;211522;463581.313
05/25/2005;1.49;1.55;1.47;1.51;97311;219021.172
05/26/2005;1.51;1.51;1.47;1.50;143450;318942.813
05/27/2005;1.47;1.51;1.47;1.49;168510;376170.406
05/30/2005;1.48;1.49;1.46;1.49;105125;231901.953
05/31/2005;1.49;1.52;1.48;1.51;136621;308099.031
06/01/2005;1.51;1.51;1.44;1.46;132100;291323.188
06/02/2005;1.44;1.47;1.43;1.45;110737;240528.484
06/03/2005;1.43;1.46;1.43;1.44;54003;116893.453
06/06/2005;1.49;1.49;1.43;1.47;130357;282342.250
06/07/2005;1.45;1.49;1.45;1.47;134957;296933.250
06/08/2005;1.46;1.54;1.45;1.54;474182;1075566.875
06/09/2005;1.55;1.61;1.52;1.57;419741;989973.313
06/10/2005;1.53;1.55;1.50;1.52;273170;626207.000
06/13/2005;1.52;1.56;1.52;1.55;216162;498195.844
06/14/2005;1.55;1.57;1.53;1.53;128100;295666.000
06/15/2005;1.52;1.52;1.46;1.47;307953;679604.063
06/16/2005;1.45;1.52;1.45;1.50;226099;508456.250
06/17/2005;1.49;1.55;1.47;1.55;260136;593823.438
06/20/2005;1.54;1.61;1.51;1.57;530902;1253360.000
06/21/2005;1.58;1.63;1.53;1.56;215760;509109.906
06/22/2005;1.57;1.59;1.56;1.59;117200;277920.688
06/23/2005;1.56;1.58;1.53;1.54;108800;252493.000
06/27/2005;1.58;1.59;1.55;1.55;144272;337409.031
06/28/2005;1.55;1.55;1.47;1.51;320260;724129.000
06/29/2005;1.53;1.56;1.51;1.56;182560;419981.688
06/30/2005;1.56;1.63;1.53;1.57;413510;988972.875
07/01/2005;1.53;1.56;1.49;1.49;87200;196840.000
07/04/2005;1.44;1.45;1.42;1.43;128200;274716.875
07/05/2005;1.43;1.45;1.40;1.45;89257;191141.688
07/06/2005;1.44;1.49;1.42;1.43;74900;163206.906
07/07/2005;1.42;1.43;1.41;1.41;42800;90901.000
07/08/2005;1.42;1.42;1.34;1.34;86800;175589.000
07/11/2005;1.33;1.35;1.27;1.27;178800;346432.000
07/12/2005;1.24;1.29;1.21;1.24;289600;530447.000
07/13/2005;1.21;1.24;1.18;1.18;150170;270363.500
07/14/2005;1.18;1.22;1.15;1.21;337461;604645.750
07/15/2005;1.22;1.27;1.19;1.27;330839;617346.438
07/18/2005;1.27;1.31;1.21;1.21;330407;621291.188
07/19/2005;1.20;1.20;1.15;1.15;251200;435101.000
07/20/2005;1.14;1.17;1.13;1.16;73690;127472.703
07/21/2005;1.14;1.17;1.14;1.17;75365;130330.563
07/22/2005;1.17;1.21;1.15;1.19;118723;210431.906
07/25/2005;1.19;1.21;1.17;1.21;179425;322959.719
07/26/2005;1.21;1.24;1.21;1.23;134289;246310.734
07/27/2005;1.21;1.26;1.21;1.25;131700;244210.000
07/28/2005;1.27;1.29;1.25;1.27;172832;329023.000
07/29/2005;1.28;1.28;1.21;1.23;265916;484946.875
08/01/2005;1.19;1.22;1.19;1.21;104650;188725.500
08/02/2005;1.22;1.24;1.19;1.23;225543;412046.813
08/03/2005;1.23;1.29;1.23;1.29;671112;1295692.875
08/04/2005;1.31;1.35;1.29;1.35;660354;1314300.250
08/05/2005;1.37;1.39;1.30;1.33;358200;718327.750
08/08/2005;1.39;1.39;1.39;1.39;192849;403054.406
08/09/2005;1.46;1.46;1.46;1.46;111000;243090.000
08/10/2005;1.53;1.53;1.53;1.53;53300;122590.000
08/11/2005;1.61;1.61;1.61;1.61;85925;207938.500
08/12/2005;1.69;1.69;1.69;1.69;95800;243332.000
08/15/2005;1.78;1.78;1.62;1.77;3920940;10282825.000
08/16/2005;1.75;1.85;1.68;1.75;2075660;5453574.500
08/17/2005;1.73;1.75;1.67;1.67;1176805;2959611.250
08/18/2005;1.63;1.70;1.59;1.61;2135346;5246762.500
08/19/2005;1.60;1.65;1.53;1.53;1102200;2574944.500
08/22/2005;1.52;1.57;1.46;1.55;1114053;2515097.250
08/23/2005;1.53;1.59;1.51;1.57;859662;2000245.250
08/24/2005;1.55;1.61;1.55;1.60;916327;2178713.750
08/25/2005;1.63;1.68;1.59;1.66;2012284;4974722.000
08/26/2005;1.73;1.74;1.67;1.74;2138182;5523966.000
08/29/2005;1.73;1.83;1.65;1.65;2355481;6183857.500
08/30/2005;1.57;1.59;1.57;1.57;190400;449471.000
08/31/2005;1.50;1.57;1.49;1.55;908882;2059979.250
09/01/2005;1.51;1.63;1.51;1.63;867879;2071228.625
09/02/2005;1.69;1.69;1.62;1.63;782000;1941169.500
09/05/2005;1.65;1.71;1.63;1.71;779035;1965209.000
09/06/2005;1.71;1.74;1.63;1.63;999488;2530699.000
09/07/2005;1.61;1.66;1.59;1.66;570506;1387024.375
09/08/2005;1.67;1.67;1.59;1.61;521700;1278351.000
09/09/2005;1.62;1.69;1.61;1.65;924810;2300802.000
09/12/2005;1.66;1.71;1.63;1.71;859695;2167844.000
09/13/2005;1.71;1.73;1.69;1.73;1058221;2722711.500
09/14/2005;1.74;1.76;1.67;1.69;993746;2544920.000
09/15/2005;1.67;1.77;1.67;1.77;2361446;6219777.000
09/16/2005;1.79;1.86;1.78;1.86;3006612;8339851.000
09/19/2005;1.82;1.95;1.82;1.90;2859030;8114886.500
09/20/2005;1.90;1.96;1.86;1.93;2381095;6848534.500
09/21/2005;1.93;2.03;1.87;1.90;4345080;12981517.000
09/22/2005;1.95;1.97;1.81;1.81;1433199;3971464.000
09/23/2005;1.75;1.86;1.73;1.82;1412402;3811335.000
09/26/2005;1.82;1.83;1.73;1.79;1125033;2950590.750
09/27/2005;1.86;1.86;1.72;1.72;668000;1790719.000
09/28/2005;1.70;1.74;1.63;1.63;926200;2290052.000
09/29/2005;1.65;1.71;1.62;1.70;718684;1813380.750
09/30/2005;1.70;1.72;1.67;1.68;476157;1202739.000
10/10/2005;1.67;1.67;1.60;1.62;249009;607582.750
10/11/2005;1.59;1.70;1.59;1.68;378830;952029.500
10/12/2005;1.68;1.73;1.67;1.72;397000;1010090.500
10/13/2005;1.70;1.73;1.63;1.66;438859;1099491.250
10/14/2005;1.64;1.68;1.64;1.67;191758;479308.250
10/17/2005;1.65;1.71;1.65;1.71;394814;999389.438
10/18/2005;1.71;1.75;1.71;1.73;360400;935593.000
10/19/2005;1.73;1.74;1.71;1.71;278127;718973.125
10/20/2005;1.73;1.74;1.63;1.69;227327;569439.500
10/21/2005;1.67;1.70;1.65;1.69;744358;1865357.250
10/24/2005;1.69;1.70;1.67;1.69;106685;269329.250
10/25/2005;1.68;1.69;1.63;1.64;266407;661800.125
10/26/2005;1.64;1.64;1.56;1.56;336100;804539.000
10/27/2005;1.53;1.57;1.51;1.55;293491;675740.500
10/28/2005;1.53;1.56;1.47;1.49;353300;799452.000
10/31/2005;1.49;1.57;1.48;1.56;347100;798970.000
11/01/2005;1.55;1.57;1.50;1.56;582344;1342187.000
11/02/2005;1.57;1.62;1.55;1.59;566890;1344711.000
11/03/2005;1.59;1.60;1.55;1.57;224315;527638.125
11/04/2005;1.53;1.58;1.51;1.57;394700;909166.875
11/07/2005;1.55;1.59;1.53;1.58;309123;722297.813
11/08/2005;1.55;1.59;1.55;1.58;312600;737658.000
11/09/2005;1.58;1.65;1.58;1.59;615810;1487590.875
11/10/2005;1.59;1.61;1.53;1.55;358707;840635.188
11/11/2005;1.53;1.57;1.51;1.55;123210;284792.000
11/14/2005;1.56;1.59;1.55;1.58;146240;344816.594
11/15/2005;1.58;1.62;1.57;1.59;134640;321751.188
11/16/2005;1.57;1.59;1.53;1.57;134422;313993.906
11/17/2005;1.57;1.59;1.57;1.59;209700;496718.000
11/18/2005;1.60;1.67;1.59;1.67;951187;2345840.000
11/21/2005;1.70;1.75;1.69;1.75;1450149;3778955.000
11/22/2005;1.77;1.77;1.67;1.67;503101;1286398.500
11/23/2005;1.67;1.71;1.65;1.71;352669;892479.500
11/24/2005;1.74;1.78;1.71;1.75;1014411;2652214.500
11/25/2005;1.73;1.80;1.73;1.78;1095445;2910695.250
11/28/2005;1.79;1.79;1.70;1.71;465845;1211846.000
11/29/2005;1.70;1.73;1.66;1.69;466160;1181915.000
11/30/2005;1.67;1.67;1.61;1.63;712180;1728208.875
12/01/2005;1.63;1.71;1.63;1.69;717481;1812570.000
12/02/2005;1.68;1.71;1.61;1.63;883100;2217752.000
12/05/2005;1.60;1.60;1.55;1.58;755486;1760785.625
12/06/2005;1.57;1.61;1.57;1.57;303400;721850.000
12/07/2005;1.57;1.61;1.55;1.60;209290;496839.594
12/08/2005;1.58;1.61;1.58;1.58;133600;317699.000
12/09/2005;1.60;1.63;1.57;1.61;231666;557160.750
12/12/2005;1.61;1.63;1.60;1.62;185370;448866.406
12/13/2005;1.63;1.70;1.63;1.70;1597655;4065702.500
12/14/2005;1.72;1.72;1.64;1.68;810134;2045065.625
12/15/2005;1.69;1.69;1.63;1.64;461800;1157202.000
12/16/2005;1.63;1.65;1.57;1.64;360295;872372.188
12/19/2005;1.61;1.67;1.61;1.64;221700;548029.000
12/20/2005;1.63;1.67;1.63;1.67;411941;1017361.500
12/21/2005;1.67;1.69;1.63;1.65;165700;412156.000
12/22/2005;1.65;1.65;1.61;1.63;242800;591066.000
12/23/2005;1.65;1.65;1.60;1.64;263611;643506.938
12/26/2005;1.64;1.71;1.61;1.68;859580;2125434.000
12/27/2005;1.69;1.76;1.67;1.71;1684929;4377490.000
12/28/2005;1.68;1.71;1.65;1.67;473986;1184266.375
12/29/2005;1.65;1.67;1.64;1.67;323950;805892.000
12/30/2005;1.67;1.69;1.65;1.65;357254;893670.938
01/04/2006;1.65;1.68;1.64;1.68;443587;1106589.625
01/05/2006;1.67;1.68;1.65;1.67;547450;1368985.000
01/06/2006;1.66;1.71;1.65;1.69;694900;1762942.625
01/09/2006;1.68;1.72;1.68;1.71;631558;1610890.875
01/10/2006;1.71;1.76;1.70;1.74;909103;2366537.750
01/11/2006;1.73;1.77;1.71;1.74;940342;2447865.000
01/12/2006;1.73;1.75;1.70;1.73;575541;1489087.625
01/13/2006;1.73;1.75;1.70;1.73;678272;1748419.750
01/16/2006;1.72;1.73;1.69;1.69;393700;1008046.000
01/17/2006;1.67;1.74;1.67;1.73;684423;1752651.000
01/18/2006;1.72;1.76;1.71;1.75;905993;2346272.500
01/19/2006;1.72;1.74;1.70;1.73;707146;1821734.125
01/20/2006;1.72;1.73;1.67;1.67;663500;1688929.000
01/23/2006;1.67;1.69;1.59;1.64;1234828;3004873.750
01/24/2006;1.60;1.60;1.56;1.56;528800;1241132.000
01/25/2006;1.50;1.62;1.49;1.50;839798;1929534.375
02/06/2006;1.53;1.55;1.51;1.53;625200;1433951.000
02/07/2006;1.55;1.56;1.52;1.55;592369;1364405.125
02/08/2006;1.56;1.58;1.53;1.56;398210;935691.625
02/09/2006;1.57;1.59;1.55;1.55;450400;1060164.000
02/10/2006;1.56;1.56;1.52;1.53;406300;934793.000
02/13/2006;1.52;1.61;1.52;1.61;673773;1623885.000
02/14/2006;1.67;1.68;1.62;1.67;1857799;4617749.500
02/15/2006;1.69;1.75;1.65;1.75;1941435;4975806.000
02/16/2006;1.77;1.79;1.73;1.75;988408;2591535.000
02/17/2006;1.77;1.77;1.73;1.75;691700;1815235.000
02/20/2006;1.75;1.77;1.68;1.76;1411428;3630909.250
02/21/2006;1.77;1.84;1.76;1.83;3731424;10207078.000
02/22/2006;1.85;1.85;1.76;1.78;5671921;15325759.000
02/23/2006;1.77;1.86;1.73;1.85;2691310;7332209.000
02/24/2006;1.85;1.86;1.76;1.81;3899548;10501402.000
02/27/2006;1.77;1.78;1.71;1.71;1477424;3852026.750
02/28/2006;1.70;1.76;1.69;1.73;647200;1673054.000
03/01/2006;1.72;1.73;1.69;1.72;639630;1641764.750
03/02/2006;1.71;1.73;1.68;1.69;965450;2464458.250
03/03/2006;1.68;1.72;1.68;1.70;578848;1476173.250
03/06/2006;1.76;1.77;1.70;1.72;791550;2048503.500
03/07/2006;1.71;1.73;1.63;1.63;702000;1751675.000
03/08/2006;1.62;1.62;1.55;1.59;644300;1542079.000
03/09/2006;1.59;1.60;1.57;1.59;306899;732635.625
03/10/2006;1.58;1.60;1.57;1.59;282501;672617.188
03/13/2006;1.58;1.63;1.57;1.61;538900;1295842.000
03/14/2006;1.61;1.65;1.61;1.64;439200;1078019.000
03/15/2006;1.65;1.66;1.61;1.62;571342;1400563.000
03/16/2006;1.62;1.62;1.59;1.61;344899;829445.563
03/17/2006;1.61;1.63;1.58;1.63;447799;1078096.625
03/20/2006;1.63;1.63;1.60;1.62;346450;837419.500
03/21/2006;1.60;1.64;1.60;1.61;485100;1180606.000
03/22/2006;1.62;1.63;1.60;1.61;402700;971116.000
03/23/2006;1.63;1.65;1.60;1.65;595800;1456535.625
03/24/2006;1.67;1.67;1.62;1.62;509950;1253784.125
03/27/2006;1.63;1.70;1.63;1.69;1561146;3929710.750
03/28/2006;1.69;1.69;1.63;1.65;449999;1116905.500
03/29/2006;1.65;1.67;1.63;1.65;778535;1916612.375
03/30/2006;1.64;1.65;1.60;1.60;454000;1101800.000
03/31/2006;1.59;1.60;1.57;1.60;384700;917117.000
04/03/2006;1.60;1.63;1.59;1.61;587373;1413529.875
04/04/2006;1.61;1.63;1.59;1.63;586679;1426592.375
04/05/2006;1.61;1.63;1.60;1.61;433060;1046262.625
04/06/2006;1.60;1.64;1.60;1.61;654792;1595175.625
04/07/2006;1.61;1.62;1.59;1.61;394589;952475.500
04/10/2006;1.60;1.69;1.59;1.69;1261381;3140902.750
04/11/2006;1.73;1.75;1.67;1.71;2121059;5426317.000
04/12/2006;1.71;1.71;1.64;1.67;1000299;2500437.500
04/13/2006;1.68;1.75;1.67;1.72;1202065;3073639.000
04/14/2006;1.68;1.72;1.66;1.69;857658;2164369.750
04/17/2006;1.67;1.72;1.67;1.71;534436;1363730.250
04/18/2006;1.70;1.71;1.67;1.68;518906;1321603.125
04/19/2006;1.68;1.69;1.65;1.67;336820;842513.375
04/20/2006;1.66;1.67;1.59;1.62;1159495;2791782.000
04/21/2006;1.61;1.64;1.57;1.59;798800;1918621.000
04/24/2006;1.60;1.61;1.51;1.51;845801;1949807.250
04/25/2006;1.50;1.59;1.49;1.55;418176;972957.438
04/26/2006;1.55;1.57;1.52;1.53;334010;771779.000
04/27/2006;1.55;1.59;1.54;1.56;391914;914081.125
04/28/2006;1.53;1.57;1.53;1.55;489098;1134202.375
05/08/2006;1.57;1.60;1.55;1.59;300699;711566.625
05/09/2006;1.57;1.64;1.57;1.64;778674;1884210.375
05/10/2006;1.63;1.69;1.63;1.67;828788;2069663.500
05/11/2006;1.67;1.69;1.63;1.65;878442;2198260.000
05/12/2006;1.64;1.67;1.62;1.66;1000909;2466409.500
05/15/2006;1.70;1.71;1.64;1.69;2101691;5272367.000
05/16/2006;1.69;1.76;1.67;1.71;2094706;5378391.000
05/17/2006;1.70;1.76;1.68;1.73;1823280;4712603.500
05/18/2006;1.71;1.78;1.71;1.77;1454125;3807915.250
05/19/2006;1.79;1.81;1.75;1.78;1487290;3981041.000
05/22/2006;1.78;1.87;1.78;1.87;2122754;5902575.500
05/23/2006;1.87;1.93;1.77;1.77;2437640;6767143.000
05/24/2006;1.77;1.82;1.70;1.77;2155470;5692516.000
05/25/2006;1.76;1.79;1.72;1.79;1044479;2756133.500
05/26/2006;1.79;1.83;1.77;1.82;1065500;2892508.750
05/29/2006;1.82;1.91;1.82;1.91;1775540;5057608.000
05/30/2006;1.93;1.99;1.92;1.94;1746029;5089861.500
05/31/2006;1.94;2.04;1.91;2.04;2379577;7029439.500
06/01/2006;2.03;2.14;1.98;2.11;2443054;7701573.500
06/02/2006;2.10;2.18;2.05;2.13;1789732;5668869.500
06/05/2006;2.13;2.21;2.11;2.20;1307184;4244640.500
06/06/2006;2.21;2.31;2.20;2.22;1471030;4957909.500
06/07/2006;2.22;2.24;2.11;2.11;1142120;3645481.000
06/08/2006;2.01;2.04;2.00;2.00;490500;1472983.000
06/09/2006;1.91;2.05;1.91;2.04;1595200;4758114.500
06/12/2006;2.00;2.07;2.00;2.05;800164;2448388.000
06/13/2006;2.04;2.07;1.95;2.01;597028;1791390.500
06/14/2006;2.01;2.03;1.97;2.01;442544;1331995.500
06/15/2006;2.02;2.03;1.96;1.97;432465;1286790.125
06/16/2006;1.99;2.03;1.97;2.03;486909;1469819.000
06/19/2006;2.00;2.05;2.00;2.03;464200;1417080.875
06/20/2006;2.01;2.09;2.01;2.09;556116;1721796.500
06/21/2006;2.09;2.09;2.05;2.07;551186;1707946.750
06/22/2006;2.07;2.07;2.03;2.06;334000;1026137.000
06/23/2006;2.06;2.08;2.00;2.06;484460;1488942.750
06/26/2006;2.07;2.10;2.07;2.10;377547;1183642.750
06/27/2006;2.12;2.12;2.09;2.11;339200;1067131.000
06/28/2006;2.12;2.17;2.09;2.11;629200;2002204.000
06/30/2006;2.13;2.21;2.11;2.19;1331201;4323711.500
07/03/2006;2.18;2.20;2.15;2.19;646605;2109821.250
07/04/2006;2.19;2.19;2.08;2.09;1585665;5008094.500
07/05/2006;2.09;2.11;2.04;2.09;386120;1205480.125
07/06/2006;2.08;2.15;2.08;2.13;585749;1863603.250
07/07/2006;2.12;2.20;2.11;2.16;723450;2343092.750
07/10/2006;2.13;2.27;2.13;2.27;1682775;5642403.000
07/11/2006;2.27;2.27;2.23;2.26;693893;2347968.000
07/12/2006;2.26;2.26;2.21;2.24;714513;2390275.500
07/13/2006;2.24;2.24;2.13;2.13;818810;2645854.750
07/14/2006;2.07;2.11;2.02;2.10;1116890;3455708.750
07/17/2006;2.05;2.12;2.05;2.11;543154;1711134.500
07/18/2006;2.11;2.16;2.09;2.13;384694;1224465.750
07/19/2006;2.16;2.18;2.11;2.13;495994;1595461.000
07/20/2006;2.13;2.14;2.07;2.11;438694;1392423.125
07/21/2006;2.12;2.22;2.12;2.22;1404356;4647694.000
07/24/2006;2.18;2.33;2.18;2.31;1570490;5407870.500
07/25/2006;2.31;2.37;2.29;2.33;932828;3251109.000
07/26/2006;2.32;2.39;2.27;2.37;725671;2546850.000
07/27/2006;2.37;2.49;2.31;2.49;1566467;5680541.000
07/28/2006;2.50;2.57;2.47;2.49;1310192;4939664.000
07/31/2006;2.50;2.50;2.36;2.36;1179541;4223985.000
08/01/2006;2.33;2.37;2.27;2.30;762185;2650409.750
08/02/2006;2.28;2.31;2.21;2.25;1228800;4145569.000
08/03/2006;2.23;2.36;2.23;2.30;516090;1775734.000
08/04/2006;2.31;2.34;2.19;2.19;1019736;3421931.500
08/07/2006;2.14;2.21;2.09;2.09;438131;1396230.250
08/08/2006;2.10;2.15;2.10;2.15;277250;884545.000
08/09/2006;2.17;2.19;2.10;2.17;333828;1073275.000
08/10/2006;2.20;2.25;2.15;2.19;343759;1135273.125
08/11/2006;2.21;2.25;2.15;2.24;560428;1865418.000
08/14/2006;2.23;2.27;2.17;2.20;320720;1062150.375
08/15/2006;2.22;2.25;2.20;2.24;191700;642209.438
08/16/2006;2.23;2.26;2.20;2.23;822000;2752207.000
08/17/2006;2.23;2.26;2.20;2.25;493176;1648392.375
08/18/2006;2.25;2.29;2.22;2.24;462914;1560209.500
08/21/2006;2.14;2.21;2.13;2.21;422000;1379162.000
08/22/2006;2.21;2.24;2.19;2.22;192410;641355.188
08/23/2006;2.20;2.23;2.19;2.21;749572;2480097.250
08/24/2006;2.19;2.26;2.19;2.25;1071815;3572957.500
08/25/2006;2.25;2.33;2.25;2.30;598000;2067607.000
08/28/2006;2.29;2.34;2.29;2.33;478941;1667726.875
08/29/2006;2.33;2.39;2.32;2.33;1236100;4351884.500
08/30/2006;2.32;2.36;2.31;2.35;427555;1501257.625
08/31/2006;2.37;2.37;2.31;2.37;745730;2606816.750
09/01/2006;2.36;2.41;2.34;2.37;488550;1729107.000
09/04/2006;2.38;2.39;2.34;2.37;200200;711059.000
09/05/2006;2.39;2.49;2.36;2.49;1202546;4443643.000
09/06/2006;2.49;2.59;2.47;2.53;1294889;4937367.500
09/07/2006;2.57;2.66;2.53;2.66;1321487;5203948.500
09/08/2006;2.66;2.73;2.61;2.64;1160090;4624046.500
09/12/2006;2.65;2.71;2.51;2.55;1144779;4389013.500
09/13/2006;2.53;2.68;2.51;2.68;2805138;11220612.000
09/14/2006;2.73;2.81;2.72;2.81;4987307;20879972.000
09/15/2006;2.81;2.93;2.72;2.77;2000949;8503095.000
09/18/2006;2.69;2.91;2.69;2.91;1225870;5287573.500
09/19/2006;2.93;2.95;2.87;2.91;986350;4319241.000
09/20/2006;2.84;2.98;2.84;2.91;896300;3922675.000
09/21/2006;2.93;2.93;2.78;2.85;1468502;6239607.500
09/22/2006;2.85;2.95;2.75;2.79;1424318;6001140.500
09/25/2006;2.79;2.81;2.69;2.73;803520;3284924.250
09/26/2006;2.72;2.79;2.71;2.78;523623;2171075.500
09/27/2006;2.78;2.78;2.70;2.74;340100;1398045.000
09/28/2006;2.73;2.88;2.73;2.88;716740;3033871.500
09/29/2006;2.92;2.95;2.85;2.89;1072290;4681996.500
10/09/2006;2.94;3.02;2.87;2.92;1070826;4728118.500
10/10/2006;2.97;3.07;2.92;3.07;1015108;4623907.500
10/11/2006;3.15;3.15;3.05;3.07;550352;2547206.500
10/12/2006;3.14;3.14;2.92;2.95;1188730;5268340.000
10/13/2006;2.95;2.97;2.90;2.93;772700;3395357.500
10/16/2006;2.97;2.97;2.90;2.95;610874;2691867.750
10/17/2006;2.94;3.03;2.93;2.99;649547;2925991.500
10/18/2006;3.03;3.11;2.99;3.10;950173;4353522.500
10/19/2006;3.10;3.14;3.05;3.13;1108365;5144273.000
10/20/2006;3.17;3.17;3.04;3.07;614753;2846346.000
10/23/2006;3.06;3.06;2.91;2.93;929700;4089242.750
10/24/2006;2.95;2.95;2.85;2.85;1348400;5839655.500
10/25/2006;2.85;2.98;2.78;2.84;1520735;6495434.500
10/26/2006;2.83;2.86;2.78;2.82;1148799;4835086.500
10/27/2006;2.83;2.93;2.70;2.83;1966891;8223787.500
10/30/2006;2.83;2.92;2.75;2.83;469609;2005726.625
10/31/2006;2.83;2.88;2.78;2.87;279020;1184181.500
11/01/2006;2.85;2.87;2.81;2.86;172300;735558.000
11/02/2006;2.91;2.91;2.80;2.85;209500;889816.000
11/03/2006;2.85;2.85;2.82;2.85;380235;1617945.125
11/06/2006;2.77;2.85;2.77;2.79;312575;1315667.750
11/07/2006;2.79;2.80;2.73;2.77;214940;891802.500
11/08/2006;2.73;2.79;2.71;2.75;459500;1891879.375
11/09/2006;2.76;2.85;2.67;2.83;783839;3225636.500
11/10/2006;2.83;2.91;2.76;2.85;618700;2652988.000
11/13/2006;2.88;2.89;2.71;2.72;378100;1575735.000
11/14/2006;2.68;2.77;2.61;2.63;581588;2321558.750
11/15/2006;2.65;2.65;2.57;2.64;511285;1993311.375
11/16/2006;2.64;2.76;2.60;2.67;401411;1610335.000
11/17/2006;2.71;2.80;2.65;2.80;457223;1890141.625
11/20/2006;2.81;2.88;2.80;2.82;592100;2506810.000
11/21/2006;2.81;2.83;2.77;2.80;220100;924521.063
11/22/2006;2.75;2.88;2.74;2.87;483050;2051628.875
11/23/2006;2.87;2.89;2.77;2.86;288900;1222758.000
11/24/2006;2.85;2.90;2.80;2.88;834857;3575191.000
11/27/2006;2.88;2.92;2.80;2.83;799600;3427894.000
11/28/2006;2.80;2.83;2.75;2.77;596236;2491035.000
11/29/2006;2.75;2.79;2.75;2.77;377043;1561176.750
11/30/2006;2.78;2.78;2.71;2.75;924232;3789872.250
12/01/2006;2.72;2.75;2.68;2.73;635888;2589375.500
12/04/2006;2.72;2.73;2.69;2.72;1051689;4280170.500
12/05/2006;2.74;2.85;2.72;2.85;1297962;5485512.500
12/06/2006;2.99;2.99;2.87;2.99;1852485;8206457.000
12/07/2006;2.99;3.12;2.95;2.95;823699;3764123.000
12/08/2006;2.95;2.97;2.85;2.87;563200;2455144.750
12/11/2006;2.85;2.90;2.81;2.90;350115;1501051.250
12/12/2006;2.91;2.91;2.82;2.87;467415;1999630.500
12/13/2006;2.90;2.90;2.82;2.88;337529;1445179.750
12/14/2006;2.89;2.89;2.85;2.89;457178;1970582.375
12/15/2006;2.90;2.95;2.88;2.93;481051;2103503.750
12/18/2006;2.98;2.99;2.91;2.95;600451;2651570.000
12/19/2006;2.95;2.95;2.87;2.93;420860;1830783.125
12/20/2006;2.90;2.93;2.86;2.92;327800;1419482.000
12/21/2006;2.92;3.07;2.90;3.07;929168;4201735.000
12/22/2006;3.08;3.22;3.07;3.22;1702719;8198609.000
02/04/2009;3.38;3.38;3.38;3.38;2707;13724.490
02/05/2009;3.55;3.55;3.55;3.55;3876;20620.320
02/06/2009;3.73;3.73;3.73;3.73;2300;12857.000
02/09/2009;3.91;3.91;3.91;3.91;102;598.740
02/10/2009;4.11;4.11;4.11;4.11;24229;149250.641
02/11/2009;4.31;4.31;4.31;4.31;900;5823.000
02/12/2009;4.53;4.53;4.53;4.53;2800;19012.000
02/13/2009;4.75;4.75;4.75;4.75;3300;23529.000
02/16/2009;4.99;4.99;4.99;4.99;127077;951806.750
02/17/2009;5.24;5.24;5.24;5.24;287492;2259687.000
02/18/2009;5.50;5.50;5.50;5.50;1708236;14092947.000
02/19/2009;5.77;5.77;5.77;5.77;9149939;79238472.000
04/09/2009;9.99;17.30;9.53;15.04;50480551;652872704.000
04/10/2009;13.54;13.54;13.54;13.54;3974200;53810668.000
04/13/2009;12.40;14.60;12.40;14.41;33766655;454096096.000
04/14/2009;13.97;15.15;13.61;14.48;25051320;360367648.000
04/15/2009;14.17;14.40;13.45;13.80;17702723;246192032.000
04/16/2009;13.77;15.18;13.50;15.18;26493152;391939968.000
04/17/2009;15.18;16.65;14.71;15.70;25034332;391480352.000
04/21/2009;15.88;16.90;14.92;15.50;18969198;300271264.000
04/22/2009;15.19;15.47;13.95;13.95;13411625;196958608.000
04/23/2009;13.68;14.28;13.30;13.77;9787581;135426944.000
04/24/2009;13.90;13.99;13.30;13.48;7357969;100579944.000
04/27/2009;13.46;13.46;12.71;12.90;7280067;94762680.000
04/28/2009;12.82;13.15;12.51;13.01;5981008;77266904.000
04/29/2009;12.98;13.40;12.70;13.17;7797986;101818664.000
04/30/2009;13.08;13.95;12.98;13.70;9278620;125072760.000
05/04/2009;13.48;14.00;13.36;13.74;9178431;125502192.000
05/06/2009;14.19;14.90;14.05;14.43;11978422;173167296.000
05/07/2009;14.18;14.39;13.48;13.61;11063449;152799600.000
05/08/2009;13.38;13.61;12.95;13.25;6381001;84249504.000
05/11/2009;13.30;13.54;12.50;12.50;6125696;78942368.000
05/12/2009;12.28;12.79;12.10;12.77;4234249;52674444.000
05/13/2009;12.92;14.00;12.80;13.84;10687239;145489728.000
05/14/2009;13.50;14.27;13.30;13.92;8975823;124256008.000
05/15/2009;13.94;14.05;13.52;13.69;4681394;64363116.000
05/18/2009;13.60;14.50;13.50;14.18;7642934;107870088.000
05/19/2009;14.05;14.35;13.75;13.89;5737887;79935688.000
05/20/2009;13.88;13.88;13.40;13.40;6511139;88053512.000
05/21/2009;13.40;13.68;13.03;13.11;3946863;52359760.000
05/22/2009;13.00;13.40;12.96;13.22;2760638;36431012.000
05/25/2009;12.80;13.15;12.78;13.07;2652640;34315816.000
05/26/2009;13.10;13.48;13.01;13.14;2763495;36562740.000
05/27/2009;13.25;13.43;13.05;13.29;2552697;33768280.000
06/01/2009;13.32;13.94;13.15;13.89;8162928;111124224.000
06/02/2009;13.85;14.44;13.57;14.10;10198772;143243024.000
06/03/2009;14.00;14.29;13.82;14.04;6139460;86020592.000
06/04/2009;14.25;14.38;13.50;13.65;4947203;68650304.000
06/05/2009;13.80;13.80;13.25;13.30;4373065;58654720.000
06/08/2009;13.30;13.41;13.11;13.24;2410710;32016396.000
06/09/2009;13.24;13.59;13.13;13.48;2575353;34457568.000
06/11/2009;13.58;14.83;13.30;14.83;16785619;243490608.000
06/12/2009;14.53;15.43;14.30;14.71;14664605;217492224.000
06/15/2009;14.85;15.47;14.70;15.17;9125467;137229600.000
06/16/2009;14.92;15.01;14.18;14.29;7740218;112624392.000
06/17/2009;14.28;14.65;13.95;14.43;4603929;65812652.000
06/18/2009;14.55;14.78;14.21;14.26;3695756;53084320.000
06/19/2009;14.21;15.28;14.01;15.06;9381385;138416080.000
06/22/2009;15.10;15.10;14.61;14.68;5532151;81912200.000
06/23/2009;14.45;14.58;14.10;14.28;4088518;58528152.000
06/24/2009;14.30;14.49;14.16;14.44;3300678;47373320.000
06/25/2009;14.44;14.65;14.21;14.32;3281502;47282360.000
06/26/2009;14.40;14.50;14.10;14.44;3923885;56025976.000
06/29/2009;14.43;14.78;14.31;14.43;4048491;58862984.000
06/30/2009;14.37;14.49;14.00;14.08;3983309;56562128.000
07/01/2009;14.00;14.35;13.83;14.10;2449203;34473744.000
07/02/2009;14.10;14.33;13.96;14.27;3184787;45109060.000
07/03/2009;14.15;14.83;14.07;14.55;6198806;90305304.000
07/06/2009;14.49;14.80;14.20;14.23;4411200;63458520.000
07/07/2009;15.26;15.65;15.26;15.65;4658939;72758304.000
07/08/2009;16.55;17.22;16.15;17.22;22310612;379036032.000
07/09/2009;17.52;18.35;16.65;16.79;15496775;266768752.000
07/10/2009;16.60;17.00;16.31;16.65;7341779;121880528.000
07/14/2009;16.65;16.98;16.48;16.78;6363397;106480000.000
07/15/2009;16.90;16.90;16.41;16.70;6720047;111586520.000
07/16/2009;16.74;16.95;16.11;16.36;5644660;92564208.000
07/17/2009;16.12;16.46;16.10;16.20;2792998;45385372.000
07/20/2009;16.44;16.53;16.17;16.23;3632263;59107716.000
07/21/2009;16.20;16.30;15.59;15.63;5230263;82928088.000
07/22/2009;15.51;15.99;15.48;15.84;3413424;53929644.000
07/23/2009;15.84;16.00;15.72;15.89;2732305;43373144.000
07/24/2009;16.66;17.48;16.50;16.80;12345803;209474144.000
07/27/2009;16.35;16.79;16.30;16.46;5550988;91461488.000
07/28/2009;16.44;17.59;16.30;17.15;7787980;132742488.000
08/03/2009;18.87;18.87;17.15;17.28;9737627;174236672.000
08/04/2009;17.20;17.20;16.42;16.82;5674530;94934112.000
08/05/2009;17.00;17.38;16.38;16.66;4001608;67398864.000
08/06/2009;16.70;16.70;16.02;16.26;2768645;45167976.000
08/07/2009;16.26;16.94;16.20;16.27;3281248;54351988.000
08/10/2009;16.31;16.65;15.88;15.98;2309532;37231376.000
08/11/2009;16.00;16.30;15.82;16.04;1591856;25478406.000
08/12/2009;16.15;16.65;15.87;15.91;3287068;53648856.000
08/13/2009;16.21;16.21;15.00;15.47;2692520;41201704.000
08/14/2009;15.18;15.37;13.99;14.00;3619026;52669784.000
08/17/2009;13.81;13.81;12.60;12.60;2812390;36537780.000
08/18/2009;12.15;12.86;12.15;12.73;1707590;21564692.000
08/19/2009;12.69;12.81;11.46;11.53;2727429;33036066.000
08/20/2009;11.38;11.96;11.33;11.92;2810739;33057510.000
08/21/2009;11.80;13.11;11.75;12.99;5232427;65654524.000
08/24/2009;12.75;13.14;12.74;12.99;3000996;38885632.000
08/25/2009;12.94;12.94;11.75;12.01;4129811;50211420.000
08/26/2009;12.10;13.21;12.00;13.21;5140230;66168968.000
08/27/2009;13.32;13.78;12.90;13.42;6533644;87707776.000
08/28/2009;13.05;13.35;12.48;12.62;4404635;55989384.000
08/31/2009;12.48;12.48;11.36;11.36;4088846;47777496.000
09/01/2009;11.25;11.60;10.82;11.44;3265782;37168904.000
09/02/2009;11.38;11.42;11.10;11.35;2469283;27796578.000
09/03/2009;11.34;12.15;11.30;11.92;2928660;34597400.000
09/04/2009;11.92;12.44;11.76;12.19;3972380;48005588.000
09/07/2009;12.20;12.60;12.10;12.20;3535432;43692416.000
09/08/2009;12.10;12.41;11.91;12.35;3069974;37534036.000
09/09/2009;12.25;12.83;12.25;12.75;4693543;59181060.000
09/10/2009;12.95;13.55;12.90;13.02;5972179;78474704.000
09/11/2009;12.88;13.11;12.75;12.98;3585559;46491408.000
09/14/2009;13.05;13.48;13.00;13.32;4056956;53673008.000
09/15/2009;13.33;13.75;13.20;13.56;5225743;70818552.000
09/16/2009;13.45;14.20;13.35;13.95;6270819;87174712.000
09/17/2009;13.97;15.00;13.80;14.75;8645242;123706776.000
09/18/2009;14.60;14.80;13.45;13.70;6459207;91794152.000
09/21/2009;13.66;13.66;12.88;13.55;3895930;51582856.000
09/22/2009;13.48;14.10;13.35;13.54;3208360;44051068.000
09/23/2009;13.48;14.18;13.38;14.07;5616700;77841472.000
09/24/2009;14.60;15.48;14.48;14.76;14652355;220984112.000
09/25/2009;14.70;14.70;13.28;13.28;7846068;107351320.000
09/28/2009;12.84;13.22;12.00;12.11;5511954;69386576.000
09/29/2009;12.01;12.16;11.20;11.55;3532422;40783460.000
09/30/2009;11.68;11.95;11.51;11.56;2267517;26660684.000
10/09/2009;11.75;12.19;11.75;12.18;2491518;29928112.000
10/12/2009;12.19;12.33;11.93;12.25;2933458;35489756.000
10/13/2009;12.18;12.29;12.08;12.29;2107535;25704492.000
10/14/2009;12.36;13.15;12.26;12.85;5821223;74390392.000
10/15/2009;12.87;12.87;12.58;12.69;3009984;38212276.000
10/16/2009;12.61;12.76;12.36;12.74;2567317;32136982.000
10/19/2009;12.60;13.38;12.60;13.23;4660060;60378644.000
10/20/2009;13.28;13.60;13.00;13.45;4516173;60100968.000
10/21/2009;13.46;13.46;13.11;13.35;3462145;46053976.000
10/22/2009;13.16;13.35;13.10;13.12;2224789;29368042.000
10/23/2009;13.12;13.33;13.01;13.13;5171658;67908096.000
10/26/2009;13.02;13.13;12.51;12.70;4962089;63119844.000
10/27/2009;12.61;12.64;12.21;12.21;3930089;48480516.000
10/28/2009;12.12;12.56;12.12;12.42;2220821;27365198.000
10/29/2009;12.22;12.24;11.88;11.96;2457069;29611648.000
10/30/2009;12.16;12.35;12.02;12.18;2130680;26051652.000
11/02/2009;12.00;12.44;11.85;12.39;2671953;32691446.000
11/03/2009;12.40;12.70;12.39;12.65;2395461;30173058.000
11/04/2009;12.79;13.15;12.64;13.06;5347792;69061616.000
11/05/2009;12.99;13.19;12.59;13.19;4053360;52416832.000
11/06/2009;13.23;13.60;13.04;13.60;7684430;103000544.000
11/09/2009;13.89;14.29;13.50;13.93;12295670;171540928.000
11/10/2009;13.90;13.90;13.51;13.58;5600606;76658448.000
11/11/2009;13.57;13.58;13.26;13.36;3292805;44000980.000
11/12/2009;13.40;14.70;13.40;14.11;9812279;139640560.000
11/13/2009;13.95;14.23;13.70;13.94;5318956;74048144.000
11/16/2009;14.03;14.29;14.00;14.29;5102823;72285800.000
11/17/2009;14.38;14.96;14.24;14.85;7267506;107100456.000
11/18/2009;15.00;15.10;14.56;15.00;5844096;86423592.000
11/19/2009;15.00;15.38;14.78;15.22;5403471;81440128.000
11/20/2009;15.22;15.73;14.93;15.52;5817614;89527200.000
11/23/2009;15.46;16.20;15.42;16.01;5372232;85635512.000
11/24/2009;16.24;16.36;14.42;14.50;8508230;131118368.000
11/25/2009;14.56;15.38;14.56;15.19;5136464;77366488.000
11/26/2009;15.10;16.35;15.06;15.60;9504991;149966192.000
11/27/2009;15.00;15.89;14.89;15.48;5461445;84283472.000
11/30/2009;15.50;16.24;15.50;16.24;5836000;92979096.000
12/01/2009;16.38;16.73;15.98;16.33;6814658;111181584.000
12/02/2009;16.33;16.68;16.12;16.50;6887850;113070808.000
12/03/2009;16.61;16.79;16.28;16.34;5177587;85388776.000
12/07/2009;16.15;16.15;15.15;15.85;4932312;78282936.000
12/08/2009;15.77;16.07;15.50;15.86;2892722;45667604.000
12/09/2009;15.76;15.80;15.25;15.50;2872752;44582552.000
12/10/2009;15.60;15.89;15.53;15.80;1829277;28744842.000
12/11/2009;15.75;16.50;15.61;16.39;3237981;52208144.000
12/14/2009;16.40;17.06;16.12;17.05;5656320;94067392.000
12/15/2009;16.95;17.90;16.74;17.16;7503933;131257032.000
12/16/2009;16.87;17.91;16.86;17.39;5206179;90934944.000
12/17/2009;17.39;17.59;16.62;17.37;5031817;86295600.000
12/18/2009;17.30;17.30;16.49;16.50;3344840;56369532.000
12/21/2009;16.61;16.80;15.75;16.17;2472381;39938852.000
12/22/2009;16.21;16.30;15.55;15.88;2102153;33315326.000
12/23/2009;15.88;16.79;15.50;16.65;2457015;39928580.000
12/24/2009;16.55;17.02;16.55;16.91;3622255;60886992.000
12/25/2009;16.86;18.20;16.65;17.79;7556466;133242952.000
12/28/2009;17.95;18.49;17.71;17.98;4498914;81484056.000
12/29/2009;18.01;18.49;17.50;18.02;4476924;80326776.000
12/30/2009;18.11;18.60;17.66;17.98;5393936;97799472.000
12/31/2009;18.13;19.78;17.80;19.70;14063026;265580784.000
01/04/2010;19.40;20.18;19.13;19.50;12300753;242929056.000
01/05/2010;19.41;19.86;19.15;19.76;5741580;112399816.000
01/06/2010;19.75;20.60;19.52;19.65;5954754;119646272.000
01/07/2010;19.36;19.84;18.00;18.60;5429133;103785672.000
01/08/2010;18.48;18.96;18.26;18.80;2857813;53165724.000
01/11/2010;18.68;19.48;18.53;19.37;3909917;74052456.000
01/12/2010;19.25;19.59;19.10;19.25;2710545;52412560.000
01/13/2010;18.80;19.45;18.40;18.53;3662143;69434336.000
01/15/2010;18.95;19.50;18.51;19.26;4551408;86381408.000
01/18/2010;19.25;20.58;19.03;20.27;4897415;98210992.000
01/19/2010;20.25;20.41;19.81;20.01;2701857;54088356.000
01/20/2010;20.14;20.95;18.66;19.40;5096819;102738320.000
01/21/2010;19.50;19.92;18.90;19.74;3340188;64462820.000
01/22/2010;19.48;19.48;17.77;17.77;5021069;92863728.000
01/25/2010;17.97;18.15;16.86;16.93;3420569;59124428.000
01/26/2010;17.30;18.14;16.83;17.06;3243128;56632804.000
01/27/2010;17.40;17.60;17.00;17.30;1802464;31206140.000
01/28/2010;17.70;18.10;17.32;17.73;2299424;40821820.000
01/29/2010;17.30;17.81;17.30;17.59;1998756;35105964.000
02/01/2010;17.48;17.76;15.83;16.18;3370804;55179600.000
02/02/2010;16.24;16.47;15.67;15.75;2554529;41179512.000
02/03/2010;16.01;16.68;15.80;16.58;2815141;45900660.000
02/04/2010;16.38;16.63;16.08;16.40;2254660;36854868.000
02/08/2010;15.88;16.24;15.80;16.02;1206539;19277066.000
02/09/2010;16.05;16.44;15.88;16.19;1320856;21463436.000
02/10/2010;16.45;16.45;16.10;16.39;823659;13401858.000
02/11/2010;16.35;16.46;16.26;16.30;704191;11523324.000
02/12/2010;16.48;17.09;16.45;16.70;1491779;25049652.000
02/22/2010;17.08;17.60;16.94;17.15;2143724;37051384.000
02/23/2010;17.10;17.28;16.49;17.26;2032126;34408604.000
02/24/2010;17.18;18.18;16.90;18.10;3372397;59945612.000
02/25/2010;18.10;18.85;17.71;18.48;6007504;109191648.000
02/26/2010;18.52;18.81;18.30;18.48;3754321;69697824.000
03/01/2010;18.40;18.65;18.18;18.39;2225626;41020404.000
03/02/2010;18.31;18.96;18.24;18.70;3273318;61076508.000
03/03/2010;18.65;19.71;18.50;19.43;4721517;91508208.000
03/04/2010;19.46;19.68;18.01;18.06;3045231;56704936.000
03/05/2010;18.07;18.52;17.94;18.21;1682423;30680186.000
03/08/2010;18.25;18.60;18.09;18.46;1648732;30212228.000
03/09/2010;18.69;18.69;18.00;18.29;1349538;24517538.000
03/10/2010;18.02;18.43;17.88;18.05;960520;17390508.000
03/11/2010;18.20;18.42;17.15;17.35;2594283;45633140.000
03/12/2010;17.35;17.55;17.08;17.20;1431910;24754310.000
03/15/2010;17.16;17.68;17.05;17.43;1310474;22727472.000
03/16/2010;18.40;19.17;17.92;19.17;6262498;117903368.000
03/17/2010;19.16;19.16;18.55;18.73;5947836;111563664.000
03/18/2010;18.60;19.08;18.40;18.80;3068811;57759268.000
03/19/2010;18.79;18.83;18.30;18.71;2860746;53095744.000
03/22/2010;18.55;19.07;18.55;18.84;3310921;62468560.000
03/23/2010;18.77;19.46;18.73;19.18;4036200;77668520.000
