002022 科华生物 日线
      日期	    开盘	    最高	    最低	    收盘	    成交量	    成交额
07/21/2004;1.58;1.67;1.53;1.53;9219802;150711488.000
07/22/2004;1.52;1.56;1.42;1.43;3363048;53326704.000
07/23/2004;1.40;1.45;1.38;1.44;2019997;30560764.000
07/26/2004;1.43;1.47;1.40;1.45;1303084;20011510.000
07/27/2004;1.44;1.46;1.30;1.33;1669904;24752918.000
07/28/2004;1.31;1.39;1.30;1.38;1376911;20091852.000
07/29/2004;1.38;1.46;1.36;1.44;1734943;26445518.000
07/30/2004;1.44;1.46;1.41;1.43;1052084;16108807.000
08/02/2004;1.41;1.48;1.40;1.44;1249387;19286994.000
08/03/2004;1.44;1.50;1.43;1.48;1294126;20191476.000
08/04/2004;1.48;1.49;1.45;1.47;1169216;18258958.000
08/05/2004;1.47;1.55;1.46;1.48;1845524;29303050.000
08/06/2004;1.47;1.52;1.41;1.46;1095466;16999764.000
08/09/2004;1.45;1.48;1.40;1.41;724639;11104562.000
08/10/2004;1.40;1.43;1.39;1.41;672594;10138997.000
08/11/2004;1.40;1.41;1.32;1.33;1040576;15245291.000
08/12/2004;1.44;1.51;1.42;1.48;3665000;57461444.000
08/13/2004;1.46;1.49;1.43;1.45;1306561;20233350.000
08/16/2004;1.43;1.45;1.36;1.42;1184163;17736580.000
08/17/2004;1.39;1.44;1.38;1.38;748210;11285367.000
08/18/2004;1.38;1.38;1.31;1.31;918552;13432257.000
08/19/2004;1.32;1.35;1.30;1.35;692149;10031234.000
08/20/2004;1.35;1.38;1.31;1.36;494383;7217056.500
08/23/2004;1.32;1.33;1.25;1.27;759665;10766192.000
08/24/2004;1.25;1.30;1.23;1.27;718351;10051793.000
08/25/2004;1.27;1.29;1.23;1.26;427700;5932563.500
08/26/2004;1.25;1.28;1.23;1.24;304116;4210240.500
08/27/2004;1.23;1.27;1.20;1.21;362720;4935307.000
08/30/2004;1.19;1.33;1.18;1.28;860650;12084912.000
08/31/2004;1.35;1.38;1.29;1.29;1026866;14909138.000
09/01/2004;1.29;1.29;1.24;1.25;308994;4308201.500
09/02/2004;1.24;1.30;1.24;1.30;264695;3694884.000
09/03/2004;1.31;1.31;1.27;1.27;216922;3052167.500
09/06/2004;1.25;1.28;1.25;1.27;136757;1909938.875
09/07/2004;1.27;1.29;1.26;1.28;121617;1703906.000
09/08/2004;1.28;1.29;1.25;1.27;184931;2580895.500
09/09/2004;1.27;1.29;1.25;1.27;398055;5583926.500
09/10/2004;1.27;1.30;1.26;1.28;247641;3480549.000
09/13/2004;1.28;1.28;1.21;1.21;348560;4772065.000
09/14/2004;1.24;1.30;1.23;1.28;558524;7821055.500
09/16/2004;1.46;1.46;1.40;1.46;3302743;50668332.000
09/17/2004;1.47;1.53;1.42;1.52;2305474;36035984.000
09/20/2004;1.53;1.63;1.51;1.62;3276513;53815072.000
09/21/2004;1.62;1.79;1.58;1.70;2562393;44767800.000
09/22/2004;1.69;1.77;1.67;1.71;2478631;43645736.000
09/23/2004;1.72;1.73;1.61;1.72;1709802;29348750.000
09/24/2004;1.72;1.78;1.61;1.62;2348336;41470744.000
09/27/2004;1.65;1.70;1.54;1.58;1223091;20535058.000
09/28/2004;1.60;1.66;1.56;1.64;824020;13877660.000
09/29/2004;1.64;1.68;1.63;1.64;754103;12868719.000
09/30/2004;1.64;1.74;1.64;1.68;1566022;27346804.000
10/08/2004;1.69;1.89;1.67;1.85;1865791;34039292.000
10/11/2004;1.86;1.90;1.74;1.76;2262801;42320896.000
10/12/2004;1.74;1.81;1.71;1.74;1190537;21308872.000
10/13/2004;1.75;1.77;1.72;1.75;599798;10695703.000
10/14/2004;1.74;1.75;1.53;1.53;1549717;25787798.000
10/15/2004;1.48;1.50;1.38;1.45;1422191;21792330.000
10/18/2004;1.45;1.52;1.45;1.48;834345;13161373.000
10/19/2004;1.48;1.54;1.43;1.45;906133;14400996.000
10/20/2004;1.44;1.48;1.39;1.48;656312;9997984.000
10/21/2004;1.50;1.53;1.45;1.47;571471;8981292.000
10/22/2004;1.47;1.57;1.43;1.56;957303;15339410.000
10/25/2004;1.59;1.62;1.53;1.53;824182;13533119.000
10/26/2004;1.54;1.66;1.52;1.64;919229;15263365.000
10/27/2004;1.65;1.70;1.61;1.69;1178450;20216534.000
10/28/2004;1.69;1.76;1.58;1.61;1729677;29916962.000
10/29/2004;1.58;1.69;1.54;1.61;996434;16753399.000
11/01/2004;1.61;1.64;1.58;1.61;564651;9477115.000
11/02/2004;1.59;1.64;1.59;1.61;480516;8072938.000
11/03/2004;1.61;1.72;1.61;1.70;744679;12786643.000
11/04/2004;1.71;1.71;1.62;1.63;767561;13227074.000
11/05/2004;1.64;1.68;1.58;1.60;547369;9190963.000
11/08/2004;1.60;1.62;1.56;1.58;292542;4823899.500
11/09/2004;1.58;1.64;1.58;1.62;292783;4909362.500
11/10/2004;1.64;1.73;1.58;1.72;1029992;17877696.000
11/11/2004;1.72;1.77;1.68;1.68;1375051;24384864.000
11/12/2004;1.68;1.74;1.68;1.71;525174;9206825.000
11/15/2004;1.72;1.77;1.69;1.75;628355;11202262.000
11/16/2004;1.77;1.77;1.70;1.71;447468;7895044.500
11/17/2004;1.71;1.72;1.68;1.70;367145;6403389.000
11/18/2004;1.68;1.73;1.68;1.71;190650;3342413.000
11/19/2004;1.71;1.73;1.66;1.67;557836;9630151.000
11/22/2004;1.67;1.69;1.64;1.66;448848;7705090.000
11/23/2004;1.66;1.67;1.65;1.65;306436;5241398.500
11/24/2004;1.65;1.71;1.64;1.68;379186;6543382.500
11/25/2004;1.68;1.68;1.63;1.63;286221;4886934.500
11/26/2004;1.64;1.67;1.63;1.63;211250;3590081.000
11/29/2004;1.63;1.64;1.58;1.58;322300;5396398.500
11/30/2004;1.58;1.61;1.58;1.59;144074;2389181.500
12/01/2004;1.61;1.61;1.58;1.58;139660;2307076.500
12/02/2004;1.57;1.58;1.53;1.54;302545;4901291.000
12/03/2004;1.54;1.63;1.54;1.59;307641;5122014.000
12/06/2004;1.59;1.59;1.55;1.59;134951;2215970.500
12/07/2004;1.56;1.58;1.55;1.57;176469;2884193.750
12/08/2004;1.59;1.60;1.56;1.57;112506;1854865.250
12/09/2004;1.57;1.66;1.56;1.63;347436;5854661.000
12/10/2004;1.63;1.65;1.59;1.65;439375;7423206.000
12/13/2004;1.65;1.69;1.62;1.67;518646;8904489.000
12/14/2004;1.67;1.68;1.64;1.67;275159;4712824.500
12/15/2004;1.67;1.72;1.65;1.68;810765;14081544.000
12/16/2004;1.67;1.67;1.61;1.61;319570;5405674.000
12/17/2004;1.61;1.61;1.54;1.55;340948;5591837.500
12/20/2004;1.52;1.52;1.44;1.45;550538;8583879.000
12/21/2004;1.51;1.51;1.45;1.47;172000;2690574.500
12/22/2004;1.48;1.54;1.47;1.54;330672;5266127.500
12/23/2004;1.54;1.54;1.46;1.46;213026;3367256.000
12/24/2004;1.46;1.51;1.44;1.49;164772;2594378.500
12/27/2004;1.48;1.51;1.47;1.48;76983;1210070.000
12/28/2004;1.48;1.50;1.45;1.49;130474;2035630.250
12/29/2004;1.49;1.51;1.44;1.44;233109;3632279.000
12/30/2004;1.47;1.48;1.45;1.47;105030;1636231.625
12/31/2004;1.47;1.50;1.46;1.47;77509;1212402.250
01/04/2005;1.45;1.48;1.43;1.45;72603;1129175.625
01/05/2005;1.46;1.51;1.45;1.49;154528;2432794.500
01/06/2005;1.48;1.50;1.46;1.48;97028;1522325.125
01/07/2005;1.49;1.50;1.46;1.46;118765;1864891.000
01/10/2005;1.46;1.49;1.44;1.47;120110;1866684.250
01/11/2005;1.48;1.50;1.47;1.50;122914;1934746.125
01/12/2005;1.50;1.50;1.46;1.46;104234;1624558.000
01/13/2005;1.46;1.49;1.45;1.46;102429;1594487.750
01/14/2005;1.47;1.49;1.40;1.41;172400;2652222.250
01/17/2005;1.39;1.39;1.30;1.32;425985;6178073.500
01/18/2005;1.32;1.34;1.29;1.33;183695;2639259.500
01/19/2005;1.33;1.33;1.27;1.27;177040;2514068.250
01/20/2005;1.27;1.27;1.22;1.24;292710;4019998.750
01/21/2005;1.24;1.34;1.22;1.32;365422;5144331.000
01/24/2005;1.35;1.40;1.34;1.37;488855;7214685.000
01/25/2005;1.35;1.35;1.27;1.29;439793;6213773.000
01/26/2005;1.28;1.30;1.27;1.30;154287;2184105.250
01/27/2005;1.29;1.30;1.26;1.26;151129;2114862.250
01/28/2005;1.27;1.27;1.22;1.23;278835;3815933.750
01/31/2005;1.22;1.22;1.19;1.21;155891;2096839.625
02/01/2005;1.21;1.25;1.19;1.20;216215;2931538.750
02/02/2005;1.22;1.32;1.21;1.31;449149;6319988.500
02/03/2005;1.31;1.32;1.25;1.26;364017;5142741.500
02/04/2005;1.26;1.32;1.26;1.32;317963;4534844.500
02/16/2005;1.34;1.35;1.31;1.32;289469;4191003.000
02/17/2005;1.31;1.31;1.28;1.30;257191;3641149.250
02/18/2005;1.30;1.33;1.29;1.32;202257;2881438.000
02/21/2005;1.33;1.36;1.30;1.35;288243;4188850.250
02/22/2005;1.35;1.44;1.35;1.43;619924;9333695.000
02/23/2005;1.43;1.61;1.41;1.57;1205225;19291668.000
02/24/2005;1.61;1.66;1.57;1.57;2337400;39046816.000
02/25/2005;1.57;1.66;1.57;1.60;1769233;29713918.000
02/28/2005;1.61;1.69;1.61;1.62;1294802;22073496.000
03/01/2005;1.62;1.63;1.57;1.60;544801;9050973.000
03/02/2005;1.60;1.63;1.57;1.58;681590;11309869.000
03/03/2005;1.57;1.58;1.53;1.57;387699;6315466.500
03/04/2005;1.56;1.58;1.53;1.55;313446;5094449.500
03/07/2005;1.55;1.56;1.52;1.52;299269;4831423.000
03/08/2005;1.53;1.65;1.53;1.63;1101761;18460310.000
03/09/2005;1.63;1.64;1.61;1.62;626863;10549258.000
03/10/2005;1.62;1.67;1.58;1.59;802291;13505588.000
03/11/2005;1.59;1.63;1.58;1.62;471064;7877562.000
03/14/2005;1.63;1.63;1.54;1.56;746432;12256693.000
03/15/2005;1.56;1.59;1.54;1.56;382834;6247665.500
03/16/2005;1.55;1.56;1.49;1.50;554568;8849787.000
03/17/2005;1.50;1.51;1.48;1.48;251587;3970675.500
03/18/2005;1.48;1.52;1.47;1.48;274824;4338398.500
03/21/2005;1.48;1.52;1.48;1.51;231012;3667577.500
03/22/2005;1.52;1.58;1.51;1.53;553243;8882556.000
03/23/2005;1.54;1.59;1.51;1.54;606667;9855880.000
03/24/2005;1.54;1.54;1.46;1.51;491208;7764309.000
03/25/2005;1.50;1.51;1.47;1.48;245410;3858405.500
03/29/2005;1.46;1.50;1.46;1.46;253617;3963328.750
03/30/2005;1.45;1.46;1.37;1.37;403741;6105691.000
03/31/2005;1.36;1.40;1.35;1.40;252627;3757586.750
04/01/2005;1.40;1.52;1.38;1.50;474878;7333283.500
04/04/2005;1.46;1.54;1.42;1.52;547964;8694117.000
04/05/2005;1.52;1.55;1.49;1.51;588900;9422742.000
04/06/2005;1.49;1.49;1.41;1.46;676651;8290348.000
04/07/2005;1.46;1.52;1.44;1.46;574406;7188822.500
04/08/2005;1.46;1.54;1.45;1.53;730359;9279581.000
04/11/2005;1.53;1.53;1.49;1.49;604907;7655894.000
04/12/2005;1.51;1.51;1.43;1.43;484990;5954529.500
04/13/2005;1.45;1.51;1.45;1.48;682871;8554956.000
04/14/2005;1.50;1.66;1.49;1.63;2832595;37877144.000
04/15/2005;1.63;1.68;1.60;1.63;1951438;26462330.000
04/18/2005;1.63;1.63;1.54;1.56;880364;11536046.000
04/19/2005;1.54;1.58;1.50;1.53;691150;8853818.000
04/20/2005;1.52;1.52;1.43;1.45;726804;8980140.000
04/21/2005;1.45;1.51;1.45;1.47;487850;6085888.000
04/22/2005;1.46;1.48;1.36;1.38;839245;10024534.000
04/25/2005;1.36;1.38;1.33;1.36;375181;4353084.000
04/26/2005;1.36;1.40;1.35;1.40;399204;4724116.500
04/27/2005;1.42;1.48;1.42;1.43;573058;7037080.500
04/28/2005;1.42;1.48;1.37;1.45;555452;6722459.500
04/29/2005;1.45;1.45;1.39;1.39;343720;4152579.000
05/09/2005;1.40;1.41;1.29;1.29;361200;4181928.250
05/10/2005;1.31;1.33;1.13;1.19;819403;8650679.000
05/11/2005;1.18;1.22;1.16;1.17;257771;2708186.000
05/12/2005;1.17;1.22;1.15;1.19;337774;3550436.000
05/16/2005;1.21;1.21;1.16;1.18;228944;2400443.250
05/17/2005;1.20;1.23;1.17;1.21;381703;4074330.750
05/18/2005;1.22;1.23;1.20;1.23;192174;2060123.250
05/19/2005;1.23;1.24;1.19;1.23;251432;2689563.500
05/20/2005;1.23;1.26;1.21;1.23;334116;3629952.500
05/23/2005;1.22;1.22;1.15;1.15;337020;3490723.750
05/24/2005;1.15;1.23;1.14;1.21;273138;2879293.750
05/25/2005;1.21;1.22;1.19;1.20;231429;2457418.000
05/26/2005;1.20;1.22;1.16;1.18;143427;1506576.000
05/27/2005;1.16;1.19;1.14;1.15;229819;2372223.750
05/30/2005;1.14;1.15;1.11;1.15;328434;3299139.500
05/31/2005;1.15;1.16;1.11;1.12;171670;1735901.750
06/01/2005;1.11;1.12;1.03;1.04;448428;4322493.000
06/02/2005;1.04;1.04;0.97;0.98;625166;5776683.500
06/03/2005;0.98;0.99;0.97;0.99;270877;2472133.000
06/06/2005;0.99;1.03;0.95;1.03;335186;3079512.250
06/07/2005;1.03;1.07;1.01;1.02;431758;4110135.500
06/08/2005;1.02;1.16;1.02;1.16;995187;9965039.000
06/09/2005;1.16;1.27;1.13;1.23;1434306;15393004.000
06/10/2005;1.22;1.23;1.16;1.17;603338;6343387.500
06/13/2005;1.17;1.20;1.14;1.19;399660;4168610.000
06/14/2005;1.19;1.21;1.14;1.14;417660;4345701.000
06/15/2005;1.14;1.17;1.11;1.14;461905;4697317.000
06/16/2005;1.14;1.22;1.13;1.21;656781;6900515.000
06/17/2005;1.22;1.23;1.16;1.19;579784;6126286.500
06/20/2005;1.21;1.31;1.19;1.30;1490128;16441903.000
06/21/2005;1.30;1.32;1.24;1.30;1196857;13341135.000
06/22/2005;1.29;1.32;1.26;1.31;860946;9671833.000
06/23/2005;1.30;1.32;1.21;1.22;925981;10259104.000
06/24/2005;1.21;1.28;1.20;1.26;615613;6707636.500
06/27/2005;1.31;1.42;1.30;1.38;1643129;19276284.000
06/28/2005;1.35;1.40;1.33;1.36;988224;11576317.000
06/29/2005;1.35;1.39;1.34;1.35;762343;8958340.000
06/30/2005;1.35;1.35;1.27;1.27;665392;7478992.000
07/01/2005;1.27;1.28;1.21;1.21;663960;7190360.000
07/04/2005;1.20;1.22;1.17;1.21;291997;3069510.500
07/05/2005;1.20;1.25;1.17;1.21;457290;4894080.000
07/06/2005;1.21;1.24;1.19;1.21;439031;4709676.500
07/07/2005;1.20;1.23;1.19;1.22;224241;2397153.750
07/08/2005;1.23;1.23;1.18;1.19;363258;3830030.000
07/11/2005;1.21;1.26;1.19;1.20;252029;2710546.000
07/12/2005;1.21;1.32;1.19;1.30;577028;6358285.500
07/13/2005;1.30;1.31;1.27;1.29;429105;4806854.000
07/14/2005;1.28;1.31;1.28;1.29;406600;4565444.500
07/15/2005;1.30;1.30;1.25;1.25;390193;4304571.500
07/18/2005;1.25;1.26;1.24;1.25;128519;1403456.875
07/19/2005;1.25;1.28;1.25;1.26;115763;1272040.000
07/20/2005;1.26;1.30;1.26;1.29;206976;2313706.000
07/21/2005;1.29;1.30;1.26;1.27;140056;1553437.875
07/22/2005;1.29;1.32;1.26;1.31;532381;5996309.500
07/25/2005;1.31;1.32;1.29;1.30;307740;3468555.000
07/26/2005;1.29;1.35;1.29;1.34;427458;4906639.000
07/27/2005;1.34;1.36;1.31;1.36;424633;4884290.500
07/28/2005;1.36;1.36;1.33;1.34;376768;4361191.000
07/29/2005;1.33;1.34;1.31;1.33;142185;1625706.750
08/01/2005;1.33;1.36;1.32;1.36;249130;2877831.750
08/02/2005;1.34;1.36;1.33;1.33;479741;5532853.000
08/03/2005;1.38;1.45;1.38;1.41;1330952;16086752.000
08/04/2005;1.40;1.58;1.40;1.51;1577048;19992040.000
08/05/2005;1.52;1.70;1.52;1.68;4131305;56270884.000
08/08/2005;1.68;1.75;1.65;1.67;2713806;37826012.000
08/09/2005;1.67;1.78;1.66;1.70;2130143;29896354.000
08/10/2005;1.70;1.70;1.65;1.70;1921895;26515678.000
08/11/2005;1.69;1.72;1.66;1.69;1376869;19119084.000
08/12/2005;1.71;1.78;1.67;1.72;1797462;25273666.000
08/15/2005;1.73;1.90;1.72;1.85;2313034;34324904.000
08/16/2005;1.89;1.89;1.80;1.81;1761126;26137698.000
08/17/2005;1.80;1.89;1.79;1.86;1749429;26247996.000
08/18/2005;1.86;1.88;1.64;1.66;2406356;34933804.000
08/19/2005;1.67;1.74;1.65;1.70;1628919;22678804.000
08/22/2005;1.69;1.70;1.62;1.66;804780;11034956.000
08/23/2005;1.65;1.72;1.65;1.70;674980;9361700.000
08/24/2005;1.73;1.77;1.69;1.73;1186540;16874584.000
08/25/2005;1.74;1.74;1.71;1.73;479582;6782506.500
08/26/2005;1.73;1.77;1.72;1.77;890073;12723351.000
08/29/2005;1.76;1.76;1.70;1.71;614395;8673929.000
08/30/2005;1.71;1.71;1.67;1.68;410165;5687578.500
08/31/2005;1.68;1.75;1.68;1.75;651636;9207596.000
09/01/2005;1.76;1.78;1.74;1.76;657234;9458375.000
09/02/2005;1.78;1.87;1.78;1.84;1631944;24360682.000
09/05/2005;1.86;1.88;1.82;1.85;767664;11459280.000
09/06/2005;1.85;1.85;1.78;1.78;710441;10466104.000
09/07/2005;1.77;1.85;1.76;1.85;809273;11934922.000
09/08/2005;1.87;1.87;1.81;1.83;667871;9926812.000
09/09/2005;1.84;1.87;1.81;1.84;1203552;18085746.000
09/21/2005;2.01;2.04;1.93;1.97;2845074;45112992.000
09/22/2005;1.95;2.00;1.90;1.96;1398942;21814348.000
09/23/2005;1.94;1.99;1.90;1.91;601448;9336554.000
09/26/2005;1.91;1.95;1.91;1.94;858968;13397351.000
10/28/2005;1.88;2.02;1.83;1.90;3113182;35407792.000
10/31/2005;1.92;1.99;1.87;1.96;2820431;32508880.000
11/01/2005;1.95;1.95;1.83;1.88;1313658;14620572.000
11/02/2005;1.89;2.06;1.86;2.03;3274883;38148016.000
11/04/2005;2.04;2.15;1.98;2.12;3067053;37210708.000
11/07/2005;2.14;2.23;2.11;2.16;3169319;40165676.000
11/08/2005;2.15;2.23;2.14;2.17;1319153;16749512.000
11/09/2005;2.17;2.35;2.16;2.29;2804059;36829852.000
11/10/2005;2.29;2.32;2.23;2.25;1590413;20827264.000
11/11/2005;2.25;2.36;2.23;2.35;1642808;21916440.000
11/14/2005;2.36;2.37;2.28;2.35;936411;12505292.000
11/15/2005;2.34;2.35;2.17;2.18;2163896;27959536.000
11/16/2005;2.16;2.23;2.12;2.23;1085070;13679157.000
11/17/2005;2.20;2.45;2.20;2.44;2169801;29202696.000
11/18/2005;2.41;2.52;2.38;2.45;2384571;33516528.000
11/21/2005;2.49;2.54;2.42;2.44;1482808;20927722.000
11/22/2005;2.44;2.47;2.38;2.39;829668;11475089.000
11/23/2005;2.38;2.49;2.37;2.47;1287741;18079016.000
11/24/2005;2.49;2.49;2.40;2.43;918465;12801873.000
11/25/2005;2.43;2.45;2.39;2.42;647126;8949136.000
11/28/2005;2.40;2.43;2.35;2.38;838298;11445669.000
11/29/2005;2.38;2.42;2.38;2.38;715750;9822777.000
11/30/2005;2.40;2.49;2.36;2.46;1477682;20547824.000
12/01/2005;2.47;2.47;2.39;2.41;607243;8376521.500
12/02/2005;2.40;2.40;2.29;2.31;1453699;19514366.000
12/05/2005;2.29;2.33;2.24;2.24;888904;11707694.000
12/06/2005;2.22;2.27;2.18;2.19;933768;12016802.000
12/07/2005;2.21;2.24;2.19;2.22;784601;10068692.000
12/08/2005;2.25;2.25;2.14;2.16;969829;12256640.000
12/09/2005;2.18;2.25;2.16;2.24;817147;10514984.000
12/12/2005;2.24;2.31;2.22;2.28;925813;12211635.000
12/13/2005;2.25;2.28;2.20;2.25;727308;9389785.000
12/14/2005;2.24;2.32;2.22;2.31;789070;10392520.000
12/15/2005;2.31;2.35;2.28;2.29;848951;11340754.000
12/16/2005;2.31;2.33;2.28;2.33;658943;8739380.000
12/19/2005;2.31;2.34;2.27;2.27;566722;7471933.500
12/20/2005;2.29;2.29;2.20;2.22;744775;9622557.000
12/21/2005;2.23;2.24;2.19;2.20;573586;7338871.000
12/22/2005;2.19;2.28;2.19;2.26;491233;6371574.000
12/23/2005;2.25;2.31;2.22;2.29;666076;8786213.000
12/26/2005;2.31;2.34;2.29;2.31;819261;10900697.000
12/27/2005;2.32;2.32;2.25;2.29;394648;5197299.500
12/28/2005;2.28;2.38;2.26;2.37;1198915;16107596.000
12/29/2005;2.36;2.42;2.35;2.38;954607;13033711.000
12/30/2005;2.40;2.40;2.29;2.30;1412505;18917154.000
01/04/2006;2.27;2.34;2.27;2.33;1421782;18787122.000
01/05/2006;2.35;2.45;2.34;2.40;2115183;29069536.000
01/06/2006;2.41;2.41;2.35;2.39;1274792;17414940.000
01/09/2006;2.39;2.50;2.39;2.47;1791242;25154046.000
01/10/2006;2.47;2.53;2.46;2.48;1268725;18001866.000
01/11/2006;2.48;2.49;2.40;2.47;1454750;20263734.000
01/12/2006;2.47;2.65;2.46;2.62;2736252;40234532.000
01/13/2006;2.63;2.65;2.59;2.62;1596452;23651324.000
01/16/2006;2.65;2.71;2.57;2.58;1740782;26180520.000
01/17/2006;2.56;2.63;2.55;2.59;974722;14328345.000
01/18/2006;2.59;2.66;2.57;2.66;905590;13458175.000
01/19/2006;2.68;2.68;2.59;2.61;1067234;15821799.000
01/20/2006;2.61;2.62;2.49;2.55;1683217;24348042.000
01/23/2006;2.53;2.56;2.49;2.53;852447;12232757.000
01/24/2006;2.52;2.57;2.50;2.55;667751;9660966.000
01/25/2006;2.53;2.58;2.47;2.50;881458;12667140.000
02/06/2006;2.52;2.62;2.50;2.59;799884;11687005.000
02/07/2006;2.58;2.61;2.49;2.52;1022698;14761001.000
02/08/2006;2.51;2.61;2.50;2.56;711320;10396024.000
02/09/2006;2.57;2.63;2.57;2.59;736407;10842515.000
02/10/2006;2.61;2.70;2.60;2.70;1731803;26099966.000
02/13/2006;2.72;2.79;2.70;2.70;1676408;25873336.000
02/14/2006;2.71;2.73;2.65;2.69;1084114;16443133.000
02/15/2006;2.69;2.74;2.68;2.71;765999;11698123.000
02/16/2006;2.70;2.70;2.54;2.55;1404020;20669538.000
02/17/2006;2.57;2.59;2.42;2.43;1255555;17898820.000
02/20/2006;2.40;2.47;2.37;2.40;996263;13801695.000
02/21/2006;2.40;2.49;2.39;2.49;729338;10205798.000
02/22/2006;2.48;2.52;2.41;2.41;686178;9594969.000
02/23/2006;2.42;2.44;2.36;2.39;705122;9658203.000
02/24/2006;2.39;2.51;2.39;2.50;961003;13523906.000
02/27/2006;2.49;2.53;2.46;2.46;493691;7006871.500
02/28/2006;2.45;2.51;2.44;2.51;880397;12487930.000
03/01/2006;2.52;2.64;2.51;2.62;1439373;21236278.000
03/02/2006;2.63;2.66;2.56;2.57;1548137;22928630.000
03/03/2006;2.63;2.80;2.61;2.73;3838678;58583216.000
03/06/2006;2.75;2.79;2.68;2.69;1558200;23975096.000
03/07/2006;2.69;2.71;2.56;2.59;1278120;18955568.000
03/08/2006;2.57;2.68;2.57;2.65;1270506;18978636.000
03/09/2006;2.66;2.69;2.60;2.62;694813;10391481.000
03/10/2006;2.61;2.65;2.58;2.63;634921;9425148.000
03/13/2006;2.62;2.63;2.57;2.60;660813;9711777.000
03/14/2006;2.61;2.69;2.58;2.68;1002880;15035997.000
03/15/2006;2.67;2.78;2.65;2.71;1682088;25912548.000
03/16/2006;2.70;2.75;2.70;2.74;764495;11749687.000
03/17/2006;2.74;2.75;2.67;2.71;628195;9589748.000
03/20/2006;2.71;2.83;2.70;2.80;1465805;23011462.000
03/21/2006;2.80;2.82;2.76;2.77;965809;15100019.000
03/22/2006;2.75;2.78;2.72;2.78;784954;12192850.000
03/23/2006;2.71;2.81;2.71;2.80;1010379;15809770.000
03/24/2006;2.79;2.80;2.71;2.72;1355100;20969646.000
03/27/2006;2.70;2.73;2.66;2.69;1239648;18797828.000
03/28/2006;2.69;2.76;2.68;2.72;813298;12521911.000
03/29/2006;2.73;2.80;2.70;2.77;1112406;17237764.000
03/30/2006;2.77;2.84;2.76;2.76;1289030;20321008.000
03/31/2006;2.74;2.77;2.68;2.75;1597173;24419408.000
04/03/2006;2.72;2.91;2.72;2.89;2862325;45573272.000
04/04/2006;2.90;2.96;2.86;2.94;2098956;34167128.000
04/05/2006;2.93;3.07;2.93;2.99;1960784;33033592.000
04/06/2006;3.00;3.03;2.94;2.96;1466741;24454954.000
04/07/2006;2.95;3.01;2.93;2.99;1358517;22490250.000
04/11/2006;3.10;3.12;3.00;3.02;1536948;26084990.000
04/12/2006;3.02;3.12;2.99;3.05;1228031;20981786.000
04/13/2006;3.12;3.35;3.07;3.21;2968238;53101108.000
04/14/2006;3.21;3.48;3.16;3.47;3013874;55378664.000
04/17/2006;3.49;3.65;3.42;3.42;3614849;70217016.000
04/18/2006;3.42;3.49;3.32;3.49;2258435;42454400.000
04/19/2006;3.50;3.60;3.38;3.54;3257250;62549812.000
04/20/2006;3.46;3.52;3.29;3.32;5198052;55013280.000
04/21/2006;3.23;3.41;3.09;3.37;5358892;55201552.000
04/24/2006;3.32;3.36;3.16;3.18;4265907;43395152.000
04/25/2006;3.14;3.14;2.96;3.09;4252240;41169212.000
04/26/2006;3.07;3.41;3.02;3.36;5834515;60512004.000
04/27/2006;3.37;3.49;3.30;3.38;3710584;39959164.000
04/28/2006;3.35;3.75;3.22;3.66;5841967;65127076.000
05/08/2006;3.72;3.89;3.63;3.82;6329374;75448480.000
05/09/2006;3.84;3.99;3.74;3.89;5345724;64516972.000
05/10/2006;3.89;3.89;3.76;3.84;4404215;52511680.000
05/11/2006;3.79;4.08;3.77;3.79;4673996;56816408.000
05/12/2006;3.74;3.99;3.72;3.94;4701526;56675880.000
05/15/2006;4.06;4.32;3.98;4.32;6209283;80682728.000
05/16/2006;4.27;4.34;3.94;3.97;5292285;68327648.000
05/17/2006;4.01;4.25;3.99;4.17;3862973;49231440.000
05/18/2006;4.11;4.23;4.03;4.18;3448947;44419688.000
05/19/2006;4.17;4.48;4.15;4.46;5058229;68388968.000
05/22/2006;4.59;4.86;4.56;4.69;4316728;63053500.000
05/23/2006;4.56;4.56;4.22;4.23;4205384;57386968.000
05/24/2006;4.24;4.44;3.89;4.01;3700890;47228576.000
05/25/2006;4.04;4.14;3.96;4.08;1876324;23594004.000
05/26/2006;4.14;4.32;4.08;4.30;3351558;44220560.000
05/29/2006;4.35;4.46;4.29;4.40;2208686;30053850.000
05/30/2006;4.42;4.43;4.23;4.40;2319896;31253788.000
05/31/2006;4.37;4.54;4.29;4.40;2565221;35295128.000
06/01/2006;4.42;4.57;4.37;4.53;3639825;50808780.000
06/02/2006;4.56;4.61;4.36;4.40;3279145;45051356.000
06/05/2006;4.40;4.52;4.35;4.47;2225185;30872736.000
06/06/2006;4.43;4.45;4.25;4.28;2315828;31121974.000
06/07/2006;4.24;4.31;3.87;3.87;2426182;30555208.000
06/08/2006;3.80;3.94;3.65;3.93;2338096;27760142.000
06/09/2006;3.94;4.06;3.84;3.97;2378220;29548012.000
06/12/2006;3.91;3.99;3.86;3.91;692824;8513282.000
06/13/2006;3.91;4.03;3.87;3.94;838665;10353787.000
06/14/2006;3.93;3.97;3.87;3.97;708919;8697621.000
06/15/2006;3.97;4.08;3.95;4.01;908076;11337879.000
06/16/2006;4.03;4.20;4.03;4.18;2071036;26720450.000
06/19/2006;4.25;4.30;4.12;4.21;2253196;29384804.000
06/20/2006;4.18;4.28;4.13;4.25;2039209;26789158.000
06/21/2006;4.25;4.29;4.15;4.18;1508795;19729124.000
06/22/2006;4.13;4.16;4.03;4.03;1824346;23127060.000
06/23/2006;4.02;4.10;3.97;4.06;1083972;13578207.000
06/26/2006;4.05;4.17;4.00;4.14;1190027;15173934.000
06/27/2006;4.18;4.34;4.15;4.33;2798863;37066452.000
06/28/2006;4.32;4.32;4.23;4.24;1100379;14562009.000
06/29/2006;4.25;4.35;4.24;4.35;1928272;25698118.000
06/30/2006;4.35;4.35;4.20;4.24;1446383;19161486.000
07/03/2006;4.22;4.29;4.19;4.26;1064693;14047221.000
07/04/2006;4.26;4.33;4.20;4.23;1448959;19113480.000
07/05/2006;4.21;4.21;4.07;4.11;1327939;17032812.000
07/06/2006;4.11;4.21;4.11;4.18;1240926;16095839.000
07/07/2006;4.18;4.22;4.10;4.10;1273624;16386653.000
07/10/2006;4.11;4.18;4.09;4.16;906533;11660462.000
07/11/2006;4.15;4.37;4.11;4.37;3067495;40836000.000
07/12/2006;4.38;4.43;4.31;4.37;2272301;30701648.000
07/13/2006;4.36;4.36;3.98;3.99;2789009;35843112.000
07/14/2006;3.97;4.07;3.90;4.00;1232359;15379383.000
07/17/2006;3.93;4.01;3.91;3.98;529832;6566181.000
07/18/2006;3.97;3.98;3.87;3.94;829626;10152553.000
07/19/2006;3.92;3.92;3.79;3.87;1075293;12935913.000
07/20/2006;3.87;3.90;3.82;3.87;459764;5535871.000
07/21/2006;3.92;4.04;3.92;3.96;609653;7568193.000
07/24/2006;3.91;3.97;3.80;3.93;495993;6047574.500
07/25/2006;3.91;3.98;3.91;3.95;480839;5946500.000
07/26/2006;3.96;4.06;3.95;3.97;985480;12358466.000
07/27/2006;3.97;4.03;3.91;3.94;799308;9839037.000
07/28/2006;3.94;3.97;3.87;3.89;653814;7993812.500
07/31/2006;3.85;3.89;3.70;3.70;819829;9671670.000
08/01/2006;3.70;3.74;3.58;3.61;727070;8398391.000
08/02/2006;3.61;3.68;3.61;3.64;739310;8437188.000
08/03/2006;3.66;3.82;3.66;3.72;734585;8659116.000
08/04/2006;3.76;3.76;3.60;3.60;487019;5607169.500
08/07/2006;3.60;3.60;3.39;3.40;624048;6817058.500
08/08/2006;3.49;3.49;3.41;3.48;388646;4224801.500
08/09/2006;3.49;3.50;3.42;3.42;424087;4615937.000
08/10/2006;3.44;3.56;3.44;3.56;909237;9990871.000
08/11/2006;3.56;3.59;3.50;3.58;474919;5307439.000
08/14/2006;3.56;3.60;3.47;3.51;965182;10726124.000
08/15/2006;3.51;3.59;3.49;3.56;281508;3142424.000
08/16/2006;3.56;3.65;3.56;3.64;448194;5093762.000
08/17/2006;3.58;3.60;3.54;3.56;251566;2818075.000
08/18/2006;3.56;3.63;3.56;3.58;250997;2839258.250
08/21/2006;3.45;3.73;3.40;3.69;706932;8033137.500
08/23/2006;3.77;3.79;3.69;3.79;1685608;19820730.000
08/24/2006;3.77;3.91;3.75;3.89;995184;11935268.000
08/25/2006;3.89;3.92;3.87;3.89;694393;8430221.000
08/28/2006;3.89;4.03;3.89;3.97;731264;9075451.000
08/29/2006;4.01;4.07;3.96;3.98;1061158;13250948.000
08/30/2006;3.98;3.98;3.86;3.90;718394;8757372.000
08/31/2006;3.99;3.99;3.90;3.96;531980;6530775.000
09/01/2006;4.01;4.01;3.88;3.88;529380;6515629.500
09/04/2006;3.87;4.06;3.84;4.06;996105;12396270.000
09/05/2006;4.04;4.06;3.97;4.02;482016;6028229.500
09/06/2006;4.03;4.03;3.94;4.02;580264;7206563.000
09/07/2006;3.95;4.02;3.90;3.92;297047;3647284.250
09/08/2006;3.89;4.06;3.89;4.01;1073075;13366587.000
09/11/2006;4.00;4.11;3.96;4.08;995181;12568335.000
09/12/2006;4.08;4.13;4.05;4.09;793816;10097248.000
09/13/2006;4.09;4.21;4.09;4.14;1921721;24939610.000
09/14/2006;4.10;4.20;4.03;4.03;1173972;15039170.000
09/15/2006;4.03;4.11;4.03;4.09;622250;7886619.000
09/18/2006;4.10;4.22;4.10;4.18;874854;11390407.000
09/19/2006;4.21;4.25;4.18;4.22;975566;12776606.000
09/20/2006;4.24;4.43;4.21;4.32;2504423;33790488.000
09/21/2006;4.32;4.51;4.29;4.49;2767210;37992940.000
09/22/2006;4.50;4.51;4.41;4.44;1547488;21363886.000
09/25/2006;4.43;4.52;4.37;4.52;1470316;20184846.000
09/26/2006;4.52;4.69;4.52;4.57;2048681;29224576.000
09/27/2006;4.56;4.66;4.52;4.61;1084274;15406670.000
09/28/2006;4.60;4.73;4.60;4.72;1566386;22743182.000
09/29/2006;4.74;4.77;4.64;4.68;1065532;15504938.000
10/09/2006;4.67;4.90;4.66;4.87;1594608;23616248.000
10/10/2006;4.87;5.26;4.77;5.14;2073361;32536950.000
10/11/2006;5.14;5.21;5.00;5.08;587431;9240175.000
10/12/2006;5.04;5.04;4.57;4.59;2072836;30384614.000
10/13/2006;4.59;4.73;4.52;4.67;1428634;20391418.000
10/16/2006;4.67;4.71;4.54;4.56;1123033;15945878.000
10/17/2006;4.56;4.62;4.54;4.56;545701;7703134.000
10/18/2006;4.56;4.62;4.50;4.59;596624;8399607.000
10/19/2006;4.59;4.79;4.56;4.76;970064;14188614.000
10/20/2006;4.78;4.79;4.65;4.65;605984;8873948.000
10/23/2006;4.66;4.66;4.37;4.47;1168307;16222722.000
10/24/2006;4.44;4.64;4.44;4.61;483931;6846309.000
10/25/2006;4.69;4.79;4.61;4.72;903362;13138775.000
10/26/2006;4.69;4.86;4.66;4.86;1136236;16739764.000
10/27/2006;4.86;4.99;4.77;4.80;1080547;16203914.000
10/30/2006;4.46;4.80;4.45;4.79;4232683;61136532.000
10/31/2006;4.70;4.86;4.70;4.84;1160203;17175528.000
11/01/2006;4.85;4.86;4.76;4.79;1442116;21338424.000
11/02/2006;4.76;4.80;4.71;4.79;1129631;16574245.000
11/03/2006;4.80;4.80;4.53;4.69;1445004;21029472.000
11/06/2006;4.59;4.66;4.53;4.54;812530;11482674.000
11/07/2006;4.54;4.54;4.38;4.38;2732309;37415096.000
11/08/2006;4.38;4.41;4.30;4.41;1107388;14936495.000
11/09/2006;4.41;4.44;4.34;4.36;1889910;25580110.000
11/10/2006;4.37;4.37;4.18;4.22;2224469;29592472.000
11/13/2006;4.19;4.23;4.11;4.19;952950;12394890.000
11/14/2006;4.18;4.22;4.07;4.22;3441252;44399188.000
11/15/2006;4.23;4.38;4.16;4.30;6109485;80623592.000
11/16/2006;4.32;4.33;4.22;4.24;3350666;44307572.000
11/17/2006;4.23;4.34;4.23;4.28;1526624;20326252.000
11/20/2006;4.35;4.35;4.28;4.32;1340015;17950978.000
11/21/2006;4.32;4.48;4.29;4.43;5000295;68035752.000
11/22/2006;4.40;4.62;4.40;4.57;2486056;34899836.000
11/23/2006;4.59;4.59;4.42;4.45;5099138;70714056.000
11/24/2006;4.44;4.52;4.43;4.51;1474811;20478354.000
11/27/2006;4.52;4.69;4.52;4.67;2307451;33005488.000
11/28/2006;4.68;4.81;4.64;4.79;2321089;33919648.000
11/29/2006;4.79;4.91;4.66;4.87;2837706;42335008.000
11/30/2006;4.89;4.95;4.85;4.86;2292789;34695160.000
12/01/2006;4.85;5.03;4.81;4.98;3164793;48294404.000
12/04/2006;4.98;5.24;4.98;5.24;3165361;50464272.000
12/05/2006;5.21;5.35;5.16;5.17;2437513;39262848.000
12/06/2006;5.14;5.20;4.79;5.12;3155546;48776972.000
12/07/2006;5.12;5.19;5.00;5.07;2003574;31621878.000
12/08/2006;4.93;5.03;4.80;4.81;2032473;30673188.000
12/11/2006;4.81;4.95;4.80;4.95;965220;14527118.000
12/12/2006;4.96;5.02;4.85;5.02;1217931;18626866.000
12/13/2006;5.02;5.12;5.00;5.03;1582595;24728852.000
12/14/2006;5.03;5.27;5.03;5.26;2250127;36079764.000
12/15/2006;5.32;5.40;5.22;5.27;1914596;31357432.000
12/18/2006;5.28;5.37;5.22;5.27;2347127;38291800.000
12/19/2006;5.31;5.34;5.13;5.27;1908315;30622430.000
12/20/2006;5.25;5.51;5.15;5.49;3798616;62789512.000
12/21/2006;5.48;5.77;5.46;5.60;3640367;63203508.000
12/22/2006;5.53;5.62;5.43;5.50;1151451;19425964.000
12/25/2006;5.50;5.70;5.50;5.63;1750895;30271102.000
12/26/2006;5.63;5.75;5.56;5.64;2110697;36698144.000
12/27/2006;5.64;5.67;5.48;5.59;1179365;20064018.000
12/28/2006;5.56;5.76;5.48;5.71;1546251;26481192.000
12/29/2006;5.76;5.76;5.64;5.71;1530773;26808530.000
01/04/2007;5.71;5.82;5.52;5.53;1512198;25906356.000
01/05/2007;5.50;5.61;5.41;5.56;1162115;19598798.000
01/08/2007;5.51;6.05;5.51;5.94;3862022;68853704.000
01/09/2007;5.93;6.03;5.86;5.92;1289903;23378528.000
01/10/2007;5.94;6.02;5.82;5.96;1592833;28929692.000
01/11/2007;5.96;6.25;5.82;6.12;2679637;49323788.000
01/12/2007;5.89;6.22;5.89;6.00;2589504;47762640.000
01/15/2007;5.94;6.25;5.90;6.23;1510949;28415106.000
01/16/2007;6.24;6.58;6.12;6.53;2545700;49579840.000
01/17/2007;6.54;6.88;6.40;6.56;2155184;43296844.000
01/18/2007;6.56;6.78;6.44;6.77;1449212;29187968.000
01/19/2007;6.80;7.25;6.80;7.15;2741737;59097516.000
01/22/2007;7.18;7.45;7.12;7.41;1795059;39803920.000
01/23/2007;7.44;7.56;6.98;7.26;1940870;42431408.000
01/24/2007;7.15;7.29;6.98;7.18;2284143;49506412.000
01/25/2007;7.02;7.18;6.83;6.83;1167250;24860440.000
01/26/2007;6.74;7.01;6.33;6.95;1507230;30444114.000
01/29/2007;6.94;7.10;6.77;6.94;592904;12461690.000
01/30/2007;6.95;6.95;6.78;6.91;788992;16464565.000
01/31/2007;6.85;6.94;6.54;6.58;813667;16631087.000
02/01/2007;6.61;6.81;6.53;6.76;817513;16593237.000
02/02/2007;6.74;7.08;6.59;6.78;891331;18547836.000
02/05/2007;6.77;6.91;6.66;6.74;685049;14062933.000
02/06/2007;6.74;6.91;6.48;6.88;1249374;25307470.000
02/07/2007;6.95;7.19;6.85;7.11;1101936;23671424.000
02/08/2007;7.19;7.22;7.02;7.09;523108;11230137.000
02/09/2007;7.09;7.09;6.96;7.08;251234;5353986.500
02/12/2007;7.09;7.22;6.93;7.12;1291770;27773890.000
02/13/2007;7.15;7.15;6.91;6.95;1601321;33871680.000
02/14/2007;6.97;7.26;6.97;7.26;1697490;36846480.000
02/15/2007;7.26;7.50;7.19;7.39;1244301;27700040.000
02/16/2007;7.39;7.67;7.32;7.48;1817998;41610868.000
02/26/2007;7.47;7.56;7.39;7.42;1411401;31863404.000
02/27/2007;7.43;7.45;6.65;6.71;2261610;47519748.000
02/28/2007;6.57;6.85;6.28;6.54;1833246;36272744.000
03/01/2007;6.78;6.78;6.06;6.23;1936268;36768288.000
03/02/2007;6.26;6.38;6.16;6.26;1050304;20020792.000
03/05/2007;6.28;6.54;6.15;6.44;1350531;26142468.000
03/06/2007;6.42;6.50;6.26;6.44;1232610;23898380.000
03/07/2007;6.44;6.59;6.40;6.59;862021;17151946.000
03/08/2007;6.57;6.72;6.54;6.67;860154;17324078.000
03/09/2007;6.64;6.81;6.62;6.68;1190472;24291978.000
03/12/2007;6.69;6.77;6.48;6.54;1786597;35619464.000
03/13/2007;6.53;6.61;6.50;6.54;1128830;22536884.000
03/14/2007;6.53;6.74;6.33;6.60;2445042;48842236.000
03/15/2007;6.82;7.19;6.76;7.15;4789591;101517040.000
03/16/2007;7.33;7.89;7.26;7.76;6684959;154243328.000
03/19/2007;7.43;7.80;7.39;7.70;5924207;136063408.000
03/20/2007;7.74;8.28;7.74;8.04;5543389;134485872.000
03/21/2007;8.04;8.37;7.86;8.37;6114609;150375632.000
03/22/2007;8.28;8.41;8.12;8.15;1884666;47026048.000
03/23/2007;8.11;8.23;8.04;8.21;2676556;65656108.000
03/26/2007;8.19;8.79;8.19;8.61;1997311;51722952.000
03/27/2007;8.60;8.72;8.35;8.54;3094112;79483696.000
03/28/2007;8.50;8.50;8.03;8.26;2597780;64357224.000
03/29/2007;8.25;8.44;8.18;8.25;1515852;38128724.000
03/30/2007;8.25;8.25;8.00;8.21;1873636;45892636.000
04/02/2007;8.21;8.35;8.05;8.24;1318413;32837266.000
04/03/2007;8.25;8.52;8.13;8.48;1351974;34283864.000
04/04/2007;8.50;8.51;8.33;8.38;1596058;40379668.000
04/05/2007;8.32;8.89;8.29;8.83;1763057;45615808.000
04/09/2007;8.97;9.27;8.90;9.24;1979370;54147756.000
04/10/2007;9.34;9.48;8.95;9.17;3267201;89358144.000
04/11/2007;9.44;9.75;9.31;9.72;3913852;112221888.000
04/12/2007;9.82;10.63;9.82;10.61;5068288;153898896.000
04/13/2007;10.69;11.18;9.99;10.32;7815773;253613232.000
04/16/2007;10.23;10.23;9.72;10.00;6798901;133826136.000
04/17/2007;10.08;10.12;9.74;10.10;6167117;122064280.000
04/18/2007;10.12;10.74;10.12;10.66;6479951;134606096.000
04/19/2007;10.76;10.79;9.64;9.78;5808043;117089448.000
04/20/2007;9.78;10.12;9.78;10.03;4071991;81136592.000
04/23/2007;10.07;10.31;9.97;10.08;5744186;114693200.000
04/24/2007;10.13;10.27;9.83;10.00;5722034;114401464.000
04/25/2007;10.05;10.18;9.79;10.02;3776167;74596200.000
04/26/2007;10.08;10.21;9.93;9.97;2960874;58856232.000
04/27/2007;10.07;10.08;9.88;9.92;2654845;52667316.000
04/30/2007;9.92;9.93;9.52;9.69;4777016;91563832.000
05/08/2007;9.75;9.95;9.69;9.85;3478182;67917184.000
05/09/2007;9.87;9.87;9.46;9.64;3627752;69471176.000
05/10/2007;9.64;9.67;9.46;9.53;4374004;82950208.000
05/11/2007;9.51;9.51;9.26;9.32;4044740;74965552.000
05/14/2007;9.23;9.72;9.08;9.65;4985669;93724272.000
05/15/2007;9.67;9.73;9.36;9.36;3709567;70081056.000
05/16/2007;9.36;9.67;9.35;9.62;3733426;71109184.000
05/17/2007;9.77;10.33;9.72;10.13;8077078;161738528.000
05/18/2007;10.13;10.26;9.92;10.03;4705873;93941024.000
05/21/2007;9.77;10.43;9.64;10.36;7535337;152899792.000
05/22/2007;10.41;10.57;10.16;10.18;5722719;117417344.000
05/23/2007;10.21;10.33;10.03;10.19;5633041;113139264.000
05/24/2007;10.19;10.28;9.72;9.82;7770443;153345008.000
05/25/2007;9.85;10.05;9.76;9.92;5944876;116788952.000
05/28/2007;9.99;10.26;9.93;10.18;8012390;160891040.000
05/29/2007;10.19;11.10;10.19;11.03;11660247;245077824.000
05/30/2007;10.48;11.03;10.03;10.18;10637353;222655056.000
05/31/2007;10.13;11.22;10.08;11.22;12472906;267109152.000
06/01/2007;11.64;12.03;10.85;10.93;10509545;240131600.000
06/04/2007;11.00;11.37;10.49;10.64;8010638;174705920.000
06/05/2007;10.40;10.88;9.56;10.31;7011399;141673408.000
06/06/2007;10.46;11.36;10.32;11.36;6369728;139433376.000
06/07/2007;11.76;12.52;11.62;11.99;10520893;253623728.000
06/08/2007;11.97;12.63;11.72;12.33;6679838;162457728.000
06/11/2007;12.44;13.10;12.44;12.90;5479021;138934336.000
06/12/2007;13.11;13.65;12.64;13.30;5474631;143490768.000
06/13/2007;13.46;13.61;12.90;13.36;4783838;125441752.000
06/14/2007;13.27;13.27;12.74;12.88;4518538;115463072.000
06/15/2007;12.65;12.99;12.53;12.89;3549897;89128048.000
06/18/2007;12.85;13.26;12.85;13.05;3434963;88697192.000
06/19/2007;13.10;13.39;12.64;13.36;4555401;118018832.000
06/20/2007;13.13;14.11;13.13;13.55;5808243;158468784.000
06/21/2007;13.56;13.95;13.30;13.45;3135920;83810448.000
06/22/2007;13.38;13.45;12.38;12.59;3661162;93365888.000
06/25/2007;12.62;12.94;12.15;12.64;3511034;87368064.000
06/26/2007;12.63;13.05;12.38;13.05;2461237;62120496.000
06/27/2007;12.90;13.82;12.90;13.72;4940732;132915064.000
06/28/2007;13.83;13.85;12.91;13.26;3050321;81216032.000
06/29/2007;12.92;13.25;12.44;12.74;3002816;76039248.000
07/02/2007;12.69;12.90;12.39;12.48;1551848;38529804.000
07/03/2007;12.64;13.74;12.44;13.72;3467014;90673184.000
07/04/2007;13.72;14.63;12.97;13.21;5583023;153053568.000
07/05/2007;13.19;14.18;12.70;13.89;6357509;172505488.000
07/06/2007;13.81;14.58;13.44;14.23;6684230;185859856.000
07/09/2007;14.49;14.95;14.29;14.55;9124585;264285488.000
07/10/2007;14.53;14.53;13.79;14.12;3648049;101644464.000
07/11/2007;14.08;14.26;13.82;14.12;1673083;46479412.000
07/12/2007;14.06;14.06;13.41;13.67;3579083;96516544.000
07/13/2007;13.67;13.67;13.19;13.51;1463132;38838444.000
07/16/2007;13.50;13.76;13.05;13.07;1568351;41517000.000
07/17/2007;12.90;13.30;12.71;13.08;1549363;39766160.000
07/18/2007;13.08;13.31;12.95;13.05;1210124;31434092.000
07/19/2007;13.08;13.67;13.08;13.62;1802145;47703064.000
07/20/2007;13.62;14.15;13.42;13.93;2706257;73984736.000
07/23/2007;13.93;14.43;13.80;14.26;5138998;142446464.000
07/24/2007;14.36;14.44;13.98;13.98;3502262;98255280.000
07/25/2007;13.92;14.17;13.76;14.05;3224196;88513720.000
07/26/2007;14.06;14.21;13.86;13.88;3437745;95326632.000
07/27/2007;13.73;14.95;13.73;14.75;5855671;166236240.000
07/30/2007;14.90;14.90;14.44;14.69;4647342;134299760.000
07/31/2007;14.67;15.10;14.23;14.95;4413269;127536624.000
08/01/2007;14.95;15.31;14.08;14.10;5158850;150333696.000
08/02/2007;14.09;14.53;13.92;14.33;2703629;75994328.000
08/03/2007;14.44;14.53;14.13;14.37;2820718;79827376.000
08/06/2007;14.48;14.75;14.23;14.72;3069718;87984696.000
08/07/2007;14.69;14.72;14.26;14.34;3146007;89608672.000
08/08/2007;14.32;14.69;14.04;14.19;2653288;75439224.000
08/09/2007;14.07;14.32;13.97;14.14;2133354;59283316.000
08/10/2007;14.15;14.26;13.43;13.74;2275966;61779824.000
08/13/2007;13.72;14.13;13.29;13.57;3721151;100084664.000
08/14/2007;13.54;13.97;13.54;13.95;1784728;48471832.000
08/15/2007;13.95;13.97;13.56;13.79;2062912;55918836.000
08/16/2007;13.77;14.05;13.51;13.82;1833103;50017780.000
08/17/2007;13.92;14.00;13.48;13.57;2006274;54212352.000
08/20/2007;13.72;14.28;13.67;14.10;2974990;81716200.000
08/21/2007;14.06;14.88;14.06;14.77;5434111;156829136.000
08/22/2007;14.56;15.10;14.44;14.93;4171883;122066232.000
08/23/2007;14.92;15.15;14.69;14.74;2623987;76644216.000
08/24/2007;14.76;15.15;14.58;14.72;2430550;70817592.000
08/27/2007;14.85;15.00;14.44;14.49;2664739;76804312.000
08/28/2007;14.30;14.67;14.06;14.51;2409931;68062232.000
08/29/2007;14.41;14.86;14.11;14.58;2534968;72661376.000
08/30/2007;14.70;15.06;14.70;14.95;2726708;80265392.000
08/31/2007;14.96;15.15;14.72;14.73;1900378;55937528.000
09/03/2007;14.94;15.20;14.59;15.08;3810658;112438008.000
09/04/2007;15.17;15.82;14.91;15.57;5366755;164304496.000
09/05/2007;15.74;16.33;15.43;15.51;4203710;131906096.000
09/06/2007;15.51;15.82;15.43;15.59;2237810;68876232.000
09/07/2007;15.60;15.77;14.91;15.00;3496048;105033368.000
09/10/2007;14.94;15.16;14.44;15.10;1837811;54041444.000
09/11/2007;15.10;15.72;14.59;14.59;3093060;93694488.000
09/12/2007;14.61;15.72;14.61;15.62;2860932;85725456.000
09/13/2007;15.59;15.87;15.31;15.57;1231397;37717428.000
09/14/2007;15.72;15.82;15.31;15.82;2002215;61388464.000
09/17/2007;15.91;16.63;15.56;16.23;3227168;103083304.000
09/18/2007;16.33;16.38;15.52;15.92;1999303;62143640.000
09/19/2007;15.79;15.79;15.39;15.41;1735467;52948868.000
09/20/2007;15.44;15.87;15.40;15.54;1359755;41730708.000
09/21/2007;15.51;15.71;15.00;15.19;2319837;70367336.000
09/24/2007;15.14;15.90;14.95;15.21;1489327;45121616.000
09/25/2007;15.02;15.61;14.95;15.05;1721135;51875620.000
09/26/2007;14.98;15.30;14.81;14.91;744729;22048568.000
09/27/2007;15.15;15.21;14.86;15.10;748141;22180424.000
09/28/2007;15.11;15.50;15.10;15.31;817576;24668116.000
10/08/2007;15.69;15.69;15.22;15.23;779296;23551960.000
10/09/2007;15.21;15.56;15.21;15.30;1086700;33121208.000
10/10/2007;15.35;16.19;15.28;16.05;3067332;96047160.000
10/11/2007;15.74;16.13;15.74;16.08;2131056;67202080.000
10/12/2007;16.15;16.23;15.15;15.62;2306271;71432440.000
10/15/2007;15.67;15.67;14.90;15.05;1482882;44278512.000
10/16/2007;15.05;15.44;15.05;15.19;1146375;34539820.000
10/17/2007;15.43;15.91;15.11;15.69;1661402;51363016.000
10/18/2007;15.92;16.63;15.91;16.22;3334149;107584504.000
10/19/2007;16.17;16.54;15.73;15.76;1266833;39863956.000
10/22/2007;15.66;16.53;15.46;16.35;2114105;67664360.000
10/23/2007;16.32;17.04;16.32;16.70;3367684;111642216.000
10/24/2007;16.45;16.89;16.06;16.18;1740874;56562792.000
10/25/2007;16.07;16.85;15.82;16.23;2856214;92060776.000
10/26/2007;16.03;16.23;15.56;16.00;1822194;56947460.000
10/29/2007;15.97;16.74;15.75;16.62;1362287;44390640.000
10/30/2007;16.64;16.74;15.98;16.23;922412;29409812.000
10/31/2007;16.27;16.48;16.05;16.33;1727932;55327636.000
11/01/2007;16.44;17.25;16.34;17.22;5098879;170312832.000
11/02/2007;16.85;17.03;16.12;16.35;2468121;79967176.000
11/05/2007;15.97;16.65;15.88;16.39;953816;30509588.000
11/06/2007;16.35;16.64;16.23;16.42;847116;27302424.000
11/07/2007;16.43;16.56;15.97;16.29;755724;24121708.000
11/09/2007;15.46;15.95;14.84;14.85;3045181;91990008.000
11/12/2007;14.44;14.69;14.12;14.51;2295599;65282476.000
11/13/2007;14.69;14.84;13.95;13.95;2012952;56978304.000
11/14/2007;13.95;14.46;13.82;14.44;2332992;65106092.000
11/15/2007;14.23;14.58;14.12;14.27;597360;16986308.000
11/16/2007;13.90;14.36;13.90;14.32;426889;11927310.000
11/19/2007;14.38;14.53;14.08;14.43;1071298;30226684.000
11/20/2007;14.43;15.42;14.18;15.21;2934083;86312496.000
11/21/2007;15.21;15.72;15.01;15.22;1585258;48595600.000
11/22/2007;15.10;15.87;14.80;15.01;978892;29907122.000
11/23/2007;14.99;15.36;14.90;15.28;232872;6964740.500
11/26/2007;15.31;15.87;15.18;15.51;929590;28847548.000
11/27/2007;15.71;15.71;15.03;15.21;700021;21057016.000
11/28/2007;15.21;15.37;14.60;14.85;384215;11307879.000
11/29/2007;14.95;15.14;14.50;14.85;618524;18063704.000
11/30/2007;14.70;15.01;14.45;14.58;603867;17427722.000
12/03/2007;14.41;14.69;14.18;14.34;596857;17023866.000
12/04/2007;14.79;14.79;14.07;14.22;1118846;31481182.000
12/05/2007;14.26;14.67;14.26;14.67;415992;11948093.000
12/06/2007;14.69;15.10;14.49;15.05;773629;22822048.000
12/07/2007;14.90;15.13;14.85;15.10;398955;11794300.000
12/10/2007;14.75;15.89;14.75;15.72;2319039;71029800.000
12/11/2007;15.92;16.15;15.56;16.10;1756728;55310956.000
12/12/2007;16.28;16.49;16.03;16.03;1787838;57328016.000
12/13/2007;16.03;16.43;15.41;15.44;788200;24978806.000
12/14/2007;15.44;16.22;15.43;16.17;1676918;52640740.000
12/17/2007;16.13;16.64;15.96;16.19;2022022;65448724.000
12/18/2007;16.06;16.49;15.77;16.13;531868;16827932.000
12/19/2007;16.39;16.90;16.39;16.49;1494865;49103536.000
12/20/2007;16.47;16.99;16.47;16.78;1112299;36920796.000
12/21/2007;16.67;17.21;16.59;16.87;937946;31365752.000
12/24/2007;16.94;17.55;16.86;17.26;2268548;77452248.000
12/25/2007;17.38;17.45;16.87;16.89;1540743;52042384.000
12/26/2007;16.90;18.44;16.90;18.23;3161685;111345056.000
12/27/2007;18.28;18.59;17.77;17.95;2274253;81550104.000
12/28/2007;17.86;18.37;17.72;18.03;1037064;36741412.000
01/02/2008;18.28;19.77;18.02;19.50;2705541;102707576.000
01/03/2008;19.50;19.82;19.22;19.82;1067551;41114048.000
01/04/2008;20.08;20.08;18.79;19.06;3579330;134390080.000
01/07/2008;19.06;19.06;18.29;18.82;2638028;96347344.000
01/08/2008;18.55;19.28;18.55;18.86;1517262;56478180.000
01/09/2008;18.86;19.26;18.58;19.11;1334997;49517660.000
01/10/2008;19.22;19.31;18.37;18.41;1970302;72300256.000
01/11/2008;18.42;18.62;17.97;18.38;1709823;61087560.000
01/14/2008;18.33;19.10;18.04;18.99;2185559;79734056.000
01/15/2008;19.00;19.36;18.64;18.74;1291012;48254680.000
01/16/2008;18.45;19.10;18.43;18.79;1450824;53811144.000
01/17/2008;18.69;19.05;18.08;18.51;1247676;45613140.000
01/18/2008;18.49;19.21;18.47;19.00;1919360;71710832.000
01/21/2008;19.16;19.82;18.82;18.90;4514630;172010336.000
01/22/2008;18.28;20.33;17.00;19.46;9322073;352348608.000
01/23/2008;19.46;21.41;19.46;21.32;8182253;330501152.000
01/24/2008;21.44;22.38;20.74;21.49;5115799;218112224.000
01/25/2008;20.92;22.22;20.92;21.35;2263161;96651768.000
01/28/2008;20.91;21.60;19.83;20.46;2540970;103855104.000
01/29/2008;20.84;21.08;20.09;21.05;1016202;41184616.000
01/30/2008;21.30;21.97;20.56;21.28;1672987;69480896.000
01/31/2008;21.36;21.36;20.36;20.38;1062479;43200560.000
02/01/2008;20.32;20.32;19.18;19.85;4128084;158050000.000
02/04/2008;20.10;21.21;19.93;20.84;2113077;85344256.000
02/05/2008;21.15;21.15;20.08;20.33;1196595;47924500.000
02/13/2008;19.67;20.94;19.67;20.69;557652;22551258.000
02/14/2008;20.83;21.62;20.74;20.95;1241304;52055268.000
02/15/2008;20.89;21.35;20.66;21.08;736163;30282980.000
02/18/2008;21.16;21.92;21.16;21.48;1410244;59736676.000
02/19/2008;21.61;21.84;21.36;21.56;819832;34635908.000
02/20/2008;21.62;21.76;21.00;21.26;1087740;45497532.000
02/21/2008;21.15;22.13;20.90;21.71;962291;40998044.000
02/22/2008;21.59;21.59;20.23;20.41;1476637;60420244.000
02/25/2008;20.24;20.54;19.77;19.79;1465578;57546892.000
02/26/2008;20.46;20.46;18.54;19.21;1382115;52792884.000
02/27/2008;19.21;19.75;19.00;19.51;592850;22814816.000
02/28/2008;19.31;20.03;19.15;19.79;298628;11585325.000
02/29/2008;19.72;19.72;19.31;19.54;688117;26408378.000
03/03/2008;19.54;20.78;19.50;20.78;1256748;50456732.000
03/04/2008;20.84;21.21;20.52;20.64;865690;35382224.000
03/05/2008;20.54;21.35;20.33;21.31;984320;40487456.000
03/06/2008;21.36;21.92;20.83;20.87;761166;32127216.000
03/07/2008;20.85;21.32;20.85;20.91;277720;11447408.000
03/10/2008;20.91;21.03;20.34;20.44;439500;17916920.000
03/11/2008;20.33;20.57;19.49;20.30;925604;36279936.000
03/12/2008;20.30;20.74;19.83;20.18;843431;33631252.000
03/13/2008;20.21;20.21;19.15;19.54;702390;26934318.000
03/14/2008;19.49;19.57;18.54;19.41;923362;34392120.000
03/17/2008;19.21;19.50;17.78;18.18;1037108;37519856.000
03/18/2008;18.18;18.26;16.35;16.41;1972767;66837352.000
03/19/2008;16.49;17.72;16.49;17.21;706843;24001280.000
03/20/2008;17.19;18.23;16.74;18.03;789504;27539524.000
03/21/2008;17.97;18.28;17.77;18.05;411180;14625235.000
03/24/2008;18.54;18.54;17.68;17.77;424110;15098668.000
03/25/2008;17.77;18.22;17.33;17.59;348687;12099362.000
03/26/2008;17.59;18.00;17.41;17.62;258833;8989107.000
03/27/2008;17.46;17.46;16.64;16.90;320554;10748706.000
03/28/2008;16.90;17.39;16.48;17.33;864298;28769794.000
03/31/2008;16.98;17.26;16.59;17.22;614779;20521150.000
04/01/2008;17.00;17.15;15.92;15.98;948292;30779070.000
04/03/2008;15.67;16.23;14.64;15.92;1295492;39202512.000
04/07/2008;15.62;17.05;15.46;17.05;787270;25618726.000
04/08/2008;17.05;17.36;16.54;16.85;1310597;43373076.000
04/09/2008;16.85;16.88;16.08;16.17;289100;9421836.000
04/10/2008;16.17;16.54;15.78;16.28;353167;11218612.000
04/11/2008;16.49;16.69;16.17;16.28;693558;22470576.000
04/14/2008;15.82;16.48;15.77;15.97;1196317;38139732.000
04/15/2008;16.22;16.38;15.97;16.38;279113;8944161.000
04/16/2008;16.23;16.63;16.08;16.38;195722;6362567.500
04/17/2008;16.38;16.73;15.85;16.18;269797;8698254.000
04/18/2008;16.13;16.53;15.88;16.23;635746;20325054.000
04/21/2008;17.22;17.34;15.04;15.30;1199298;37892276.000
04/22/2008;15.14;15.27;14.45;15.22;1243793;36696268.000
04/23/2008;15.35;16.16;15.23;16.11;783404;24420048.000
04/24/2008;17.00;17.74;16.64;17.65;2535311;86824712.000
04/25/2008;17.50;17.82;17.00;17.35;1347486;46136608.000
04/28/2008;17.23;17.38;16.54;17.38;855054;18989646.000
04/29/2008;17.38;17.74;17.31;17.62;677202;15643243.000
04/30/2008;17.92;18.28;17.54;18.15;1270800;29699518.000
05/05/2008;18.31;18.58;18.08;18.58;1387988;33384476.000
05/06/2008;18.60;19.45;18.38;19.08;1947178;48714812.000
05/07/2008;19.08;19.33;18.45;18.69;993751;24668958.000
05/08/2008;18.46;19.47;18.19;19.43;1297261;32340650.000
05/09/2008;19.62;20.05;19.24;19.90;1513138;39165776.000
05/12/2008;19.85;20.81;19.52;20.25;2362178;63089412.000
05/13/2008;20.00;21.36;19.90;21.08;4552235;124326408.000
05/14/2008;21.27;21.27;20.39;20.68;4433358;119707928.000
05/15/2008;20.68;20.68;20.08;20.14;2359606;62511600.000
05/16/2008;19.85;20.36;19.85;19.95;1271228;33299076.000
05/19/2008;19.95;20.50;19.31;20.46;1376090;36527092.000
05/21/2008;18.93;20.44;18.93;20.38;1856073;47944420.000
05/22/2008;20.17;20.23;19.69;19.96;1050523;27511438.000
05/23/2008;19.39;20.15;19.35;19.61;453791;11596890.000
05/26/2008;19.37;19.37;18.31;18.38;1633041;40412740.000
05/27/2008;18.38;19.05;18.15;18.58;869444;21345772.000
05/28/2008;18.92;18.92;18.40;18.78;647544;15904746.000
05/29/2008;18.81;18.88;18.24;18.25;522250;12656527.000
05/30/2008;18.76;18.77;18.23;18.31;285387;6854864.000
06/02/2008;18.15;18.98;18.13;18.92;487459;11976919.000
06/03/2008;18.85;19.35;18.69;19.19;345113;8628796.000
06/04/2008;19.45;19.45;18.46;18.62;366078;8970239.000
06/05/2008;18.38;18.59;18.15;18.25;547115;13118380.000
06/06/2008;18.15;18.57;18.08;18.23;456545;10973664.000
06/10/2008;17.90;17.90;16.95;17.22;1216533;27969122.000
06/11/2008;16.86;17.65;16.86;17.43;690371;15756859.000
06/12/2008;17.38;17.65;16.91;17.32;830252;18823878.000
06/13/2008;17.51;17.62;16.62;16.73;2067690;46018780.000
06/16/2008;16.77;16.90;16.39;16.73;928183;20248504.000
06/17/2008;16.69;16.87;16.53;16.63;960140;21027654.000
06/18/2008;16.59;17.61;16.15;17.31;1080596;23844314.000
06/19/2008;17.31;17.31;16.15;16.15;914460;19875672.000
06/20/2008;16.29;17.20;15.62;16.38;1187388;25450216.000
06/23/2008;16.38;16.38;15.63;15.77;705141;14801550.000
06/24/2008;15.69;16.16;15.37;16.00;823074;17134850.000
06/25/2008;15.77;16.92;15.69;16.77;1218121;26566266.000
06/26/2008;16.62;17.08;16.46;16.84;844369;18532362.000
06/30/2008;15.99;17.02;15.78;16.92;763811;16450213.000
07/01/2008;16.74;17.35;16.74;17.30;1071836;24149614.000
07/02/2008;17.29;17.58;17.16;17.50;907245;20710450.000
07/03/2008;17.50;18.38;17.15;18.15;2412866;57013128.000
07/04/2008;18.15;18.73;18.00;18.26;1122920;27023734.000
07/07/2008;18.26;18.68;18.05;18.65;1214241;29499132.000
07/08/2008;18.62;18.71;18.02;18.28;874266;20975560.000
07/09/2008;18.28;18.68;18.01;18.35;587556;14101150.000
07/10/2008;18.52;19.15;18.25;18.46;1413311;34490520.000
07/11/2008;18.12;18.58;18.08;18.48;456758;10967588.000
07/14/2008;18.14;18.60;18.14;18.52;566846;13738829.000
07/15/2008;18.58;18.64;17.78;17.78;527046;12477051.000
07/16/2008;17.78;18.08;17.29;17.92;628819;14541703.000
07/17/2008;17.92;18.61;17.69;18.31;1036732;24880540.000
07/18/2008;18.30;18.46;17.63;18.31;622635;14694218.000
07/21/2008;18.31;19.45;18.17;19.33;1996510;49830856.000
07/22/2008;19.42;19.74;19.00;19.72;1433656;36477296.000
07/23/2008;19.78;19.80;19.25;19.38;677337;17302640.000
07/24/2008;19.46;20.00;19.31;19.38;1217799;31284462.000
07/25/2008;19.38;19.38;18.77;18.99;701635;17539808.000
07/28/2008;18.99;19.55;18.85;19.04;434379;10853780.000
07/29/2008;19.04;19.04;18.38;18.50;728591;17780904.000
07/30/2008;18.69;19.06;18.42;18.77;1243725;30548944.000
07/31/2008;18.65;18.91;18.46;18.75;688401;16828092.000
08/01/2008;18.48;19.12;18.48;19.00;445304;11017050.000
08/04/2008;18.92;19.25;18.81;18.85;441195;11046088.000
08/05/2008;18.99;18.99;17.92;17.92;1011851;24336082.000
08/06/2008;17.85;18.14;17.70;17.73;249769;5884449.500
08/07/2008;17.73;18.04;17.69;17.92;222734;5213904.000
08/08/2008;18.08;18.08;17.00;17.38;472169;10841307.000
08/11/2008;17.31;17.38;16.78;16.85;637375;14128000.000
08/12/2008;16.85;17.12;16.77;16.96;239659;5316110.500
08/13/2008;17.00;17.06;16.54;16.65;1274659;28134812.000
08/14/2008;16.65;16.69;16.38;16.44;478762;10364990.000
08/15/2008;16.49;16.58;16.24;16.54;309897;6664931.000
08/18/2008;16.54;16.54;16.04;16.12;377300;7992455.500
08/19/2008;16.00;16.45;16.00;16.40;394266;8421319.000
08/20/2008;16.52;17.44;16.18;17.38;750665;16844592.000
08/21/2008;17.15;17.15;16.55;16.85;563353;12492392.000
08/22/2008;16.85;16.85;16.32;16.44;240698;5193780.500
08/25/2008;16.69;16.69;15.85;16.47;465013;9888361.000
08/26/2008;16.57;16.63;16.08;16.31;414950;8918968.000
08/27/2008;16.60;16.61;15.32;15.62;484461;10058831.000
08/28/2008;15.54;15.54;14.22;14.46;1700448;32781186.000
08/29/2008;14.38;15.21;14.25;14.78;799280;15394890.000
09/01/2008;14.73;14.85;14.47;14.65;680870;13107878.000
09/02/2008;14.64;14.92;14.46;14.79;319311;6190108.500
09/03/2008;14.75;14.88;14.49;14.85;273433;5287484.500
09/04/2008;14.54;14.85;14.38;14.62;517419;9911642.000
09/05/2008;14.54;14.69;14.32;14.62;269621;5150022.000
09/08/2008;14.75;14.76;14.25;14.28;334290;6342773.500
09/09/2008;14.27;14.38;13.62;14.32;1030735;19132562.000
09/10/2008;14.08;14.23;13.82;14.15;674243;12485913.000
09/11/2008;14.15;14.29;14.01;14.15;361046;6721922.000
09/12/2008;14.09;14.50;13.70;14.35;1052269;19715992.000
09/16/2008;14.38;14.38;13.31;14.08;2355153;42755888.000
09/17/2008;14.06;14.50;14.06;14.38;1079269;20421330.000
09/18/2008;14.38;14.61;13.60;14.08;1888832;35441776.000
09/19/2008;15.22;15.50;14.85;15.50;1437604;29095580.000
09/22/2008;15.88;16.77;14.92;15.59;1336781;27801646.000
09/23/2008;15.45;15.45;14.09;14.41;721972;13863929.000
09/24/2008;13.77;14.60;13.77;14.42;481738;9048938.000
09/25/2008;14.10;14.77;14.10;14.53;1363358;25991914.000
09/26/2008;14.69;14.85;14.46;14.85;1312181;25149234.000
10/06/2008;14.47;14.75;14.47;14.55;387750;7458581.000
10/07/2008;14.55;15.16;13.88;15.13;548216;10657270.000
10/08/2008;14.74;15.38;14.69;14.85;991528;19613290.000
10/09/2008;15.31;15.42;14.88;15.02;1181643;23469904.000
10/10/2008;14.62;15.04;14.48;14.53;806884;15628654.000
10/13/2008;14.53;15.00;14.31;14.76;429957;8277437.000
10/14/2008;14.94;15.18;14.54;14.62;792991;15287486.000
10/15/2008;14.62;14.80;14.38;14.67;470772;9030111.000
10/16/2008;14.41;14.54;14.15;14.20;1033968;19584322.000
10/17/2008;14.08;14.45;13.83;13.95;753750;13942530.000
10/20/2008;13.83;13.83;13.12;13.45;2381726;41829308.000
10/21/2008;13.62;13.69;13.42;13.58;299864;5350316.500
10/22/2008;13.66;13.82;13.48;13.69;366369;6613465.000
10/23/2008;13.47;13.77;13.38;13.65;261637;4680647.000
10/24/2008;13.77;13.88;13.50;13.79;480299;8714482.000
10/27/2008;13.68;13.69;12.92;13.09;794046;13876249.000
10/28/2008;12.92;13.37;12.92;13.37;599911;10431224.000
10/29/2008;13.54;13.60;13.15;13.31;459005;8066584.500
10/30/2008;12.94;13.15;12.76;13.08;1400422;23814698.000
10/31/2008;13.08;13.48;12.95;13.47;597603;10452456.000
11/03/2008;13.31;13.69;13.31;13.38;375100;6639312.500
11/04/2008;13.31;13.46;13.31;13.45;724132;12757363.000
11/05/2008;13.35;14.08;13.33;13.65;1553563;27741126.000
11/06/2008;13.50;13.69;13.32;13.65;448430;7979274.500
11/07/2008;13.35;13.92;13.35;13.67;420247;7596988.500
11/10/2008;13.67;14.28;13.67;14.28;902132;16718709.000
11/11/2008;14.15;14.28;13.78;13.85;906233;16640671.000
11/12/2008;13.70;14.03;13.70;13.85;348064;6341963.000
11/13/2008;13.74;14.35;13.74;14.23;1100903;20337824.000
11/14/2008;14.45;14.45;14.10;14.42;821132;15453362.000
11/17/2008;14.38;15.10;14.27;15.05;981170;19149406.000
11/18/2008;15.13;15.21;14.85;15.06;1610602;31818406.000
11/19/2008;15.06;15.52;14.85;15.52;955721;19036678.000
11/20/2008;15.23;15.92;15.19;15.27;669005;13451192.000
11/21/2008;15.24;15.27;14.69;14.96;592045;11618368.000
11/24/2008;15.08;15.43;14.72;15.03;1341645;26849112.000
11/25/2008;15.04;15.23;14.47;14.68;440129;8578610.000
11/26/2008;14.54;14.88;14.54;14.55;225612;4330444.500
11/27/2008;15.24;15.56;14.62;14.78;638984;12656701.000
11/28/2008;14.83;14.92;14.62;14.88;367652;7151085.000
12/01/2008;14.85;15.12;14.85;15.11;418410;8270455.500
12/02/2008;14.99;16.15;14.81;15.98;2432055;50654776.000
12/03/2008;16.00;16.38;15.82;16.25;2039229;43076044.000
12/04/2008;16.12;16.54;15.91;16.04;1510605;31903748.000
12/05/2008;15.75;16.15;15.55;16.08;1303420;27032880.000
12/08/2008;16.05;16.61;16.05;16.38;893345;19234344.000
12/09/2008;16.38;16.85;16.19;16.38;944473;20510446.000
12/10/2008;16.58;16.68;16.25;16.56;447332;9687504.000
12/11/2008;16.62;16.77;16.38;16.42;720113;15605748.000
12/12/2008;16.28;16.62;15.83;16.38;475559;10058772.000
12/15/2008;16.08;16.77;16.08;16.75;777711;16907946.000
12/16/2008;16.42;16.90;16.23;16.85;1143611;25038020.000
12/17/2008;16.85;17.62;16.81;17.15;1101338;25055790.000
12/18/2008;17.01;17.42;16.87;17.23;499256;11189633.000
12/19/2008;17.27;17.63;17.00;17.46;1495737;34185016.000
12/22/2008;17.47;18.19;17.20;17.94;1763706;41284588.000
12/23/2008;18.00;18.14;17.29;17.45;830245;19196622.000
12/24/2008;17.19;17.29;16.54;17.00;1043057;23242710.000
12/25/2008;17.00;17.53;16.78;17.52;2382713;53542680.000
12/26/2008;17.45;18.12;17.22;18.03;1075213;25037848.000
12/29/2008;18.08;18.08;17.62;17.91;1115410;26093126.000
12/30/2008;18.05;18.22;17.38;18.15;1821201;42605380.000
12/31/2008;17.85;17.85;17.42;17.77;1517592;35089008.000
01/05/2009;17.78;17.92;16.73;17.02;4648665;103399224.000
01/06/2009;16.97;17.38;16.70;17.00;1674823;37366136.000
01/07/2009;17.00;17.09;16.54;16.65;3984860;87444472.000
01/08/2009;16.65;17.04;16.55;16.84;1860565;40959032.000
01/09/2009;17.00;17.08;16.58;16.76;3552219;78294448.000
01/12/2009;16.65;17.23;16.62;17.10;1824446;40707760.000
01/13/2009;17.11;17.38;16.98;17.31;1327003;29813500.000
01/14/2009;17.31;17.69;17.31;17.46;2186807;50042784.000
01/15/2009;17.46;17.46;16.73;16.94;2039132;45649132.000
01/16/2009;16.94;17.14;16.46;16.48;1836792;40266688.000
01/19/2009;16.43;16.75;16.43;16.62;2362211;51222944.000
01/20/2009;16.69;16.90;16.62;16.88;748784;16444982.000
01/21/2009;16.77;16.88;16.67;16.68;727829;15960811.000
01/22/2009;16.85;17.21;16.85;17.12;1960734;43957076.000
01/23/2009;17.10;17.41;16.96;17.24;1502969;34009908.000
02/02/2009;17.38;17.46;16.98;17.15;870343;19587742.000
02/03/2009;17.17;17.38;16.98;17.15;1082412;24325648.000
02/04/2009;17.15;17.27;16.61;16.77;5189359;114255120.000
02/05/2009;16.77;16.81;16.27;16.53;8487803;183055360.000
02/06/2009;16.53;16.85;16.42;16.83;6727311;146424496.000
02/09/2009;16.92;17.46;16.88;17.42;7402793;166487584.000
02/10/2009;17.46;17.73;17.23;17.55;5397816;123581792.000
02/11/2009;17.48;18.58;17.35;18.19;6205916;146147648.000
02/12/2009;18.23;18.23;17.32;17.83;3771548;87980328.000
02/13/2009;17.69;18.15;17.65;17.92;3271516;76687344.000
02/16/2009;18.00;18.01;17.38;17.81;3955705;91826304.000
02/17/2009;17.73;17.98;17.37;17.46;2760506;63791772.000
02/18/2009;17.13;17.49;16.98;17.08;2924635;66267568.000
02/19/2009;16.92;17.38;16.92;17.16;1650385;37268580.000
02/20/2009;17.12;17.31;16.79;17.15;4215893;94288384.000
02/23/2009;17.15;17.61;17.06;17.54;2649975;60660292.000
02/24/2009;17.45;17.54;16.82;16.88;2766458;62097324.000
02/25/2009;16.92;17.27;16.42;16.62;2198755;48527056.000
02/26/2009;16.62;16.76;14.97;15.92;2409787;51782952.000
02/27/2009;15.46;16.08;15.06;15.08;2496961;50126540.000
03/02/2009;15.08;15.38;14.98;15.15;2763589;54987568.000
03/03/2009;15.01;15.52;14.85;15.22;2318032;46404220.000
03/04/2009;15.22;15.91;15.22;15.89;3979622;81376824.000
03/05/2009;15.96;16.08;15.42;15.59;5368692;110147704.000
03/06/2009;15.35;15.42;15.16;15.30;2165327;43432596.000
03/09/2009;15.46;15.95;15.28;15.58;3886385;79864064.000
03/10/2009;15.39;15.60;15.15;15.55;1586935;32077090.000
03/11/2009;15.85;15.91;15.53;15.58;2668278;54879964.000
03/12/2009;15.73;15.77;15.35;15.77;2205837;45163168.000
03/13/2009;15.74;16.29;15.73;15.91;2960594;62266228.000
03/16/2009;16.00;16.22;15.88;15.99;1895189;39913372.000
03/17/2009;16.01;16.23;15.69;16.18;4469378;93717976.000
03/18/2009;16.31;16.38;15.95;16.00;6121994;129581208.000
03/19/2009;16.13;16.13;15.74;15.91;6435491;133607648.000
03/20/2009;16.00;16.09;15.65;15.73;5928544;123155984.000
03/23/2009;15.97;16.15;15.89;16.09;7567097;159414976.000
03/24/2009;16.35;16.35;16.02;16.13;5475235;116107648.000
03/25/2009;16.15;16.15;15.73;15.73;3721907;77754768.000
03/26/2009;15.73;15.98;15.55;15.94;2901500;60190692.000
03/27/2009;16.02;16.04;15.75;15.82;3683928;76615416.000
03/30/2009;15.85;16.00;15.75;15.98;2902899;60533396.000
03/31/2009;15.80;16.21;15.74;16.12;3387657;71109608.000
04/01/2009;16.18;16.27;15.98;16.15;5728334;121010736.000
04/02/2009;16.15;16.40;16.01;16.32;8939248;189520352.000
04/07/2009;16.54;16.91;16.53;16.61;9497305;207336800.000
04/08/2009;16.61;16.61;15.78;15.88;5839623;123992432.000
04/09/2009;15.88;16.05;15.49;15.79;3424428;70887976.000
04/10/2009;15.92;16.08;15.77;16.03;4573209;95657872.000
04/13/2009;16.22;16.37;15.98;16.26;7777299;165118592.000
04/14/2009;16.27;16.27;16.02;16.18;5139179;108956656.000
04/15/2009;16.18;16.67;16.18;16.58;7703784;166515456.000
04/16/2009;16.73;16.76;16.29;16.51;5717702;123778320.000
04/17/2009;16.54;16.58;16.27;16.28;5816726;125447648.000
04/20/2009;16.31;16.61;16.24;16.58;4504107;97015792.000
04/21/2009;16.46;17.69;16.37;17.19;10389259;233380528.000
04/22/2009;17.50;17.53;16.47;16.55;7780559;173289312.000
04/23/2009;16.47;16.99;16.38;16.91;4160879;91491680.000
04/24/2009;17.08;17.17;16.72;16.79;3765260;83531192.000
04/27/2009;17.02;17.28;15.75;15.77;6842133;112839656.000
04/28/2009;15.78;17.30;15.78;17.09;12703983;211470048.000
04/29/2009;17.40;17.50;16.30;16.68;9111996;152180112.000
04/30/2009;16.70;17.09;16.38;16.93;8379712;140980544.000
05/04/2009;17.32;17.32;16.87;17.06;6274707;106866024.000
05/05/2009;17.06;17.10;16.66;16.83;5937533;99814144.000
05/06/2009;16.84;16.85;16.50;16.69;8207866;136415840.000
05/07/2009;16.75;16.90;16.09;16.31;10011958;164612192.000
05/08/2009;16.40;16.68;16.14;16.45;6358266;104243360.000
05/11/2009;16.68;17.17;16.30;16.69;14566669;244609600.000
05/12/2009;16.67;16.80;16.18;16.45;6006887;98409912.000
05/13/2009;16.46;16.97;16.34;16.88;10214427;171185552.000
05/14/2009;17.00;17.50;17.00;17.40;19195119;332935200.000
05/15/2009;17.75;19.14;17.75;19.14;39475330;745901952.000
05/18/2009;19.87;20.00;18.28;18.39;26808011;510313632.000
05/19/2009;18.41;19.17;18.01;18.26;16131411;298394752.000
05/20/2009;18.40;18.40;17.55;17.60;13370449;236993136.000
05/21/2009;17.60;18.09;17.52;17.67;8474091;150033136.000
05/22/2009;17.51;17.51;16.91;17.08;9075448;155532368.000
05/25/2009;16.60;17.18;16.31;16.96;7948812;132428408.000
05/26/2009;17.00;18.59;16.68;17.35;17540246;308387584.000
05/27/2009;17.60;17.95;17.31;17.75;13363526;236443360.000
06/01/2009;18.00;18.02;17.40;17.45;9256810;161996976.000
06/02/2009;17.56;17.66;17.27;17.35;7818294;136350704.000
06/03/2009;17.34;17.34;17.01;17.19;8004547;136964032.000
06/04/2009;17.30;17.80;17.19;17.32;10244027;178965824.000
06/05/2009;17.45;17.68;17.00;17.10;9974590;171536704.000
06/08/2009;17.28;17.28;16.83;16.87;6192939;105242320.000
06/09/2009;16.90;17.05;16.62;17.03;5660077;94876424.000
06/10/2009;17.10;17.23;16.78;17.20;6053566;102994376.000
06/11/2009;17.17;17.33;17.01;17.12;4929560;84756648.000
06/12/2009;17.27;18.47;17.27;17.83;22904115;408826784.000
06/15/2009;17.90;17.99;17.17;17.65;11452910;201084752.000
06/16/2009;17.50;18.18;17.33;17.74;11600860;206651328.000
06/17/2009;17.82;18.68;17.61;18.23;14575828;265908096.000
06/18/2009;18.18;20.05;18.11;20.05;38149278;743996416.000
06/19/2009;20.17;21.80;19.01;19.50;43423508;908581440.000
06/22/2009;19.00;19.61;17.79;18.40;25855995;476472128.000
06/23/2009;18.06;18.79;17.85;18.06;13938706;255026704.000
06/24/2009;18.15;18.48;17.82;18.00;12371845;223234768.000
06/25/2009;18.00;18.13;17.79;18.13;9047782;161904144.000
06/26/2009;18.17;18.25;17.77;17.90;6739249;120784704.000
06/29/2009;17.82;17.90;17.51;17.55;8730246;153619920.000
06/30/2009;17.56;18.80;17.56;18.45;19436694;357215584.000
07/01/2009;18.41;18.77;17.81;18.20;11994660;217617792.000
07/03/2009;20.02;20.02;18.72;18.99;35958341;698294336.000
07/06/2009;19.00;19.10;18.25;18.53;16926529;313866816.000
07/07/2009;18.53;19.18;18.22;18.75;13673587;256410912.000
07/08/2009;18.55;18.70;18.31;18.44;8395180;154877472.000
07/09/2009;18.62;18.88;18.41;18.66;11868181;220535776.000
07/10/2009;18.64;18.64;18.38;18.44;10410106;192204096.000
07/13/2009;18.40;19.29;18.40;19.00;20268899;381856800.000
07/14/2009;19.00;19.17;18.74;18.96;14192970;268638112.000
07/15/2009;19.00;19.10;18.70;18.76;11735970;221386672.000
07/16/2009;18.82;18.90;18.63;18.64;11559202;216612560.000
07/17/2009;18.64;18.75;18.28;18.45;11716774;215988432.000
07/20/2009;18.42;18.66;18.40;18.58;11393372;210795792.000
07/21/2009;18.58;18.64;18.02;18.10;10966732;201295952.000
07/22/2009;18.05;18.42;18.01;18.15;9856818;179107824.000
07/23/2009;18.18;18.25;18.00;18.24;10411548;188185664.000
07/24/2009;18.26;18.40;17.80;17.96;10824913;195868160.000
07/27/2009;18.00;18.40;18.00;18.33;12098825;220574688.000
07/28/2009;18.34;18.35;18.03;18.16;8797842;159627856.000
07/29/2009;18.22;18.73;17.29;17.55;20402171;372604992.000
07/30/2009;17.43;17.84;16.75;17.20;12648992;217433536.000
07/31/2009;17.28;17.58;17.15;17.51;8500932;147593584.000
08/03/2009;17.62;17.78;17.32;17.70;11904031;208228144.000
08/04/2009;17.71;17.78;17.40;17.50;8799283;154478256.000
08/05/2009;17.56;17.97;17.55;17.90;11824876;210355264.000
08/06/2009;17.80;17.93;17.42;17.70;8143174;144320704.000
08/07/2009;17.69;17.89;17.50;17.50;7881808;139562656.000
08/10/2009;17.72;17.94;17.55;17.88;8220809;146236048.000
08/11/2009;18.25;18.39;18.12;18.28;12026540;219860256.000
08/12/2009;18.20;18.37;17.70;17.75;13290315;239592400.000
08/13/2009;17.80;18.03;17.41;17.56;7117088;125684088.000
08/14/2009;17.61;17.72;16.50;16.50;9481719;160817104.000
08/17/2009;16.50;16.50;15.15;15.50;8227119;130383360.000
08/18/2009;15.37;15.76;15.25;15.68;5628947;87424112.000
08/19/2009;15.70;16.25;15.11;15.16;8106767;127652288.000
08/20/2009;15.20;15.55;15.02;15.53;6874629;105448272.000
08/21/2009;15.54;15.73;15.33;15.68;6783764;105684880.000
08/24/2009;15.70;16.36;15.70;16.25;8526661;137268128.000
08/25/2009;16.15;16.77;15.80;16.70;14885480;243035344.000
08/26/2009;16.50;17.12;16.42;16.83;9073318;152713072.000
08/27/2009;16.75;18.00;16.59;17.54;17560159;308620416.000
08/28/2009;17.57;17.57;16.33;16.65;10565401;177631280.000
08/31/2009;16.65;16.98;15.70;15.72;10839201;178524336.000
09/01/2009;15.80;16.19;15.71;15.95;6963113;111376184.000
09/02/2009;15.77;16.00;15.06;15.60;5517594;86545640.000
09/03/2009;15.61;16.37;15.55;16.31;6658865;106987016.000
09/04/2009;16.30;17.57;16.08;17.15;14008273;238140592.000
09/07/2009;17.93;18.87;17.92;18.87;47891283;897835840.000
09/08/2009;19.30;19.30;18.26;18.45;45901635;862317696.000
09/09/2009;18.26;18.99;17.61;18.55;28951727;533752736.000
09/10/2009;18.15;18.26;17.70;17.71;14778657;264796512.000
09/11/2009;17.61;19.06;17.61;18.78;22210299;409598848.000
09/14/2009;18.90;20.14;18.48;19.18;36509822;707159808.000
09/15/2009;19.18;19.55;18.70;18.88;25154000;482199584.000
09/16/2009;19.00;19.40;18.72;18.90;16952816;322456480.000
09/17/2009;19.00;19.36;18.89;18.99;18206168;347653376.000
09/18/2009;19.01;19.90;18.91;19.31;25868804;499922112.000
09/21/2009;19.26;19.81;19.00;19.62;27186279;530020416.000
09/22/2009;19.89;19.96;19.04;19.18;19463132;378444448.000
09/23/2009;19.11;19.30;17.89;18.02;14354230;264443040.000
09/24/2009;17.95;18.05;17.28;17.55;11128354;196236992.000
09/25/2009;17.50;17.70;17.19;17.20;6895629;119827928.000
09/28/2009;17.55;18.38;17.30;17.45;10450572;185487904.000
09/29/2009;17.45;17.51;16.30;17.13;9167154;154741680.000
09/30/2009;17.18;17.96;17.12;17.77;9059385;158288944.000
10/09/2009;17.91;18.94;17.55;18.76;14012258;258396048.000
10/12/2009;18.50;18.65;18.22;18.36;7017003;129460368.000
10/13/2009;18.36;18.88;18.32;18.66;6423968;119973520.000
10/14/2009;18.60;18.95;18.56;18.66;7742807;144891872.000
10/15/2009;18.57;18.77;17.98;18.05;9726633;177834512.000
10/16/2009;18.35;18.70;17.70;18.10;8238800;149232992.000
10/19/2009;18.28;18.54;18.11;18.30;10475060;191248864.000
10/20/2009;18.41;18.45;18.08;18.35;11791674;215127216.000
10/21/2009;18.30;18.58;18.16;18.54;10622588;195763408.000
10/22/2009;18.55;19.14;18.50;18.80;12135827;228298416.000
10/23/2009;18.85;19.15;18.60;18.73;10275817;193074400.000
10/26/2009;19.35;20.56;19.06;20.16;38672660;765178176.000
10/27/2009;20.07;20.99;19.60;19.85;39260640;796083520.000
10/28/2009;19.86;20.08;18.90;19.26;17411119;336587712.000
10/29/2009;19.60;20.50;19.40;19.64;25749983;514814592.000
10/30/2009;19.82;21.56;19.38;21.22;41069802;842022528.000
11/02/2009;21.00;23.34;20.61;23.34;49574280;1122359680.000
11/03/2009;23.95;24.90;22.96;23.21;45613615;1082965504.000
11/04/2009;23.09;24.48;22.28;23.93;33170096;774947072.000
11/05/2009;23.42;23.99;23.20;23.28;18421614;433169856.000
11/06/2009;23.78;23.79;22.65;22.83;19114143;440324768.000
11/09/2009;22.60;22.77;22.00;22.58;15438753;345232896.000
11/10/2009;22.62;23.88;22.48;23.12;23346534;545653824.000
11/11/2009;23.14;23.14;22.40;22.52;11270437;255519168.000
11/12/2009;22.58;22.94;22.34;22.65;9214601;207731136.000
11/13/2009;22.70;23.03;22.30;22.70;8235979;186284720.000
11/16/2009;22.78;23.35;22.36;23.00;16565485;378234400.000
11/17/2009;22.89;23.38;22.50;23.12;17044083;391744672.000
11/18/2009;23.06;23.90;22.78;23.75;21513819;501765952.000
11/19/2009;23.74;25.58;23.35;25.10;31902351;784344064.000
11/20/2009;24.88;26.15;24.53;24.82;27140512;690914048.000
11/23/2009;24.70;25.50;24.30;25.18;15386017;382126304.000
11/24/2009;25.18;25.47;22.66;22.95;22795102;552810880.000
11/25/2009;22.90;23.47;21.70;22.96;18437011;417538208.000
11/26/2009;22.83;23.35;21.55;21.80;14142148;317714112.000
11/27/2009;21.51;22.77;21.50;22.11;13692897;303307328.000
11/30/2009;22.05;22.88;21.90;22.69;9736069;217967616.000
12/01/2009;22.68;23.38;22.60;23.01;10800662;248198448.000
12/02/2009;23.00;23.34;22.64;22.91;10457773;239077632.000
12/03/2009;22.84;22.84;22.05;22.41;11321161;253945664.000
12/04/2009;22.30;22.62;21.00;21.83;12285872;268185184.000
12/07/2009;21.85;22.81;21.50;22.56;15405509;340759328.000
12/08/2009;22.50;22.51;21.81;22.02;7692218;170246528.000
12/09/2009;21.80;22.77;21.50;22.06;11001222;245912240.000
12/10/2009;22.00;22.19;21.70;21.77;5795331;126570560.000
12/11/2009;21.90;21.98;21.50;21.55;6434050;139256544.000
12/14/2009;21.55;21.55;20.88;21.05;8748989;184148320.000
12/15/2009;21.26;21.38;21.02;21.12;7023058;148658224.000
12/16/2009;21.21;21.47;21.01;21.12;6515221;138350528.000
12/17/2009;21.43;21.47;20.21;20.25;6703989;139160256.000
12/18/2009;20.05;20.54;19.90;19.98;7607362;153479616.000
12/21/2009;19.98;20.19;19.71;20.06;5509524;109614096.000
12/22/2009;20.07;20.33;19.32;19.54;7533246;149548992.000
12/23/2009;19.53;19.93;19.31;19.85;7343672;143910064.000
12/24/2009;19.84;20.53;19.84;20.50;7930951;160580928.000
12/25/2009;20.55;20.57;20.11;20.28;5672000;115543392.000
12/28/2009;20.40;21.06;20.33;20.86;6491062;135103520.000
12/29/2009;20.96;21.65;20.61;21.63;12429818;265343952.000
12/30/2009;21.67;22.47;20.89;22.03;21946767;470952832.000
12/31/2009;21.68;21.98;21.25;21.89;12023744;259743968.000
01/04/2010;21.69;22.18;21.69;21.76;7927365;173905632.000
01/05/2010;21.64;21.94;21.26;21.53;7971656;172203968.000
01/06/2010;21.53;21.66;21.19;21.20;5631044;120525528.000
01/07/2010;21.09;21.34;20.58;20.64;6771506;141686800.000
01/08/2010;20.60;20.64;20.30;20.63;4709487;96378048.000
01/11/2010;20.65;20.99;20.00;20.11;6885062;139922544.000
01/12/2010;20.29;20.95;20.02;20.91;8525339;174590448.000
01/13/2010;20.80;21.15;20.36;20.73;9991018;208010240.000
01/14/2010;20.66;21.73;20.66;21.42;9837358;210399056.000
01/15/2010;21.56;22.14;21.55;21.98;11486491;251945664.000
01/18/2010;22.00;22.43;21.80;22.36;12222721;270971392.000
01/19/2010;22.40;22.56;22.02;22.22;11462121;254343728.000
01/20/2010;22.10;22.15;21.02;21.15;9071838;197098528.000
01/21/2010;21.00;22.00;21.00;21.86;6248968;134861072.000
01/22/2010;21.58;21.80;21.10;21.60;6195633;133508712.000
01/25/2010;21.52;22.40;21.28;22.24;9364781;206833072.000
01/26/2010;22.23;22.52;21.91;22.43;13395036;298229760.000
01/27/2010;22.37;22.39;21.16;21.33;11750393;255664816.000
01/28/2010;21.32;21.97;20.80;21.78;7295764;157066336.000
01/29/2010;21.68;23.00;21.60;22.76;16003592;363449792.000
02/01/2010;22.80;24.09;22.75;23.58;22454668;530337344.000
02/02/2010;23.59;23.78;22.98;23.29;11773777;275521568.000
02/03/2010;23.41;23.50;22.31;23.27;9672262;221196176.000
02/04/2010;23.08;23.57;22.56;23.38;11166546;257337424.000
02/05/2010;22.61;23.22;22.33;22.33;8558237;194287008.000
02/08/2010;22.30;22.72;22.15;22.56;4246167;95466912.000
02/09/2010;22.56;22.75;21.88;22.10;4699080;104454376.000
02/10/2010;22.20;22.45;22.00;22.22;3435418;76338688.000
02/11/2010;22.25;22.66;22.00;22.04;4327125;96353680.000
02/12/2010;21.85;22.27;21.85;22.17;3363607;74322120.000
02/22/2010;21.90;22.85;21.90;22.60;4467039;100467992.000
02/23/2010;22.70;23.55;22.55;23.53;9511512;219789264.000
02/24/2010;23.60;24.50;23.19;24.09;13803996;331649920.000
02/25/2010;24.26;24.81;23.91;24.62;16867759;412646720.000
02/26/2010;24.52;25.35;24.40;24.62;12412008;309909344.000
03/01/2010;24.50;25.14;24.40;24.66;8724668;216332960.000
03/02/2010;24.66;24.89;24.11;24.35;7084785;173146528.000
03/03/2010;24.37;25.23;23.95;25.10;10524901;260575664.000
03/04/2010;25.15;25.39;24.90;25.17;14219357;357203008.000
03/05/2010;25.12;26.44;25.12;25.52;13808313;357236576.000
03/08/2010;25.59;26.30;25.10;25.93;7922160;204609600.000
03/09/2010;25.92;26.18;25.58;25.70;6495801;168121008.000
03/10/2010;25.63;26.05;24.90;24.90;6167744;156889312.000
03/11/2010;24.90;25.18;24.30;24.54;5818082;142992848.000
03/12/2010;24.54;24.87;24.10;24.24;4795042;117482928.000
03/15/2010;24.26;24.72;24.00;24.53;5142205;125205496.000
03/16/2010;24.56;24.70;24.20;24.60;3432122;84116480.000
03/17/2010;24.62;25.50;24.57;25.50;5208330;130445640.000
03/18/2010;25.61;25.61;24.85;24.92;3935930;98937720.000
03/19/2010;24.92;25.18;24.35;24.80;2925046;72262888.000
03/22/2010;24.81;24.98;24.28;24.36;4023209;98299880.000
03/23/2010;24.35;24.52;23.92;23.96;5356900;129264280.000
