002341 新纶科技 日线
      日期	    开盘	    最高	    最低	    收盘	    成交量	    成交额
01/22/2010;30.00;30.70;28.80;29.34;10259740;301479808.000
01/25/2010;28.82;28.82;26.58;26.67;4375384;120484616.000
01/26/2010;26.50;27.40;25.99;26.22;2672104;71543168.000
01/27/2010;26.40;26.94;26.05;26.90;1938403;51551400.000
01/28/2010;26.59;26.79;25.02;25.25;2346285;59822456.000
01/29/2010;24.98;26.20;24.78;25.46;1855155;47595516.000
02/01/2010;25.00;25.00;24.06;24.25;1525321;37153164.000
02/02/2010;24.45;24.70;24.14;24.14;932034;22782290.000
02/03/2010;24.13;24.49;23.11;24.38;1294426;30840650.000
02/04/2010;24.24;24.99;23.63;24.68;1175557;28670652.000
02/05/2010;24.05;25.10;24.00;24.92;1370873;33752964.000
02/08/2010;24.92;24.97;24.37;24.72;670861;16566597.000
02/09/2010;24.60;24.78;24.20;24.43;581572;14223549.000
02/10/2010;24.56;24.89;24.31;24.75;665971;16360296.000
02/11/2010;24.65;25.08;24.51;24.90;769454;19165166.000
02/12/2010;24.91;25.28;24.81;25.26;701811;17571786.000
02/22/2010;25.23;25.70;24.77;25.36;1142912;28908164.000
02/23/2010;25.58;25.58;24.80;25.22;655346;16429292.000
02/24/2010;25.15;26.07;24.97;25.96;1201378;30873936.000
02/25/2010;25.99;26.90;25.75;26.32;1758583;46400692.000
02/26/2010;26.30;26.75;26.20;26.45;1235687;32717060.000
03/01/2010;26.50;27.79;26.50;27.65;1828793;50042380.000
03/02/2010;27.67;28.58;27.26;27.58;2365400;65945320.000
03/03/2010;27.58;28.29;27.10;27.72;1438782;39838500.000
03/04/2010;27.72;27.72;26.68;27.06;1545595;41829688.000
03/05/2010;27.00;27.29;26.70;27.09;877111;23708332.000
03/08/2010;27.23;27.65;26.90;27.41;841055;22990578.000
03/09/2010;27.52;27.60;27.05;27.34;612400;16737061.000
03/10/2010;27.36;27.42;26.70;26.78;662980;17902526.000
03/11/2010;26.78;27.11;26.19;27.11;728355;19491492.000
03/12/2010;27.00;27.80;26.89;27.25;1034204;28415426.000
03/16/2010;27.00;27.18;26.62;27.10;444733;11978545.000
03/17/2010;27.08;27.78;26.96;27.68;695713;19154832.000
03/18/2010;27.76;28.09;27.43;27.75;945254;26263922.000
03/19/2010;27.98;27.98;27.50;27.60;641334;17743460.000
03/22/2010;27.59;27.99;27.52;27.56;460152;12733140.000
03/23/2010;27.55;27.67;26.90;27.09;562300;15311470.000
