002187 广百股份 日线
      日期	    开盘	    最高	    最低	    收盘	    成交量	    成交额
11/22/2007;34.35;39.65;34.23;38.25;25934781;975874560.000
11/23/2007;39.35;40.53;36.25;36.85;12203588;479702848.000
11/26/2007;37.94;39.42;36.35;37.46;8706143;334191648.000
11/27/2007;36.41;37.22;33.65;33.65;8893112;310885728.000
11/28/2007;33.95;35.13;33.23;34.20;4988727;173976960.000
11/29/2007;34.75;37.63;33.66;36.85;6428963;235622352.000
11/30/2007;37.15;40.31;36.35;38.83;5894490;229526640.000
12/03/2007;37.65;38.45;36.35;36.97;3033204;115340248.000
12/04/2007;37.35;39.16;36.86;37.30;2925582;113455856.000
12/05/2007;37.30;40.97;36.95;40.75;5062034;200878384.000
12/06/2007;39.85;42.34;39.63;40.41;4786616;200132096.000
12/07/2007;39.95;41.05;39.23;39.58;2882579;116542104.000
12/10/2007;39.25;42.55;39.05;41.97;2967570;124518560.000
12/11/2007;41.97;42.92;40.96;41.35;3117819;132688616.000
12/12/2007;41.07;42.84;40.65;41.97;1760268;74663864.000
12/13/2007;41.57;43.35;39.45;39.56;2582459;108800488.000
12/14/2007;39.08;41.85;38.74;41.66;3188898;129909792.000
12/17/2007;41.49;43.15;41.27;41.46;1947550;83447104.000
12/18/2007;41.06;41.94;38.55;38.84;2165321;86903840.000
12/19/2007;39.34;40.75;38.60;39.62;1981364;79758888.000
12/20/2007;39.65;40.24;38.95;40.06;1307731;52790092.000
12/21/2007;40.02;41.55;39.66;41.05;1437840;59544272.000
12/24/2007;41.51;42.55;40.87;42.30;2507079;106660848.000
12/25/2007;42.25;43.49;41.31;42.30;1707837;73973136.000
12/26/2007;42.35;43.35;41.95;43.30;1331474;57637716.000
12/27/2007;43.35;44.85;42.35;42.69;2126524;93181472.000
12/28/2007;42.65;42.89;41.75;42.34;1337079;57426260.000
01/02/2008;42.33;43.85;41.80;43.40;1576481;68829760.000
01/03/2008;43.43;44.75;42.96;43.41;2048631;91271048.000
01/04/2008;43.35;43.35;41.96;42.33;2406997;103416104.000
01/07/2008;41.85;42.74;41.15;41.63;3394376;143636048.000
01/08/2008;41.60;42.30;41.35;41.79;1488731;63236068.000
01/09/2008;41.86;43.35;41.80;43.14;1629149;70950744.000
01/10/2008;42.95;43.55;41.93;42.08;1568524;67401584.000
01/11/2008;41.95;42.57;41.15;42.11;1010437;42861412.000
01/14/2008;41.75;42.32;41.52;41.73;895624;38095768.000
01/15/2008;41.81;44.35;41.73;43.60;2186935;95837112.000
01/16/2008;43.35;43.35;41.85;42.54;1247055;54023116.000
01/17/2008;42.15;44.14;41.95;44.09;3420426;149953856.000
01/18/2008;44.90;47.85;44.45;47.05;4638916;218017888.000
01/21/2008;46.75;46.75;44.03;44.65;2645652;122767064.000
01/22/2008;43.43;44.05;40.12;40.12;2339696;97710904.000
01/23/2008;39.35;41.65;37.35;40.36;2940080;118747936.000
01/24/2008;41.28;41.53;39.35;40.50;1583712;65443600.000
01/25/2008;40.65;40.93;38.91;39.10;1673415;67465576.000
01/28/2008;38.55;40.75;37.47;40.00;2211811;87485272.000
01/29/2008;39.36;41.72;39.36;40.84;996939;41188524.000
01/30/2008;40.76;41.63;38.55;39.81;721802;29324622.000
01/31/2008;39.23;39.80;38.15;38.45;602653;23756530.000
02/01/2008;38.40;39.00;36.35;38.54;1304310;49752808.000
02/04/2008;39.85;41.23;39.46;41.00;941802;38724704.000
02/05/2008;40.36;41.03;38.86;39.65;702886;28510946.000
02/13/2008;38.83;39.70;38.83;39.52;397127;15892880.000
02/14/2008;39.55;40.11;39.15;39.53;285613;11456792.000
02/15/2008;39.45;39.45;38.15;38.55;370637;14514948.000
02/18/2008;38.95;40.11;38.45;39.70;502911;20199814.000
02/19/2008;39.55;40.50;39.15;40.15;554614;22470532.000
02/20/2008;40.05;41.61;39.74;40.15;918888;38105664.000
02/21/2008;40.17;41.03;39.23;40.03;537876;21888528.000
02/25/2008;38.35;39.35;35.96;35.96;3947392;149829472.000
02/26/2008;36.85;36.86;35.75;36.75;2187403;81117960.000
02/27/2008;36.65;37.73;36.37;37.45;846721;32084318.000
02/28/2008;37.05;37.05;36.03;36.40;1114816;41145108.000
02/29/2008;36.35;37.00;35.56;36.42;1011099;37020196.000
03/03/2008;36.40;37.43;35.69;37.30;1363408;50732252.000
03/04/2008;37.05;37.55;35.35;36.03;1196043;44477316.000
03/05/2008;36.33;36.33;34.22;34.84;968409;34523100.000
03/06/2008;34.85;35.55;34.25;34.92;670823;23879774.000
03/07/2008;34.55;35.05;34.05;34.05;1127326;39565348.000
03/10/2008;34.23;34.23;31.23;31.54;1440050;47640420.000
03/11/2008;30.93;33.65;30.93;33.55;1290651;42751840.000
03/12/2008;34.15;34.35;32.00;32.16;1117475;37377216.000
03/13/2008;31.85;33.88;31.35;33.39;1082402;36387220.000
03/14/2008;33.24;33.45;32.45;33.15;522682;17495292.000
03/17/2008;32.94;32.95;29.87;30.35;1227598;39959496.000
03/18/2008;30.05;31.05;28.96;29.73;842473;25541740.000
03/19/2008;30.45;31.33;29.73;30.25;467316;14593985.000
03/20/2008;29.45;31.39;27.35;31.03;673691;20375346.000
03/21/2008;30.80;32.35;30.05;32.05;870751;27870080.000
03/24/2008;32.80;32.80;30.35;30.36;408904;13029457.000
03/25/2008;29.85;30.85;28.95;30.43;392218;11966754.000
03/26/2008;30.15;31.65;30.15;30.62;226414;7129276.500
03/27/2008;30.60;30.60;28.96;29.25;420433;12797966.000
03/28/2008;28.45;31.34;28.06;31.25;532117;16197166.000
03/31/2008;28.40;30.09;28.40;29.23;316007;9508383.000
04/01/2008;28.95;30.13;28.05;29.15;690788;20431514.000
04/02/2008;29.85;31.33;29.25;29.83;1127078;35140292.000
04/03/2008;29.35;30.93;29.34;30.73;564944;17437408.000
04/07/2008;30.33;32.33;29.87;31.83;1119682;35818052.000
04/08/2008;31.95;32.45;31.26;31.85;933115;30400200.000
04/09/2008;31.36;31.84;29.36;29.36;640770;20137662.000
04/10/2008;29.13;30.33;28.25;30.15;516401;15348172.000
04/11/2008;30.15;30.68;29.60;29.83;305792;9417324.000
04/14/2008;29.34;29.65;27.40;27.65;424113;12380617.000
04/15/2008;27.44;28.23;25.95;27.55;463938;12748245.000
04/16/2008;27.34;27.55;26.17;26.95;248321;6846070.500
04/17/2008;26.35;27.34;24.75;25.15;354158;9379872.000
04/18/2008;25.35;25.85;24.55;25.33;515675;13362299.000
04/22/2008;25.33;27.93;24.85;27.93;2044933;55620808.000
04/23/2008;28.24;28.65;27.71;28.45;1302628;37695080.000
04/24/2008;30.07;31.35;29.13;30.85;3771772;116571496.000
04/25/2008;29.85;30.85;29.23;29.60;2883222;88169232.000
04/28/2008;29.35;29.60;28.23;29.05;1176725;34606056.000
04/29/2008;29.05;29.55;28.65;28.94;1152631;34348768.000
04/30/2008;28.99;30.82;28.98;30.63;1711043;53054544.000
05/05/2008;31.09;31.23;30.15;31.03;1204930;37416412.000
05/06/2008;30.80;31.66;30.18;31.05;1293695;40404080.000
05/07/2008;30.95;31.48;29.35;29.35;1266809;39006712.000
05/08/2008;29.84;30.15;29.15;29.93;604072;18089752.000
05/09/2008;30.15;31.23;29.77;30.65;1005333;31106136.000
05/12/2008;30.12;31.31;29.65;31.10;722937;22427584.000
05/13/2008;30.15;32.15;29.95;31.64;1666910;52945944.000
05/14/2008;32.05;33.62;31.75;32.65;1514507;50277188.000
05/15/2008;33.00;33.05;31.57;31.60;970466;31672294.000
05/16/2008;31.60;32.09;30.20;30.88;836323;26257400.000
05/19/2008;30.84;31.14;30.25;30.89;314749;9775033.000
05/20/2008;30.89;31.09;28.16;29.05;677748;20559812.000
05/21/2008;29.05;29.45;27.75;29.05;944631;27223682.000
05/22/2008;28.65;29.15;28.25;28.43;353799;10233847.000
05/23/2008;27.95;28.93;27.90;28.26;540688;15559429.000
05/26/2008;27.65;27.91;27.20;27.55;521741;14591025.000
05/27/2008;28.04;28.34;27.45;28.34;381115;10713433.000
05/28/2008;28.34;29.05;28.00;28.76;360370;10428554.000
05/29/2008;28.85;28.85;27.35;27.36;571367;16257868.000
05/30/2008;27.66;27.75;26.95;27.75;379148;10514869.000
06/03/2008;27.46;27.96;26.65;26.85;410863;11330578.000
06/04/2008;27.55;27.55;26.15;26.30;284259;7617506.000
06/05/2008;26.25;27.20;25.87;27.05;341858;9272605.000
06/06/2008;26.85;27.45;26.82;27.15;243917;6700912.000
06/10/2008;25.66;25.75;24.65;24.75;612050;15563962.000
06/11/2008;24.75;25.75;24.35;24.93;504060;12800402.000
06/12/2008;24.66;25.64;24.15;24.55;592766;14825243.000
06/13/2008;24.55;24.80;24.15;24.54;384415;9558129.000
06/16/2008;24.54;25.15;24.15;25.13;329939;8302499.500
06/17/2008;25.75;27.05;25.20;25.82;1012916;26949620.000
06/18/2008;25.66;26.85;24.20;26.72;656243;17433040.000
06/19/2008;26.50;26.50;24.01;24.01;470138;11904109.000
06/20/2008;23.76;25.65;23.76;25.64;710031;17897830.000
06/23/2008;25.15;25.99;24.35;25.62;362881;9346656.000
06/24/2008;25.52;26.18;24.85;25.91;264745;6929757.000
06/25/2008;26.35;26.95;25.25;26.64;464410;12505154.000
06/26/2008;26.25;27.00;26.03;26.58;438456;11734079.000
06/27/2008;25.27;25.90;24.55;24.65;291286;7379344.000
06/30/2008;24.62;24.92;24.05;24.53;144899;3594041.250
07/01/2008;25.14;25.14;22.77;22.85;452048;10750426.000
07/02/2008;22.85;23.65;22.15;22.85;561904;12974911.000
07/03/2008;22.35;23.66;21.76;23.41;687793;16094434.000
07/04/2008;22.75;23.44;22.75;22.92;446866;10385739.000
07/07/2008;22.96;24.63;22.96;24.46;548671;13360270.000
07/08/2008;24.80;25.84;24.40;25.47;1274887;32358852.000
07/09/2008;25.45;26.43;25.17;26.15;597253;15591434.000
07/10/2008;25.32;26.14;25.32;25.51;377660;9829836.000
07/11/2008;25.51;25.63;25.05;25.25;259466;6652254.500
07/14/2008;25.17;25.61;24.67;25.50;184534;4730867.500
07/15/2008;25.50;25.63;24.75;24.83;181179;4615936.500
07/16/2008;24.65;24.75;22.76;23.29;176400;4258766.000
07/17/2008;23.64;24.25;23.31;23.39;119500;2869978.250
07/18/2008;23.65;24.59;23.15;24.59;185164;4512471.500
07/21/2008;24.55;26.14;24.55;25.82;277868;7195723.000
07/22/2008;25.66;25.95;25.45;25.65;167748;4367246.000
07/23/2008;26.05;26.42;25.16;25.20;302400;7791222.000
07/24/2008;25.45;25.84;25.31;25.61;276710;7174094.500
07/25/2008;25.15;25.61;24.96;25.28;152194;3899800.500
07/29/2008;25.33;25.33;24.73;24.80;145121;3665486.750
07/30/2008;24.88;25.80;24.88;25.75;914242;23572804.000
07/31/2008;25.88;26.12;25.15;25.52;375650;9753158.000
08/01/2008;25.15;26.45;25.15;26.19;909707;23956246.000
08/04/2008;26.00;27.35;25.80;26.35;862974;23386396.000
08/05/2008;26.35;27.25;25.75;26.87;1512939;40537196.000
08/06/2008;26.65;27.40;25.57;26.23;1008247;27046120.000
08/07/2008;26.23;27.05;25.65;26.92;754906;20346090.000
08/08/2008;26.22;27.30;24.98;25.65;841218;22157700.000
08/11/2008;25.65;25.65;23.15;25.15;703539;17329212.000
08/12/2008;24.55;25.05;23.60;24.65;370149;9175103.000
08/13/2008;24.65;24.65;23.44;24.03;465571;11301905.000
08/14/2008;23.83;24.75;23.83;24.68;215557;5339732.000
08/15/2008;24.31;25.16;24.31;24.56;127835;3225661.750
08/18/2008;24.15;24.65;22.54;23.90;287898;6869226.000
08/19/2008;23.62;23.90;22.95;23.55;121199;2907356.500
08/20/2008;23.15;25.50;23.15;25.31;274261;6887392.000
08/21/2008;24.66;24.90;24.16;24.53;351393;8716928.000
08/22/2008;24.00;24.46;22.81;24.44;177162;4282189.000
08/25/2008;24.65;24.65;23.46;24.55;79803;1963205.625
08/26/2008;24.28;24.33;23.48;24.20;166969;4033434.250
08/27/2008;23.66;24.24;22.85;23.51;115018;2718715.250
08/28/2008;22.96;23.62;22.16;22.26;267433;6104792.500
08/29/2008;22.73;22.74;21.29;21.95;309820;6893141.500
09/01/2008;21.35;22.35;21.35;22.30;185619;4079574.000
09/02/2008;22.13;22.25;21.38;22.25;126089;2806810.250
09/03/2008;22.13;22.18;21.35;21.85;193199;4297055.000
09/04/2008;21.65;22.03;21.34;21.81;124451;2749258.750
09/05/2008;21.40;21.95;21.30;21.84;123558;2713867.500
09/08/2008;21.87;21.87;20.75;21.55;139697;3001259.500
09/09/2008;21.27;21.85;20.95;21.85;80930;1769520.625
09/10/2008;21.75;22.73;21.18;22.05;110788;2497244.000
09/11/2008;21.73;22.15;21.55;21.85;129644;2898538.500
09/12/2008;21.35;22.30;21.35;22.00;40770;913999.625
09/16/2008;21.64;22.33;21.45;22.00;166749;3717851.500
09/17/2008;22.00;22.75;22.00;22.36;433546;9918128.000
09/18/2008;22.35;22.35;20.10;21.64;357879;7628246.500
09/19/2008;22.30;23.84;22.30;23.84;1122142;27023032.000
09/22/2008;23.95;25.73;23.45;23.66;1143980;28146608.000
09/23/2008;23.15;23.15;21.26;21.26;754807;16658853.000
09/24/2008;19.65;21.33;19.65;21.25;394953;8084364.500
09/25/2008;20.77;21.75;20.77;21.64;442527;9620192.000
09/26/2008;21.64;22.13;20.91;21.65;301859;6604431.000
10/06/2008;21.15;21.64;20.35;20.65;181758;3853225.500
10/07/2008;19.75;20.71;19.74;20.62;92731;1918777.375
10/08/2008;20.05;20.59;20.05;20.58;114407;2370747.750
10/09/2008;20.82;20.82;19.96;20.00;97450;2009003.500
10/10/2008;19.60;19.60;18.15;18.65;349380;6583956.000
10/13/2008;18.25;18.52;17.17;18.23;178898;3276810.500
10/14/2008;18.55;18.85;17.22;17.53;224499;4098919.000
10/15/2008;17.35;17.44;16.53;16.97;186868;3207715.000
10/16/2008;15.85;16.62;15.85;16.34;197500;3286529.500
10/17/2008;16.25;16.49;15.85;16.45;103511;1719050.000
10/20/2008;16.05;16.61;15.86;16.51;556460;9133786.000
10/21/2008;16.48;16.93;16.44;16.75;183030;3120448.250
10/22/2008;16.73;16.89;16.36;16.81;115104;1968174.000
10/24/2008;16.81;16.81;16.25;16.26;90100;1508412.000
10/27/2008;15.85;16.04;14.97;15.90;168200;2668557.750
10/28/2008;15.64;16.24;15.01;15.90;314669;4991455.000
10/29/2008;15.91;16.52;15.73;16.15;263531;4361802.000
10/30/2008;16.61;16.63;15.65;15.65;181630;2964209.000
10/31/2008;15.75;15.86;14.40;15.51;340803;5233945.000
11/03/2008;15.03;15.48;14.65;15.35;198884;3076543.250
11/04/2008;15.34;15.34;14.86;15.12;52368;807804.813
11/05/2008;15.12;15.63;15.01;15.25;281523;4386639.000
11/06/2008;15.15;15.15;14.47;14.83;177610;2669560.000
11/07/2008;14.45;14.85;14.40;14.67;112139;1684298.875
11/10/2008;14.85;15.40;14.79;15.30;664533;10266563.000
11/11/2008;15.31;15.34;14.85;14.86;729699;11240342.000
11/12/2008;14.66;14.95;13.85;14.24;809679;11836273.000
11/13/2008;14.15;15.41;13.57;15.25;2193424;33096936.000
11/14/2008;15.33;16.57;15.32;16.57;2162759;35493320.000
11/17/2008;16.47;17.23;16.08;17.15;1567256;26440678.000
11/18/2008;16.74;16.91;15.40;15.40;2119517;34539780.000
11/19/2008;15.26;16.13;14.45;15.85;3214507;50857020.000
11/20/2008;15.50;15.84;14.80;15.06;2466241;38562384.000
11/21/2008;14.26;14.85;13.85;14.65;1855296;27197114.000
11/24/2008;14.35;16.05;14.35;15.18;2043224;32131956.000
11/25/2008;15.44;15.63;14.54;15.09;1762290;26980808.000
11/26/2008;14.16;14.94;14.16;14.65;1512779;22453778.000
11/28/2008;14.41;15.06;14.17;15.05;1327273;19996508.000
12/01/2008;15.05;16.35;14.96;16.35;2605641;42164396.000
12/02/2008;15.78;16.70;15.76;16.16;2431362;40414016.000
12/03/2008;16.49;17.10;16.20;16.83;2194836;37487612.000
12/04/2008;16.85;17.38;16.53;16.95;2918552;50711628.000
12/05/2008;16.65;16.93;16.35;16.93;2354972;40088148.000
12/08/2008;17.23;18.06;17.22;17.80;3177314;57327224.000
12/09/2008;17.81;17.83;17.16;17.40;1732326;30793194.000
12/10/2008;17.42;18.71;17.35;18.64;2436056;44881400.000
12/11/2008;18.64;18.74;17.84;18.15;1622536;30158498.000
12/12/2008;17.90;18.11;16.53;17.04;2055973;35799668.000
12/15/2008;17.17;17.30;16.63;16.94;1299292;22436136.000
12/16/2008;16.93;17.30;16.03;17.14;1678669;28335812.000
12/17/2008;17.14;17.84;16.99;17.42;1873356;33349372.000
12/18/2008;17.42;19.05;17.19;18.87;3867392;72207824.000
12/19/2008;18.94;19.08;18.47;18.65;3306365;63137024.000
12/22/2008;18.83;19.44;18.55;19.04;4136477;80332064.000
12/23/2008;19.05;19.75;17.50;17.56;4415719;84465912.000
12/24/2008;17.34;17.83;16.95;17.35;2447803;43300072.000
12/25/2008;17.65;17.87;16.85;17.41;2059965;36536272.000
12/26/2008;17.41;17.85;17.18;17.22;2266545;40374184.000
12/29/2008;17.03;17.21;16.10;16.30;2438603;40774428.000
12/31/2008;16.45;16.88;16.36;16.47;2063622;34968100.000
01/05/2009;16.76;17.28;16.75;17.25;1466817;25519786.000
01/06/2009;17.15;17.95;17.10;17.81;2134165;38233848.000
01/07/2009;17.79;17.94;17.48;17.83;1531804;27608486.000
01/08/2009;17.45;17.62;17.11;17.34;1285532;22788054.000
01/09/2009;17.35;18.46;17.34;18.31;2263585;41647180.000
01/12/2009;18.36;19.04;18.20;18.31;2730756;51967168.000
01/13/2009;18.04;18.04;17.35;17.55;1495529;26984046.000
01/14/2009;17.55;18.17;17.43;18.17;1616204;29441236.000
01/15/2009;17.73;18.55;17.73;18.18;1634479;30386166.000
01/16/2009;18.25;18.70;18.14;18.21;1756618;32899250.000
01/19/2009;18.40;18.56;17.84;18.03;1550805;28886060.000
01/20/2009;18.04;18.34;17.96;18.16;1051247;19413252.000
01/21/2009;17.77;18.52;17.70;18.29;1262251;23407664.000
01/22/2009;18.45;18.50;18.06;18.15;1339551;24878994.000
02/02/2009;18.25;18.35;17.95;18.35;1637144;30315694.000
02/03/2009;18.38;18.87;18.38;18.79;2489652;47406608.000
02/04/2009;18.93;19.34;18.63;19.22;2829772;54551884.000
02/06/2009;19.16;20.24;19.16;19.90;3126356;62831960.000
02/09/2009;20.04;20.44;19.75;20.11;2960755;60359624.000
02/10/2009;20.09;20.85;19.86;20.70;2580714;53627804.000
02/11/2009;20.31;20.89;19.95;20.17;3283085;67853128.000
02/12/2009;20.25;20.53;19.49;20.36;2299234;46802644.000
02/13/2009;20.38;21.53;20.26;21.29;2446879;52585336.000
02/16/2009;21.38;22.12;21.35;21.69;2064780;45398228.000
02/17/2009;21.55;21.72;20.36;20.55;2413657;51496212.000
02/18/2009;20.21;20.93;19.95;20.25;1560426;32587250.000
02/19/2009;20.45;20.75;20.14;20.63;1370930;28532932.000
02/20/2009;20.85;22.71;20.78;22.42;3095438;69454424.000
02/23/2009;22.24;23.44;22.24;23.21;3160812;73733768.000
02/24/2009;23.11;24.13;22.81;23.19;3867012;92270576.000
02/25/2009;23.58;23.93;22.16;23.15;3392601;79327992.000
02/26/2009;22.75;23.29;20.80;20.80;3532736;78860384.000
02/27/2009;20.40;21.93;19.65;21.07;2902102;61060620.000
03/02/2009;19.10;19.85;18.93;19.55;5286504;103506912.000
03/03/2009;18.85;19.05;18.31;18.81;3284115;62399784.000
03/04/2009;18.79;19.93;18.79;19.84;4186158;82778584.000
03/05/2009;19.96;20.10;19.06;19.46;4475924;89093912.000
03/06/2009;19.25;19.25;18.66;19.12;2254068;43560292.000
03/09/2009;19.15;19.80;18.90;19.32;3174512;62791672.000
03/10/2009;19.75;21.14;19.65;20.60;4969649;102908024.000
03/11/2009;20.65;20.95;19.78;19.88;3496336;72169856.000
03/12/2009;19.65;19.71;18.95;19.38;2159455;42415380.000
03/13/2009;19.53;19.53;19.19;19.19;1321461;25989288.000
03/16/2009;19.18;19.18;18.57;19.09;1578361;30290464.000
03/17/2009;18.97;19.73;18.92;19.65;1750122;34609864.000
03/18/2009;19.70;20.15;19.50;19.78;2335210;47270424.000
03/19/2009;20.04;20.27;19.81;20.20;2321240;47385344.000
03/23/2009;20.35;20.84;20.17;20.60;2571060;53606200.000
03/24/2009;20.68;21.41;20.45;20.50;3364636;71405960.000
03/26/2009;20.45;20.53;19.67;20.53;2241721;45702788.000
03/27/2009;20.55;20.84;20.15;20.33;2011186;41886576.000
03/30/2009;20.26;20.74;20.22;20.55;1474251;30765590.000
03/31/2009;20.17;20.39;19.75;20.30;1520294;31115714.000
04/01/2009;20.45;20.95;20.40;20.75;2353074;49466964.000
04/02/2009;20.83;21.16;20.75;20.94;2505420;53415032.000
04/03/2009;20.97;21.23;20.30;20.42;2172566;45539116.000
04/07/2009;20.49;21.55;20.32;21.44;2158546;45724316.000
04/08/2009;21.32;22.04;21.05;21.57;3839939;83802832.000
04/09/2009;21.43;21.65;21.13;21.64;2869951;62609732.000
04/10/2009;21.74;22.51;21.67;22.40;4206474;94646424.000
04/13/2009;22.70;22.70;22.13;22.20;3323074;74003400.000
04/14/2009;22.30;22.40;21.75;22.40;2778826;61204560.000
04/15/2009;22.40;23.12;22.00;22.97;3253396;73713208.000
04/16/2009;22.85;23.09;22.19;22.28;2439903;55135084.000
04/17/2009;22.29;23.48;22.28;22.97;4068582;92592408.000
04/20/2009;23.02;23.48;22.68;23.18;3352965;77133536.000
04/21/2009;22.82;23.60;22.68;23.12;2736009;63345676.000
04/22/2009;23.38;23.49;21.20;21.25;3471708;77389952.000
04/23/2009;21.10;21.77;21.03;21.48;2101665;44928308.000
04/24/2009;21.56;21.69;21.06;21.10;1446969;30950686.000
04/27/2009;20.95;21.68;20.92;21.00;1995542;42475584.000
04/28/2009;20.99;21.33;20.82;21.20;1119893;23677836.000
04/29/2009;21.21;21.88;21.21;21.70;1561158;33821324.000
04/30/2009;21.62;22.33;21.46;22.08;1944820;42604520.000
05/04/2009;22.30;22.65;22.08;22.48;1856691;41563824.000
05/05/2009;22.55;22.88;22.30;22.51;1697216;38278684.000
05/06/2009;22.45;23.04;22.40;23.03;2214105;50477808.000
05/07/2009;23.15;23.86;22.96;23.60;3290292;77216048.000
05/08/2009;23.50;23.59;23.01;23.26;1738792;40440056.000
05/11/2009;23.20;23.40;22.18;22.18;1680203;37911588.000
05/12/2009;22.16;22.59;21.85;22.59;1049495;23433726.000
05/13/2009;22.60;22.95;22.38;22.79;1191441;27064812.000
05/14/2009;22.69;22.69;22.06;22.41;1335583;29820682.000
05/15/2009;22.39;22.60;22.20;22.60;683622;15293941.000
05/18/2009;22.59;22.59;22.11;22.48;524128;11696249.000
05/19/2009;22.65;23.18;22.51;22.83;1170064;26800326.000
05/20/2009;22.85;23.23;22.56;23.00;1862736;42797884.000
05/21/2009;22.89;23.00;22.02;22.08;1125197;25207574.000
05/22/2009;22.00;22.27;21.81;22.13;865491;19167328.000
05/25/2009;21.71;21.99;21.39;21.84;1342100;29109624.000
05/26/2009;21.84;22.41;21.84;22.25;960531;21301046.000
05/27/2009;22.40;23.48;22.30;23.09;1875560;42947400.000
06/01/2009;23.18;23.52;22.80;23.15;1204717;27890246.000
06/02/2009;23.15;23.21;22.75;22.90;1187057;27168192.000
06/03/2009;22.95;23.10;22.76;22.96;920358;21118146.000
06/04/2009;22.91;23.10;22.40;22.72;738017;16764108.000
06/05/2009;23.03;23.50;22.73;23.09;1571446;36452012.000
06/08/2009;23.08;23.74;22.94;23.28;1150921;26890816.000
06/09/2009;23.33;24.89;23.12;24.65;2824944;68360632.000
06/10/2009;24.52;24.95;24.00;24.68;1867272;45878596.000
06/11/2009;24.44;25.25;24.31;24.50;1937095;48143300.000
06/12/2009;24.40;24.49;23.61;23.91;1468732;35234844.000
06/15/2009;23.92;25.69;23.90;25.47;1559773;38932536.000
06/16/2009;25.25;26.09;25.01;25.94;2058516;53104128.000
06/17/2009;25.90;26.18;25.60;25.98;839766;21730746.000
06/18/2009;26.00;27.27;25.85;27.00;2219542;59535516.000
06/19/2009;27.20;27.25;26.34;27.03;797670;21328184.000
06/22/2009;27.18;28.96;27.18;27.54;1671016;46963476.000
06/23/2009;26.81;28.29;26.51;27.48;1054959;28889536.000
06/24/2009;27.39;27.82;26.70;26.81;976288;26342794.000
06/25/2009;26.80;27.20;26.55;26.77;846799;22650180.000
06/26/2009;26.90;27.43;26.50;26.93;811210;21823730.000
06/29/2009;26.89;27.35;26.39;26.40;707989;18879972.000
06/30/2009;26.51;26.80;25.98;26.61;924214;24411158.000
07/01/2009;26.12;26.86;26.10;26.60;348080;9246698.000
07/02/2009;26.90;27.58;26.60;27.25;655403;17824232.000
07/03/2009;27.29;27.45;26.60;26.71;788124;21280646.000
07/06/2009;26.65;26.77;25.58;25.93;1018764;26488546.000
07/07/2009;25.80;26.50;25.71;26.20;455431;11946898.000
07/08/2009;26.49;26.49;25.81;26.13;480986;12535436.000
07/09/2009;26.20;27.70;26.10;27.70;1445291;38911544.000
07/10/2009;27.88;28.50;27.55;28.30;1160674;32384064.000
07/13/2009;28.30;28.50;28.02;28.07;892274;25245832.000
07/14/2009;28.00;28.38;27.99;28.30;906199;25554964.000
07/15/2009;28.30;28.39;27.75;27.87;851016;23767428.000
07/16/2009;28.00;28.19;27.26;27.30;975781;26813052.000
07/17/2009;27.50;27.87;27.26;27.50;691064;18970174.000
07/20/2009;27.50;27.70;27.25;27.60;1068384;29343192.000
07/21/2009;27.70;27.70;26.88;26.99;598308;16333842.000
07/22/2009;27.00;27.65;26.80;27.47;892569;24252126.000
07/23/2009;27.43;27.50;27.00;27.15;704317;19138504.000
07/24/2009;27.18;27.45;26.52;26.65;839554;22603082.000
07/28/2009;27.05;27.39;26.65;27.21;1181857;31927422.000
07/29/2009;27.21;27.21;24.50;25.40;1608233;42163148.000
07/30/2009;25.62;26.16;25.60;26.00;990191;25482624.000
07/31/2009;26.15;26.50;25.83;26.30;1365561;35698672.000
08/03/2009;26.34;26.56;25.85;26.14;956756;24950958.000
08/04/2009;26.27;26.37;25.71;26.31;938835;24365338.000
08/05/2009;26.22;27.50;26.10;27.39;1833668;49504740.000
08/06/2009;27.38;28.98;26.68;28.08;3491144;98016312.000
08/07/2009;28.00;28.38;27.10;27.14;1439282;39903076.000
08/10/2009;27.30;28.12;27.11;27.82;890976;24568600.000
08/11/2009;27.98;28.17;27.45;27.88;1117108;31227680.000
08/12/2009;27.90;28.14;25.97;26.10;1417555;38734088.000
08/13/2009;26.30;26.50;26.00;26.10;801472;21014930.000
08/14/2009;26.37;26.80;25.70;25.79;902283;23580462.000
08/17/2009;25.29;25.66;24.20;24.20;773280;19213126.000
08/18/2009;23.50;24.86;23.30;24.68;523046;12716720.000
08/19/2009;24.44;24.75;23.11;23.40;504457;12090828.000
08/20/2009;23.35;24.36;23.25;24.36;505987;12111278.000
08/21/2009;24.37;25.40;23.89;25.00;751447;18448332.000
08/24/2009;25.01;25.87;24.68;25.80;996571;25388362.000
08/25/2009;25.73;26.50;25.50;26.20;1280621;33191282.000
08/26/2009;26.20;26.90;26.08;26.33;939778;24777492.000
08/27/2009;26.25;26.87;26.01;26.29;866454;22763968.000
08/28/2009;26.21;26.41;25.21;25.61;704878;18080360.000
08/31/2009;25.21;25.80;23.77;24.02;813702;20168014.000
09/01/2009;24.37;24.71;24.11;24.59;638684;15576630.000
09/02/2009;24.59;24.69;23.95;24.47;385151;9366231.000
09/03/2009;24.61;25.28;24.35;25.21;970533;24360612.000
09/04/2009;25.30;25.97;25.07;25.78;766956;19571858.000
09/07/2009;25.80;26.76;25.72;26.26;1148507;30382446.000
09/08/2009;26.31;27.10;26.00;26.85;1057879;28401076.000
09/09/2009;26.70;26.90;26.20;26.41;489673;12960774.000
09/10/2009;26.55;26.72;26.12;26.15;383316;10087626.000
09/11/2009;25.90;26.68;25.90;26.39;714921;18928056.000
09/14/2009;26.45;27.28;26.30;27.08;991605;26719590.000
09/15/2009;26.88;27.37;26.71;27.17;909312;24634850.000
09/16/2009;27.17;27.18;26.45;26.86;1252360;33550212.000
09/17/2009;26.71;27.55;26.71;27.19;1340825;36551164.000
09/18/2009;27.27;28.33;27.27;27.40;2206746;61269832.000
09/25/2009;27.80;28.00;26.00;26.98;1326982;36076704.000
09/28/2009;26.66;28.98;26.66;27.05;1287369;35972444.000
09/29/2009;26.85;27.10;25.30;25.67;672963;17468902.000
09/30/2009;26.09;26.57;25.75;25.93;392016;10266896.000
10/09/2009;26.20;27.14;26.10;27.00;744380;19976068.000
10/12/2009;27.50;28.00;26.92;27.59;1110967;30514296.000
10/13/2009;27.45;28.10;27.23;27.84;591999;16457334.000
10/14/2009;28.10;28.16;27.52;27.73;788070;22038550.000
10/15/2009;28.00;28.50;27.73;28.50;1160608;32719382.000
10/16/2009;28.80;28.93;27.72;28.01;725374;20438344.000
10/19/2009;28.00;28.30;27.76;28.15;564878;15850985.000
10/20/2009;28.45;29.28;28.18;29.18;1492315;43093560.000
10/21/2009;29.14;29.88;28.50;28.80;1370966;40209996.000
10/22/2009;28.80;28.96;28.20;28.92;647190;18507294.000
10/23/2009;28.71;29.26;28.50;28.67;1252101;36221728.000
10/26/2009;28.55;28.85;28.30;28.35;717248;20411642.000
10/27/2009;28.25;28.25;27.28;27.45;995073;27587702.000
10/28/2009;27.45;27.96;27.45;27.92;827780;22899722.000
10/29/2009;27.70;28.25;27.20;27.79;403346;11245136.000
10/30/2009;28.05;28.59;27.83;28.36;1453024;40963340.000
11/02/2009;28.00;29.17;27.50;29.09;1114244;31931632.000
11/03/2009;28.80;29.44;28.80;29.00;946179;27598152.000
11/04/2009;28.81;29.41;28.81;29.15;735558;21400186.000
11/05/2009;29.17;29.65;29.02;29.20;706267;20683072.000
11/06/2009;29.33;29.46;28.70;28.80;1259373;36440216.000
11/09/2009;28.80;29.03;28.53;28.86;876590;25179676.000
11/10/2009;29.01;29.55;28.78;29.21;1287776;37768464.000
11/11/2009;29.16;29.38;28.83;29.30;859131;24972710.000
11/12/2009;29.41;30.40;29.03;29.61;2136744;63822376.000
11/13/2009;29.50;30.80;29.41;30.77;2165621;65655564.000
11/16/2009;31.00;31.85;30.60;30.78;2156879;67116536.000
11/17/2009;30.66;31.39;30.53;30.70;1201871;36977228.000
11/18/2009;30.70;31.50;30.56;31.00;1092995;33775924.000
11/19/2009;31.05;31.49;30.83;31.18;998569;31043764.000
11/20/2009;31.18;31.73;31.00;31.40;992848;31243656.000
11/23/2009;31.48;32.20;31.25;32.10;1378417;43804556.000
11/24/2009;32.10;32.48;30.01;30.37;2105749;65821604.000
11/25/2009;30.37;31.18;30.11;31.02;1357489;41640120.000
11/26/2009;31.11;31.38;29.11;29.21;1351447;40543000.000
11/27/2009;28.98;29.38;28.51;28.72;1188051;34364048.000
11/30/2009;29.19;29.89;29.02;29.86;1151688;34002140.000
12/01/2009;29.87;30.93;29.61;30.93;1184539;36018304.000
12/02/2009;31.12;31.85;31.12;31.60;2725130;85912112.000
12/03/2009;31.58;32.38;30.93;31.90;3750351;117758104.000
12/04/2009;31.70;32.58;30.70;31.39;2814165;89417760.000
12/07/2009;31.80;31.80;31.35;31.40;1427263;44942952.000
12/08/2009;31.69;32.45;31.31;32.02;2210052;70604872.000
12/09/2009;31.76;32.48;31.39;31.60;1823944;58308592.000
12/10/2009;31.82;32.10;31.31;32.10;1419500;45090160.000
12/11/2009;32.20;33.00;32.10;32.38;1780285;58149380.000
12/14/2009;32.36;32.36;31.45;31.82;1073666;34090088.000
12/15/2009;31.88;31.97;31.35;31.67;804815;25472758.000
12/16/2009;31.70;31.82;31.21;31.35;832377;26154532.000
12/17/2009;31.41;31.45;30.05;30.31;918206;28135722.000
12/18/2009;30.01;30.37;29.28;29.50;995937;29470856.000
12/21/2009;29.50;29.99;29.20;29.97;1130469;33479884.000
12/22/2009;29.97;29.97;28.90;29.01;1089506;32026774.000
12/23/2009;29.38;29.68;29.02;29.65;679408;19961064.000
12/24/2009;29.78;30.59;29.51;30.57;1204865;36511808.000
12/25/2009;30.66;30.72;30.18;30.55;797743;24285934.000
12/28/2009;30.59;31.50;30.27;31.32;986567;30718196.000
12/29/2009;31.25;31.31;30.72;31.28;708661;22018096.000
12/30/2009;31.25;31.35;30.71;31.12;803310;24886762.000
12/31/2009;30.92;31.64;30.90;31.50;1229437;38390932.000
01/04/2010;31.75;31.97;31.40;31.40;1095390;34801240.000
01/05/2010;31.40;32.33;30.80;32.33;1613735;51070332.000
01/06/2010;32.33;32.98;32.00;32.00;1661563;54007264.000
01/07/2010;32.00;32.00;30.03;30.60;2912300;89991056.000
01/08/2010;30.38;30.90;30.10;30.77;1340564;40930420.000
01/11/2010;30.54;31.48;30.40;31.15;1269542;39402800.000
01/12/2010;31.12;31.96;30.90;31.46;1675776;52746428.000
01/13/2010;31.00;32.38;31.00;32.09;2446236;77855296.000
01/14/2010;32.00;33.28;31.91;33.10;2450628;80319088.000
01/15/2010;33.02;33.48;32.80;33.14;1714897;56656220.000
01/18/2010;33.10;33.85;32.90;33.15;1183948;39555984.000
01/19/2010;33.30;33.30;32.38;32.90;1580906;51741144.000
01/20/2010;32.53;33.29;31.71;31.84;2020564;66125524.000
01/21/2010;32.00;33.18;31.80;32.70;2089249;68316920.000
01/22/2010;32.40;32.59;31.20;31.50;2119888;67305216.000
01/25/2010;31.26;31.93;31.00;31.10;835839;26330760.000
01/26/2010;31.08;31.50;29.70;29.89;1486917;45539120.000
01/27/2010;29.50;30.46;29.50;30.00;739361;22182666.000
01/28/2010;30.00;30.45;29.50;30.20;572171;17220410.000
01/29/2010;29.89;30.89;29.83;30.44;716986;21901082.000
02/01/2010;30.30;30.80;29.84;30.72;1010544;30556072.000
02/02/2010;30.60;31.10;30.60;30.80;1177582;36322388.000
02/03/2010;31.00;31.00;29.00;30.75;831555;25101484.000
02/04/2010;30.69;30.90;30.32;30.50;569485;17420826.000
02/08/2010;30.00;30.33;29.76;29.94;561537;16880442.000
02/09/2010;30.09;30.10;29.80;30.02;478075;14319778.000
02/10/2010;30.03;30.40;30.03;30.37;288862;8738897.000
02/11/2010;30.39;31.18;30.39;30.74;553351;17085934.000
02/12/2010;31.00;31.50;30.62;31.50;635294;19812024.000
02/22/2010;31.25;31.59;30.90;31.05;1047549;32692854.000
02/23/2010;30.98;31.05;30.28;30.80;528240;16160578.000
02/24/2010;30.75;31.90;30.50;31.85;1093805;34505564.000
02/25/2010;31.85;32.50;31.85;32.39;1386960;44714076.000
02/26/2010;32.39;32.88;32.16;32.50;1338142;43559116.000
03/01/2010;32.50;33.80;32.50;33.14;1879912;62693856.000
03/02/2010;33.38;33.38;32.71;33.18;917274;30273460.000
03/03/2010;33.28;33.28;32.55;33.03;1039183;34139120.000
03/04/2010;33.00;33.55;31.60;31.76;1646744;53754048.000
03/05/2010;31.99;32.01;31.00;31.43;1601789;50482428.000
03/08/2010;30.78;31.79;30.31;31.55;3009619;93439752.000
03/09/2010;31.35;31.56;30.91;31.20;1259368;39322984.000
03/10/2010;31.18;31.49;30.55;31.05;950349;29469578.000
03/11/2010;31.05;31.08;30.45;30.63;773969;23755414.000
03/12/2010;30.64;30.80;30.15;30.28;848837;25867484.000
03/15/2010;30.58;30.59;30.11;30.16;519442;15726764.000
03/16/2010;30.18;30.44;29.97;30.38;613930;18557028.000
03/17/2010;30.45;30.94;30.45;30.92;928110;28494176.000
03/18/2010;30.95;31.06;30.50;30.63;807306;24830638.000
03/19/2010;30.63;30.87;30.36;30.79;728761;22285554.000
03/22/2010;30.71;30.97;30.27;30.50;966398;29551342.000
03/23/2010;30.64;30.64;30.28;30.31;755400;22942100.000
