000631 顺发恒业 日线
      日期	    开盘	    最高	    最低	    收盘	    成交量	    成交额
01/04/2000;4.20;4.23;4.14;4.21;232300;2235009.000
01/05/2000;4.21;4.28;4.21;4.22;380600;3723298.000
01/06/2000;4.22;4.37;4.18;4.36;508300;4969798.000
01/07/2000;4.39;4.49;4.38;4.48;885000;9155274.000
01/10/2000;4.52;4.55;4.37;4.45;772900;7983283.000
01/11/2000;4.45;4.48;4.24;4.25;738000;7466399.000
01/12/2000;4.25;4.28;4.15;4.16;481700;4636904.000
01/13/2000;4.15;4.21;4.14;4.17;238500;2280382.750
01/14/2000;4.21;4.21;4.09;4.10;325800;3094287.750
01/17/2000;4.04;4.06;3.97;4.06;630500;5751676.000
01/18/2000;4.09;4.10;3.98;3.99;406700;3722617.500
01/19/2000;3.97;4.11;3.97;4.05;379100;3482478.250
01/20/2000;4.01;4.11;4.01;4.07;304100;2813940.250
01/21/2000;4.08;4.10;3.98;4.02;766200;6979101.500
01/24/2000;4.02;4.02;3.90;3.93;928800;8217175.000
01/25/2000;3.94;4.18;3.91;4.10;995400;9148637.000
01/26/2000;4.09;4.24;4.02;4.06;400200;3743867.750
01/27/2000;4.01;4.04;3.90;3.98;996600;8975499.000
01/28/2000;3.95;4.08;3.93;4.03;768000;6935653.000
02/14/2000;4.11;4.34;4.11;4.34;1566200;15444743.000
02/15/2000;4.44;4.59;4.28;4.31;2363300;24841708.000
02/16/2000;4.28;4.30;4.14;4.24;1479400;14271007.000
02/17/2000;4.28;4.42;4.09;4.15;1602900;15551759.000
02/18/2000;4.13;4.14;4.07;4.14;961000;8990688.000
02/21/2000;4.14;4.40;4.04;4.39;2621000;25975864.000
02/22/2000;4.42;4.74;4.32;4.74;7148600;77908664.000
02/23/2000;4.73;5.12;4.63;5.12;16799500;203061024.000
02/24/2000;5.20;5.51;5.20;5.21;10138400;131469632.000
02/25/2000;5.26;5.62;5.23;5.61;8815600;116815280.000
02/28/2000;5.69;6.02;5.55;5.63;8637600;123576512.000
02/29/2000;5.63;6.03;5.59;5.86;4497300;64907100.000
03/01/2000;6.02;6.03;5.64;5.77;2789700;40084496.000
03/02/2000;5.92;5.92;5.67;5.78;2549300;36526628.000
03/03/2000;5.81;6.27;5.81;6.27;6047300;93978400.000
03/06/2000;6.38;6.81;6.38;6.81;8271600;139807632.000
03/07/2000;6.80;6.80;6.22;6.50;4695900;76927936.000
03/08/2000;6.41;6.72;6.39;6.50;1713800;28518972.000
03/09/2000;6.63;6.89;6.38;6.41;4120000;68431520.000
03/13/2000;6.17;6.53;6.17;6.33;4548000;72623112.000
03/14/2000;6.26;6.61;5.96;6.42;4734500;74345024.000
03/15/2000;6.41;6.58;6.38;6.56;1906000;31105230.000
03/16/2000;6.54;6.57;6.29;6.39;2330600;37778544.000
03/17/2000;6.41;6.72;6.40;6.66;2143100;35521748.000
03/20/2000;6.65;7.23;6.45;7.23;3624000;65963508.000
03/21/2000;7.34;7.87;7.34;7.87;6748700;136031808.000
03/22/2000;7.85;8.05;7.66;7.72;2494400;50325640.000
03/23/2000;7.74;8.40;7.66;8.40;1631100;33534684.000
03/24/2000;8.46;9.15;8.46;9.15;1687000;40017176.000
03/27/2000;9.12;9.81;9.12;9.74;1882100;47492380.000
03/28/2000;9.81;10.46;8.89;9.28;2815800;72255464.000
03/29/2000;9.28;9.47;8.68;9.33;1445700;34383936.000
03/30/2000;9.26;9.26;9.02;9.10;1193900;28543056.000
03/31/2000;9.12;9.88;8.95;9.79;1187300;30057776.000
04/03/2000;9.80;10.09;9.24;9.45;656200;16562623.000
04/04/2000;9.36;9.70;9.12;9.29;584400;14464715.000
04/05/2000;9.19;9.40;8.95;9.11;775100;18645556.000
04/06/2000;9.14;9.36;9.06;9.22;694200;16716483.000
04/07/2000;9.21;9.57;9.13;9.49;481200;11985342.000
04/10/2000;9.50;10.04;9.50;9.59;530700;13733121.000
04/11/2000;9.59;10.47;9.36;9.80;3128600;83328072.000
04/12/2000;9.81;9.97;9.66;9.88;1032000;26919796.000
04/13/2000;10.15;10.16;9.66;9.78;525900;13714810.000
04/14/2000;9.74;9.78;9.39;9.41;783900;19671852.000
04/17/2000;9.40;9.50;8.66;9.06;1448200;35135084.000
04/18/2000;9.08;9.52;8.96;9.30;915200;22140538.000
04/19/2000;9.17;9.76;9.17;9.74;1347000;33776300.000
04/20/2000;9.87;9.92;9.58;9.76;3333300;86303392.000
04/21/2000;9.67;9.68;9.13;9.14;2414100;60339232.000
04/24/2000;9.12;9.57;8.82;8.83;2605000;62215872.000
04/25/2000;8.84;9.07;8.84;8.91;1056600;24948306.000
04/26/2000;8.98;9.03;8.60;8.61;2796900;64211100.000
04/27/2000;8.65;8.81;8.33;8.55;2624500;58237928.000
04/28/2000;8.59;9.32;8.44;9.18;1877200;44086444.000
05/08/2000;9.38;10.01;9.38;10.01;2455100;64262464.000
05/09/2000;10.16;10.67;9.98;10.34;1935700;53348120.000
05/10/2000;10.33;10.46;10.05;10.22;1740400;47719184.000
05/11/2000;10.17;10.36;10.09;10.23;1085200;29579106.000
05/12/2000;10.28;10.61;10.26;10.39;1571300;43771216.000
05/15/2000;10.46;10.67;10.17;10.22;1164600;32039596.000
05/16/2000;10.22;10.38;9.77;9.77;1136600;29949240.000
05/17/2000;9.76;9.91;9.30;9.86;1007000;25352918.000
05/18/2000;9.86;10.59;9.86;10.56;1239300;33689748.000
05/19/2000;10.50;10.94;10.44;10.67;2531100;71975040.000
05/22/2000;10.67;10.84;10.33;10.36;1215500;34067884.000
05/23/2000;10.50;10.91;10.50;10.87;2699100;77668560.000
05/24/2000;10.89;11.34;10.88;11.17;3437900;102088096.000
05/25/2000;11.15;11.34;10.94;11.14;1756700;52370936.000
05/26/2000;11.11;11.43;11.06;11.40;2532000;76347024.000
05/29/2000;11.37;11.48;10.67;10.72;3188600;95198248.000
05/30/2000;10.50;10.74;10.22;10.41;1194900;32981688.000
05/31/2000;10.15;10.46;10.15;10.31;1126700;30981238.000
06/01/2000;10.16;10.43;10.16;10.34;1952000;53503536.000
06/02/2000;10.67;10.67;10.22;10.40;1216200;28380186.000
06/05/2000;10.36;10.38;10.22;10.27;680000;15721948.000
06/06/2000;10.27;10.72;10.27;10.63;1444600;34410072.000
06/07/2000;10.58;10.85;10.54;10.83;1063900;25642206.000
06/08/2000;10.79;10.89;10.67;10.80;891700;21654212.000
06/09/2000;10.83;10.83;10.47;10.55;1175200;27976166.000
06/12/2000;10.53;10.60;10.16;10.23;1097300;25575434.000
06/13/2000;10.21;10.21;9.77;9.99;1350100;30250998.000
06/14/2000;10.00;10.26;9.98;10.13;1300300;29660502.000
06/15/2000;10.27;10.30;9.98;10.09;1006800;22937310.000
06/16/2000;10.09;10.18;10.00;10.14;554900;12583605.000
06/19/2000;10.22;10.27;9.99;10.20;745000;16889862.000
06/20/2000;10.11;10.27;10.00;10.11;390400;8926781.000
06/21/2000;10.11;10.22;9.10;9.27;3685500;80528864.000
06/22/2000;9.21;9.27;8.88;9.02;1697100;34120104.000
06/23/2000;9.00;9.55;8.88;9.32;1565800;32433516.000
06/26/2000;9.33;9.33;9.02;9.19;2232500;45848852.000
06/27/2000;9.11;9.32;9.11;9.21;2244400;46184384.000
06/28/2000;9.11;9.28;9.11;9.24;2670400;55271584.000
06/29/2000;9.13;9.24;9.13;9.20;1230800;25456660.000
06/30/2000;9.15;9.29;9.15;9.28;372200;7742873.000
07/03/2000;9.15;9.46;9.05;9.25;398300;8303759.500
07/04/2000;9.15;9.50;9.14;9.24;194700;4051614.500
07/05/2000;9.15;9.53;8.81;9.38;1412900;29023450.000
07/06/2000;9.33;9.87;9.33;9.76;1556900;33620996.000
07/07/2000;9.82;10.16;9.76;9.93;1504500;33681600.000
07/10/2000;10.02;10.20;9.71;10.00;1307300;29203360.000
07/11/2000;10.12;10.35;9.91;10.10;1364300;31040400.000
07/12/2000;10.36;10.36;10.10;10.19;985200;22563474.000
07/13/2000;10.18;10.24;10.00;10.13;1060200;24210190.000
07/14/2000;10.08;10.22;9.86;9.96;981800;22039994.000
07/17/2000;9.96;9.96;9.57;9.63;1202400;26273724.000
07/18/2000;9.63;10.10;9.02;10.09;2684200;57858568.000
07/19/2000;9.96;10.48;9.78;10.46;3927700;89575192.000
07/20/2000;10.39;10.58;10.17;10.31;1717000;40112596.000
07/21/2000;10.35;10.89;10.22;10.88;4246600;100808088.000
07/24/2000;10.85;10.91;10.67;10.79;2073400;50390192.000
07/25/2000;10.79;11.10;10.45;10.96;4233100;102654128.000
07/26/2000;10.92;11.06;10.21;10.32;4098600;97381144.000
07/27/2000;10.22;10.28;9.78;9.98;2188900;49476748.000
07/28/2000;9.91;10.17;9.72;10.04;1695000;37495228.000
07/31/2000;9.96;10.21;9.78;10.17;1059400;23862848.000
08/01/2000;10.22;10.22;9.87;10.09;1050000;23586616.000
08/02/2000;10.14;10.17;9.62;9.65;2414000;53410436.000
08/03/2000;9.69;9.78;9.55;9.57;1146900;24931660.000
08/04/2000;9.57;9.73;9.53;9.58;674200;14617464.000
08/07/2000;9.59;9.64;9.33;9.38;366600;7820027.500
08/08/2000;9.46;10.22;9.38;10.11;1219400;27041008.000
08/09/2000;10.31;10.31;9.60;9.72;2292000;51104356.000
08/10/2000;9.72;9.95;9.64;9.74;409100;8983527.000
08/11/2000;9.74;9.79;9.69;9.71;301500;6607478.000
08/14/2000;9.71;10.12;9.71;10.11;4618000;102952656.000
08/15/2000;10.13;10.77;9.96;10.76;4153700;96899504.000
08/16/2000;10.76;11.23;10.57;11.20;4843900;118958904.000
08/17/2000;11.21;11.71;11.07;11.63;4714500;121162848.000
08/18/2000;11.56;11.57;10.93;10.98;2760700;69401648.000
08/21/2000;11.00;11.00;10.50;10.88;1389400;33627080.000
08/22/2000;10.85;11.11;10.56;10.67;1114300;26890980.000
08/23/2000;10.62;10.66;10.31;10.55;693500;16429546.000
08/24/2000;10.39;10.66;9.78;9.98;2764000;62418076.000
08/25/2000;10.06;10.31;9.78;10.08;2299500;51208588.000
08/28/2000;9.95;10.08;9.54;9.69;3095900;67351184.000
08/29/2000;9.63;9.78;9.33;9.53;3211600;68418128.000
08/30/2000;9.66;9.66;9.11;9.31;8714800;180652544.000
08/31/2000;9.19;9.42;8.96;9.39;3624800;74910296.000
09/01/2000;9.34;9.47;9.15;9.33;1880800;39435312.000
09/04/2000;9.33;9.44;9.24;9.44;1231200;25883588.000
09/05/2000;9.42;9.50;9.26;9.43;1287000;27099184.000
09/06/2000;9.46;9.48;9.25;9.25;810600;16978124.000
09/07/2000;9.29;9.42;9.25;9.42;696500;14650199.000
09/08/2000;9.50;9.50;9.24;9.45;1390400;29322478.000
09/11/2000;9.33;9.48;9.25;9.45;757300;15924464.000
09/12/2000;9.33;9.42;9.26;9.30;624600;13106178.000
09/13/2000;9.26;9.42;9.26;9.39;1426800;29960782.000
09/14/2000;9.33;9.45;9.17;9.22;516000;10830257.000
09/15/2000;9.22;9.26;9.06;9.20;990500;20354904.000
09/18/2000;9.11;9.13;8.95;9.05;409700;8361979.500
09/19/2000;8.97;9.06;8.78;8.88;683300;13607614.000
09/20/2000;8.82;9.04;8.82;9.01;1824200;36678896.000
09/21/2000;9.02;9.08;8.88;8.99;1217500;24667516.000
09/22/2000;8.93;9.02;8.88;8.94;273200;5500468.000
09/25/2000;8.89;8.93;8.79;8.91;164300;3286843.250
09/26/2000;8.84;8.95;8.83;8.92;141300;2828925.000
09/28/2000;8.93;9.46;8.88;9.38;1985400;41420304.000
09/29/2000;9.35;9.45;9.22;9.35;1434100;30153570.000
10/09/2000;9.34;9.49;9.34;9.48;1329600;28193044.000
10/10/2000;9.44;9.63;9.44;9.62;2024000;43488032.000
10/11/2000;9.59;9.66;9.42;9.58;1657000;35518940.000
10/12/2000;9.54;9.58;8.86;9.27;1853100;38108068.000
10/13/2000;9.14;9.31;9.02;9.23;1180500;24271338.000
10/16/2000;9.17;9.25;9.02;9.18;694600;14298195.000
10/17/2000;9.14;9.31;9.04;9.23;919600;18976334.000
10/18/2000;9.17;9.26;9.04;9.20;748400;15401913.000
10/19/2000;9.14;9.24;9.02;9.18;665500;13665337.000
10/20/2000;9.13;9.22;9.02;9.13;729100;14998386.000
10/23/2000;9.11;9.26;9.02;9.22;1050800;21629334.000
10/24/2000;9.19;9.25;9.02;9.23;1147400;23532206.000
10/25/2000;9.11;9.23;9.05;9.21;572900;11809553.000
10/26/2000;9.11;9.19;9.04;9.18;290800;5958045.500
10/27/2000;9.10;9.17;9.04;9.15;256000;5257491.500
10/30/2000;9.04;9.26;9.04;9.21;1197300;24792908.000
10/31/2000;9.19;9.46;8.97;9.42;1820100;38342896.000
11/01/2000;9.36;9.75;9.36;9.71;3397600;73539200.000
11/02/2000;9.69;9.75;9.50;9.58;2278300;49343996.000
11/03/2000;9.54;9.54;9.13;9.52;3356800;70765624.000
11/06/2000;9.49;9.78;9.49;9.72;3941100;85831128.000
11/07/2000;9.72;9.89;9.60;9.77;3701200;81074568.000
11/08/2000;9.75;9.83;9.55;9.60;2445600;53083176.000
11/09/2000;9.56;9.69;9.46;9.63;2656300;57143484.000
11/10/2000;9.58;9.69;9.42;9.64;2677100;57413964.000
11/13/2000;9.59;9.64;9.41;9.52;1667500;35686812.000
11/14/2000;9.47;9.66;9.42;9.46;1507600;32277924.000
11/15/2000;9.48;9.50;9.33;9.38;1277000;27029382.000
11/16/2000;9.38;9.53;9.26;9.44;3055400;64549900.000
11/17/2000;9.44;9.76;9.44;9.75;4310500;93523832.000
11/20/2000;9.79;10.21;9.79;10.20;6407400;144828736.000
11/21/2000;10.20;10.51;10.00;10.08;5400100;125026840.000
11/22/2000;10.05;10.21;9.86;9.93;3536100;79410912.000
11/23/2000;10.00;10.07;9.77;10.06;4237300;94526144.000
11/24/2000;10.27;10.27;9.88;9.97;3827500;86487232.000
11/27/2000;9.97;10.21;9.97;10.11;4767700;108518224.000
11/28/2000;10.08;10.21;9.88;10.12;3300100;74532272.000
11/29/2000;10.12;10.20;9.89;10.08;2753000;62119952.000
11/30/2000;10.06;10.13;9.83;9.91;1775300;39812112.000
12/01/2000;9.91;10.00;9.78;9.99;2569600;57083020.000
12/04/2000;9.94;10.03;9.78;9.83;2200100;48940860.000
12/05/2000;9.80;10.22;9.74;10.01;5026600;112300888.000
12/06/2000;10.03;10.21;9.94;10.05;3528600;79968624.000
12/07/2000;10.02;10.13;9.83;10.02;2473000;55450496.000
12/08/2000;10.03;10.07;9.75;9.98;3006200;66939648.000
12/11/2000;9.97;10.02;9.73;9.92;1787400;39759364.000
12/12/2000;9.88;9.94;9.76;9.88;1867100;41356104.000
12/13/2000;9.88;10.00;9.78;9.93;1816700;40458108.000
12/14/2000;9.89;9.96;9.69;9.79;1955000;43231756.000
12/15/2000;9.79;9.88;9.54;9.63;1394200;30294208.000
12/18/2000;9.58;9.60;9.29;9.46;1043300;22081468.000
12/19/2000;9.43;9.60;9.33;9.51;2267100;48238556.000
12/20/2000;9.48;9.59;9.32;9.35;2285600;48503816.000
12/21/2000;9.35;10.22;9.35;9.93;5025600;110170696.000
12/22/2000;9.87;9.87;9.44;9.50;4067900;88542240.000
12/25/2000;9.46;9.55;9.31;9.35;1355500;28597028.000
12/26/2000;9.35;9.45;9.24;9.27;736500;15507912.000
12/27/2000;9.27;9.31;8.88;9.02;763300;15653852.000
12/29/2000;8.96;9.24;8.96;9.22;469200;9588662.000
01/02/2001;9.17;9.18;8.93;8.97;593800;12083428.000
01/03/2001;8.98;9.24;8.98;9.21;921000;18860104.000
01/04/2001;9.20;9.21;9.01;9.03;402900;8229056.500
01/05/2001;9.04;9.08;8.88;9.01;831600;16708424.000
01/08/2001;9.11;9.11;8.88;9.00;609000;12200737.000
01/09/2001;9.00;9.06;8.88;8.96;238100;4780693.500
01/10/2001;9.01;9.01;8.89;8.97;208400;4191960.250
01/11/2001;8.93;9.20;8.89;8.92;255000;5158908.500
01/12/2001;8.92;9.05;8.88;8.95;310700;6231908.500
01/15/2001;8.95;9.00;8.84;8.96;937700;18760730.000
01/16/2001;8.89;8.98;8.88;8.92;400600;8050830.500
01/17/2001;8.92;9.10;8.91;9.03;353800;7181956.500
01/18/2001;9.15;9.15;8.89;9.14;326600;6629764.000
01/19/2001;8.94;9.16;8.93;8.96;188800;3850885.750
02/05/2001;8.96;9.06;8.88;8.89;294000;5917972.500
02/06/2001;8.88;8.96;8.79;8.88;432200;8640332.000
02/07/2001;8.89;9.04;8.79;8.88;312800;6271626.000
02/08/2001;8.88;8.91;8.10;8.11;616700;12045449.000
02/09/2001;8.08;8.42;7.99;8.25;1488400;27185784.000
02/12/2001;8.23;8.42;8.12;8.29;678600;12667737.000
02/13/2001;8.26;8.37;8.17;8.25;460600;8555367.000
02/14/2001;8.22;8.25;8.07;8.19;417500;7671492.500
02/15/2001;8.17;8.18;7.98;8.04;220300;3991129.500
02/16/2001;8.01;8.09;7.77;7.87;551100;9792967.000
02/19/2001;7.87;7.90;7.71;7.76;369100;6493596.000
02/20/2001;7.72;7.81;7.68;7.74;435900;7608533.000
02/21/2001;7.68;7.74;7.41;7.56;658700;11243090.000
02/22/2001;7.54;7.63;7.49;7.58;452800;7713705.000
02/23/2001;7.54;7.77;7.54;7.71;295300;5067535.500
02/26/2001;7.66;7.79;7.59;7.76;244600;4231018.500
02/27/2001;7.71;7.79;7.59;7.76;295400;5131782.000
02/28/2001;7.70;7.72;7.62;7.71;150700;2614441.250
03/01/2001;7.70;7.77;7.68;7.73;178000;3095616.500
03/02/2001;7.70;7.81;7.70;7.78;257200;4498663.500
03/05/2001;7.71;8.08;7.71;8.00;560100;9971252.000
03/06/2001;8.00;8.07;7.88;8.01;291100;5236818.500
03/07/2001;8.00;8.15;8.00;8.08;676100;12285568.000
03/08/2001;8.10;8.20;7.99;8.02;1084600;19663720.000
03/09/2001;8.03;8.08;7.86;7.91;483800;8682162.000
03/12/2001;7.91;7.92;7.72;7.88;273400;4794543.500
03/13/2001;7.75;7.85;7.72;7.79;336300;5888146.000
03/14/2001;7.77;7.77;7.66;7.67;464000;8041584.000
03/15/2001;7.71;7.78;7.68;7.75;377200;6565766.000
03/16/2001;7.75;7.79;7.73;7.75;203000;3549984.750
03/19/2001;7.74;7.77;7.68;7.75;443600;7722093.500
03/20/2001;7.73;7.99;7.73;7.96;652100;11489967.000
03/21/2001;7.96;8.11;7.92;8.10;744200;13461253.000
03/22/2001;8.12;8.37;8.12;8.35;1949000;36137300.000
03/23/2001;8.33;8.42;8.10;8.13;1535000;28579570.000
03/26/2001;8.09;8.26;7.99;8.06;1793800;32778152.000
03/27/2001;8.04;8.23;8.04;8.12;1827800;33450122.000
03/28/2001;8.09;8.16;7.89;7.97;1994000;35951988.000
03/29/2001;7.95;8.00;7.80;7.84;2202100;39121932.000
03/30/2001;7.77;7.95;7.68;7.94;1651700;29017584.000
04/02/2001;7.54;8.20;7.54;8.14;2650700;47527384.000
04/03/2001;8.04;8.19;7.91;8.04;2326500;42342520.000
04/04/2001;8.02;8.15;7.81;7.89;1560700;28042298.000
04/05/2001;7.88;8.00;7.76;7.92;1450900;25793254.000
04/06/2001;7.85;8.03;7.81;7.89;1238800;22006414.000
04/09/2001;7.84;7.95;7.67;7.84;1928100;33714452.000
04/10/2001;7.80;7.87;7.63;7.75;6512300;112822392.000
04/11/2001;7.73;7.73;7.42;7.48;2183000;37025884.000
04/12/2001;7.48;7.64;7.48;7.58;1119300;19121420.000
04/13/2001;7.58;7.65;7.58;7.61;850200;14575549.000
04/16/2001;7.61;7.71;7.58;7.65;1193300;20546676.000
04/17/2001;7.63;7.69;7.50;7.58;1123400;19157104.000
04/18/2001;7.58;7.61;7.49;7.51;758100;12873186.000
04/19/2001;7.56;7.85;7.50;7.82;2621600;45658200.000
04/20/2001;7.83;8.09;7.82;7.84;3134800;56239428.000
04/23/2001;7.85;8.03;7.85;8.01;2188400;39188268.000
04/24/2001;8.00;8.06;7.91;7.99;1561000;28053346.000
04/25/2001;7.97;8.24;7.97;8.14;4760000;87211080.000
04/26/2001;8.35;8.35;8.14;8.22;3072500;56933976.000
04/27/2001;8.21;8.33;8.12;8.21;2330800;43154884.000
04/30/2001;8.19;8.29;8.12;8.16;1256600;23165134.000
05/08/2001;8.16;8.26;8.14;8.19;1263200;23301800.000
05/09/2001;8.19;8.35;8.17;8.34;2320300;43336168.000
05/10/2001;8.35;8.63;8.35;8.59;3774400;72360992.000
05/11/2001;8.59;8.69;8.43;8.54;2038900;39175004.000
05/14/2001;8.54;8.62;8.35;8.39;2142300;40648660.000
05/15/2001;8.38;8.60;8.38;8.54;2309400;44193604.000
05/16/2001;8.55;8.62;8.37;8.50;1466800;28074334.000
05/17/2001;8.49;8.64;8.48;8.61;2398700;46277288.000
05/18/2001;8.62;8.81;8.62;8.79;3629300;71383640.000
05/21/2001;8.79;8.88;8.71;8.79;1930400;38282664.000
05/22/2001;8.79;8.86;8.73;8.83;2174000;43107880.000
05/23/2001;8.83;8.93;8.66;8.79;1645500;32562728.000
05/24/2001;8.76;8.91;8.76;8.81;2071300;41188936.000
05/25/2001;8.81;8.88;8.30;8.34;3900400;75519224.000
05/28/2001;8.35;8.47;7.90;8.04;2559400;46911196.000
05/30/2001;7.77;8.35;7.77;8.34;2723900;50603048.000
05/31/2001;8.33;8.41;8.16;8.22;1980500;36715592.000
06/01/2001;8.21;8.28;8.00;8.03;1425700;26118884.000
06/04/2001;8.03;8.19;8.03;8.13;968700;17686840.000
06/05/2001;8.06;8.17;8.04;8.12;733500;13389469.000
06/06/2001;8.06;8.14;7.98;8.00;1065000;19276610.000
06/07/2001;8.00;8.08;7.94;8.05;792000;14280196.000
06/08/2001;8.00;8.09;7.93;8.07;722500;13046926.000
06/11/2001;8.03;8.10;7.89;8.03;832900;14973383.000
06/12/2001;8.00;8.30;7.97;8.30;1981400;36301864.000
06/13/2001;8.30;8.53;8.21;8.40;3126100;58692216.000
06/14/2001;8.39;8.45;8.21;8.30;1442300;26875288.000
06/15/2001;8.26;8.29;8.08;8.21;691600;12755215.000
06/18/2001;8.14;8.19;7.95;8.02;760200;13816300.000
06/19/2001;8.03;8.18;7.99;8.16;714900;13041374.000
06/20/2001;8.10;8.19;8.04;8.11;479100;8741219.000
06/21/2001;8.05;8.11;8.03;8.08;433300;7878463.500
06/22/2001;8.04;8.33;8.03;8.29;1934300;35519624.000
06/25/2001;8.25;8.33;8.15;8.25;1175700;21708806.000
06/26/2001;8.21;8.29;8.12;8.21;1169500;21570448.000
06/27/2001;8.19;8.25;8.04;8.15;1166900;21284560.000
06/28/2001;8.12;8.20;7.97;8.03;1213700;22007224.000
06/29/2001;8.01;8.09;7.98;8.04;410200;7424116.000
07/02/2001;8.02;8.10;7.99;8.01;391500;7085315.500
07/03/2001;8.01;8.57;7.99;8.07;1338800;24340750.000
07/04/2001;8.06;8.12;7.98;7.99;826600;14946005.000
07/05/2001;8.00;8.12;7.97;8.00;435700;7861678.500
07/06/2001;8.00;8.08;7.96;8.00;478200;8622228.000
07/09/2001;7.96;8.07;7.77;7.88;452000;8106850.000
07/10/2001;7.88;7.98;7.77;7.80;620000;10917297.000
07/11/2001;7.67;7.67;7.28;7.30;1510900;25148250.000
07/12/2001;7.21;7.34;7.10;7.25;832200;13546796.000
07/13/2001;7.30;7.37;7.23;7.26;370100;6084405.500
07/16/2001;7.28;7.46;7.28;7.30;380200;6269650.000
07/17/2001;7.28;7.32;7.21;7.28;666700;10913636.000
07/18/2001;7.28;7.36;7.28;7.32;221300;3648598.000
07/19/2001;7.31;7.37;7.29;7.33;224500;3702445.000
07/20/2001;7.30;7.37;7.29;7.31;735000;12128078.000
07/23/2001;7.30;7.33;7.15;7.21;752700;12322755.000
07/24/2001;7.23;7.62;7.23;7.43;1419800;23831134.000
07/25/2001;7.41;7.43;7.30;7.31;904300;14958156.000
07/26/2001;7.31;7.32;7.19;7.21;585500;9556282.000
07/27/2001;7.22;7.31;7.13;7.14;525800;8554336.000
07/30/2001;7.13;7.18;6.47;6.49;536000;5844239.000
07/31/2001;6.47;7.01;6.26;6.64;1419800;15161591.000
08/01/2001;6.66;6.89;6.66;6.78;630500;6832441.000
08/02/2001;6.78;6.89;6.62;6.79;438100;4721675.000
08/03/2001;6.75;6.86;6.73;6.76;275000;2978938.750
08/06/2001;6.73;6.92;6.60;6.66;1226900;13293074.000
08/07/2001;6.62;6.79;6.52;6.70;688700;7382548.500
08/08/2001;6.67;6.72;6.53;6.58;453500;4812931.000
08/09/2001;6.57;6.81;6.57;6.67;1112900;11962211.000
08/10/2001;6.66;6.78;6.59;6.66;840200;8972626.000
08/14/2001;6.61;6.74;6.53;6.61;1041700;11036905.000
08/15/2001;6.61;6.73;6.50;6.62;379900;4017371.000
08/16/2001;6.61;6.67;6.49;6.54;277500;2913371.500
08/17/2001;6.54;6.64;6.50;6.59;416500;4368308.500
08/20/2001;6.59;6.66;6.52;6.58;146100;1535707.000
08/21/2001;6.58;6.77;6.50;6.73;2471600;26263926.000
08/22/2001;6.57;6.73;6.50;6.56;502600;5297174.000
08/23/2001;6.50;6.60;6.39;6.46;572900;5954244.500
08/24/2001;6.46;6.56;6.39;6.49;788300;8156340.000
08/27/2001;6.49;6.50;6.25;6.30;508500;5163310.500
08/28/2001;6.29;6.39;6.19;6.32;897200;9026891.000
08/29/2001;6.61;6.73;6.50;6.62;2030900;21464468.000
08/30/2001;6.62;6.69;6.42;6.58;1914900;20118394.000
08/31/2001;6.50;6.62;6.39;6.56;661500;6865870.500
09/03/2001;6.51;6.59;6.38;6.51;407700;4226984.000
09/04/2001;6.39;6.61;6.38;6.59;2022800;21032028.000
09/05/2001;6.56;6.64;6.48;6.61;1697500;17825608.000
09/06/2001;6.59;6.64;6.49;6.58;1574400;16514105.000
09/07/2001;6.57;6.61;6.32;6.44;1312000;13654139.000
09/10/2001;6.40;6.59;6.31;6.57;1736900;17986754.000
09/11/2001;6.56;6.61;6.47;6.56;675300;7059977.000
09/12/2001;6.42;6.47;6.25;6.42;723700;7383005.000
09/13/2001;6.42;6.56;6.34;6.54;998069;10330358.000
09/14/2001;6.44;6.55;6.36;6.51;2185359;22561724.000
09/17/2001;6.47;6.48;6.34;6.37;3216239;32939710.000
09/18/2001;6.31;6.53;6.27;6.44;5346832;54742428.000
09/19/2001;6.38;6.53;6.37;6.52;5398789;55455632.000
09/20/2001;6.56;6.59;6.52;6.55;1365600;14320663.000
09/21/2001;6.56;6.58;6.45;6.52;1412800;14724293.000
09/24/2001;6.43;6.55;6.41;6.43;129500;1340313.750
09/25/2001;6.44;6.52;6.34;6.36;137900;1411862.125
09/26/2001;6.33;6.57;6.25;6.25;322318;3255256.500
09/27/2001;6.25;6.29;5.63;6.17;928813;8832497.000
09/28/2001;6.13;6.13;5.88;6.08;1066660;10264274.000
10/08/2001;6.06;6.25;5.85;5.96;380647;3654065.000
10/09/2001;5.96;6.09;5.88;6.02;245430;2352611.500
10/10/2001;6.02;6.02;5.63;5.74;499020;4574265.500
10/11/2001;5.71;5.78;5.42;5.46;347940;3091088.250
10/12/2001;5.42;5.63;5.22;5.54;830570;7231257.500
10/15/2001;5.43;5.60;5.37;5.49;378400;3309791.500
10/16/2001;5.49;5.57;5.31;5.46;237300;2066034.750
10/17/2001;5.45;5.45;5.28;5.41;288380;2462828.500
10/18/2001;5.41;5.42;5.22;5.27;303260;2568166.750
10/19/2001;5.27;5.40;5.06;5.14;270803;2229223.500
10/22/2001;5.09;5.14;4.74;4.88;854524;6702241.500
10/23/2001;5.19;5.37;5.13;5.37;1576195;13355455.000
10/24/2001;5.47;5.63;5.26;5.54;2322522;20424992.000
10/25/2001;5.48;5.48;5.31;5.32;770914;6637691.500
10/26/2001;5.32;5.36;4.94;5.06;1364648;11009469.000
10/29/2001;5.19;5.19;4.86;5.13;3195983;25630998.000
10/30/2001;5.12;5.12;4.76;4.95;2336810;18403018.000
10/31/2001;4.92;4.94;4.82;4.94;588160;4598562.500
11/01/2001;4.96;5.03;4.92;5.01;561155;4476899.000
11/02/2001;5.00;5.03;4.91;4.97;471260;3737194.750
11/05/2001;4.94;5.03;4.81;4.96;401802;3135156.000
11/06/2001;5.00;5.00;4.90;4.92;184700;1461246.750
11/07/2001;4.89;4.94;4.63;4.64;494037;3756290.000
11/08/2001;4.64;4.73;4.55;4.71;597940;4445403.500
11/09/2001;4.71;4.88;4.64;4.84;444128;3380743.750
11/12/2001;4.91;4.91;4.75;4.83;147960;1140009.375
11/13/2001;4.76;4.81;4.71;4.80;151400;1154693.625
11/14/2001;4.78;4.82;4.76;4.76;165200;1266490.750
11/15/2001;4.84;4.84;4.74;4.76;78700;601120.188
11/16/2001;5.19;5.19;4.84;4.92;957600;7529883.000
11/19/2001;4.90;4.91;4.72;4.79;551400;4205704.500
11/20/2001;4.76;5.03;4.76;4.94;1077700;8485497.000
11/21/2001;5.00;5.13;4.94;5.13;1253400;10144380.000
11/22/2001;5.17;5.22;5.06;5.19;1356700;11198778.000
11/23/2001;5.19;5.19;5.06;5.12;728900;5977371.000
11/26/2001;5.10;5.10;5.04;5.07;448700;3637912.250
11/27/2001;5.09;5.16;5.07;5.16;441600;3619057.000
11/28/2001;5.17;5.39;5.13;5.38;1498000;12676202.000
11/29/2001;5.39;5.68;5.39;5.57;4612700;41173120.000
11/30/2001;5.54;5.63;5.52;5.61;1047900;9358508.000
12/03/2001;5.63;5.72;5.56;5.60;1273500;11489784.000
12/04/2001;5.60;5.64;5.54;5.63;1005600;8981625.000
12/05/2001;5.63;5.65;5.44;5.46;1256300;11110696.000
12/06/2001;5.44;5.49;5.31;5.46;1112200;9623004.000
12/07/2001;5.46;5.66;5.41;5.63;2680700;23708624.000
12/10/2001;5.63;5.63;5.48;5.58;666900;5902529.000
12/11/2001;5.57;5.57;5.44;5.44;554100;4869523.000
12/12/2001;5.38;5.50;5.34;5.36;470600;4073976.500
12/13/2001;5.34;5.40;5.16;5.19;881500;7433562.000
12/14/2001;5.17;5.25;5.14;5.16;876500;7278564.500
12/17/2001;5.15;5.19;4.99;4.99;976900;7876464.500
12/18/2001;4.99;5.03;4.86;4.98;2096893;16499516.000
12/19/2001;4.98;5.01;4.84;4.89;3724923;29139528.000
12/20/2001;4.86;4.88;4.72;4.72;1234119;9398689.000
12/21/2001;4.69;4.86;4.68;4.82;559569;4283961.500
12/24/2001;4.84;4.85;4.69;4.72;504800;3846718.000
12/25/2001;4.73;4.78;4.63;4.66;1082640;8122357.500
12/26/2001;4.66;4.79;4.57;4.79;1769857;13137070.000
12/27/2001;4.79;4.81;4.70;4.71;707772;5384580.000
12/28/2001;4.69;4.71;4.59;4.64;684376;5076608.000
12/31/2001;4.63;4.68;4.57;4.59;685130;5059220.500
01/04/2002;4.59;4.66;4.57;4.63;450622;3321418.500
01/07/2002;4.59;4.59;4.50;4.52;459841;3330228.500
01/08/2002;4.52;4.56;4.41;4.43;568600;4066016.000
01/09/2002;4.41;4.42;4.26;4.27;727291;5035685.500
01/10/2002;4.24;4.39;4.13;4.33;782320;5262436.000
01/11/2002;4.33;4.33;4.17;4.18;499041;3373998.250
01/14/2002;4.16;4.16;3.92;3.94;594427;3806010.750
01/15/2002;3.88;4.00;3.85;3.87;567542;3554621.250
01/16/2002;3.93;4.03;3.86;4.01;782516;4957603.000
01/17/2002;4.03;4.03;3.67;3.69;884485;5416705.000
01/18/2002;3.66;3.86;3.59;3.77;1084595;6478318.500
01/21/2002;3.73;3.73;3.54;3.56;716631;4175145.000
01/22/2002;3.54;3.79;3.52;3.62;819663;4793431.000
01/23/2002;3.62;3.95;3.58;3.94;1292951;7833196.000
01/24/2002;3.89;4.16;3.81;4.00;2252369;14392036.000
01/25/2002;3.96;4.05;3.92;3.96;1037019;6610503.500
01/29/2002;3.57;3.89;3.56;3.85;2175134;13135918.000
01/30/2002;3.85;3.91;3.75;3.82;1294180;7907832.500
01/31/2002;3.86;4.20;3.86;4.20;3407349;22191088.000
02/01/2002;4.20;4.26;4.07;4.13;1769166;11784837.000
02/04/2002;4.13;4.34;4.09;4.30;1535526;10440346.000
02/05/2002;4.31;4.45;4.26;4.37;2000902;13963296.000
02/06/2002;4.38;4.39;4.19;4.21;1354721;9289952.000
02/07/2002;4.19;4.60;4.17;4.52;3129065;22482760.000
02/08/2002;4.52;4.56;4.38;4.39;1989243;14210550.000
02/25/2002;4.44;4.56;4.41;4.44;1416855;10110792.000
02/26/2002;4.45;4.46;4.31;4.42;1204278;8444652.000
02/27/2002;4.40;4.47;4.37;4.44;1441257;10228486.000
02/28/2002;4.44;4.51;4.38;4.39;744154;5281103.500
03/01/2002;4.35;4.38;4.25;4.25;879616;6063551.000
03/04/2002;4.22;4.38;4.19;4.36;868817;5959376.500
03/05/2002;4.38;4.52;4.38;4.50;1613128;11539763.000
03/06/2002;4.53;4.72;4.47;4.60;3884266;28679704.000
03/07/2002;4.63;4.95;4.63;4.94;3691343;28373714.000
03/08/2002;5.19;5.43;5.19;5.43;9361002;81137536.000
03/11/2002;5.59;5.75;5.49;5.64;13926720;125179136.000
03/12/2002;5.63;5.66;5.44;5.46;5391941;47707088.000
03/13/2002;5.41;5.57;5.22;5.23;4042595;34812240.000
03/14/2002;5.22;5.62;5.19;5.59;3308566;28424496.000
03/15/2002;5.61;5.63;5.29;5.29;2674157;23385836.000
03/18/2002;5.42;5.47;5.29;5.34;1579079;13544074.000
03/19/2002;5.36;5.52;5.31;5.47;2013490;17505410.000
03/20/2002;5.49;5.66;5.39;5.56;5611787;49749624.000
03/21/2002;5.56;5.58;5.37;5.49;2439808;21517768.000
03/22/2002;5.50;5.50;5.31;5.36;1772688;15258089.000
03/25/2002;5.37;5.44;5.30;5.37;1096036;9424297.000
03/26/2002;5.39;5.43;5.17;5.21;1885030;15825109.000
03/27/2002;5.17;5.36;5.16;5.33;1516205;12822362.000
03/28/2002;5.33;5.39;5.25;5.31;1239628;10572282.000
03/29/2002;5.25;5.36;5.00;5.07;1441320;11858081.000
04/01/2002;5.01;5.17;5.00;5.14;999157;8155216.000
04/03/2002;5.04;5.14;4.99;5.04;1091203;8850847.000
04/04/2002;5.04;5.34;5.04;5.31;2980571;25005780.000
04/05/2002;5.25;5.36;5.24;5.26;1496261;12716675.000
04/08/2002;5.26;5.31;5.21;5.23;800296;6724640.500
04/09/2002;5.22;5.42;5.22;5.36;1161320;9919860.000
04/10/2002;5.37;5.49;5.31;5.46;1797525;15587082.000
04/11/2002;5.47;5.49;5.28;5.29;1157840;9947570.000
04/12/2002;5.30;5.38;5.28;5.37;1174145;10030065.000
04/15/2002;5.37;5.41;5.27;5.40;706409;6007936.500
04/16/2002;5.38;5.49;5.31;5.32;754550;6493741.000
04/17/2002;5.31;5.37;5.27;5.32;449674;3826953.500
04/18/2002;5.34;5.36;5.14;5.18;782995;6555843.000
04/19/2002;5.18;5.20;5.06;5.19;797134;6517595.500
04/22/2002;5.17;5.18;5.08;5.13;464280;3808778.000
04/23/2002;5.24;5.31;5.16;5.22;716820;6009279.500
04/24/2002;5.19;5.25;5.11;5.11;295780;2434364.500
04/25/2002;5.11;5.31;5.11;5.18;294640;2448244.000
04/26/2002;5.20;5.37;5.19;5.36;899025;7603294.500
04/29/2002;5.44;5.57;5.39;5.56;3088228;27004406.000
04/30/2002;5.55;5.55;5.32;5.44;2403523;20895230.000
05/08/2002;5.43;5.44;5.32;5.33;530863;4542809.000
05/09/2002;5.30;5.39;5.24;5.31;526380;4479754.000
05/10/2002;5.31;5.39;5.24;5.26;499190;4227561.000
05/13/2002;5.22;5.26;5.18;5.20;535486;4463859.000
05/14/2002;5.20;5.30;5.16;5.18;421389;3514481.000
05/15/2002;5.17;5.25;5.15;5.17;401794;3330755.500
05/16/2002;5.17;5.17;4.89;4.92;1338960;10706525.000
05/17/2002;4.90;5.09;4.86;5.08;940300;7471281.500
05/20/2002;5.06;5.06;4.91;4.95;491547;3883806.500
05/21/2002;5.06;5.40;5.01;5.29;2263888;19047394.000
05/22/2002;5.25;5.31;5.11;5.14;1082170;9020067.000
05/23/2002;5.19;5.28;5.11;5.13;605694;5039544.500
05/24/2002;5.14;5.16;5.00;5.04;730070;5894090.500
05/27/2002;5.04;5.10;5.01;5.07;341273;2752996.750
05/28/2002;5.06;5.17;5.06;5.07;353166;2882886.750
05/29/2002;5.06;5.06;4.88;4.91;680961;5371486.000
05/30/2002;4.88;4.97;4.75;4.93;814687;6321020.500
05/31/2002;4.99;5.09;4.99;5.00;1226637;9875965.000
06/03/2002;4.94;4.94;4.78;4.80;703355;5422972.000
06/04/2002;4.80;4.86;4.63;4.74;598631;4524556.500
06/05/2002;4.63;4.69;4.52;4.52;710703;5205390.000
06/06/2002;4.54;4.86;4.47;4.81;1509836;11274722.000
06/07/2002;4.91;5.06;4.76;4.99;2469409;19588574.000
06/10/2002;4.96;4.96;4.80;4.86;656009;5105399.000
06/11/2002;4.82;4.92;4.78;4.91;433447;3391184.500
06/12/2002;4.94;4.94;4.80;4.85;334560;2588244.000
06/13/2002;4.85;4.88;4.77;4.78;301740;2324183.000
06/14/2002;4.70;4.75;4.64;4.64;403188;3027998.250
06/17/2002;4.56;4.68;4.55;4.66;322390;2384189.500
06/18/2002;4.72;4.88;4.68;4.84;534435;4122703.500
06/19/2002;4.84;4.84;4.72;4.72;250645;1910213.125
06/20/2002;4.72;4.86;4.72;4.77;263801;2024653.750
06/21/2002;4.78;5.01;4.78;4.97;1485539;11779282.000
06/24/2002;5.47;5.47;5.25;5.47;4974324;43051900.000
06/25/2002;5.50;5.78;5.37;5.48;5859798;52692452.000
06/26/2002;5.50;5.74;5.39;5.62;3833338;34311500.000
06/27/2002;5.63;5.64;5.49;5.52;1611212;14306174.000
06/28/2002;5.53;5.64;5.41;5.46;2023315;17799544.000
07/01/2002;5.53;5.57;5.38;5.39;941141;8231857.000
07/02/2002;5.37;5.47;5.34;5.46;759493;6559164.500
07/03/2002;5.46;5.52;5.45;5.49;765562;6715669.000
07/04/2002;5.52;5.52;5.31;5.35;1369844;11821222.000
07/05/2002;5.34;5.37;5.27;5.36;348094;2963016.750
07/08/2002;5.38;5.44;5.36;5.42;503220;4350544.000
07/09/2002;5.44;5.44;5.36;5.39;470441;4057496.250
07/10/2002;5.39;5.39;5.29;5.30;644571;5474888.000
07/11/2002;5.27;5.37;5.27;5.29;405860;3449521.000
07/12/2002;5.31;5.33;5.19;5.21;570060;4781745.500
07/15/2002;5.19;5.21;5.14;5.15;463059;3828285.500
07/16/2002;5.16;5.24;5.14;5.16;332482;2757000.750
07/17/2002;5.21;5.21;5.10;5.19;385453;3166687.500
07/18/2002;5.19;5.31;5.16;5.30;943660;7908438.500
07/19/2002;5.32;5.46;5.32;5.43;2638311;22843394.000
07/22/2002;5.41;5.43;5.26;5.27;852612;7274718.000
07/23/2002;5.24;5.27;5.16;5.18;929182;7734799.000
07/24/2002;5.19;5.22;5.16;5.20;545570;4521703.000
07/25/2002;5.27;5.27;5.13;5.14;841877;6969052.000
07/26/2002;5.14;5.21;5.03;5.05;996200;8141255.500
07/29/2002;5.04;5.08;5.00;5.07;621003;4999795.500
07/30/2002;5.07;5.13;5.03;5.08;393086;3194108.250
07/31/2002;5.09;5.11;4.99;5.02;622087;5010131.500
08/01/2002;5.02;5.09;4.97;5.09;1016906;8195817.500
08/02/2002;5.09;5.09;4.99;5.04;981381;7910572.000
08/05/2002;5.02;5.03;4.94;4.95;605442;4818122.000
08/06/2002;4.95;5.09;4.95;5.07;1077296;8713300.000
08/07/2002;5.07;5.08;5.01;5.04;306100;2469771.500
08/08/2002;5.06;5.07;4.99;5.00;535870;4306924.500
08/09/2002;4.97;5.00;4.94;4.95;477105;3790039.750
08/12/2002;4.89;4.96;4.89;4.92;486870;3825759.750
08/13/2002;4.92;4.95;4.89;4.91;237418;1868755.875
08/14/2002;4.90;4.96;4.88;4.95;243880;1916251.625
08/15/2002;4.94;4.96;4.89;4.90;179900;1414618.125
08/16/2002;4.88;5.00;4.85;4.96;512530;4037818.500
08/19/2002;4.92;4.99;4.92;4.93;175390;1389335.750
08/20/2002;4.94;5.06;4.92;5.04;606035;4866920.000
08/21/2002;5.04;5.06;5.00;5.03;417893;3362435.000
08/22/2002;5.06;5.25;5.06;5.15;1885263;15616679.000
08/23/2002;5.14;5.17;5.06;5.10;815133;6655532.500
08/26/2002;5.10;5.10;5.02;5.04;626341;5059631.000
08/28/2002;5.09;5.29;5.09;5.16;2309160;19262076.000
08/29/2002;5.16;5.18;5.07;5.09;770008;6301947.500
08/30/2002;5.08;5.13;5.07;5.09;412122;3359168.500
09/02/2002;5.11;5.13;5.06;5.11;452029;3685998.500
09/03/2002;5.10;5.24;5.10;5.21;1071217;8904685.000
09/04/2002;5.21;5.22;5.12;5.15;925934;7665595.000
09/05/2002;5.13;5.16;5.04;5.05;693870;5634678.500
09/06/2002;5.05;5.09;5.03;5.04;453120;3664497.750
09/09/2002;5.02;5.03;4.91;4.91;792274;6261910.500
09/10/2002;4.94;4.99;4.91;4.94;229237;1812589.750
09/11/2002;4.92;4.97;4.88;4.97;337698;2661258.000
09/12/2002;4.94;5.01;4.92;4.98;186291;1483825.625
09/13/2002;4.94;5.00;4.92;4.99;156950;1248821.625
09/16/2002;4.99;4.99;4.86;4.87;665250;5216214.500
09/17/2002;4.87;4.94;4.81;4.89;531440;4120277.250
09/18/2002;4.86;4.92;4.81;4.91;431510;3371107.250
09/19/2002;4.96;5.06;4.84;5.04;1973425;15652642.000
09/20/2002;5.02;5.02;4.91;4.91;463240;3683084.500
09/24/2002;4.91;4.99;4.91;4.93;381024;3019529.250
09/25/2002;4.91;4.97;4.88;4.93;360779;2851147.250
09/26/2002;4.94;4.97;4.91;4.92;387100;3056367.000
09/27/2002;4.91;4.96;4.81;4.81;706590;5484766.000
10/08/2002;4.80;4.80;4.72;4.75;357351;2712478.000
10/09/2002;4.76;4.76;4.63;4.66;453110;3398911.750
10/10/2002;4.66;4.74;4.63;4.64;198490;1483860.625
10/11/2002;4.65;4.71;4.64;4.65;131780;985496.813
10/14/2002;4.68;4.70;4.60;4.69;245561;1827834.250
10/15/2002;4.69;4.74;4.68;4.72;299779;2260295.000
10/16/2002;4.72;4.83;4.69;4.78;491271;3766842.500
10/17/2002;4.78;4.78;4.66;4.73;345900;2600855.750
10/18/2002;4.69;4.75;4.66;4.72;330492;2485917.500
10/21/2002;4.68;4.72;4.63;4.71;208599;1559215.375
10/22/2002;4.69;4.86;4.68;4.83;1493622;11362233.000
10/23/2002;4.86;4.86;4.75;4.79;948276;7267467.500
10/24/2002;4.80;4.80;4.74;4.74;398125;3030049.000
10/25/2002;4.74;4.75;4.64;4.66;538339;4041144.500
10/28/2002;4.64;4.69;4.56;4.57;502104;3696957.750
10/29/2002;4.57;4.66;4.52;4.64;303450;2220081.500
10/30/2002;4.63;4.63;4.52;4.56;1385015;10087861.000
10/31/2002;4.56;4.59;4.47;4.50;1775520;12822015.000
11/01/2002;4.50;4.55;4.47;4.54;404080;2912865.750
11/04/2002;4.56;4.68;4.56;4.66;1242138;9180431.000
11/05/2002;4.68;4.74;4.65;4.69;1473201;11060675.000
11/06/2002;4.72;4.72;4.63;4.67;683780;5101049.000
11/07/2002;4.64;4.85;4.62;4.81;4845033;36727756.000
11/08/2002;4.88;4.88;4.58;4.60;2254290;17094842.000
11/11/2002;4.60;4.72;4.58;4.61;694233;5132527.000
11/12/2002;4.61;4.67;4.39;4.42;1284357;9253887.000
11/13/2002;4.41;4.49;4.32;4.47;1131683;7996522.500
11/14/2002;4.49;4.49;4.30;4.31;853430;5992352.000
11/15/2002;4.31;4.46;4.29;4.34;911182;6392296.500
11/18/2002;4.35;4.49;4.34;4.39;1484734;10463733.000
11/19/2002;4.39;4.43;4.30;4.40;750456;5233157.000
11/20/2002;4.38;4.38;4.14;4.16;1299644;8756231.000
11/21/2002;4.12;4.16;3.91;3.92;1408257;9083920.000
11/22/2002;3.92;4.03;3.80;3.89;2849750;17799434.000
11/25/2002;3.84;3.97;3.80;3.90;807891;5047925.000
11/26/2002;3.92;4.01;3.80;3.80;1311906;8207022.000
11/27/2002;3.75;3.90;3.72;3.87;951886;5806363.000
11/28/2002;3.86;4.11;3.82;4.09;1917800;12263273.000
11/29/2002;4.11;4.51;4.07;4.26;8350718;57576444.000
12/02/2002;4.19;4.24;4.11;4.13;2648190;17619428.000
12/03/2002;4.09;4.22;4.08;4.19;1383300;9223053.000
12/04/2002;4.20;4.27;4.16;4.16;1280602;8620691.000
12/05/2002;4.13;4.17;4.06;4.09;1004196;6588351.000
12/06/2002;4.09;4.16;4.06;4.08;706148;4635972.500
12/09/2002;4.09;4.14;4.06;4.09;439772;2881135.250
12/10/2002;4.10;4.14;3.97;3.97;842180;5447526.500
12/11/2002;3.96;4.01;3.89;3.97;592000;3732751.250
12/12/2002;4.00;4.14;3.96;4.06;1391421;9070824.000
12/13/2002;3.99;4.21;3.94;4.16;1763266;11586985.000
12/16/2002;4.17;4.25;4.13;4.20;1654952;11089314.000
12/17/2002;4.22;4.27;4.14;4.21;1185637;7982543.500
12/18/2002;4.20;4.24;4.14;4.14;979834;6572014.500
12/19/2002;4.13;4.24;4.13;4.24;1219840;8207266.000
12/20/2002;4.22;4.33;4.21;4.26;1317174;9005941.000
12/23/2002;4.22;4.32;4.19;4.21;960183;6541094.500
12/24/2002;4.21;4.25;4.17;4.24;560100;3770798.750
12/25/2002;4.22;4.26;4.16;4.16;465473;3134508.250
12/26/2002;4.15;4.20;3.95;3.96;1610300;10439152.000
12/27/2002;3.94;4.03;3.90;3.96;1257720;7938874.000
12/30/2002;3.94;3.98;3.80;3.81;1711656;10636149.000
12/31/2002;3.84;3.93;3.80;3.81;1224114;7553334.500
01/02/2003;3.76;4.03;3.76;3.88;1731627;10795773.000
01/03/2003;3.86;3.92;3.83;3.91;782291;4866429.000
01/06/2003;3.91;4.12;3.88;4.08;3174787;20550108.000
01/07/2003;4.08;4.10;3.94;4.01;1741001;11219831.000
01/08/2003;4.01;4.17;3.99;4.17;1938261;12687391.000
01/09/2003;4.17;4.30;4.13;4.25;3903553;26386968.000
01/10/2003;4.25;4.29;4.13;4.14;2210207;14890067.000
01/13/2003;4.13;4.24;4.11;4.22;1194351;8012172.500
01/14/2003;4.22;4.49;4.19;4.42;4528513;31634026.000
01/15/2003;4.42;4.54;4.32;4.34;3549037;25072612.000
01/16/2003;4.38;4.47;4.35;4.46;2766537;19563668.000
01/17/2003;4.46;4.50;4.39;4.40;1890433;13383664.000
01/20/2003;4.36;4.41;4.32;4.41;1233623;8631618.000
01/21/2003;4.45;4.49;4.29;4.31;1693083;11894966.000
01/22/2003;4.31;4.36;4.27;4.31;1080802;7469399.000
01/23/2003;4.32;4.41;4.27;4.29;911687;6316560.500
01/24/2003;4.29;4.38;4.22;4.37;1329914;9153195.000
01/27/2003;4.38;4.52;4.33;4.47;2175940;15453747.000
01/29/2003;4.47;4.49;4.37;4.40;2078800;14703194.000
02/10/2003;4.40;4.46;4.37;4.40;1641500;11574572.000
02/11/2003;4.40;4.47;4.39;4.46;891871;6341896.000
02/12/2003;4.45;4.56;4.43;4.56;1968019;14192809.000
02/13/2003;4.59;4.59;4.47;4.48;1733246;12552433.000
02/14/2003;4.49;4.51;4.47;4.49;1022464;7342153.000
02/17/2003;4.49;4.51;4.39;4.43;1289713;9174720.000
02/18/2003;4.39;4.44;4.39;4.42;726022;5126078.500
02/19/2003;4.43;4.47;4.41;4.47;594325;4225954.000
02/20/2003;4.47;4.48;4.43;4.43;608972;4338824.000
02/21/2003;4.43;4.43;4.29;4.29;1395390;9693577.000
02/24/2003;4.28;4.35;4.28;4.31;699757;4828516.000
02/25/2003;4.31;4.44;4.31;4.44;908828;6382555.000
02/26/2003;4.43;4.46;4.39;4.44;513969;3632901.250
02/27/2003;4.44;4.46;4.39;4.40;469420;3319748.500
02/28/2003;4.41;4.41;4.35;4.39;586127;4107357.750
03/03/2003;4.42;4.42;4.38;4.42;508475;3574143.250
03/04/2003;4.44;4.44;4.39;4.43;616511;4359361.500
03/05/2003;4.43;4.43;4.32;4.35;635655;4423774.000
03/06/2003;4.36;4.38;4.25;4.26;646444;4440201.000
03/07/2003;4.26;4.29;4.23;4.25;600792;4088147.000
03/10/2003;4.25;4.28;4.13;4.13;697432;4660719.000
03/11/2003;4.13;4.22;4.13;4.18;541851;3614059.750
03/12/2003;4.18;4.24;4.13;4.22;377500;2522021.000
03/13/2003;4.22;4.22;4.17;4.17;463530;3105229.000
03/14/2003;4.16;4.19;4.13;4.15;369480;2458372.250
03/17/2003;4.15;4.16;4.06;4.10;583940;3830261.000
03/18/2003;4.10;4.18;4.07;4.09;448600;2961326.250
03/19/2003;4.08;4.14;4.04;4.09;383550;2503030.500
03/20/2003;4.06;4.19;4.06;4.11;631621;4179824.750
03/21/2003;4.16;4.24;4.14;4.24;1059808;7120373.000
03/24/2003;4.25;4.28;4.20;4.22;890070;6034218.500
03/25/2003;4.24;4.27;4.14;4.15;623270;4163969.500
03/26/2003;4.15;4.18;4.10;4.11;501701;3316328.000
03/27/2003;4.09;4.26;4.06;4.22;928692;6176098.500
03/28/2003;4.21;4.28;4.18;4.23;878846;5957350.000
03/31/2003;4.32;4.32;4.22;4.29;1219466;8291181.500
04/01/2003;4.26;4.34;4.24;4.30;1323594;9075684.000
04/02/2003;4.30;4.31;4.26;4.29;507292;3479501.000
04/03/2003;4.29;4.36;4.28;4.31;921579;6371082.500
04/04/2003;4.31;4.36;4.28;4.34;1027990;7122723.500
04/07/2003;4.36;4.38;4.24;4.25;1063182;7341251.500
04/08/2003;4.26;4.40;4.25;4.37;1921054;13341956.000
04/09/2003;4.36;4.48;4.32;4.44;2695688;19031016.000
04/10/2003;4.44;4.49;4.38;4.46;2612095;18527278.000
04/11/2003;4.47;4.51;4.41;4.48;2417428;17251102.000
04/14/2003;4.49;4.61;4.49;4.59;3349249;24380244.000
04/15/2003;4.59;4.63;4.51;4.58;2192060;15993175.000
04/16/2003;4.57;4.63;4.41;4.43;3391025;24609516.000
04/17/2003;4.43;4.56;4.43;4.52;1989116;14296617.000
04/18/2003;4.52;4.58;4.44;4.47;1164729;8339258.500
04/21/2003;4.50;4.50;4.34;4.36;1276731;8959305.000
04/23/2003;4.38;4.44;4.22;4.23;1137440;7851723.500
04/24/2003;4.23;4.28;4.13;4.16;1066385;7155017.500
04/25/2003;4.16;4.21;4.04;4.07;846730;5595542.000
04/28/2003;4.34;4.34;4.06;4.22;1068300;7082402.500
04/29/2003;4.19;4.19;3.99;4.01;1380971;9010925.000
04/30/2003;4.01;4.11;3.97;4.05;1267367;8160917.500
05/12/2003;4.08;4.08;3.96;4.06;1155776;7425326.500
05/13/2003;4.04;4.04;3.88;3.89;1115203;7000928.000
05/14/2003;3.88;3.99;3.88;3.97;728117;4592293.500
05/15/2003;3.99;4.27;3.92;4.22;2815157;18623742.000
05/16/2003;4.24;4.27;4.14;4.17;1699134;11375599.000
05/19/2003;4.19;4.30;4.19;4.24;1465217;9972524.000
05/20/2003;4.20;4.24;4.13;4.16;749948;4995354.500
05/21/2003;4.20;4.34;4.20;4.26;2583833;17748666.000
05/22/2003;4.26;4.39;4.21;4.38;2081401;14356343.000
05/23/2003;4.38;4.46;4.34;4.36;2655789;18650328.000
05/26/2003;4.36;4.46;4.32;4.40;1650436;11623897.000
05/27/2003;4.40;4.52;4.38;4.46;3111762;22261232.000
05/28/2003;4.50;4.69;4.49;4.51;6838231;50170072.000
05/29/2003;4.47;4.65;4.46;4.64;3966405;29004096.000
05/30/2003;4.64;4.66;4.53;4.58;2373033;17432272.000
06/02/2003;4.58;4.60;4.44;4.49;2451227;17567152.000
06/03/2003;4.47;4.51;4.38;4.38;1649540;11704567.000
06/04/2003;4.36;4.44;4.33;4.43;1373216;9639681.000
06/05/2003;4.43;4.44;4.32;4.34;931549;6531157.000
06/06/2003;4.37;4.46;4.31;4.43;1397351;9813298.000
06/09/2003;4.43;4.43;4.34;4.35;582028;4073546.750
06/10/2003;4.34;4.41;4.34;4.35;424250;2965837.500
06/11/2003;4.37;4.45;4.36;4.44;1010535;7147791.500
06/12/2003;4.44;4.50;4.41;4.45;698400;4981287.000
06/13/2003;4.44;4.46;4.41;4.45;740099;5243569.500
06/16/2003;4.45;4.49;4.38;4.39;491110;3468320.250
06/17/2003;4.39;4.42;4.33;4.34;399032;2785495.250
06/18/2003;4.36;4.38;4.32;4.34;305993;2128183.750
06/19/2003;4.34;4.37;4.22;4.22;874285;5964244.500
06/20/2003;4.23;4.27;4.22;4.24;567080;3849920.750
06/23/2003;4.22;4.23;4.13;4.15;663747;4439531.500
06/24/2003;4.16;4.21;4.14;4.20;518082;3464353.500
06/25/2003;4.22;4.28;4.16;4.19;457460;3096787.250
06/26/2003;4.19;4.28;4.11;4.26;722426;4847136.000
06/27/2003;4.25;4.25;4.12;4.13;415545;2767205.500
06/30/2003;4.09;4.22;4.04;4.20;574420;3802271.250
07/01/2003;4.16;4.22;4.14;4.14;372290;2490301.250
07/02/2003;4.15;4.21;4.09;4.19;309312;2060650.875
07/03/2003;4.22;4.22;4.16;4.22;300200;2016722.750
07/04/2003;4.25;4.25;4.15;4.19;241180;1617417.000
07/07/2003;4.17;4.19;4.11;4.16;292126;1934129.875
07/08/2003;4.16;4.23;4.16;4.19;287671;1930677.000
07/09/2003;4.21;4.21;4.14;4.17;177180;1180288.500
07/10/2003;4.16;4.27;4.16;4.25;558027;3773675.000
07/11/2003;4.25;4.27;4.19;4.21;440050;2978020.000
07/14/2003;4.19;4.23;4.17;4.19;355374;2384460.500
07/15/2003;4.19;4.21;4.13;4.14;302280;2013109.875
07/16/2003;4.14;4.19;4.09;4.12;454970;2995396.500
07/17/2003;4.12;4.19;4.10;4.17;744349;4924218.500
07/18/2003;4.18;4.24;4.07;4.07;650600;4326656.000
07/21/2003;4.06;4.06;3.98;4.04;766415;4912067.000
07/22/2003;4.07;4.18;4.02;4.09;343463;2251534.250
07/23/2003;4.09;4.14;4.03;4.13;292999;1920262.625
07/24/2003;4.16;4.16;4.03;4.10;424399;2786611.750
07/25/2003;4.10;4.17;4.04;4.11;416696;2742969.500
07/28/2003;4.06;4.11;3.99;4.03;456190;2939949.500
07/29/2003;4.05;4.06;4.01;4.03;221220;1426687.375
07/30/2003;4.04;4.05;3.95;3.99;287300;1838685.000
07/31/2003;3.99;4.06;3.97;4.00;589682;3772591.500
08/01/2003;4.03;4.12;3.99;4.10;1047295;6823801.000
08/04/2003;4.12;4.13;4.07;4.12;491043;3225641.250
08/05/2003;4.12;4.12;4.06;4.09;399197;2605974.500
08/06/2003;4.09;4.09;4.03;4.05;295639;1921023.750
08/07/2003;4.06;4.11;4.01;4.04;150260;975028.625
08/08/2003;4.06;4.06;3.99;3.99;264300;1695643.750
08/11/2003;3.99;4.06;3.95;4.06;266371;1716661.750
08/12/2003;4.07;4.09;4.03;4.05;214219;1389360.000
08/13/2003;4.03;4.06;4.01;4.02;169880;1095627.375
08/14/2003;4.03;4.16;4.01;4.03;815966;5347703.000
08/15/2003;4.15;4.15;4.02;4.06;543658;3556772.000
08/18/2003;3.89;4.13;3.89;4.07;590345;3863003.000
08/19/2003;4.08;4.14;4.07;4.10;410370;2703109.500
08/20/2003;4.11;4.13;4.07;4.08;356060;2333967.000
08/21/2003;4.08;4.10;4.00;4.03;395618;2558041.500
08/22/2003;4.01;4.04;3.98;4.01;333663;2138125.750
08/25/2003;3.96;4.01;3.92;3.95;366936;2321598.250
08/27/2003;3.97;4.00;3.94;3.97;311893;1982753.000
08/28/2003;3.97;4.11;3.97;3.99;641151;4156677.750
08/29/2003;3.97;4.05;3.97;4.01;191980;1226116.000
09/01/2003;3.97;4.09;3.97;4.07;446700;2892135.000
09/02/2003;4.03;4.23;4.03;4.09;924569;6126754.500
09/03/2003;4.08;4.14;4.06;4.13;320370;2106298.000
09/04/2003;4.09;4.20;4.09;4.11;594600;3946990.000
09/05/2003;4.06;4.12;4.00;4.05;248090;1605028.000
09/08/2003;4.03;4.06;3.97;4.03;242394;1549646.000
09/09/2003;4.03;4.03;3.97;4.01;179400;1145418.500
09/10/2003;4.03;4.03;3.97;3.99;144840;924047.625
09/11/2003;4.03;4.06;3.97;4.00;253200;1630474.375
09/12/2003;4.03;4.03;3.91;3.94;344360;2175423.500
09/15/2003;3.91;3.98;3.89;3.91;207600;1299790.000
09/16/2003;3.91;3.98;3.91;3.97;241840;1524789.750
09/17/2003;3.96;3.97;3.91;3.94;187600;1181118.500
09/18/2003;3.92;3.96;3.86;3.88;256800;1602104.000
09/19/2003;3.88;3.99;3.88;3.95;665070;4202472.000
09/22/2003;3.92;3.98;3.92;3.95;197500;1248701.625
09/23/2003;3.92;3.95;3.91;3.94;329691;2075260.500
09/24/2003;3.97;3.99;3.91;3.94;161840;1018702.000
09/25/2003;3.94;3.94;3.88;3.89;280231;1748907.875
09/26/2003;3.89;3.96;3.82;3.89;360366;2227328.750
09/29/2003;3.86;3.92;3.84;3.88;389330;2408230.500
09/30/2003;3.87;3.99;3.86;3.95;907110;5724501.500
10/08/2003;3.92;4.16;3.92;4.06;2212396;14405573.000
10/09/2003;4.05;4.06;3.97;4.01;516436;3315812.250
10/10/2003;3.99;4.09;3.99;4.07;670708;4344106.500
10/13/2003;4.05;4.09;4.00;4.01;429700;2780073.000
10/14/2003;4.04;4.04;3.94;3.94;300800;1914308.500
10/15/2003;3.92;4.01;3.92;3.97;329780;2092424.625
10/16/2003;3.95;4.04;3.91;3.94;275746;1741686.375
10/17/2003;3.92;3.97;3.91;3.93;179449;1129209.500
10/20/2003;3.92;3.96;3.87;3.90;303930;1893677.250
10/21/2003;3.90;3.94;3.84;3.92;400036;2481584.750
10/22/2003;3.90;4.00;3.89;3.97;689024;4349980.500
10/23/2003;3.97;3.99;3.89;3.96;339871;2148823.000
10/24/2003;3.94;3.96;3.87;3.91;402331;2506745.500
10/27/2003;3.91;3.99;3.84;3.89;408001;2543919.000
10/28/2003;3.88;3.91;3.82;3.86;466261;2873617.000
10/29/2003;3.86;3.92;3.79;3.84;632585;3885589.000
10/30/2003;3.84;3.86;3.76;3.81;641560;3892801.750
10/31/2003;3.78;3.86;3.78;3.81;265350;1615367.500
11/03/2003;3.78;3.84;3.78;3.82;277480;1695021.125
11/04/2003;3.80;3.92;3.80;3.87;639440;3949765.750
11/05/2003;3.84;3.90;3.77;3.79;610659;3718440.500
11/06/2003;3.80;3.84;3.62;3.67;1556770;9211112.000
11/07/2003;3.66;3.69;3.54;3.66;1247419;7210118.500
11/10/2003;3.62;3.64;3.56;3.62;481200;2766899.000
11/11/2003;3.66;3.66;3.59;3.62;302902;1748537.500
11/12/2003;3.60;3.62;3.55;3.57;382220;2189800.750
11/13/2003;3.55;3.65;3.53;3.59;564992;3237767.250
11/14/2003;3.59;3.63;3.55;3.61;292981;1678807.500
11/17/2003;3.58;3.61;3.56;3.57;226500;1296015.000
11/18/2003;3.56;3.57;3.52;3.55;349100;1980905.250
11/19/2003;3.53;3.66;3.53;3.62;711210;4108184.750
11/20/2003;3.61;3.80;3.61;3.77;2349556;14037786.000
11/21/2003;3.79;3.97;3.72;3.73;4874750;30053352.000
11/24/2003;3.72;3.93;3.72;3.93;5782317;35284068.000
11/25/2003;3.91;3.97;3.81;3.84;5119916;31590408.000
11/26/2003;3.82;3.85;3.75;3.80;2645655;16041081.000
11/27/2003;3.81;3.87;3.75;3.78;2579868;15665067.000
11/28/2003;3.81;3.86;3.78;3.84;2182030;13340102.000
12/01/2003;3.84;3.90;3.84;3.89;2341077;14479437.000
12/02/2003;3.92;3.92;3.81;3.84;1562599;9617916.000
12/03/2003;3.84;3.88;3.80;3.82;2449910;14982572.000
12/04/2003;3.81;3.84;3.72;3.79;2323664;14029977.000
12/05/2003;3.80;3.80;3.74;3.75;1639654;9847354.000
12/08/2003;3.78;3.78;3.74;3.76;788600;4741247.500
12/09/2003;3.76;3.79;3.74;3.79;628606;3789821.000
12/10/2003;3.78;3.81;3.76;3.81;1127605;6827514.000
12/11/2003;3.84;3.86;3.81;3.85;1446820;8879671.000
12/12/2003;3.84;3.84;3.78;3.80;688625;4192257.250
12/15/2003;3.80;3.81;3.76;3.78;644834;3898700.500
12/16/2003;3.75;3.77;3.65;3.67;1046553;6174067.500
12/17/2003;3.67;3.73;3.64;3.69;926816;5482502.000
12/18/2003;3.71;3.74;3.63;3.64;649361;3817971.250
12/19/2003;3.64;3.69;3.38;3.45;1633663;9189912.000
12/22/2003;3.41;3.54;3.34;3.53;1393961;7637560.500
12/23/2003;3.52;3.53;3.44;3.51;1191174;6660169.500
12/24/2003;3.50;3.57;3.47;3.56;1073839;6052169.500
12/25/2003;3.56;3.59;3.47;3.59;1106309;6243597.000
12/26/2003;3.61;3.62;3.56;3.58;1045226;5995962.500
12/29/2003;3.57;3.57;3.49;3.49;538418;3025336.500
12/30/2003;3.49;3.52;3.43;3.49;1060262;5871633.000
12/31/2003;3.47;3.49;3.44;3.45;641970;3546946.500
01/02/2004;3.44;3.53;3.44;3.52;892384;4991160.000
01/05/2004;3.46;3.52;3.44;3.49;1613726;8999746.000
01/06/2004;3.47;3.57;3.45;3.56;1411266;7921809.500
01/07/2004;3.57;3.70;3.57;3.64;3039630;17747830.000
01/08/2004;3.64;3.78;3.64;3.74;2021363;11973906.000
01/09/2004;3.76;3.78;3.62;3.62;1662440;9771771.000
01/12/2004;3.60;3.67;3.58;3.67;826994;4793392.000
01/13/2004;3.69;3.71;3.63;3.68;1121587;6596309.000
01/14/2004;3.69;3.71;3.62;3.66;739468;4321013.500
01/15/2004;3.63;3.72;3.63;3.66;745139;4391006.000
01/16/2004;3.66;3.79;3.66;3.75;1632523;9766001.000
01/29/2004;3.79;3.92;3.76;3.90;1932742;11932846.000
01/30/2004;3.92;3.95;3.84;3.84;1902860;11860907.000
02/02/2004;3.94;3.97;3.82;3.91;1643898;10231717.000
02/03/2004;3.92;3.96;3.90;3.96;1825588;11485563.000
02/04/2004;3.96;4.03;3.92;4.03;2634201;16785216.000
02/05/2004;4.06;4.06;3.96;4.01;1871321;11957799.000
02/06/2004;4.00;4.00;3.91;3.91;2269569;14312934.000
02/09/2004;3.89;3.99;3.89;3.98;1639535;10379217.000
02/10/2004;4.00;4.16;3.96;4.07;3408443;22119926.000
02/11/2004;4.07;4.13;4.04;4.10;2191074;14320699.000
02/12/2004;4.11;4.33;4.10;4.29;4283589;28898744.000
02/13/2004;4.31;4.33;4.19;4.23;5222609;35723440.000
02/16/2004;4.22;4.41;4.21;4.41;4106795;28590814.000
02/17/2004;4.41;4.47;4.34;4.44;3003169;21241124.000
02/18/2004;4.44;4.52;4.40;4.44;2187719;15580110.000
02/19/2004;4.41;4.46;4.37;4.44;2622272;18502342.000
02/20/2004;4.43;4.43;4.32;4.39;2078357;14478977.000
02/23/2004;4.32;4.41;4.20;4.27;2086680;14466334.000
02/24/2004;4.25;4.29;4.14;4.27;2333800;15684987.000
02/25/2004;4.27;4.32;4.13;4.14;1232334;8346656.500
02/26/2004;4.14;4.19;4.08;4.11;1311120;8669883.000
02/27/2004;4.13;4.28;4.11;4.24;1383093;9310767.000
03/01/2004;4.24;4.34;4.17;4.32;1304700;8895593.000
03/02/2004;4.31;4.38;4.24;4.30;1097597;7568673.500
03/03/2004;4.29;4.30;4.16;4.18;1047137;7080918.500
03/04/2004;4.16;4.31;4.14;4.29;1460235;9831432.000
03/05/2004;4.31;4.40;4.26;4.32;2337564;16243650.000
03/08/2004;4.31;4.33;4.17;4.19;834720;5645391.500
03/09/2004;4.17;4.21;4.04;4.06;1019841;6744876.000
03/10/2004;4.06;4.17;4.06;4.16;812055;5329122.000
03/11/2004;4.16;4.22;4.11;4.21;927883;6196113.500
03/12/2004;4.19;4.22;4.09;4.14;833960;5530471.500
03/15/2004;4.13;4.28;4.13;4.26;1177928;7949251.500
03/16/2004;4.28;4.28;4.19;4.24;1139600;7707676.500
03/17/2004;4.24;4.31;4.20;4.24;1121366;7644502.500
03/18/2004;4.24;4.31;4.21;4.22;1110313;7554602.000
03/19/2004;4.19;4.28;4.19;4.27;1066290;7249351.000
03/22/2004;4.27;4.32;4.22;4.31;1026322;7030295.000
03/23/2004;4.31;4.31;4.23;4.26;828459;5645754.500
03/24/2004;4.26;4.26;4.18;4.21;1063442;7184006.000
03/25/2004;4.17;4.27;4.17;4.26;1042459;7074408.500
03/26/2004;4.32;4.69;4.32;4.51;10777689;78959048.000
03/29/2004;4.47;4.57;4.41;4.54;4264097;30693706.000
03/30/2004;4.54;4.56;4.44;4.55;2026668;14551281.000
03/31/2004;4.54;4.88;4.51;4.74;7367244;55634180.000
04/01/2004;4.71;4.80;4.69;4.71;3666741;27814986.000
04/02/2004;4.73;4.97;4.73;4.77;6240991;48470988.000
04/05/2004;4.81;4.97;4.81;4.96;6211733;48830268.000
04/06/2004;4.97;5.00;4.84;4.93;3470447;27330876.000
04/07/2004;4.92;4.92;4.81;4.84;2753845;21366980.000
04/08/2004;4.81;4.87;4.74;4.76;2969806;22767948.000
04/09/2004;4.49;4.62;4.29;4.34;10812867;76434496.000
04/12/2004;4.28;4.34;4.22;4.26;3311443;22680432.000
04/13/2004;4.25;4.34;4.25;4.26;1939319;13311462.000
04/14/2004;4.26;4.28;3.99;4.15;3553258;23415658.000
04/15/2004;4.16;4.22;4.08;4.12;1734600;11499216.000
04/16/2004;4.06;4.13;3.94;4.09;2096997;13511452.000
04/19/2004;4.08;4.09;3.95;3.97;1175954;7534394.000
04/20/2004;3.96;3.96;3.81;3.83;2453634;15202196.000
04/21/2004;3.83;3.97;3.79;3.89;1704759;10584501.000
04/22/2004;3.91;4.00;3.85;3.99;1301731;8205631.000
04/23/2004;4.06;4.21;4.02;4.03;4163236;27402782.000
04/26/2004;3.95;4.07;3.95;3.98;909100;5792240.500
04/27/2004;4.02;4.02;3.82;3.89;1161345;7234019.000
04/28/2004;3.75;3.83;3.64;3.73;2369710;14238360.000
04/29/2004;3.72;3.79;3.64;3.70;1480170;8736819.000
04/30/2004;3.71;3.78;3.66;3.72;1012088;6035093.500
05/10/2004;3.77;3.77;3.64;3.66;578209;3404991.250
05/11/2004;3.67;3.74;3.59;3.71;461420;2728360.000
05/12/2004;3.69;3.82;3.66;3.81;789665;4749992.000
05/13/2004;3.79;3.79;3.67;3.76;1882804;11180352.000
05/14/2004;3.76;3.77;3.67;3.71;751868;4450338.000
05/17/2004;3.68;3.79;3.66;3.75;675349;4040655.500
05/18/2004;3.74;3.82;3.74;3.82;997152;6031722.000
05/19/2004;3.83;3.95;3.80;3.84;1695925;10579126.000
05/20/2004;3.84;3.88;3.77;3.79;802360;4916368.000
05/21/2004;3.72;3.86;3.51;3.57;1850119;10753380.000
05/24/2004;3.54;3.62;3.36;3.37;2778979;15298930.000
05/25/2004;3.36;3.42;3.13;3.21;2452573;12759797.000
05/26/2004;3.21;3.27;3.17;3.25;807630;4174447.000
05/27/2004;3.26;3.36;3.20;3.31;1163801;6151545.500
05/28/2004;3.29;3.33;3.24;3.26;1970150;10291317.000
06/01/2004;3.28;3.40;3.23;3.37;2378540;12705132.000
06/02/2004;3.34;3.36;3.26;3.31;1528148;8061330.000
06/03/2004;3.31;3.31;3.20;3.21;1033632;5337144.500
06/04/2004;3.21;3.32;3.20;3.29;881591;4620901.500
06/07/2004;3.30;3.30;3.18;3.22;597160;3068890.250
06/08/2004;3.20;3.23;3.13;3.14;927450;4714883.500
06/09/2004;3.16;3.23;3.14;3.19;1735295;8840055.000
06/10/2004;3.20;3.40;3.20;3.35;5368524;28411492.000
06/11/2004;3.31;3.38;3.27;3.32;2959092;15747177.000
06/14/2004;3.38;3.38;2.99;2.99;4392849;21387318.000
06/15/2004;2.97;3.04;2.82;3.02;2418219;11406226.000
06/16/2004;3.00;3.13;2.92;3.09;2629130;12851221.000
06/17/2004;3.10;3.16;3.01;3.04;2737105;13565730.000
06/18/2004;3.02;3.07;2.95;3.00;917100;4393573.000
06/21/2004;2.97;3.05;2.97;3.03;671538;3239846.250
06/22/2004;3.03;3.16;3.01;3.09;1263816;6259688.000
06/23/2004;3.06;3.09;2.97;3.04;968730;4668208.000
06/24/2004;3.04;3.07;2.95;2.96;902007;4327480.500
06/25/2004;2.94;3.02;2.82;2.83;1242580;5747456.000
06/28/2004;2.82;2.82;2.66;2.68;1114155;4853592.000
06/29/2004;2.67;2.74;2.63;2.73;788555;3389738.250
06/30/2004;2.70;2.74;2.60;2.62;506280;2168459.500
07/01/2004;2.63;2.78;2.59;2.76;2509477;10823528.000
07/02/2004;2.75;2.77;2.71;2.73;992399;4336040.000
07/05/2004;2.71;2.74;2.66;2.74;549352;2376273.000
07/06/2004;2.69;2.81;2.69;2.78;1737412;7678796.500
07/07/2004;2.78;2.86;2.77;2.81;2407288;10814360.000
07/08/2004;2.80;2.91;2.76;2.88;2095686;9570371.000
07/09/2004;2.94;2.94;2.84;2.91;1891128;8742956.000
07/12/2004;2.91;2.92;2.67;2.69;2487479;10911582.000
07/13/2004;2.69;2.73;2.64;2.67;716494;3073993.500
07/14/2004;2.69;2.71;2.55;2.62;1124741;4704281.000
07/15/2004;2.63;2.70;2.60;2.68;856650;3635387.750
07/16/2004;2.68;2.80;2.66;2.78;1361980;5992754.500
07/19/2004;2.77;2.83;2.71;2.78;774173;3434281.000
07/20/2004;2.79;2.79;2.69;2.72;852420;3699394.250
07/22/2004;2.92;2.99;2.81;2.99;1942873;9231850.000
07/23/2004;3.08;3.11;2.91;2.99;6912679;33235150.000
07/26/2004;2.98;2.98;2.79;2.86;2291760;10492607.000
07/27/2004;2.84;2.89;2.75;2.78;1276967;5746068.000
07/28/2004;2.79;2.89;2.76;2.86;1213743;5492651.000
07/29/2004;2.86;2.90;2.81;2.89;1103479;5045677.500
07/30/2004;2.90;2.92;2.74;2.76;1271531;5711125.500
08/04/2004;2.67;2.74;2.52;2.69;3914061;16559799.000
08/05/2004;2.66;2.71;2.63;2.66;1544175;6570352.000
08/06/2004;2.66;2.69;2.59;2.63;1298432;5459141.000
08/09/2004;2.61;2.64;2.53;2.64;1170430;4836256.500
08/10/2004;2.66;2.75;2.63;2.71;2638982;11416345.000
08/11/2004;2.71;2.73;2.67;2.67;1773657;7678480.500
08/12/2004;2.66;2.67;2.58;2.64;914358;3823036.000
08/13/2004;2.66;2.72;2.64;2.71;1277748;5498147.000
08/16/2004;2.69;2.69;2.59;2.63;791925;3320535.250
08/17/2004;2.63;2.64;2.56;2.61;711722;2971784.750
08/18/2004;2.61;2.64;2.57;2.58;647305;2691115.750
08/19/2004;2.58;2.60;2.47;2.49;1129821;4519830.500
08/20/2004;2.49;2.56;2.39;2.48;926795;3631615.000
08/23/2004;2.47;2.54;2.44;2.50;573471;2293029.500
08/24/2004;2.49;2.61;2.49;2.57;1015083;4186897.250
08/25/2004;2.56;2.61;2.54;2.55;531670;2188616.750
08/26/2004;2.54;2.60;2.50;2.60;612851;2506324.000
08/27/2004;2.58;2.60;2.49;2.50;529190;2151304.000
08/30/2004;2.53;2.54;2.49;2.51;439990;1768333.125
08/31/2004;2.59;2.69;2.56;2.66;2097847;8802254.000
09/01/2004;2.63;2.64;2.56;2.57;748232;3120531.250
09/02/2004;2.56;2.66;2.53;2.64;806481;3371298.500
09/03/2004;2.64;2.67;2.61;2.63;854220;3617611.250
09/06/2004;2.60;2.63;2.57;2.61;508419;2115837.250
09/07/2004;2.61;2.63;2.57;2.59;317040;1311252.500
09/08/2004;2.59;2.61;2.57;2.60;321610;1334662.750
09/09/2004;2.57;2.60;2.48;2.49;928260;3757453.250
09/10/2004;2.49;2.52;2.46;2.51;562793;2239309.500
09/13/2004;2.50;2.50;2.39;2.41;638600;2480823.000
09/14/2004;2.42;2.55;2.42;2.51;774492;3088061.750
09/15/2004;2.53;2.72;2.51;2.67;2659441;11263530.000
09/16/2004;2.67;2.78;2.63;2.78;2762613;11903672.000
09/17/2004;2.78;2.86;2.75;2.83;4210127;18872942.000
09/20/2004;2.87;2.99;2.81;2.96;3856123;17841068.000
09/22/2004;2.94;2.96;2.75;2.83;3551256;16130636.000
09/23/2004;2.83;2.91;2.76;2.90;2085483;9488999.000
09/24/2004;2.91;3.06;2.86;2.98;6063948;28817786.000
09/27/2004;3.13;3.16;2.88;2.89;6009616;29230484.000
09/28/2004;2.91;2.99;2.83;2.89;2666385;12428763.000
09/29/2004;2.89;2.89;2.76;2.87;2740448;12278492.000
09/30/2004;2.85;2.85;2.73;2.76;1824863;8090524.000
10/08/2004;2.70;2.76;2.63;2.76;1262403;5434202.500
10/11/2004;2.49;2.53;2.48;2.48;2355440;9370094.000
10/12/2004;2.28;2.47;2.27;2.41;4866187;18528238.000
10/13/2004;2.36;2.41;2.27;2.37;3296581;12404193.000
10/14/2004;2.33;2.36;2.13;2.14;3153092;11178622.000
10/15/2004;2.13;2.16;1.96;2.04;2963261;9717829.000
10/18/2004;2.03;2.07;2.00;2.01;1644411;5345947.000
10/19/2004;2.01;2.08;1.99;2.07;2291828;7451667.000
10/20/2004;2.06;2.06;1.92;1.96;1390967;4425925.500
10/21/2004;1.97;2.00;1.77;1.82;3421570;10098625.000
10/22/2004;1.81;2.01;1.73;2.01;4615589;14139748.000
10/25/2004;2.03;2.17;2.01;2.04;6957063;23361466.000
10/26/2004;2.02;2.09;1.88;2.07;2499148;7959002.000
10/27/2004;2.04;2.19;1.97;2.12;4128185;13893915.000
10/28/2004;2.13;2.18;2.08;2.12;3145619;10699517.000
10/29/2004;2.00;2.09;1.94;2.00;2400856;7779099.500
11/01/2004;1.93;2.14;1.91;2.04;2833027;9369290.000
11/02/2004;2.05;2.09;2.02;2.06;770897;2516095.000
11/03/2004;2.06;2.17;2.04;2.13;1713380;5820340.000
11/04/2004;2.06;2.11;1.98;1.98;2580849;8414390.000
11/05/2004;1.99;2.03;1.92;1.95;1138963;3605774.000
11/08/2004;1.91;1.99;1.91;1.95;745732;2322494.000
11/09/2004;1.95;2.01;1.94;2.01;795860;2509122.000
11/10/2004;2.03;2.17;1.99;2.15;2633118;8853618.000
11/11/2004;2.31;2.36;2.19;2.21;8992990;33592584.000
11/12/2004;2.11;2.20;2.09;2.13;4057484;13868764.000
11/15/2004;2.13;2.15;2.10;2.13;1569740;5333744.500
11/16/2004;2.16;2.23;2.16;2.17;2616484;9141586.000
11/17/2004;2.16;2.20;2.13;2.17;1177308;4062766.250
11/18/2004;2.16;2.16;2.11;2.16;1592559;5434143.500
11/19/2004;2.16;2.17;2.11;2.16;1414492;4847369.000
11/22/2004;2.15;2.28;2.13;2.23;3053301;10840897.000
11/23/2004;2.22;2.28;2.20;2.28;2090009;7524639.000
11/24/2004;2.27;2.33;2.16;2.16;1885798;6737789.000
11/25/2004;2.13;2.19;2.10;2.11;1381187;4714100.000
11/29/2004;2.25;2.25;2.12;2.15;838585;2901569.250
11/30/2004;2.13;2.16;2.11;2.14;727061;2480314.000
12/01/2004;2.14;2.15;2.03;2.04;1399800;4653900.000
12/02/2004;2.04;2.09;2.02;2.07;1176832;3876505.250
12/03/2004;2.07;2.16;2.05;2.13;1227171;4173252.750
12/06/2004;2.13;2.17;2.09;2.15;724167;2468568.750
12/07/2004;2.13;2.16;2.08;2.08;681010;2295199.250
12/08/2004;2.08;2.12;2.04;2.08;775556;2557925.000
12/09/2004;2.07;2.09;2.04;2.06;894511;2960235.500
12/10/2004;2.08;2.08;1.92;1.94;1625459;5108725.500
12/13/2004;1.91;1.93;1.89;1.92;617441;1880295.500
12/14/2004;1.92;1.92;1.80;1.85;730478;2190580.250
12/15/2004;1.84;1.84;1.75;1.80;1162907;3318431.500
12/16/2004;1.79;1.79;1.73;1.74;1348662;3779871.750
12/17/2004;1.73;1.92;1.70;1.92;1685474;5023366.000
12/20/2004;2.09;2.11;2.08;2.11;5115654;17266688.000
12/21/2004;2.30;2.30;1.98;2.03;11712764;40058528.000
12/22/2004;1.97;2.06;1.88;2.03;7792394;24438888.000
12/23/2004;1.99;2.04;1.92;1.97;4404369;13945592.000
12/24/2004;1.93;1.97;1.86;1.87;4020127;12238114.000
12/27/2004;1.87;1.88;1.80;1.81;3043207;8883784.000
12/28/2004;1.79;1.86;1.79;1.85;2016401;5922654.000
12/29/2004;1.85;1.85;1.77;1.83;1938125;5600888.500
12/30/2004;1.83;1.85;1.79;1.81;1182740;3445858.500
12/31/2004;1.78;1.80;1.63;1.64;4924395;13290847.000
01/04/2005;1.59;1.67;1.56;1.65;2001690;5183833.500
01/05/2005;1.63;1.78;1.63;1.71;2721404;7470840.500
01/06/2005;1.70;1.70;1.63;1.66;1421454;3773059.750
01/07/2005;1.63;1.71;1.63;1.69;1383388;3703846.500
01/10/2005;1.68;1.74;1.67;1.72;1222691;3349886.250
01/11/2005;1.71;1.73;1.68;1.71;871009;2370276.750
01/12/2005;1.70;1.75;1.67;1.74;1619954;4433616.000
01/13/2005;1.76;1.92;1.75;1.92;5653536;16697155.000
01/14/2005;1.94;2.01;1.83;1.89;8905760;27260334.000
01/17/2005;1.86;1.96;1.78;1.91;4565056;13854838.000
01/18/2005;1.89;1.97;1.83;1.96;4022287;12277592.000
01/19/2005;1.95;1.95;1.88;1.89;2073052;6338395.500
01/20/2005;1.88;1.96;1.85;1.90;3141234;9641728.000
01/21/2005;1.89;1.94;1.71;1.88;3684185;10920565.000
01/24/2005;1.88;2.05;1.88;1.98;5005576;15719606.000
01/25/2005;1.96;1.98;1.91;1.94;2677491;8296659.500
01/26/2005;1.94;2.03;1.93;1.96;4100723;12990026.000
01/27/2005;1.92;1.95;1.85;1.87;2532421;7639727.000
01/28/2005;1.86;1.89;1.74;1.74;2564778;7306910.500
01/31/2005;1.73;1.74;1.64;1.66;1322440;3568326.500
02/01/2005;1.66;1.72;1.64;1.65;1258000;3376173.000
02/02/2005;1.65;1.81;1.65;1.81;2409585;6831972.000
02/03/2005;1.86;1.88;1.74;1.77;4282146;12440805.000
02/04/2005;1.75;1.82;1.75;1.77;1481394;4232721.000
02/16/2005;1.76;1.86;1.76;1.82;1558893;4548055.000
02/17/2005;1.81;1.88;1.79;1.88;2011662;5944803.000
02/18/2005;1.88;1.88;1.83;1.83;1428244;4226605.500
02/21/2005;1.86;1.90;1.83;1.89;1979077;5938392.000
02/22/2005;1.90;1.96;1.90;1.92;4820302;14851140.000
02/23/2005;1.90;1.96;1.89;1.91;2559436;7876206.000
02/24/2005;1.91;2.03;1.89;1.97;3939335;12413034.000
02/25/2005;2.01;2.03;1.94;1.94;3608439;11404029.000
02/28/2005;1.94;1.95;1.91;1.92;1575273;4866690.000
03/01/2005;1.91;1.94;1.91;1.93;1232643;3791340.500
03/02/2005;1.94;1.95;1.86;1.87;1623755;4946313.000
03/03/2005;1.86;1.89;1.83;1.86;968284;2873018.000
03/04/2005;1.86;1.88;1.83;1.84;768608;2270526.250
03/07/2005;1.82;1.85;1.79;1.82;1143479;3320845.750
03/08/2005;1.83;1.89;1.81;1.89;1536310;4552608.500
03/09/2005;1.93;1.93;1.86;1.92;2360340;7160776.000
03/10/2005;1.92;1.92;1.82;1.84;1386231;4148542.750
03/11/2005;1.83;1.86;1.81;1.83;847500;2491192.750
03/14/2005;1.81;1.86;1.76;1.77;1296390;3743655.500
03/15/2005;1.77;1.78;1.73;1.74;1265170;3541130.750
03/16/2005;1.74;1.81;1.70;1.79;1093157;3096149.000
03/17/2005;1.77;1.78;1.73;1.73;609500;1711433.500
03/18/2005;1.73;1.76;1.67;1.68;999431;2712104.750
03/21/2005;1.69;1.71;1.67;1.69;491715;1326753.375
03/22/2005;1.68;1.71;1.59;1.59;838528;2177554.000
03/23/2005;1.56;1.65;1.53;1.57;1058170;2703847.500
03/24/2005;1.54;1.60;1.54;1.60;654830;1654774.125
03/25/2005;1.60;1.61;1.59;1.61;563511;1443644.250
03/28/2005;1.61;1.61;1.55;1.59;476371;1194786.750
03/29/2005;1.59;1.60;1.53;1.54;766200;1916388.250
03/30/2005;1.50;1.53;1.44;1.45;1445550;3428034.000
03/31/2005;1.44;1.59;1.42;1.59;3988698;10073334.000
04/01/2005;1.63;1.67;1.54;1.62;4990626;12796106.000
04/04/2005;1.57;1.59;1.53;1.54;1794870;4476436.000
04/05/2005;1.53;1.54;1.48;1.49;1232727;2964514.500
04/06/2005;1.47;1.54;1.44;1.51;1137387;2730262.250
04/07/2005;1.50;1.58;1.47;1.54;2013547;4965913.000
04/08/2005;1.54;1.62;1.51;1.61;2312310;5855780.000
04/11/2005;1.61;1.66;1.59;1.63;3480493;9084996.000
04/12/2005;1.64;1.73;1.64;1.64;6737690;18066662.000
04/13/2005;1.64;1.69;1.56;1.64;2721882;7080683.500
04/14/2005;1.66;1.66;1.59;1.59;1575377;4035489.500
04/15/2005;1.57;1.57;1.47;1.49;1401136;3390107.750
04/18/2005;1.46;1.49;1.46;1.47;724870;1716650.125
04/19/2005;1.46;1.52;1.46;1.49;590990;1406448.625
04/20/2005;1.49;1.49;1.43;1.46;685668;1597560.125
04/21/2005;1.46;1.49;1.42;1.43;821276;1907396.875
04/22/2005;1.44;1.46;1.29;1.31;2115314;4441563.500
04/25/2005;1.32;1.34;1.18;1.21;1613771;3147121.500
04/26/2005;1.17;1.25;1.17;1.24;1141475;2236435.000
04/27/2005;1.26;1.26;1.19;1.19;984400;1914300.125
04/28/2005;1.17;1.22;1.07;1.19;1891580;3473818.750
04/29/2005;1.19;1.19;1.09;1.12;1578311;2858437.750
05/10/2005;1.06;1.06;1.06;1.06;44900;76330.000
05/11/2005;1.01;1.01;1.01;1.01;15100;24462.000
05/12/2005;0.96;0.96;0.96;0.96;33500;51590.000
05/13/2005;0.91;0.91;0.91;0.91;41300;60298.000
05/16/2005;0.87;0.87;0.87;0.87;58200;80898.000
05/17/2005;0.82;0.88;0.82;0.87;5788632;7754386.500
05/18/2005;0.84;0.91;0.84;0.91;3350323;4754285.000
05/19/2005;0.91;0.95;0.88;0.90;2633112;3843003.250
05/20/2005;0.89;0.91;0.86;0.86;2397521;3318763.750
05/23/2005;0.83;0.84;0.81;0.82;1643002;2153319.000
05/24/2005;0.81;0.84;0.80;0.84;1839049;2454139.500
05/25/2005;0.84;0.88;0.82;0.88;3895774;5346191.000
05/26/2005;0.88;0.91;0.87;0.88;3391674;4826458.000
05/27/2005;0.89;0.91;0.88;0.91;5690823;8205623.000
05/30/2005;0.90;0.90;0.86;0.86;2815060;3899922.500
05/31/2005;0.86;0.88;0.84;0.88;1552514;2158650.500
06/02/2005;0.86;0.86;0.83;0.85;1076919;1459040.500
06/03/2005;0.86;0.86;0.84;0.86;1445585;1959939.875
06/06/2005;0.85;0.86;0.82;0.84;858413;1152115.250
06/07/2005;0.84;0.86;0.83;0.84;1522813;2044060.500
06/08/2005;0.83;0.89;0.82;0.88;3440574;4756276.000
06/09/2005;0.89;0.89;0.85;0.88;3576983;4973074.000
06/10/2005;0.86;0.89;0.86;0.87;2285438;3201265.500
06/13/2005;0.86;0.89;0.85;0.89;1687314;2348175.750
06/14/2005;0.88;0.91;0.87;0.89;3069832;4394413.500
06/15/2005;0.88;0.89;0.85;0.85;2246800;3092270.000
06/16/2005;0.85;0.85;0.81;0.83;2031354;2661308.250
06/17/2005;0.82;0.82;0.79;0.80;1625400;2098096.750
06/20/2005;0.79;0.79;0.76;0.78;2425873;2987494.750
06/21/2005;0.77;0.82;0.77;0.80;1321989;1693431.000
06/22/2005;0.79;0.82;0.79;0.81;1201049;1551317.000
06/23/2005;0.81;0.81;0.77;0.77;1366999;1722159.750
06/24/2005;0.77;0.80;0.76;0.78;1091210;1367949.250
06/27/2005;0.78;0.80;0.78;0.79;1238677;1575573.750
06/28/2005;0.79;0.79;0.77;0.78;939379;1175601.000
06/29/2005;0.78;0.79;0.77;0.77;837920;1041803.813
06/30/2005;0.77;0.77;0.74;0.74;1782800;2130208.000
07/01/2005;0.70;0.71;0.70;0.70;1315800;1479367.250
07/04/2005;0.66;0.67;0.66;0.66;470400;498928.000
07/05/2005;0.66;0.69;0.65;0.69;1634732;1753831.000
07/06/2005;0.68;0.68;0.66;0.66;1264508;1349891.500
07/07/2005;0.66;0.66;0.64;0.66;1347368;1397441.500
07/08/2005;0.65;0.66;0.63;0.63;1471180;1499091.000
07/11/2005;0.64;0.64;0.59;0.60;1360100;1343136.000
07/12/2005;0.60;0.63;0.59;0.63;3253112;3265939.750
07/13/2005;0.63;0.64;0.60;0.63;1678399;1683030.250
07/14/2005;0.62;0.66;0.62;0.64;1408948;1425914.500
07/15/2005;0.63;0.64;0.61;0.62;1345444;1335885.125
07/18/2005;0.61;0.61;0.59;0.59;1678381;1589705.125
07/19/2005;0.58;0.59;0.56;0.57;1279431;1181253.375
07/20/2005;0.56;0.57;0.56;0.57;823067;743812.313
07/21/2005;0.56;0.60;0.56;0.56;2161107;1996470.375
07/22/2005;0.57;0.59;0.56;0.59;1770151;1646044.500
07/25/2005;0.58;0.59;0.57;0.59;1626200;1522206.000
07/26/2005;0.59;0.61;0.59;0.60;1201737;1145620.750
07/27/2005;0.60;0.61;0.59;0.60;1934536;1837022.500
07/28/2005;0.60;0.63;0.60;0.62;2424500;2391995.500
07/29/2005;0.62;0.62;0.59;0.60;1516383;1450779.125
08/01/2005;0.60;0.60;0.59;0.59;1176960;1116934.000
08/02/2005;0.59;0.61;0.59;0.61;1578124;1512325.625
08/03/2005;0.61;0.64;0.60;0.63;3215590;3210246.500
08/04/2005;0.62;0.64;0.61;0.63;2218647;2221217.000
08/05/2005;0.63;0.65;0.62;0.64;2778127;2817384.750
08/08/2005;0.64;0.66;0.63;0.66;3091485;3165665.750
08/09/2005;0.65;0.69;0.64;0.68;4420712;4755559.500
08/10/2005;0.68;0.71;0.67;0.70;2859921;3175191.750
08/11/2005;0.70;0.74;0.69;0.74;4802875;5564552.000
08/12/2005;0.74;0.77;0.70;0.70;6669048;8096625.500
08/15/2005;0.70;0.74;0.67;0.74;2810049;3135161.000
08/16/2005;0.74;0.77;0.73;0.76;3354233;4055119.500
08/17/2005;0.75;0.79;0.74;0.77;3426822;4233911.500
08/18/2005;0.77;0.81;0.75;0.78;7897498;10097982.000
08/19/2005;0.78;0.82;0.77;0.80;4660773;5937812.000
08/22/2005;0.81;0.84;0.81;0.84;7363151;9845513.000
08/23/2005;0.86;0.88;0.84;0.88;9822229;13699757.000
08/24/2005;0.89;0.93;0.84;0.93;11355579;16332875.000
08/25/2005;0.93;0.97;0.89;0.97;9111390;13852404.000
08/26/2005;1.01;1.02;0.97;1.02;5265010;8495487.000
08/29/2005;1.05;1.07;0.97;0.97;10442676;17035428.000
08/30/2005;0.94;0.95;0.92;0.92;801100;1181963.000
08/31/2005;0.88;0.88;0.88;0.88;667400;934360.000
09/01/2005;0.83;0.92;0.83;0.88;7843891;10823802.000
09/02/2005;0.86;0.90;0.86;0.88;3554827;5042164.000
09/05/2005;0.88;0.93;0.88;0.93;3420356;4987220.500
09/06/2005;0.95;0.97;0.93;0.94;9916354;15266271.000
09/07/2005;0.89;0.97;0.89;0.96;5693147;8452907.000
09/08/2005;0.96;0.96;0.91;0.93;3868797;5700190.500
09/09/2005;0.92;0.95;0.91;0.94;3766362;5621172.000
09/12/2005;0.94;0.99;0.93;0.99;6607291;10298808.000
09/13/2005;1.02;1.04;0.99;1.04;6910510;11354860.000
09/14/2005;1.06;1.07;0.99;1.02;8319671;13547637.000
09/15/2005;1.01;1.06;0.98;1.06;5690800;9430170.000
09/16/2005;1.05;1.09;1.02;1.07;6899245;11812320.000
09/19/2005;1.06;1.13;1.06;1.13;7609830;13545032.000
09/20/2005;1.14;1.19;1.10;1.19;8236489;15256847.000
09/21/2005;1.19;1.23;1.13;1.13;12152729;22671712.000
09/22/2005;1.12;1.12;1.07;1.07;1655500;2859472.000
09/23/2005;1.02;1.08;1.02;1.04;5119332;8443248.000
09/26/2005;1.01;1.01;0.99;0.99;3728200;5905695.000
09/27/2005;0.94;1.00;0.94;0.95;4426959;6791473.500
09/28/2005;0.95;0.96;0.90;0.90;2899770;4234244.000
09/29/2005;0.88;0.94;0.88;0.94;5331981;7815513.000
09/30/2005;0.94;0.98;0.93;0.93;3995220;6091105.000
10/10/2005;0.93;0.95;0.89;0.89;1690881;2423043.500
10/11/2005;0.88;0.93;0.86;0.92;1581606;2300152.250
10/12/2005;0.93;0.96;0.91;0.94;1606209;2414004.250
10/13/2005;0.94;0.94;0.89;0.89;1716969;2495922.500
10/14/2005;0.88;0.91;0.86;0.88;1088754;1538618.750
10/17/2005;0.88;0.92;0.86;0.92;2091174;3031654.250
10/18/2005;0.93;0.96;0.92;0.96;3429717;5241667.500
10/19/2005;0.96;1.01;0.96;0.98;3841183;6023555.500
10/20/2005;0.97;0.98;0.94;0.96;2363100;3607450.750
10/21/2005;0.95;0.96;0.91;0.93;2399030;3589410.000
10/24/2005;0.93;0.97;0.89;0.94;4653362;7046214.000
10/25/2005;0.94;0.97;0.92;0.94;4384970;6611577.000
10/26/2005;0.93;0.95;0.89;0.90;3296798;4790704.500
10/27/2005;0.88;0.91;0.86;0.86;2774302;3850361.750
10/28/2005;0.86;0.88;0.81;0.81;2916019;3921152.750
10/31/2005;0.80;0.82;0.77;0.81;5626892;7059840.000
11/01/2005;0.80;0.81;0.77;0.77;2383900;2956777.000
11/02/2005;0.75;0.79;0.75;0.78;2539396;3150553.000
11/03/2005;0.77;0.81;0.77;0.79;2096305;2662675.000
11/04/2005;0.78;0.81;0.77;0.81;1206450;1527333.125
11/07/2005;0.81;0.81;0.77;0.79;1669570;2095688.500
11/08/2005;0.79;0.81;0.77;0.80;2633661;3341985.500
11/09/2005;0.80;0.81;0.79;0.80;2025100;2598904.000
11/10/2005;0.80;0.80;0.76;0.76;2233700;2749012.000
11/11/2005;0.75;0.75;0.72;0.73;3055520;3570618.500
11/14/2005;0.73;0.76;0.70;0.74;2362589;2787791.500
11/15/2005;0.74;0.78;0.74;0.77;2729611;3349617.750
11/16/2005;0.77;0.77;0.73;0.76;2201760;2626524.250
11/17/2005;0.76;0.77;0.75;0.77;2163750;2644965.250
11/18/2005;0.76;0.79;0.76;0.79;3295837;4092597.250
11/21/2005;0.79;0.79;0.77;0.78;1800028;2235967.750
11/22/2005;0.78;0.78;0.74;0.75;1928448;2336866.000
11/23/2005;0.74;0.76;0.74;0.76;937792;1123628.250
11/24/2005;0.75;0.76;0.74;0.76;868209;1041215.813
11/25/2005;0.75;0.77;0.74;0.77;1640270;2003987.375
11/28/2005;0.76;0.78;0.76;0.78;1953078;2414241.250
11/29/2005;0.77;0.79;0.74;0.74;1980295;2404798.000
11/30/2005;0.74;0.74;0.72;0.74;1188948;1390184.625
12/01/2005;0.73;0.74;0.72;0.74;950145;1114922.750
12/02/2005;0.74;0.74;0.71;0.71;1782199;2050213.250
12/05/2005;0.71;0.71;0.67;0.67;1954090;2122546.250
12/06/2005;0.66;0.67;0.64;0.66;1169059;1220542.500
12/07/2005;0.66;0.68;0.65;0.68;1127138;1207145.875
12/08/2005;0.68;0.68;0.65;0.65;1126428;1183924.250
12/09/2005;0.64;0.66;0.63;0.66;1981575;2064883.500
12/12/2005;0.66;0.67;0.65;0.67;1259354;1341208.250
12/13/2005;0.66;0.68;0.66;0.68;1187950;1272330.750
12/14/2005;0.68;0.68;0.66;0.67;1099719;1178251.875
12/15/2005;0.67;0.68;0.66;0.66;1221400;1306219.000
12/16/2005;0.66;0.67;0.66;0.66;888460;946136.625
12/19/2005;0.66;0.68;0.65;0.67;1471122;1571403.625
12/20/2005;0.67;0.68;0.66;0.67;1444040;1545194.375
12/21/2005;0.67;0.67;0.65;0.66;1332724;1410032.000
12/22/2005;0.66;0.67;0.65;0.67;731770;774117.188
12/23/2005;0.67;0.67;0.66;0.67;1115955;1194323.875
12/26/2005;0.67;0.68;0.66;0.68;1372108;1476020.000
12/27/2005;0.67;0.70;0.67;0.69;2868537;3172063.750
12/28/2005;0.69;0.69;0.67;0.68;1534433;1670801.625
12/29/2005;0.69;0.69;0.66;0.67;1487230;1600603.125
12/30/2005;0.67;0.68;0.66;0.67;1294688;1390372.750
01/04/2006;0.67;0.68;0.66;0.68;899590;968617.375
01/05/2006;0.68;0.68;0.66;0.67;1679150;1795158.625
01/06/2006;0.67;0.68;0.66;0.67;999533;1071477.875
01/09/2006;0.67;0.70;0.67;0.69;2597689;2849728.500
01/10/2006;0.69;0.73;0.69;0.72;3552461;4033886.000
01/11/2006;0.72;0.74;0.71;0.71;2722018;3166554.250
01/12/2006;0.71;0.72;0.69;0.72;1510900;1701357.750
01/13/2006;0.71;0.72;0.69;0.71;1595789;1794157.625
01/16/2006;0.71;0.71;0.69;0.69;920439;1029895.313
01/17/2006;0.69;0.73;0.69;0.72;3011449;3463919.500
01/18/2006;0.72;0.73;0.71;0.72;1781863;2045030.125
01/19/2006;0.72;0.72;0.71;0.71;1288149;1474233.875
01/20/2006;0.72;0.72;0.69;0.70;1559758;1761511.000
01/23/2006;0.70;0.71;0.66;0.66;2491740;2678785.500
01/24/2006;0.66;0.66;0.63;0.64;2017079;2062288.625
01/25/2006;0.63;0.66;0.63;0.64;1472641;1519772.250
02/06/2006;0.64;0.67;0.64;0.66;1387341;1458451.625
02/07/2006;0.67;0.67;0.65;0.66;1482280;1564352.000
02/08/2006;0.66;0.68;0.66;0.68;1424476;1523548.125
02/09/2006;0.69;0.71;0.67;0.69;1741179;1922612.875
02/10/2006;0.70;0.71;0.67;0.67;1178708;1283300.125
02/13/2006;0.67;0.67;0.66;0.67;646197;691833.000
02/14/2006;0.67;0.69;0.67;0.67;1190539;1289831.125
02/15/2006;0.67;0.68;0.66;0.67;875430;938421.875
02/16/2006;0.67;0.67;0.64;0.65;1142174;1197112.000
02/17/2006;0.64;0.66;0.64;0.66;787720;824301.875
02/20/2006;0.65;0.67;0.65;0.67;851880;905301.375
02/21/2006;0.67;0.70;0.66;0.70;3775395;4202020.500
02/22/2006;0.72;0.74;0.71;0.74;3902849;4586634.500
02/23/2006;0.76;0.77;0.74;0.77;10013507;12355727.000
02/24/2006;0.77;0.81;0.74;0.80;9424821;11867164.000
02/27/2006;0.77;0.81;0.76;0.79;7926616;9919339.000
02/28/2006;0.77;0.82;0.76;0.80;6311636;8073488.500
03/01/2006;0.79;0.81;0.77;0.78;4055351;5100438.000
03/02/2006;0.78;0.79;0.74;0.74;4744561;5802264.000
03/03/2006;0.74;0.77;0.72;0.77;3742005;4516424.000
03/06/2006;0.78;0.79;0.73;0.74;3836970;4641894.500
03/07/2006;0.74;0.76;0.72;0.74;2883748;3410791.250
03/08/2006;0.74;0.74;0.71;0.71;3341988;3817584.500
03/09/2006;0.70;0.70;0.67;0.67;4175679;4502378.500
03/10/2006;0.66;0.69;0.66;0.69;2506170;2734304.500
03/13/2006;0.68;0.69;0.67;0.68;1622420;1765679.625
03/14/2006;0.67;0.71;0.67;0.71;2779544;3128072.000
03/15/2006;0.72;0.75;0.72;0.75;1777420;2126419.250
03/16/2006;0.78;0.78;0.71;0.71;4181200;4858767.000
03/17/2006;0.70;0.72;0.68;0.72;1187215;1338798.750
03/20/2006;0.72;0.72;0.68;0.70;1831555;2040664.625
03/21/2006;0.70;0.71;0.69;0.70;1444330;1598507.250
03/22/2006;0.70;0.70;0.69;0.70;912583;1012317.313
03/23/2006;0.69;0.70;0.67;0.69;1005240;1106684.125
03/24/2006;0.69;0.73;0.68;0.73;2810447;3231779.500
03/27/2006;0.74;0.75;0.70;0.71;1657996;1896271.500
03/28/2006;0.69;0.69;0.67;0.67;4356805;4717989.500
03/29/2006;0.66;0.70;0.66;0.68;2374591;2570012.000
03/30/2006;0.67;0.69;0.67;0.67;1573480;1709557.625
03/31/2006;0.67;0.67;0.64;0.65;2190800;2302188.500
04/03/2006;0.64;0.64;0.62;0.63;4874038;4857786.000
04/04/2006;0.63;0.63;0.59;0.61;3237058;3126652.750
04/05/2006;0.61;0.62;0.60;0.62;2384686;2335002.000
04/06/2006;0.62;0.63;0.59;0.59;3517379;3394473.250
04/07/2006;0.59;0.59;0.56;0.58;4904068;4505360.500
04/10/2006;0.57;0.59;0.56;0.59;4710610;4350000.000
04/11/2006;0.59;0.59;0.57;0.59;3585845;3364886.000
04/12/2006;0.59;0.59;0.57;0.57;3521501;3268773.750
04/13/2006;0.57;0.59;0.57;0.58;2694101;2503474.750
04/14/2006;0.58;0.59;0.56;0.57;2753022;2507060.000
04/17/2006;0.57;0.59;0.55;0.56;3653435;3323065.250
04/18/2006;0.56;0.57;0.54;0.54;3982908;3523462.250
04/19/2006;0.54;0.54;0.52;0.52;4887454;4099961.500
04/20/2006;0.50;0.51;0.49;0.49;2068700;1644937.000
04/21/2006;0.47;0.47;0.47;0.47;1534400;1150800.000
04/24/2006;0.44;0.47;0.44;0.44;7877827;5670256.500
04/25/2006;0.44;0.47;0.42;0.47;6068827;4338249.000
04/26/2006;0.47;0.49;0.47;0.48;2632967;2033174.625
04/27/2006;0.48;0.49;0.46;0.47;3619749;2739649.500
06/05/2009;6.84;14.88;6.84;10.30;12128756;130106960.000
06/08/2009;10.20;11.33;10.20;11.33;43617156;481451968.000
06/09/2009;12.14;12.46;11.80;12.46;44258891;544069120.000
06/10/2009;13.00;13.54;12.02;12.47;53564783;691535936.000
06/11/2009;12.20;12.51;11.81;12.18;24757717;299842784.000
06/12/2009;12.05;12.17;11.35;11.45;26114172;305624160.000
06/15/2009;11.44;11.65;10.74;10.91;33245392;369780352.000
06/16/2009;10.79;11.06;10.60;10.74;19647526;212081104.000
06/17/2009;10.76;11.34;10.62;11.16;30856686;339452768.000
06/18/2009;11.00;11.00;10.52;10.62;24074203;258676416.000
06/19/2009;10.69;10.94;10.53;10.73;17254196;185435616.000
06/22/2009;10.63;10.76;10.44;10.65;15107979;159717408.000
06/23/2009;10.60;10.88;10.50;10.73;15393647;164992928.000
06/24/2009;10.68;10.71;10.39;10.49;14830802;155425488.000
06/25/2009;10.40;10.87;10.31;10.60;15899108;169268864.000
06/26/2009;10.53;11.66;10.46;11.66;45818363;522200224.000
06/29/2009;11.47;11.94;11.26;11.40;37712399;437659328.000
06/30/2009;11.17;11.47;10.85;10.95;18872664;208451520.000
07/01/2009;11.08;11.59;10.98;11.18;17931624;202564320.000
07/02/2009;11.49;11.65;11.02;11.16;17066058;191910352.000
07/03/2009;10.95;12.09;10.93;11.75;32786588;381108448.000
07/06/2009;11.74;12.60;11.62;12.21;36787949;448276448.000
07/07/2009;12.00;12.38;11.69;11.75;21614016;257197808.000
07/08/2009;11.55;12.09;11.51;11.98;15762729;185596976.000
07/09/2009;12.00;12.03;11.63;11.81;13216771;155556048.000
07/10/2009;11.80;12.35;11.67;12.02;19428725;235140160.000
07/13/2009;12.03;12.96;11.99;12.59;28628828;359899200.000
07/14/2009;12.55;12.85;12.40;12.73;18080831;228227824.000
07/15/2009;12.75;13.23;12.62;12.92;19482624;251302288.000
07/16/2009;12.81;14.12;12.63;13.65;32422870;433798272.000
07/17/2009;13.50;14.85;13.40;14.68;34055163;489023648.000
07/20/2009;14.80;15.17;14.10;14.30;28200788;406257312.000
07/21/2009;14.16;15.50;14.15;15.42;36561900;552438272.000
07/22/2009;15.50;15.98;14.88;15.86;32722921;502827392.000
07/23/2009;15.68;16.88;15.51;16.14;27497383;448321408.000
07/24/2009;16.32;16.35;15.20;15.35;26325067;411831296.000
07/27/2009;15.24;15.57;14.85;15.35;19032753;289233440.000
07/28/2009;15.29;15.58;14.86;15.27;19814046;300884448.000
07/29/2009;15.04;15.06;13.74;13.74;25514611;364327072.000
07/30/2009;13.75;13.99;12.83;13.38;18305716;244600032.000
07/31/2009;13.50;14.13;13.23;14.04;17624733;242363248.000
08/03/2009;13.90;14.03;13.50;13.90;13923162;192069376.000
08/04/2009;13.91;14.35;13.67;13.99;14349175;202422192.000
08/05/2009;13.88;13.88;13.23;13.50;13572885;183836976.000
08/06/2009;13.35;14.15;12.61;13.72;18450013;248114944.000
08/07/2009;13.44;13.77;12.88;13.04;9070991;120982912.000
08/10/2009;13.15;13.33;12.68;12.84;7382458;95689672.000
08/11/2009;12.82;13.39;12.82;13.12;6622109;87178176.000
08/12/2009;13.00;13.24;12.70;12.70;8778330;113622040.000
08/13/2009;12.71;12.97;12.28;12.74;9054301;114689400.000
08/14/2009;12.72;12.72;11.65;11.65;12655062;153470992.000
08/17/2009;11.48;11.48;10.49;10.49;9958523;109243888.000
08/18/2009;10.22;10.78;10.22;10.70;7046007;74282920.000
08/19/2009;10.61;10.86;9.70;9.74;8455782;86237392.000
08/20/2009;9.80;10.29;9.63;10.20;10652454;106749376.000
08/21/2009;10.17;10.48;9.99;10.41;9774099;100234176.000
08/24/2009;10.48;10.59;10.27;10.49;9712376;101239376.000
08/25/2009;10.39;10.39;9.60;9.88;9572779;95420992.000
08/26/2009;9.79;10.87;9.70;10.87;9792893;104785744.000
08/27/2009;11.05;11.50;10.90;11.13;18565488;208137552.000
08/28/2009;10.94;11.08;10.46;10.54;7689151;81956744.000
08/31/2009;10.28;10.28;9.80;9.83;7265592;72350200.000
09/01/2009;9.80;10.52;9.80;10.12;7772565;79314688.000
09/02/2009;10.00;10.31;9.92;10.15;5629594;57018752.000
09/03/2009;10.25;11.00;10.14;10.88;12075920;128699984.000
09/04/2009;10.91;11.24;10.76;11.06;12436202;137067104.000
09/07/2009;11.11;11.35;10.85;10.98;9947176;110550128.000
09/08/2009;10.90;11.46;10.70;11.35;12783158;143397568.000
09/09/2009;11.28;11.40;11.01;11.19;8852801;99041680.000
09/10/2009;11.10;11.35;11.06;11.08;8127775;91003224.000
09/11/2009;11.01;11.37;11.00;11.23;8610726;96700168.000
09/14/2009;11.28;11.68;11.26;11.59;9955162;114650792.000
09/15/2009;11.62;11.65;11.35;11.57;8533539;98088272.000
09/16/2009;11.60;11.68;11.15;11.34;7626298;86892072.000
09/17/2009;11.27;11.95;11.27;11.76;10522252;122120728.000
09/18/2009;11.74;11.75;10.91;11.03;11535340;131121512.000
09/21/2009;10.90;10.90;10.45;10.84;6057072;64582056.000
09/22/2009;10.80;11.11;10.45;10.48;5969015;64497572.000
09/23/2009;10.44;10.68;10.03;10.10;5496703;56816668.000
09/24/2009;10.13;10.43;9.76;10.23;5698565;57779784.000
09/25/2009;10.12;10.29;10.01;10.12;3154764;32006806.000
09/28/2009;10.18;10.37;9.77;9.82;3310022;33225116.000
09/29/2009;9.90;9.90;9.29;9.60;4272298;40823936.000
09/30/2009;9.65;9.86;9.62;9.67;2473589;24066810.000
10/09/2009;9.90;10.18;9.81;10.16;3449483;34715804.000
10/12/2009;10.18;10.18;9.97;10.04;2687266;27065854.000
10/13/2009;10.03;10.28;9.98;10.21;2919151;29629212.000
10/14/2009;10.20;10.93;10.18;10.63;9071753;96705144.000
10/15/2009;10.65;10.75;10.35;10.47;4102775;43247144.000
10/16/2009;10.45;10.58;10.20;10.40;3263091;33878896.000
10/19/2009;10.36;11.00;10.36;10.93;9697102;104962176.000
10/20/2009;11.02;11.18;10.75;10.87;8870733;96078024.000
10/21/2009;10.77;11.89;10.77;11.55;19615969;224457120.000
10/22/2009;11.40;11.58;11.12;11.38;10495939;119518448.000
10/23/2009;11.37;11.77;11.28;11.40;11509058;133134512.000
10/26/2009;11.39;11.74;11.33;11.41;7754708;89044544.000
10/27/2009;11.30;11.30;10.63;10.63;10106098;110228864.000
10/28/2009;10.62;10.79;10.36;10.69;5679864;60114788.000
10/29/2009;10.42;10.42;10.11;10.15;6017736;61821476.000
10/30/2009;10.30;10.50;10.26;10.27;4313463;44693460.000
11/02/2009;10.02;10.52;9.95;10.50;5529191;56820576.000
11/03/2009;10.58;11.03;10.54;10.92;9058578;97918432.000
11/04/2009;10.88;11.29;10.80;11.08;8327096;92249336.000
11/05/2009;11.03;11.20;10.83;10.99;5995775;65974796.000
11/06/2009;11.13;11.35;11.01;11.20;9194584;103109880.000
11/09/2009;11.27;11.69;11.26;11.55;12449591;143286560.000
11/10/2009;11.72;12.20;11.40;12.07;21581865;255160832.000
11/11/2009;11.95;11.99;11.55;11.68;11982979;140987664.000
11/12/2009;11.70;11.85;11.49;11.56;9201099;107043336.000
11/13/2009;11.55;11.66;11.25;11.56;7066005;80817472.000
11/17/2009;12.00;12.29;11.78;11.79;14462086;173425776.000
11/18/2009;11.65;11.86;11.55;11.63;8582319;100167960.000
11/19/2009;11.68;11.99;11.65;11.94;9720018;115383344.000
11/20/2009;11.98;13.13;11.81;13.13;25065045;317865024.000
11/23/2009;13.42;13.49;12.80;13.20;25018506;328641408.000
11/24/2009;13.28;13.88;12.69;12.83;29421895;390522848.000
11/25/2009;12.78;13.68;12.78;13.49;20525119;271173024.000
11/26/2009;13.38;13.90;12.80;12.89;22514646;301536896.000
11/27/2009;12.60;12.73;11.66;11.70;14592969;176964816.000
11/30/2009;11.83;12.10;11.71;12.03;8906230;106186080.000
12/01/2009;12.07;12.24;11.84;12.19;9155182;110559032.000
12/02/2009;12.25;13.05;12.13;12.74;13181887;166717920.000
12/03/2009;12.71;12.72;12.35;12.54;8332673;104038776.000
12/04/2009;12.48;12.89;11.80;12.30;10351994;128553208.000
12/07/2009;12.30;12.75;12.10;12.61;7848310;96924176.000
12/08/2009;12.80;13.04;12.51;12.70;12667306;162173280.000
12/09/2009;12.63;12.65;12.16;12.20;7107074;88057304.000
12/10/2009;12.20;12.38;12.05;12.18;5570720;67807624.000
12/11/2009;12.30;12.30;12.07;12.11;3364284;40892936.000
12/14/2009;12.12;12.22;11.51;11.90;5327639;62928012.000
12/15/2009;11.76;11.77;11.18;11.43;9527152;109219096.000
12/16/2009;11.28;11.62;11.21;11.40;4619774;52877560.000
12/17/2009;11.55;11.79;11.39;11.48;7332558;85054208.000
12/18/2009;11.36;11.36;10.33;10.42;7896524;84603736.000
12/21/2009;10.40;10.77;10.24;10.57;3976392;41696032.000
12/22/2009;10.57;10.57;10.02;10.04;4795668;48906820.000
12/23/2009;10.10;10.20;9.95;10.09;3177993;31990112.000
12/24/2009;10.10;10.39;9.97;10.38;4781709;48916732.000
12/25/2009;10.30;10.56;10.25;10.47;3638326;37988772.000
12/28/2009;10.45;10.68;10.38;10.50;4242754;44682216.000
12/29/2009;10.54;10.64;10.45;10.63;4798106;50661720.000
12/30/2009;10.61;10.80;10.47;10.73;5478972;58378388.000
12/31/2009;10.76;10.79;10.56;10.70;4645666;49577540.000
01/04/2010;10.67;10.72;10.40;10.53;4760116;50241064.000
01/05/2010;10.44;10.58;10.01;10.21;6351964;64871236.000
01/06/2010;10.22;10.44;10.11;10.21;4348976;44582352.000
01/07/2010;10.21;10.35;10.01;10.14;4573182;46420508.000
01/08/2010;10.02;10.31;9.99;10.27;3543124;36197868.000
01/11/2010;10.43;10.51;10.10;10.13;3907271;39923968.000
01/12/2010;10.12;10.33;10.00;10.25;4554676;46291388.000
01/13/2010;10.00;10.13;9.97;10.00;6229132;62415744.000
01/14/2010;10.00;10.09;9.90;10.04;4763872;47721324.000
01/15/2010;10.07;10.29;10.05;10.22;4965107;50690740.000
01/18/2010;10.18;10.49;10.17;10.49;6270695;64733488.000
01/19/2010;10.56;10.58;10.26;10.38;4814357;50051888.000
01/20/2010;10.42;10.45;9.98;9.99;5519159;55918188.000
01/21/2010;9.90;10.18;9.89;10.06;4042266;40391416.000
01/22/2010;10.00;10.04;9.50;9.71;4105788;40193796.000
01/25/2010;9.53;9.70;9.53;9.57;2205150;21141098.000
01/26/2010;9.50;9.63;8.93;9.00;4144624;37931216.000
01/27/2010;9.04;9.11;8.50;8.87;2976661;26402578.000
01/28/2010;8.80;8.94;8.70;8.89;2729830;24097406.000
01/29/2010;8.84;8.94;8.70;8.74;2806614;24711626.000
02/01/2010;8.57;8.70;8.29;8.58;3532529;29838200.000
02/02/2010;8.58;8.72;8.49;8.52;3196114;27512342.000
02/03/2010;8.57;8.77;8.19;8.77;4462028;38005444.000
02/04/2010;8.93;9.33;8.93;9.21;9189760;84232248.000
02/05/2010;8.95;9.10;8.75;8.89;3546830;31588224.000
02/08/2010;8.88;8.90;8.60;8.64;2049643;17815322.000
02/09/2010;8.64;8.64;8.43;8.59;2103907;17983444.000
02/10/2010;8.60;8.73;8.50;8.72;1685624;14531599.000
02/11/2010;8.72;8.85;8.68;8.70;1622902;14189433.000
02/12/2010;8.70;8.78;8.60;8.75;1806998;15724023.000
02/22/2010;8.68;8.74;8.62;8.65;2193628;19056124.000
02/23/2010;8.66;8.69;8.32;8.48;2618630;22095778.000
02/24/2010;8.45;8.82;8.36;8.82;4062458;35076044.000
02/25/2010;8.83;9.14;8.82;9.11;5002781;45119908.000
02/26/2010;9.11;10.02;9.00;10.02;13738022;131578760.000
03/01/2010;10.02;10.15;9.70;9.93;17462508;174378768.000
03/02/2010;9.90;9.90;9.59;9.75;6933485;67435728.000
03/03/2010;9.70;9.71;9.45;9.60;6872655;65691756.000
03/04/2010;9.63;9.96;9.40;9.48;7774601;75914008.000
03/05/2010;9.48;9.68;9.36;9.52;2906154;27652960.000
03/08/2010;9.60;9.69;9.46;9.57;2450665;23463334.000
03/09/2010;9.55;9.90;9.30;9.75;6743892;65358516.000
03/10/2010;9.47;9.75;9.34;9.45;3564078;34135024.000
03/11/2010;9.37;9.59;9.35;9.43;1904152;18000930.000
03/12/2010;9.58;9.59;9.18;9.20;2388978;22342420.000
03/15/2010;9.18;9.20;8.97;8.99;2572207;23253986.000
03/16/2010;8.99;9.08;8.95;9.06;1259971;11379455.000
03/17/2010;9.17;9.35;9.06;9.31;2658318;24546080.000
03/18/2010;9.36;9.85;9.31;9.66;5842048;56152868.000
03/19/2010;9.65;9.85;9.60;9.70;4307093;41784604.000
03/22/2010;9.68;9.68;9.46;9.54;2982694;28464944.000
03/23/2010;9.54;9.54;9.31;9.34;2560200;24082146.000
