002098 浔兴股份 日线
      日期	    开盘	    最高	    最低	    收盘	    成交量	    成交额
12/22/2006;9.10;10.45;9.10;10.37;32475329;335884224.000
12/25/2006;10.90;11.45;10.90;11.45;6090855;71282816.000
12/26/2006;11.76;12.15;11.50;11.74;17205744;209973776.000
12/27/2006;11.40;11.48;10.53;10.89;10186532;115375616.000
12/28/2006;11.13;12.02;10.70;12.02;10212100;120623456.000
12/29/2006;11.58;12.00;11.21;11.50;7529297;90235616.000
01/04/2007;11.50;11.50;10.88;10.96;5228947;59861624.000
01/05/2007;10.68;11.55;10.66;11.10;4506719;52470024.000
01/08/2007;11.00;11.75;11.00;11.53;4212053;50077116.000
01/09/2007;11.58;12.71;11.20;12.27;6523087;81821936.000
01/10/2007;12.25;12.64;11.90;12.48;4603802;58394424.000
01/11/2007;12.36;12.80;12.00;12.03;3964030;50589008.000
01/12/2007;12.00;12.19;11.46;11.55;3970202;48455948.000
01/15/2007;11.80;12.55;11.66;12.48;4950856;62641276.000
01/16/2007;12.48;12.85;12.29;12.72;5519732;71723160.000
01/17/2007;12.80;13.60;12.50;13.00;6256685;83684568.000
01/18/2007;12.99;13.33;12.54;13.20;3675410;49037708.000
01/19/2007;13.36;13.73;13.22;13.48;4127508;57262460.000
01/22/2007;13.52;14.63;13.36;14.31;5481286;78159528.000
01/23/2007;14.30;14.30;13.55;14.00;3228502;46200132.000
01/24/2007;14.15;15.16;13.95;14.86;4879882;73126880.000
01/25/2007;14.93;15.57;14.60;14.66;6219440;96695648.000
01/29/2007;15.12;16.17;15.12;16.17;5951061;96451376.000
01/30/2007;16.59;17.30;16.10;16.60;4535092;76995168.000
01/31/2007;16.40;17.58;15.60;16.10;4492111;77226184.000
02/01/2007;15.70;16.95;15.70;16.68;3595681;60711992.000
02/02/2007;16.70;16.99;16.17;16.60;3050103;51502000.000
02/05/2007;16.33;16.67;15.60;15.63;3661051;59675688.000
02/06/2007;15.60;16.10;14.85;16.10;2279019;35706192.000
02/07/2007;15.88;16.23;15.78;16.21;1865272;30651838.000
02/08/2007;16.30;16.57;15.61;16.39;1977708;32631852.000
02/09/2007;16.45;16.45;15.75;15.87;2094235;34267036.000
02/12/2007;15.83;16.49;15.70;16.26;1915406;31740314.000
02/13/2007;16.41;17.52;16.14;17.40;2436324;42139968.000
02/14/2007;17.60;17.70;16.98;17.31;2044115;36270840.000
02/15/2007;17.40;17.58;17.01;17.41;2069115;36475800.000
02/16/2007;17.40;17.70;17.04;17.07;2490728;43852500.000
02/26/2007;17.20;17.24;16.30;16.80;1992089;34009272.000
02/27/2007;16.61;16.78;15.08;15.08;4192550;67634000.000
02/28/2007;15.40;15.73;15.00;15.55;3653844;57767432.000
03/01/2007;15.48;15.48;14.28;14.38;2507357;37908732.000
03/02/2007;14.30;15.09;14.29;14.61;1905688;28875606.000
03/05/2007;14.70;15.20;14.51;14.94;1533719;23450510.000
03/06/2007;14.93;15.00;14.64;15.00;907177;13850598.000
03/07/2007;15.08;15.35;15.02;15.35;1265350;19742046.000
03/08/2007;15.42;15.68;15.01;15.54;1849588;29220540.000
03/12/2007;15.63;15.74;14.90;15.14;1974859;30984946.000
03/13/2007;15.05;15.13;14.75;14.95;1439183;22063848.000
03/14/2007;14.90;14.90;14.30;14.55;2666693;39775400.000
03/15/2007;14.60;15.00;14.59;14.86;1572285;23976302.000
03/16/2007;14.86;15.55;14.70;15.52;2739235;42891376.000
03/19/2007;14.98;15.50;14.88;15.30;2076441;32581764.000
03/20/2007;15.27;15.49;14.90;15.43;2657607;41152316.000
03/21/2007;15.42;16.10;15.23;15.76;5276111;84758352.000
03/22/2007;15.58;16.00;15.55;15.60;5946025;95703736.000
03/23/2007;15.70;15.73;15.09;15.52;4175880;65924212.000
03/26/2007;15.54;16.30;15.38;16.07;4740770;77169224.000
03/27/2007;16.10;16.50;15.95;16.25;3014487;50132736.000
03/28/2007;16.22;16.35;15.40;16.00;3716787;60390812.000
03/29/2007;15.93;16.68;15.80;16.36;5043962;84370480.000
03/30/2007;16.40;17.08;16.31;16.87;3761233;64370780.000
04/02/2007;17.00;17.18;16.70;16.88;2618427;45310716.000
04/03/2007;16.85;16.88;16.35;16.71;2763279;46865328.000
04/04/2007;16.70;16.88;16.32;16.70;2385198;40473168.000
04/05/2007;16.71;17.30;16.66;17.10;2826042;49366192.000
04/06/2007;17.00;17.02;16.60;16.71;2778091;47658408.000
04/09/2007;16.71;16.97;16.66;16.74;2822592;48388432.000
04/10/2007;16.79;17.50;16.75;17.24;3360504;58941680.000
04/11/2007;17.25;17.30;16.61;16.84;2987800;51626392.000
04/12/2007;16.82;17.17;16.67;16.95;2895406;50057324.000
04/13/2007;17.01;17.01;16.40;16.45;4130064;70545904.000
04/16/2007;16.48;17.49;16.48;17.34;5222033;91457384.000
04/17/2007;16.62;17.30;16.41;16.98;4554337;78247376.000
04/18/2007;16.81;18.60;16.75;18.35;5355169;94598576.000
04/19/2007;18.05;18.05;16.65;16.98;4655548;82581064.000
04/20/2007;17.18;18.40;17.10;18.05;5080848;92965552.000
04/23/2007;18.12;19.45;18.11;18.82;4837048;93636760.000
04/24/2007;18.87;19.59;18.63;18.96;3546279;68940480.000
04/25/2007;18.82;18.82;17.70;18.34;2713925;50536072.000
04/26/2007;18.34;18.53;17.98;18.36;1804941;33636848.000
04/27/2007;18.30;18.48;17.80;17.85;1966865;36285200.000
04/30/2007;17.60;17.77;17.00;17.52;3207830;56910372.000
05/09/2007;17.83;18.10;16.60;17.09;3941344;70118624.000
05/10/2007;17.10;17.86;16.82;17.41;3601513;63494136.000
05/11/2007;17.29;17.86;17.10;17.65;3420827;61374388.000
05/14/2007;17.20;18.16;16.80;17.98;3809427;69572296.000
05/15/2007;17.99;18.79;17.82;18.60;5290434;98783544.000
05/16/2007;18.55;19.04;18.08;19.02;4131292;78549096.000
05/17/2007;19.05;19.60;18.75;19.33;3516218;68656648.000
05/18/2007;19.33;19.45;18.79;19.10;3183132;61887588.000
05/21/2007;18.30;19.35;18.10;18.90;2604718;49870036.000
05/22/2007;18.93;20.70;18.90;20.31;6321016;126948072.000
05/23/2007;20.29;21.04;20.05;20.70;3089633;64238528.000
05/24/2007;20.72;20.77;19.50;20.36;3392618;69089656.000
05/25/2007;20.38;21.30;19.87;21.10;2873034;61246076.000
05/28/2007;21.50;21.94;21.20;21.46;2884807;63151872.000
05/29/2007;21.50;22.10;21.10;21.80;3628046;80562464.000
05/30/2007;19.62;21.50;19.62;21.32;5026149;106457992.000
05/31/2007;21.10;22.90;20.40;22.50;5566879;124472360.000
06/01/2007;22.61;24.40;22.21;22.75;5782391;137122944.000
06/04/2007;22.72;23.46;20.60;21.60;4070644;91227264.000
06/05/2007;21.15;22.26;19.80;21.68;2640289;57004912.000
06/06/2007;21.98;23.24;21.60;23.20;3790956;87792440.000
06/07/2007;23.05;24.56;22.98;24.20;5992990;146843088.000
06/08/2007;23.90;24.39;23.35;23.35;5136342;124098912.000
06/11/2007;23.60;25.10;23.40;24.91;5285225;131518752.000
06/12/2007;24.91;25.28;23.60;24.93;5864350;146233536.000
06/13/2007;24.81;25.25;24.41;24.60;7011283;175974864.000
06/14/2007;24.20;24.48;23.60;24.02;2789071;68192568.000
06/15/2007;24.20;24.55;22.61;23.46;5849465;138874352.000
06/18/2007;23.60;23.88;23.30;23.47;4645544;111330568.000
06/19/2007;23.51;25.70;23.51;25.35;6283738;157327280.000
06/21/2007;24.14;24.70;23.50;23.96;3293560;79985544.000
06/22/2007;23.48;23.95;21.53;21.53;3846787;87237056.000
06/25/2007;21.45;22.05;19.35;19.35;3139522;64058968.000
06/26/2007;18.80;19.95;18.55;19.93;1960043;38485368.000
06/27/2007;20.05;20.40;19.75;20.16;1952958;39843384.000
06/28/2007;20.14;20.16;18.11;18.11;3170530;60771640.000
06/29/2007;17.65;18.15;17.25;17.45;2294555;41153016.000
07/02/2007;17.50;18.13;16.80;17.90;2243127;40189652.000
07/03/2007;17.80;18.27;17.48;17.92;1735100;31622610.000
07/04/2007;18.02;18.20;17.30;17.38;995305;17858442.000
07/05/2007;17.20;17.30;15.85;16.21;2266955;37607364.000
07/06/2007;16.20;17.20;16.01;16.93;1631367;27482252.000
07/09/2007;17.10;17.52;16.72;17.27;1319364;23081018.000
07/10/2007;17.21;17.21;16.20;16.53;1214502;20659242.000
07/11/2007;16.40;17.00;16.36;16.70;1093077;18579454.000
07/12/2007;16.36;17.58;16.36;17.58;1212107;20876550.000
07/13/2007;17.54;17.54;17.04;17.20;997409;17469212.000
07/16/2007;17.20;17.45;16.58;16.62;900180;15679718.000
07/17/2007;16.62;17.35;16.42;17.14;719350;12470468.000
07/18/2007;17.33;17.78;17.15;17.40;1722306;30735134.000
07/20/2007;17.57;17.99;17.40;17.89;1258061;22762588.000
07/23/2007;17.89;18.62;17.89;18.48;1837689;34142424.000
07/24/2007;18.48;19.15;18.20;18.27;1476200;27975054.000
07/25/2007;18.25;18.69;18.02;18.60;2596586;48346644.000
07/26/2007;18.73;18.84;18.35;18.56;1628516;30794976.000
07/27/2007;18.49;18.99;18.09;18.88;2273530;42878664.000
07/30/2007;18.85;19.20;18.66;18.86;2895287;55886748.000
07/31/2007;19.05;20.78;18.88;20.78;5635089;114933904.000
08/01/2007;21.19;21.30;19.43;19.56;3652843;75325776.000
08/02/2007;19.76;21.15;19.76;20.94;3092655;64095392.000
08/03/2007;21.38;21.38;20.55;20.92;2437640;51825300.000
08/06/2007;21.08;21.37;20.20;21.22;2897903;60948428.000
08/07/2007;21.36;21.55;20.71;20.71;2431896;51815916.000
08/08/2007;20.25;20.61;18.70;19.15;2469917;49130988.000
08/09/2007;18.89;19.50;18.87;18.91;1711892;33111016.000
08/10/2007;18.91;18.91;17.81;18.08;1744838;32521294.000
08/13/2007;17.91;19.18;17.91;18.59;1488325;28336260.000
08/14/2007;18.71;19.10;18.38;18.90;954017;18284818.000
08/16/2007;18.79;18.90;18.25;18.61;898510;16983806.000
08/17/2007;18.66;18.95;18.41;18.78;846036;16099831.000
08/20/2007;19.37;19.37;18.80;19.30;1141179;22164462.000
08/21/2007;19.50;19.59;18.72;18.90;1564533;30198468.000
08/22/2007;18.70;19.08;18.52;18.90;1709513;32715882.000
08/23/2007;19.09;19.09;18.70;18.89;1486224;28404488.000
08/24/2007;18.96;19.18;18.71;19.00;1496245;28835668.000
08/27/2007;19.01;19.20;18.75;18.90;1413543;27155884.000
08/28/2007;18.90;18.90;18.23;18.47;1618851;30388234.000
08/29/2007;18.48;19.20;18.05;18.80;1587558;29751802.000
08/30/2007;18.86;19.10;18.48;19.00;1587085;30314068.000
08/31/2007;19.17;19.58;19.10;19.36;2234673;43956124.000
09/03/2007;19.60;20.40;19.60;20.27;4076586;83188808.000
09/04/2007;20.27;20.27;19.40;19.65;2084618;42245132.000
09/05/2007;19.70;19.79;19.11;19.38;1466544;28846686.000
09/06/2007;19.42;19.69;19.30;19.36;1385930;27424996.000
09/07/2007;19.36;19.37;18.82;18.88;1580871;30485200.000
09/10/2007;18.83;18.95;18.38;18.95;1101275;20851458.000
09/11/2007;18.96;19.10;17.40;17.50;1817548;33656920.000
09/12/2007;17.58;18.15;16.98;17.80;1595902;28581462.000
09/13/2007;17.78;18.20;17.68;17.86;1368805;25038228.000
09/14/2007;17.88;18.00;17.38;17.65;1582505;28388630.000
09/17/2007;17.60;17.85;17.34;17.66;1422234;25466884.000
09/18/2007;17.68;18.34;17.60;17.76;1355613;24683420.000
09/19/2007;17.82;18.16;17.56;17.72;1088850;19702800.000
09/20/2007;17.90;17.98;17.71;17.80;870116;15741177.000
09/21/2007;17.86;18.28;17.70;18.08;1025481;18775302.000
09/24/2007;18.10;18.20;17.40;17.54;932823;16663662.000
09/25/2007;17.55;17.55;17.02;17.10;993194;17404126.000
09/26/2007;17.05;17.42;17.00;17.10;526566;9186822.000
09/27/2007;17.30;17.32;17.00;17.25;631848;11024007.000
09/28/2007;17.30;17.83;17.25;17.62;907424;16193082.000
10/08/2007;17.80;17.90;17.40;17.55;715630;12826258.000
10/09/2007;17.41;18.38;17.40;18.32;1811198;33406466.000
10/10/2007;18.60;19.30;18.60;18.86;3413691;66038820.000
10/11/2007;19.01;19.46;18.31;18.42;1419442;26978258.000
10/12/2007;18.42;18.80;16.77;17.80;2014925;36952480.000
10/15/2007;17.78;19.06;17.58;18.90;1683255;31554730.000
10/16/2007;18.88;19.30;18.70;18.90;1305697;25234414.000
10/17/2007;18.72;19.32;18.60;18.93;922135;17836758.000
10/18/2007;19.00;19.00;17.94;18.12;834500;15621590.000
10/19/2007;18.20;18.57;17.90;18.21;508091;9427510.000
10/22/2007;18.20;18.83;17.98;18.50;665229;12494944.000
10/23/2007;18.50;19.62;18.46;19.33;3531398;69265784.000
10/24/2007;18.94;19.52;18.94;19.10;1254657;24497964.000
10/25/2007;19.00;19.01;17.30;17.56;1586563;28908744.000
10/26/2007;17.21;17.98;17.21;17.36;1035534;18400358.000
10/29/2007;17.38;17.57;16.27;16.80;662789;11270207.000
10/30/2007;16.80;17.46;16.80;17.19;448201;7867931.000
10/31/2007;17.25;17.90;17.22;17.81;528336;9497481.000
11/01/2007;17.85;18.01;17.28;17.66;555340;9932017.000
11/02/2007;17.38;18.00;17.35;17.75;570849;10298542.000
11/05/2007;17.50;18.23;17.50;17.70;379036;6906522.000
11/06/2007;17.54;18.00;17.54;17.60;312162;5623097.500
11/07/2007;17.70;18.08;17.64;17.80;387099;7038267.000
11/08/2007;17.71;17.98;16.88;17.00;515300;9116665.000
11/09/2007;16.80;17.18;16.51;16.60;747573;12749726.000
11/12/2007;16.40;16.56;15.40;15.92;681207;11153916.000
11/13/2007;16.09;16.42;15.96;15.96;357000;5906035.000
11/14/2007;16.28;16.50;16.15;16.41;264813;4404348.000
11/15/2007;16.51;16.79;16.22;16.25;271261;4544436.500
11/16/2007;16.08;16.30;16.08;16.27;294496;4847558.500
11/19/2007;16.27;16.66;16.27;16.62;491600;8247125.000
11/20/2007;16.58;17.12;16.32;16.89;529036;9077064.000
11/21/2007;16.81;17.28;16.50;16.57;384836;6605853.500
11/22/2007;16.57;16.68;16.00;16.03;412840;6887153.500
11/23/2007;15.90;16.15;15.86;16.15;429996;6984432.500
11/26/2007;16.35;16.53;16.05;16.30;723860;11940176.000
11/27/2007;16.28;16.30;16.07;16.12;191180;3146049.750
11/28/2007;16.05;16.30;15.81;15.88;297550;4860457.000
11/29/2007;16.00;16.69;15.58;16.20;1432939;23417268.000
11/30/2007;16.28;16.28;15.77;15.78;373217;6091578.000
12/03/2007;15.80;16.16;15.77;15.95;377180;6146971.500
12/04/2007;15.93;16.25;15.91;16.09;445227;7313531.500
12/05/2007;16.00;16.61;16.00;16.49;505772;8465410.000
12/06/2007;16.67;16.90;16.48;16.71;629600;10750691.000
12/07/2007;16.86;16.94;16.73;16.85;330500;5662294.000
12/10/2007;16.51;17.28;16.51;17.17;700412;12143163.000
12/11/2007;17.23;17.49;17.11;17.47;984957;17335636.000
12/12/2007;17.20;17.88;17.20;17.70;1218804;21908302.000
12/13/2007;17.74;18.10;17.10;17.35;796363;14356792.000
12/14/2007;17.24;17.82;16.91;17.80;667254;11869894.000
12/17/2007;17.80;18.40;17.71;18.20;1524485;28148874.000
12/18/2007;18.34;18.34;17.71;17.87;372670;6807148.000
12/19/2007;18.20;18.22;17.88;18.04;408092;7502867.500
12/20/2007;18.00;18.48;17.98;18.10;512495;9445831.000
12/21/2007;17.89;18.68;17.77;18.34;614100;11442270.000
12/24/2007;18.36;19.48;18.36;19.23;2051122;39806636.000
12/25/2007;19.28;20.06;19.11;19.47;1835784;36644512.000
12/26/2007;19.70;20.53;19.50;20.40;2412481;49401504.000
12/27/2007;20.52;21.50;20.52;21.41;2808010;60089632.000
12/28/2007;21.42;21.66;20.93;21.20;1314962;28223434.000
01/02/2008;21.20;22.52;21.20;22.35;1639571;36799360.000
01/03/2008;22.55;22.55;21.88;22.20;1180093;26518006.000
01/04/2008;22.20;22.62;20.70;21.82;1779715;38814528.000
01/07/2008;21.58;22.50;20.85;22.20;1281253;28471822.000
01/08/2008;22.17;22.45;21.32;21.60;1114696;24754110.000
01/09/2008;21.38;21.82;21.37;21.75;656598;14417098.000
01/10/2008;21.99;23.19;21.55;22.72;2276175;51803792.000
01/11/2008;22.70;23.07;22.20;23.01;978761;22592404.000
01/14/2008;23.30;24.03;23.27;23.79;2084181;50138820.000
01/15/2008;23.90;24.50;23.53;23.83;1554084;37832672.000
01/16/2008;23.83;24.28;23.60;23.90;1072667;25984064.000
01/17/2008;23.70;23.70;21.99;23.48;1487040;34900752.000
01/18/2008;23.20;24.14;22.85;23.62;948854;22641266.000
01/21/2008;23.58;24.06;22.31;22.70;1069631;24908336.000
01/22/2008;22.21;22.65;20.70;21.18;2593888;57136980.000
01/23/2008;20.92;23.33;20.92;23.33;2014236;45747796.000
01/24/2008;23.57;25.65;23.00;25.12;3115442;77603784.000
01/25/2008;25.12;25.85;24.50;24.74;2157216;55110536.000
01/28/2008;24.35;25.50;23.73;24.70;1695517;42193128.000
01/29/2008;24.70;25.70;23.25;23.68;1247026;30545810.000
01/30/2008;23.90;24.45;22.31;22.99;1527179;35677152.000
01/31/2008;22.99;22.99;21.70;21.70;742873;16870842.000
02/01/2008;21.52;22.15;19.81;21.10;1350529;28795874.000
02/04/2008;21.68;23.24;21.68;23.21;1085470;25095348.000
02/05/2008;23.49;23.49;22.60;22.87;560109;13103812.000
02/13/2008;22.85;23.19;22.20;22.56;276761;6357221.000
02/14/2008;22.56;23.22;22.56;23.11;736333;17044268.000
02/15/2008;22.80;23.59;22.76;23.36;543712;12813447.000
02/18/2008;23.69;24.20;23.60;23.86;1180929;28553984.000
02/19/2008;23.86;24.07;23.30;23.83;620492;14867026.000
02/20/2008;23.85;24.06;22.60;22.65;1086340;25614450.000
02/21/2008;22.65;22.98;21.71;22.50;1011428;22703674.000
02/22/2008;22.50;22.50;21.30;21.71;883402;19546250.000
02/25/2008;21.42;22.06;20.96;21.02;785218;17029206.000
02/26/2008;21.58;21.88;20.20;20.80;782151;16599144.000
02/27/2008;21.13;21.55;20.55;21.17;386610;8313364.500
02/28/2008;21.30;21.58;20.39;20.68;816392;17277308.000
02/29/2008;20.70;21.18;20.65;21.14;896834;19030312.000
03/03/2008;21.50;21.97;21.30;21.60;1102703;24194540.000
03/04/2008;21.50;21.90;20.60;20.85;1659146;35610208.000
03/05/2008;20.86;20.86;19.48;19.55;1891973;38125212.000
03/06/2008;19.75;20.10;19.56;19.95;1118519;22517764.000
03/07/2008;19.97;19.97;18.70;18.96;1625554;31448690.000
03/10/2008;18.91;18.91;18.02;18.35;894122;16747742.000
03/11/2008;18.25;18.90;17.92;18.89;695900;12968037.000
03/12/2008;19.00;19.44;18.25;18.27;606693;11560147.000
03/13/2008;18.50;18.50;16.83;17.38;560350;9977904.000
03/14/2008;17.67;17.97;16.91;17.82;441128;7777166.500
03/17/2008;17.78;17.78;16.70;16.71;568722;9899693.000
03/18/2008;16.72;16.96;15.01;15.09;977815;15804270.000
03/19/2008;15.48;16.48;15.20;15.98;1043769;16908730.000
03/20/2008;15.90;16.87;15.30;16.69;672139;11016735.000
03/21/2008;16.70;17.08;16.28;16.73;527319;8948088.000
03/24/2008;16.83;17.19;16.50;16.50;753340;12856434.000
03/25/2008;16.50;16.50;15.70;16.30;847937;13785940.000
03/26/2008;16.60;16.88;16.30;16.65;1109981;18754808.000
03/27/2008;16.50;17.00;15.88;16.30;854100;14416393.000
03/28/2008;16.19;16.85;15.75;16.85;1360865;22731990.000
03/31/2008;16.50;16.85;16.21;16.69;899449;15103072.000
04/01/2008;16.70;16.70;15.21;15.30;820341;13256545.000
04/02/2008;15.69;16.68;14.30;14.64;981580;15239394.000
04/03/2008;14.41;15.40;14.41;15.01;942416;14406080.000
04/07/2008;14.80;16.19;14.80;15.88;949908;15134289.000
04/08/2008;16.07;16.50;15.71;16.33;1009689;16623496.000
04/09/2008;16.19;16.35;15.30;15.30;473245;7706372.000
04/10/2008;15.05;15.55;14.71;15.30;246279;3818573.750
04/11/2008;15.52;15.62;15.05;15.38;569011;8923263.000
04/14/2008;15.20;15.20;14.04;14.08;610050;9029829.000
04/15/2008;14.20;14.29;13.58;13.91;694142;9803939.000
04/16/2008;13.79;13.98;13.06;13.06;512012;6996438.500
04/17/2008;13.12;13.49;12.18;12.18;615918;7936573.000
04/18/2008;11.91;12.60;11.91;12.08;429595;5373580.500
04/21/2008;13.20;13.31;11.39;12.18;1354759;17089254.000
04/22/2008;12.07;12.07;11.02;11.70;825866;9762434.000
04/23/2008;11.50;12.10;11.25;12.00;1913080;23280288.000
04/24/2008;13.03;13.23;12.39;13.12;5007370;66099056.000
04/25/2008;12.60;13.43;12.60;13.05;2887343;38528456.000
04/28/2008;12.85;13.10;12.28;12.65;1995128;25706262.000
04/29/2008;12.65;12.70;12.15;12.45;1935943;24547450.000
04/30/2008;12.50;13.18;12.45;13.14;3824539;50360896.000
05/05/2008;13.50;14.47;13.23;14.40;6567396;93654480.000
05/06/2008;14.15;14.45;13.80;14.22;3328205;48089132.000
05/07/2008;14.22;14.74;13.80;13.83;3000528;43627496.000
05/08/2008;13.55;14.11;13.32;14.11;1543119;21745846.000
05/09/2008;14.15;14.38;13.40;13.88;1818818;25764442.000
05/12/2008;13.69;14.60;13.18;14.29;2296781;32595692.000
05/13/2008;13.70;14.18;13.50;13.98;2121891;30065664.000
05/14/2008;13.97;14.64;13.92;14.56;2430289;35808016.000
05/15/2008;14.75;14.88;14.34;14.34;2268896;33738168.000
05/16/2008;14.34;14.50;13.72;13.93;1114877;15956965.000
05/20/2008;13.90;14.10;12.51;12.51;1388940;18798094.000
05/21/2008;12.20;12.62;11.71;12.48;1854138;22870918.000
05/22/2008;12.20;12.55;12.00;12.18;1485221;18584724.000
05/23/2008;12.30;12.50;11.85;12.00;1062447;13186589.000
05/26/2008;12.00;12.00;11.50;11.50;876221;10520721.000
05/27/2008;11.50;11.79;11.45;11.62;518501;6174920.000
05/28/2008;11.65;12.30;11.65;12.24;893995;11052101.000
05/29/2008;12.20;12.27;11.70;11.79;733418;9071217.000
05/30/2008;11.78;11.95;11.60;11.88;658179;7973976.500
06/02/2008;11.85;12.22;11.76;12.12;622860;7694143.500
06/03/2008;12.12;12.29;11.97;12.10;491089;6093255.000
06/04/2008;12.15;12.15;11.65;11.83;665041;8019526.000
06/05/2008;11.75;11.88;11.51;11.83;393587;4719036.000
06/06/2008;11.83;12.27;11.75;12.10;1170480;14477985.000
06/10/2008;11.41;11.70;10.86;10.86;909750;10389380.000
06/11/2008;10.85;10.85;9.95;10.30;847885;8897096.000
06/12/2008;10.25;10.28;9.58;9.91;829269;8484521.000
06/13/2008;9.81;10.08;9.45;9.50;714305;7153608.500
06/16/2008;9.55;9.68;9.15;9.26;600527;5778706.500
06/17/2008;9.26;9.76;8.96;9.73;1301179;12728357.000
06/18/2008;9.68;10.18;9.29;10.11;1649209;16751403.000
06/19/2008;9.81;9.92;9.07;9.07;1075695;10499158.000
06/20/2008;9.10;9.36;8.34;8.78;1115495;10351435.000
06/23/2008;8.58;8.78;8.01;8.10;982085;8514734.000
06/24/2008;8.20;8.38;7.93;8.28;720613;6139615.000
06/25/2008;8.40;8.81;8.22;8.77;919795;8181316.000
06/26/2008;8.80;9.04;8.71;8.97;948419;8686603.000
06/27/2008;8.60;8.60;8.05;8.11;962046;8281123.000
06/30/2008;7.96;8.23;7.95;8.12;459795;3847524.000
07/01/2008;8.12;8.29;8.00;8.15;436539;3679905.000
07/02/2008;8.14;8.58;8.13;8.40;663599;5758470.500
07/03/2008;8.20;8.88;8.15;8.73;923726;8243920.000
07/04/2008;8.73;8.76;8.41;8.70;856454;7655991.000
07/07/2008;8.70;9.10;8.68;9.08;1491384;13876084.000
07/08/2008;9.16;9.20;8.88;9.15;1529416;14368364.000
07/09/2008;9.20;9.68;9.20;9.44;2507207;24187842.000
07/10/2008;9.40;9.64;9.35;9.35;1748773;17106800.000
07/11/2008;9.23;9.44;8.96;9.04;1239081;11634695.000
07/14/2008;8.93;9.36;8.93;9.35;883949;8373208.000
07/15/2008;9.45;9.63;9.06;9.15;1468531;14119415.000
07/16/2008;9.20;9.20;8.31;8.46;1408412;12337656.000
07/17/2008;8.60;8.71;8.30;8.30;1296909;11142489.000
07/18/2008;8.36;8.60;7.71;8.07;1969770;16111511.000
07/21/2008;8.03;8.89;7.90;8.89;5873172;51886204.000
07/22/2008;9.40;9.79;9.11;9.79;12375196;119496696.000
07/23/2008;9.78;10.08;9.51;9.70;9919152;97933800.000
07/24/2008;9.69;10.16;9.60;9.94;6007755;59994796.000
07/25/2008;9.71;9.95;9.60;9.70;4111869;40578568.000
07/28/2008;9.76;10.21;9.53;10.09;4701443;47255852.000
07/29/2008;9.90;10.22;9.69;9.70;3857379;38727212.000
07/30/2008;9.80;10.07;9.21;9.41;3352604;32709330.000
07/31/2008;9.43;9.50;8.85;8.90;2851329;26153288.000
08/01/2008;8.95;9.44;8.91;9.20;2794035;25780822.000
08/04/2008;9.10;9.12;8.46;8.59;2232976;20012900.000
08/05/2008;8.56;8.76;8.27;8.31;1261068;10869413.000
08/06/2008;8.38;8.64;8.20;8.35;1252930;10633541.000
08/07/2008;8.35;8.56;8.28;8.56;980871;8345548.500
08/08/2008;8.61;8.61;7.69;7.69;2452743;19803350.000
08/11/2008;7.70;7.75;6.91;6.91;1536501;11163608.000
08/12/2008;6.80;6.83;6.51;6.60;1947858;13160652.000
08/13/2008;6.62;6.67;6.21;6.58;1317561;8586353.000
08/14/2008;6.46;6.69;6.36;6.52;903461;5975658.000
08/15/2008;6.53;6.67;6.40;6.61;956087;6369826.500
08/18/2008;6.60;6.61;5.94;5.94;1716697;10753424.000
08/19/2008;5.74;6.05;5.70;6.02;1058726;6400433.000
08/20/2008;6.01;6.63;5.86;6.63;2683347;17733838.000
08/21/2008;6.51;6.63;6.15;6.19;2058325;13354528.000
08/22/2008;6.15;6.18;5.91;6.00;1022620;6248518.000
08/25/2008;6.00;6.20;5.96;6.06;686260;4256698.500
08/26/2008;6.00;6.02;5.50;5.71;972676;5695632.500
08/27/2008;5.67;5.86;5.63;5.76;875251;5117964.000
08/28/2008;5.73;5.94;5.70;5.88;788533;4690434.000
08/29/2008;5.92;6.20;5.90;6.13;1280842;7905516.000
09/01/2008;6.08;6.08;5.86;5.95;976440;5892090.000
09/02/2008;5.91;6.17;5.85;6.08;843689;5182405.500
09/03/2008;6.08;6.14;5.89;6.04;856314;5209836.000
09/04/2008;6.09;6.23;5.99;6.18;831538;5156514.000
09/05/2008;5.95;6.03;5.77;5.80;984483;5928637.500
09/08/2008;5.80;5.90;5.45;5.55;914363;5203873.000
09/09/2008;5.60;5.67;5.50;5.60;498023;2825157.750
09/10/2008;5.56;5.75;5.45;5.61;825792;4722584.000
09/11/2008;5.55;5.60;5.31;5.40;731359;4051499.000
09/12/2008;5.41;5.51;5.40;5.43;309780;1716580.625
09/16/2008;5.39;5.44;5.22;5.35;775657;4223192.500
09/17/2008;5.35;5.37;5.14;5.16;567711;3028701.250
09/18/2008;5.05;5.14;4.73;4.95;1184382;5967614.500
09/19/2008;5.44;5.46;5.32;5.46;1202548;6667390.500
09/22/2008;5.70;5.97;5.46;5.63;3176213;18440468.000
09/23/2008;5.47;5.47;5.14;5.18;1308682;7025183.500
09/24/2008;5.08;5.25;5.00;5.25;835701;4350633.500
09/25/2008;5.23;5.46;5.15;5.38;1763779;9652357.000
09/26/2008;5.38;5.45;5.17;5.25;1230110;6625137.500
10/06/2008;5.17;5.17;4.80;4.97;1027098;5191508.500
10/07/2008;4.85;4.97;4.74;4.90;667935;3302157.250
10/08/2008;4.81;4.86;4.73;4.79;794157;3880944.000
10/09/2008;4.88;4.88;4.73;4.75;495898;2429154.250
10/10/2008;4.58;4.58;4.27;4.32;969576;4355590.000
10/13/2008;4.33;4.49;4.12;4.49;987716;4333819.500
10/14/2008;4.57;4.68;4.25;4.26;902490;4130395.250
10/15/2008;4.27;4.30;4.12;4.22;548409;2352911.750
10/16/2008;4.00;4.06;3.88;3.90;949500;3839828.750
10/17/2008;3.91;3.99;3.86;3.92;747349;3010898.500
10/20/2008;3.90;4.10;3.88;4.07;778960;3188093.500
10/21/2008;4.07;4.22;4.01;4.09;992437;4179984.250
10/22/2008;4.10;4.29;4.09;4.12;2143115;9129076.000
10/23/2008;4.02;4.09;3.93;4.09;1057320;4334493.500
10/24/2008;4.10;4.15;3.95;4.01;805812;3345733.000
10/27/2008;3.99;3.99;3.60;3.61;1388008;5376389.500
10/28/2008;3.60;3.78;3.50;3.71;1149628;4337955.500
10/29/2008;3.78;3.82;3.62;3.62;985019;3767231.500
10/30/2008;3.63;3.77;3.52;3.73;951547;3583279.250
10/31/2008;3.73;3.73;3.61;3.70;596547;2256997.250
11/03/2008;3.61;3.73;3.61;3.68;449070;1692586.250
11/04/2008;3.68;3.70;3.59;3.65;587410;2194916.500
11/05/2008;3.72;3.96;3.63;3.82;1183563;4616187.000
11/06/2008;3.72;3.85;3.68;3.73;986998;3808531.750
11/07/2008;3.68;3.94;3.66;3.90;1423747;5633020.500
11/10/2008;4.00;4.30;3.91;4.28;2949686;12492336.000
11/11/2008;4.20;4.32;4.12;4.13;2315651;10010283.000
11/12/2008;4.06;4.23;4.06;4.23;1199639;5119324.500
11/13/2008;4.13;4.49;4.11;4.40;2238722;9989648.000
11/14/2008;4.42;4.68;4.30;4.68;3219684;14668502.000
11/17/2008;4.58;4.85;4.51;4.83;3259518;15613414.000
11/18/2008;4.78;4.82;4.34;4.34;3409504;15953186.000
11/19/2008;4.31;4.65;4.29;4.63;3069525;14048475.000
11/20/2008;4.58;4.96;4.57;4.67;4211689;20538150.000
11/21/2008;4.46;4.67;4.30;4.46;2637263;12084210.000
11/24/2008;4.47;4.56;4.18;4.18;2177251;9728712.000
11/25/2008;4.26;4.30;4.15;4.25;1090728;4719221.500
11/26/2008;4.21;4.33;4.21;4.28;806480;3526701.750
11/27/2008;4.55;4.65;4.31;4.32;1672252;7641282.500
11/28/2008;4.34;4.36;4.20;4.24;854323;3724884.000
12/01/2008;4.24;4.60;4.15;4.60;2478249;11331146.000
12/02/2008;4.50;4.94;4.45;4.84;4508675;22049016.000
12/03/2008;4.90;5.19;4.84;5.08;4994265;25534342.000
12/04/2008;5.11;5.18;4.96;4.97;6179511;31945332.000
12/05/2008;4.91;5.41;4.90;5.32;4449105;23286508.000
12/08/2008;5.35;5.69;5.23;5.68;5171158;28786010.000
12/09/2008;5.64;5.64;5.34;5.38;3516344;19545986.000
12/10/2008;5.31;5.64;5.24;5.52;3457150;19197620.000
12/11/2008;5.59;5.95;5.55;5.58;6227632;36269348.000
12/12/2008;5.49;5.53;5.15;5.27;3293470;17691960.000
12/15/2008;5.33;5.51;5.08;5.27;1610405;8614401.000
12/16/2008;5.22;5.39;5.10;5.38;1767743;9429001.000
12/17/2008;5.38;5.55;5.27;5.39;2249764;12494465.000
12/18/2008;5.44;5.59;5.33;5.55;2376144;13298417.000
12/19/2008;5.54;5.75;5.50;5.63;2479165;14288969.000
12/22/2008;5.60;5.90;5.51;5.80;3491638;20286556.000
12/23/2008;5.84;5.96;5.30;5.39;4193663;24380624.000
12/24/2008;5.32;5.32;5.00;5.09;1913150;10113879.000
12/25/2008;5.10;5.19;5.00;5.08;1188918;6156104.000
12/26/2008;5.10;5.23;5.06;5.14;1197143;6299515.000
12/29/2008;5.10;5.12;4.88;5.06;953283;4845191.500
12/30/2008;5.06;5.19;4.96;5.09;1290201;6691418.000
12/31/2008;5.09;5.33;5.05;5.05;1281241;6788824.500
01/05/2009;5.10;5.35;5.08;5.30;1260741;6737569.500
01/07/2009;5.43;5.58;5.35;5.39;5878207;32623326.000
01/08/2009;5.20;5.37;5.04;5.29;2624623;13904078.000
01/09/2009;5.26;5.51;5.22;5.47;3049626;16844550.000
01/12/2009;5.53;5.73;5.47;5.48;4892299;27891524.000
01/13/2009;5.44;5.44;5.20;5.21;2029645;10969361.000
01/14/2009;5.10;5.48;5.10;5.44;1929400;10445885.000
01/15/2009;5.34;5.54;5.32;5.46;2309044;12758180.000
01/16/2009;5.46;5.60;5.44;5.50;3073068;17313580.000
01/19/2009;5.50;5.68;5.36;5.66;3417202;19231836.000
01/20/2009;5.60;5.69;5.55;5.62;1953077;11175784.000
01/21/2009;5.57;5.65;5.40;5.50;1934439;10904779.000
01/22/2009;5.52;5.56;5.44;5.51;1405218;7873554.500
01/23/2009;5.51;5.56;5.42;5.46;1736251;9677214.000
02/02/2009;5.48;5.63;5.47;5.61;1678181;9507686.000
02/03/2009;5.66;5.91;5.66;5.90;5021797;29670078.000
02/04/2009;5.95;5.97;5.76;5.92;3425044;20466396.000
02/05/2009;5.89;5.97;5.71;5.78;4627606;27508500.000
02/06/2009;5.77;6.34;5.77;6.23;5643970;34750712.000
02/09/2009;6.21;6.58;6.15;6.29;5122155;32875246.000
02/10/2009;6.30;6.65;6.18;6.58;5669926;36885008.000
02/11/2009;6.46;6.86;6.40;6.58;5127349;34625764.000
02/12/2009;6.55;6.82;6.42;6.78;4065106;27342160.000
02/13/2009;6.90;7.07;6.81;7.00;4335878;30559012.000
02/16/2009;7.12;7.12;6.75;7.02;5783501;40526104.000
02/17/2009;7.02;7.02;6.58;6.59;3906804;26769246.000
02/18/2009;6.40;6.52;6.10;6.15;3434858;22156560.000
02/19/2009;6.20;6.37;6.15;6.29;3200432;20375702.000
02/20/2009;6.30;6.55;6.28;6.47;3138349;20499086.000
02/23/2009;6.47;7.04;6.42;6.95;5456922;37220880.000
02/24/2009;6.80;7.36;6.75;7.24;10524940;75022288.000
02/25/2009;7.20;7.22;6.90;7.02;6771739;48480824.000
02/26/2009;7.00;7.20;6.31;6.31;6807581;46645456.000
02/27/2009;6.30;6.39;5.67;5.73;4229164;25636136.000
03/02/2009;5.60;5.85;5.60;5.77;1986496;11651556.000
03/03/2009;5.60;5.80;5.34;5.80;2727075;15601296.000
03/04/2009;5.80;6.15;5.74;6.11;3765838;23039046.000
03/05/2009;6.20;6.22;5.98;6.13;3651965;22683384.000
03/06/2009;6.04;6.14;5.94;6.05;2749322;16883286.000
03/09/2009;6.06;6.17;5.72;5.77;2819590;17120494.000
03/10/2009;5.69;5.95;5.61;5.95;1781204;10481018.000
03/11/2009;6.06;6.21;5.98;6.05;3444413;21325424.000
03/12/2009;6.05;6.10;5.84;6.08;1753270;10663591.000
03/13/2009;6.09;6.16;5.97;5.97;2055078;12706835.000
03/16/2009;5.93;6.23;5.89;6.21;3198572;19843496.000
03/17/2009;6.17;6.67;6.10;6.54;6345331;41762228.000
03/18/2009;6.52;6.67;6.46;6.50;5191409;34548168.000
03/19/2009;6.57;6.61;6.41;6.58;3968638;26290896.000
03/20/2009;6.59;6.62;6.37;6.50;2946529;19464070.000
03/23/2009;6.54;6.78;6.50;6.64;3962604;26633512.000
03/24/2009;6.71;6.90;6.53;6.71;3962455;26929770.000
03/25/2009;6.69;6.86;6.54;6.54;3208918;21882034.000
03/26/2009;6.51;6.65;6.36;6.65;3042011;20142824.000
03/27/2009;6.69;6.79;6.60;6.72;3278900;22288076.000
03/30/2009;6.77;6.87;6.68;6.82;3314225;22803938.000
03/31/2009;6.74;7.07;6.63;7.07;5329316;37081724.000
04/01/2009;7.12;7.40;6.95;7.33;8739020;63447588.000
04/02/2009;7.25;7.29;7.12;7.15;5600730;40898132.000
04/03/2009;7.18;7.23;6.90;7.03;3527173;25127174.000
04/07/2009;7.04;7.13;7.00;7.12;3164703;22694664.000
04/08/2009;7.15;7.23;6.80;6.85;4424703;31827504.000
04/09/2009;6.75;6.90;6.56;6.80;3093731;21127722.000
04/10/2009;6.83;7.06;6.82;7.00;3352514;23679870.000
04/13/2009;7.07;7.27;7.01;7.12;4798759;34736196.000
04/14/2009;7.15;7.35;7.05;7.32;5261273;38375472.000
04/15/2009;7.34;7.50;7.17;7.50;6202159;46137704.000
04/16/2009;7.60;7.68;7.25;7.34;5193116;39008620.000
04/17/2009;7.30;7.39;7.04;7.09;5150782;37503976.000
04/20/2009;7.05;7.78;7.05;7.65;6626621;50236676.000
04/21/2009;7.58;7.72;7.40;7.62;5879883;45076576.000
04/22/2009;7.66;7.80;7.16;7.27;5517658;42255032.000
04/23/2009;7.20;7.34;6.91;7.20;3053942;22085228.000
04/24/2009;7.18;7.33;7.14;7.20;2787234;20482694.000
04/27/2009;7.20;7.20;6.60;6.60;3333032;23022656.000
04/28/2009;6.57;6.73;6.49;6.71;2706452;18213506.000
04/29/2009;6.66;7.39;6.65;7.39;4807044;34598812.000
04/30/2009;7.46;7.72;7.26;7.31;8338965;63299252.000
05/04/2009;7.18;7.57;7.15;7.43;4789778;35910240.000
05/05/2009;7.73;7.85;7.48;7.55;6165281;47719396.000
05/06/2009;7.52;7.68;7.36;7.62;4411509;33807764.000
05/07/2009;7.61;7.65;7.27;7.47;4067273;30660914.000
05/08/2009;7.35;7.98;7.35;7.77;7233906;56162264.000
05/11/2009;7.76;7.88;7.40;7.40;4764367;36786724.000
05/12/2009;7.31;7.65;7.31;7.59;3307534;25115188.000
05/13/2009;7.59;8.00;7.49;7.86;8182440;64592976.000
05/14/2009;7.79;7.85;7.67;7.77;4485661;35198588.000
05/15/2009;7.87;7.91;7.61;7.72;3550331;27915256.000
05/18/2009;7.72;7.77;7.42;7.69;2646135;20356166.000
05/20/2009;7.75;7.88;7.67;7.71;3402470;26719292.000
05/21/2009;7.62;7.70;7.39;7.46;3452856;26198826.000
05/22/2009;7.39;7.52;7.39;7.46;1795629;13561704.000
05/25/2009;7.22;7.40;7.16;7.38;2250359;16637979.000
05/26/2009;7.35;7.56;7.30;7.52;2508742;19057764.000
05/27/2009;7.55;7.79;7.50;7.73;5733097;44557752.000
06/01/2009;7.73;7.79;7.62;7.74;4401098;34421408.000
06/02/2009;7.80;7.86;7.62;7.69;3521433;27586070.000
06/03/2009;7.75;7.81;7.65;7.80;3046754;23916142.000
06/04/2009;7.80;7.83;7.51;7.59;3116469;23822598.000
06/05/2009;7.60;7.73;7.54;7.61;2578919;19675054.000
06/08/2009;7.58;7.90;7.56;7.77;3695606;28715920.000
06/09/2009;7.73;8.10;7.70;8.02;7312019;58035684.000
06/10/2009;7.98;8.22;7.89;8.16;5775676;46573468.000
06/11/2009;8.18;8.21;7.91;7.97;4168936;33561528.000
06/12/2009;7.95;8.02;7.63;7.70;3020555;23604166.000
06/15/2009;7.70;7.95;7.65;7.95;2033574;15904483.000
06/16/2009;8.00;8.26;7.70;8.21;5699705;46069064.000
06/17/2009;8.18;8.23;7.94;8.08;4647922;37614840.000
06/18/2009;8.08;8.20;8.01;8.09;3018428;24417836.000
06/19/2009;8.11;8.48;8.07;8.31;6485619;53532404.000
06/22/2009;8.37;8.66;8.12;8.66;6558525;54984516.000
06/23/2009;8.43;8.87;8.30;8.59;7361616;63084068.000
06/24/2009;8.58;8.98;8.49;8.93;10872256;95705440.000
06/25/2009;8.99;9.55;8.83;9.14;14654103;134730288.000
06/26/2009;9.05;9.56;9.00;9.41;13280599;124199032.000
06/29/2009;9.45;9.95;9.20;9.73;13759590;132499728.000
06/30/2009;9.73;9.73;9.02;9.18;8565676;80574152.000
07/01/2009;9.18;9.30;8.92;8.97;8079359;73250416.000
07/02/2009;8.94;9.07;8.75;9.02;5579362;49870144.000
07/03/2009;9.00;9.05;8.85;8.89;3767057;33614240.000
07/06/2009;8.80;8.96;8.67;8.90;3892954;34266920.000
07/07/2009;8.80;8.98;8.72;8.85;3260473;28935564.000
07/08/2009;8.80;9.08;8.75;8.90;4795636;42938108.000
07/09/2009;8.91;9.18;8.87;9.16;6035534;54697644.000
07/10/2009;9.18;9.29;9.01;9.04;4626038;42228212.000
07/13/2009;9.00;9.17;8.90;9.07;3533600;31967114.000
07/14/2009;9.08;9.20;9.05;9.19;5192727;47350644.000
07/15/2009;9.17;9.35;9.07;9.34;7443929;68324064.000
07/16/2009;9.38;9.54;9.18;9.30;8284144;77796752.000
07/17/2009;9.31;9.47;9.12;9.25;5782302;53607004.000
07/20/2009;9.25;9.35;9.15;9.33;5385448;49857152.000
07/21/2009;9.33;9.42;9.01;9.05;5336015;49441980.000
07/22/2009;9.02;9.13;8.91;9.01;3972056;35791676.000
07/23/2009;8.98;9.11;8.91;9.03;3252623;29306388.000
07/24/2009;9.05;9.09;8.75;8.86;3907731;34913836.000
07/27/2009;8.91;9.50;8.91;9.44;8446927;78024952.000
07/28/2009;9.45;9.48;9.21;9.38;4908192;45842312.000
07/29/2009;9.30;9.34;8.44;8.63;4599052;41303944.000
07/30/2009;8.68;8.84;8.41;8.81;2692966;23346266.000
07/31/2009;8.81;9.10;8.77;9.07;3044987;27235248.000
08/03/2009;9.10;9.17;8.87;9.09;3238977;29219516.000
08/04/2009;9.10;9.10;8.88;9.08;3434038;30890516.000
08/05/2009;9.05;9.33;9.03;9.27;5434847;50054708.000
08/06/2009;9.23;9.29;8.95;9.27;4206970;38566528.000
08/07/2009;9.27;9.47;8.88;8.93;4181132;38539344.000
08/10/2009;9.00;9.10;8.70;8.94;2250285;20075822.000
08/11/2009;8.94;9.07;8.87;9.05;1565209;14032006.000
08/12/2009;9.00;9.01;8.46;8.50;2042250;17801406.000
08/13/2009;8.52;8.66;8.32;8.54;1547814;13163852.000
08/14/2009;8.54;8.54;7.88;7.88;2337432;18959172.000
08/17/2009;7.76;7.85;7.30;7.39;2036555;15589367.000
08/18/2009;7.36;7.59;7.29;7.51;1635250;12145635.000
08/19/2009;7.55;7.57;7.00;7.05;1842295;13550095.000
08/20/2009;7.05;7.34;7.05;7.26;1834916;13208203.000
08/21/2009;7.25;7.45;7.18;7.43;1732944;12687029.000
08/24/2009;7.41;7.75;7.32;7.74;3081961;23280586.000
08/25/2009;7.66;7.84;7.53;7.70;4307326;33006258.000
08/26/2009;7.66;8.00;7.65;7.88;3267214;25613604.000
08/27/2009;7.80;8.02;7.67;7.88;2216663;17501140.000
08/28/2009;7.82;7.93;7.56;7.63;1637514;12597413.000
08/31/2009;7.60;7.60;7.05;7.08;1978888;14342120.000
09/01/2009;7.06;7.29;7.06;7.13;1239282;8896400.000
09/02/2009;7.13;7.31;7.08;7.28;1343917;9665505.000
09/03/2009;7.40;7.62;7.34;7.57;2674872;20019032.000
09/04/2009;7.50;7.67;7.48;7.60;2084699;15784068.000
09/07/2009;7.63;7.70;7.55;7.61;1753503;13387958.000
09/08/2009;7.58;7.71;7.47;7.70;1569185;11966176.000
09/09/2009;7.74;7.75;7.60;7.72;1441091;11058690.000
09/10/2009;7.69;7.79;7.65;7.66;1610877;12428682.000
09/11/2009;7.66;7.93;7.61;7.91;2878079;22469854.000
09/14/2009;7.91;8.30;7.87;8.24;5563487;45251196.000
09/15/2009;8.24;8.24;8.05;8.13;2642674;21511302.000
09/16/2009;8.10;8.23;8.00;8.17;2073762;16871540.000
09/17/2009;8.17;8.88;8.17;8.74;5457124;46311700.000
09/18/2009;8.71;9.15;8.55;9.00;10970651;97776936.000
09/21/2009;8.80;8.88;8.53;8.85;4484501;39085880.000
09/22/2009;8.80;8.85;8.31;8.31;4113466;35357816.000
09/23/2009;8.19;8.38;7.90;8.01;2546921;20750328.000
09/24/2009;8.01;8.10;7.68;8.00;1809825;14337410.000
09/25/2009;7.95;8.09;7.86;7.94;1355473;10858823.000
09/28/2009;7.94;8.34;7.94;8.26;4279587;35149284.000
09/29/2009;8.24;8.29;7.76;7.90;3099713;25069930.000
09/30/2009;7.91;8.06;7.69;7.69;2480384;19547250.000
10/09/2009;7.75;8.06;7.75;8.03;1745887;13905093.000
10/12/2009;8.05;8.35;7.94;8.30;3598570;29439768.000
10/13/2009;8.39;8.60;8.25;8.38;4796585;40342028.000
10/14/2009;8.36;8.48;8.23;8.40;2770828;23245240.000
10/15/2009;8.44;8.51;8.37;8.38;2099661;17703774.000
10/16/2009;8.39;8.49;8.04;8.30;2003244;16504364.000
10/19/2009;8.31;8.50;8.26;8.48;2259977;19019612.000
10/20/2009;8.50;8.65;8.43;8.63;3110491;26613746.000
10/21/2009;8.63;8.64;8.48;8.48;2149090;18342860.000
10/22/2009;8.47;8.58;8.35;8.57;2017710;17190936.000
10/23/2009;8.60;8.73;8.55;8.62;3128782;27058154.000
10/26/2009;8.70;8.88;8.53;8.83;4376663;38127088.000
10/27/2009;8.75;8.94;8.62;8.72;5898869;51984432.000
10/28/2009;8.69;8.74;8.42;8.68;2458051;21179684.000
10/29/2009;8.55;8.64;8.36;8.42;1995838;16959742.000
10/30/2009;8.51;8.66;8.43;8.48;1983818;16971522.000
11/02/2009;8.30;8.73;8.20;8.66;2153883;18391816.000
11/03/2009;8.61;9.17;8.61;9.10;6886284;61583884.000
11/04/2009;9.03;9.16;8.92;9.04;5165060;46777268.000
11/05/2009;9.05;9.16;8.90;9.10;3748335;33946696.000
11/06/2009;9.18;9.48;9.13;9.15;5722214;53024056.000
11/09/2009;9.06;9.22;9.05;9.21;3495431;31994808.000
11/10/2009;9.25;9.28;9.13;9.18;2611288;23984646.000
11/11/2009;9.15;9.38;9.09;9.34;3416727;31580386.000
11/12/2009;9.28;10.10;9.28;9.76;10481031;102475744.000
11/13/2009;9.75;9.90;9.54;9.85;5328732;51600216.000
11/16/2009;9.94;10.75;9.90;10.40;7951819;81845960.000
11/17/2009;10.50;10.57;10.22;10.42;4183796;43415600.000
11/18/2009;10.42;10.50;10.18;10.32;3324443;34287764.000
11/19/2009;10.37;10.72;10.32;10.53;3563018;37521484.000
11/20/2009;10.60;11.08;10.37;10.83;5465788;58802564.000
11/23/2009;10.85;11.02;10.70;10.97;4470534;48329800.000
11/24/2009;10.98;10.98;10.00;10.09;6156806;64654356.000
11/25/2009;10.08;10.38;9.86;10.26;4869703;49489112.000
11/26/2009;10.30;10.36;9.54;9.64;5095089;50806780.000
11/27/2009;9.53;9.81;9.41;9.54;2814840;26998026.000
11/30/2009;9.60;10.18;9.60;10.11;4651427;46197408.000
12/01/2009;10.15;10.69;10.01;10.60;5128211;53675864.000
12/02/2009;10.58;11.04;10.56;10.67;6421211;69323824.000
12/03/2009;10.65;10.86;10.47;10.86;4552840;48467464.000
12/04/2009;10.85;10.92;10.04;10.43;5012778;52729432.000
12/07/2009;10.35;10.75;10.34;10.64;2677926;28242754.000
12/08/2009;10.60;10.96;10.58;10.85;4690982;50728372.000
12/09/2009;10.80;11.21;10.59;10.98;6007342;66014072.000
12/10/2009;10.98;11.40;10.97;11.11;4353846;48479348.000
12/11/2009;11.06;11.33;11.05;11.15;3359554;37618416.000
12/14/2009;11.19;11.38;10.73;11.07;5482569;60428588.000
12/15/2009;11.00;11.56;10.92;11.56;6151654;69360400.000
12/16/2009;11.50;11.69;11.30;11.46;5777354;66306668.000
12/17/2009;11.38;11.75;11.11;11.11;4200163;47681112.000
12/18/2009;10.95;10.95;10.43;10.45;3372953;35793272.000
12/21/2009;10.45;10.65;10.31;10.55;2123465;22372910.000
12/22/2009;10.59;10.60;10.02;10.11;2554793;26301414.000
12/23/2009;10.11;10.36;10.11;10.32;1823144;18705972.000
12/24/2009;10.31;10.73;10.31;10.66;2852467;30175822.000
12/25/2009;10.65;10.85;10.60;10.74;2250777;24182270.000
12/28/2009;10.70;10.93;10.70;10.82;2223942;24103708.000
12/29/2009;10.82;11.09;10.73;11.05;3748646;40962892.000
12/30/2009;11.02;11.27;10.78;11.20;4614155;50962052.000
12/31/2009;11.08;11.25;11.02;11.13;2519793;28026064.000
01/04/2010;11.18;11.22;10.94;10.95;2058930;22859886.000
01/05/2010;11.00;11.24;10.75;11.18;3443813;37943652.000
01/06/2010;11.22;11.37;11.11;11.18;3242418;36377712.000
01/07/2010;11.14;11.35;11.05;11.24;4515268;50621896.000
01/08/2010;11.20;11.33;10.85;11.23;3140095;34902136.000
01/11/2010;11.25;11.66;11.16;11.48;9408989;107265696.000
01/12/2010;11.30;11.69;11.21;11.60;6244862;71689200.000
01/13/2010;11.33;11.56;11.10;11.12;4379100;49494596.000
01/14/2010;11.18;11.52;11.15;11.52;3430517;38859116.000
01/15/2010;11.59;11.68;11.39;11.54;3036636;34923956.000
01/18/2010;11.47;11.81;11.47;11.76;3607005;42060076.000
01/19/2010;11.85;11.85;11.51;11.63;3238421;37658156.000
01/20/2010;11.58;11.66;10.90;10.98;3312004;37362436.000
01/21/2010;11.04;11.17;10.91;11.03;1818734;20090126.000
01/22/2010;10.98;10.98;10.60;10.76;2495187;26794612.000
01/25/2010;10.70;10.80;10.58;10.62;1364847;14588623.000
01/26/2010;10.64;10.78;9.84;10.09;1900501;19508758.000
01/27/2010;10.08;10.26;9.94;10.00;983608;9930707.000
01/28/2010;10.06;10.24;9.96;10.20;979215;9909431.000
01/29/2010;10.18;10.37;10.00;10.23;1219792;12516715.000
02/01/2010;10.10;10.23;9.95;10.16;1077963;10840900.000
02/02/2010;10.18;10.33;10.11;10.14;1233099;12623762.000
02/03/2010;10.14;10.35;9.85;10.31;1512756;15358917.000
02/04/2010;10.30;10.67;10.26;10.59;2231120;23560360.000
02/05/2010;10.35;10.81;10.31;10.68;2417145;25585758.000
02/08/2010;10.71;10.85;10.43;10.60;1051715;11223934.000
02/09/2010;10.60;10.72;10.50;10.56;1062388;11288058.000
02/10/2010;10.60;10.74;10.57;10.70;870653;9263299.000
02/11/2010;10.66;10.94;10.61;10.87;1814683;19608962.000
02/12/2010;10.81;10.99;10.74;10.83;1302789;14158669.000
02/22/2010;10.80;10.94;10.61;10.71;1266731;13657389.000
02/23/2010;10.71;10.79;10.41;10.60;1443466;15216857.000
02/24/2010;10.64;10.98;10.55;10.98;1828736;19831846.000
02/25/2010;11.00;11.10;10.88;11.03;3016767;33117238.000
02/26/2010;11.00;11.18;10.93;11.03;2299940;25424856.000
03/01/2010;11.08;11.19;11.03;11.15;2083849;23197686.000
03/02/2010;11.14;11.19;10.88;10.98;2098761;23111916.000
03/03/2010;11.00;11.25;10.91;11.25;2317741;25760416.000
03/04/2010;11.20;11.29;10.78;10.88;2095845;23121372.000
03/05/2010;10.96;10.96;10.72;10.80;1246797;13513246.000
03/08/2010;10.78;10.96;10.78;10.85;1198448;13057644.000
03/09/2010;10.85;10.87;10.68;10.73;1072630;11540625.000
03/10/2010;10.73;10.82;10.37;10.51;1474737;15562116.000
03/11/2010;10.45;10.60;10.31;10.42;1157361;12086624.000
03/12/2010;10.43;10.55;10.26;10.28;1256517;13072586.000
03/15/2010;10.26;10.46;10.11;10.44;1341379;13790617.000
03/16/2010;10.40;10.54;10.34;10.53;779932;8151062.000
03/17/2010;10.54;10.70;10.50;10.67;1064699;11298733.000
03/18/2010;10.70;11.23;10.63;11.02;6761580;73698928.000
03/19/2010;10.90;10.95;10.69;10.89;3384501;36633484.000
03/22/2010;10.87;11.02;10.79;10.96;1829590;19972212.000
03/23/2010;11.02;11.02;10.75;10.77;1539300;16710478.000
