002025 航天电器 日线
      日期	    开盘	    最高	    最低	    收盘	    成交量	    成交额
07/26/2004;3.15;3.37;2.84;3.05;16121025;228192352.000
07/27/2004;3.02;3.05;2.73;2.75;7429156;100533248.000
07/28/2004;2.70;2.81;2.59;2.77;5909958;75893432.000
07/29/2004;2.79;3.06;2.79;2.95;8277616;114440904.000
07/30/2004;2.95;3.08;2.92;2.95;5474331;77284288.000
08/02/2004;2.93;3.06;2.89;2.97;3235222;45759444.000
08/03/2004;2.95;3.13;2.95;3.05;3258841;46685744.000
08/04/2004;3.05;3.18;3.02;3.10;3994715;58318208.000
08/05/2004;3.12;3.17;3.05;3.07;2790001;40846040.000
08/06/2004;3.05;3.26;2.97;3.21;5044015;74055376.000
08/09/2004;3.18;3.21;3.06;3.10;2856506;42177588.000
08/10/2004;3.11;3.16;3.07;3.14;1710925;25078770.000
08/11/2004;3.15;3.17;3.01;3.01;2049628;29554940.000
08/12/2004;2.97;3.05;2.95;3.00;1554642;21919064.000
08/13/2004;3.03;3.15;3.01;3.03;1557932;22470228.000
08/16/2004;3.02;3.03;2.86;2.96;1906622;26262256.000
08/17/2004;2.94;3.06;2.89;2.96;1188228;16682563.000
08/18/2004;2.93;2.97;2.79;2.91;1557775;21188790.000
08/19/2004;2.92;2.96;2.86;2.92;1014032;13950591.000
08/20/2004;2.92;3.04;2.89;3.01;1305521;18292902.000
08/23/2004;2.94;2.98;2.86;2.92;787030;10831752.000
08/24/2004;2.93;3.08;2.89;3.06;2007350;28574636.000
08/25/2004;3.05;3.07;2.99;3.03;980821;13979796.000
08/26/2004;3.01;3.05;2.75;2.75;2677630;36231076.000
08/27/2004;2.80;2.90;2.77;2.81;1491950;19979754.000
08/30/2004;2.81;2.93;2.66;2.83;1456749;19436430.000
08/31/2004;2.93;2.97;2.87;2.89;1662875;22890154.000
09/02/2004;2.76;2.86;2.71;2.83;1265741;16638991.000
09/03/2004;2.81;2.84;2.72;2.72;1003374;13077354.000
09/06/2004;2.72;2.79;2.68;2.74;513173;6632032.500
09/07/2004;2.71;2.76;2.67;2.72;397970;5098135.500
09/08/2004;2.72;2.79;2.71;2.76;832376;10876916.000
09/09/2004;2.77;2.78;2.71;2.71;586266;7586273.500
09/10/2004;2.67;2.73;2.67;2.70;589104;7513627.000
09/13/2004;2.71;2.71;2.51;2.52;930091;11468636.000
09/14/2004;2.54;2.68;2.54;2.57;1282139;15733646.000
09/15/2004;2.61;2.83;2.59;2.77;3070140;39620992.000
09/16/2004;2.78;2.90;2.77;2.88;3098364;41626740.000
09/17/2004;2.87;3.08;2.80;3.03;2478931;33901708.000
09/20/2004;3.02;3.34;2.97;3.31;4380864;65770408.000
09/21/2004;3.26;3.47;3.14;3.35;3915098;61526740.000
09/22/2004;3.34;3.53;3.27;3.41;2742585;43743336.000
09/23/2004;3.41;3.47;3.28;3.38;2417570;37832800.000
09/24/2004;3.48;3.73;3.35;3.35;4654628;77363064.000
09/27/2004;3.45;3.58;3.34;3.38;2556523;41277668.000
09/28/2004;3.43;3.53;3.39;3.49;1644581;26780636.000
09/29/2004;3.54;3.68;3.51;3.58;3031634;50857604.000
09/30/2004;3.59;3.76;3.59;3.64;3679266;63194540.000
10/08/2004;3.63;3.86;3.53;3.82;2513954;43425932.000
10/11/2004;3.83;3.86;3.59;3.60;3281397;57369464.000
10/12/2004;3.59;3.59;3.37;3.47;2309265;37548856.000
10/13/2004;3.43;3.53;3.42;3.48;1159534;18792542.000
10/14/2004;3.48;3.48;3.12;3.12;2645529;39700072.000
10/15/2004;3.01;3.07;2.84;2.89;2412590;33425278.000
10/18/2004;2.99;3.17;2.95;3.07;2335490;33632888.000
10/19/2004;3.10;3.33;3.09;3.19;3009638;45604100.000
10/20/2004;3.15;3.26;3.08;3.26;1450774;21528324.000
10/21/2004;3.24;3.30;3.19;3.20;973514;14743286.000
10/22/2004;3.18;3.38;3.08;3.37;2591808;40113996.000
10/25/2004;3.45;3.45;3.30;3.31;1643714;25908230.000
10/26/2004;3.29;3.61;3.25;3.54;2580140;41346460.000
10/27/2004;3.57;3.65;3.51;3.61;2738781;45962040.000
10/28/2004;3.59;3.63;3.35;3.42;2217241;36399580.000
10/29/2004;3.22;3.58;3.22;3.39;1796944;28904492.000
11/01/2004;3.39;3.52;3.39;3.39;933648;15057498.000
11/02/2004;3.37;3.41;3.24;3.27;1152633;17823646.000
11/03/2004;3.31;3.44;3.25;3.43;1096003;17171922.000
11/04/2004;3.44;3.48;3.27;3.30;988134;15682518.000
11/05/2004;3.36;3.39;3.24;3.31;523768;8160951.500
11/08/2004;3.26;3.31;3.26;3.29;353826;5446709.500
11/09/2004;3.29;3.38;3.27;3.36;596441;9357333.000
11/10/2004;3.46;3.59;3.33;3.56;2140274;34991748.000
11/11/2004;3.58;3.67;3.47;3.48;1928219;32293200.000
11/12/2004;3.52;3.62;3.50;3.57;1594062;26620066.000
11/15/2004;3.62;3.66;3.58;3.64;1264030;21424726.000
11/16/2004;3.68;3.68;3.57;3.60;875727;14746144.000
11/17/2004;3.59;3.61;3.51;3.51;740785;12242986.000
11/18/2004;3.51;3.59;3.50;3.55;412934;6869471.500
11/19/2004;3.57;3.60;3.46;3.51;778286;12751605.000
11/22/2004;3.51;3.54;3.43;3.47;677205;11013059.000
11/23/2004;3.46;3.47;3.40;3.41;658447;10544008.000
11/24/2004;3.40;3.55;3.38;3.50;952076;15527304.000
11/25/2004;3.49;3.53;3.40;3.41;629768;10125967.000
11/26/2004;3.43;3.49;3.42;3.42;306694;4961038.000
11/29/2004;3.53;3.62;3.49;3.52;2178845;36276448.000
11/30/2004;3.48;3.59;3.48;3.55;724652;12051545.000
12/01/2004;3.59;3.59;3.50;3.53;354304;5846995.000
12/02/2004;3.51;3.55;3.41;3.49;678762;10988248.000
12/03/2004;3.57;3.85;3.57;3.77;5348687;94935216.000
12/06/2004;3.74;3.82;3.70;3.72;1635159;28599844.000
12/07/2004;3.73;3.80;3.58;3.63;1543478;26415316.000
12/08/2004;3.69;3.74;3.64;3.67;1239436;21349146.000
12/09/2004;3.68;4.04;3.65;3.92;2774933;50199524.000
12/10/2004;3.91;3.97;3.82;3.89;1646183;29911442.000
12/13/2004;3.86;4.06;3.83;4.05;2047903;38034856.000
12/14/2004;4.05;4.08;3.95;4.07;1330607;24931102.000
12/15/2004;4.04;4.08;3.86;3.91;1958724;36045296.000
12/16/2004;3.88;3.93;3.75;3.75;1355500;24095302.000
12/17/2004;3.73;3.83;3.71;3.75;810293;14232390.000
12/20/2004;3.68;3.69;3.52;3.61;1283071;21531664.000
12/21/2004;3.54;3.71;3.54;3.65;622515;10630315.000
12/22/2004;3.64;3.94;3.64;3.91;1313077;23400386.000
12/23/2004;3.93;3.96;3.80;3.82;1258456;22787784.000
12/24/2004;3.83;4.06;3.77;3.95;1384902;25703580.000
12/27/2004;3.95;4.04;3.91;3.98;581764;10772026.000
12/28/2004;3.96;3.97;3.84;3.89;519753;9441125.000
12/29/2004;3.90;3.93;3.73;3.78;674478;11989685.000
12/30/2004;3.66;3.95;3.66;3.95;686272;12271776.000
12/31/2004;3.96;4.15;3.91;3.93;1494570;28128570.000
01/04/2005;3.86;4.15;3.82;4.08;1799479;33989120.000
01/05/2005;4.08;4.21;4.01;4.12;1590082;30547672.000
01/06/2005;4.11;4.15;4.04;4.05;905434;17230746.000
01/07/2005;4.05;4.19;3.98;4.06;1004661;19070288.000
01/11/2005;4.11;4.22;4.09;4.11;1147677;22085222.000
01/12/2005;4.09;4.12;3.93;3.95;1425574;26470428.000
01/13/2005;3.97;4.04;3.93;3.98;575574;10676401.000
01/14/2005;3.99;4.03;3.86;3.89;802148;14681366.000
01/17/2005;3.86;3.97;3.82;3.94;728621;13317370.000
01/18/2005;3.95;4.05;3.91;4.01;791192;14697637.000
01/19/2005;3.98;3.98;3.59;3.64;2331562;40663796.000
01/20/2005;3.59;3.63;3.46;3.54;1130109;18680068.000
01/21/2005;3.50;3.69;3.47;3.68;1201192;20216282.000
01/24/2005;3.85;3.85;3.68;3.73;1509246;26371194.000
01/25/2005;3.53;3.61;3.42;3.47;1864916;30519236.000
01/26/2005;3.42;3.55;3.42;3.51;889547;14575138.000
01/27/2005;3.51;3.56;3.44;3.44;592694;9698981.000
01/28/2005;3.44;3.48;3.12;3.20;2236255;33938380.000
01/31/2005;3.13;3.21;3.13;3.19;693233;10317207.000
02/01/2005;3.18;3.23;2.99;3.09;895687;13056136.000
02/02/2005;3.09;3.37;3.03;3.32;1184990;17748742.000
02/03/2005;3.26;3.31;3.15;3.17;1009427;15306449.000
02/04/2005;3.19;3.30;3.15;3.30;746436;11399926.000
02/16/2005;3.34;3.40;3.33;3.39;1010362;15930560.000
02/17/2005;3.39;3.42;3.35;3.42;445178;7030090.500
02/18/2005;3.44;3.52;3.39;3.42;1014865;16409120.000
02/21/2005;3.41;3.51;3.37;3.51;452895;7255757.000
02/22/2005;3.48;3.64;3.44;3.62;1584615;26413456.000
02/23/2005;3.62;3.73;3.57;3.65;1637404;27955656.000
02/25/2005;3.59;3.73;3.58;3.69;1118260;19058548.000
02/28/2005;3.68;3.71;3.64;3.69;703291;12089706.000
03/01/2005;3.68;3.69;3.62;3.66;1089177;18555730.000
03/02/2005;3.64;3.67;3.59;3.62;1034999;17566826.000
03/03/2005;3.59;3.72;3.59;3.72;1035324;17712192.000
03/04/2005;3.72;3.74;3.64;3.66;409510;7045994.000
03/07/2005;3.66;3.66;3.60;3.61;618204;10445519.000
03/08/2005;3.64;3.82;3.63;3.79;1695056;29576074.000
03/09/2005;3.79;3.89;3.77;3.80;988537;17643702.000
03/10/2005;3.82;3.84;3.74;3.77;827521;14610777.000
03/11/2005;3.78;3.91;3.77;3.89;804771;14414089.000
03/14/2005;3.86;3.92;3.75;3.84;822062;14597756.000
03/15/2005;3.84;3.86;3.66;3.71;667982;11695093.000
03/16/2005;3.67;3.71;3.55;3.56;531141;8950457.000
03/17/2005;3.57;3.65;3.55;3.57;337678;5657756.500
03/18/2005;3.57;3.63;3.48;3.51;408531;6794699.000
03/21/2005;3.48;3.61;3.44;3.54;442779;7277114.500
03/22/2005;3.54;3.63;3.54;3.61;548685;9231386.000
03/23/2005;3.64;3.81;3.61;3.66;827224;14446742.000
03/24/2005;3.66;3.75;3.61;3.74;658545;11324222.000
03/25/2005;3.70;3.79;3.65;3.67;272196;4716445.000
03/28/2005;3.66;3.70;3.57;3.66;254871;4321958.000
03/29/2005;3.71;3.79;3.67;3.67;319930;5563555.500
03/30/2005;3.59;3.64;3.33;3.36;673719;10964622.000
03/31/2005;3.34;3.44;3.31;3.40;325915;5160409.500
04/01/2005;3.41;3.71;3.41;3.61;441877;7299300.500
04/04/2005;3.59;3.61;3.52;3.54;302431;5050363.000
04/05/2005;3.54;3.66;3.54;3.61;372713;6296737.500
04/06/2005;3.64;3.81;3.64;3.78;781843;13687311.000
04/07/2005;3.82;3.93;3.81;3.91;2305088;41579592.000
04/08/2005;3.86;4.01;3.86;3.97;879622;16185101.000
04/11/2005;3.97;4.01;3.81;3.81;1343382;24343672.000
04/12/2005;3.84;4.02;3.84;3.97;1587633;29295390.000
04/13/2005;3.97;4.38;3.97;4.23;2339773;38343632.000
04/14/2005;4.22;4.46;4.20;4.33;2209450;36843164.000
04/15/2005;4.34;4.38;4.24;4.37;998564;16544963.000
04/18/2005;4.30;4.55;4.26;4.48;2353723;40021936.000
04/19/2005;4.51;4.52;4.38;4.49;972603;16626100.000
04/20/2005;4.48;4.48;4.29;4.33;1431077;24104264.000
04/21/2005;4.34;4.46;4.34;4.41;748877;12687025.000
04/22/2005;4.43;4.48;4.24;4.28;1141354;19000990.000
04/25/2005;4.23;4.35;4.16;4.33;441568;7271900.500
04/26/2005;4.29;4.35;4.23;4.30;518902;8598304.000
04/27/2005;4.36;4.42;4.30;4.30;355812;5945362.500
04/28/2005;4.30;4.38;4.12;4.15;1325865;21714486.000
04/29/2005;4.18;4.25;4.06;4.23;1859788;29747934.000
05/09/2005;4.25;4.32;4.14;4.19;686536;11092973.000
05/10/2005;4.18;4.20;4.07;4.20;887036;14142271.000
05/11/2005;4.19;4.30;4.16;4.26;1251085;20428582.000
05/12/2005;4.23;4.24;4.10;4.24;852465;13770600.000
05/13/2005;4.20;4.31;4.16;4.24;373974;6092601.500
05/16/2005;4.22;4.22;4.11;4.17;482281;7731916.000
05/17/2005;4.15;4.26;4.12;4.19;210879;3421485.750
05/18/2005;4.18;4.27;4.18;4.19;360041;5847907.000
05/19/2005;4.19;4.19;3.97;4.08;1376732;21523036.000
05/20/2005;4.08;4.14;4.02;4.08;327254;5175038.500
05/24/2005;3.99;4.15;3.96;4.15;845595;13351473.000
05/25/2005;4.13;4.19;4.10;4.10;156922;2499647.500
05/26/2005;4.12;4.20;4.05;4.08;446226;7097167.500
05/27/2005;4.08;4.14;3.77;3.88;777020;11899403.000
05/30/2005;3.87;3.99;3.72;3.88;447795;6655199.000
05/31/2005;3.86;3.96;3.86;3.88;333900;5026260.000
06/01/2005;3.88;3.90;3.76;3.76;338804;5020896.000
06/02/2005;3.76;3.76;3.60;3.66;636707;8995066.000
06/03/2005;3.64;3.66;3.55;3.66;151556;2115936.000
06/06/2005;3.58;3.83;3.57;3.82;264446;3826184.250
06/07/2005;3.82;4.00;3.78;3.78;413976;6181602.000
06/08/2005;3.78;4.17;3.78;4.17;1202925;18869532.000
06/09/2005;4.16;4.34;4.12;4.24;1494531;24259404.000
06/10/2005;4.23;4.23;4.07;4.12;478913;7630221.000
06/13/2005;4.17;4.28;4.13;4.22;490920;7984557.000
06/14/2005;4.23;4.28;4.10;4.10;325281;5241563.500
06/15/2005;4.10;4.23;4.02;4.16;416007;6633212.500
06/16/2005;4.16;4.38;4.15;4.33;1243945;20626846.000
06/17/2005;4.36;4.39;4.24;4.34;886877;14768632.000
06/20/2005;4.42;4.78;4.42;4.78;3524428;63530824.000
06/21/2005;4.78;4.78;4.64;4.68;1570296;28331958.000
06/22/2005;4.67;4.70;4.59;4.67;691986;12401618.000
06/23/2005;4.91;5.00;4.74;4.78;1790799;33434532.000
06/24/2005;4.80;4.89;4.77;4.84;714792;13264002.000
06/27/2005;4.92;5.24;4.92;5.06;1906626;37302300.000
06/28/2005;5.03;5.05;4.90;4.90;1023197;19531372.000
06/29/2005;4.92;4.98;4.76;4.77;919220;17126592.000
06/30/2005;4.76;4.79;4.62;4.62;608629;10980026.000
07/01/2005;4.59;4.80;4.53;4.72;1137303;20395156.000
07/04/2005;4.71;4.79;4.67;4.77;527412;9603598.000
07/05/2005;4.77;5.00;4.70;4.86;1096675;20543428.000
07/06/2005;4.86;5.08;4.76;4.90;1205414;22982334.000
07/07/2005;4.84;5.00;4.84;4.87;621758;11745720.000
07/08/2005;4.86;5.06;4.80;4.97;1329477;25340500.000
07/11/2005;5.03;5.16;4.86;4.86;871235;16788928.000
07/12/2005;4.86;5.10;4.84;5.05;1101306;21140156.000
07/13/2005;5.08;5.08;4.85;4.95;864537;16320021.000
07/14/2005;4.92;5.02;4.87;4.96;512561;9737282.000
07/15/2005;5.00;5.04;4.90;5.00;608631;11634602.000
07/18/2005;4.94;5.04;4.94;5.03;417334;8024185.000
07/19/2005;5.03;5.24;5.00;5.23;1055270;20891496.000
07/20/2005;5.23;5.54;5.22;5.43;1594580;33019856.000
07/21/2005;5.38;5.52;5.35;5.45;763965;15922531.000
07/22/2005;5.48;5.75;5.41;5.70;1461989;31404338.000
07/25/2005;5.70;5.90;5.53;5.55;1541511;33842596.000
07/26/2005;5.51;5.61;5.37;5.54;1646023;34700868.000
07/27/2005;5.58;5.68;5.45;5.54;1584716;33693644.000
07/28/2005;5.58;5.79;5.54;5.64;1331734;29050884.000
07/29/2005;5.64;5.70;5.56;5.59;732804;15698224.000
08/01/2005;5.60;5.70;5.58;5.70;677008;14673681.000
08/02/2005;5.69;5.72;5.41;5.48;1612905;34006964.000
08/03/2005;5.54;5.57;5.45;5.49;994690;20984128.000
08/04/2005;5.48;5.66;5.45;5.61;846920;18147914.000
08/05/2005;5.60;6.11;5.58;5.97;1504075;33768652.000
08/08/2005;6.16;6.16;5.92;5.93;1354751;31141246.000
08/09/2005;5.90;6.03;5.83;6.02;793125;17918396.000
08/10/2005;5.99;6.02;5.86;5.96;612558;13946352.000
08/11/2005;5.94;6.03;5.90;5.96;916165;20884262.000
08/12/2005;5.97;6.08;5.78;5.84;1094863;24851024.000
08/15/2005;5.81;6.12;5.79;6.12;1193326;27336670.000
08/16/2005;6.14;6.14;5.72;5.83;1540539;34505552.000
08/17/2005;5.76;5.90;5.56;5.82;1619573;35309648.000
08/18/2005;5.78;5.78;5.45;5.48;1347168;29072372.000
08/19/2005;5.49;5.72;5.48;5.56;903199;19350084.000
08/22/2005;5.49;5.61;5.48;5.60;323339;6862274.500
08/23/2005;5.62;5.86;5.59;5.78;854953;18724234.000
08/24/2005;5.78;5.86;5.73;5.82;672570;14915483.000
08/25/2005;5.82;5.82;5.62;5.70;551538;12040841.000
08/26/2005;5.70;5.74;5.54;5.59;424358;9126219.000
08/29/2005;5.56;5.80;5.56;5.70;934980;20516762.000
08/30/2005;5.65;5.85;5.65;5.80;496384;10968784.000
08/31/2005;5.75;6.01;5.75;5.99;707722;16012012.000
09/01/2005;6.02;6.11;5.94;6.04;687629;15817427.000
09/02/2005;6.04;6.57;6.02;6.41;1454793;35165480.000
09/05/2005;6.44;6.50;6.30;6.46;587369;14402370.000
09/06/2005;6.47;6.50;6.34;6.34;1072971;26181892.000
09/07/2005;6.33;6.78;6.32;6.75;1239225;31357234.000
09/08/2005;6.79;6.90;6.65;6.81;749974;19351568.000
09/09/2005;6.90;7.12;6.82;6.96;1556837;41618688.000
09/12/2005;6.92;7.03;6.68;6.96;826464;21572304.000
09/13/2005;6.83;6.95;6.77;6.84;912123;23771972.000
09/14/2005;6.84;7.32;6.84;7.23;942221;25698474.000
09/15/2005;7.23;7.26;7.16;7.22;578977;15923830.000
09/16/2005;7.24;7.42;7.12;7.16;832743;23006118.000
10/17/2005;7.89;7.89;7.75;7.89;4090104;122750912.000
10/18/2005;7.94;8.69;7.90;8.65;1754894;56188168.000
10/19/2005;8.68;8.75;8.51;8.60;1201537;39238580.000
10/20/2005;8.58;9.19;8.47;8.58;1722098;57494084.000
10/21/2005;8.54;8.99;8.46;8.92;1051141;34810096.000
11/04/2005;8.88;9.08;8.67;8.85;3412588;91699176.000
11/07/2005;8.78;8.78;7.95;7.95;3142279;78230096.000
11/08/2005;7.85;8.05;7.78;7.94;1242939;30000890.000
11/09/2005;7.92;8.75;7.88;8.75;3969643;103759896.000
11/10/2005;8.80;8.97;8.56;8.85;2585563;69256064.000
11/11/2005;8.83;8.83;8.55;8.68;1047355;27664882.000
11/15/2005;8.57;8.63;7.92;7.95;2069854;51074536.000
11/16/2005;7.87;8.22;7.83;8.20;935435;23045810.000
11/17/2005;8.12;8.18;7.55;7.62;1872393;44240292.000
11/18/2005;7.55;8.21;7.55;8.02;1775389;42758672.000
11/21/2005;7.98;8.14;7.81;7.98;916867;22262522.000
11/22/2005;8.02;8.18;7.92;8.09;860434;21084772.000
11/23/2005;8.02;8.75;8.02;8.46;1746708;45348512.000
11/24/2005;8.43;8.63;8.39;8.44;740472;19150900.000
11/25/2005;8.44;8.75;8.39;8.68;746204;19620818.000
11/28/2005;8.74;8.88;8.42;8.58;875550;22949852.000
11/29/2005;8.55;8.67;8.35;8.43;750811;19358836.000
11/30/2005;8.47;8.65;8.42;8.63;1474886;38363756.000
12/01/2005;8.71;8.71;8.28;8.42;735636;18825034.000
12/02/2005;8.38;8.39;8.09;8.22;1005418;25096716.000
12/05/2005;8.08;8.21;7.87;7.90;1067828;25823168.000
12/06/2005;7.85;8.14;7.77;8.05;1017615;24862172.000
12/07/2005;7.98;8.17;7.92;8.07;738447;18104416.000
12/08/2005;8.08;8.12;7.80;7.88;1195130;28879240.000
12/09/2005;7.92;8.27;7.88;8.21;961338;23642484.000
12/12/2005;8.20;8.34;8.18;8.18;717066;17970300.000
12/13/2005;8.18;8.18;7.93;8.05;1184462;29020008.000
12/14/2005;8.04;8.17;7.99;8.14;602429;14867825.000
12/15/2005;8.17;8.53;8.12;8.33;1187184;30213418.000
12/16/2005;8.33;8.54;8.33;8.50;775159;20001716.000
12/19/2005;8.52;8.64;8.39;8.50;639957;16599306.000
12/20/2005;8.51;8.51;8.28;8.43;690329;17642864.000
12/21/2005;8.39;8.46;8.31;8.32;475333;12096630.000
12/22/2005;8.32;8.95;8.30;8.82;2046003;54220872.000
12/23/2005;8.83;9.08;8.74;9.02;1349045;36746320.000
12/26/2005;9.03;9.32;8.97;9.29;1464330;40916572.000
12/27/2005;9.25;9.28;9.06;9.19;767759;21365210.000
12/28/2005;9.19;9.78;9.13;9.77;1668515;48254824.000
12/29/2005;9.75;10.08;9.72;9.88;2335345;70121560.000
12/30/2005;9.85;10.05;9.50;9.61;1812995;53320612.000
01/04/2006;9.58;9.67;9.24;9.57;1126087;32659530.000
01/05/2006;9.49;9.74;9.45;9.55;1154651;33590580.000
01/06/2006;9.64;9.64;9.44;9.54;1713500;49607436.000
01/09/2006;9.50;9.98;9.48;9.84;1617235;47991140.000
01/10/2006;9.82;9.82;9.57;9.70;1161620;34024056.000
01/11/2006;9.68;9.68;9.15;9.38;2047268;58432980.000
01/12/2006;9.29;9.58;9.24;9.50;908130;26149550.000
01/13/2006;9.50;9.52;9.22;9.37;1023670;29062992.000
01/16/2006;9.30;9.48;9.22;9.27;532318;15103748.000
01/17/2006;9.24;9.55;9.24;9.52;872671;25065028.000
01/18/2006;9.48;9.52;9.32;9.52;914611;26226288.000
01/19/2006;9.52;9.94;9.48;9.64;1467172;43497820.000
01/20/2006;9.56;9.70;9.28;9.37;1274146;36447352.000
01/23/2006;9.31;9.48;9.12;9.30;995307;27913236.000
01/24/2006;9.22;9.71;9.18;9.65;1700213;49221724.000
01/25/2006;9.65;10.07;9.59;9.98;1743696;52247312.000
02/06/2006;10.11;10.28;9.88;10.14;1004925;30684602.000
02/07/2006;10.10;10.21;9.54;9.59;2339311;69748616.000
02/08/2006;9.55;9.68;9.25;9.55;1360018;38803792.000
02/09/2006;9.57;9.68;9.45;9.56;551845;15999838.000
02/10/2006;9.63;9.70;9.49;9.63;992373;28948306.000
02/13/2006;9.66;10.15;9.66;10.05;1469317;44532836.000
02/14/2006;10.18;10.54;10.09;10.51;1961429;61348020.000
02/15/2006;10.55;10.55;10.17;10.22;1283643;40178932.000
02/16/2006;10.17;10.42;9.82;9.94;1502436;46265988.000
02/17/2006;9.92;9.92;9.15;9.15;3437185;98322760.000
02/20/2006;9.20;9.28;8.42;8.68;2921187;77771264.000
02/21/2006;8.68;8.88;8.58;8.88;1978078;52352184.000
02/22/2006;8.89;8.94;8.64;8.65;1578420;41869144.000
02/23/2006;8.59;8.63;8.46;8.62;960625;24949320.000
02/24/2006;8.68;9.03;8.68;8.85;1361034;36715632.000
02/27/2006;8.88;8.94;8.70;8.73;966285;25755926.000
02/28/2006;8.73;9.04;8.73;8.99;1712615;46587712.000
03/01/2006;9.00;9.27;9.00;9.20;1793165;49680320.000
03/02/2006;9.26;9.37;8.92;8.98;1654603;46154100.000
03/03/2006;8.95;9.02;8.72;8.85;1150078;31040670.000
03/06/2006;8.87;9.02;8.77;8.80;781283;21168696.000
03/07/2006;8.80;8.86;8.59;8.62;859629;22759506.000
03/08/2006;8.55;8.96;8.49;8.87;845842;22385822.000
03/09/2006;8.87;8.88;8.69;8.75;473157;12601290.000
03/10/2006;8.74;9.00;8.74;8.90;856912;23225210.000
03/13/2006;8.74;9.05;8.67;8.93;961716;25868824.000
03/14/2006;8.88;9.01;8.83;8.98;462266;12563740.000
03/15/2006;8.98;9.34;8.98;9.23;1502177;42169600.000
03/16/2006;9.19;9.28;9.08;9.19;705282;19650884.000
03/17/2006;9.22;9.28;9.10;9.18;486707;13548026.000
03/20/2006;9.27;9.27;9.05;9.20;648088;18097960.000
03/21/2006;9.25;9.37;9.17;9.32;859901;24223408.000
03/22/2006;9.33;9.33;9.13;9.27;664558;18676572.000
03/23/2006;9.28;9.55;9.15;9.48;1816900;51773532.000
03/24/2006;9.53;9.84;9.48;9.69;1865752;54934820.000
03/28/2006;9.77;9.94;9.56;9.64;1857380;54667964.000
03/29/2006;9.67;9.75;9.42;9.56;1753912;50972524.000
03/30/2006;9.60;9.60;9.30;9.30;1498939;42905016.000
03/31/2006;9.24;9.54;9.18;9.37;1278740;36264124.000
04/03/2006;9.47;10.32;9.47;10.32;2870127;86934040.000
04/04/2006;10.55;10.98;10.42;10.70;4360337;141902272.000
04/05/2006;10.68;11.15;10.52;11.02;2369116;77979728.000
04/06/2006;11.02;11.48;10.95;11.21;2506551;85768448.000
04/07/2006;11.21;11.32;10.13;10.45;6287679;134364752.000
04/10/2006;10.45;10.82;10.25;10.70;3188775;67392688.000
04/11/2006;10.70;10.95;10.57;10.76;2783374;60505316.000
04/12/2006;10.75;10.76;10.40;10.51;2448065;51920384.000
04/13/2006;10.45;10.60;10.07;10.09;2748946;56678640.000
04/14/2006;9.95;10.45;9.90;10.43;1967747;40372476.000
04/17/2006;10.40;10.72;10.25;10.47;2760085;57841040.000
04/18/2006;10.40;10.47;10.13;10.36;2793317;57446196.000
04/19/2006;10.36;11.06;10.22;10.89;6198014;133495720.000
04/20/2006;10.88;11.11;10.66;10.88;3516924;77018440.000
04/21/2006;10.84;11.90;10.76;11.65;4915949;113291336.000
04/24/2006;11.75;12.05;11.59;11.79;4571879;108816592.000
04/25/2006;11.75;11.79;11.20;11.45;3738825;86054696.000
04/26/2006;11.40;12.35;11.35;12.05;4931182;119575104.000
04/27/2006;12.10;12.65;11.82;12.07;3421470;84068192.000
04/28/2006;11.93;13.29;11.75;13.25;7162336;183690672.000
05/08/2006;13.25;14.01;13.21;13.59;4006551;110006736.000
05/09/2006;13.63;13.97;13.17;13.72;3709200;100965968.000
05/10/2006;13.75;13.87;13.35;13.80;3489139;95255384.000
05/11/2006;13.75;14.70;13.40;13.49;4635755;129595016.000
05/12/2006;13.29;13.89;13.20;13.75;3770614;103090888.000
05/15/2006;13.83;15.13;13.83;15.13;5465924;158074272.000
05/16/2006;15.21;15.70;13.65;13.79;4855239;142412992.000
05/17/2006;13.87;14.35;12.71;13.22;4718152;128399936.000
05/18/2006;13.00;13.43;12.50;13.34;3220296;84721488.000
05/19/2006;13.35;14.12;13.20;13.87;3037117;83612744.000
05/22/2006;14.00;14.19;13.05;13.22;3559086;98054360.000
05/23/2006;13.14;13.14;12.09;12.20;3679150;92251288.000
05/24/2006;12.11;12.59;11.50;11.93;3018583;72312824.000
05/25/2006;12.00;12.34;11.70;12.21;1675442;40486400.000
05/26/2006;12.25;12.84;12.13;12.53;1932803;48705212.000
05/29/2006;12.40;12.69;12.30;12.58;2230437;55784192.000
05/30/2006;12.60;12.70;12.20;12.48;1812576;45274920.000
05/31/2006;12.50;13.21;12.45;12.82;3072034;79466952.000
06/01/2006;12.85;13.95;12.71;13.87;4729006;128936536.000
06/02/2006;14.04;14.26;13.25;13.30;3654192;100201768.000
06/05/2006;13.30;13.95;13.27;13.58;2912251;79657272.000
06/06/2006;13.61;13.61;12.86;12.95;2120118;55684964.000
06/07/2006;12.75;13.02;11.90;12.01;2194930;54147704.000
06/08/2006;11.82;11.95;11.38;11.92;2480997;57947148.000
06/09/2006;11.95;12.43;11.69;12.13;2878128;69925312.000
06/12/2006;12.05;12.39;11.71;12.32;1382187;33840488.000
06/13/2006;12.36;12.43;12.05;12.13;960755;23596936.000
06/14/2006;12.15;12.20;11.75;11.89;1135428;26999812.000
06/15/2006;11.85;12.15;11.75;11.89;824196;19775126.000
06/16/2006;11.92;12.69;11.92;12.45;1791863;44437724.000
06/19/2006;12.50;12.83;12.23;12.55;1829916;46042024.000
06/20/2006;12.44;12.92;12.26;12.77;2074855;53046212.000
06/21/2006;12.90;12.90;12.55;12.57;1181021;30133720.000
06/22/2006;12.45;12.63;12.29;12.34;998750;24844754.000
06/23/2006;12.20;12.85;12.19;12.65;1024913;25395828.000
06/26/2006;12.59;12.80;12.49;12.65;989819;25207828.000
06/27/2006;12.75;12.80;12.41;12.67;1061080;26833624.000
06/28/2006;12.66;13.18;12.56;12.90;2488784;64719888.000
06/29/2006;12.89;13.33;12.80;13.10;2101877;55272408.000
06/30/2006;13.10;13.15;12.65;12.71;1656070;42660252.000
07/03/2006;12.71;12.81;12.52;12.69;2109205;53400044.000
07/04/2006;12.75;12.89;12.59;12.81;1285560;32938386.000
07/05/2006;12.81;12.81;12.30;12.34;1265331;31625832.000
07/06/2006;12.22;12.93;12.22;12.80;1922676;48987416.000
07/07/2006;12.87;12.97;12.43;12.48;1568743;39842200.000
07/10/2006;12.45;12.47;12.10;12.15;1702334;41814380.000
07/11/2006;12.04;12.35;11.90;12.31;2831868;68515968.000
07/12/2006;12.25;12.55;12.10;12.36;1754291;43580388.000
07/13/2006;12.35;12.35;11.55;11.74;2522209;60466084.000
07/14/2006;11.64;11.89;11.57;11.85;1342397;31654500.000
07/17/2006;11.75;11.78;11.51;11.61;832726;19412378.000
07/18/2006;11.61;11.78;11.52;11.65;513465;12010899.000
07/19/2006;11.65;11.65;11.13;11.55;1285090;29341082.000
07/20/2006;11.40;11.63;11.28;11.33;768917;17607222.000
07/21/2006;11.30;11.50;11.30;11.35;504896;11514594.000
07/24/2006;11.17;11.40;11.00;11.19;767231;17280914.000
07/25/2006;11.35;11.50;11.20;11.35;1535549;35059708.000
07/26/2006;11.39;11.63;11.39;11.52;1391819;32186726.000
07/27/2006;11.51;11.51;11.23;11.32;1105980;25300998.000
07/28/2006;11.32;11.34;10.72;10.83;1646051;36260008.000
07/31/2006;10.75;10.81;9.95;9.97;2069983;42836012.000
08/01/2006;10.11;10.59;9.98;10.05;1317570;27210684.000
08/02/2006;10.20;10.20;9.90;10.09;646720;13020014.000
08/03/2006;10.05;10.19;9.95;10.05;373632;7553897.000
08/04/2006;10.05;10.30;10.00;10.00;1168629;23856442.000
08/07/2006;9.95;9.95;9.41;9.50;1312341;25286608.000
08/08/2006;9.40;9.66;9.25;9.48;1143669;21610862.000
08/09/2006;9.50;9.84;9.50;9.67;1132432;22049712.000
08/10/2006;9.65;9.72;9.48;9.63;1029663;19856104.000
08/11/2006;9.65;9.74;9.50;9.57;744593;14376941.000
08/14/2006;9.60;9.69;9.22;9.25;905548;17088712.000
08/15/2006;9.25;9.38;9.20;9.38;808982;15164808.000
08/16/2006;9.38;9.68;9.28;9.63;1005517;19243798.000
08/17/2006;9.60;9.60;9.35;9.50;616218;11720740.000
08/18/2006;9.50;9.55;9.36;9.40;449370;8559916.000
08/21/2006;9.18;9.39;9.05;9.38;590686;10975390.000
08/22/2006;9.40;9.67;9.38;9.64;1115761;21496382.000
08/23/2006;9.63;9.75;9.51;9.64;774084;14988599.000
08/24/2006;9.60;9.73;9.55;9.72;621848;12084341.000
08/25/2006;9.75;10.24;9.75;10.14;1895204;38585908.000
08/28/2006;10.24;10.55;10.19;10.44;1825103;38196220.000
08/29/2006;10.44;10.54;10.29;10.35;1768318;37086104.000
08/30/2006;10.30;10.40;10.19;10.35;1180383;24465386.000
09/01/2006;10.32;10.45;10.00;10.03;687434;14073812.000
09/04/2006;9.97;10.39;9.90;10.39;636136;13116831.000
09/05/2006;10.34;10.48;10.25;10.30;752745;15691472.000
09/06/2006;10.29;10.53;10.20;10.49;1069124;22378686.000
09/07/2006;10.64;10.65;10.26;10.36;540625;11305233.000
09/08/2006;10.34;10.36;10.19;10.20;429682;8850922.000
09/11/2006;10.14;10.29;9.86;10.06;589329;11846009.000
09/12/2006;10.05;10.06;9.93;9.95;885639;17761354.000
09/13/2006;9.93;10.15;9.84;9.84;559910;11224033.000
09/14/2006;9.79;9.93;9.60;9.73;679720;13293150.000
09/15/2006;9.86;9.90;9.71;9.88;539703;10647256.000
09/18/2006;10.07;10.07;9.84;9.96;436662;8704392.000
09/19/2006;10.07;10.44;9.95;10.30;1537629;31810128.000
09/20/2006;10.27;10.51;10.11;10.38;1199772;25034944.000
09/21/2006;10.40;10.52;10.23;10.39;1107678;23048280.000
09/22/2006;10.38;10.38;10.13;10.22;910688;18738372.000
09/25/2006;10.20;10.80;10.09;10.65;2596310;55235396.000
09/26/2006;10.70;10.84;10.44;10.50;939925;20010970.000
09/27/2006;10.57;11.04;10.51;10.79;2068017;45123652.000
09/28/2006;10.80;11.05;10.72;10.96;1573677;34681332.000
09/29/2006;10.90;11.85;10.85;11.75;4083889;94592640.000
10/09/2006;11.90;11.94;11.55;11.85;1785095;42002904.000
10/10/2006;11.84;12.11;11.60;11.73;2136386;50958460.000
10/11/2006;11.73;12.25;11.73;12.02;1688291;40796696.000
10/12/2006;12.02;12.03;10.96;11.07;2179014;50325104.000
10/13/2006;11.04;11.50;10.85;11.50;1360775;30550740.000
10/16/2006;11.35;11.40;11.10;11.20;902839;20315350.000
10/17/2006;10.95;11.23;10.82;10.90;995180;22032608.000
10/18/2006;10.90;11.13;10.90;11.13;446353;9907311.000
10/19/2006;11.15;11.20;10.95;11.10;650025;14484827.000
10/20/2006;11.17;11.47;11.08;11.45;1021445;23247644.000
10/23/2006;11.42;11.42;10.95;10.97;892612;19868958.000
10/24/2006;10.95;11.17;10.85;10.97;759974;16741102.000
10/25/2006;11.10;11.27;10.91;11.20;1591946;35660040.000
10/26/2006;11.30;11.30;10.84;10.84;894701;19673808.000
10/27/2006;10.85;10.92;10.38;10.53;1146942;24567484.000
10/30/2006;10.45;10.50;10.10;10.13;906222;18606112.000
10/31/2006;10.11;10.29;9.95;10.25;1314014;26823336.000
11/01/2006;10.23;10.49;10.20;10.47;1018042;21175158.000
11/02/2006;10.54;10.54;10.01;10.05;1525740;31073762.000
11/03/2006;10.05;10.21;9.95;10.10;987848;19930908.000
11/06/2006;10.07;10.07;9.67;9.72;1702975;33657192.000
11/07/2006;9.71;9.89;9.48;9.82;1646450;32054144.000
11/08/2006;9.82;9.92;9.65;9.87;919155;18163734.000
11/09/2006;9.85;10.13;9.76;10.10;1013289;20410128.000
11/10/2006;10.10;10.10;9.61;9.68;1052893;20762516.000
11/13/2006;9.49;9.59;9.12;9.13;1687710;31626090.000
11/14/2006;9.13;9.28;8.75;9.13;1418675;25760282.000
11/15/2006;9.20;9.42;9.04;9.38;1679107;31415244.000
11/16/2006;9.44;9.80;9.43;9.45;1751089;33911504.000
11/17/2006;9.44;9.66;9.25;9.49;744309;14160310.000
11/20/2006;9.57;9.59;9.13;9.27;1081686;20191260.000
11/21/2006;9.26;9.39;9.05;9.38;1285026;23853718.000
11/22/2006;9.30;9.69;9.30;9.60;1363229;26202512.000
11/23/2006;9.59;9.74;9.48;9.56;1050033;20259714.000
11/24/2006;9.58;10.02;9.55;9.96;2181015;42991624.000
11/28/2006;10.38;10.44;10.15;10.20;3174311;65785864.000
11/29/2006;10.09;10.54;9.94;10.44;2073174;43186832.000
11/30/2006;10.48;10.66;10.40;10.46;2002752;42328980.000
12/01/2006;10.49;10.55;10.26;10.33;1992010;41487592.000
12/04/2006;10.35;10.68;10.35;10.58;1851322;39253616.000
12/05/2006;10.66;10.66;10.35;10.38;1884307;39559964.000
12/06/2006;10.31;10.34;9.71;9.92;2284428;45856296.000
12/07/2006;9.95;10.02;9.71;9.71;2020550;39915992.000
12/08/2006;9.65;9.65;9.31;9.31;1807227;34266460.000
12/11/2006;9.30;9.59;9.22;9.53;1392236;26509112.000
12/12/2006;9.59;9.64;9.32;9.50;1631052;31124024.000
12/13/2006;9.45;9.95;9.36;9.94;2035218;39577712.000
12/14/2006;9.98;10.30;9.95;10.10;2364274;48340436.000
12/15/2006;10.10;10.16;9.98;10.13;1563249;31639420.000
12/18/2006;10.11;10.38;10.00;10.05;2428396;49550788.000
12/19/2006;10.07;10.19;9.79;9.95;2410368;48067400.000
12/20/2006;9.91;10.34;9.77;10.34;3250650;66612796.000
12/21/2006;10.34;10.68;10.25;10.29;3094152;65508884.000
12/22/2006;10.19;10.65;10.10;10.49;2520424;52830880.000
12/25/2006;10.60;10.71;10.50;10.60;2471975;52548736.000
12/26/2006;10.60;10.68;10.11;10.20;2283352;47309084.000
12/27/2006;10.14;10.20;9.95;10.07;1461592;29557322.000
12/28/2006;10.07;10.22;9.75;9.76;2457867;48905596.000
12/29/2006;9.79;10.15;9.79;9.98;2121152;42485600.000
01/04/2007;10.05;10.17;9.81;9.88;1882161;37474112.000
01/05/2007;9.88;10.38;9.81;10.37;2328030;47702912.000
01/08/2007;10.57;11.10;10.45;11.10;4859305;106319248.000
01/09/2007;11.13;11.85;10.97;11.44;4947538;114550488.000
01/10/2007;11.38;12.25;11.32;12.25;4930301;117077264.000
01/11/2007;12.24;12.60;11.75;12.34;3334585;82472160.000
01/12/2007;12.19;12.45;11.46;11.49;2671970;64089328.000
01/15/2007;11.45;12.10;11.25;12.08;3244364;76163656.000
01/16/2007;12.10;13.02;11.92;12.97;4244156;106770192.000
01/17/2007;13.10;13.11;11.95;12.17;3064170;77559504.000
01/18/2007;12.20;12.69;12.00;12.50;3053165;76245192.000
01/19/2007;12.54;13.76;12.54;13.76;4732148;127903576.000
01/22/2007;14.29;15.01;14.20;14.74;3324508;98512280.000
01/23/2007;14.80;14.92;13.87;14.85;3775440;108095280.000
01/24/2007;14.74;14.92;14.25;14.72;1597270;46719112.000
01/25/2007;14.26;14.45;13.49;13.68;2335796;65401032.000
01/26/2007;13.32;14.08;12.54;13.67;2687073;71515088.000
01/29/2007;13.80;13.93;13.28;13.39;2528305;68442928.000
01/30/2007;13.45;13.48;13.04;13.04;3482022;92177704.000
01/31/2007;13.00;13.62;12.70;12.76;2919782;77446400.000
02/01/2007;12.46;12.92;12.39;12.65;2089429;53190560.000
02/02/2007;12.73;12.74;12.05;12.10;2685643;66137384.000
02/05/2007;12.08;12.95;12.08;12.80;2696599;67930312.000
02/06/2007;12.85;13.53;12.45;13.40;4092722;108084536.000
02/07/2007;13.39;13.68;12.91;13.37;3100578;82177200.000
02/08/2007;13.36;13.44;13.06;13.44;1700126;45321764.000
02/09/2007;13.45;13.70;13.22;13.42;1436647;38876368.000
02/12/2007;13.45;13.45;13.15;13.44;1196788;32020142.000
02/13/2007;13.61;14.05;13.50;13.65;1226979;33806412.000
02/14/2007;13.87;14.40;13.67;14.34;1998388;56091780.000
02/15/2007;14.41;14.60;14.20;14.40;1290932;37185252.000
02/16/2007;14.44;14.61;14.10;14.35;1511906;43569528.000
02/26/2007;14.37;14.84;14.20;14.80;1399500;40775924.000
02/27/2007;14.80;14.80;13.31;13.31;2341781;64518228.000
02/28/2007;12.70;13.20;12.26;12.80;3039862;77183152.000
03/01/2007;12.85;12.86;11.94;12.04;2545773;62452228.000
03/02/2007;12.05;12.74;12.05;12.45;2423655;60647228.000
03/05/2007;12.40;12.70;12.05;12.44;1507420;37419748.000
03/06/2007;12.30;12.54;12.20;12.38;1246406;30993208.000
03/07/2007;12.55;12.74;12.38;12.74;2023421;51005072.000
03/08/2007;12.75;12.88;12.57;12.85;1847411;47158400.000
03/09/2007;12.85;12.93;12.34;12.42;2286013;57307992.000
03/12/2007;12.34;12.71;12.25;12.58;1556607;38880952.000
03/13/2007;12.64;13.05;12.64;12.88;2183250;56320168.000
03/14/2007;12.80;13.19;12.25;13.02;2675163;68230960.000
03/15/2007;12.95;13.20;12.87;13.04;2063605;53903596.000
03/16/2007;13.05;13.15;12.45;12.59;1928112;49547848.000
03/19/2007;12.20;12.70;11.99;12.55;1637496;40876644.000
03/20/2007;12.69;12.69;12.31;12.47;1630601;40653024.000
03/21/2007;12.52;13.70;12.40;13.56;4349144;113860248.000
03/22/2007;13.69;13.79;13.39;13.43;3130777;84999888.000
03/23/2007;13.37;13.49;12.95;13.42;2208987;58828852.000
03/26/2007;13.44;13.62;13.34;13.47;2001243;54123552.000
03/27/2007;13.50;13.89;13.48;13.52;2635213;72147192.000
03/28/2007;13.53;13.67;12.70;12.96;3630513;95879888.000
03/29/2007;12.89;13.50;12.89;13.47;4271239;114384224.000
03/30/2007;13.55;13.64;13.25;13.46;2807011;75712824.000
04/02/2007;13.47;14.01;13.39;13.92;3308423;91189416.000
04/03/2007;13.92;14.20;13.66;14.00;3322897;93049904.000
04/04/2007;14.01;14.35;13.90;14.34;3986853;113141984.000
04/05/2007;14.29;14.35;13.90;14.04;2705511;76406376.000
04/06/2007;13.92;14.24;13.75;13.90;2795014;78370376.000
04/10/2007;13.97;14.67;13.95;14.30;3856711;110329192.000
04/11/2007;14.37;14.37;13.90;14.00;2830403;79853728.000
04/12/2007;14.02;14.90;14.00;14.82;4828730;140718448.000
04/13/2007;14.82;15.45;14.70;14.72;5366299;162230880.000
04/16/2007;15.00;16.19;15.00;16.19;4142715;131946064.000
04/17/2007;17.45;17.50;15.85;15.95;6923933;230399984.000
04/18/2007;15.85;15.85;14.95;15.31;6273047;191698256.000
04/19/2007;15.27;15.27;13.95;14.20;4147298;121818480.000
04/20/2007;14.50;14.97;14.35;14.80;4574956;134952576.000
04/23/2007;14.71;15.25;14.61;15.10;5124061;154372512.000
04/24/2007;15.07;15.08;14.64;14.75;4261396;126778824.000
04/25/2007;14.72;14.97;14.50;14.64;2287523;67330224.000
04/26/2007;14.62;15.00;14.62;14.80;2475830;73505176.000
04/27/2007;14.77;14.85;14.06;14.08;2919727;83983560.000
04/30/2007;13.95;14.03;13.45;13.62;4446767;122132192.000
05/08/2007;13.75;14.45;13.75;14.10;2965215;84133208.000
05/09/2007;14.16;14.40;13.44;14.05;2652666;74438104.000
05/10/2007;14.04;14.04;13.70;13.90;2342560;65155512.000
05/11/2007;13.79;14.32;13.70;14.05;5121402;144436992.000
05/14/2007;13.93;14.44;13.79;14.23;3560460;101920576.000
05/15/2007;14.32;14.73;14.15;14.56;5433969;158203216.000
05/16/2007;14.70;15.44;14.65;14.87;5619048;169043104.000
05/17/2007;14.90;15.15;14.70;14.97;4648562;139092880.000
05/18/2007;14.97;15.35;14.70;15.12;3969596;119914536.000
05/21/2007;14.70;15.62;14.54;15.50;4371205;134581840.000
05/22/2007;15.53;15.73;15.05;15.15;4440228;136980160.000
05/23/2007;15.07;15.45;14.82;15.40;3718185;112867792.000
05/24/2007;15.32;15.35;14.35;14.67;4402011;130212504.000
05/25/2007;14.65;14.86;14.35;14.84;2624098;77382448.000
05/28/2007;15.04;16.24;14.85;15.65;8734074;272470912.000
05/29/2007;15.70;16.90;15.70;16.73;8435463;278309312.000
05/30/2007;15.54;16.44;15.05;15.14;6433750;201779680.000
05/31/2007;15.28;16.66;15.28;16.66;7394757;238482672.000
06/01/2007;16.94;17.88;15.80;16.15;5934258;201999632.000
06/04/2007;15.95;16.35;14.53;14.54;3926516;118920312.000
06/05/2007;14.05;14.98;13.10;14.98;3248137;93282696.000
06/06/2007;14.95;15.39;14.60;15.02;1974302;59371132.000
06/07/2007;15.05;15.95;15.05;15.95;2404728;75353312.000
06/08/2007;16.05;16.44;15.55;15.90;2317405;74189672.000
06/11/2007;15.90;16.85;15.90;16.47;2378827;78577256.000
06/12/2007;16.44;17.69;15.90;17.50;3778142;128515296.000
06/13/2007;17.45;18.05;17.18;17.25;3011862;105514192.000
06/14/2007;17.15;17.39;16.80;16.85;2299926;78524864.000
06/15/2007;16.95;18.27;16.85;17.42;3122389;110828328.000
06/18/2007;17.81;18.45;17.45;17.99;2643166;95881776.000
06/19/2007;18.19;18.19;17.40;17.65;2044062;72428312.000
06/20/2007;17.65;17.65;16.55;16.70;2236652;77076424.000
06/21/2007;16.52;17.02;16.24;16.35;2391292;79091128.000
06/22/2007;16.43;16.90;15.24;15.35;2992296;95408168.000
06/25/2007;15.82;16.43;15.20;15.56;2606300;82410528.000
06/26/2007;15.34;15.95;14.50;15.95;1636164;50376260.000
06/27/2007;15.85;16.10;15.50;15.85;2647906;84038168.000
06/28/2007;16.05;16.17;14.50;14.67;2933165;90486024.000
06/29/2007;14.42;14.42;13.20;13.24;4066798;110532360.000
07/02/2007;13.25;13.60;12.71;13.52;1986381;52918340.000
07/03/2007;13.56;13.70;13.36;13.64;1508170;40968756.000
07/04/2007;13.62;13.65;13.05;13.20;1019278;27283324.000
07/05/2007;12.95;13.10;12.21;12.22;1493258;37664396.000
07/06/2007;12.25;12.87;11.99;12.87;1575337;39432456.000
07/09/2007;13.09;13.19;12.90;13.05;1526071;40006820.000
07/10/2007;13.10;13.14;12.40;12.50;1846637;46851712.000
07/11/2007;12.51;12.87;12.45;12.55;1285266;32489090.000
07/12/2007;12.61;12.84;12.54;12.80;827263;21065154.000
07/13/2007;12.80;12.87;12.34;12.41;1475419;36866744.000
07/16/2007;12.45;12.66;12.34;12.38;710302;17790610.000
07/17/2007;12.45;12.77;12.30;12.75;1173276;29790378.000
07/18/2007;12.77;12.92;12.65;12.71;1103494;28283966.000
07/19/2007;12.70;13.19;12.60;12.90;1425602;36994792.000
07/20/2007;12.90;13.25;12.90;13.16;1406775;37107060.000
07/23/2007;13.14;13.67;13.14;13.59;2221481;59932840.000
07/24/2007;13.72;13.72;13.27;13.39;2401216;64953036.000
07/25/2007;13.30;13.72;13.16;13.65;3119857;84103800.000
07/26/2007;13.74;14.00;13.50;13.70;2161006;59640020.000
07/27/2007;13.50;13.79;13.38;13.68;2984451;81050088.000
07/30/2007;13.69;14.24;13.57;14.00;3532209;98448392.000
07/31/2007;13.89;14.00;13.62;13.92;2357068;65422088.000
08/01/2007;14.00;14.23;13.07;13.07;2689673;74015344.000
08/02/2007;13.20;13.52;13.04;13.37;2486423;66421260.000
08/03/2007;13.32;13.50;13.11;13.35;5539485;147273040.000
08/06/2007;13.45;13.88;13.45;13.73;2941770;81014560.000
08/07/2007;13.87;14.22;13.75;13.97;4463525;125950520.000
08/08/2007;13.85;13.85;13.37;13.53;2333504;63373548.000
08/09/2007;13.50;14.02;13.39;13.81;2724904;75067912.000
08/10/2007;13.82;13.83;13.13;13.30;2246726;60180652.000
08/13/2007;13.28;13.30;12.89;12.99;2847668;74536112.000
08/14/2007;13.00;13.34;13.00;13.22;1423558;37769416.000
08/15/2007;13.22;13.30;12.85;12.99;1573017;41184512.000
08/16/2007;12.99;13.30;12.78;13.12;1628489;42849340.000
08/17/2007;13.15;13.34;13.09;13.20;1462794;38828988.000
08/20/2007;13.35;13.70;13.35;13.70;2924232;79625360.000
08/21/2007;13.70;13.79;13.36;13.56;2544956;69063960.000
08/22/2007;13.39;13.74;13.35;13.66;2161114;58874576.000
08/23/2007;13.72;13.87;13.47;13.80;2726133;75096152.000
08/24/2007;13.84;14.19;13.75;14.03;4589813;129153408.000
08/27/2007;14.22;14.59;14.20;14.35;4657869;134640464.000
08/28/2007;14.45;14.47;13.99;14.12;3083648;87731712.000
08/29/2007;14.05;14.12;13.50;13.61;2094814;57900072.000
08/30/2007;13.80;14.07;13.62;14.00;1872193;52197476.000
08/31/2007;14.05;14.18;13.85;14.13;2229437;62769608.000
09/03/2007;14.20;14.80;14.14;14.73;4896273;141732736.000
09/04/2007;14.70;14.89;14.22;14.45;3174494;92528264.000
09/05/2007;14.41;14.62;14.05;14.27;2030980;58340460.000
09/06/2007;14.28;14.67;13.83;14.48;3213165;92790576.000
09/07/2007;14.30;14.44;13.85;13.90;3975954;111789376.000
09/11/2007;13.99;14.52;13.65;13.65;4460391;127076392.000
09/12/2007;13.60;13.99;13.30;13.95;2765460;76069680.000
09/13/2007;13.96;13.96;13.57;13.85;1219478;33578588.000
09/14/2007;13.85;14.02;13.57;13.80;1333970;36825388.000
09/17/2007;13.74;14.09;13.64;13.94;1858061;51852900.000
09/18/2007;14.05;14.05;13.46;13.53;2040872;55903132.000
09/19/2007;13.46;13.94;13.46;13.52;1218293;33319664.000
09/20/2007;13.59;13.80;13.45;13.52;1118391;30392422.000
09/21/2007;13.63;13.64;13.09;13.20;1670188;44674520.000
09/24/2007;13.25;13.42;12.90;13.23;1287974;34031816.000
09/25/2007;13.32;13.64;13.10;13.60;1250652;33657452.000
09/26/2007;13.55;13.59;12.99;13.15;696894;18531166.000
09/27/2007;13.15;13.41;13.09;13.23;596224;15884354.000
09/28/2007;13.45;13.67;13.30;13.55;1184258;32182956.000
10/08/2007;13.77;13.85;13.50;13.53;1152963;31561290.000
10/09/2007;13.53;13.67;13.42;13.60;1378248;37492640.000
10/10/2007;13.67;13.77;13.45;13.45;1408800;38459804.000
10/11/2007;13.47;13.64;13.11;13.15;1524476;40621916.000
10/12/2007;13.15;13.20;12.25;12.69;1975255;50478048.000
10/15/2007;12.70;13.19;12.35;12.85;1527450;39132448.000
10/16/2007;12.85;13.05;12.68;12.91;1188927;30628302.000
10/17/2007;13.07;13.65;12.91;13.40;2890149;78020160.000
10/18/2007;13.45;13.56;13.02;13.10;1434836;38125436.000
10/19/2007;13.13;14.03;13.13;13.72;3196305;88113112.000
10/22/2007;13.85;14.13;13.34;13.39;3179179;88745400.000
10/23/2007;13.38;13.74;12.70;13.45;1881250;49116620.000
10/24/2007;13.32;13.32;12.60;12.60;1807154;46788432.000
10/25/2007;12.50;12.74;11.33;11.33;2939832;68894456.000
10/26/2007;11.20;11.20;10.51;10.66;1864139;40005772.000
10/29/2007;10.66;10.83;10.25;10.52;1010238;21156060.000
10/30/2007;10.65;11.05;10.45;11.01;776973;16855624.000
10/31/2007;11.05;11.49;11.05;11.34;1332836;30348420.000
11/01/2007;11.38;11.45;10.56;10.60;1294548;28500888.000
11/02/2007;10.53;10.93;10.40;10.73;952708;20493774.000
11/05/2007;10.70;11.00;10.50;10.90;727377;15868521.000
11/06/2007;10.72;11.19;10.72;10.93;745984;16593100.000
11/07/2007;10.93;11.17;10.60;10.81;724813;15699432.000
11/08/2007;10.70;10.94;10.34;10.34;794162;16826546.000
11/09/2007;10.27;10.45;9.75;9.90;1061500;21320132.000
11/12/2007;9.84;10.10;9.45;9.61;1206172;23700728.000
11/13/2007;9.70;9.92;9.55;9.77;1650409;32264724.000
11/14/2007;9.88;10.17;9.80;10.12;1091354;21911154.000
11/15/2007;10.13;10.13;9.79;9.83;942309;18784532.000
11/16/2007;10.02;10.63;9.85;10.25;2974409;61735524.000
11/19/2007;10.39;10.74;10.15;10.55;4320713;91088080.000
11/20/2007;10.50;10.74;10.50;10.55;2362487;50293480.000
11/21/2007;10.54;10.78;10.45;10.59;1485553;31669822.000
11/22/2007;10.45;10.94;10.20;10.67;2710685;58351048.000
11/23/2007;10.70;11.24;10.58;11.23;4345153;95583936.000
11/26/2007;11.45;11.77;10.97;11.08;4715279;108349328.000
11/27/2007;11.05;11.05;10.70;10.81;1938323;42310620.000
11/28/2007;10.80;11.15;10.74;10.90;1072884;23602432.000
11/29/2007;10.97;11.20;10.70;11.18;1944307;42898280.000
11/30/2007;11.18;11.54;10.95;11.44;2206499;50459668.000
12/03/2007;11.35;11.53;11.17;11.38;1309047;29785580.000
12/04/2007;11.40;11.44;11.08;11.14;1001424;22556532.000
12/05/2007;11.04;11.34;11.04;11.25;1292790;29100332.000
12/06/2007;11.29;11.30;10.81;11.00;1452075;32080722.000
12/07/2007;11.02;11.21;10.85;11.11;1087765;24154196.000
12/10/2007;10.95;11.54;10.90;11.54;1748063;39785980.000
12/11/2007;11.60;11.75;11.39;11.58;1750119;40740304.000
12/12/2007;11.45;11.76;11.40;11.71;1525132;35589564.000
12/13/2007;11.71;11.79;11.28;11.39;1504987;34829540.000
12/14/2007;11.40;11.40;11.05;11.35;1412224;31845340.000
12/17/2007;11.45;11.67;11.25;11.63;1453706;33453168.000
12/18/2007;11.71;12.10;11.69;11.73;2495225;59575032.000
12/19/2007;11.85;11.90;11.64;11.76;1795732;42442404.000
12/20/2007;11.75;11.96;11.70;11.75;1765588;41876764.000
12/21/2007;11.78;11.95;11.70;11.86;1615879;38354996.000
12/24/2007;11.91;12.24;11.90;11.96;2492701;60437756.000
12/25/2007;11.99;12.42;11.99;12.20;2115943;51925504.000
12/26/2007;12.40;13.19;12.35;13.13;6325894;163539152.000
12/27/2007;13.25;13.64;12.90;13.13;5893753;156467728.000
12/28/2007;13.14;13.54;13.14;13.34;2958242;79354600.000
01/03/2008;13.75;14.57;13.62;14.55;6743546;191357552.000
01/04/2008;14.35;14.47;13.95;14.45;3950201;112796408.000
01/07/2008;14.37;14.50;13.96;14.34;3005975;85741096.000
01/08/2008;14.34;14.92;13.50;13.65;3867376;109434576.000
01/09/2008;13.46;14.08;13.30;13.95;2391879;65601616.000
01/10/2008;13.94;13.95;13.73;13.95;1839038;51032600.000
01/11/2008;13.90;13.90;13.49;13.58;1635062;44677748.000
01/14/2008;13.58;14.04;13.28;13.94;2284035;62590332.000
01/15/2008;13.95;14.28;13.90;14.03;2412190;68184056.000
01/16/2008;13.87;14.22;13.45;14.05;1907349;53525648.000
01/17/2008;14.15;14.25;13.39;13.80;2188939;60627172.000
01/18/2008;13.70;13.95;13.39;13.75;1274260;34782632.000
01/21/2008;13.84;13.85;12.75;12.84;1526457;40813180.000
01/22/2008;12.67;12.67;11.55;11.55;1910053;45418312.000
01/23/2008;11.78;12.34;11.55;12.25;1972272;47276296.000
01/24/2008;12.25;12.95;12.05;12.89;1594717;40066628.000
01/25/2008;12.89;12.95;12.44;12.55;1613775;40930340.000
01/28/2008;12.40;12.45;11.29;11.29;1395783;32540526.000
01/29/2008;11.38;11.65;11.12;11.50;773619;17778326.000
01/30/2008;11.82;11.86;11.35;11.63;621859;14526892.000
01/31/2008;11.65;11.72;11.31;11.33;470063;10812327.000
02/01/2008;11.45;11.47;10.30;10.56;838560;18060570.000
02/04/2008;10.75;11.52;10.75;11.51;664183;14981359.000
02/05/2008;11.45;11.83;11.38;11.66;663007;15488864.000
02/13/2008;11.66;11.88;11.36;11.67;573880;13500939.000
02/14/2008;11.67;11.96;11.67;11.85;476636;11358441.000
02/15/2008;11.94;12.13;11.76;11.96;1022273;24576482.000
02/18/2008;12.28;12.57;12.11;12.45;1079490;26942388.000
02/19/2008;12.45;12.75;12.20;12.67;895112;22752524.000
02/20/2008;12.70;12.70;12.35;12.35;999105;24978836.000
02/21/2008;12.20;13.00;12.13;12.76;1021049;25692306.000
02/22/2008;12.74;12.83;12.25;12.55;848974;21272442.000
02/25/2008;12.49;12.79;12.30;12.38;925745;23249654.000
02/26/2008;12.60;12.79;11.73;12.19;853857;20968328.000
02/27/2008;12.20;12.45;12.14;12.45;519080;12799293.000
02/28/2008;12.42;12.45;11.94;12.13;601971;14792282.000
02/29/2008;12.10;12.24;12.05;12.11;510969;12464371.000
03/03/2008;12.13;12.60;12.10;12.60;843139;21122324.000
03/04/2008;12.60;12.97;12.50;12.82;1318165;33830720.000
03/05/2008;12.82;13.09;12.65;12.96;1069663;27672902.000
03/06/2008;12.96;13.14;12.79;12.89;796170;20688418.000
03/07/2008;12.75;12.85;12.45;12.48;588956;14898119.000
03/10/2008;12.44;12.44;11.92;12.20;960172;23482934.000
03/11/2008;11.97;12.38;11.95;12.38;684780;16765641.000
03/12/2008;12.45;12.55;11.96;11.96;398713;9785400.000
03/13/2008;11.96;11.96;11.03;11.32;1059847;24319720.000
03/14/2008;11.25;11.43;11.05;11.35;393891;8938542.000
03/17/2008;11.20;11.44;10.59;10.60;456660;10059964.000
03/18/2008;10.49;10.79;9.60;9.71;956640;19278848.000
03/19/2008;10.14;10.33;9.78;10.18;604070;12262898.000
03/20/2008;10.04;11.21;9.70;11.17;1560156;33721364.000
03/21/2008;11.16;11.76;10.99;11.40;1024162;23775210.000
03/24/2008;11.50;11.69;11.26;11.31;866926;19864916.000
03/25/2008;11.10;11.57;10.75;11.45;374819;8516943.000
03/26/2008;11.20;11.68;11.20;11.50;510649;11827999.000
03/27/2008;11.35;11.50;11.15;11.24;764667;17331104.000
03/28/2008;11.01;11.60;11.00;11.50;1012415;23043484.000
03/31/2008;11.50;11.50;11.20;11.35;534478;12267608.000
04/01/2008;11.25;11.49;10.39;10.60;1334681;28671608.000
04/02/2008;10.45;10.73;10.25;10.27;698573;14620265.000
04/03/2008;10.20;10.59;10.05;10.50;402504;8427229.000
04/07/2008;10.45;10.95;10.35;10.94;630493;13556668.000
04/08/2008;10.95;10.95;10.71;10.77;785169;17043198.000
04/09/2008;10.75;10.90;10.10;10.15;731647;15293530.000
04/10/2008;9.95;10.38;9.85;10.34;503652;10248040.000
04/11/2008;10.44;10.44;10.13;10.17;912799;18779338.000
04/14/2008;9.95;10.10;9.59;9.68;703641;13886975.000
04/15/2008;9.69;9.95;9.44;9.82;469456;9071788.000
04/16/2008;9.82;9.84;9.50;9.50;394082;7668903.000
04/17/2008;9.47;9.75;9.29;9.63;1035290;19996892.000
04/18/2008;9.55;10.19;9.31;9.88;938559;18669856.000
04/21/2008;10.55;10.70;9.96;10.15;889633;18459228.000
04/22/2008;10.39;10.40;9.64;10.05;481345;9644872.000
04/23/2008;9.85;10.26;9.84;10.25;1039971;21122914.000
04/24/2008;10.95;11.27;10.70;11.15;2927954;64764656.000
04/25/2008;10.95;11.23;10.80;10.85;1574203;34909036.000
04/28/2008;10.94;11.20;10.80;11.05;1754966;38864720.000
04/29/2008;11.05;11.25;10.94;11.10;1215139;27142298.000
04/30/2008;11.15;11.74;11.15;11.63;2564539;59309452.000
05/05/2008;11.63;12.25;11.63;12.09;2632789;63791768.000
05/06/2008;11.95;12.43;11.85;12.21;2295024;56064136.000
05/07/2008;12.25;12.34;11.70;11.72;2384399;57400304.000
05/08/2008;11.53;12.35;11.50;12.25;1982129;48117792.000
05/09/2008;12.28;12.47;11.96;12.20;1813969;44511668.000
05/12/2008;12.05;12.96;11.96;12.72;3550137;89538304.000
05/13/2008;12.30;13.00;12.30;12.97;3110987;79857472.000
05/14/2008;12.87;13.01;12.72;12.90;1604482;41532212.000
05/15/2008;12.82;12.95;12.40;12.41;2096941;53014804.000
05/16/2008;12.48;12.80;12.29;12.39;1211624;30430138.000
05/20/2008;12.34;12.40;11.60;11.67;2356282;56386100.000
05/21/2008;11.49;11.95;11.20;11.95;1838133;42315112.000
05/22/2008;12.09;12.45;12.02;12.10;2346530;57617344.000
05/23/2008;11.94;12.45;11.64;12.00;2270633;55077720.000
05/26/2008;11.95;12.00;11.43;11.54;1548894;36189860.000
05/27/2008;11.55;11.70;11.34;11.47;1600257;36901152.000
05/28/2008;11.48;12.00;11.40;11.65;2043138;23895576.000
05/29/2008;11.65;11.66;10.75;10.90;1847398;20743766.000
05/30/2008;10.90;11.30;10.86;11.07;1634762;18069136.000
06/02/2008;10.99;11.05;10.60;10.93;1086728;11824329.000
06/03/2008;11.00;11.98;10.90;11.90;5331796;62283324.000
06/04/2008;11.90;12.19;11.70;11.95;5806999;69529736.000
06/05/2008;11.70;12.20;11.41;12.03;2795472;33248748.000
06/06/2008;12.03;12.28;11.85;11.95;3293385;39917904.000
06/10/2008;11.50;11.71;10.76;10.78;4850997;54342216.000
06/11/2008;10.55;10.75;10.01;10.61;2211658;23151294.000
06/12/2008;10.58;10.95;10.50;10.72;2516493;26867122.000
06/13/2008;10.92;10.92;10.42;10.45;1505200;15898645.000
06/17/2008;10.30;11.09;10.30;10.45;3813345;41107576.000
06/18/2008;10.36;10.90;9.41;10.45;7752488;78961192.000
06/19/2008;10.30;10.30;9.41;9.42;3793410;36810224.000
06/20/2008;9.27;9.85;8.78;9.10;3665872;33860820.000
06/23/2008;9.00;9.25;8.60;8.84;1658547;14783098.000
06/24/2008;8.84;9.05;8.66;8.92;2316738;20623580.000
06/25/2008;8.92;9.34;8.85;9.29;2602398;24034308.000
06/26/2008;9.32;9.61;9.20;9.36;1950967;18327512.000
06/27/2008;9.01;9.15;8.60;8.68;1851698;16360734.000
06/30/2008;8.50;8.90;8.15;8.35;1737914;14600611.000
07/01/2008;8.36;8.55;8.20;8.40;1558608;13115919.000
07/02/2008;8.40;8.52;8.30;8.40;1171059;9860468.000
07/03/2008;8.23;8.99;8.12;8.79;2266110;19604182.000
07/04/2008;8.76;9.07;8.53;8.59;2940541;25780110.000
07/07/2008;8.64;9.18;8.60;9.16;3049325;27478514.000
07/08/2008;9.18;9.60;8.90;9.52;2706178;25100642.000
07/09/2008;9.58;9.80;9.38;9.73;2613192;25113794.000
07/10/2008;9.60;10.48;9.45;10.00;4610082;46228404.000
07/11/2008;9.99;10.10;9.76;10.09;1958083;19368808.000
07/14/2008;9.92;10.35;9.85;10.03;1702862;17164226.000
07/15/2008;10.03;10.49;10.02;10.18;5532383;56664204.000
07/16/2008;10.10;10.59;10.00;10.30;8171432;84731504.000
07/17/2008;10.35;10.60;9.82;10.00;5200836;53390980.000
07/18/2008;10.03;10.50;9.60;10.50;4892855;49262780.000
07/21/2008;10.41;10.94;10.40;10.88;4750994;51268860.000
07/22/2008;10.89;11.90;10.70;11.55;8094594;91573136.000
07/23/2008;11.52;11.85;11.21;11.39;5086675;58553436.000
07/24/2008;11.42;11.65;11.28;11.60;4011504;46114248.000
07/25/2008;11.49;11.85;11.30;11.72;3737185;43382124.000
07/28/2008;11.75;11.98;11.15;11.29;7225104;83243224.000
07/29/2008;11.16;11.20;10.90;11.14;6264782;69052808.000
07/30/2008;11.26;11.43;10.82;11.05;3265233;36174740.000
07/31/2008;10.80;10.99;10.55;10.59;2203123;23492630.000
08/01/2008;10.52;10.84;10.30;10.72;1431264;15155869.000
08/04/2008;10.67;11.05;10.50;10.84;2102832;22908592.000
08/05/2008;10.75;11.00;10.30;10.66;1247360;13342147.000
08/06/2008;10.85;10.90;10.52;10.77;1473847;15815951.000
08/07/2008;10.80;10.89;10.38;10.46;1463347;15394796.000
08/08/2008;10.67;10.67;9.41;9.43;2058614;20532626.000
08/11/2008;9.21;9.47;8.59;8.74;1582010;14241432.000
08/12/2008;8.89;9.07;8.70;8.93;1059991;9479468.000
08/13/2008;8.80;9.07;8.58;9.00;633562;5610162.500
08/14/2008;8.90;9.11;8.85;9.00;479745;4330003.000
08/15/2008;8.90;9.27;8.90;9.09;565747;5161745.000
08/19/2008;8.59;9.03;8.45;8.96;812947;7138268.500
08/20/2008;8.80;9.79;8.74;9.77;1455701;13732942.000
08/21/2008;9.46;9.70;9.15;9.30;1581211;14881703.000
08/22/2008;9.30;9.35;9.01;9.08;818257;7454353.500
08/25/2008;9.02;9.39;8.91;9.09;604380;5508349.000
08/26/2008;8.91;9.00;8.18;8.18;2155694;18102226.000
08/27/2008;8.00;8.31;7.55;7.95;938320;7408468.000
08/28/2008;7.95;8.15;7.88;7.93;570623;4588542.000
08/29/2008;7.88;8.27;7.88;8.17;791533;6454081.000
09/01/2008;8.07;8.19;7.91;7.92;656199;5266006.000
09/02/2008;7.88;8.10;7.74;8.00;373474;2957159.750
09/03/2008;8.09;8.50;8.09;8.28;1639652;13679816.000
09/04/2008;8.20;8.25;7.50;8.08;1459738;11580073.000
09/05/2008;7.74;7.96;7.64;7.82;1147867;8987942.000
09/08/2008;8.04;8.20;7.73;7.81;1220529;9773939.000
09/09/2008;7.80;8.01;7.26;7.28;1529990;11341192.000
09/10/2008;7.27;7.42;7.10;7.25;1955344;14192414.000
09/11/2008;7.25;7.28;6.63;6.71;1592912;10908366.000
09/12/2008;6.71;6.81;6.65;6.72;724620;4890171.500
09/16/2008;6.76;6.86;6.63;6.73;915771;6159242.500
09/17/2008;6.72;6.90;6.30;6.50;861548;5656786.000
09/18/2008;6.30;6.45;5.98;6.30;1523158;9414553.000
09/19/2008;6.87;6.93;6.81;6.93;3364399;23296430.000
09/22/2008;7.53;7.62;7.09;7.62;9333312;69792336.000
09/23/2008;7.38;7.91;7.20;7.37;6681889;50492720.000
09/24/2008;7.16;7.16;6.68;7.09;3196310;22087268.000
09/25/2008;7.11;7.45;6.90;7.27;5901352;42310768.000
09/26/2008;7.27;7.30;6.70;6.80;4018911;27740154.000
10/06/2008;6.81;6.81;6.12;6.12;3996472;25084014.000
10/07/2008;5.80;6.05;5.61;6.00;1930855;11348991.000
10/08/2008;5.65;5.98;5.65;5.75;1287489;7486550.500
10/09/2008;5.82;6.00;5.78;5.80;1934253;11421104.000
10/10/2008;5.68;5.68;5.22;5.24;2596138;13916538.000
10/13/2008;5.22;5.50;4.90;5.50;2157231;10968138.000
10/14/2008;5.61;5.61;5.15;5.22;3693914;19790510.000
10/15/2008;5.08;5.13;4.96;5.09;1541775;7782636.500
10/16/2008;4.85;4.92;4.68;4.68;1464443;7068282.000
10/17/2008;4.75;4.85;4.60;4.68;1007985;4740625.500
10/20/2008;4.75;4.89;4.52;4.84;1336065;6307017.500
10/21/2008;4.84;4.96;4.81;4.83;1378903;6741412.500
10/22/2008;4.75;4.89;4.68;4.70;782820;3726530.250
10/23/2008;4.60;4.76;4.55;4.75;813166;3808439.750
10/24/2008;4.77;4.87;4.66;4.72;899412;4295358.000
10/27/2008;4.61;4.71;4.25;4.25;1450207;6452518.500
10/28/2008;4.25;4.44;4.18;4.38;1475462;6431674.500
10/29/2008;4.50;4.68;4.38;4.40;2459476;11182319.000
10/30/2008;4.33;4.48;4.30;4.40;1317022;5806748.500
10/31/2008;4.40;4.44;4.19;4.21;998149;4294101.500
11/03/2008;4.22;4.24;4.03;4.05;1084008;4471620.500
11/04/2008;4.02;4.16;4.02;4.09;1424176;5824436.000
11/05/2008;4.27;4.43;4.23;4.35;3197443;13889755.000
11/06/2008;4.25;4.48;4.18;4.35;2199401;9620691.000
11/07/2008;4.24;4.54;4.19;4.40;2289690;10083471.000
11/10/2008;4.60;4.75;4.50;4.70;4229703;19563248.000
11/11/2008;4.69;4.86;4.55;4.68;4994186;23474150.000
11/12/2008;4.66;4.94;4.60;4.91;2950049;14166595.000
11/13/2008;4.84;5.25;4.80;5.15;5069477;25850214.000
11/14/2008;5.24;5.41;5.08;5.36;5682191;30031632.000
11/17/2008;5.36;5.75;5.28;5.73;5980519;33234374.000
11/18/2008;5.73;5.73;5.17;5.19;7470300;40134252.000
11/19/2008;5.18;5.68;5.18;5.68;5520796;30017476.000
11/20/2008;5.59;6.03;5.43;5.55;7515351;43270152.000
11/21/2008;5.30;5.91;5.10;5.75;8345710;46722916.000
11/24/2008;5.74;5.79;5.36;5.47;4340241;23947714.000
11/25/2008;5.52;5.59;5.16;5.30;3417078;18300068.000
11/26/2008;5.30;5.46;5.22;5.33;1648363;8821961.000
11/27/2008;5.76;5.76;5.29;5.30;3060218;16959266.000
11/28/2008;5.25;5.46;5.21;5.44;2596461;13848750.000
12/01/2008;5.38;5.90;5.38;5.86;3973926;22624274.000
12/02/2008;5.70;6.12;5.62;5.99;6875466;41212868.000
12/03/2008;6.02;6.45;6.02;6.29;5947107;37114920.000
12/04/2008;6.35;6.42;6.09;6.10;8159892;51149244.000
12/05/2008;6.00;6.26;5.93;6.26;3484021;21369728.000
12/08/2008;6.33;6.55;6.29;6.45;6092475;39066316.000
12/09/2008;6.44;6.48;6.14;6.27;4612734;28975472.000
12/10/2008;6.27;6.65;6.23;6.60;5878927;37732372.000
12/11/2008;6.50;6.61;6.20;6.20;4864057;31244754.000
12/12/2008;6.16;6.20;5.79;5.85;4252549;25295298.000
12/15/2008;5.91;6.12;5.82;6.00;3213041;19192684.000
12/16/2008;6.00;6.08;5.73;6.02;2802233;16553038.000
12/17/2008;6.12;6.25;6.05;6.15;3956990;24372374.000
12/18/2008;6.10;6.57;6.03;6.52;6099512;39040412.000
12/19/2008;6.45;6.76;6.41;6.60;5283714;34970196.000
12/22/2008;6.57;6.97;6.38;6.80;5620877;37489624.000
12/23/2008;6.79;6.79;6.35;6.40;6188107;40635016.000
12/24/2008;6.36;6.44;6.15;6.25;3824909;23909872.000
12/25/2008;6.26;6.35;6.08;6.22;2176211;13483642.000
12/26/2008;6.28;6.49;6.25;6.31;2617129;16644751.000
12/29/2008;6.39;6.39;5.88;6.31;2425212;14738553.000
12/30/2008;6.28;6.39;6.17;6.22;2033541;12766432.000
12/31/2008;6.20;6.26;6.07;6.26;2261924;13977373.000
01/05/2009;6.36;6.75;6.33;6.68;4424759;28902950.000
01/06/2009;6.58;6.88;6.54;6.84;9835599;66619904.000
01/07/2009;6.79;7.25;6.72;6.92;12326472;86924640.000
01/08/2009;6.87;7.39;6.85;7.30;13375592;96550160.000
01/09/2009;7.47;7.47;7.18;7.38;9095690;66661476.000
01/12/2009;7.38;7.59;7.27;7.32;10318267;76713944.000
01/13/2009;7.20;7.25;6.95;6.97;8732030;61633920.000
01/14/2009;6.97;7.22;6.91;7.18;6258357;44433580.000
01/15/2009;7.20;7.35;7.10;7.15;5679246;40927568.000
01/16/2009;7.19;7.48;7.05;7.10;9264278;67436120.000
01/19/2009;7.10;7.22;6.89;6.98;4219682;29717818.000
01/20/2009;6.98;7.16;6.98;7.15;3997659;28328762.000
01/21/2009;7.13;7.43;7.05;7.39;9116437;66872616.000
01/22/2009;7.45;7.61;7.30;7.58;7723157;57796272.000
01/23/2009;7.56;7.70;7.34;7.35;6508167;48835596.000
02/02/2009;7.40;7.57;7.26;7.57;5547602;41176156.000
02/03/2009;7.57;7.75;7.48;7.69;8266268;63091756.000
02/04/2009;7.79;7.99;7.70;7.87;9353326;73351080.000
02/05/2009;7.85;8.05;7.65;7.77;8768198;68351000.000
02/06/2009;7.74;8.07;7.71;8.04;8813242;70027448.000
02/09/2009;8.10;8.45;8.00;8.23;9955276;81685528.000
02/10/2009;8.12;8.31;7.98;8.31;8188161;66481420.000
02/11/2009;8.07;8.50;8.02;8.14;10571820;87299888.000
02/12/2009;8.16;8.83;8.04;8.77;12342817;103840480.000
02/13/2009;8.70;9.13;8.60;9.00;11205265;99943632.000
02/16/2009;9.00;9.18;8.62;8.90;9916349;87706248.000
02/17/2009;8.95;8.95;8.33;8.38;11240186;96200448.000
02/18/2009;8.07;8.37;7.90;7.93;7044246;57425896.000
02/19/2009;8.05;8.25;8.00;8.21;5987855;48662488.000
02/20/2009;8.19;8.59;8.11;8.55;5755341;48364112.000
02/23/2009;8.58;9.12;8.40;8.90;9119432;80076504.000
02/24/2009;8.80;9.13;8.51;8.56;10644238;93970384.000
02/25/2009;8.58;9.20;8.55;9.20;13307460;118584608.000
02/26/2009;9.10;9.25;8.28;8.28;9578677;83664688.000
02/27/2009;8.00;8.19;7.45;7.49;8744172;66570228.000
03/02/2009;7.45;7.69;7.40;7.62;3319592;25223762.000
03/03/2009;7.39;8.13;7.28;7.76;5523621;42895684.000
03/04/2009;7.79;8.20;7.76;8.15;6461057;52009164.000
03/05/2009;8.20;8.39;7.91;8.13;5731536;46951368.000
03/06/2009;7.92;8.14;7.76;7.88;4995590;39595240.000
03/09/2009;7.98;8.15;7.41;7.51;4208846;32722134.000
03/10/2009;7.39;7.75;7.39;7.73;2545530;19353628.000
03/11/2009;7.87;7.92;7.68;7.69;3538755;27640882.000
03/12/2009;7.69;7.80;7.41;7.67;3241296;24669662.000
03/13/2009;7.72;8.15;7.58;7.90;9084904;72519136.000
03/16/2009;7.85;8.26;7.85;8.15;5790801;46824968.000
03/17/2009;8.20;8.65;8.07;8.55;9209217;77464944.000
03/18/2009;8.60;8.95;8.43;8.69;10804243;92814600.000
03/19/2009;8.65;9.12;8.64;8.94;9360558;83603864.000
03/20/2009;8.94;9.08;8.59;8.92;9317703;82015600.000
03/23/2009;8.96;9.09;8.77;9.03;7677431;69093664.000
03/24/2009;9.16;9.19;8.75;9.01;8908969;80116816.000
03/25/2009;9.04;9.08;8.83;8.85;5912205;52855132.000
03/26/2009;8.82;9.01;8.72;8.95;5976267;52983628.000
03/27/2009;9.06;9.45;8.95;9.25;11762492;109538600.000
03/30/2009;9.25;9.40;9.05;9.19;6358542;58465460.000
03/31/2009;9.00;9.25;8.70;9.21;8030575;72034296.000
04/01/2009;9.26;9.48;9.25;9.36;7487600;70154192.000
04/02/2009;9.36;9.70;9.36;9.39;7604773;72603976.000
04/03/2009;9.47;10.33;9.01;10.33;19725563;195919472.000
04/07/2009;10.33;10.33;9.92;10.10;9956447;100290712.000
04/08/2009;10.01;10.28;9.70;9.79;8152715;82325016.000
04/09/2009;9.79;10.00;9.33;9.86;11246973;108397968.000
04/10/2009;9.96;10.65;9.78;10.50;13078525;135100208.000
04/13/2009;10.51;11.04;10.43;10.83;13699594;147935728.000
04/14/2009;10.80;10.98;10.53;10.80;7375097;79544432.000
04/15/2009;10.75;11.55;10.56;11.22;11476276;128253848.000
04/16/2009;11.30;11.80;11.00;11.07;8113071;92022544.000
04/17/2009;11.01;11.01;10.50;10.60;8204064;87978072.000
04/20/2009;10.51;10.85;10.49;10.81;3903438;41916896.000
04/21/2009;10.70;11.19;10.63;10.99;4972932;54222260.000
04/22/2009;10.98;11.17;10.08;10.29;6633986;70917480.000
04/23/2009;10.30;10.88;10.14;10.75;6200809;65200332.000
04/24/2009;10.68;10.68;10.29;10.52;4562826;47759568.000
04/27/2009;10.44;10.52;10.11;10.30;4393817;45083548.000
04/28/2009;10.19;10.43;10.13;10.37;2587215;26645282.000
04/29/2009;10.26;10.78;10.26;10.68;3506858;37035772.000
05/04/2009;10.80;11.06;10.70;10.99;4615525;50410824.000
05/05/2009;11.12;11.24;10.88;11.15;6997263;77503184.000
05/06/2009;11.00;11.24;10.88;11.17;7456300;82044872.000
05/07/2009;11.15;11.43;10.69;10.96;7097554;78087416.000
05/08/2009;10.80;11.09;10.68;11.09;5239977;56972024.000
05/11/2009;11.05;11.05;10.21;10.28;12721249;133906344.000
05/12/2009;10.14;10.47;10.10;10.47;3339777;34524492.000
05/13/2009;10.47;10.50;10.28;10.35;3533538;36698860.000
05/14/2009;10.35;10.69;10.32;10.63;5614431;59267472.000
05/15/2009;10.66;10.75;10.29;10.52;4938712;51620640.000
05/18/2009;10.48;10.48;10.25;10.44;2269991;23490474.000
05/19/2009;10.45;10.72;10.41;10.64;6132585;65076252.000
05/20/2009;10.69;10.93;10.52;10.70;5143810;55151112.000
05/21/2009;10.65;10.78;10.25;10.43;4179986;43766064.000
05/22/2009;10.35;10.49;10.15;10.34;3619117;37271904.000
05/25/2009;10.03;10.21;9.90;10.14;3912386;39396224.000
05/26/2009;10.15;10.62;10.15;10.52;5944370;62374556.000
05/27/2009;10.71;11.32;10.71;11.12;16496008;183703552.000
06/02/2009;11.55;11.66;11.03;11.08;11623615;131371240.000
06/03/2009;11.04;11.18;10.84;10.90;7002128;76922568.000
06/04/2009;10.90;11.46;10.70;11.46;10096680;111297184.000
06/05/2009;11.48;11.55;11.23;11.26;7366001;83720840.000
06/08/2009;11.26;11.26;10.88;11.00;3635537;40047332.000
06/09/2009;11.00;11.12;10.66;10.89;4721192;51074248.000
06/10/2009;10.90;10.99;10.83;10.92;3482634;37941320.000
06/11/2009;10.90;10.97;10.65;10.70;3693086;39816428.000
06/12/2009;10.66;10.77;10.35;10.42;3471625;36625316.000
06/15/2009;10.38;10.67;10.27;10.60;3619528;37666348.000
06/16/2009;10.60;10.86;10.42;10.82;3796121;40529700.000
06/17/2009;10.82;10.90;10.63;10.77;2530610;27202166.000
06/18/2009;10.77;10.97;10.58;10.61;5374330;57884980.000
06/19/2009;10.75;10.89;10.61;10.89;4888794;52653016.000
06/22/2009;11.02;11.09;10.78;10.81;5338360;58533832.000
06/23/2009;10.68;10.80;10.53;10.62;2656328;28357150.000
06/24/2009;10.58;10.87;10.55;10.80;2405531;25883042.000
06/25/2009;10.81;10.82;10.59;10.60;3232234;34426504.000
06/26/2009;10.61;10.72;10.45;10.55;3659193;38622824.000
06/29/2009;10.58;10.59;10.37;10.53;4918013;51356840.000
06/30/2009;10.55;10.59;10.42;10.46;2701190;28331922.000
07/01/2009;10.46;10.48;10.24;10.47;5809052;59978152.000
07/03/2009;10.57;10.95;10.56;10.85;10111784;108856648.000
07/06/2009;10.80;10.92;10.68;10.77;5855374;63107196.000
07/07/2009;10.80;11.18;10.78;10.92;7825763;86209688.000
07/08/2009;10.90;11.50;10.80;11.35;10195011;114532600.000
07/09/2009;11.37;11.70;11.21;11.44;10189847;117130920.000
07/10/2009;11.47;11.61;11.15;11.20;6810311;77031120.000
07/13/2009;11.21;11.48;11.18;11.19;4833982;54620284.000
07/14/2009;11.21;11.38;11.14;11.36;5243332;59114476.000
07/15/2009;11.38;11.75;11.26;11.66;9044434;104168912.000
07/16/2009;11.66;11.88;11.46;11.48;7255311;84870800.000
07/17/2009;11.41;11.65;11.33;11.51;4459572;51270888.000
07/20/2009;11.60;12.56;11.47;12.22;14494831;174672624.000
07/21/2009;12.21;12.21;11.67;11.70;8239599;98345760.000
07/22/2009;11.80;12.54;11.80;12.13;10110439;123469240.000
07/23/2009;12.25;13.32;12.01;13.07;15612884;199112896.000
07/24/2009;13.00;13.00;12.40;12.75;10089124;128368304.000
07/27/2009;12.85;13.39;12.65;13.09;8730143;114523984.000
07/28/2009;13.02;13.16;12.73;13.00;8957496;116038168.000
07/29/2009;12.91;13.16;11.70;11.90;10752046;134026328.000
07/30/2009;11.96;12.33;11.78;12.32;8410562;101908064.000
07/31/2009;12.50;12.58;12.00;12.40;8450135;103867376.000
08/03/2009;12.35;12.58;12.13;12.56;8556046;106018800.000
08/04/2009;12.50;12.55;12.11;12.25;6399710;78712888.000
08/05/2009;12.25;12.72;12.19;12.51;7742724;96714688.000
08/06/2009;12.43;12.43;12.01;12.11;5851638;71463088.000
08/07/2009;12.13;12.28;11.66;11.69;4838415;57942836.000
08/10/2009;11.79;11.98;11.53;11.81;4334500;51021236.000
08/11/2009;11.99;11.99;11.68;11.90;3168409;37527552.000
08/12/2009;11.84;11.86;11.18;11.21;4544402;52240220.000
08/13/2009;11.23;11.40;11.00;11.30;3174954;35576264.000
08/14/2009;11.25;11.45;10.71;10.72;3813319;42288240.000
08/17/2009;10.63;10.63;9.66;9.86;3996435;40936428.000
08/18/2009;9.86;10.19;9.80;10.12;3738892;37401576.000
08/19/2009;10.14;10.17;9.37;9.45;3572761;34900620.000
08/20/2009;9.40;9.86;9.40;9.85;3734914;36148740.000
08/21/2009;9.80;10.11;9.70;10.10;3786323;37732452.000
08/24/2009;10.02;11.11;9.98;11.11;13060167;140100816.000
08/25/2009;11.06;11.58;10.81;11.22;16518536;185007072.000
08/26/2009;11.44;12.10;11.00;11.84;14315600;168736784.000
08/27/2009;11.70;11.95;11.32;11.58;9441904;109654160.000
08/28/2009;11.49;12.15;11.23;11.78;12460280;146953648.000
08/31/2009;11.50;11.59;10.66;10.70;7735053;85479040.000
09/01/2009;10.62;10.95;9.96;10.26;6708135;69270584.000
09/02/2009;10.00;10.63;10.00;10.47;4297286;44440760.000
09/03/2009;10.38;11.00;10.38;10.87;5949451;64197576.000
09/04/2009;10.90;11.49;10.75;11.30;7339437;81970512.000
09/07/2009;11.24;11.46;11.00;11.20;7628977;86035048.000
09/08/2009;11.10;11.75;10.88;11.47;7414802;84748800.000
09/09/2009;11.50;11.65;11.30;11.53;5145990;58928676.000
09/10/2009;11.50;11.65;11.29;11.35;5207743;59596224.000
09/11/2009;11.30;11.56;11.23;11.38;5139688;58588468.000
09/14/2009;11.46;11.77;11.31;11.69;7075410;82018216.000
09/15/2009;11.68;11.85;11.52;11.76;6348656;74553088.000
09/16/2009;11.75;11.80;11.40;11.61;6192572;71890784.000
09/17/2009;11.55;12.28;11.55;12.08;10486859;126233592.000
09/18/2009;12.16;12.25;11.00;11.47;10031347;118333440.000
09/21/2009;11.30;11.98;11.00;11.96;8255532;95098824.000
09/22/2009;11.83;12.20;11.38;11.46;7320356;87035592.000
09/23/2009;11.42;11.72;11.13;11.22;5509737;63171968.000
09/24/2009;11.18;11.45;10.92;11.23;3829970;42998044.000
09/25/2009;11.40;11.40;10.92;11.01;2703822;30087176.000
09/28/2009;11.02;11.22;10.30;10.34;3918510;42191888.000
09/29/2009;10.39;10.60;9.87;10.60;4328656;44212704.000
09/30/2009;10.59;10.65;10.00;10.46;4215122;43695224.000
10/09/2009;10.46;10.86;10.45;10.77;2826476;30125862.000
10/12/2009;10.80;10.97;10.71;10.77;2923536;31606672.000
10/13/2009;10.73;11.13;10.73;11.10;4564260;50176332.000
10/14/2009;11.38;11.48;11.10;11.20;7548071;85366872.000
10/15/2009;11.19;11.29;10.97;11.02;4352217;48230708.000
10/16/2009;11.10;11.22;10.75;10.92;2539921;27748514.000
10/19/2009;10.90;11.10;10.90;11.10;4521413;49833972.000
10/20/2009;11.13;11.45;10.96;11.40;15819768;178030384.000
10/21/2009;11.21;11.31;11.05;11.10;10562726;117856416.000
10/22/2009;11.00;11.08;10.69;10.75;9085009;98578296.000
10/23/2009;10.79;11.00;10.79;10.96;8472625;92233448.000
10/26/2009;10.95;11.07;10.79;10.96;5840481;63822524.000
10/27/2009;10.90;10.90;10.60;10.78;6237788;67030120.000
10/28/2009;10.73;10.87;10.62;10.84;2707433;29105136.000
10/29/2009;10.68;10.89;10.61;10.70;3066138;33027916.000
10/30/2009;10.80;10.93;10.73;10.73;3947887;42760936.000
11/02/2009;10.60;10.97;10.46;10.92;5084674;54553624.000
11/03/2009;10.92;11.24;10.85;11.18;7909807;87728264.000
11/04/2009;11.17;11.29;11.07;11.20;6455604;72209024.000
11/05/2009;11.22;11.45;11.17;11.34;8374737;94707704.000
11/06/2009;11.48;11.50;11.19;11.23;8177759;92600592.000
11/09/2009;11.25;11.49;11.17;11.42;7336072;83475272.000
11/10/2009;11.47;11.74;11.33;11.56;12359699;143333744.000
11/11/2009;11.51;11.79;11.40;11.67;8674478;100837592.000
11/12/2009;11.67;11.79;11.48;11.54;7556965;88039128.000
11/13/2009;11.50;11.65;11.29;11.65;6355121;73006232.000
11/17/2009;12.00;12.14;11.76;11.77;11422769;135757296.000
11/18/2009;11.73;11.92;11.66;11.83;5981487;70510104.000
11/19/2009;11.83;12.48;11.79;12.35;15393804;187515184.000
11/20/2009;12.30;13.20;12.20;13.05;20900575;268034288.000
11/23/2009;13.05;13.70;12.90;13.54;19951788;265052000.000
11/24/2009;13.54;14.20;12.92;13.11;20263140;276609600.000
11/25/2009;13.21;14.42;13.21;14.42;26335819;372556768.000
11/26/2009;14.15;14.35;12.98;13.05;27778039;376317504.000
11/27/2009;12.74;12.94;12.13;12.32;11913811;148785632.000
11/30/2009;12.36;13.50;12.35;13.16;12593165;162524112.000
12/01/2009;13.05;13.82;13.00;13.60;11652939;157719664.000
12/02/2009;13.73;13.74;13.32;13.60;8996464;121267120.000
12/03/2009;13.60;13.60;13.22;13.41;8647113;115609280.000
12/04/2009;13.42;13.72;12.58;13.00;8977175;118795792.000
12/07/2009;13.03;13.19;12.72;13.09;6203417;80189840.000
12/08/2009;13.18;13.18;12.81;12.95;4041257;52248572.000
12/09/2009;12.75;12.90;12.60;12.61;4261382;54268388.000
12/10/2009;12.78;13.35;12.78;12.98;5727402;74840928.000
12/11/2009;13.08;13.27;12.80;12.87;5534426;72132528.000
12/14/2009;12.72;12.99;12.50;12.81;4193267;53337532.000
12/15/2009;12.81;13.17;12.70;13.01;4825676;62852216.000
12/16/2009;13.10;13.49;13.10;13.39;7473143;99936752.000
12/17/2009;13.40;13.44;12.78;12.82;4280719;55794756.000
12/18/2009;12.77;13.17;12.70;12.83;5181189;67211320.000
12/21/2009;12.86;13.00;12.40;12.66;2922704;36918728.000
12/22/2009;12.66;12.66;12.13;12.14;2705873;33496962.000
12/23/2009;12.17;12.54;12.10;12.53;2768983;34150560.000
12/24/2009;12.48;12.89;12.40;12.85;2669793;33954660.000
12/25/2009;12.76;13.35;12.76;13.16;4766680;62663256.000
12/28/2009;13.10;13.47;13.10;13.27;4463502;59428496.000
12/29/2009;13.25;13.60;13.25;13.55;7532919;101710240.000
12/30/2009;13.51;13.64;13.20;13.34;5058364;67556840.000
01/04/2010;13.55;13.65;13.31;13.33;4877105;65541708.000
01/05/2010;13.33;14.05;13.33;14.00;11118872;153082336.000
01/06/2010;14.00;14.27;13.74;13.95;7800407;109361888.000
01/07/2010;13.94;13.99;13.31;13.56;4941553;67956208.000
01/08/2010;13.56;14.59;13.48;14.45;8622060;121346304.000
01/11/2010;14.72;14.90;14.02;14.59;8836770;129106600.000
01/12/2010;14.60;14.88;14.23;14.65;10306993;149596592.000
01/13/2010;14.15;14.65;14.11;14.15;6937239;99322360.000
01/14/2010;14.08;14.79;14.08;14.70;6513668;94703528.000
01/15/2010;14.80;14.87;14.32;14.49;4711116;68367456.000
01/18/2010;14.49;14.88;14.28;14.84;6198974;89980464.000
01/19/2010;14.94;15.06;14.58;14.80;6247624;92654080.000
01/20/2010;14.80;14.90;13.89;14.00;7316712;104675824.000
01/21/2010;13.95;14.18;13.80;13.92;3909403;54707916.000
01/22/2010;13.67;13.78;13.32;13.45;5235562;70638488.000
01/25/2010;13.33;13.75;13.21;13.45;2562894;34738340.000
01/26/2010;13.30;13.55;12.96;13.04;2522479;33297216.000
01/27/2010;13.01;13.24;12.60;12.79;2988564;39051688.000
01/28/2010;12.75;13.32;12.70;13.29;2934508;38366368.000
01/29/2010;13.20;13.55;13.04;13.14;2589337;34530000.000
02/01/2010;13.10;13.29;12.76;13.22;2166707;28234220.000
02/02/2010;13.18;13.57;13.16;13.20;2410113;32266600.000
02/03/2010;13.22;13.37;12.82;13.28;2204384;29004048.000
02/04/2010;13.25;13.53;13.25;13.45;3537519;47534076.000
02/05/2010;13.05;13.23;12.71;12.81;2337350;30333208.000
02/08/2010;12.84;13.06;12.70;12.72;1055980;13592421.000
02/09/2010;12.70;12.88;12.56;12.61;1424520;18038906.000
02/10/2010;12.68;12.90;12.62;12.90;1121826;14336113.000
02/11/2010;12.88;12.92;12.75;12.81;741172;9535663.000
02/12/2010;12.82;13.00;12.82;12.95;1070706;13864671.000
02/22/2010;12.88;13.12;12.86;12.96;1086976;14145823.000
02/23/2010;12.91;13.33;12.81;13.28;1778531;23193402.000
02/24/2010;13.21;13.58;13.13;13.58;2157814;29066578.000
02/25/2010;13.64;13.70;13.41;13.63;2697888;36603456.000
02/26/2010;13.57;13.92;13.53;13.80;2596886;35826384.000
03/01/2010;13.90;13.92;13.64;13.76;4841440;66448192.000
03/02/2010;13.75;14.05;13.64;13.92;4847016;67071760.000
03/03/2010;13.93;14.09;13.80;13.97;3678982;51313772.000
03/04/2010;13.96;14.03;13.10;13.14;5049729;68192096.000
03/05/2010;13.15;13.30;12.82;12.95;3706910;48361720.000
03/08/2010;12.99;13.36;12.99;13.18;2310899;30525422.000
03/09/2010;13.18;13.18;12.92;13.06;1520487;19852846.000
03/10/2010;13.10;13.18;12.69;12.86;2772542;35856848.000
03/11/2010;12.85;12.93;12.59;12.71;3329694;42254184.000
03/12/2010;12.73;12.79;12.38;12.47;3657739;46010600.000
03/15/2010;12.47;12.55;12.34;12.41;2460164;30570592.000
03/16/2010;12.42;12.59;12.35;12.54;2109013;26282682.000
03/17/2010;12.60;12.90;12.53;12.88;4132826;52608520.000
03/18/2010;12.90;13.13;12.76;12.84;3482465;45085256.000
03/19/2010;12.86;12.98;12.72;12.97;3291849;42353128.000
03/22/2010;12.97;13.01;12.75;12.97;3203497;41314356.000
03/23/2010;12.98;13.00;12.68;12.71;2937800;37562820.000
