002131 利欧股份 日线
      日期	    开盘	    最高	    最低	    收盘	    成交量	    成交额
04/27/2007;15.18;16.06;14.11;14.56;9605183;292041792.000
04/30/2007;14.68;15.93;14.68;15.63;4855970;152513248.000
05/08/2007;15.63;15.63;14.76;15.14;3024174;93436360.000
05/09/2007;15.03;15.04;13.68;14.41;3092782;90914328.000
05/10/2007;14.31;14.40;13.95;14.22;1469643;42368044.000
05/11/2007;14.13;14.57;13.77;14.43;1335332;39262776.000
05/14/2007;14.18;14.32;13.93;14.20;820345;23725580.000
05/15/2007;14.19;14.93;14.02;14.42;1774201;52414384.000
05/16/2007;14.43;14.75;14.18;14.72;1061391;31560100.000
05/17/2007;14.72;14.82;14.58;14.72;929993;27926774.000
05/18/2007;14.72;16.23;14.56;16.23;2848774;89849776.000
05/21/2007;16.00;16.95;15.73;16.58;2416657;81065608.000
05/22/2007;16.43;16.56;16.08;16.28;1432901;47397840.000
05/23/2007;16.17;16.44;15.97;16.17;1107036;36459736.000
05/24/2007;16.12;16.12;15.08;15.66;1423970;45181516.000
05/25/2007;15.43;16.39;15.43;16.13;1219064;39547408.000
05/28/2007;16.26;16.58;16.03;16.24;1162284;38731204.000
05/29/2007;16.12;16.63;16.08;16.48;1229020;41063152.000
05/30/2007;15.63;15.97;14.82;14.82;1631811;51130096.000
05/31/2007;14.88;15.41;14.09;15.02;1141838;34794688.000
06/01/2007;15.02;15.38;14.63;14.72;1167292;35768620.000
06/04/2007;14.88;14.93;13.43;13.48;912495;26445344.000
06/05/2007;13.43;13.93;12.20;13.77;1059955;28473894.000
06/06/2007;13.91;14.00;13.56;13.78;1081105;30479782.000
06/08/2007;15.16;15.19;14.63;15.19;2040031;62323132.000
06/11/2007;15.47;16.36;15.32;16.03;1958426;63758300.000
06/12/2007;16.05;16.38;15.27;16.15;1419710;45893432.000
06/13/2007;16.18;16.53;16.01;16.53;1491428;49355636.000
06/14/2007;16.58;18.15;16.23;17.28;2170326;77030032.000
06/15/2007;17.08;17.88;16.94;17.78;1230215;44127476.000
06/18/2007;18.18;18.30;17.48;17.60;1456038;52887040.000
06/19/2007;17.48;17.83;17.18;17.53;855577;30439420.000
06/20/2007;17.53;17.53;16.48;16.68;1112188;38600876.000
06/21/2007;16.53;16.93;16.33;16.58;843923;28585136.000
06/22/2007;16.57;16.78;15.43;15.68;1030486;33939196.000
06/25/2007;15.43;15.85;14.70;14.82;871091;27057838.000
06/26/2007;14.68;15.67;14.68;15.66;632063;19623246.000
06/27/2007;15.76;16.27;15.19;16.02;864647;27618680.000
06/28/2007;16.02;16.02;15.04;15.06;745789;23443766.000
06/29/2007;14.65;15.41;14.57;14.83;515931;15663973.000
07/02/2007;14.82;15.06;14.52;14.93;342264;10357472.000
07/03/2007;15.07;15.47;15.02;15.30;437361;13663076.000
07/04/2007;15.38;15.43;14.68;14.91;262485;8046741.000
07/05/2007;14.68;14.75;13.78;13.88;473400;13764521.000
07/06/2007;13.86;14.65;13.77;14.60;485716;14118669.000
07/09/2007;14.68;14.85;14.32;14.76;422633;12686140.000
07/10/2007;14.70;14.77;14.11;14.24;358030;10539441.000
07/11/2007;14.18;14.57;14.13;14.49;173317;5071113.500
07/12/2007;14.52;14.58;14.23;14.42;176000;5191340.000
07/13/2007;14.38;14.66;14.26;14.50;160319;4730343.500
07/16/2007;14.49;14.91;14.43;14.70;366865;11028121.000
07/18/2007;14.93;15.27;14.89;14.98;417813;12859546.000
07/19/2007;14.83;15.07;14.83;14.93;207541;6316164.000
07/20/2007;14.88;15.43;14.88;15.34;405260;12563269.000
07/23/2007;15.34;15.93;15.30;15.80;518828;16577183.000
07/24/2007;15.93;15.93;15.52;15.55;525748;16783276.000
07/25/2007;15.50;16.19;15.27;16.19;1000717;32230718.000
07/26/2007;16.33;17.17;16.32;16.87;1356797;46545852.000
07/27/2007;16.48;17.43;16.18;17.38;2327402;79618520.000
07/30/2007;17.43;17.93;17.13;17.17;1914277;68059936.000
07/31/2007;17.31;17.67;16.99;17.55;1039823;36518648.000
08/01/2007;17.33;17.65;16.35;16.35;1203839;41498404.000
08/02/2007;16.43;17.25;16.43;16.93;1037521;35706884.000
08/03/2007;17.12;18.65;16.98;18.65;3192916;119929464.000
08/06/2007;18.69;20.53;18.23;19.63;2883181;113144936.000
08/07/2007;18.88;19.38;18.26;18.48;2353815;89405704.000
08/08/2007;18.45;18.61;17.63;17.93;1265241;46538792.000
08/09/2007;17.77;18.28;17.55;17.69;1005452;36555924.000
08/10/2007;17.73;17.98;16.72;17.07;930083;32467416.000
08/13/2007;17.07;17.57;16.35;17.02;1043821;35854560.000
08/14/2007;16.98;17.65;16.92;17.53;626125;22107412.000
08/15/2007;17.63;17.68;16.69;17.03;506300;17621042.000
08/16/2007;17.01;17.51;16.71;17.18;557652;19486618.000
08/17/2007;17.05;17.42;16.88;16.91;495000;17229956.000
08/20/2007;17.17;17.76;17.08;17.66;788061;27977184.000
08/21/2007;17.68;17.83;17.28;17.40;622225;22138814.000
08/22/2007;17.33;17.43;17.08;17.20;586837;20519474.000
08/23/2007;17.25;17.38;16.93;17.16;563112;19643162.000
08/24/2007;17.17;17.47;17.03;17.44;579931;20394606.000
08/28/2007;17.23;17.23;16.38;16.68;925434;31437548.000
08/29/2007;16.68;16.80;16.20;16.25;693933;23298128.000
08/30/2007;16.37;16.74;16.28;16.66;392396;13225140.000
08/31/2007;16.62;17.16;16.40;16.92;342950;11814168.000
09/03/2007;16.93;17.07;16.68;16.85;532065;18191796.000
09/04/2007;16.86;16.95;16.51;16.60;391130;13278847.000
09/05/2007;16.68;16.68;16.39;16.60;439460;14756544.000
09/06/2007;16.63;17.23;16.63;16.87;509799;17681540.000
09/07/2007;16.87;18.36;16.85;17.75;1383887;49527436.000
09/10/2007;17.42;19.28;17.23;19.17;1797850;67916896.000
09/11/2007;19.07;19.07;17.22;17.22;1021088;37881704.000
09/12/2007;17.05;17.66;16.33;17.02;816260;28045774.000
09/13/2007;17.01;17.18;16.57;17.01;519722;17767340.000
09/14/2007;17.01;17.18;16.68;16.92;376764;12930094.000
09/17/2007;16.68;17.11;16.68;16.98;486973;16662025.000
09/18/2007;16.97;16.97;16.68;16.93;366984;12524296.000
09/19/2007;16.83;17.01;16.59;16.63;447989;15290668.000
09/20/2007;16.63;16.88;16.59;16.67;288098;9800625.000
09/21/2007;16.59;16.63;15.76;15.97;649593;21293418.000
09/24/2007;15.97;15.97;15.38;15.48;414126;13128716.000
09/25/2007;15.47;16.17;15.43;15.77;266000;8592377.000
09/26/2007;15.83;16.09;15.60;15.68;150398;4813889.500
09/27/2007;15.63;15.97;15.63;15.78;216376;6960384.500
09/28/2007;15.83;16.42;15.82;16.03;533705;17413872.000
10/08/2007;16.12;16.42;15.81;15.85;312919;10182293.000
10/09/2007;15.72;16.32;15.58;16.06;283822;9162006.000
10/10/2007;16.03;16.13;15.60;15.68;423644;13746442.000
10/11/2007;15.69;15.78;15.40;15.47;396361;12549838.000
10/12/2007;15.48;15.57;14.63;15.18;554287;17009492.000
10/15/2007;15.46;15.71;14.97;15.63;380227;11878742.000
10/16/2007;15.61;15.63;15.26;15.35;219537;6881052.500
10/17/2007;15.43;15.67;15.11;15.24;212931;6664576.000
10/18/2007;15.26;15.34;14.78;14.84;189443;5779247.000
10/19/2007;14.93;15.10;14.72;14.83;163316;4958934.000
10/22/2007;14.83;14.93;14.57;14.86;255910;7706970.500
10/23/2007;14.86;15.97;14.86;15.82;672204;21279384.000
11/14/2007;15.82;16.18;14.27;15.10;607968;18582816.000
11/15/2007;14.82;14.82;14.30;14.30;460741;13704818.000
11/16/2007;14.30;14.61;14.30;14.56;150555;4450941.500
11/19/2007;14.38;15.22;14.30;14.88;252736;7677760.000
11/20/2007;14.77;15.14;14.77;15.02;185732;5715068.000
11/21/2007;15.18;15.35;14.90;15.01;157781;4890775.000
11/22/2007;15.20;15.91;14.93;15.29;382551;12104763.000
11/23/2007;15.29;15.90;15.29;15.75;325536;10386672.000
11/26/2007;15.80;15.87;15.22;15.22;219950;6979311.000
11/27/2007;15.18;15.18;14.65;14.65;236676;7137079.500
11/28/2007;14.63;14.88;14.32;14.52;97897;2930276.500
11/29/2007;14.77;14.88;14.38;14.84;160631;4819878.000
11/30/2007;14.84;14.85;14.43;14.52;91165;2723507.250
12/03/2007;14.67;14.67;14.40;14.67;68500;2034720.000
12/04/2007;14.81;14.81;14.54;14.65;72000;2158623.500
12/05/2007;14.48;15.07;14.38;14.99;183981;5582493.000
12/07/2007;15.10;15.11;14.68;15.06;185850;5676946.000
12/10/2007;14.97;15.47;14.82;15.45;243058;7605186.500
12/11/2007;15.45;15.66;15.17;15.52;288342;9090104.000
12/12/2007;15.52;15.68;15.27;15.60;239712;7576484.500
12/13/2007;15.57;16.17;15.57;15.69;540606;17572058.000
12/14/2007;15.56;15.92;15.28;15.78;237635;7572353.500
12/17/2007;15.82;16.16;15.78;16.03;276293;9031771.000
12/18/2007;15.93;16.08;15.43;15.48;163833;5226882.500
12/19/2007;15.45;15.78;15.45;15.63;199996;6389271.500
12/20/2007;15.96;16.27;15.47;16.13;383766;12504771.000
12/21/2007;16.12;16.45;16.03;16.33;316537;10545959.000
12/24/2007;16.62;16.76;16.20;16.47;483598;16289596.000
12/25/2007;16.48;16.83;16.33;16.68;388672;13130340.000
12/26/2007;16.85;17.12;16.62;17.05;571814;19681460.000
12/27/2007;17.40;17.83;17.02;17.02;770927;27350052.000
12/28/2007;17.08;17.33;16.88;17.17;385368;13439439.000
01/02/2008;17.18;17.83;16.95;17.53;441177;15768578.000
01/03/2008;17.68;18.03;17.35;18.00;538439;19470664.000
01/04/2008;18.18;18.23;17.53;17.61;451140;16241207.000
01/07/2008;17.43;17.62;17.18;17.56;599869;21172918.000
01/08/2008;17.56;17.63;16.73;16.81;489084;17061548.000
01/09/2008;16.84;17.35;16.83;17.32;297176;10391930.000
01/10/2008;17.19;17.93;17.19;17.48;506735;18168322.000
01/11/2008;17.43;17.92;17.34;17.89;557629;20034056.000
01/14/2008;17.88;18.53;17.88;18.40;729544;27148422.000
01/15/2008;18.48;18.86;18.09;18.77;657655;24608454.000
01/16/2008;18.77;19.17;18.43;18.53;814674;31143474.000
01/17/2008;18.43;18.64;16.98;17.97;636079;23285080.000
01/18/2008;18.17;18.18;17.49;17.77;559541;20250610.000
01/21/2008;17.93;18.42;17.03;17.32;612312;22244870.000
01/22/2008;17.03;17.18;15.55;15.55;743660;24268560.000
01/23/2008;15.68;16.18;15.20;15.93;510610;16426324.000
01/24/2008;15.95;16.58;15.93;16.49;592741;19587996.000
01/25/2008;16.42;16.63;16.18;16.28;264900;8827378.000
01/28/2008;15.97;16.18;14.72;14.72;455500;14197723.000
01/29/2008;14.43;15.26;14.43;14.93;127087;3884988.250
01/30/2008;14.93;15.57;14.93;15.18;353288;10983170.000
01/31/2008;15.18;15.75;15.07;15.18;297350;9337852.000
02/01/2008;15.07;15.40;14.50;14.85;200220;6079998.000
02/04/2008;15.26;15.91;15.02;15.90;288798;9203526.000
02/05/2008;15.68;15.90;15.47;15.67;158381;5104522.000
02/13/2008;15.63;15.63;15.11;15.26;290636;9049228.000
02/14/2008;15.47;15.47;15.18;15.45;198600;6209620.000
02/15/2008;15.18;15.87;15.18;15.70;274188;8747703.000
02/18/2008;15.86;16.49;15.86;16.25;357391;11894945.000
02/19/2008;16.18;16.52;16.18;16.43;235987;7889598.500
02/20/2008;16.43;16.53;15.95;15.97;280000;9285244.000
02/21/2008;15.97;16.38;15.97;16.31;266930;8818684.000
02/22/2008;16.31;16.42;15.71;16.01;225979;7403474.000
02/25/2008;16.12;16.12;15.51;15.63;209616;6798158.500
02/26/2008;15.78;16.13;15.20;15.57;135938;4340918.000
02/27/2008;15.77;16.06;15.68;15.89;102191;3315981.500
02/28/2008;15.84;15.84;15.43;15.63;156790;4989104.500
02/29/2008;15.91;15.91;15.63;15.75;118481;3799356.750
03/03/2008;15.76;16.30;15.47;16.30;354789;11497735.000
03/04/2008;16.18;16.58;16.03;16.19;442094;14695448.000
03/05/2008;16.22;16.54;16.08;16.18;575530;19081204.000
03/06/2008;16.58;16.58;16.18;16.32;417769;13875171.000
03/07/2008;16.28;16.47;15.68;16.00;276759;9103816.000
03/10/2008;15.93;16.03;15.24;15.32;152300;4844066.000
03/11/2008;15.32;15.66;14.97;15.53;189524;5922774.500
03/12/2008;15.97;15.97;15.52;15.55;243840;7816840.000
03/13/2008;15.43;15.60;14.68;15.17;240972;7443186.500
03/14/2008;15.35;15.35;14.72;15.10;125199;3860859.500
03/17/2008;15.10;15.17;14.38;14.43;235842;7102784.500
03/18/2008;14.82;15.33;13.26;13.63;1179567;35014704.000
03/19/2008;14.35;14.52;13.68;14.04;653018;18840630.000
03/20/2008;13.73;14.93;13.32;14.53;766874;22338944.000
03/21/2008;14.68;15.36;14.43;14.93;497820;15268269.000
03/24/2008;15.32;15.32;14.30;14.46;456378;13826627.000
03/25/2008;14.20;14.89;13.97;14.73;230825;6898833.500
03/26/2008;14.72;15.27;14.68;14.93;288465;8810098.000
03/27/2008;14.82;14.93;14.07;14.16;296270;8795203.000
03/28/2008;13.68;14.68;13.63;14.65;351043;10191416.000
03/31/2008;14.28;14.47;13.85;13.93;252115;7259894.500
04/01/2008;14.00;14.07;12.50;12.50;658853;17390186.000
04/02/2008;12.75;12.77;11.26;11.32;401692;9852596.000
04/03/2008;11.43;12.06;10.80;11.58;432078;10008037.000
04/07/2008;11.52;12.42;11.20;12.38;404043;10001860.000
04/08/2008;12.39;12.77;12.35;12.60;373750;9628967.000
04/09/2008;12.43;12.82;11.77;11.82;341071;8659462.000
04/10/2008;11.82;12.10;11.52;12.07;202197;4952778.500
04/11/2008;12.22;13.20;12.16;12.85;424051;11109250.000
04/15/2008;12.45;12.45;11.53;12.13;742235;18008598.000
04/16/2008;11.93;12.11;11.57;11.61;431115;10422300.000
04/17/2008;11.50;11.81;10.68;10.90;341786;7869496.000
04/18/2008;10.75;10.94;10.11;10.17;388861;8332419.500
04/21/2008;10.93;11.22;10.18;10.51;455949;10043059.000
04/22/2008;10.32;10.32;9.57;10.11;328200;6672581.500
04/23/2008;10.07;10.86;9.89;10.77;282744;6122172.500
04/24/2008;11.86;11.88;11.52;11.88;1030191;25074224.000
04/25/2008;11.88;12.93;11.70;12.45;2347311;29419420.000
04/28/2008;12.10;12.30;11.80;11.88;1321195;16319910.000
04/29/2008;11.94;12.20;11.80;11.92;885246;10910079.000
04/30/2008;11.96;12.65;11.96;12.59;1247319;15907031.000
05/05/2008;12.80;13.88;12.70;13.88;2183114;29843350.000
05/06/2008;13.90;14.90;13.50;14.40;3864747;56996840.000
05/07/2008;14.41;15.05;13.82;13.84;2620339;38752316.000
05/08/2008;13.70;14.35;13.28;14.33;1850641;26107788.000
05/09/2008;14.33;14.45;13.63;13.81;1483704;21246614.000
05/12/2008;13.79;14.20;13.50;13.99;1148465;16264411.000
05/13/2008;13.20;13.90;13.06;13.51;1259308;17340114.000
05/14/2008;13.50;13.88;13.42;13.85;983000;13800047.000
05/15/2008;13.84;14.23;13.55;13.55;946819;13434251.000
05/16/2008;13.56;13.78;13.06;13.21;855947;11648651.000
05/19/2008;13.23;13.28;13.10;13.25;519029;7004312.500
05/20/2008;13.49;13.49;12.10;12.18;721148;9448115.000
05/21/2008;11.75;12.50;11.60;12.40;1041689;12648307.000
05/22/2008;12.21;12.40;11.71;11.82;741899;9159171.000
05/23/2008;11.80;11.96;11.53;11.70;590729;7080227.000
05/26/2008;11.65;11.65;11.22;11.26;593090;6944962.500
05/27/2008;11.26;11.60;11.20;11.55;496023;5824366.500
05/28/2008;11.49;12.19;11.46;12.05;543551;6651235.000
05/29/2008;12.07;12.40;11.95;12.10;791873;9876719.000
05/30/2008;12.12;12.16;11.95;12.06;409392;5048668.500
06/02/2008;12.01;12.19;11.90;12.04;248549;3067662.750
06/03/2008;12.00;12.03;11.61;11.65;363500;4384545.500
06/04/2008;11.65;11.65;11.20;11.30;408944;4753197.000
06/06/2008;11.40;11.92;11.31;11.70;441352;5282024.000
06/10/2008;11.39;11.39;10.50;10.50;612100;6848523.500
06/11/2008;10.26;10.70;10.21;10.40;384454;4143063.750
06/12/2008;10.40;10.67;10.20;10.39;376348;4010520.000
06/13/2008;10.40;10.59;9.70;9.72;371700;3835044.000
06/16/2008;9.73;10.00;9.50;9.70;290562;2916665.000
06/17/2008;9.82;10.19;9.66;9.88;619792;6336866.000
06/19/2008;10.36;10.40;8.93;8.99;1175560;12011516.000
06/20/2008;8.81;9.45;8.23;8.60;1135784;10388679.000
06/23/2008;8.60;8.70;7.90;7.97;524475;4560323.500
06/24/2008;7.97;8.20;7.84;8.07;549779;4580497.500
06/25/2008;8.25;8.78;8.01;8.78;707035;6200045.000
06/26/2008;8.70;8.91;8.55;8.82;772698;6981855.500
06/27/2008;8.53;8.53;7.94;8.01;552776;4710144.500
06/30/2008;7.97;8.09;7.71;8.07;267085;2203995.000
07/01/2008;8.08;8.15;7.92;8.00;213217;1777242.000
07/02/2008;8.03;8.29;7.95;8.15;325768;2754118.250
07/03/2008;7.98;8.61;7.90;8.57;531463;4624882.500
07/04/2008;8.50;8.78;8.35;8.49;459270;4071201.500
07/07/2008;8.53;8.92;8.53;8.92;701992;6401549.500
07/08/2008;8.96;9.84;8.92;9.84;1842432;17930276.000
07/09/2008;10.55;10.79;10.11;10.64;3348115;35963068.000
07/10/2008;10.30;10.56;9.95;9.95;2657336;28178916.000
07/11/2008;10.12;10.12;9.80;9.88;1218918;12462394.000
07/14/2008;9.79;10.24;9.60;10.16;887463;9058456.000
07/15/2008;10.12;10.30;9.62;9.62;1147504;11672371.000
07/16/2008;9.62;10.20;8.63;10.04;2078270;19885374.000
07/17/2008;9.93;10.68;9.86;10.15;3129914;33277612.000
07/18/2008;10.20;10.60;9.50;10.48;1971213;20363046.000
07/21/2008;10.45;11.08;10.11;11.08;2610924;28649508.000
07/22/2008;10.99;11.19;10.72;10.85;1743441;19559542.000
07/23/2008;10.90;10.97;10.31;10.45;1294380;14162547.000
07/24/2008;10.47;10.74;10.45;10.63;997414;10879776.000
07/25/2008;10.61;10.61;10.30;10.35;921640;9865921.000
07/28/2008;10.35;10.53;10.35;10.46;641929;6897641.500
07/29/2008;10.27;10.38;10.05;10.05;665001;6952797.500
07/30/2008;10.16;11.08;10.12;10.68;1127145;12116696.000
07/31/2008;10.70;11.35;10.60;10.69;4232967;47951616.000
08/01/2008;10.55;10.60;9.94;10.20;1857547;19506772.000
08/04/2008;10.20;10.20;9.80;9.87;695204;7136214.000
08/05/2008;9.87;10.02;9.79;9.80;427051;4343343.000
08/06/2008;9.85;10.02;9.71;9.77;453659;4603593.000
08/07/2008;9.77;9.93;9.71;9.89;358629;3622364.500
08/08/2008;9.90;9.95;8.87;8.87;941485;8962122.000
08/11/2008;8.70;8.80;7.95;7.98;733004;6214286.500
08/12/2008;7.85;8.06;7.50;7.78;542295;4372305.500
08/13/2008;7.78;7.78;7.26;7.67;462698;3644181.000
08/14/2008;7.61;7.75;7.52;7.68;311310;2481901.750
08/15/2008;7.64;7.86;7.61;7.76;312030;2507062.250
08/18/2008;7.80;7.84;6.95;6.95;509529;3880381.750
08/19/2008;6.95;7.09;6.85;7.00;499163;3611595.000
08/20/2008;6.86;7.68;6.81;7.52;1072100;8269966.000
08/21/2008;7.45;7.55;7.12;7.12;562696;4272114.500
08/22/2008;7.05;7.08;6.78;6.95;543369;3905719.750
08/25/2008;6.98;7.25;6.90;7.10;335969;2485813.500
08/26/2008;7.01;7.12;6.62;7.02;541076;3849989.250
08/27/2008;6.92;7.10;6.80;6.94;508335;3689989.250
08/28/2008;6.90;6.98;6.82;6.87;248710;1785460.250
08/29/2008;6.91;7.20;6.85;7.10;504747;3713130.250
09/01/2008;6.95;7.02;6.81;6.83;356250;2562838.500
09/02/2008;6.80;7.00;6.50;6.96;405951;2878950.500
09/03/2008;6.78;7.00;6.76;6.97;272240;1957452.750
09/04/2008;6.97;7.18;6.75;7.10;443185;3247513.500
09/05/2008;6.93;6.96;6.60;6.82;443674;3141326.750
09/08/2008;6.75;7.16;6.55;6.61;478078;3446162.000
09/09/2008;6.56;6.79;6.50;6.57;390853;2696929.000
09/10/2008;6.67;6.73;6.45;6.62;244861;1694759.875
09/11/2008;6.69;6.75;6.33;6.70;465998;3192962.500
09/16/2008;7.01;7.09;6.60;6.63;867062;6177956.000
09/17/2008;6.50;6.68;6.20;6.49;630950;4272762.000
09/18/2008;6.35;6.58;5.93;6.45;828067;5477985.500
09/19/2008;7.08;7.13;6.80;7.13;1123292;8268852.500
09/22/2008;7.50;7.87;7.12;7.35;1825657;14114478.000
09/23/2008;7.20;7.20;6.69;6.70;745434;5331194.000
09/24/2008;6.70;6.70;6.50;6.69;367584;2542168.750
09/25/2008;6.77;6.95;6.69;6.85;584394;4186739.500
09/26/2008;6.90;6.90;6.55;6.67;497400;3479709.250
10/06/2008;6.60;6.60;6.26;6.26;304000;2025849.000
10/07/2008;6.06;6.21;5.81;6.10;576702;3624206.000
10/08/2008;5.95;6.05;5.90;5.95;318299;1992179.750
10/09/2008;6.10;6.11;5.92;5.95;192820;1211466.000
10/10/2008;5.89;5.90;5.46;5.46;454700;2689857.000
10/13/2008;5.48;5.58;5.26;5.57;186478;1060800.750
10/14/2008;5.71;5.85;5.35;5.35;254900;1512218.500
10/15/2008;5.21;5.36;5.21;5.26;221189;1237022.375
10/16/2008;5.19;5.19;4.73;4.73;343400;1781163.625
10/17/2008;4.85;4.85;4.73;4.80;183721;932862.625
10/20/2008;4.74;4.96;4.74;4.94;275989;1426636.750
10/21/2008;4.90;5.15;4.90;4.90;407468;2157269.250
10/22/2008;4.81;4.97;4.80;4.87;258345;1332676.500
10/23/2008;4.83;4.95;4.73;4.94;185960;960004.000
10/24/2008;4.95;4.95;4.80;4.90;237098;1224981.625
10/27/2008;4.80;4.80;4.38;4.38;356012;1730539.000
10/28/2008;4.35;4.57;4.30;4.50;311392;1488136.000
10/29/2008;4.58;4.74;4.51;4.59;426330;2091143.875
10/30/2008;4.63;4.76;4.59;4.72;444604;2217283.000
10/31/2008;4.69;4.77;4.47;4.57;242039;1185843.000
11/03/2008;4.55;4.65;4.40;4.56;282352;1376118.875
11/04/2008;4.51;4.55;4.40;4.55;157398;748634.438
11/05/2008;4.68;4.99;4.68;4.87;753051;3900129.750
11/06/2008;4.71;4.84;4.65;4.69;568684;2864251.750
11/07/2008;4.58;4.90;4.53;4.83;446255;2274923.500
11/10/2008;4.93;5.34;4.90;5.31;1242112;6796451.000
11/11/2008;5.21;5.35;5.11;5.13;942792;5209023.500
11/12/2008;5.05;5.32;5.05;5.29;600873;3291858.000
11/13/2008;5.27;5.85;5.19;5.85;1752708;10427753.000
11/14/2008;6.45;6.47;5.85;6.05;3362802;21721450.000
11/17/2008;5.91;6.69;5.85;6.69;3190757;21262978.000
11/18/2008;6.52;6.85;5.99;6.02;3166965;21443096.000
11/19/2008;5.95;6.65;5.95;6.61;1943911;12821335.000
11/20/2008;6.39;6.57;6.14;6.30;2055671;13700128.000
11/21/2008;6.09;6.27;5.75;5.96;1852116;11649769.000
11/24/2008;6.06;6.06;5.55;5.55;860062;5242787.500
11/25/2008;5.65;5.79;5.50;5.68;683045;4052608.750
11/26/2008;5.63;5.83;5.59;5.72;544756;3279393.000
11/27/2008;6.15;6.19;5.81;5.81;1230801;7740625.500
11/28/2008;5.80;5.83;5.55;5.63;448345;2683226.500
12/01/2008;5.64;6.00;5.51;5.98;899474;5529345.000
12/02/2008;5.88;6.38;5.80;6.34;2227941;14520770.000
12/03/2008;6.38;6.67;6.34;6.59;1988799;13548192.000
12/04/2008;6.69;6.77;6.41;6.48;2978336;20617642.000
12/05/2008;6.36;7.00;6.36;6.90;2222648;15489770.000
12/08/2008;7.08;7.18;6.88;7.09;2393684;17619776.000
12/09/2008;7.10;7.17;6.74;6.75;1618385;11637524.000
12/10/2008;6.70;7.05;6.60;7.02;1287604;9248065.000
12/11/2008;7.02;7.07;6.66;6.66;1602092;11438974.000
12/12/2008;6.95;7.18;6.66;6.70;3291979;23754784.000
12/15/2008;6.74;6.85;6.44;6.69;1589658;11025046.000
12/16/2008;6.63;6.71;6.35;6.71;928334;6310384.500
12/17/2008;6.70;7.00;6.68;6.82;1597213;11444896.000
12/18/2008;6.81;6.94;6.71;6.93;1188331;8487726.000
12/19/2008;6.90;7.27;6.90;7.05;1913572;14180007.000
12/22/2008;7.05;7.48;6.98;7.46;2883650;21812202.000
12/23/2008;7.46;7.46;6.80;6.88;2369819;17683092.000
12/24/2008;6.75;6.81;6.41;6.46;1418828;9754112.000
12/25/2008;6.50;6.69;6.33;6.50;990459;6758459.000
12/29/2008;6.44;6.44;5.89;6.29;819471;5329282.000
12/30/2008;6.45;6.48;6.30;6.39;815678;5466771.500
12/31/2008;6.33;6.68;6.33;6.46;1054046;7241471.000
01/05/2009;6.60;6.89;6.50;6.88;1169855;8201363.000
01/06/2009;6.80;7.20;6.78;7.12;1902906;13995320.000
01/07/2009;7.13;7.24;6.98;7.12;1423462;10533611.000
01/08/2009;6.95;7.43;6.94;7.36;2965321;22356550.000
01/09/2009;7.36;7.86;7.30;7.70;3625294;28734976.000
01/12/2009;7.70;7.88;7.50;7.50;3567647;28587232.000
01/13/2009;7.38;7.46;6.98;6.99;2354661;17622432.000
01/14/2009;6.99;7.61;6.99;7.61;2354163;18014566.000
01/15/2009;7.53;8.08;7.46;7.87;3709297;30295972.000
01/16/2009;7.93;8.03;7.76;7.78;2414938;19753806.000
01/19/2009;7.76;7.96;7.51;7.85;1577406;12573133.000
01/20/2009;7.72;7.87;7.71;7.80;876566;7095073.000
01/21/2009;7.70;7.90;7.68;7.79;1102069;8943334.000
01/22/2009;7.81;7.82;7.60;7.80;1407966;11283423.000
01/23/2009;7.91;8.49;7.90;8.19;3725278;31973666.000
02/02/2009;8.20;8.36;8.00;8.31;1906043;16298019.000
02/03/2009;8.32;8.55;8.21;8.43;1810085;15753382.000
02/04/2009;8.47;9.14;8.47;8.96;3023709;27428804.000
02/05/2009;9.33;9.89;9.33;9.89;3152187;31980534.000
02/06/2009;10.91;10.91;10.91;10.91;525993;5896381.500
02/09/2009;11.94;12.03;11.58;12.03;9004258;110572456.000
02/10/2009;12.17;13.26;12.03;13.26;12807964;167827488.000
02/11/2009;13.25;13.30;12.06;12.34;9448132;123362632.000
02/12/2009;12.51;12.67;12.00;12.62;6421097;80932696.000
02/13/2009;12.99;13.60;12.81;12.90;8634545;115802552.000
02/16/2009;12.70;12.80;12.30;12.60;5141468;65913704.000
02/17/2009;12.55;12.55;11.81;11.85;4211732;52055340.000
02/18/2009;11.58;12.00;11.10;11.20;2870118;34094424.000
02/19/2009;11.25;11.50;11.11;11.39;2586826;30023608.000
02/20/2009;11.30;11.75;11.08;11.74;3263094;38274644.000
02/23/2009;11.68;12.20;11.41;12.09;3492396;42275756.000
02/24/2009;11.95;11.99;11.15;11.15;3234624;38189024.000
02/25/2009;11.29;11.64;11.16;11.54;2505674;29358470.000
02/26/2009;11.46;11.87;10.36;10.55;2416387;28250314.000
03/02/2009;9.47;10.55;9.47;10.20;2193922;22495892.000
03/03/2009;9.80;10.19;9.69;9.92;1764409;17981852.000
03/04/2009;9.92;10.65;9.92;10.65;2656989;28607028.000
03/05/2009;10.70;10.88;10.29;10.56;2847578;31044748.000
03/06/2009;10.40;10.49;10.25;10.45;1569507;16739581.000
03/09/2009;10.55;10.69;9.81;9.85;1502616;15843372.000
03/10/2009;9.81;10.26;9.75;10.23;1128977;11605434.000
03/11/2009;10.35;10.69;10.27;10.48;2063817;22158716.000
03/12/2009;10.35;10.47;9.86;10.30;1184468;12402805.000
03/13/2009;10.41;10.55;10.21;10.39;1691680;18133304.000
03/16/2009;10.39;10.69;10.22;10.63;1756919;19030456.000
03/17/2009;10.63;10.96;10.42;10.85;2649406;29417504.000
03/18/2009;10.86;11.20;10.85;11.09;3097862;35137088.000
03/19/2009;11.15;11.39;11.10;11.25;2833418;32678228.000
03/20/2009;11.25;11.29;10.75;10.90;2423913;27272514.000
03/23/2009;10.80;11.05;10.78;10.97;2284619;25665794.000
03/24/2009;11.09;11.28;11.09;11.26;2653124;30466580.000
03/25/2009;11.27;11.49;10.71;10.71;3075468;35631980.000
03/26/2009;11.02;11.02;10.39;10.92;2372959;26185600.000
03/27/2009;11.05;11.23;10.83;11.23;2474191;27942594.000
03/30/2009;11.21;12.10;11.20;12.05;5553104;67420248.000
03/31/2009;11.80;11.98;11.58;11.95;2721706;32805108.000
04/01/2009;11.98;12.14;11.75;11.87;2666232;32579616.000
04/02/2009;12.00;12.01;11.80;11.96;2906457;35499012.000
04/03/2009;11.99;12.08;11.50;11.54;2395677;28792534.000
04/07/2009;11.55;11.75;11.54;11.70;1487246;17757510.000
04/08/2009;11.70;12.19;11.61;11.71;3413423;41848716.000
04/09/2009;11.70;12.42;11.62;12.41;4799331;59535604.000
04/10/2009;12.50;12.61;12.18;12.42;5064851;64423368.000
04/13/2009;12.45;12.77;12.20;12.28;3767358;47939004.000
04/14/2009;12.30;13.41;12.28;13.19;6256804;83388304.000
04/15/2009;12.90;13.55;12.83;13.08;4452405;60010992.000
04/16/2009;13.40;14.42;13.20;14.42;8443956;121742360.000
04/17/2009;14.40;14.40;13.20;13.45;5017866;70305968.000
04/20/2009;13.28;14.11;12.96;13.77;3455223;47667124.000
04/21/2009;14.08;14.59;13.83;14.58;5965840;86751832.000
04/22/2009;14.71;15.64;13.70;13.90;6109320;92553568.000
04/23/2009;14.02;15.10;13.54;14.94;5921131;87289240.000
04/24/2009;15.00;15.14;14.44;14.49;3996098;60200936.000
04/27/2009;14.59;15.05;13.72;14.01;4042885;59973372.000
04/28/2009;13.95;14.15;13.00;13.40;4228386;57947284.000
04/29/2009;13.25;13.94;13.25;13.78;3227513;44866044.000
04/30/2009;13.76;13.94;13.42;13.70;2707253;37888044.000
05/04/2009;13.78;14.55;13.69;14.45;3336814;48223576.000
05/05/2009;14.63;14.64;14.26;14.54;2786319;41019268.000
05/06/2009;14.57;15.60;14.36;15.31;3593890;55230056.000
05/07/2009;15.34;15.47;14.54;14.75;3514919;53407228.000
05/08/2009;14.68;14.68;14.11;14.36;2219393;32503968.000
05/11/2009;14.50;14.55;13.30;13.30;3252867;45701396.000
05/13/2009;13.80;14.14;13.73;13.94;1606617;22909902.000
05/14/2009;13.69;13.93;13.61;13.93;1156438;16277182.000
05/15/2009;14.00;14.48;13.95;14.38;2014915;29376876.000
05/18/2009;14.33;14.33;13.90;14.24;1404776;20186212.000
05/19/2009;14.36;14.67;14.27;14.40;1830105;26997870.000
05/20/2009;14.41;14.58;14.28;14.40;1683878;24803938.000
05/21/2009;14.47;14.47;13.70;13.81;2009906;27946154.000
05/22/2009;13.65;13.98;13.58;13.72;1005109;13783304.000
05/25/2009;13.39;13.76;12.98;13.66;1301763;17278052.000
05/26/2009;13.58;13.93;13.51;13.70;1175977;16146892.000
05/27/2009;13.81;13.88;13.35;13.49;620611;8422957.000
06/01/2009;13.65;13.94;13.60;13.79;1220869;16853480.000
06/02/2009;13.82;14.03;13.79;13.88;1337834;18632696.000
06/03/2009;13.94;14.27;13.88;14.02;1338556;18835758.000
06/04/2009;14.06;14.06;13.54;13.76;1165287;16022987.000
06/05/2009;13.79;13.87;13.45;13.54;1055120;14333215.000
06/08/2009;13.70;13.77;13.51;13.59;607146;8288608.000
06/09/2009;13.68;13.93;13.52;13.85;826913;11332609.000
06/10/2009;13.94;14.65;13.86;14.51;3084644;44386028.000
06/11/2009;14.38;14.56;14.11;14.17;1688427;24170988.000
06/12/2009;14.19;14.34;13.57;13.76;1359593;18942800.000
06/15/2009;13.76;14.00;13.68;13.99;1010775;13997262.000
06/16/2009;13.85;14.30;13.82;14.20;1126273;15845208.000
06/17/2009;14.25;14.36;14.10;14.28;1231959;17513500.000
06/18/2009;14.31;14.49;14.17;14.21;1743954;25001740.000
06/19/2009;14.21;14.46;14.15;14.42;2242531;32141700.000
06/22/2009;14.55;14.95;14.42;14.56;2505214;36916212.000
06/23/2009;14.30;14.49;14.12;14.25;1432203;20450448.000
06/24/2009;14.24;14.59;14.24;14.31;1382295;19892610.000
06/25/2009;14.32;15.28;14.32;15.00;4352445;64781460.000
06/26/2009;14.98;15.20;14.69;14.86;2186828;32518302.000
06/29/2009;14.91;14.97;14.56;14.70;1913877;28114302.000
06/30/2009;14.72;15.14;14.61;14.89;1692292;25185660.000
07/01/2009;14.66;14.97;14.66;14.82;1564192;23066032.000
07/02/2009;15.00;15.08;14.54;14.59;1955635;28684254.000
07/03/2009;14.55;14.60;14.28;14.51;2011672;28989956.000
07/06/2009;14.56;14.61;14.30;14.53;1727412;24934606.000
07/07/2009;14.53;14.94;14.49;14.76;2081433;30708406.000
07/08/2009;14.74;15.21;14.65;15.16;3142263;47133152.000
07/09/2009;15.07;15.27;14.88;15.24;2819958;42491616.000
07/10/2009;15.29;15.58;15.19;15.22;2863784;43953764.000
07/13/2009;15.09;15.45;15.00;15.33;2031400;30989052.000
07/14/2009;15.39;15.76;15.29;15.67;2497949;38842948.000
07/15/2009;16.91;17.24;16.80;17.24;2162356;37010728.000
07/16/2009;18.50;18.50;17.20;17.24;7759346;137498256.000
07/17/2009;17.09;17.68;16.66;17.09;4135955;70510984.000
07/21/2009;17.32;17.90;16.68;16.69;3493446;60424548.000
07/22/2009;16.64;16.94;16.51;16.86;2530817;42260848.000
07/23/2009;16.82;17.40;16.47;17.14;3241857;54893864.000
07/24/2009;17.16;17.45;16.59;17.24;2536328;43293620.000
07/27/2009;17.25;17.56;16.90;17.41;2942176;51020328.000
07/28/2009;17.41;17.45;17.01;17.27;1580849;27159866.000
07/29/2009;17.20;17.37;15.82;16.16;2905410;48595324.000
07/30/2009;16.28;16.45;15.93;16.40;1653388;26914686.000
07/31/2009;16.98;17.56;16.90;17.56;4553771;78954352.000
08/03/2009;17.81;19.32;17.81;19.32;7720833;145451936.000
08/04/2009;19.29;19.69;18.60;19.46;4954110;95084680.000
08/05/2009;19.24;20.50;18.95;19.81;4341658;86081080.000
08/06/2009;19.40;20.37;19.20;20.16;3850381;76780960.000
08/07/2009;20.05;20.56;18.85;19.59;4491016;88087912.000
08/10/2009;19.53;19.68;18.70;19.41;2740052;52435052.000
08/11/2009;19.19;19.71;18.78;19.25;2754766;52869248.000
08/12/2009;19.25;19.25;17.33;17.33;3625300;64861792.000
08/13/2009;17.40;17.40;15.98;16.80;8029900;132540096.000
08/14/2009;16.54;16.89;15.80;15.80;3122641;51248792.000
08/17/2009;15.99;16.58;15.76;15.85;4129488;66903640.000
08/18/2009;15.65;16.30;15.01;16.18;3411400;53487096.000
08/19/2009;16.12;16.68;15.76;15.92;3011318;49009172.000
08/20/2009;16.12;17.51;16.02;17.07;4082749;68318640.000
08/21/2009;16.93;17.50;16.60;17.30;4411965;75110360.000
08/24/2009;17.50;17.58;16.92;17.38;3782550;65273084.000
08/25/2009;17.12;17.15;16.32;16.58;3163426;52793252.000
08/26/2009;16.52;17.21;16.36;16.87;3075510;52145348.000
08/27/2009;16.70;17.36;16.63;17.08;2767418;47264904.000
08/28/2009;17.40;18.79;17.40;18.06;9405163;172907776.000
08/31/2009;17.00;17.29;16.25;16.25;5487613;90554688.000
09/01/2009;15.70;16.15;15.35;15.48;2605356;40884808.000
09/02/2009;15.39;15.78;15.10;15.69;1652690;25571236.000
09/03/2009;15.59;16.47;15.59;16.38;2655368;42820968.000
09/04/2009;16.39;16.83;16.10;16.54;2918478;47946784.000
09/07/2009;16.60;17.09;16.36;16.73;2919696;48852956.000
09/08/2009;16.58;17.20;16.42;17.09;2525925;42592100.000
09/09/2009;17.16;17.22;16.81;17.12;2352806;39977148.000
09/10/2009;17.18;17.95;17.13;17.42;3741038;65724540.000
09/11/2009;17.10;17.75;17.10;17.39;2418113;42155672.000
09/14/2009;17.39;17.87;17.33;17.79;2445345;43270868.000
09/15/2009;17.80;17.80;17.30;17.60;2545630;44724988.000
09/16/2009;17.55;17.55;17.10;17.21;2637842;45602708.000
09/17/2009;17.28;17.99;17.28;17.86;3593002;63605500.000
09/18/2009;18.03;18.17;17.00;17.18;3317479;58637764.000
09/21/2009;17.00;17.38;16.51;17.34;2081263;35202948.000
09/22/2009;17.38;17.70;16.98;16.98;2012605;35032584.000
09/23/2009;17.01;17.26;16.55;16.57;1638908;27755022.000
09/24/2009;16.40;16.75;15.95;16.46;1328322;21729564.000
09/25/2009;16.37;16.80;16.30;16.50;1029065;17024534.000
09/28/2009;16.68;16.68;15.63;15.70;1150478;18574182.000
09/29/2009;15.95;15.98;15.06;15.27;887143;13694309.000
09/30/2009;15.50;15.80;15.40;15.60;955422;14914200.000
10/09/2009;16.12;16.35;15.83;16.30;1014969;16395705.000
10/12/2009;16.35;16.57;16.13;16.29;953277;15594389.000
10/13/2009;16.29;16.81;16.22;16.81;1095718;18140490.000
10/14/2009;16.90;17.22;16.81;17.00;2054608;34957840.000
10/15/2009;17.00;17.65;17.00;17.52;2710424;47137152.000
10/16/2009;17.60;17.66;17.04;17.38;1625416;28176024.000
10/19/2009;17.46;18.07;17.46;17.67;2300082;40999108.000
10/20/2009;17.61;17.99;17.61;17.99;2148346;38124040.000
10/21/2009;17.99;18.28;17.72;17.76;2385232;42937308.000
10/22/2009;17.72;18.21;17.47;17.99;2132347;38082968.000
10/23/2009;18.05;19.24;17.91;18.74;8046496;149396096.000
10/26/2009;18.67;19.60;18.61;19.47;7799192;149581744.000
10/27/2009;19.30;19.79;19.00;19.21;7910467;153688000.000
10/28/2009;19.00;19.17;18.35;18.99;4818741;90580888.000
10/29/2009;18.70;18.89;18.51;18.65;3248352;60718864.000
10/30/2009;18.95;19.10;18.56;18.68;4566965;85963576.000
11/02/2009;18.00;18.83;17.80;18.82;3454098;63861652.000
11/03/2009;18.87;19.48;18.78;19.37;5299621;101722432.000
11/04/2009;19.30;19.48;19.05;19.34;3031961;58494964.000
11/05/2009;19.41;19.60;19.18;19.49;3164172;61342308.000
11/06/2009;19.75;20.36;19.75;19.85;5623629;112843416.000
11/09/2009;20.05;20.28;19.30;19.39;4895677;95849376.000
11/10/2009;19.45;19.45;18.99;19.10;4392129;84338240.000
11/11/2009;19.09;19.60;18.90;19.51;3903882;74994848.000
11/12/2009;19.56;19.74;19.12;19.20;4638926;90376328.000
11/13/2009;19.25;19.55;19.12;19.40;3484864;67247424.000
11/16/2009;19.50;19.85;19.33;19.79;4665493;91701296.000
11/17/2009;19.80;19.87;19.55;19.79;3834630;75666432.000
11/18/2009;19.94;20.17;19.78;20.11;3564804;71309464.000
11/19/2009;20.15;20.17;19.75;19.96;3510576;70073048.000
11/20/2009;19.86;20.15;19.60;19.80;3386259;67246152.000
11/23/2009;19.80;20.45;19.72;20.40;4592035;92282968.000
11/24/2009;20.56;20.56;19.15;19.21;6026169;120490832.000
11/25/2009;19.20;19.59;18.78;19.44;3947133;75648320.000
11/26/2009;19.43;19.43;18.02;18.18;3725978;69921400.000
11/27/2009;18.00;18.53;17.90;17.90;2331119;42339060.000
11/30/2009;18.11;18.63;18.02;18.58;2235749;41109664.000
12/01/2009;18.60;19.08;18.52;19.04;2475964;46642472.000
12/02/2009;19.04;19.20;18.85;19.06;2656360;50600564.000
12/03/2009;19.10;19.37;19.01;19.33;2131872;40948492.000
12/04/2009;19.25;19.43;18.10;18.44;3125200;58786832.000
12/08/2009;18.99;19.18;18.69;19.04;2529502;47989080.000
12/09/2009;18.85;19.16;18.72;18.91;1684140;32007016.000
12/10/2009;19.02;19.20;18.75;18.98;1391318;26296126.000
12/11/2009;19.09;19.10;18.72;18.77;1561665;29570058.000
12/14/2009;18.81;18.89;18.30;18.66;1715012;31805632.000
12/15/2009;18.52;18.91;18.52;18.68;970460;18188562.000
12/16/2009;18.54;18.86;18.54;18.69;1010282;18929432.000
12/17/2009;18.79;18.80;17.92;17.97;1552065;28276146.000
12/18/2009;17.89;18.00;17.46;17.50;1111390;19617160.000
12/21/2009;17.62;17.68;17.45;17.67;797515;14008936.000
12/22/2009;17.67;17.77;17.28;17.36;1007130;17720622.000
12/23/2009;17.38;17.71;17.36;17.68;683230;11991192.000
12/24/2009;17.70;18.26;17.62;18.24;1371732;24809346.000
12/25/2009;18.11;18.48;18.10;18.33;974704;17890140.000
12/28/2009;18.35;18.64;18.21;18.56;1051149;19456334.000
12/29/2009;18.64;18.93;18.52;18.80;1735711;32546368.000
12/30/2009;18.89;18.90;18.41;18.45;1627821;30197130.000
12/31/2009;18.46;18.84;18.42;18.67;1309252;24384056.000
01/04/2010;18.77;19.20;18.69;18.99;2627254;49794684.000
01/05/2010;19.00;19.36;18.75;19.36;2939958;56334776.000
01/06/2010;19.37;19.88;19.11;19.30;4383519;85929376.000
01/07/2010;19.11;19.78;19.11;19.48;3489523;67899440.000
01/08/2010;19.47;19.55;19.01;19.44;2449194;47297156.000
01/11/2010;19.70;20.89;19.46;20.70;9033151;183766112.000
01/12/2010;20.80;21.65;20.50;20.99;7630947;162143040.000
01/13/2010;20.85;22.08;20.81;21.77;7376695;159839360.000
01/14/2010;21.54;22.26;21.20;21.81;5210442;112916160.000
01/15/2010;21.81;22.67;21.51;22.53;5172991;114236272.000
01/18/2010;22.29;22.86;22.25;22.35;3506333;78858792.000
01/19/2010;22.40;22.55;21.78;21.80;3377211;74346512.000
01/20/2010;21.85;21.98;20.68;20.84;3943224;84012216.000
01/21/2010;20.88;22.58;20.88;21.80;5955886;130205312.000
01/22/2010;21.50;22.28;20.80;22.01;5662107;122041960.000
01/25/2010;21.85;22.18;21.45;21.56;2378396;51681568.000
01/26/2010;21.55;21.80;19.50;19.74;6314848;129446440.000
01/27/2010;19.60;20.39;19.60;19.90;2084179;41672188.000
01/28/2010;20.40;20.65;20.00;20.38;2104333;42803328.000
01/29/2010;20.20;21.28;20.20;20.81;2848972;59463140.000
02/01/2010;20.75;21.18;20.01;20.44;2591816;53554536.000
02/02/2010;20.45;21.72;20.45;21.45;4785814;102018240.000
02/03/2010;21.43;21.77;20.90;21.75;3702423;79237216.000
02/04/2010;21.38;21.75;20.80;20.83;3748801;79835344.000
02/05/2010;20.40;20.60;19.63;19.80;3911701;78267512.000
02/08/2010;19.66;19.75;18.80;19.05;2623780;50133116.000
02/09/2010;18.90;19.24;18.60;18.93;2217850;41810800.000
02/10/2010;19.10;19.39;18.97;19.29;1476118;28215524.000
02/11/2010;19.11;19.64;19.11;19.33;2292182;44516640.000
02/12/2010;19.41;19.87;19.23;19.63;1442429;28273004.000
02/22/2010;19.59;19.75;19.30;19.46;1384246;26984318.000
02/23/2010;19.50;19.50;18.90;19.28;1433958;27444682.000
02/24/2010;19.34;20.73;19.21;20.61;5618987;113203784.000
02/25/2010;21.00;22.67;21.00;21.58;11200967;245613504.000
02/26/2010;21.30;21.92;21.12;21.69;4905556;106362664.000
03/01/2010;22.50;22.97;21.78;21.97;7637384;169141952.000
03/02/2010;21.90;22.07;21.50;21.84;4307197;93551464.000
03/03/2010;21.90;21.96;21.12;21.57;5504082;117961184.000
03/04/2010;21.79;21.87;20.92;20.95;4267003;91549440.000
03/05/2010;20.96;21.18;20.61;20.99;2263141;47322064.000
03/08/2010;20.99;21.18;20.72;20.98;1941765;40734476.000
03/09/2010;20.91;20.91;20.45;20.62;2645739;54474816.000
03/10/2010;20.59;20.72;19.99;20.18;2741709;55601820.000
03/11/2010;20.20;20.71;19.98;20.65;2260826;45993116.000
03/12/2010;20.66;20.77;20.19;20.20;1818719;37255788.000
03/15/2010;20.31;20.40;19.72;19.76;1236469;24641834.000
03/16/2010;19.76;19.99;19.60;19.99;1684253;33315376.000
03/17/2010;20.55;21.80;20.55;21.33;6685054;142373248.000
03/18/2010;21.01;21.75;20.90;21.47;8056530;171634288.000
03/19/2010;21.51;22.95;21.21;22.51;12009057;265129440.000
03/22/2010;24.76;24.76;23.40;23.74;22264057;538351808.000
03/23/2010;24.21;26.11;23.60;26.11;27166900;678833792.000
