002089 新 海 宜 日线
      日期	    开盘	    最高	    最低	    收盘	    成交量	    成交额
11/30/2006;5.32;5.45;5.09;5.13;8883727;141539552.000
12/01/2006;4.92;5.04;4.82;4.85;3787490;56757080.000
12/04/2006;4.85;4.98;4.77;4.92;1782503;26595672.000
12/05/2006;4.89;4.91;4.85;4.86;1135373;16874846.000
12/06/2006;4.83;5.35;4.83;5.35;5377683;85705592.000
12/07/2006;5.35;5.61;5.25;5.25;4312409;71129912.000
12/08/2006;5.21;5.22;4.85;4.86;2338461;35485596.000
12/11/2006;4.79;4.97;4.79;4.95;1009964;15058782.000
12/12/2006;4.92;4.97;4.82;4.86;848876;12600175.000
12/13/2006;4.85;4.94;4.83;4.88;637645;9476607.000
12/14/2006;4.89;4.91;4.83;4.89;657545;9780811.000
12/15/2006;4.91;4.97;4.85;4.91;796961;11869058.000
12/18/2006;4.92;4.92;4.85;4.88;797152;11829475.000
12/19/2006;4.88;5.08;4.87;4.98;1443253;21954200.000
12/20/2006;4.97;5.00;4.89;4.96;822166;12369910.000
12/21/2006;4.96;5.00;4.85;4.86;813191;12207199.000
12/22/2006;4.83;4.88;4.82;4.84;647591;9560287.000
12/25/2006;4.84;4.90;4.83;4.85;509930;7569983.500
12/26/2006;4.83;4.88;4.62;4.62;982126;14119295.000
12/27/2006;4.62;4.72;4.59;4.64;474085;6699145.000
12/28/2006;4.64;4.68;4.35;4.37;903984;12254019.000
12/29/2006;4.37;4.45;4.37;4.42;586767;7905423.000
01/04/2007;4.42;4.45;4.36;4.38;548545;7327737.500
01/05/2007;4.36;4.55;4.36;4.55;639438;8715265.000
01/08/2007;4.53;4.64;4.49;4.63;536319;7478804.500
01/09/2007;4.64;4.71;4.63;4.66;578518;8225109.500
01/10/2007;4.66;4.68;4.57;4.67;569968;8018792.500
01/11/2007;4.69;4.73;4.61;4.65;814404;11581190.000
01/12/2007;4.66;4.66;4.41;4.43;677100;9362286.000
01/15/2007;4.42;4.62;4.42;4.59;564216;7788498.000
01/16/2007;4.63;4.63;4.54;4.61;609940;8526937.000
01/17/2007;4.63;4.85;4.57;4.78;1561919;22425124.000
01/18/2007;4.76;4.82;4.65;4.79;1058846;15334411.000
01/19/2007;4.80;4.94;4.78;4.89;1333026;19750472.000
01/22/2007;5.08;5.30;5.08;5.30;2992370;47147584.000
01/23/2007;5.26;5.35;5.09;5.25;1778991;28388334.000
01/24/2007;5.28;5.34;5.21;5.31;1263468;20348804.000
01/25/2007;5.25;5.25;4.92;4.95;1267497;19583014.000
01/26/2007;4.88;5.01;4.76;4.98;719213;10734597.000
01/29/2007;4.98;5.20;4.98;5.16;941713;14611092.000
01/30/2007;5.18;5.18;5.01;5.05;685191;10653056.000
01/31/2007;5.02;5.09;4.86;4.87;573308;8718571.000
02/01/2007;4.85;4.98;4.82;4.92;575408;8576090.000
02/02/2007;4.92;4.98;4.87;4.90;435166;6531326.000
02/05/2007;4.88;4.96;4.87;4.96;244019;3664880.250
02/06/2007;4.99;5.02;4.93;5.02;341864;5201197.000
02/07/2007;5.02;5.05;4.98;5.00;396481;6061284.500
02/08/2007;5.02;5.05;4.95;5.04;450739;6878370.000
02/09/2007;5.04;5.06;4.99;5.02;314217;4811557.000
02/12/2007;5.02;5.11;5.00;5.11;628536;9718255.000
02/13/2007;5.13;5.15;5.06;5.11;359280;5570726.500
02/14/2007;5.11;5.15;5.09;5.15;716635;11218515.000
02/15/2007;5.15;5.30;5.15;5.28;1423754;22659830.000
02/16/2007;5.31;5.57;5.22;5.51;1537496;25240928.000
02/26/2007;5.48;5.74;5.41;5.67;1189229;20102460.000
02/27/2007;5.70;5.70;5.15;5.15;1659555;27761700.000
02/28/2007;5.18;5.55;5.12;5.45;2164980;34782404.000
03/01/2007;5.52;5.56;5.12;5.29;1457227;23628284.000
03/02/2007;5.25;5.51;5.22;5.45;1814340;29865390.000
03/05/2007;5.45;5.47;5.25;5.45;1287013;21116828.000
03/06/2007;5.41;5.64;5.27;5.56;1580463;26444976.000
03/07/2007;5.51;5.66;5.48;5.65;2037325;34836552.000
03/08/2007;5.66;5.70;5.52;5.61;2662487;45747164.000
03/09/2007;5.63;5.64;5.46;5.55;2411244;40880348.000
03/12/2007;5.55;5.61;5.44;5.52;1767535;29763332.000
03/13/2007;5.52;5.64;5.50;5.61;1971087;33545000.000
03/14/2007;5.57;5.74;5.35;5.67;2390283;40744104.000
03/15/2007;5.63;5.74;5.61;5.68;1699333;29417520.000
03/16/2007;5.69;5.73;5.41;5.49;1584005;26770320.000
03/19/2007;5.25;5.48;5.25;5.38;985519;16157208.000
03/20/2007;5.41;5.47;5.38;5.42;747673;12342726.000
03/21/2007;5.42;5.48;5.39;5.47;649620;10753719.000
03/22/2007;5.48;5.58;5.46;5.47;863724;14542338.000
03/23/2007;5.42;5.56;5.37;5.52;927724;15386530.000
03/26/2007;5.55;5.71;5.55;5.67;1743670;30015654.000
03/27/2007;5.68;5.90;5.64;5.79;1697084;29939444.000
03/28/2007;5.79;5.84;5.45;5.63;1629472;28060184.000
03/29/2007;5.67;5.72;5.51;5.53;1028912;17558414.000
03/30/2007;5.48;5.66;5.48;5.60;830433;14147168.000
04/02/2007;5.62;5.84;5.58;5.84;1636793;28733602.000
04/03/2007;5.84;5.89;5.75;5.79;1213197;21447734.000
04/04/2007;5.78;5.99;5.74;5.89;1721192;30850072.000
04/05/2007;5.89;6.16;5.81;6.15;1712931;31195952.000
04/06/2007;6.17;6.20;5.95;5.98;1940043;35554724.000
04/09/2007;6.01;6.02;5.89;5.95;1896132;34380340.000
04/10/2007;5.98;5.99;5.83;5.98;1268294;22870730.000
04/11/2007;5.97;5.98;5.84;5.94;1247357;22445468.000
04/12/2007;5.96;6.17;5.93;6.11;1561463;28762672.000
04/13/2007;6.11;6.57;6.02;6.32;2829359;53620788.000
04/16/2007;6.34;6.50;6.28;6.38;1343990;26147772.000
04/17/2007;6.37;6.60;6.09;6.54;1954380;37903460.000
04/18/2007;6.54;6.67;6.41;6.61;1105252;22069322.000
04/19/2007;6.50;6.53;6.00;6.21;1665938;31772064.000
04/20/2007;6.20;6.57;6.20;6.50;1193129;23326816.000
04/23/2007;6.53;6.61;6.44;6.60;1275593;25444878.000
04/24/2007;6.60;6.75;6.47;6.60;1503135;30281856.000
04/25/2007;6.50;6.74;6.26;6.66;1246238;24750916.000
04/27/2007;6.57;6.73;6.50;6.64;837419;16918342.000
04/30/2007;6.62;6.86;6.57;6.69;1107475;22586134.000
05/08/2007;6.80;6.84;6.57;6.76;1132696;23226802.000
05/09/2007;6.76;6.83;6.44;6.65;1176574;23814966.000
05/10/2007;6.57;7.30;6.57;7.04;1692138;35053216.000
05/11/2007;6.99;7.29;6.84;7.12;1070550;23172510.000
05/14/2007;7.07;7.23;6.95;7.03;777035;16825202.000
05/15/2007;7.07;7.10;6.57;6.73;955977;20018282.000
05/16/2007;6.73;6.86;6.64;6.83;743365;15276487.000
05/17/2007;6.86;7.19;6.84;7.13;1071096;22686008.000
05/18/2007;7.02;7.22;6.96;6.99;890982;15999106.000
05/21/2007;6.72;7.04;6.71;6.90;909269;15861647.000
05/22/2007;6.87;7.10;6.86;6.94;1160964;20589530.000
05/23/2007;6.96;7.04;6.86;6.99;974878;17171242.000
05/24/2007;7.02;7.03;6.76;6.82;1185801;20595048.000
05/25/2007;6.83;7.06;6.79;7.02;1388554;24479072.000
05/28/2007;7.06;7.22;7.04;7.11;1405600;25408336.000
05/29/2007;7.14;7.18;7.02;7.16;1314429;23699428.000
05/30/2007;6.90;7.06;6.44;6.44;1750996;29991336.000
05/31/2007;6.35;6.70;6.13;6.63;1431707;23420160.000
06/01/2007;6.60;6.62;6.15;6.20;1013266;16426184.000
06/04/2007;6.20;6.33;5.83;5.85;1486319;23070586.000
06/05/2007;5.86;6.31;5.52;6.29;805748;12078959.000
06/06/2007;6.25;6.38;6.07;6.24;621328;9836119.000
06/07/2007;6.26;6.43;6.23;6.37;605376;9726408.000
06/08/2007;6.39;6.47;6.26;6.35;579940;9397067.000
06/11/2007;6.45;6.50;6.34;6.42;677917;11006676.000
06/12/2007;6.43;6.49;6.25;6.47;826670;13394532.000
06/13/2007;6.48;6.89;6.45;6.78;1223650;20625584.000
06/14/2007;6.71;6.71;6.54;6.56;696089;11660932.000
06/15/2007;6.48;6.74;6.33;6.72;910286;15399187.000
06/18/2007;6.81;7.01;6.72;6.84;1208152;21054208.000
06/19/2007;6.80;6.89;6.67;6.81;604442;10405012.000
06/20/2007;6.82;7.00;6.66;6.72;1373355;23840006.000
06/21/2007;6.70;6.78;6.50;6.61;598340;10057944.000
06/22/2007;6.57;6.70;6.25;6.35;747735;12250203.000
06/25/2007;6.35;6.35;5.78;5.91;507988;7865614.500
06/26/2007;5.87;6.14;5.83;6.06;387470;5895894.500
06/27/2007;6.07;6.30;5.99;6.13;305520;4770181.500
06/28/2007;6.14;6.18;5.75;5.75;380576;5776324.500
06/29/2007;5.71;5.86;5.55;5.69;318049;4644316.000
07/02/2007;5.85;5.89;5.67;5.89;319725;4672225.000
07/03/2007;5.89;5.98;5.81;5.87;270500;4037211.250
07/04/2007;5.90;5.91;5.77;5.81;149886;2215316.000
07/05/2007;5.79;5.79;5.52;5.57;249791;3546389.250
07/06/2007;5.57;5.80;5.52;5.79;231041;3319885.500
07/09/2007;5.79;5.96;5.73;5.92;486851;7225863.500
07/10/2007;5.95;5.95;5.73;5.74;160900;2379924.000
07/11/2007;5.74;5.87;5.57;5.85;138999;2029459.125
07/12/2007;5.87;5.91;5.72;5.79;121668;1798391.500
07/13/2007;5.89;5.93;5.73;5.83;113078;1677923.625
07/16/2007;5.85;6.02;5.79;5.85;140972;2099358.250
07/17/2007;5.91;6.10;5.72;6.02;255704;3862089.500
07/18/2007;5.93;6.11;5.83;6.02;209882;3179348.500
07/19/2007;6.06;6.11;5.88;6.08;195384;2989810.500
07/20/2007;6.13;6.22;5.94;6.20;351924;5499748.500
07/23/2007;6.21;6.42;6.11;6.40;563317;9022579.000
07/24/2007;6.46;6.62;6.29;6.41;569879;9402586.000
07/25/2007;6.44;6.58;6.33;6.54;315783;5201547.000
07/26/2007;6.62;6.66;6.47;6.52;344192;5684831.000
07/30/2007;6.66;6.74;6.52;6.62;686326;11488481.000
07/31/2007;6.62;6.74;6.32;6.74;853054;14392471.000
08/01/2007;6.78;6.81;6.23;6.30;537452;8855145.000
08/02/2007;6.48;6.50;6.30;6.50;450089;7307929.000
08/03/2007;6.50;6.98;6.43;6.84;2050155;35008880.000
08/06/2007;6.87;7.00;6.81;6.90;1315523;22928486.000
08/07/2007;6.97;7.01;6.73;6.85;1260546;21891588.000
08/08/2007;6.79;6.90;6.54;6.80;805987;13820285.000
08/09/2007;6.94;7.03;6.85;7.01;1180633;20808682.000
08/10/2007;6.92;7.28;6.74;7.14;1590435;28201390.000
08/13/2007;7.10;7.21;6.94;6.98;1089953;19463834.000
08/14/2007;6.98;7.17;6.89;7.06;2098053;37394592.000
08/15/2007;7.17;7.34;6.87;7.16;1887685;34274828.000
08/16/2007;7.14;7.14;6.90;7.03;921811;16351183.000
08/17/2007;6.97;7.18;6.94;7.16;1270782;22881818.000
08/20/2007;7.28;7.88;7.20;7.80;2517756;48466648.000
08/21/2007;7.76;8.27;7.66;8.00;4034802;82322512.000
08/22/2007;7.91;8.46;7.74;8.05;3998919;83354696.000
08/23/2007;8.09;8.29;7.95;8.06;2286753;47043896.000
08/24/2007;8.05;8.09;7.70;7.85;2048433;40590920.000
08/27/2007;7.77;8.21;7.77;8.02;2083789;42614044.000
08/28/2007;8.08;8.29;7.97;8.09;2277849;47112584.000
08/29/2007;8.17;8.25;7.79;7.99;3276064;66386300.000
08/30/2007;7.82;8.19;7.58;8.06;2966672;59858384.000
08/31/2007;8.04;8.55;7.97;8.29;3606721;75550848.000
09/03/2007;8.21;8.29;8.07;8.11;1518337;31273252.000
09/04/2007;8.25;8.25;7.77;7.82;1092583;21819280.000
09/05/2007;7.81;7.91;7.58;7.66;914589;17866734.000
09/06/2007;7.81;7.85;7.65;7.66;754205;14764864.000
09/07/2007;7.62;7.66;7.33;7.35;1387860;26195778.000
09/10/2007;7.35;7.54;7.30;7.51;606206;11408821.000
09/11/2007;7.52;7.53;7.23;7.33;1002842;18592384.000
09/12/2007;7.45;7.49;7.11;7.26;873731;16153256.000
09/13/2007;7.30;7.37;7.14;7.21;611105;11153711.000
09/14/2007;7.14;7.50;7.14;7.37;550698;10243327.000
09/17/2007;7.30;7.37;7.22;7.34;569266;10514969.000
09/18/2007;7.33;7.41;7.10;7.19;608940;11156289.000
09/19/2007;7.17;7.22;7.02;7.10;590090;10593547.000
09/20/2007;7.16;7.16;6.98;7.02;550971;9818707.000
09/21/2007;7.02;7.09;6.72;6.78;759255;13155362.000
09/24/2007;6.78;6.86;6.46;6.86;644869;10835769.000
09/25/2007;6.82;7.05;6.81;7.05;583761;10200185.000
09/26/2007;7.04;7.13;6.83;6.85;405649;7205616.000
09/27/2007;6.85;6.90;6.62;6.72;599500;10153119.000
09/28/2007;6.75;6.89;6.74;6.81;428161;7373901.000
10/08/2007;6.90;6.97;6.72;6.97;557349;9720438.000
10/09/2007;6.88;7.29;6.88;7.25;1282488;23367888.000
10/10/2007;7.44;7.44;7.02;7.18;774924;14191199.000
10/11/2007;7.11;7.12;6.74;6.91;783599;13711166.000
10/12/2007;6.91;6.91;6.53;6.62;728417;12316690.000
10/15/2007;6.62;6.90;6.62;6.81;955669;16392875.000
10/16/2007;6.81;7.01;6.63;6.73;275415;4684058.500
10/17/2007;6.74;6.87;6.71;6.79;388462;6679781.500
10/18/2007;6.87;6.87;6.54;6.60;345664;5815480.500
10/19/2007;6.62;6.69;6.51;6.62;213970;3569969.250
10/22/2007;6.61;6.61;6.35;6.41;309640;5120282.000
10/23/2007;6.52;6.52;6.30;6.38;285509;4634811.000
10/24/2007;6.50;6.52;6.19;6.19;527580;8388629.000
10/25/2007;6.18;6.18;5.65;5.66;567449;8415226.000
10/26/2007;5.71;5.71;5.48;5.62;272278;3869402.500
10/29/2007;5.62;5.66;5.36;5.60;446548;6196787.000
10/30/2007;5.60;5.71;5.56;5.69;239580;3429059.500
10/31/2007;5.81;6.27;5.55;6.27;1784770;27661122.000
11/01/2007;6.30;6.32;6.21;6.29;1112240;17695764.000
11/02/2007;6.23;6.38;6.03;6.26;596595;9444604.000
11/05/2007;6.26;6.38;6.12;6.31;283330;4499684.000
11/06/2007;6.31;6.41;6.15;6.39;464699;7430300.500
11/07/2007;6.86;6.86;6.33;6.35;1017546;17103856.000
11/08/2007;6.35;6.35;6.06;6.08;321268;5002811.000
11/09/2007;5.95;6.05;5.75;5.82;241331;3623557.750
11/12/2007;5.89;5.89;5.69;5.83;211979;3115917.750
11/13/2007;5.84;6.02;5.84;5.87;141150;2115889.000
11/14/2007;5.91;6.04;5.87;6.04;179638;2720161.500
11/15/2007;6.09;6.11;5.99;6.10;408629;6293873.000
11/16/2007;6.10;6.10;5.86;5.97;143156;2155778.000
11/19/2007;5.96;6.14;5.96;6.07;214868;3311481.500
11/20/2007;6.05;6.22;6.05;6.15;297192;4632791.000
11/21/2007;6.22;6.22;6.05;6.05;242600;3742020.500
11/22/2007;5.98;6.08;5.75;5.75;217710;3257775.250
11/23/2007;5.75;5.87;5.70;5.87;248900;3623695.500
11/26/2007;5.90;5.95;5.78;5.85;120640;1801842.250
11/27/2007;5.85;5.85;5.77;5.79;125048;1842184.750
11/28/2007;5.79;5.79;5.67;5.72;137760;2009399.625
11/29/2007;5.71;5.84;5.67;5.82;241360;3533348.500
11/30/2007;5.78;5.81;5.68;5.75;144250;2097645.000
12/03/2007;5.71;5.77;5.60;5.71;180380;2599478.750
12/04/2007;5.68;5.76;5.61;5.67;230740;3337394.250
12/05/2007;5.64;5.76;5.64;5.75;491056;7114738.000
12/06/2007;5.83;5.83;5.71;5.76;301227;4392951.500
12/07/2007;5.79;5.87;5.76;5.87;312382;4619399.000
12/10/2007;5.79;6.02;5.76;6.00;647936;9753124.000
12/11/2007;6.03;6.10;5.95;6.10;702766;10773427.000
12/12/2007;6.09;6.20;6.01;6.11;375263;5803122.500
12/13/2007;6.11;6.18;5.91;5.92;562796;8699087.000
12/14/2007;5.88;6.02;5.83;5.99;357830;5367537.500
12/17/2007;6.02;6.30;6.01;6.28;996903;15699932.000
12/18/2007;6.31;6.44;6.11;6.14;1454944;23165274.000
12/19/2007;6.20;6.31;6.13;6.20;618980;9742527.000
12/20/2007;6.27;6.29;6.20;6.23;658273;10421100.000
12/21/2007;6.24;6.35;6.15;6.35;953896;15234032.000
12/24/2007;6.37;6.50;6.32;6.35;1140265;18510290.000
12/25/2007;6.34;6.42;6.29;6.41;840134;13576052.000
12/26/2007;6.48;6.62;6.43;6.62;1262880;20908040.000
12/27/2007;6.74;7.02;6.64;6.66;2389396;41430568.000
12/28/2007;6.66;6.72;6.54;6.62;1380680;23211964.000
01/02/2008;6.70;6.97;6.67;6.91;1025743;17810076.000
01/03/2008;6.93;7.02;6.85;6.98;1227071;21612620.000
01/04/2008;6.98;6.98;6.79;6.86;815452;14161456.000
01/07/2008;6.83;6.92;6.73;6.89;1076137;18647266.000
01/08/2008;6.89;6.93;6.56;6.60;1013381;17316736.000
01/09/2008;6.56;6.73;6.51;6.70;878722;14751520.000
01/10/2008;6.70;6.75;6.61;6.64;1065599;18028842.000
01/11/2008;6.66;6.82;6.61;6.78;1335489;22698004.000
01/14/2008;6.81;7.01;6.81;6.97;1999661;35144036.000
01/15/2008;7.00;7.09;6.91;7.05;1747890;30992140.000
01/16/2008;7.08;7.08;6.87;6.87;1196717;21060632.000
01/17/2008;6.85;7.12;6.58;6.94;1715877;30046820.000
01/18/2008;6.93;7.38;6.93;7.26;3383785;61830384.000
01/21/2008;7.38;7.54;6.91;6.98;3356207;62528404.000
01/22/2008;6.70;6.76;6.27;6.27;1662501;27070816.000
01/23/2008;6.23;6.58;6.11;6.48;1328865;21447968.000
01/24/2008;6.54;6.77;6.37;6.66;1186390;19938086.000
01/25/2008;6.59;6.96;6.52;6.57;880266;14977312.000
01/28/2008;6.39;6.54;5.91;5.91;1077150;16670952.000
01/29/2008;5.94;6.10;5.94;6.09;465278;7110597.000
01/30/2008;6.11;6.33;6.05;6.15;512342;8048144.000
01/31/2008;6.21;6.31;6.08;6.12;558499;8823459.000
02/01/2008;6.12;6.18;5.57;5.70;620621;9134822.000
02/04/2008;5.96;6.18;5.81;6.14;496729;7621901.000
02/05/2008;6.16;6.19;6.05;6.12;429509;6665874.000
02/13/2008;6.05;6.20;5.95;6.16;300093;4661460.000
02/14/2008;6.22;6.29;6.19;6.26;344350;5458127.000
02/15/2008;6.22;6.70;6.11;6.62;1424011;23127558.000
02/18/2008;6.65;7.10;6.65;6.96;2213879;39088356.000
02/19/2008;6.96;7.18;6.91;7.09;2135899;38411444.000
02/20/2008;7.09;7.17;6.93;7.00;1268596;22669084.000
02/21/2008;6.99;7.22;6.90;7.13;1866428;33801100.000
02/22/2008;7.21;7.31;6.98;7.01;1522115;27614406.000
02/25/2008;7.00;7.24;6.91;7.10;1694106;30398608.000
02/26/2008;7.18;7.30;6.57;7.03;896676;15933970.000
02/27/2008;7.24;7.25;6.98;7.04;772367;13896612.000
02/28/2008;6.84;7.22;6.84;7.14;937263;16951638.000
02/29/2008;7.14;7.22;7.10;7.21;996863;18053970.000
03/03/2008;7.25;7.57;7.18;7.51;2095821;39550976.000
03/04/2008;7.51;7.62;7.26;7.31;1042960;19603618.000
03/05/2008;7.26;7.37;6.93;7.17;799989;14525795.000
03/06/2008;7.27;7.30;7.05;7.10;1088123;19766864.000
03/07/2008;6.99;7.16;6.90;6.91;712771;12630496.000
03/10/2008;7.02;7.08;6.75;6.86;359569;6335827.000
03/11/2008;6.71;7.04;6.71;7.02;244102;4270592.500
03/12/2008;7.10;7.14;6.78;6.82;415600;7270926.000
03/13/2008;6.86;6.86;6.55;6.81;553030;9419803.000
03/14/2008;6.82;6.96;6.65;6.84;300564;5163887.500
03/17/2008;6.89;6.89;6.19;6.23;376510;6288864.500
03/18/2008;6.23;6.37;5.71;6.01;483811;7286747.000
03/19/2008;6.23;6.37;5.94;6.30;384334;6042588.000
03/20/2008;6.27;6.90;5.91;6.80;530687;8642550.000
03/21/2008;6.86;6.93;6.66;6.92;621776;10821412.000
03/24/2008;7.06;7.18;6.91;6.93;837981;15089336.000
03/25/2008;6.93;7.14;6.74;7.10;476028;8446244.000
03/26/2008;7.22;7.22;6.97;6.99;451160;8112441.000
03/27/2008;7.01;7.14;6.62;6.62;827395;14310750.000
03/28/2008;6.70;7.10;6.31;7.08;1152262;20007700.000
03/31/2008;6.98;7.44;6.70;7.10;2232208;41040564.000
04/01/2008;6.98;7.18;6.46;6.46;944240;16131793.000
04/02/2008;6.47;6.66;6.15;6.19;638119;10324635.000
04/03/2008;6.19;6.50;5.91;6.50;627670;9937935.000
04/07/2008;6.39;6.84;6.23;6.79;822988;13858854.000
04/08/2008;6.85;6.96;6.65;6.86;1128254;19465344.000
04/09/2008;6.81;6.98;6.62;6.62;900079;15601436.000
04/10/2008;6.59;6.71;6.25;6.71;600237;9868939.000
04/11/2008;6.77;7.07;6.67;7.06;1185655;20837436.000
04/14/2008;6.98;7.25;6.77;6.78;2293876;41235712.000
04/15/2008;6.70;7.34;6.63;7.27;2490436;44801740.000
04/16/2008;7.22;7.43;6.99;7.07;1998112;36622348.000
04/17/2008;7.04;7.29;6.68;6.88;1121298;19658242.000
04/18/2008;6.84;6.84;6.19;6.19;1376594;22449066.000
04/21/2008;6.78;6.78;5.75;6.33;1502228;24295276.000
04/22/2008;6.11;6.32;5.80;6.25;649491;10032661.000
04/23/2008;6.25;6.51;6.11;6.48;819692;13264347.000
04/24/2008;7.00;7.13;6.77;7.13;2776462;49627260.000
04/25/2008;7.10;7.78;6.90;7.24;5319967;55521380.000
04/28/2008;7.14;7.65;6.96;7.50;4161252;43504388.000
04/29/2008;7.46;7.56;7.16;7.29;2710284;28115712.000
04/30/2008;7.32;7.77;7.26;7.69;5390800;57299472.000
05/05/2008;7.80;8.16;7.57;8.11;5786200;64251300.000
05/06/2008;8.11;8.11;7.74;7.89;4180478;46528564.000
05/07/2008;7.81;7.96;7.34;7.37;4199686;44953312.000
05/08/2008;7.38;8.03;7.38;8.03;4604815;50111668.000
05/09/2008;8.16;8.29;7.56;7.81;4672900;52314748.000
05/12/2008;7.71;8.09;7.46;7.84;2899874;31944330.000
05/13/2008;7.53;7.71;7.31;7.46;3433375;36321948.000
05/14/2008;7.46;7.81;7.44;7.79;2169828;23392372.000
05/15/2008;7.81;7.94;7.30;7.36;3839713;41076676.000
05/16/2008;7.37;7.56;7.21;7.44;2307589;23977746.000
05/19/2008;7.42;7.46;7.24;7.33;1371731;14162551.000
05/20/2008;7.36;7.55;6.68;6.89;1814127;18548504.000
05/21/2008;6.87;6.99;6.30;6.90;2591461;24072114.000
05/22/2008;6.74;6.94;6.60;6.61;1608489;15230881.000
05/23/2008;6.46;7.28;6.39;7.28;4791819;47600664.000
05/26/2008;7.53;7.66;6.96;7.03;5435266;56587816.000
05/27/2008;6.82;6.97;6.42;6.74;1932786;18150250.000
05/28/2008;6.61;6.96;6.61;6.89;1361889;13037057.000
05/29/2008;6.85;7.03;6.71;6.75;1487046;14316138.000
05/30/2008;6.73;6.80;6.50;6.61;985985;9215657.000
06/02/2008;6.60;6.74;6.47;6.71;897119;8353844.000
06/03/2008;6.77;7.03;6.56;6.66;1894166;18266774.000
06/04/2008;6.62;6.62;6.30;6.40;1273700;11542136.000
06/05/2008;6.42;6.49;6.30;6.34;701287;6306256.500
06/06/2008;6.32;6.46;6.32;6.39;479492;4314845.500
06/10/2008;5.74;6.04;5.74;5.74;1206059;9866000.000
06/11/2008;5.47;5.72;5.18;5.31;1440856;11120651.000
06/12/2008;5.24;5.31;4.99;5.16;1447340;10495383.000
06/13/2008;5.17;5.30;4.81;4.82;1174286;8408606.000
06/16/2008;4.78;4.98;4.60;4.81;829532;5614358.000
06/17/2008;4.82;4.93;4.47;4.64;1040042;7019270.500
06/18/2008;4.51;5.04;4.24;4.89;1501294;10058307.000
06/19/2008;4.89;4.89;4.39;4.39;1099335;7120851.500
06/20/2008;4.46;4.68;4.10;4.42;1261882;7948376.500
06/23/2008;4.42;4.43;4.04;4.12;1102514;6602833.500
06/24/2008;4.12;4.35;4.09;4.25;923666;5555686.500
06/25/2008;4.24;4.58;4.19;4.51;1581137;9900272.000
06/26/2008;4.51;4.66;4.39;4.56;1577587;10074075.000
06/27/2008;4.44;4.44;4.11;4.11;1358554;8161565.000
06/30/2008;4.10;4.22;4.03;4.13;616235;3592465.000
07/01/2008;4.19;4.19;3.99;4.03;500248;2872962.750
07/02/2008;4.03;4.28;3.96;4.23;1213356;7136189.000
07/03/2008;4.14;4.49;4.03;4.39;1943340;11868946.000
07/04/2008;4.35;4.49;4.25;4.45;1566837;9736300.000
07/07/2008;4.47;4.83;4.36;4.73;2182876;14309781.000
07/08/2008;4.72;4.80;4.53;4.77;2008852;13288046.000
07/09/2008;4.72;4.93;4.72;4.91;2266280;15510855.000
07/10/2008;4.81;4.95;4.74;4.76;1588871;10916178.000
07/11/2008;4.61;4.80;4.59;4.67;1257427;8262379.000
07/14/2008;4.64;4.79;4.59;4.79;1018969;6730561.500
07/15/2008;4.82;4.87;4.50;4.55;1672493;11044332.000
07/16/2008;4.52;4.66;4.27;4.37;1319232;8407831.000
07/17/2008;4.39;4.49;4.19;4.26;917332;5652752.000
07/18/2008;4.33;4.60;4.16;4.49;1090113;6697230.000
07/21/2008;4.50;4.71;4.35;4.69;1272544;8267521.500
07/22/2008;4.64;4.85;4.61;4.80;1751311;11757685.000
07/23/2008;4.78;4.90;4.77;4.87;1862388;12728743.000
07/24/2008;4.85;5.31;4.79;5.23;3740872;26465088.000
07/25/2008;5.17;5.17;5.01;5.10;2020555;14501361.000
07/28/2008;5.10;5.16;5.04;5.06;1471091;10593122.000
07/29/2008;4.99;5.14;4.91;5.11;1522079;10776903.000
07/30/2008;5.14;5.17;4.97;4.99;901379;6458771.500
07/31/2008;4.99;5.03;4.67;4.68;1330791;9010234.000
08/01/2008;4.61;4.86;4.60;4.80;947627;6318859.000
08/04/2008;4.81;4.86;4.69;4.72;581645;3910585.250
08/05/2008;4.67;4.79;4.64;4.75;615590;4118007.250
08/06/2008;4.87;4.87;4.66;4.73;583728;3927352.500
08/07/2008;4.74;4.81;4.66;4.80;541495;3624672.000
08/08/2008;4.77;4.88;4.39;4.50;1250500;8159057.000
08/11/2008;4.39;4.44;4.04;4.04;1105443;6495559.500
08/12/2008;3.99;4.04;3.81;3.99;631330;3511349.000
08/13/2008;3.89;4.02;3.75;4.01;666132;3638258.750
08/14/2008;3.99;4.03;3.90;4.01;383130;2151063.000
08/15/2008;3.99;4.03;3.89;3.91;318099;1784337.625
08/18/2008;3.95;4.00;3.52;3.52;490600;2595329.250
08/19/2008;3.51;3.60;3.49;3.55;481627;2427327.000
08/20/2008;3.54;3.88;3.49;3.82;966657;5153120.500
08/21/2008;3.81;3.84;3.60;3.64;604537;3185653.000
08/22/2008;3.63;3.67;3.54;3.61;298001;1522887.500
08/25/2008;3.64;3.74;3.56;3.66;393375;2042587.375
08/26/2008;3.64;3.66;3.42;3.56;433040;2171415.250
08/27/2008;3.46;3.64;3.42;3.53;344180;1714515.000
08/28/2008;3.53;3.56;3.42;3.54;224870;1120686.000
08/29/2008;3.57;3.79;3.51;3.74;849372;4398446.000
09/01/2008;3.64;3.77;3.57;3.67;921057;4802557.500
09/02/2008;3.61;3.78;3.53;3.74;714389;3727838.750
09/03/2008;3.74;3.74;3.59;3.68;464814;2424181.000
09/04/2008;3.63;3.78;3.63;3.69;578986;3053014.250
09/05/2008;3.54;3.64;3.46;3.47;582785;2923600.750
09/08/2008;3.40;3.49;3.17;3.21;463260;2171805.250
09/09/2008;3.24;3.27;3.14;3.19;611404;2766262.500
09/10/2008;3.17;3.26;3.10;3.19;386268;1757305.750
09/11/2008;3.22;3.24;3.05;3.09;310976;1376091.500
09/12/2008;3.15;3.16;3.04;3.07;313128;1376404.000
09/16/2008;3.11;3.14;2.96;3.03;509760;2206306.750
09/17/2008;3.03;3.06;2.85;2.87;442746;1838088.250
09/18/2008;2.81;2.89;2.59;2.76;769135;3003548.000
09/19/2008;3.04;3.04;2.97;3.04;792332;3406337.750
09/22/2008;3.21;3.34;2.99;3.12;2011986;9020816.000
09/23/2008;3.03;3.03;2.81;2.81;1646755;6696846.000
09/24/2008;2.75;2.99;2.68;2.96;1150304;4666199.500
09/25/2008;2.99;3.06;2.92;2.97;1366340;5798496.000
09/26/2008;2.97;3.04;2.91;2.94;849470;3575354.500
10/06/2008;2.92;2.92;2.79;2.81;516398;2065931.125
10/07/2008;2.71;2.83;2.67;2.81;520369;2046590.000
10/08/2008;2.76;2.79;2.69;2.74;279300;1090659.500
10/09/2008;2.80;2.81;2.71;2.74;343734;1345769.500
10/10/2008;2.67;2.96;2.51;2.96;1807779;6890950.500
10/13/2008;2.81;3.13;2.71;3.06;2937908;12157792.000
10/14/2008;3.14;3.14;2.81;2.81;2255756;9669304.000
10/15/2008;2.72;2.77;2.66;2.69;1030165;3952888.250
10/16/2008;2.56;2.69;2.46;2.46;937343;3433101.500
10/17/2008;2.47;2.52;2.42;2.51;802015;2838442.250
10/20/2008;2.51;2.64;2.46;2.59;593329;2137508.250
10/21/2008;2.56;2.64;2.55;2.56;596750;2205996.250
10/22/2008;2.57;2.64;2.51;2.51;588155;2135413.500
10/23/2008;2.50;2.52;2.42;2.51;387020;1366570.750
10/24/2008;2.52;2.56;2.49;2.52;494022;1777753.000
10/27/2008;2.51;2.51;2.26;2.26;582259;1974926.750
10/28/2008;2.26;2.36;2.25;2.33;517798;1708056.500
10/29/2008;2.38;2.46;2.28;2.28;644709;2192135.250
10/30/2008;2.31;2.38;2.25;2.33;383261;1270360.750
10/31/2008;2.36;2.36;2.29;2.33;328250;1086320.875
11/03/2008;2.31;2.36;2.30;2.31;300292;998221.500
11/04/2008;2.36;2.39;2.23;2.34;403374;1339885.875
11/05/2008;2.33;2.43;2.31;2.41;800029;2726354.250
11/06/2008;2.34;2.36;2.31;2.36;219550;733077.875
11/07/2008;2.36;2.59;2.36;2.53;2188911;7776991.000
11/10/2008;2.56;2.71;2.47;2.67;2066873;7728622.500
11/11/2008;2.67;2.74;2.59;2.61;1634326;6129295.000
11/12/2008;2.57;2.69;2.57;2.69;1373678;5150375.000
11/13/2008;2.67;2.85;2.64;2.80;2321406;9142895.000
11/14/2008;2.80;2.89;2.75;2.88;2341208;9387226.000
11/17/2008;2.86;3.15;2.81;3.10;3490635;14789809.000
11/18/2008;3.04;3.09;2.79;2.79;3077712;12750227.000
11/19/2008;2.81;3.07;2.81;3.07;3839471;16623562.000
11/20/2008;3.39;3.39;3.28;3.39;7599863;36395124.000
11/21/2008;3.39;3.39;3.04;3.17;6956061;31511086.000
11/24/2008;3.17;3.19;2.86;2.89;2882551;12355653.000
11/25/2008;2.95;3.12;2.91;3.04;2603278;11075781.000
11/26/2008;3.04;3.07;2.97;2.99;1476467;6346518.500
11/27/2008;3.22;3.22;2.99;2.99;2675737;11714875.000
11/28/2008;2.96;3.01;2.80;2.89;1863373;7668862.500
12/01/2008;2.85;3.10;2.84;3.10;2317266;9887948.000
12/02/2008;3.03;3.41;2.96;3.30;7096062;33270638.000
12/03/2008;3.29;3.43;3.26;3.39;5730961;27233118.000
12/04/2008;3.40;3.65;3.30;3.34;5716405;28245244.000
12/05/2008;3.35;3.56;3.34;3.49;3800688;18695316.000
12/08/2008;3.56;3.68;3.54;3.67;4108434;20937174.000
12/09/2008;3.68;3.69;3.46;3.49;3174187;15953089.000
12/10/2008;3.48;3.62;3.40;3.61;2694571;13545663.000
12/11/2008;3.61;3.62;3.41;3.42;2202667;10994722.000
12/12/2008;3.39;3.58;3.28;3.46;4451879;21767744.000
12/15/2008;3.61;3.79;3.59;3.71;6748510;35188020.000
12/16/2008;3.66;3.66;3.40;3.60;3832554;19246008.000
12/17/2008;3.61;3.95;3.60;3.79;5813899;30780948.000
12/18/2008;3.75;3.97;3.67;3.92;5199899;28363378.000
12/19/2008;3.93;4.06;3.85;3.91;4796552;26803492.000
12/22/2008;3.91;4.30;3.85;4.19;6974629;40770224.000
12/23/2008;4.14;4.21;3.78;3.81;5444738;30784174.000
12/24/2008;3.67;3.87;3.61;3.74;3018503;15903783.000
12/25/2008;3.71;3.81;3.61;3.70;2333971;12255976.000
12/26/2008;3.74;3.88;3.68;3.75;3025566;16123584.000
12/29/2008;3.74;4.13;3.71;4.06;7347126;41165700.000
12/30/2008;3.96;4.22;3.96;4.11;8515649;49622732.000
12/31/2008;4.11;4.29;4.00;4.24;6293843;37317668.000
01/05/2009;4.46;4.66;4.32;4.35;8091055;50739864.000
01/06/2009;4.31;4.74;4.25;4.74;7459323;46721844.000
01/07/2009;4.60;4.86;4.54;4.61;6631329;43797848.000
01/08/2009;4.44;4.44;4.17;4.30;5410709;33054034.000
01/09/2009;4.30;4.47;4.28;4.44;3367186;20881386.000
01/12/2009;4.44;4.78;4.41;4.74;5600107;36514612.000
01/13/2009;4.66;4.71;4.46;4.53;3752996;24373272.000
01/14/2009;4.51;4.67;4.49;4.64;2931948;19105262.000
01/15/2009;4.61;4.67;4.53;4.57;3483028;22586844.000
01/16/2009;4.64;4.67;4.39;4.43;3915019;25251794.000
01/19/2009;4.45;4.48;4.31;4.39;2830749;17472974.000
01/20/2009;4.36;4.44;4.31;4.42;1549417;9623718.000
01/21/2009;4.40;4.60;4.38;4.59;3381384;21746812.000
01/22/2009;4.66;4.67;4.50;4.59;2275639;14613749.000
01/23/2009;4.62;4.76;4.57;4.62;3940565;25973404.000
02/02/2009;4.71;4.93;4.71;4.86;4638007;31695194.000
02/03/2009;4.89;5.21;4.89;5.13;6533626;47275616.000
02/04/2009;5.64;5.64;5.64;5.64;3232454;25730334.000
02/05/2009;6.21;6.21;6.04;6.21;9548570;83553480.000
02/06/2009;6.60;6.84;6.49;6.84;14575467;137416592.000
02/09/2009;6.99;7.44;6.76;7.10;13436146;132887632.000
02/10/2009;7.01;7.74;6.84;7.52;11350400;115607752.000
02/11/2009;7.28;7.59;7.01;7.24;8876455;91355216.000
02/12/2009;7.25;7.80;7.25;7.69;9742732;103577168.000
02/13/2009;7.55;8.09;7.50;7.67;9635584;105706192.000
02/16/2009;7.68;7.73;7.24;7.57;7435428;78490424.000
02/17/2009;7.59;7.71;7.16;7.28;5851250;60956740.000
02/18/2009;7.10;7.27;6.87;6.89;5832663;58000352.000
02/19/2009;7.02;7.08;6.63;6.90;6380999;61355540.000
02/20/2009;6.93;7.16;6.79;7.16;5711796;56498616.000
02/23/2009;7.10;7.31;6.89;7.26;5672330;57197444.000
02/24/2009;7.17;7.21;6.53;6.53;7406974;71303736.000
02/25/2009;6.59;6.78;6.32;6.71;6264911;57674248.000
02/26/2009;6.67;7.39;6.60;6.92;10058861;99622904.000
02/27/2009;6.71;7.01;6.23;6.23;5898416;53879176.000
03/02/2009;6.07;6.61;6.07;6.50;4830892;43632772.000
03/03/2009;6.34;7.16;6.24;6.89;11290285;110650112.000
03/04/2009;6.81;7.31;6.79;7.23;10065546;100587400.000
03/05/2009;7.21;7.49;6.99;7.26;10845473;109821944.000
03/06/2009;7.04;7.26;6.84;6.96;5076048;50473032.000
03/09/2009;6.99;7.09;6.64;6.81;3988725;38240932.000
03/10/2009;6.77;7.01;6.71;6.93;2787096;27010864.000
03/11/2009;7.07;7.36;6.96;7.12;6530404;65959480.000
03/12/2009;7.04;7.11;6.67;6.94;3174998;30743508.000
03/13/2009;6.96;7.35;6.90;7.16;7032143;71335864.000
03/16/2009;7.06;7.53;7.03;7.46;6822194;70686896.000
03/17/2009;7.54;7.92;7.45;7.63;8291284;89568696.000
03/18/2009;7.50;8.00;7.50;7.81;6991454;77017008.000
03/19/2009;8.01;8.14;7.61;7.80;8000029;87978056.000
03/20/2009;7.81;7.84;7.30;7.47;7152308;75699880.000
03/23/2009;7.45;7.71;7.39;7.66;4883448;52048016.000
03/24/2009;7.75;7.78;7.39;7.52;5466030;58112748.000
03/25/2009;7.47;7.73;7.32;7.61;5240230;55577540.000
03/26/2009;7.54;7.67;7.44;7.61;3145354;33451224.000
03/27/2009;7.67;8.05;7.52;7.97;7675851;84771072.000
03/30/2009;8.06;8.50;8.05;8.20;9075145;105814112.000
03/31/2009;8.10;8.10;7.81;7.96;7378325;82523544.000
04/01/2009;8.07;8.37;7.98;8.02;7364116;84443784.000
04/02/2009;8.14;8.38;7.99;8.20;7230507;83259256.000
04/03/2009;8.24;8.31;7.99;8.02;5476660;62621472.000
04/07/2009;8.03;8.83;8.03;8.83;9973911;118445072.000
04/08/2009;8.85;9.27;8.56;8.94;12082371;151378128.000
04/09/2009;8.84;9.21;8.73;9.16;7132455;90616792.000
04/10/2009;9.22;9.46;9.01;9.28;7393742;96635200.000
04/13/2009;9.39;9.96;9.30;9.94;9949866;135395008.000
04/14/2009;10.25;10.94;10.01;10.94;12896329;191206352.000
04/15/2009;11.26;12.04;11.02;11.49;14579735;236752784.000
04/16/2009;11.46;11.46;10.86;10.86;10461612;162368480.000
04/17/2009;10.87;11.81;10.74;11.52;11129066;176586992.000
04/20/2009;11.41;11.53;11.03;11.32;7646796;120897456.000
04/21/2009;11.10;11.31;10.68;11.09;6647964;102613472.000
04/22/2009;11.09;11.53;10.67;10.74;6096071;95367704.000
04/23/2009;11.01;11.70;10.74;11.52;11789119;186646704.000
04/24/2009;11.71;11.74;11.19;11.23;6603585;105578360.000
04/27/2009;10.96;11.03;10.10;10.10;9562666;138593776.000
04/28/2009;10.01;10.31;9.75;10.09;6061702;85600032.000
04/29/2009;10.20;10.52;9.82;10.25;7871377;80341448.000
04/30/2009;10.45;11.28;10.45;11.28;11400464;127074040.000
05/04/2009;11.99;12.13;11.44;11.68;24329381;284877408.000
05/05/2009;11.56;12.85;11.43;12.85;22032259;267166864.000
05/06/2009;12.50;13.45;12.40;13.02;25981916;340077600.000
05/07/2009;12.80;13.39;12.56;13.10;18101720;234962288.000
05/08/2009;12.90;13.03;12.59;12.68;10906497;138862624.000
05/11/2009;12.51;12.80;11.97;11.97;12281693;150095536.000
05/12/2009;11.78;12.36;11.65;12.35;7143859;86822072.000
05/13/2009;12.36;12.47;12.08;12.13;6421299;78172008.000
05/14/2009;12.08;12.47;11.91;12.28;6605671;81213328.000
05/15/2009;12.30;12.32;12.05;12.15;4987853;60587516.000
05/18/2009;12.10;12.10;11.55;11.89;6505868;76658488.000
05/19/2009;12.08;12.50;12.00;12.13;8736296;107111328.000
05/20/2009;12.13;12.15;11.85;11.86;6588796;78670560.000
05/21/2009;11.85;11.85;11.40;11.44;6462519;74580112.000
05/22/2009;11.40;11.78;11.30;11.53;3825193;44226260.000
05/25/2009;11.10;11.48;11.07;11.45;3991464;45066352.000
05/26/2009;11.38;12.10;11.38;11.88;8006044;95050160.000
05/27/2009;11.89;11.93;11.60;11.66;3815177;44709996.000
06/01/2009;11.66;11.79;11.43;11.66;5019715;58142160.000
06/02/2009;11.67;11.98;11.50;11.68;6426031;75517704.000
06/03/2009;11.69;12.20;11.60;11.99;8591908;103070960.000
06/04/2009;11.99;11.99;11.60;11.72;4775889;56205788.000
06/05/2009;11.82;11.88;11.53;11.54;4721426;54810112.000
06/08/2009;11.60;11.68;11.27;11.30;4001617;45774000.000
06/09/2009;11.31;11.45;11.05;11.32;3763307;42284292.000
06/10/2009;11.32;11.40;11.21;11.38;2772964;31443510.000
06/11/2009;11.40;11.49;11.23;11.25;3214024;36496288.000
06/12/2009;11.25;11.32;10.80;10.85;4191272;46265568.000
06/15/2009;10.95;10.95;10.60;10.85;3061678;32908730.000
06/16/2009;10.78;10.96;10.65;10.93;2248553;24478528.000
06/17/2009;10.87;11.18;10.73;11.12;3489175;38266092.000
06/18/2009;11.22;11.22;10.75;10.91;5812071;63768468.000
06/19/2009;10.88;10.89;10.71;10.81;3241392;34982224.000
06/22/2009;10.81;11.22;10.73;11.12;6196793;68403904.000
06/23/2009;11.00;11.80;10.88;11.72;12307321;141243680.000
06/24/2009;11.66;11.70;11.37;11.52;6378592;73579792.000
06/25/2009;11.59;11.93;11.51;11.71;6542642;76733904.000
06/26/2009;11.72;11.83;11.39;11.47;4806554;55370980.000
06/29/2009;11.49;11.55;11.26;11.35;4417679;50085052.000
06/30/2009;11.38;11.47;11.08;11.12;3747969;41864604.000
07/01/2009;11.21;11.29;11.06;11.15;3232320;35992224.000
07/02/2009;11.21;11.43;11.06;11.38;5228351;58667780.000
07/03/2009;11.28;11.28;11.10;11.14;3654267;40798720.000
07/06/2009;11.18;11.20;10.90;11.08;5049125;55602080.000
07/07/2009;11.02;11.50;11.02;11.37;7223348;81951488.000
07/08/2009;11.43;11.90;11.42;11.65;9320323;109015592.000
07/09/2009;11.71;12.26;11.61;12.19;12945652;155428336.000
07/10/2009;12.27;12.50;11.95;12.00;10939650;133318128.000
07/13/2009;11.96;12.19;11.81;11.92;6230963;74899360.000
07/14/2009;12.17;12.58;12.17;12.49;12015981;148985440.000
07/15/2009;12.30;12.64;12.28;12.39;8284729;102630792.000
07/16/2009;12.47;12.50;12.01;12.13;7445473;90656032.000
07/17/2009;12.15;12.35;12.11;12.20;5200874;63532296.000
07/20/2009;12.21;12.78;12.16;12.55;10443830;131131528.000
07/21/2009;12.77;12.88;12.03;12.06;10202242;126326312.000
07/22/2009;12.00;12.16;11.86;12.05;7182422;85956872.000
07/23/2009;12.05;12.19;11.88;12.12;4730882;56799336.000
07/24/2009;12.12;12.16;11.73;11.84;5352127;63834652.000
07/27/2009;12.06;12.49;12.06;12.35;9086706;111884384.000
07/28/2009;12.37;12.39;11.97;12.25;7021596;85302056.000
07/29/2009;12.26;12.43;11.05;11.43;7526296;90163416.000
07/30/2009;11.43;12.23;11.23;12.20;7467911;86601656.000
07/31/2009;12.30;12.79;12.11;12.65;16896049;212264544.000
08/03/2009;13.30;13.42;12.90;13.05;17931379;236223840.000
08/04/2009;13.15;13.15;12.68;12.84;10506410;134926272.000
08/05/2009;13.11;13.88;13.01;13.74;18722920;253880000.000
08/06/2009;13.50;13.55;13.00;13.10;10643470;141352192.000
08/07/2009;13.02;13.32;12.30;12.39;10428063;133443216.000
08/10/2009;12.43;12.61;12.15;12.26;5885869;72810288.000
08/11/2009;12.34;12.62;12.27;12.36;5020604;62409504.000
08/12/2009;12.39;12.42;11.68;11.71;5692827;68102416.000
08/13/2009;11.70;11.90;11.50;11.72;3444285;40333644.000
08/14/2009;11.80;11.97;11.40;11.41;4062253;47473212.000
08/17/2009;11.25;11.35;10.27;10.27;5395953;57556260.000
08/19/2009;10.52;10.74;9.80;9.94;4538981;47131212.000
08/20/2009;9.95;10.40;9.92;10.33;3686147;37555560.000
08/21/2009;10.33;10.75;10.19;10.70;4714919;49275528.000
08/24/2009;10.73;10.86;10.51;10.81;4886859;52468412.000
08/25/2009;10.75;10.75;10.21;10.52;5021701;52486832.000
08/26/2009;10.50;11.03;10.40;10.91;5001622;54100988.000
08/27/2009;10.95;11.42;10.80;11.27;5652388;63253556.000
08/28/2009;11.22;11.30;10.68;10.85;3544404;38789944.000
08/31/2009;10.66;10.66;9.90;9.92;3492203;35773564.000
09/01/2009;9.88;10.30;9.84;9.95;2749710;27602666.000
09/02/2009;9.93;10.14;9.81;10.06;1951231;19507658.000
09/03/2009;10.07;10.52;10.01;10.49;3561425;36721036.000
09/04/2009;10.49;10.75;10.22;10.57;5639285;59237108.000
09/07/2009;10.48;10.79;10.48;10.58;4363498;46455372.000
09/08/2009;10.50;10.87;10.39;10.74;3870688;41189848.000
09/09/2009;10.75;10.85;10.50;10.65;3457502;36747876.000
09/10/2009;10.60;11.16;10.56;10.92;6076130;65963176.000
09/11/2009;10.80;11.19;10.80;10.90;5873889;64577276.000
09/14/2009;10.97;11.30;10.86;11.22;6304961;70018856.000
09/15/2009;11.29;11.80;11.15;11.68;8876268;102297112.000
09/16/2009;11.68;12.40;11.52;12.16;13921587;168006720.000
09/17/2009;12.39;13.08;12.10;12.73;16308428;204939520.000
09/18/2009;12.80;13.04;11.76;11.92;12732362;158498752.000
09/21/2009;11.61;12.05;11.21;11.93;6360189;74253304.000
09/22/2009;11.88;12.47;11.69;11.99;8009276;97090688.000
09/23/2009;11.97;12.19;11.61;11.72;4573281;54286136.000
09/24/2009;11.57;11.70;11.06;11.25;4372171;49696716.000
09/25/2009;11.30;11.63;11.16;11.40;3146424;36132236.000
09/28/2009;11.48;11.68;11.12;11.23;2688984;30688970.000
09/29/2009;11.28;11.33;10.61;10.90;3036602;33583380.000
09/30/2009;10.99;11.35;10.99;11.09;2273236;25475490.000
10/09/2009;11.32;11.79;11.23;11.78;2892358;33551222.000
10/12/2009;11.79;12.38;11.71;12.15;5918097;72070616.000
10/13/2009;12.15;12.36;12.06;12.24;4433047;54257436.000
10/14/2009;12.25;12.39;12.12;12.18;5889076;72200464.000
10/15/2009;12.20;12.42;12.17;12.21;3192151;39123924.000
10/16/2009;12.20;12.33;11.79;12.02;3927905;47100816.000
10/19/2009;12.02;12.47;11.90;12.38;5084453;62367828.000
10/20/2009;12.45;12.50;12.22;12.32;5064990;62411456.000
10/21/2009;12.41;12.74;12.33;12.39;5606613;70279280.000
10/22/2009;12.20;12.64;12.02;12.60;6823038;84970048.000
10/23/2009;12.66;13.14;12.61;13.08;12285781;159015584.000
10/26/2009;13.08;13.15;12.63;12.67;8267122;106068616.000
10/27/2009;12.57;12.60;12.08;12.10;7059903;86971280.000
10/28/2009;12.08;12.35;12.05;12.35;4529716;55192660.000
10/29/2009;12.11;12.36;12.05;12.16;3460548;42198436.000
10/30/2009;12.38;12.46;12.21;12.23;3792860;46740804.000
11/02/2009;12.03;12.46;11.82;12.43;4442961;54279032.000
11/03/2009;12.54;12.99;12.50;12.95;8249541;105654776.000
11/04/2009;13.10;13.80;13.08;13.14;14707690;196727184.000
11/05/2009;13.16;13.44;12.87;13.36;9626714;126972576.000
11/06/2009;13.59;13.70;13.18;13.20;9426613;126472664.000
11/09/2009;13.19;13.31;12.89;13.31;6470508;84514488.000
11/10/2009;13.40;13.45;12.98;13.00;5441454;71639976.000
11/11/2009;12.98;13.15;12.85;13.08;4348726;56576420.000
11/12/2009;13.07;13.26;13.04;13.09;4846352;63857460.000
11/13/2009;13.10;13.63;13.02;13.55;9164335;122271528.000
11/16/2009;13.72;14.00;13.60;13.89;11864856;163916320.000
11/17/2009;13.89;14.32;13.85;14.13;9977076;140763024.000
11/18/2009;14.13;14.13;13.80;13.89;6579344;91560800.000
11/19/2009;13.92;14.31;13.82;14.25;7156324;100801792.000
11/20/2009;14.17;14.50;14.06;14.13;8528650;121331480.000
11/23/2009;14.22;14.22;13.86;14.19;7524282;105465840.000
11/24/2009;14.22;14.59;13.30;13.33;10467073;147603712.000
11/25/2009;13.43;14.01;13.43;13.95;7036639;96737208.000
11/26/2009;14.14;14.29;13.35;13.64;11442424;158583344.000
11/27/2009;13.31;13.77;13.00;13.02;6595141;88204816.000
11/30/2009;13.10;13.43;13.10;13.43;4751139;63122284.000
12/01/2009;13.47;13.90;13.28;13.90;6975557;94813072.000
12/02/2009;13.91;14.08;13.75;14.06;7205699;100049424.000
12/03/2009;13.98;14.27;13.82;14.12;6840993;96339400.000
12/04/2009;14.00;14.40;13.50;13.67;9428613;131194384.000
12/07/2009;13.44;14.04;13.44;14.02;4890377;67617704.000
12/08/2009;14.00;14.06;13.71;13.89;3890625;53996008.000
12/09/2009;13.82;14.39;13.75;14.30;11210621;158850608.000
12/10/2009;14.45;14.63;14.10;14.29;9058992;130489672.000
12/11/2009;14.25;14.47;14.14;14.39;6712948;96140312.000
12/14/2009;14.35;14.68;14.07;14.65;10734506;154778656.000
12/15/2009;14.68;15.57;14.52;15.21;16476838;249885536.000
12/16/2009;15.10;15.16;14.68;14.70;9348846;139251792.000
12/17/2009;14.76;14.83;13.95;14.11;7229525;102916248.000
12/18/2009;14.00;14.15;13.66;13.71;5077724;70501512.000
12/21/2009;13.81;14.02;13.56;13.98;3595919;49725524.000
12/22/2009;13.99;14.58;13.75;14.09;8365552;119296344.000
12/23/2009;14.15;15.18;14.03;14.99;12315349;181065472.000
12/24/2009;14.86;15.48;14.86;15.42;12973096;197753440.000
12/25/2009;15.32;15.69;15.02;15.12;9675554;148348976.000
12/28/2009;15.10;16.12;15.10;15.78;11699149;183146160.000
12/29/2009;15.70;16.09;15.63;15.94;9492475;150848496.000
12/30/2009;16.00;16.17;15.18;15.26;10234233;159879840.000
12/31/2009;15.20;15.87;15.16;15.70;4813372;75082448.000
01/04/2010;15.88;16.46;15.70;16.09;7004600;113185632.000
01/05/2010;16.43;16.68;16.10;16.32;7562880;123708280.000
01/06/2010;16.37;16.37;16.01;16.16;5656440;91392960.000
01/07/2010;16.10;16.20;15.31;15.48;5702797;90052544.000
01/08/2010;15.38;15.98;15.15;15.96;3884046;61015016.000
01/11/2010;15.80;17.56;15.71;17.56;19332042;330503360.000
01/12/2010;17.90;18.79;17.62;18.21;19307965;350206304.000
01/13/2010;17.83;19.30;17.69;18.84;15549107;286778848.000
01/14/2010;18.80;19.98;18.64;19.10;14123658;272673120.000
01/15/2010;19.00;19.39;18.54;19.32;8377241;158200208.000
01/18/2010;19.10;19.35;18.70;19.14;6995089;133032872.000
01/19/2010;19.01;19.20;18.25;18.51;10307459;190980464.000
01/20/2010;18.56;18.86;17.00;17.56;12599653;229020480.000
01/21/2010;17.38;17.65;16.88;17.19;7351304;127098184.000
01/22/2010;16.88;17.30;16.45;17.07;5707597;96441856.000
01/25/2010;17.00;17.37;16.95;17.03;3015418;51712492.000
01/26/2010;16.97;17.08;16.02;16.35;5981045;98975232.000
01/27/2010;16.36;17.06;16.24;16.48;3922163;65567060.000
01/28/2010;16.79;17.30;16.48;17.15;5416794;92452440.000
01/29/2010;17.02;17.77;17.02;17.53;5379580;94199768.000
02/01/2010;17.45;17.49;16.55;16.80;3277821;55448428.000
02/02/2010;17.00;17.15;16.46;16.74;5243300;87862352.000
02/03/2010;16.63;16.84;15.83;16.35;4658731;75513552.000
02/04/2010;16.35;16.88;16.00;16.39;3641194;60054148.000
02/05/2010;15.99;16.14;15.69;15.74;3143693;49861104.000
02/08/2010;15.74;16.09;15.60;16.01;1855487;29562754.000
02/09/2010;15.83;16.39;15.81;16.18;1367299;22090254.000
02/10/2010;16.21;16.44;16.02;16.44;1611062;26181502.000
02/11/2010;16.40;16.58;16.25;16.33;1219183;20021700.000
02/12/2010;16.50;16.85;16.30;16.63;2262856;37619108.000
02/22/2010;16.63;16.95;16.50;16.81;2252659;37781492.000
02/23/2010;16.85;16.95;16.33;16.86;3118695;51995412.000
02/24/2010;16.71;17.41;16.62;17.40;3894876;66974816.000
02/25/2010;17.41;17.58;17.21;17.43;3957847;68846304.000
02/26/2010;17.45;18.08;17.31;17.88;4864136;86448504.000
03/01/2010;17.86;18.43;17.67;18.04;4312516;78464000.000
03/02/2010;18.12;18.15;17.35;17.40;6317794;111399664.000
03/03/2010;17.51;17.79;17.31;17.59;4411061;77432120.000
03/04/2010;17.60;18.80;17.60;17.90;11470074;210085744.000
03/05/2010;17.99;18.50;17.65;17.66;6139594;111541704.000
03/08/2010;17.70;17.90;17.25;17.71;2791594;49070376.000
03/09/2010;17.70;17.98;17.32;17.90;2857763;50301184.000
03/10/2010;17.90;18.37;17.56;17.71;4558831;82003064.000
03/11/2010;17.73;17.73;16.90;16.99;4416581;75683192.000
03/12/2010;17.00;17.19;16.70;16.83;2367039;39900644.000
03/15/2010;16.89;16.95;16.33;16.41;1816748;29958728.000
03/16/2010;16.42;16.60;16.10;16.23;2953020;48067840.000
03/17/2010;16.45;17.48;16.35;17.35;4941976;83680080.000
03/18/2010;17.33;18.09;17.30;17.51;6021972;106473680.000
03/19/2010;17.51;17.67;17.26;17.60;3011283;52595132.000
03/23/2010;17.75;17.95;16.95;17.07;6993700;120709928.000
