002119 康强电子 日线
      日期	    开盘	    最高	    最低	    收盘	    成交量	    成交额
03/02/2007;10.24;11.29;10.04;10.96;12395670;268048640.000
03/05/2007;10.59;10.81;9.87;10.21;6696721;136184352.000
03/06/2007;10.21;10.58;9.79;10.58;3345443;67771000.000
03/07/2007;11.57;11.64;11.56;11.64;2222067;51682224.000
03/08/2007;12.48;12.80;11.89;12.80;7007869;171765408.000
03/09/2007;12.89;13.16;12.31;13.07;4020687;103232656.000
03/12/2007;13.07;13.16;12.44;12.69;2328207;59436264.000
03/13/2007;12.49;12.88;12.44;12.57;1684125;42465916.000
03/14/2007;12.53;12.53;11.99;12.06;2544587;61986740.000
03/15/2007;11.99;12.24;11.98;12.06;1233475;29930582.000
03/16/2007;12.18;12.61;12.04;12.26;1734852;42863900.000
03/19/2007;11.78;12.42;11.76;12.31;1460591;35370752.000
03/20/2007;12.24;12.46;12.12;12.39;1274976;31471360.000
03/21/2007;12.31;12.39;12.10;12.18;1126867;27500096.000
03/22/2007;12.18;12.29;12.04;12.04;1479481;35906912.000
03/26/2007;12.31;12.49;12.08;12.43;2061824;50657184.000
03/27/2007;12.31;12.31;12.11;12.17;1483607;36202972.000
03/28/2007;12.18;12.18;11.51;11.76;2514330;59642160.000
03/29/2007;11.79;11.88;11.56;11.61;1809452;42383824.000
03/30/2007;11.58;11.83;11.43;11.77;794335;18601972.000
04/02/2007;11.92;12.03;11.77;11.86;1090109;25957650.000
04/03/2007;11.86;11.91;11.77;11.87;940562;22312208.000
04/04/2007;11.91;12.16;11.76;12.14;1323262;31736776.000
04/05/2007;12.18;12.18;11.93;12.06;775088;18659892.000
04/06/2007;11.84;12.07;11.79;11.90;887549;21160462.000
04/09/2007;11.96;12.18;11.89;12.06;1010599;24353844.000
04/11/2007;12.18;12.69;12.06;12.44;2584376;64091436.000
04/12/2007;12.54;12.56;12.33;12.51;1611811;40244992.000
04/13/2007;12.44;12.56;12.24;12.26;1502131;37325220.000
04/16/2007;12.28;12.98;12.26;12.88;1865436;47031496.000
04/17/2007;12.79;12.88;12.33;12.59;1620525;40875612.000
04/18/2007;12.66;12.79;12.39;12.59;1226542;30873302.000
04/19/2007;12.49;12.59;11.52;11.68;1654113;40005040.000
04/20/2007;11.73;12.15;11.73;12.11;1073156;25780322.000
04/23/2007;11.94;12.26;11.87;12.16;1566241;37856212.000
04/24/2007;12.23;12.49;12.11;12.17;1310180;32251508.000
04/25/2007;12.18;12.20;11.56;11.91;952719;22670280.000
04/26/2007;11.91;12.43;11.91;12.36;1187979;28954084.000
04/27/2007;12.36;12.69;12.25;12.49;1756984;44082924.000
04/30/2007;12.34;12.64;12.20;12.46;1348493;33467162.000
05/08/2007;12.65;12.67;12.36;12.49;1809064;45246308.000
05/09/2007;12.54;12.57;11.99;12.21;1459917;35936376.000
05/10/2007;12.22;12.36;12.04;12.27;1195543;29164980.000
05/11/2007;12.26;12.26;11.89;11.99;894781;21502534.000
05/14/2007;11.75;12.07;11.75;11.89;743037;17764714.000
05/15/2007;11.90;12.06;11.84;12.06;981213;23510584.000
05/16/2007;12.05;12.59;12.04;12.58;2366855;58828004.000
05/17/2007;12.61;13.84;12.60;13.84;1568498;41935464.000
05/18/2007;14.43;14.92;14.08;14.14;3590427;103473624.000
05/21/2007;13.46;14.08;13.46;13.94;1859745;51583056.000
05/22/2007;13.94;14.38;13.59;13.75;1503758;41802480.000
05/23/2007;13.88;14.09;13.67;14.08;1153923;32080960.000
05/24/2007;13.89;13.99;13.19;13.42;1717455;46326152.000
05/25/2007;13.49;13.95;13.29;13.66;1248814;34181608.000
05/28/2007;13.72;14.13;13.72;13.74;1524413;42392300.000
05/29/2007;13.89;14.22;13.82;14.04;1485083;41618732.000
05/30/2007;13.20;13.65;12.63;12.63;2245628;58537620.000
05/31/2007;12.56;12.83;11.54;12.38;1843041;44767568.000
06/01/2007;12.09;12.60;11.96;12.10;1262434;31119428.000
06/04/2007;11.99;12.19;10.89;10.89;1843216;41473708.000
06/05/2007;10.44;11.18;9.94;11.15;1413325;29850104.000
06/06/2007;11.16;11.16;10.65;11.09;1663807;36571928.000
06/07/2007;11.06;11.59;10.94;11.50;2001537;45559364.000
06/08/2007;11.59;11.73;11.34;11.54;1574459;36410360.000
06/11/2007;11.59;11.94;11.49;11.76;1523102;35954800.000
06/12/2007;11.78;11.86;11.25;11.84;1453999;33875184.000
06/13/2007;11.89;12.26;11.89;12.10;1743299;42200896.000
06/14/2007;12.17;12.57;11.94;12.21;1588337;39361580.000
06/15/2007;12.09;12.98;11.89;12.82;2142863;53876700.000
06/18/2007;13.06;13.74;12.99;13.08;2386031;63673916.000
06/19/2007;13.06;13.54;12.89;13.21;1507729;39727840.000
06/20/2007;13.16;13.48;12.79;12.87;1393481;36768388.000
06/21/2007;12.83;13.19;12.56;12.84;1306069;33574360.000
06/22/2007;12.79;13.98;12.79;13.64;4074005;109469032.000
06/25/2007;13.89;13.96;12.27;12.42;2555743;68450256.000
06/26/2007;11.99;12.76;11.89;12.66;1841569;45396000.000
06/27/2007;12.68;13.12;12.43;13.12;2427673;62167628.000
06/28/2007;13.12;13.63;12.49;12.49;2015532;52872008.000
06/29/2007;12.12;12.43;11.46;11.68;1780685;42595440.000
07/02/2007;11.58;11.93;11.00;11.39;1168148;26615534.000
07/03/2007;11.49;11.71;11.22;11.59;783678;18022554.000
07/04/2007;11.58;11.71;11.10;11.18;633757;14449531.000
07/05/2007;11.02;11.13;10.25;10.29;1060157;22669084.000
07/06/2007;10.54;11.15;10.39;11.12;890304;19136464.000
07/09/2007;11.28;11.39;11.12;11.31;744423;16758275.000
07/10/2007;11.31;11.33;10.74;10.79;755971;16629276.000
07/11/2007;10.71;11.09;10.56;11.08;559681;12129764.000
07/12/2007;11.03;11.39;10.97;11.14;626785;14046355.000
07/13/2007;11.18;11.24;10.99;11.17;370529;8243204.000
07/16/2007;11.14;11.17;10.78;10.78;411382;9029796.000
07/17/2007;10.82;11.45;10.77;11.25;777627;17518940.000
07/18/2007;11.18;11.38;11.03;11.11;519351;11691000.000
07/20/2007;11.18;11.59;11.14;11.53;721319;16577021.000
07/23/2007;11.49;11.98;11.49;11.88;1193853;28111254.000
07/24/2007;11.99;11.99;11.71;11.74;844161;20037698.000
07/25/2007;11.74;12.59;11.61;12.39;1381413;33408586.000
07/26/2007;12.51;12.51;12.24;12.31;720223;17815088.000
07/27/2007;12.28;12.69;12.14;12.42;859986;21473128.000
07/30/2007;12.38;12.73;12.25;12.46;1021824;25696070.000
07/31/2007;12.34;12.74;12.10;12.72;1232417;30592964.000
08/01/2007;12.68;12.86;11.79;11.87;1170195;28894306.000
08/02/2007;11.84;12.37;11.84;12.24;898421;21819998.000
08/03/2007;12.29;13.24;12.29;12.99;2013380;52253484.000
08/06/2007;13.22;13.22;12.65;12.94;1226045;31849776.000
08/07/2007;12.91;12.98;12.64;12.79;1035558;26554268.000
08/08/2007;12.79;12.79;12.29;12.59;1019565;25571378.000
08/09/2007;12.51;12.79;12.41;12.55;706636;17720254.000
08/10/2007;12.54;12.54;11.86;12.01;1025225;24882730.000
08/13/2007;11.99;12.40;11.79;12.11;724776;17459290.000
08/14/2007;12.16;12.47;12.01;12.41;545191;13463820.000
08/15/2007;12.39;12.40;11.93;12.14;531225;12916436.000
08/16/2007;11.99;12.76;11.89;12.61;1156095;29019836.000
08/20/2007;12.71;12.94;12.63;12.82;870894;22337842.000
08/21/2007;12.84;12.91;12.51;12.69;717390;18159668.000
08/22/2007;12.49;12.68;12.39;12.49;872378;21870744.000
08/23/2007;12.44;12.94;12.39;12.75;1135212;28994072.000
08/24/2007;12.93;13.18;12.79;12.96;1531848;39950612.000
08/27/2007;13.03;13.14;12.50;12.63;901430;23014098.000
08/28/2007;12.50;12.56;12.09;12.37;1177606;28944670.000
08/29/2007;12.33;12.33;11.77;12.22;1084386;26183814.000
08/30/2007;12.13;12.43;11.88;12.34;1307673;31643176.000
08/31/2007;12.32;12.44;12.04;12.16;1147744;27985738.000
09/03/2007;12.09;12.27;12.09;12.20;1249506;30440278.000
09/04/2007;12.20;12.64;12.20;12.39;1410972;35131988.000
09/05/2007;12.38;12.44;12.03;12.22;980468;23886684.000
09/06/2007;12.22;12.39;12.14;12.21;942104;23066258.000
09/07/2007;12.03;12.24;11.74;11.83;1419569;33834184.000
09/10/2007;11.58;11.88;11.58;11.87;546268;12783606.000
09/11/2007;11.86;11.86;11.24;11.24;950045;22083904.000
09/12/2007;11.26;11.48;10.99;11.22;636542;14259840.000
09/13/2007;11.24;11.43;11.24;11.39;410565;9322499.000
09/14/2007;11.39;11.54;11.25;11.47;483680;11067612.000
09/17/2007;11.39;11.74;11.34;11.64;715011;16543340.000
09/19/2007;11.79;11.93;11.34;11.39;604116;14072968.000
09/20/2007;11.48;11.73;11.34;11.72;649669;14983649.000
09/21/2007;11.74;11.77;11.34;11.61;452674;10433917.000
09/24/2007;11.61;11.68;11.26;11.64;479106;11015336.000
09/25/2007;11.53;11.66;11.40;11.63;570956;13198716.000
09/26/2007;11.73;11.84;11.51;11.62;295758;6909792.000
09/27/2007;11.74;11.74;11.38;11.44;452347;10393760.000
09/28/2007;11.49;11.84;11.49;11.76;713651;16706562.000
10/08/2007;11.88;11.88;11.65;11.68;526310;12347719.000
10/09/2007;11.64;12.04;11.49;11.96;826535;19535110.000
10/10/2007;11.94;12.03;11.74;11.85;471275;11210580.000
10/11/2007;11.96;11.96;11.61;11.64;498667;11685373.000
10/12/2007;11.62;11.75;10.84;11.30;837419;18798136.000
10/15/2007;11.53;11.84;11.34;11.59;633402;14668126.000
10/17/2007;11.50;11.74;11.39;11.56;569800;13194218.000
10/18/2007;11.54;11.61;11.28;11.42;411276;9384086.000
10/19/2007;11.44;11.62;11.34;11.45;284422;6554571.500
10/22/2007;11.44;11.58;11.24;11.46;218543;5007443.000
10/23/2007;11.47;11.91;11.47;11.89;1383125;32357970.000
10/24/2007;11.92;11.92;11.36;11.44;699447;16361867.000
10/25/2007;11.43;11.43;10.44;10.49;908514;19511096.000
10/26/2007;10.49;10.74;10.19;10.21;491842;10190499.000
10/29/2007;10.29;10.43;10.16;10.26;300570;6159185.500
10/30/2007;10.26;10.52;10.22;10.44;333921;6949426.500
10/31/2007;10.49;10.79;10.45;10.77;460812;9829934.000
11/01/2007;10.61;10.79;10.44;10.57;282929;5970176.000
11/02/2007;10.39;10.44;10.17;10.26;419676;8640424.000
11/05/2007;10.26;10.82;10.24;10.50;217371;4573894.500
11/06/2007;10.73;10.77;10.46;10.59;131922;2800017.500
11/07/2007;10.59;10.61;10.33;10.47;177598;3711962.750
11/08/2007;10.34;10.58;10.21;10.42;209784;4357404.000
11/09/2007;10.48;10.64;10.39;10.52;323059;6794055.500
11/12/2007;10.52;10.52;10.08;10.44;275810;5699107.500
11/13/2007;10.63;10.63;10.24;10.47;194799;4063845.750
11/14/2007;10.56;10.68;10.43;10.67;293969;6231949.000
11/15/2007;10.66;10.66;10.34;10.44;229551;4810994.500
11/16/2007;10.39;10.49;10.19;10.49;190135;3931555.750
11/19/2007;10.37;10.90;10.37;10.81;528685;11386692.000
11/20/2007;10.74;10.98;10.72;10.85;429149;9333907.000
11/21/2007;10.84;10.96;10.77;10.85;302148;6581132.000
11/22/2007;10.79;10.91;10.49;10.50;349040;7528807.000
11/23/2007;10.49;10.64;10.36;10.59;132842;2791861.750
11/26/2007;10.74;10.87;10.61;10.65;339711;7327690.500
11/27/2007;10.50;10.71;10.50;10.58;170450;3628087.000
11/28/2007;10.74;10.74;10.29;10.38;177930;3744812.500
11/29/2007;10.42;10.66;10.24;10.59;302979;6382025.500
11/30/2007;10.63;10.74;10.38;10.44;240647;5066734.500
12/03/2007;10.44;10.59;10.29;10.55;117840;2477874.000
12/04/2007;10.59;10.70;10.54;10.61;219900;4682214.000
12/05/2007;10.63;10.83;10.49;10.79;328841;7075113.000
12/06/2007;10.79;10.88;10.69;10.76;256507;5525185.000
12/07/2007;10.80;10.90;10.69;10.89;355024;7692182.500
12/10/2007;10.73;11.33;10.70;11.25;920258;20549690.000
12/11/2007;11.29;11.31;11.04;11.25;527357;11799893.000
12/12/2007;11.18;11.34;11.15;11.28;458010;10330966.000
12/13/2007;11.39;11.52;11.09;11.14;651890;14832640.000
12/14/2007;11.04;11.39;11.04;11.36;332551;7481171.500
12/17/2007;11.35;11.77;11.35;11.59;775276;18015774.000
12/18/2007;11.57;11.73;11.33;11.39;285969;6588726.500
12/19/2007;11.41;11.66;11.41;11.59;404331;9348053.000
12/21/2007;11.64;11.90;11.59;11.84;596031;14098458.000
12/24/2007;11.92;12.24;11.89;11.95;896949;21679448.000
12/25/2007;12.18;12.18;11.93;12.05;425469;10264391.000
12/26/2007;12.08;12.41;12.05;12.36;698977;17161190.000
12/27/2007;12.43;12.66;12.35;12.38;1062425;26645324.000
12/28/2007;12.43;12.59;12.25;12.48;574226;14290607.000
01/02/2008;12.58;13.04;12.44;12.98;1208269;31262860.000
01/03/2008;12.98;13.18;12.81;12.94;1027317;26797330.000
01/04/2008;12.99;13.06;12.73;12.90;888516;22817188.000
01/07/2008;12.94;13.59;12.80;13.40;1204094;32000082.000
01/08/2008;13.49;13.65;12.71;12.76;1055321;27696016.000
01/09/2008;12.65;13.13;12.56;13.06;785912;20219740.000
01/10/2008;13.24;13.24;12.84;12.85;653630;17065596.000
01/11/2008;12.92;12.92;12.49;12.74;799756;20268256.000
01/14/2008;12.75;13.17;12.69;13.02;624519;16269318.000
01/15/2008;13.12;13.72;13.09;13.71;1850591;50209480.000
01/16/2008;13.74;13.93;13.49;13.62;1222976;33600012.000
01/17/2008;13.54;13.84;12.89;13.38;1408704;37774240.000
01/18/2008;13.46;14.08;13.46;14.00;1672698;46167796.000
01/21/2008;14.00;14.29;13.48;13.54;1308871;36798676.000
01/22/2008;13.24;13.48;12.19;12.19;1391036;35270644.000
01/23/2008;12.48;12.73;12.04;12.65;1015973;25436974.000
01/24/2008;12.66;13.14;12.54;13.04;1090051;28027696.000
01/25/2008;13.09;13.09;12.59;12.75;583851;14998145.000
01/28/2008;12.64;12.65;11.48;11.48;1126375;26673316.000
01/29/2008;11.74;11.99;11.51;11.87;482939;11379272.000
01/30/2008;11.93;12.27;11.77;11.90;430502;10364918.000
01/31/2008;11.88;12.09;11.76;11.76;266400;6350562.000
02/01/2008;11.74;11.79;11.04;11.14;522420;11805961.000
02/04/2008;11.26;12.12;11.26;12.09;497359;11825640.000
02/05/2008;12.09;12.37;11.98;12.11;410873;10013482.000
02/13/2008;12.11;12.19;11.74;12.04;357795;8574193.000
02/14/2008;12.05;12.28;12.05;12.23;224960;5491744.000
02/15/2008;12.24;12.24;11.99;12.20;225550;5466949.500
02/18/2008;12.34;12.78;12.20;12.65;666366;16840220.000
02/19/2008;12.72;12.89;12.57;12.84;540721;13822297.000
02/20/2008;12.83;12.94;12.54;12.54;610063;15475714.000
02/21/2008;12.58;12.82;12.49;12.73;501402;12718677.000
02/22/2008;12.74;12.74;12.23;12.32;532347;13303014.000
02/25/2008;12.36;12.58;11.99;12.00;409401;10027011.000
02/26/2008;12.24;12.47;11.90;12.25;317974;7734589.000
02/27/2008;12.43;12.61;12.24;12.57;330200;8238628.500
02/28/2008;12.49;12.49;12.19;12.26;567029;13953812.000
02/29/2008;12.21;12.29;11.92;11.96;810486;19599122.000
03/03/2008;11.94;12.54;11.94;12.49;552358;13653292.000
03/04/2008;12.48;12.63;12.39;12.40;462135;11556001.000
03/05/2008;12.41;12.59;12.14;12.51;352321;8708733.000
03/06/2008;12.64;12.92;12.42;12.89;901730;23031612.000
03/07/2008;12.84;13.13;12.59;12.68;553835;14254099.000
03/10/2008;12.65;12.68;12.11;12.20;423147;10486410.000
03/11/2008;12.20;12.42;12.05;12.42;261723;6401836.500
03/12/2008;12.48;12.56;12.09;12.14;318160;7807675.500
03/13/2008;12.01;12.03;11.54;11.66;421208;9953251.000
03/14/2008;11.59;11.74;11.44;11.55;272542;6299948.000
03/17/2008;11.49;11.49;10.64;10.69;360750;7961975.000
03/18/2008;10.69;10.95;9.68;9.89;419010;8521299.000
03/19/2008;10.18;10.46;9.95;10.33;284733;5850971.500
03/20/2008;10.19;10.85;9.89;10.78;347508;7200850.500
03/21/2008;10.78;10.99;10.54;10.79;309979;6683524.000
03/24/2008;10.89;11.01;10.61;10.61;247899;5385412.000
03/25/2008;10.48;11.14;10.44;11.11;247250;5336302.500
03/26/2008;11.29;12.22;10.99;11.92;1330497;32260310.000
03/27/2008;11.74;11.88;11.35;11.44;484405;11254854.000
03/28/2008;11.49;11.99;11.29;11.95;562371;13169826.000
03/31/2008;11.77;11.93;11.44;11.47;686465;16115703.000
04/01/2008;11.62;11.66;10.32;10.32;566500;12172743.000
04/02/2008;10.21;10.66;9.64;9.74;357692;7240122.500
04/03/2008;9.64;10.44;9.59;10.25;323079;6502638.500
04/07/2008;10.09;10.91;9.99;10.91;375272;8008202.500
04/08/2008;10.81;11.07;10.70;10.87;461560;10080332.000
04/09/2008;10.74;10.98;10.13;10.13;353031;7506842.000
04/10/2008;10.13;10.39;9.90;10.39;307542;6306036.500
04/11/2008;10.49;10.86;10.46;10.68;372337;7961610.000
04/14/2008;10.48;10.49;9.94;10.01;320600;6517730.000
04/15/2008;10.04;10.39;9.84;10.35;308813;6254779.500
04/16/2008;10.15;10.43;10.08;10.27;157800;3239895.500
04/17/2008;10.23;10.38;9.86;10.02;212256;4291555.000
04/18/2008;10.11;10.11;9.59;9.59;240530;4705821.500
04/21/2008;10.19;10.34;9.34;9.34;308109;6029776.500
04/23/2008;9.24;9.64;8.79;9.49;464358;8569795.000
04/24/2008;10.29;10.44;10.01;10.41;1069544;22000568.000
04/25/2008;10.24;10.52;9.99;10.23;1031120;21089294.000
04/28/2008;10.02;10.13;9.84;9.84;403524;8024693.500
04/29/2008;9.81;9.98;9.74;9.88;374269;7404703.000
04/30/2008;9.88;10.29;9.88;10.29;774772;15608937.000
05/05/2008;10.37;10.73;10.04;10.68;1545806;32005384.000
05/06/2008;10.49;11.04;10.39;10.71;1272587;27479970.000
05/07/2008;10.71;10.83;9.99;10.21;793976;16802320.000
05/08/2008;10.14;10.68;10.00;10.65;629999;13099850.000
05/09/2008;10.59;10.98;10.49;10.91;1012149;21849484.000
05/13/2008;10.69;11.18;10.58;10.81;882460;19161568.000
05/14/2008;10.64;11.04;10.61;10.94;780932;17130168.000
05/15/2008;11.08;11.13;10.89;10.90;884873;19516076.000
05/16/2008;10.98;10.98;10.44;10.58;652600;13948629.000
05/19/2008;10.73;10.83;10.51;10.75;311596;6643823.500
05/20/2008;10.75;10.82;9.74;9.93;530794;11057841.000
05/21/2008;9.80;10.16;9.53;10.05;651182;12722673.000
05/22/2008;9.93;10.17;9.75;9.99;433345;8705773.000
05/23/2008;9.99;10.23;9.88;10.18;319721;6446488.000
05/26/2008;10.13;10.13;9.55;9.65;328992;6416349.500
05/27/2008;9.66;9.81;9.61;9.80;207700;4035797.250
05/28/2008;9.80;10.12;9.70;10.06;263739;5251427.500
05/29/2008;9.89;10.19;9.81;10.19;571745;11563786.000
05/30/2008;10.24;10.24;9.79;9.89;730298;14620203.000
06/03/2008;9.88;10.11;9.80;9.90;388494;7722144.500
06/04/2008;9.90;9.97;9.42;9.49;549604;10525049.000
06/05/2008;9.49;9.68;9.14;9.32;553159;10293195.000
06/06/2008;9.41;9.58;9.18;9.18;500294;9355624.000
06/10/2008;8.96;8.96;8.26;8.26;529802;4431804.500
06/11/2008;7.89;7.98;7.43;7.57;1980631;14909815.000
06/12/2008;7.49;7.74;7.30;7.49;1162254;8752589.000
06/13/2008;7.60;7.65;7.01;7.01;804556;5935255.000
06/16/2008;7.10;7.18;6.66;6.89;645948;4437497.000
06/17/2008;6.91;7.10;6.50;6.75;896412;6143610.500
06/18/2008;6.65;7.13;6.50;7.03;997565;6883826.000
06/19/2008;6.99;6.99;6.33;6.33;1020466;6736851.500
06/20/2008;6.15;6.69;5.83;6.24;1400578;8844968.000
06/23/2008;6.08;6.29;5.90;5.99;512754;3093898.000
06/24/2008;6.30;6.30;5.99;6.20;461474;2839476.750
06/25/2008;6.22;6.56;6.13;6.51;1064788;6801692.000
06/26/2008;6.53;6.68;6.40;6.63;942768;6170917.500
06/27/2008;6.38;6.46;6.00;6.09;920619;5742500.000
06/30/2008;5.97;6.18;5.91;6.05;283649;1721473.875
07/01/2008;6.20;6.20;5.95;5.95;293078;1761816.500
07/02/2008;6.02;6.10;5.87;6.00;478865;2888958.000
07/03/2008;5.94;6.35;5.85;6.19;930955;5740408.000
07/04/2008;6.23;6.28;6.13;6.19;651608;4041686.250
07/07/2008;6.29;6.57;6.23;6.56;1155330;7468604.500
07/08/2008;6.58;6.66;6.44;6.66;1481011;9727586.000
07/09/2008;6.75;7.28;6.70;7.14;2656544;18579188.000
07/10/2008;6.98;7.16;6.92;6.95;2179308;15356441.000
07/11/2008;6.89;6.98;6.55;6.69;1534234;10308119.000
07/14/2008;6.61;6.90;6.61;6.89;1005489;6842137.000
07/15/2008;6.94;7.07;6.59;6.60;1092925;7418160.000
07/16/2008;6.58;6.68;6.12;6.23;894020;5694563.000
07/17/2008;6.38;6.40;6.10;6.24;901021;5625300.000
07/18/2008;6.39;6.45;6.11;6.45;787720;4951871.500
07/21/2008;6.43;6.73;6.32;6.69;957135;6288064.000
07/22/2008;6.69;7.36;6.64;7.11;2320059;16200018.000
07/23/2008;7.12;7.59;7.09;7.13;4723495;34635684.000
07/24/2008;7.19;7.31;7.05;7.25;2006704;14435793.000
07/25/2008;7.13;7.45;7.12;7.26;1601276;11691903.000
07/28/2008;7.26;7.74;7.26;7.65;2216464;16623755.000
07/29/2008;7.50;7.56;7.26;7.42;1856516;13770753.000
07/30/2008;7.26;7.49;7.14;7.17;1450790;10534813.000
07/31/2008;7.16;7.25;6.50;6.56;1706551;11649920.000
08/01/2008;6.56;6.81;6.51;6.76;1292693;8658935.000
08/04/2008;6.70;6.80;6.58;6.60;662049;4419490.000
08/05/2008;6.76;6.78;6.45;6.46;544828;3565997.500
08/06/2008;6.49;6.59;6.32;6.43;439571;2840734.750
08/07/2008;6.45;6.54;6.30;6.45;634289;4052218.500
08/08/2008;6.45;6.49;5.81;5.81;1197798;7226222.500
08/11/2008;5.88;5.88;5.23;5.24;809911;4378635.000
08/12/2008;5.06;5.25;5.03;5.19;517837;2663049.500
08/13/2008;5.08;5.13;4.75;5.05;710051;3555171.250
08/14/2008;5.08;5.10;4.99;5.01;480083;2419656.250
08/15/2008;5.02;5.11;5.00;5.09;689228;3485760.000
08/18/2008;5.15;5.15;4.58;4.59;652750;3125068.500
08/19/2008;4.59;4.70;4.40;4.61;453026;2077331.875
08/20/2008;4.48;5.06;4.48;5.04;866204;4246023.500
08/21/2008;5.01;5.14;4.85;4.85;839552;4202279.000
08/22/2008;4.80;4.89;4.68;4.77;370501;1762815.750
08/25/2008;4.86;4.89;4.72;4.83;270010;1304387.125
08/26/2008;4.77;4.80;4.40;4.54;386536;1758592.500
08/27/2008;4.48;4.65;4.30;4.50;303151;1358807.875
08/28/2008;4.48;4.55;4.40;4.46;326095;1457087.375
08/29/2008;4.56;4.63;4.47;4.58;543837;2480466.500
09/01/2008;4.56;4.56;4.41;4.45;334578;1494082.125
09/02/2008;4.45;4.59;4.31;4.56;411775;1845085.125
09/03/2008;4.56;4.58;4.43;4.56;300593;1355838.750
09/04/2008;4.58;4.68;4.57;4.66;447073;2070182.250
09/05/2008;4.58;4.59;4.43;4.45;454831;2053397.375
09/08/2008;4.47;4.47;4.17;4.21;416500;1791667.000
09/09/2008;4.25;4.30;4.21;4.26;344504;1467310.125
09/10/2008;4.23;4.35;4.15;4.23;272987;1162386.625
09/11/2008;4.20;4.26;4.09;4.12;366000;1526775.000
09/16/2008;4.28;4.28;4.03;4.14;562990;2346300.000
09/17/2008;4.10;4.15;3.95;3.96;331000;1341729.125
09/18/2008;3.94;3.94;3.56;3.73;627058;2322883.750
09/19/2008;4.10;4.10;4.00;4.10;1471242;6015631.500
09/22/2008;4.25;4.50;4.10;4.23;2082826;8928315.000
09/23/2008;4.00;4.10;3.88;3.88;892998;3567714.000
09/24/2008;3.79;3.94;3.78;3.94;612074;2384087.000
09/25/2008;3.97;4.08;3.91;4.05;666586;2681623.000
09/26/2008;4.05;4.06;3.95;3.99;524600;2095985.000
10/06/2008;3.99;3.99;3.76;3.78;387900;1481139.500
10/08/2008;3.70;3.77;3.60;3.64;357265;1314855.000
10/09/2008;3.70;3.76;3.59;3.65;366279;1343679.500
10/10/2008;3.60;3.60;3.31;3.33;577909;1956402.375
10/13/2008;3.33;3.37;3.17;3.37;647326;2110859.750
10/14/2008;3.43;3.48;3.28;3.31;583095;1992551.750
10/15/2008;3.30;3.31;3.17;3.22;302089;974271.313
10/16/2008;3.15;3.15;3.04;3.05;391935;1206326.125
10/17/2008;3.08;3.18;3.04;3.14;352081;1092676.750
10/20/2008;3.14;3.23;3.10;3.21;284301;904431.188
10/21/2008;3.20;3.29;3.20;3.22;466235;1514584.625
10/22/2008;3.19;3.30;3.19;3.25;397516;1291150.875
10/23/2008;3.20;3.22;3.13;3.22;363642;1161702.500
10/24/2008;3.20;3.27;3.17;3.20;305800;981529.813
10/27/2008;3.17;3.18;2.90;2.90;396892;1191287.125
10/28/2008;2.84;3.06;2.80;3.00;594500;1757176.000
10/29/2008;3.00;3.08;2.96;2.96;428423;1292893.000
10/30/2008;2.91;3.04;2.91;3.01;607862;1823539.000
10/31/2008;3.03;3.04;2.90;2.93;361600;1073924.000
11/03/2008;2.93;2.96;2.89;2.90;168263;492703.469
11/04/2008;2.90;2.90;2.76;2.81;280078;787792.188
11/05/2008;2.82;2.95;2.82;2.92;721596;2079633.875
11/06/2008;2.85;2.85;2.76;2.85;229970;648696.375
11/07/2008;2.80;3.11;2.76;3.01;1077669;3203899.500
11/10/2008;3.03;3.24;3.02;3.18;2187947;6875448.500
11/11/2008;3.19;3.21;3.12;3.12;1421923;4485421.500
11/12/2008;3.08;3.24;3.06;3.24;2141108;6746504.000
11/13/2008;3.22;3.43;3.16;3.36;4246666;14178520.000
11/14/2008;3.40;3.62;3.30;3.58;4263028;14508923.000
11/17/2008;3.56;3.76;3.50;3.73;3857001;14052253.000
11/18/2008;3.71;3.85;3.36;3.38;4052398;14594534.000
11/19/2008;3.38;3.65;3.38;3.64;2920672;10238017.000
11/20/2008;3.56;3.85;3.55;3.80;3349563;12525603.000
11/21/2008;3.75;3.79;3.43;3.61;2674629;9701979.000
11/24/2008;3.61;3.65;3.39;3.40;1098652;3853949.000
11/25/2008;3.45;3.54;3.30;3.39;1139969;3854836.000
11/26/2008;3.45;3.45;3.34;3.37;1152698;3924010.500
11/27/2008;3.62;3.64;3.40;3.41;2080597;7315638.000
11/28/2008;3.39;3.40;3.28;3.32;1062585;3553545.250
12/01/2008;3.34;3.65;3.30;3.65;2472544;8879568.000
12/02/2008;3.75;4.02;3.71;4.02;13312321;52815968.000
12/03/2008;4.09;4.42;3.95;4.42;12678190;52646212.000
12/04/2008;4.55;4.86;4.42;4.86;13123539;62362872.000
12/05/2008;4.90;5.10;4.65;4.92;15086490;74007024.000
12/08/2008;4.88;5.20;4.80;5.06;12517602;62562960.000
12/09/2008;5.00;5.02;4.70;4.86;10356631;50337452.000
12/10/2008;4.85;4.99;4.67;4.93;11918072;57662480.000
12/11/2008;4.83;5.13;4.73;4.99;13399883;66119808.000
12/12/2008;4.90;5.49;4.86;5.33;21427700;112292896.000
12/15/2008;5.32;5.85;4.93;5.75;17083972;93150616.000
12/16/2008;5.50;5.74;5.18;5.20;12255321;65970812.000
12/17/2008;5.24;5.42;4.97;5.21;10516146;54853140.000
12/18/2008;5.15;5.28;5.08;5.17;6315916;32633078.000
12/19/2008;5.18;5.41;5.13;5.17;8430454;44386516.000
12/22/2008;5.18;5.41;5.01;5.20;10419887;54505660.000
12/23/2008;5.20;5.33;4.70;4.71;8236679;42212364.000
12/24/2008;4.62;4.63;4.25;4.29;9633575;42626848.000
12/25/2008;4.31;4.48;4.25;4.40;7327519;32024426.000
12/26/2008;4.42;4.46;4.14;4.23;9195184;38944972.000
12/29/2008;4.16;4.32;4.08;4.28;7893889;33005306.000
12/30/2008;4.30;4.30;4.10;4.17;6313074;26566448.000
12/31/2008;4.16;4.33;4.08;4.17;6261824;26373328.000
01/05/2009;4.21;4.39;4.19;4.36;7390646;31824926.000
01/06/2009;4.38;4.57;4.26;4.56;10804255;48022572.000
01/07/2009;4.56;4.59;4.44;4.49;6253975;28199218.000
01/08/2009;4.38;4.43;4.11;4.23;7305232;31141762.000
01/09/2009;4.22;4.42;4.20;4.40;6225573;26953710.000
01/12/2009;4.36;4.84;4.36;4.84;14433437;68153504.000
01/13/2009;4.79;4.85;4.41;4.48;10639670;49476796.000
01/14/2009;4.40;4.65;4.36;4.65;8919640;40334536.000
01/16/2009;4.67;4.82;4.54;4.62;8987022;42122652.000
01/19/2009;4.60;4.75;4.50;4.60;4226568;19466308.000
01/20/2009;4.60;4.67;4.53;4.65;3754482;17246222.000
01/21/2009;4.65;4.65;4.41;4.51;5169854;23418772.000
01/22/2009;4.53;4.58;4.43;4.54;3748423;16850064.000
01/23/2009;4.54;4.64;4.49;4.56;3600127;16491469.000
02/02/2009;4.60;4.83;4.58;4.81;6416351;30337552.000
02/03/2009;4.80;4.92;4.74;4.92;8117857;39320944.000
02/04/2009;4.93;5.05;4.85;5.02;7919327;39103396.000
02/05/2009;5.00;5.06;4.80;4.85;7907992;39015924.000
02/06/2009;4.89;5.34;4.88;5.34;9682480;50856264.000
02/09/2009;5.70;5.80;5.51;5.62;23921583;135296720.000
02/10/2009;5.55;6.18;5.50;6.18;17999274;106450840.000
02/11/2009;6.03;6.48;5.83;6.10;17278523;107303168.000
02/12/2009;6.10;6.70;5.90;6.59;16146586;100940056.000
02/13/2009;6.51;6.75;6.42;6.66;13727192;90442320.000
02/16/2009;6.70;6.80;6.42;6.60;10244129;67364728.000
02/17/2009;6.56;6.56;6.00;6.08;11216172;69800440.000
02/18/2009;5.90;6.07;5.66;5.68;7881878;45982148.000
02/19/2009;5.90;5.99;5.70;5.80;6816736;39888832.000
02/20/2009;5.81;6.05;5.68;6.04;6431828;38066108.000
02/23/2009;6.04;6.27;5.95;6.24;6739331;41387736.000
02/24/2009;6.15;6.28;5.71;5.75;7228610;43354444.000
02/25/2009;5.79;5.98;5.44;5.85;6137165;35060272.000
02/26/2009;5.80;5.92;5.27;5.30;5409725;30391428.000
02/27/2009;5.20;5.27;4.77;4.77;5924444;29120832.000
03/02/2009;4.60;4.94;4.58;4.88;3747561;18138860.000
03/03/2009;4.74;4.91;4.70;4.82;3754252;18033744.000
03/04/2009;4.86;5.30;4.86;5.30;5424200;28102488.000
03/05/2009;5.51;5.68;5.33;5.51;10679593;58452364.000
03/06/2009;5.39;5.46;5.29;5.39;4768637;25641120.000
03/09/2009;5.40;5.55;4.95;4.98;4931946;25804942.000
03/10/2009;4.93;5.20;4.81;5.18;4416960;22267480.000
03/11/2009;5.33;5.45;5.16;5.33;6950579;36765264.000
03/12/2009;5.30;5.66;5.20;5.53;8799474;47914896.000
03/13/2009;5.54;5.69;5.35;5.39;7961274;44005204.000
03/16/2009;5.32;5.40;5.16;5.36;4019192;21202244.000
03/17/2009;5.35;5.59;5.30;5.53;5728986;31425896.000
03/18/2009;5.56;5.75;5.56;5.59;7445659;42152020.000
03/19/2009;5.61;5.79;5.55;5.72;6475286;36747316.000
03/20/2009;5.76;5.79;5.50;5.65;6747158;38084092.000
03/23/2009;5.69;5.75;5.57;5.70;6411610;36435744.000
03/24/2009;5.79;5.84;5.65;5.79;6399466;36891628.000
03/25/2009;5.74;5.83;5.50;5.50;5871123;33405598.000
03/26/2009;5.46;5.60;5.27;5.59;6259326;34217792.000
03/27/2009;5.62;5.73;5.55;5.73;7937434;44925388.000
03/30/2009;5.78;6.05;5.76;5.80;8436206;49639548.000
03/31/2009;5.65;5.83;5.55;5.83;5116857;29123120.000
04/01/2009;5.86;6.02;5.78;6.00;10081906;59703680.000
04/02/2009;6.05;6.54;5.94;6.44;18899616;118935560.000
04/03/2009;6.49;6.55;6.16;6.34;15991641;102197576.000
04/07/2009;6.25;6.81;6.17;6.62;17968122;117203768.000
04/08/2009;6.56;6.77;5.96;5.98;14134954;90096264.000
04/09/2009;5.91;6.23;5.79;6.17;9326100;56154716.000
04/10/2009;6.15;6.45;6.03;6.44;13775108;86422496.000
04/13/2009;6.42;6.88;6.34;6.65;20937662;139177536.000
04/14/2009;6.64;6.77;6.36;6.62;13189450;86927960.000
04/15/2009;6.51;6.99;6.40;6.90;17918750;120234672.000
04/16/2009;6.85;6.85;6.60;6.65;10903975;73193944.000
04/17/2009;6.60;6.60;6.22;6.45;8640787;55766048.000
04/20/2009;6.41;6.67;6.38;6.53;8370650;54845008.000
04/22/2009;6.44;6.80;6.33;6.67;16632560;109807832.000
04/23/2009;6.68;6.78;6.40;6.66;13761527;91141320.000
04/24/2009;6.54;6.98;6.41;6.78;19762570;133647472.000
04/27/2009;6.82;7.10;6.40;6.98;20398398;138947744.000
04/28/2009;6.85;7.24;6.78;6.99;17380710;122077784.000
04/29/2009;6.88;7.22;6.60;7.06;14804754;102443688.000
04/30/2009;7.11;7.44;7.01;7.22;15406763;111537440.000
05/04/2009;7.33;7.69;7.25;7.50;14307535;107008624.000
05/05/2009;7.55;7.58;7.30;7.48;11712441;86917184.000
05/06/2009;7.48;7.95;7.39;7.80;13016310;100982624.000
05/07/2009;7.80;8.09;7.50;8.03;14594637;113959848.000
05/08/2009;8.00;8.14;7.75;7.98;12003728;95969352.000
05/11/2009;8.10;8.10;7.18;7.18;14476997;108195432.000
05/12/2009;7.04;7.37;6.98;7.30;6879204;49293352.000
05/13/2009;7.25;7.28;7.06;7.21;6344915;45554696.000
05/14/2009;7.12;7.31;7.10;7.20;4848807;34986096.000
05/15/2009;7.17;7.42;7.14;7.30;6099509;44503800.000
05/18/2009;7.28;7.34;7.10;7.28;5125006;36856384.000
05/19/2009;7.31;7.34;7.20;7.28;6044874;43905104.000
05/20/2009;7.28;7.31;7.05;7.05;6566080;46969800.000
05/21/2009;6.95;6.99;6.60;6.74;9129533;61995852.000
05/22/2009;6.73;6.94;6.71;6.90;4470166;30655534.000
05/25/2009;6.75;6.88;6.51;6.85;3698618;24740528.000
05/26/2009;6.84;7.03;6.78;6.86;4164595;28906876.000
05/27/2009;6.86;6.96;6.78;6.83;2901454;19928784.000
06/01/2009;6.89;6.92;6.80;6.92;3890723;26675478.000
06/02/2009;6.95;6.98;6.83;6.86;4001054;27545106.000
06/03/2009;6.86;6.95;6.76;6.89;4680712;32028548.000
06/04/2009;6.88;6.88;6.66;6.77;4556830;30781302.000
06/05/2009;6.75;6.82;6.67;6.74;3096229;20886634.000
06/08/2009;6.73;6.86;6.69;6.79;3307984;22461048.000
06/09/2009;6.81;6.83;6.58;6.74;3805008;25469146.000
06/10/2009;6.75;7.00;6.71;6.98;6806078;46853772.000
06/11/2009;6.90;7.04;6.86;6.91;5392522;37578704.000
06/12/2009;6.91;6.96;6.65;6.68;3662478;24832476.000
06/15/2009;6.68;6.78;6.61;6.78;2073737;13868271.000
06/16/2009;6.71;6.81;6.68;6.74;1733022;11696773.000
06/17/2009;6.64;6.65;6.31;6.55;9377888;60508544.000
06/18/2009;6.49;6.52;6.39;6.46;6787225;43749172.000
06/19/2009;6.53;6.66;6.50;6.57;6671919;43768216.000
06/22/2009;6.59;6.70;6.53;6.57;4384623;29022682.000
06/23/2009;6.51;6.53;6.40;6.48;3121385;20198064.000
06/24/2009;6.51;6.60;6.48;6.57;3071081;20088988.000
06/25/2009;6.58;6.69;6.55;6.65;4211698;27923212.000
06/26/2009;6.65;6.67;6.51;6.55;2468684;16194236.000
06/29/2009;6.56;6.62;6.48;6.60;3108112;20390850.000
06/30/2009;6.60;6.60;6.37;6.37;3306840;21373162.000
07/01/2009;6.37;6.44;6.32;6.36;3643537;23200532.000
07/02/2009;6.41;6.47;6.34;6.41;4072685;26068504.000
07/03/2009;6.38;6.46;6.35;6.42;3343657;21406622.000
07/06/2009;6.42;6.42;6.33;6.37;3362021;21407660.000
07/07/2009;6.37;6.55;6.34;6.50;5179455;33530728.000
07/08/2009;6.45;6.58;6.44;6.58;4359011;28433690.000
07/09/2009;6.58;6.73;6.52;6.71;6485643;43135756.000
07/10/2009;6.75;6.76;6.63;6.68;4777120;31933138.000
07/13/2009;6.69;6.83;6.65;6.74;5123408;34533184.000
07/14/2009;6.74;6.83;6.72;6.81;4663351;31657804.000
07/15/2009;6.81;6.87;6.74;6.85;6156379;41881844.000
07/16/2009;6.88;7.01;6.82;6.84;9723439;67301752.000
07/17/2009;6.78;6.85;6.73;6.80;5025655;34100940.000
07/20/2009;6.81;6.98;6.80;6.95;5701860;39444732.000
07/21/2009;6.97;6.98;6.65;6.67;5310822;36210452.000
07/22/2009;6.68;6.84;6.66;6.75;3643246;24623156.000
07/23/2009;6.75;6.92;6.70;6.87;5650821;38682768.000
07/24/2009;6.88;7.00;6.74;6.92;7590887;52460764.000
07/27/2009;6.96;7.23;6.96;7.15;12225520;86765736.000
07/28/2009;7.10;7.31;6.98;7.29;10287411;74016472.000
07/29/2009;7.30;7.30;6.56;6.73;8334662;58098300.000
07/30/2009;6.80;6.86;6.50;6.82;5594887;37595508.000
07/31/2009;6.85;7.09;6.76;7.08;6099626;42483412.000
08/03/2009;7.08;7.28;7.06;7.24;8481366;60739352.000
08/04/2009;7.25;7.30;7.02;7.30;7455643;53438828.000
08/05/2009;7.30;7.59;7.23;7.44;11509043;85670656.000
08/06/2009;7.39;7.58;7.31;7.35;10899310;81296536.000
08/07/2009;7.30;7.43;6.94;6.99;8726974;62651352.000
08/10/2009;7.02;7.15;6.97;7.14;4838913;34159992.000
08/11/2009;7.05;7.28;7.05;7.20;4200353;30220340.000
08/12/2009;7.17;7.23;6.60;6.66;5793104;39954172.000
08/13/2009;6.72;6.77;6.55;6.69;3722554;24866590.000
08/14/2009;6.64;6.74;6.15;6.16;4481740;28735516.000
08/17/2009;6.05;6.09;5.62;5.68;4806211;28129002.000
08/18/2009;5.60;5.90;5.60;5.83;2519575;14518580.000
08/19/2009;5.80;5.89;5.43;5.50;3351527;19062164.000
08/20/2009;5.57;5.81;5.51;5.77;3565287;20273340.000
08/21/2009;5.76;6.08;5.68;6.08;5703348;33890332.000
08/24/2009;6.09;6.20;6.00;6.15;4659589;28384430.000
08/25/2009;6.10;6.10;5.72;6.01;4086856;24262114.000
08/26/2009;5.92;6.34;5.92;6.18;5708122;35401692.000
08/27/2009;6.17;6.56;6.13;6.35;6760569;42643456.000
08/28/2009;6.33;6.40;6.08;6.21;4597544;28546078.000
08/31/2009;6.04;6.10;5.67;5.68;3893808;22928946.000
09/01/2009;5.58;5.90;5.58;5.83;3382821;19488758.000
09/02/2009;5.80;5.86;5.68;5.80;2192084;12651618.000
09/03/2009;5.81;6.25;5.78;6.15;5140250;31184598.000
09/04/2009;6.11;6.30;6.08;6.15;3883177;23997170.000
09/07/2009;6.14;6.29;6.12;6.25;4737204;29419908.000
09/08/2009;6.20;6.31;6.14;6.29;3134372;19627996.000
09/09/2009;6.29;6.45;6.16;6.37;5476987;34574696.000
09/10/2009;6.33;6.56;6.22;6.47;8613794;55410848.000
09/11/2009;6.41;6.80;6.41;6.52;9006593;59296412.000
09/14/2009;6.51;6.72;6.48;6.63;7876076;51945496.000
09/15/2009;6.70;6.70;6.52;6.61;5923412;39173820.000
09/16/2009;6.60;6.95;6.57;6.83;12117733;82234320.000
09/17/2009;6.80;7.38;6.78;7.09;14216361;100812808.000
09/18/2009;7.10;7.12;6.52;6.62;8963810;61762024.000
09/21/2009;6.56;6.96;6.51;6.92;5296744;35590384.000
09/22/2009;6.88;6.94;6.60;6.61;3978013;26928716.000
09/23/2009;6.61;6.80;6.42;6.50;3214985;21290528.000
09/24/2009;6.50;6.56;6.17;6.37;3104587;19850138.000
09/25/2009;6.37;6.49;6.29;6.38;2380386;15229536.000
09/28/2009;6.43;6.48;6.03;6.10;1957410;12367043.000
09/29/2009;6.13;6.14;5.81;5.95;2069013;12354512.000
09/30/2009;5.98;6.12;5.98;5.99;1781712;10764436.000
10/09/2009;6.10;6.28;6.08;6.28;2309899;14339139.000
10/12/2009;6.28;6.37;6.21;6.32;1829811;11553316.000
10/13/2009;6.29;6.47;6.23;6.45;2007257;12803613.000
10/14/2009;6.45;6.56;6.41;6.46;3401300;22088154.000
10/15/2009;6.47;6.61;6.45;6.57;3015422;19697298.000
10/16/2009;6.54;6.60;6.42;6.53;2929396;19049136.000
10/19/2009;6.50;6.81;6.50;6.76;5814847;38901280.000
10/20/2009;6.75;6.96;6.68;6.93;8642386;59223260.000
10/21/2009;6.91;7.05;6.81;6.98;10215820;71182632.000
10/22/2009;6.97;7.26;6.82;6.96;8043291;56431632.000
10/23/2009;7.03;7.28;6.95;7.08;10121791;72125872.000
10/26/2009;7.17;7.40;7.08;7.30;12691424;92223104.000
10/27/2009;7.30;7.30;6.96;7.00;7417141;53055232.000
10/28/2009;7.01;7.30;7.00;7.22;8160878;58298000.000
10/29/2009;7.10;7.10;6.95;7.00;4486253;31504616.000
10/30/2009;7.10;7.40;7.07;7.14;10901600;78857936.000
11/02/2009;6.99;7.56;6.92;7.40;12826265;93831800.000
11/03/2009;7.40;7.66;7.35;7.56;11442931;85665816.000
11/04/2009;7.61;7.75;7.47;7.52;12365799;94288216.000
11/05/2009;7.54;7.75;7.48;7.75;8050224;61262344.000
11/06/2009;7.80;7.85;7.60;7.67;7596842;58524064.000
11/09/2009;7.70;7.75;7.55;7.71;5978102;45737488.000
11/10/2009;7.75;7.75;7.59;7.60;5115690;39160708.000
11/11/2009;7.58;7.69;7.52;7.67;4059549;30978354.000
11/12/2009;7.65;7.91;7.65;7.76;8832803;68887464.000
11/13/2009;7.73;7.82;7.62;7.80;5421914;41947336.000
11/16/2009;7.86;8.05;7.85;7.91;7245896;57580964.000
11/17/2009;7.95;8.15;7.89;8.09;7606567;61125260.000
11/18/2009;8.08;8.19;7.95;8.06;5347381;43047632.000
11/19/2009;8.08;8.26;7.98;8.22;6362906;51523268.000
11/20/2009;8.18;8.57;8.12;8.37;7336300;61298832.000
11/23/2009;8.37;8.77;8.31;8.76;7453521;63630508.000
11/24/2009;8.75;8.80;7.92;8.06;10491675;88371016.000
11/25/2009;7.98;8.40;7.97;8.38;7519791;61686676.000
11/26/2009;8.39;8.49;7.76;7.77;10256602;82855504.000
11/27/2009;7.67;7.88;7.55;7.60;6156081;47383016.000
11/30/2009;7.66;7.92;7.66;7.92;5041268;39478640.000
12/01/2009;7.94;8.24;7.86;8.22;6089202;49280932.000
12/02/2009;8.28;8.41;8.22;8.35;7030104;58473996.000
12/03/2009;8.36;8.55;8.29;8.54;7189524;60571816.000
12/04/2009;8.53;8.72;8.03;8.20;9658280;80699720.000
12/07/2009;8.16;8.54;8.16;8.50;6304679;52941740.000
12/08/2009;8.52;8.54;8.28;8.43;5353331;45076696.000
12/09/2009;8.30;8.48;8.22;8.26;4051325;33739444.000
12/10/2009;8.32;8.40;8.21;8.31;2959383;24560100.000
12/11/2009;8.38;8.65;8.36;8.49;8642231;73600856.000
12/14/2009;8.55;8.74;8.30;8.62;8372727;71573432.000
12/15/2009;8.61;8.87;8.54;8.78;9598337;84222728.000
12/16/2009;8.76;9.07;8.70;8.87;9530841;85179624.000
12/17/2009;8.85;8.90;8.35;8.38;7531438;64395336.000
12/18/2009;8.34;8.34;8.01;8.01;5604533;45640696.000
12/21/2009;8.01;8.25;7.96;8.24;3561576;28842212.000
12/22/2009;8.26;8.29;7.96;8.06;3624321;29437772.000
12/23/2009;8.01;8.43;8.01;8.43;5786502;48016392.000
12/24/2009;8.49;8.82;8.40;8.78;8811356;76525904.000
12/25/2009;8.78;9.15;8.68;8.85;11190391;100210000.000
12/28/2009;8.88;9.14;8.85;9.09;8503261;76708480.000
12/29/2009;9.09;9.45;9.02;9.44;9915535;91425040.000
12/30/2009;9.43;9.49;9.10;9.12;8847187;81441840.000
12/31/2009;9.14;9.97;9.08;9.66;13455707;128328104.000
01/04/2010;9.76;10.14;9.61;9.90;13699541;136570480.000
01/05/2010;9.95;10.89;9.94;10.70;20020841;212132880.000
01/06/2010;10.68;10.74;10.40;10.59;13317230;140376608.000
01/07/2010;10.55;11.07;10.44;10.71;16965782;183400032.000
01/08/2010;10.70;11.58;10.52;11.44;14627233;160483920.000
01/11/2010;11.30;12.11;11.11;12.00;14044906;164669088.000
01/12/2010;12.01;12.47;11.70;11.88;14649828;175794032.000
01/13/2010;11.62;12.27;11.55;11.93;11530124;138427136.000
01/14/2010;11.95;12.24;11.71;12.05;10878057;130170768.000
01/15/2010;11.99;11.99;11.42;11.58;14232674;165590880.000
01/18/2010;11.50;11.79;11.44;11.78;8421732;98190280.000
01/19/2010;12.03;12.47;11.89;11.96;14643122;178125584.000
01/20/2010;11.78;11.79;10.98;11.03;11248903;128145376.000
01/21/2010;11.03;11.24;11.00;11.04;4897974;54351040.000
01/22/2010;10.85;10.90;10.18;10.50;6214438;65458968.000
01/25/2010;10.40;10.90;10.31;10.75;4697745;50314424.000
01/26/2010;10.67;10.75;10.11;10.23;4107619;42561384.000
01/27/2010;10.29;10.52;10.14;10.23;4358918;45104060.000
01/28/2010;10.30;10.65;10.23;10.51;4582756;48017112.000
02/01/2010;10.68;10.80;10.08;10.22;6546129;68637008.000
02/02/2010;10.27;10.58;10.15;10.21;3894059;40440092.000
02/03/2010;10.16;10.30;9.55;10.27;5547811;55335200.000
02/04/2010;10.27;10.56;9.95;10.28;5150827;53283968.000
02/05/2010;10.07;10.16;9.81;9.92;4230758;42239612.000
02/08/2010;9.95;10.06;9.84;9.94;2013280;20022316.000
02/09/2010;9.92;10.00;9.76;9.82;2037701;20050766.000
02/10/2010;9.92;10.15;9.88;10.15;2752260;27510888.000
02/11/2010;10.15;10.21;9.98;10.02;1825873;18417034.000
02/12/2010;10.05;10.36;9.99;10.22;4155182;42185960.000
02/22/2010;10.22;10.24;10.01;10.09;3273203;33137694.000
02/23/2010;10.08;10.26;9.68;10.26;5619104;55847296.000
02/24/2010;10.17;10.77;10.12;10.77;10730534;114001376.000
02/25/2010;10.85;11.20;10.66;11.10;11436222;125245200.000
02/26/2010;11.13;11.20;10.87;11.10;7267537;80351080.000
03/01/2010;11.10;11.18;10.98;11.12;7006717;77668592.000
03/02/2010;11.16;11.44;11.15;11.35;9274470;104915000.000
03/03/2010;11.36;11.73;11.08;11.65;12081788;138214752.000
03/04/2010;11.69;12.00;10.90;11.05;11148705;128948096.000
03/05/2010;11.04;11.28;10.80;10.85;5824359;64038648.000
03/08/2010;10.82;11.05;10.82;10.98;3466012;37854716.000
03/09/2010;10.85;11.28;10.62;11.11;5643137;61972088.000
03/10/2010;11.10;11.31;10.76;10.85;3737707;40982272.000
03/11/2010;10.86;11.05;10.70;10.82;2319635;25158598.000
03/12/2010;10.85;10.94;10.30;10.33;3936361;41719732.000
03/15/2010;10.26;10.38;10.00;10.12;3509586;35518988.000
03/16/2010;10.18;10.25;10.10;10.25;1702765;17328246.000
03/17/2010;10.32;11.28;10.32;11.28;10670029;117841648.000
03/18/2010;12.41;12.41;12.41;12.41;11482344;142495888.000
03/19/2010;13.00;13.65;12.85;13.65;58318216;777916864.000
03/23/2010;13.65;13.65;13.65;13.65;0;0.000
