002293 罗莱家纺 日线
      日期	    开盘	    最高	    最低	    收盘	    成交量	    成交额
09/10/2009;34.00;38.18;33.34;34.81;20847895;718776832.000
09/11/2009;34.16;37.49;34.03;35.80;13384037;478653344.000
09/14/2009;36.00;36.73;35.11;35.91;9841449;352782432.000
09/15/2009;35.50;35.72;34.51;34.65;7110734;248855776.000
09/16/2009;34.40;35.34;34.22;34.72;3951386;137576352.000
09/17/2009;34.74;35.13;34.36;34.90;3903881;135547504.000
09/18/2009;35.00;36.20;34.41;34.60;5371424;189614256.000
09/21/2009;34.15;34.20;32.00;33.04;3856173;127099072.000
09/22/2009;33.00;33.45;32.00;32.09;2503270;81644368.000
09/23/2009;32.02;32.50;31.42;31.58;2839056;90604384.000
09/24/2009;31.40;31.87;30.50;31.03;2193050;68411008.000
09/25/2009;31.12;31.64;30.60;31.21;1929817;60279524.000
09/28/2009;31.22;31.96;30.21;30.50;1745474;54627768.000
09/29/2009;30.23;30.53;28.68;28.91;2552135;74942424.000
09/30/2009;29.19;29.60;28.80;29.08;1735824;50520344.000
10/09/2009;29.47;30.12;29.22;30.10;2058095;61315396.000
10/12/2009;30.28;30.29;29.59;29.66;1405642;41835756.000
10/13/2009;29.61;30.10;29.30;30.08;1529028;45615356.000
10/14/2009;30.08;30.88;30.01;30.20;2198523;66903692.000
10/15/2009;30.29;30.47;29.90;29.91;1650215;49725816.000
10/16/2009;29.95;30.18;29.48;29.66;1560107;46546136.000
10/19/2009;29.86;31.20;29.70;31.02;2735541;84073808.000
10/20/2009;31.16;31.70;30.63;31.56;2511936;78143928.000
10/21/2009;31.48;31.50;30.91;30.93;2022778;63024392.000
10/22/2009;30.80;32.35;30.40;32.10;3687665;116648824.000
10/23/2009;34.00;34.99;33.20;33.78;6788559;230819920.000
10/26/2009;33.64;35.51;33.20;35.13;5442082;188366640.000
10/27/2009;34.70;34.89;33.04;33.04;3765839;127302992.000
10/28/2009;33.00;35.20;32.70;34.92;3532892;119220160.000
10/29/2009;34.00;35.19;33.68;33.99;3290100;113144080.000
10/30/2009;34.50;34.95;33.12;33.30;3843134;131115872.000
11/02/2009;32.29;33.65;32.10;33.42;2177672;71610544.000
11/03/2009;33.45;34.40;33.31;33.80;1952568;66258420.000
11/04/2009;34.01;34.36;33.29;33.40;2048519;69129072.000
11/05/2009;33.75;33.98;33.21;33.79;1424331;47919696.000
11/06/2009;33.85;34.68;33.79;34.68;2890024;98853936.000
11/09/2009;34.90;35.58;34.69;35.15;3099643;109015904.000
11/10/2009;35.29;35.49;34.72;34.76;1840022;64363796.000
11/11/2009;34.60;34.80;34.18;34.55;1337745;46134892.000
11/12/2009;34.35;34.99;34.33;34.39;1419174;49167220.000
11/16/2009;35.06;36.76;35.01;35.99;3426252;123110656.000
11/17/2009;35.72;38.58;35.72;37.76;4588541;172328064.000
11/18/2009;37.80;39.30;37.31;38.49;3456716;132184608.000
11/19/2009;39.35;40.25;38.50;39.21;4392286;173231232.000
11/20/2009;39.00;40.15;38.58;39.27;2498260;98681264.000
11/23/2009;39.48;41.74;39.08;41.27;3106968;125218040.000
11/24/2009;41.50;42.96;39.50;39.98;4166558;172919632.000
11/25/2009;40.80;43.98;40.35;43.86;4215354;178744192.000
11/26/2009;43.86;43.89;40.61;40.77;4118023;173328752.000
11/27/2009;40.00;41.27;39.00;40.00;2551935;102189032.000
11/30/2009;40.70;42.89;40.70;42.25;2401340;100676392.000
12/01/2009;42.01;44.80;42.00;44.18;2306164;101558120.000
12/02/2009;44.73;45.75;43.68;44.12;2443437;108853256.000
12/03/2009;44.07;45.26;43.01;45.19;2219927;98713520.000
12/04/2009;44.52;45.60;42.00;42.40;2964814;128855360.000
12/07/2009;42.00;43.38;41.68;42.99;1393443;59552136.000
12/08/2009;43.02;43.30;41.99;42.38;1514539;64076064.000
12/09/2009;41.88;42.28;40.70;40.89;1748050;72144576.000
12/10/2009;40.70;42.00;40.63;40.98;4250699;175355152.000
12/11/2009;41.10;41.93;40.46;40.80;1947842;80074040.000
12/14/2009;40.68;41.35;39.80;41.15;2360087;95981272.000
12/15/2009;41.23;41.60;40.99;41.23;1427653;58967036.000
12/16/2009;41.10;41.60;40.16;40.60;1648033;66977564.000
12/17/2009;40.48;40.90;39.05;39.15;1506034;60005884.000
12/18/2009;39.00;39.59;37.50;38.30;1758206;67666360.000
12/21/2009;38.10;39.28;38.10;38.96;1332985;51641688.000
12/22/2009;39.26;39.93;38.76;39.10;1963473;77065600.000
12/23/2009;39.12;39.85;38.20;39.55;1233794;48287660.000
12/24/2009;39.57;41.20;39.50;40.95;1983701;80430792.000
12/25/2009;40.80;41.10;40.51;40.68;1246771;50900420.000
12/28/2009;40.70;41.49;39.90;41.39;1371922;56197000.000
12/29/2009;41.29;41.65;40.91;41.49;1290826;53326780.000
12/30/2009;41.13;41.50;40.29;40.58;1713485;69680288.000
12/31/2009;40.68;41.18;40.18;41.06;1222924;49848144.000
01/04/2010;41.30;42.05;40.70;41.50;2597707;107825952.000
01/05/2010;41.70;43.50;41.41;43.20;2510841;107775608.000
01/06/2010;43.16;44.98;42.80;43.88;2712749;119177448.000
01/07/2010;43.88;44.65;42.60;42.95;2550853;110790160.000
01/08/2010;42.75;44.16;42.00;43.45;2152770;92990456.000
01/11/2010;43.49;45.98;42.45;45.60;3612392;161793520.000
01/12/2010;45.75;48.10;45.30;46.00;3429057;159977088.000
01/13/2010;45.28;47.04;45.02;46.60;2526519;116687320.000
01/14/2010;46.48;47.87;46.30;46.99;2041131;95977456.000
01/15/2010;46.90;47.45;46.06;47.36;1920166;89547232.000
01/18/2010;47.95;48.55;46.90;47.25;1900443;89933072.000
01/19/2010;47.31;47.31;45.75;46.01;2138399;98696496.000
01/20/2010;45.70;46.58;42.05;43.09;2831799;125262920.000
01/21/2010;43.00;44.28;42.52;43.52;1508380;65829540.000
01/22/2010;43.40;43.40;41.00;42.21;1770197;74311224.000
01/25/2010;41.60;42.50;41.51;41.90;715428;30129002.000
01/26/2010;42.10;42.80;40.85;41.20;1332798;55843028.000
01/27/2010;41.30;41.60;40.30;40.67;939506;38384848.000
01/28/2010;40.65;41.19;39.90;40.80;1119101;45601356.000
01/29/2010;40.80;42.58;40.38;42.55;1724543;72533296.000
02/01/2010;42.10;42.62;40.70;41.40;1137774;47235200.000
02/02/2010;41.58;42.19;39.28;39.28;1320830;54078148.000
02/03/2010;39.19;39.60;36.90;38.90;1985542;75982792.000
02/04/2010;38.80;40.18;38.20;39.23;1148488;45190196.000
02/05/2010;38.33;39.18;36.85;38.16;1012401;38871504.000
02/08/2010;38.00;39.20;37.80;38.80;651434;25174436.000
02/09/2010;38.81;40.21;38.80;39.81;1138841;45297448.000
02/10/2010;40.09;40.43;39.68;40.19;657942;26369876.000
02/11/2010;40.20;41.36;39.90;40.98;964410;39137024.000
02/12/2010;40.86;42.11;40.84;41.80;967731;40449400.000
02/22/2010;41.88;41.88;40.10;40.12;936239;38010712.000
02/23/2010;40.03;40.08;38.81;39.37;853507;33440938.000
02/24/2010;40.27;43.00;40.27;42.76;2129529;89363384.000
02/25/2010;42.60;43.30;42.30;43.04;1526469;65472412.000
02/26/2010;43.00;43.53;42.37;43.31;1225587;52937316.000
03/01/2010;43.29;44.30;43.00;44.13;1553240;67802048.000
03/02/2010;44.13;44.20;43.10;43.15;1046719;45516412.000
03/03/2010;43.10;43.48;42.60;42.93;1035130;44479268.000
03/04/2010;43.20;43.48;41.20;41.46;1152976;48961996.000
03/05/2010;41.90;42.40;41.51;42.13;919171;38595064.000
03/08/2010;42.08;43.09;41.62;42.95;878753;37432740.000
03/09/2010;43.00;43.19;42.52;42.95;696249;29896578.000
03/10/2010;42.70;43.23;41.80;42.06;603754;25611082.000
03/11/2010;41.89;42.28;41.31;42.06;818394;34180484.000
03/12/2010;41.90;43.00;41.81;42.41;1263946;53734984.000
03/15/2010;42.40;44.50;42.31;43.80;1821964;79620944.000
03/16/2010;43.85;45.55;43.85;44.40;1763631;78852280.000
03/17/2010;44.12;44.84;43.88;44.73;1365748;60733148.000
03/18/2010;44.80;45.80;44.50;45.24;1349170;61142820.000
03/19/2010;45.39;45.45;44.62;44.98;865100;38845236.000
03/22/2010;45.15;45.77;44.23;45.11;737654;33108754.000
03/23/2010;45.00;45.21;44.31;45.18;969300;43418916.000
