002019 鑫富药业 日线
      日期	    开盘	    最高	    最低	    收盘	    成交量	    成交额
07/13/2004;2.57;2.90;2.57;2.70;7956844;129406320.000
07/14/2004;2.71;2.74;2.48;2.62;3403387;53274328.000
07/15/2004;2.60;2.70;2.51;2.61;1572984;24845956.000
07/16/2004;2.59;2.88;2.58;2.78;3429019;57131128.000
07/19/2004;2.78;2.88;2.75;2.80;1771440;29910364.000
07/20/2004;2.80;2.83;2.72;2.73;1025246;17078794.000
07/21/2004;2.74;2.76;2.69;2.72;730007;11984892.000
07/22/2004;2.72;2.77;2.60;2.61;958339;15445451.000
07/23/2004;2.59;2.91;2.58;2.91;1750895;28707994.000
07/26/2004;2.90;3.03;2.84;2.90;3066337;53806368.000
07/27/2004;2.88;2.93;2.75;2.86;1260634;21429248.000
07/28/2004;2.84;3.14;2.84;3.10;1908009;33846192.000
07/29/2004;3.07;3.14;3.01;3.10;1232311;22487988.000
07/30/2004;3.09;3.25;3.02;3.17;1356803;25228036.000
08/02/2004;3.15;3.29;3.11;3.14;1173113;22156982.000
08/03/2004;3.12;3.19;3.05;3.15;1216326;22524388.000
08/04/2004;3.15;3.23;3.07;3.16;984188;18311454.000
08/05/2004;3.18;3.33;3.12;3.29;1272063;24516092.000
08/06/2004;3.30;3.31;3.11;3.16;1167377;22098292.000
08/09/2004;3.14;3.14;3.01;3.03;996563;18065344.000
08/10/2004;2.99;3.10;2.99;3.06;440837;8020869.000
08/11/2004;3.03;3.06;2.90;2.97;1162518;20608068.000
08/12/2004;2.99;2.99;2.90;2.95;331033;5781191.000
08/13/2004;2.95;2.99;2.91;2.95;295569;5195264.000
08/16/2004;2.93;2.93;2.75;2.78;690313;11572300.000
08/17/2004;2.78;2.82;2.72;2.81;231128;3845582.500
08/18/2004;2.78;2.93;2.77;2.90;580719;9884721.000
08/19/2004;2.85;2.93;2.71;2.83;820056;13775469.000
08/20/2004;2.93;3.12;2.90;3.03;1359296;24332444.000
08/23/2004;2.95;3.01;2.94;2.97;271111;4786186.500
08/24/2004;3.01;3.03;2.94;2.99;383855;6839472.000
08/25/2004;3.01;3.01;2.88;2.91;423266;7359354.500
08/26/2004;2.90;2.90;2.79;2.80;225797;3818445.000
08/27/2004;2.81;2.84;2.75;2.83;173977;2923974.000
08/30/2004;2.80;2.97;2.80;2.93;191927;3333604.500
08/31/2004;3.03;3.04;2.93;2.97;571058;10168686.000
09/01/2004;2.92;2.92;2.85;2.88;180161;3102987.500
09/02/2004;2.84;3.05;2.84;3.03;321904;5699437.000
09/03/2004;2.99;3.06;2.95;2.96;264414;4735688.500
09/06/2004;2.94;3.01;2.88;2.98;94310;1662267.125
09/07/2004;3.00;3.02;2.96;3.00;66527;1183236.250
09/08/2004;2.98;3.02;2.94;2.99;115773;2057412.875
09/09/2004;2.99;3.13;2.95;3.01;585341;10645259.000
09/10/2004;2.99;3.07;2.96;3.04;254900;4575310.500
09/13/2004;3.06;3.12;2.86;2.86;555504;9677153.000
09/14/2004;2.95;3.03;2.90;2.96;414948;7324082.500
09/15/2004;2.97;3.29;2.97;3.22;1369014;25936650.000
09/16/2004;3.22;3.40;3.18;3.33;1602673;31407512.000
09/17/2004;3.31;3.70;3.30;3.70;2280142;47063676.000
09/21/2004;3.88;4.11;3.83;4.11;2287062;53081416.000
09/22/2004;4.17;4.53;4.12;4.20;2510087;62131320.000
09/23/2004;4.20;4.32;4.05;4.24;1509703;36302200.000
09/24/2004;4.27;4.50;3.98;4.08;1920009;47398424.000
09/27/2004;4.19;4.39;4.10;4.28;1222223;29834820.000
09/28/2004;4.27;4.36;4.12;4.27;857178;20942412.000
09/29/2004;4.24;4.67;4.19;4.64;1669603;42490604.000
09/30/2004;4.62;4.88;4.55;4.79;1477043;39941576.000
10/08/2004;4.83;5.02;4.66;4.96;1443082;40149936.000
10/11/2004;4.96;5.10;4.75;4.77;1475291;41083436.000
10/12/2004;4.66;4.75;4.49;4.59;1428710;37469720.000
10/13/2004;4.52;4.62;4.51;4.56;740308;19286680.000
10/14/2004;4.55;4.55;4.07;4.07;1714679;40834376.000
10/15/2004;3.79;3.92;3.72;3.84;1522544;33760288.000
10/18/2004;3.89;4.01;3.84;3.88;1294155;29503252.000
10/19/2004;3.90;4.06;3.60;3.63;1254219;28121808.000
10/20/2004;3.56;3.94;3.47;3.94;1428184;30455236.000
10/21/2004;3.92;4.03;3.81;3.90;949225;21468662.000
10/22/2004;3.85;4.20;3.75;4.14;1361595;31801432.000
10/25/2004;4.24;4.30;4.11;4.13;1313067;31659412.000
10/26/2004;4.08;4.20;3.90;4.17;1216830;28442352.000
10/27/2004;3.98;4.26;3.94;4.25;1616000;38306260.000
10/28/2004;4.25;4.25;3.80;3.83;1557073;36084472.000
10/29/2004;3.88;4.13;3.88;3.96;828611;19185216.000
11/01/2004;3.88;3.91;3.79;3.83;405547;9052981.000
11/02/2004;3.83;3.87;3.62;3.73;595499;12961753.000
11/03/2004;3.73;3.90;3.73;3.87;490663;10855941.000
11/04/2004;3.86;3.92;3.70;3.73;478836;10531210.000
11/05/2004;3.71;3.78;3.65;3.73;244104;5274953.000
11/08/2004;3.65;3.76;3.65;3.74;172614;3707405.500
11/09/2004;3.69;3.86;3.68;3.80;324880;7164618.500
11/10/2004;3.86;4.08;3.80;4.04;817692;18878634.000
11/11/2004;4.08;4.33;4.08;4.09;1426882;34694496.000
11/12/2004;4.13;4.24;4.09;4.17;582983;13974920.000
11/15/2004;4.23;4.23;4.09;4.18;478790;11466431.000
11/16/2004;4.15;4.17;4.01;4.03;774262;18147592.000
11/17/2004;4.03;4.11;4.02;4.04;290209;6786840.000
11/18/2004;4.06;4.10;4.04;4.08;220951;5191296.000
11/19/2004;4.07;4.07;3.94;4.00;309261;7136982.000
11/22/2004;3.96;4.01;3.92;3.94;327810;7489941.500
11/23/2004;3.92;4.06;3.90;4.01;396256;9150477.000
11/24/2004;4.03;4.41;3.98;4.26;1454726;35444344.000
11/25/2004;4.24;4.34;4.12;4.15;783499;18891028.000
11/26/2004;4.12;4.37;4.12;4.20;660217;16218495.000
11/30/2004;4.02;4.19;4.02;4.16;562733;13413864.000
12/01/2004;4.16;4.19;4.07;4.15;330476;7831329.500
12/02/2004;4.16;4.17;4.03;4.06;216860;5095520.500
12/03/2004;4.05;4.36;4.05;4.18;777777;18994568.000
12/06/2004;4.18;4.34;4.11;4.25;427702;10462371.000
12/07/2004;4.26;4.32;4.18;4.22;247684;6035152.000
12/08/2004;4.25;4.51;4.25;4.41;1474901;37094420.000
12/09/2004;4.41;4.84;4.37;4.73;1370999;36286728.000
12/10/2004;4.66;4.79;4.56;4.69;789592;21014124.000
12/13/2004;4.64;4.87;4.61;4.71;783544;21216344.000
12/14/2004;4.72;4.73;4.57;4.66;489023;12950084.000
12/15/2004;4.64;4.79;4.41;4.43;1125785;29261786.000
12/16/2004;4.43;4.51;4.32;4.46;591114;14976579.000
12/17/2004;4.43;4.43;4.26;4.32;509824;12666995.000
12/20/2004;4.29;4.29;3.88;4.04;873464;20364146.000
12/21/2004;4.02;4.13;3.96;4.00;401693;9315717.000
12/22/2004;4.00;4.26;4.00;4.24;438091;10507567.000
12/23/2004;4.28;4.29;4.03;4.08;359830;8606552.000
12/24/2004;4.09;4.27;4.03;4.20;364423;8802588.000
12/27/2004;4.17;4.27;4.17;4.22;173349;4206900.500
12/28/2004;4.19;4.20;4.09;4.13;215211;5121121.000
12/29/2004;4.09;4.13;3.84;3.86;1150603;26200814.000
12/30/2004;3.83;4.01;3.82;3.95;417619;9507990.000
12/31/2004;3.95;3.99;3.89;3.95;259557;5916773.500
01/04/2005;3.90;4.05;3.80;3.98;278994;6413719.500
01/05/2005;3.95;4.13;3.95;4.05;210283;4905719.000
01/06/2005;4.05;4.11;4.00;4.03;144733;3366043.000
01/07/2005;3.96;4.09;3.96;3.98;278007;6455247.000
01/10/2005;3.98;4.08;3.94;4.05;148728;3466821.000
01/11/2005;4.03;4.10;4.00;4.04;109455;2555273.750
01/12/2005;3.98;4.07;3.98;4.00;95428;2209305.250
01/13/2005;3.98;4.07;3.96;4.01;116692;2711627.500
01/14/2005;3.99;4.01;3.85;3.91;208217;4751355.000
01/17/2005;3.83;3.87;3.64;3.65;385120;8347192.000
01/18/2005;3.55;3.75;3.55;3.73;257187;5523368.500
01/19/2005;3.69;3.69;3.47;3.58;325865;6818549.000
01/20/2005;3.52;3.52;3.33;3.39;533735;10626037.000
01/21/2005;3.39;3.56;3.37;3.52;282438;5758700.000
01/24/2005;3.64;3.67;3.54;3.61;317319;6688017.000
01/25/2005;3.55;3.56;3.35;3.47;371460;7484742.000
01/26/2005;3.43;3.50;3.40;3.41;115191;2323349.750
01/28/2005;3.40;3.40;3.11;3.12;567877;10752959.000
01/31/2005;3.14;3.29;3.12;3.24;322808;6156080.500
02/01/2005;3.17;3.24;2.88;2.93;750465;13268019.000
02/02/2005;2.91;3.18;2.89;3.12;704332;12665919.000
02/03/2005;3.07;3.09;2.91;2.92;642902;11408689.000
02/04/2005;2.93;3.00;2.90;2.95;700851;12344138.000
02/16/2005;3.02;3.14;2.97;3.07;745397;13574117.000
02/17/2005;3.07;3.09;3.02;3.09;395002;7183522.500
02/18/2005;3.10;3.12;3.02;3.03;320904;5829354.000
02/21/2005;3.05;3.14;3.03;3.13;614737;11282880.000
02/22/2005;3.13;3.44;3.08;3.38;1768586;33672440.000
02/23/2005;3.37;3.57;3.31;3.47;1682842;34117448.000
02/24/2005;3.42;3.47;3.33;3.39;789750;15748396.000
02/25/2005;3.40;3.65;3.39;3.49;1237100;25537292.000
02/28/2005;3.47;3.55;3.42;3.44;651627;13306233.000
03/01/2005;3.44;3.50;3.34;3.38;497294;9908811.000
03/02/2005;3.35;3.43;3.35;3.40;687422;13710298.000
03/04/2005;3.43;3.47;3.20;3.21;721612;14007427.000
03/07/2005;3.15;3.21;3.07;3.15;751090;13872502.000
03/08/2005;3.15;3.33;3.13;3.33;1281063;24820690.000
03/09/2005;3.35;3.53;3.35;3.43;1458791;29528378.000
03/10/2005;3.41;3.46;3.32;3.37;841674;16820290.000
03/11/2005;3.35;3.65;3.35;3.65;1987573;41070056.000
03/14/2005;3.65;3.65;3.47;3.60;1681058;35006784.000
03/15/2005;3.59;3.62;3.43;3.46;825706;16958840.000
03/16/2005;3.45;3.52;3.39;3.51;581239;11797152.000
03/17/2005;3.50;3.51;3.31;3.33;549003;10964934.000
03/18/2005;3.24;3.33;3.19;3.27;667915;12861282.000
03/21/2005;3.29;3.37;3.25;3.29;603433;11727692.000
03/22/2005;3.29;3.44;3.29;3.40;955420;19000088.000
03/23/2005;3.43;3.58;3.37;3.39;1104738;22564636.000
03/24/2005;3.37;3.38;3.03;3.16;1247553;23293408.000
03/25/2005;3.16;3.17;3.07;3.09;401159;7407806.500
03/28/2005;3.12;3.14;3.06;3.14;393018;7244873.500
03/29/2005;3.12;3.18;3.11;3.11;344752;6419841.500
03/30/2005;3.07;3.07;2.89;2.91;659578;11591088.000
03/31/2005;2.90;3.02;2.88;3.02;464086;8234550.500
04/01/2005;3.02;3.25;2.97;3.15;580180;10676546.000
04/04/2005;3.12;3.12;3.03;3.08;509786;9313332.000
04/05/2005;3.07;3.18;3.05;3.11;329895;6092428.000
04/06/2005;3.07;3.18;2.99;3.16;742856;13660556.000
04/07/2005;3.18;3.30;3.11;3.23;1178895;17019358.000
04/08/2005;3.20;3.59;3.14;3.59;3208601;50376548.000
04/11/2005;3.68;3.89;3.63;3.71;3155852;52392536.000
04/12/2005;3.72;3.91;3.71;3.78;1451736;24383944.000
04/13/2005;3.87;4.16;3.87;4.15;2784339;49321380.000
04/14/2005;4.29;4.56;4.23;4.51;3769222;73004040.000
04/15/2005;4.48;4.48;4.15;4.17;2995775;56131824.000
04/18/2005;4.21;4.48;4.19;4.24;1330869;25118110.000
04/19/2005;4.24;4.25;3.90;3.96;1653230;29163862.000
04/20/2005;3.99;4.05;3.90;3.97;1308183;22940274.000
04/21/2005;3.99;4.14;3.94;4.05;1185944;21233120.000
04/22/2005;4.04;4.12;3.80;3.97;1051772;18231034.000
04/25/2005;3.94;4.16;3.92;4.14;1266223;22847676.000
04/26/2005;4.13;4.39;4.04;4.27;1269025;23836032.000
04/27/2005;4.34;4.34;4.07;4.13;1479377;26855380.000
04/28/2005;4.08;4.56;3.98;4.50;2496379;48240968.000
04/29/2005;4.39;4.53;4.37;4.41;774625;15045155.000
05/09/2005;4.42;4.53;4.26;4.36;625895;12044055.000
05/10/2005;4.29;4.41;4.04;4.36;678404;12768397.000
05/11/2005;4.34;4.35;4.25;4.30;404933;7624314.500
05/12/2005;4.28;4.31;4.12;4.14;468350;8692219.000
05/13/2005;4.05;4.21;4.02;4.14;398122;7155739.000
05/16/2005;4.09;4.14;4.03;4.08;205407;3675870.250
05/17/2005;4.29;4.29;3.97;4.15;140627;2550349.500
05/18/2005;4.15;4.41;4.11;4.37;453200;8575865.000
05/19/2005;4.36;4.42;4.29;4.37;252062;4824942.500
05/20/2005;4.38;4.41;4.34;4.36;124677;2388323.000
05/23/2005;4.34;4.36;4.14;4.21;341345;6299180.000
05/24/2005;4.19;4.26;4.12;4.21;145988;2689125.000
05/25/2005;4.21;4.26;4.15;4.15;94015;1724505.625
05/26/2005;4.28;4.28;4.05;4.05;169456;3069850.500
05/27/2005;4.04;4.04;3.61;3.61;1474607;24091320.000
05/30/2005;3.38;3.57;3.24;3.40;651183;9834030.000
05/31/2005;3.30;3.41;3.30;3.41;262208;3934227.500
06/01/2005;3.35;3.38;3.28;3.33;165979;2475056.750
06/02/2005;3.25;3.26;2.97;3.25;625832;8698767.000
06/03/2005;3.12;3.20;3.06;3.20;238945;3345566.500
06/06/2005;3.08;3.34;3.06;3.33;208164;3005440.500
06/07/2005;3.32;3.48;3.29;3.29;263046;3975709.000
06/08/2005;3.28;3.65;3.28;3.65;455731;7213049.000
06/09/2005;3.72;3.92;3.65;3.79;597463;10083870.000
06/10/2005;3.79;3.80;3.58;3.68;270024;4394352.500
06/13/2005;3.65;3.68;3.46;3.55;436246;6859144.000
06/14/2005;3.56;3.64;3.43;3.43;192090;3007811.500
06/15/2005;3.42;3.42;3.23;3.30;253906;3766454.250
06/16/2005;3.28;3.52;3.24;3.47;266286;4023107.250
06/17/2005;3.50;3.67;3.50;3.56;464290;7384244.500
06/29/2005;3.96;3.96;3.71;3.71;3348258;57508652.000
06/30/2005;3.59;3.59;3.33;3.35;1351102;20758950.000
07/01/2005;3.34;3.43;3.31;3.39;505069;7609268.500
07/04/2005;3.35;3.41;3.13;3.40;345787;5113440.500
07/05/2005;3.40;3.50;3.30;3.47;473741;7266805.000
07/06/2005;3.43;3.48;3.27;3.37;272159;4116873.000
07/07/2005;3.38;3.39;3.31;3.34;134361;2013633.125
07/08/2005;3.33;3.34;3.23;3.25;279600;4095060.500
07/11/2005;3.26;3.40;3.23;3.25;529360;7857693.000
07/12/2005;3.26;3.47;3.25;3.42;335427;5027545.500
07/13/2005;3.35;3.40;3.30;3.33;241492;3614352.250
07/14/2005;3.35;3.54;3.35;3.50;549641;8442559.000
07/15/2005;3.50;3.54;3.43;3.51;371553;5760723.000
07/18/2005;3.47;3.56;3.47;3.53;419180;6595519.000
07/19/2005;3.52;3.56;3.38;3.54;918050;14197380.000
08/12/2005;4.44;4.44;4.22;4.29;7972041;103727032.000
08/15/2005;4.29;4.36;4.25;4.26;3159126;40955304.000
08/16/2005;4.25;4.35;4.07;4.08;2545620;32489570.000
08/17/2005;4.04;4.05;3.86;4.01;1997820;24056006.000
08/18/2005;4.00;4.39;3.98;4.12;3237847;41208812.000
08/19/2005;4.12;4.18;3.93;3.99;1759552;21399734.000
08/22/2005;4.03;4.09;3.93;3.99;773052;9368794.000
08/23/2005;3.99;4.01;3.80;3.92;1322270;15657012.000
08/24/2005;3.90;3.96;3.87;3.94;756761;9010283.000
08/25/2005;3.94;3.95;3.81;3.88;746487;8813432.000
08/26/2005;3.91;4.05;3.81;4.01;1003708;11998051.000
08/29/2005;4.05;4.11;3.91;3.92;765381;9328864.000
08/30/2005;3.85;4.13;3.85;3.96;1043748;12795126.000
08/31/2005;3.94;4.00;3.88;3.97;800009;9579733.000
09/01/2005;4.00;4.04;3.93;3.96;1056351;12687971.000
09/02/2005;3.97;4.01;3.86;3.88;1451047;17248474.000
09/05/2005;3.89;3.93;3.87;3.90;640655;7599046.500
09/06/2005;3.90;3.93;3.81;3.82;946610;11147047.000
09/07/2005;3.82;3.93;3.77;3.91;1203566;14162541.000
09/08/2005;3.94;3.97;3.82;3.91;1486872;17643664.000
09/09/2005;3.92;3.94;3.86;3.88;486484;5768109.000
09/12/2005;3.89;3.94;3.82;3.93;619570;7325051.000
09/13/2005;3.93;4.01;3.88;4.01;1377072;16568905.000
09/14/2005;4.01;4.02;3.93;3.96;953206;11522518.000
09/15/2005;3.97;3.99;3.91;3.92;648141;7764293.500
09/16/2005;3.92;4.09;3.88;4.01;1260129;15265033.000
09/19/2005;4.01;4.06;4.00;4.03;906668;11102970.000
09/20/2005;4.06;4.26;4.05;4.15;2608227;32974570.000
09/21/2005;4.15;4.15;4.03;4.03;1174586;14479745.000
09/22/2005;4.01;4.04;3.78;3.83;990055;11780474.000
09/23/2005;3.77;3.85;3.77;3.79;461468;5361947.500
09/26/2005;3.88;4.03;3.81;3.96;1649900;19921036.000
09/27/2005;4.01;4.08;3.90;3.90;847145;10227111.000
09/28/2005;3.90;3.94;3.86;3.91;355440;4206268.000
09/29/2005;3.91;3.96;3.84;3.90;520866;6165113.500
09/30/2005;3.93;4.05;3.85;3.98;1483183;17896430.000
10/10/2005;3.95;4.08;3.94;4.01;1023996;12510761.000
10/11/2005;4.01;4.04;3.93;4.03;916408;11086794.000
10/12/2005;4.04;4.23;3.99;4.19;2668876;33481356.000
10/13/2005;4.16;4.25;4.11;4.23;1730011;21901620.000
10/14/2005;4.23;4.25;4.13;4.21;1493336;19019382.000
10/17/2005;4.19;4.28;4.08;4.24;1334400;16905398.000
10/18/2005;4.25;4.48;4.25;4.46;2700917;35897668.000
10/19/2005;4.44;4.44;4.30;4.32;1718561;22783826.000
10/20/2005;4.32;4.48;4.26;4.39;1779611;23497462.000
10/21/2005;4.40;4.40;4.07;4.12;3164966;40195332.000
10/24/2005;4.12;4.12;3.90;3.93;1471514;17708592.000
10/25/2005;3.91;3.99;3.80;3.98;1856095;22109154.000
10/26/2005;3.94;3.98;3.81;3.85;1365436;16090859.000
10/27/2005;3.84;3.88;3.78;3.81;793563;9247130.000
10/28/2005;3.80;3.80;3.40;3.40;1585850;17022916.000
10/31/2005;3.09;3.24;3.09;3.18;2238231;21896820.000
11/01/2005;3.14;3.16;2.83;2.90;2672054;24384362.000
11/02/2005;2.94;3.08;2.93;3.00;1698289;15866253.000
11/03/2005;3.01;3.13;2.97;3.01;1291203;12252252.000
11/04/2005;3.02;3.13;2.92;3.08;1203511;11405043.000
11/07/2005;3.06;3.09;3.01;3.06;682463;6468898.500
11/08/2005;3.03;3.08;3.01;3.05;746949;7090849.500
11/09/2005;3.03;3.30;3.03;3.19;2329810;23019434.000
11/10/2005;3.18;3.28;3.14;3.16;1924566;19065632.000
11/11/2005;3.15;3.15;3.00;3.05;1243549;11792048.000
11/14/2005;3.02;3.04;2.94;2.96;762893;7074159.500
11/15/2005;2.96;3.04;2.93;2.95;601850;5598147.500
11/16/2005;2.94;3.04;2.91;3.03;453895;4203284.000
11/17/2005;3.03;3.03;2.96;2.98;374367;3496042.750
11/18/2005;2.98;3.14;2.98;3.12;1264961;12153866.000
11/21/2005;3.14;3.18;3.09;3.13;799270;7777645.500
11/22/2005;3.16;3.32;3.14;3.16;1936738;19352734.000
11/23/2005;3.16;3.36;3.16;3.29;2094823;21337250.000
11/24/2005;3.29;3.31;3.22;3.24;1268096;12771495.000
11/25/2005;3.24;3.30;3.22;3.23;643270;6473663.000
11/28/2005;3.24;3.26;3.12;3.16;759658;7462987.000
11/29/2005;3.16;3.26;3.16;3.23;976871;9759286.000
11/30/2005;3.25;3.39;3.25;3.38;2957594;30529222.000
12/01/2005;3.39;3.39;3.23;3.27;1107046;11245500.000
12/02/2005;3.23;3.26;3.16;3.21;819929;8162171.000
12/05/2005;3.21;3.21;3.01;3.01;1053064;10102569.000
12/06/2005;2.96;3.07;2.92;2.98;508378;4749529.500
12/07/2005;3.00;3.04;2.95;3.02;509140;4738922.000
12/08/2005;3.02;3.05;2.95;2.98;303488;2835911.750
12/09/2005;2.98;3.09;2.97;3.05;893249;8456958.000
12/12/2005;3.05;3.16;3.05;3.13;920501;8880911.000
12/13/2005;3.15;3.28;3.15;3.26;2259992;22519114.000
12/14/2005;3.28;3.30;3.18;3.29;1591255;16016526.000
12/15/2005;3.31;3.32;3.19;3.20;1005463;10120305.000
12/16/2005;3.20;3.29;3.20;3.29;1429921;14482071.000
12/19/2005;3.30;3.30;3.22;3.23;713675;7171949.500
12/20/2005;3.26;3.26;3.18;3.21;543476;5394716.000
12/21/2005;3.21;3.25;3.16;3.16;518235;5143140.500
12/22/2005;3.16;3.22;3.13;3.21;472406;4647532.000
12/23/2005;3.21;3.23;3.17;3.21;514561;5099758.000
12/26/2005;3.23;3.25;3.19;3.23;845449;8450316.000
12/27/2005;3.22;3.24;3.14;3.15;822413;8086949.000
12/28/2005;3.14;3.19;3.13;3.16;575201;5632548.000
12/29/2005;3.16;3.18;3.09;3.13;1136208;11037917.000
12/30/2005;3.12;3.15;3.07;3.08;796350;7691683.500
01/04/2006;3.07;3.13;3.02;3.13;709507;6816055.000
01/05/2006;3.10;3.16;3.10;3.15;908077;8832656.000
01/06/2006;3.16;3.20;3.09;3.17;1167410;11393891.000
01/09/2006;3.19;3.28;3.17;3.25;1282588;12844095.000
01/10/2006;3.29;3.29;3.19;3.20;999193;9960793.000
01/11/2006;3.23;3.23;3.08;3.10;975241;9501687.000
01/12/2006;3.10;3.19;3.09;3.17;842946;8273451.500
01/13/2006;3.22;3.22;3.14;3.16;831555;8174588.000
01/16/2006;3.17;3.32;3.13;3.28;2709679;27329856.000
01/17/2006;3.25;3.33;3.20;3.29;1710719;17337922.000
01/18/2006;3.29;3.45;3.29;3.42;2356570;24714742.000
01/19/2006;3.42;3.44;3.34;3.39;1179373;12281816.000
01/20/2006;3.39;3.44;3.26;3.30;1064152;10942096.000
01/23/2006;3.28;3.29;3.17;3.21;1061584;10599090.000
01/24/2006;3.22;3.29;3.21;3.21;1015292;10199189.000
01/25/2006;3.21;3.23;2.86;2.86;4353415;39701932.000
02/06/2006;2.80;2.89;2.69;2.82;1656161;14591913.000
02/07/2006;2.83;2.93;2.83;2.93;1414229;12793897.000
02/08/2006;2.92;2.93;2.85;2.90;705261;6361613.500
02/09/2006;2.90;2.96;2.90;2.90;646126;5894928.500
02/10/2006;2.91;2.93;2.87;2.92;810897;7362729.500
02/13/2006;2.91;2.97;2.88;2.96;1095702;10072175.000
02/14/2006;2.94;2.97;2.94;2.95;661542;6101999.000
02/15/2006;2.94;2.95;2.89;2.90;802825;7308147.500
02/16/2006;2.90;2.91;2.78;2.79;829963;7362955.500
02/17/2006;2.77;2.80;2.75;2.76;634335;5526789.500
02/20/2006;2.73;2.76;2.51;2.58;1526117;12606113.000
02/21/2006;2.55;2.65;2.51;2.65;703682;5773814.000
02/22/2006;2.65;2.65;2.60;2.63;590303;4896145.500
02/23/2006;2.66;2.66;2.56;2.65;652438;5407567.000
02/24/2006;2.64;2.74;2.61;2.70;966270;8178883.500
02/27/2006;2.69;2.70;2.64;2.68;668616;5625916.000
02/28/2006;2.71;2.83;2.70;2.82;2128493;18600728.000
03/01/2006;2.80;2.83;2.78;2.82;1019276;8987101.000
03/02/2006;2.88;2.95;2.82;2.86;2410505;21953194.000
03/03/2006;2.83;2.85;2.76;2.83;870389;7675186.000
03/06/2006;2.83;2.83;2.70;2.71;593254;5114281.500
03/07/2006;2.69;2.69;2.56;2.58;867672;7173260.000
03/08/2006;2.57;2.62;2.56;2.62;653056;5363764.500
03/09/2006;2.63;2.65;2.59;2.61;405526;3357487.000
03/10/2006;2.59;2.62;2.57;2.61;307243;2527784.250
03/13/2006;2.61;2.62;2.54;2.60;335107;2742906.000
03/14/2006;2.60;2.60;2.56;2.57;292266;2391795.250
03/15/2006;2.57;2.69;2.56;2.69;900265;7540304.500
03/16/2006;2.69;2.71;2.64;2.69;599227;5052937.500
03/17/2006;2.69;2.69;2.64;2.66;275419;2313674.250
03/20/2006;2.66;2.66;2.60;2.66;481739;4003394.250
03/21/2006;2.67;2.69;2.64;2.65;465955;3916346.750
03/22/2006;2.65;2.67;2.61;2.67;416787;3491085.000
03/23/2006;2.69;2.85;2.68;2.80;1547864;13583668.000
03/24/2006;2.80;2.82;2.75;2.75;704429;6127494.500
03/27/2006;2.75;2.79;2.73;2.78;486298;4212361.500
03/28/2006;2.78;2.78;2.67;2.72;905997;7736225.500
03/29/2006;2.71;2.72;2.66;2.68;1033404;8741552.000
03/30/2006;2.71;2.71;2.61;2.62;591394;4948011.500
03/31/2006;2.60;2.64;2.59;2.62;486351;4018348.500
04/03/2006;2.62;2.69;2.59;2.67;823465;6882475.500
04/04/2006;2.68;2.69;2.62;2.67;752915;6318922.500
04/05/2006;2.67;2.78;2.65;2.76;1313426;11333860.000
04/06/2006;2.75;2.75;2.69;2.69;1143358;9761708.000
04/07/2006;2.69;2.72;2.66;2.71;757441;6411292.500
04/10/2006;2.70;2.76;2.69;2.76;1365697;11752212.000
04/11/2006;2.76;2.78;2.70;2.76;1238862;10712939.000
04/12/2006;2.76;2.83;2.71;2.80;1710132;14942346.000
04/13/2006;2.80;2.84;2.68;2.68;1168012;10175827.000
04/14/2006;2.68;2.74;2.62;2.73;1034235;8781408.000
04/17/2006;2.73;2.96;2.69;2.88;2881146;25868944.000
04/18/2006;2.87;2.90;2.80;2.81;1305174;11603598.000
04/19/2006;2.82;2.91;2.80;2.91;1863117;16725490.000
04/20/2006;2.81;2.81;2.58;2.58;2068721;17161630.000
04/21/2006;2.51;2.51;2.29;2.32;3432882;25690534.000
04/24/2006;2.31;2.31;2.06;2.09;2678922;18552696.000
04/25/2006;2.05;2.17;2.05;2.14;1189759;8254437.500
04/26/2006;2.14;2.14;2.05;2.11;1500634;10200196.000
04/27/2006;2.11;2.15;2.06;2.14;1203658;8269051.000
04/28/2006;2.10;2.24;2.07;2.18;1439253;10109926.000
05/08/2006;2.16;2.22;2.13;2.21;1261690;8894207.000
05/09/2006;2.21;2.27;2.16;2.26;1843916;13264164.000
05/10/2006;2.26;2.35;2.22;2.32;2190703;16221275.000
05/11/2006;2.31;2.39;2.26;2.26;1986587;14859929.000
05/12/2006;2.25;2.36;2.23;2.36;1815117;13481721.000
05/15/2006;2.35;2.47;2.30;2.45;2775431;21179602.000
05/16/2006;2.44;2.44;2.30;2.33;2238848;17013490.000
05/17/2006;2.31;2.43;2.30;2.41;2192471;16584934.000
05/18/2006;2.39;2.47;2.35;2.47;2070966;15996960.000
05/19/2006;2.46;2.69;2.44;2.66;4137810;33992528.000
05/23/2006;2.94;2.96;2.80;2.96;8677792;79828632.000
05/24/2006;3.02;3.25;2.94;3.00;7767081;74670712.000
05/25/2006;3.00;3.00;2.76;2.87;2626366;23407004.000
05/26/2006;2.89;3.04;2.80;3.00;2584858;23868884.000
05/29/2006;3.01;3.11;2.98;3.03;2314831;21871640.000
05/30/2006;3.03;3.04;2.88;2.96;2243040;20659226.000
05/31/2006;2.96;3.30;2.87;3.30;3949435;38094712.000
06/01/2006;3.26;3.64;3.19;3.40;4531886;47822604.000
06/02/2006;3.44;3.58;3.33;3.40;2812597;29767060.000
06/05/2006;3.41;3.65;3.38;3.50;2274551;24536124.000
06/06/2006;3.50;3.50;3.33;3.34;1731683;18087136.000
06/07/2006;3.30;3.32;2.98;2.98;2210450;21286660.000
06/08/2006;2.81;2.97;2.76;2.94;1783668;16024064.000
06/09/2006;2.94;2.94;2.84;2.84;1474955;13312196.000
06/12/2006;2.82;2.90;2.79;2.84;565663;5063883.000
06/13/2006;2.81;2.91;2.81;2.86;656345;5888976.000
06/14/2006;2.87;2.90;2.76;2.90;709441;6273258.000
06/15/2006;2.88;3.00;2.88;2.93;976568;8976952.000
06/16/2006;2.96;3.07;2.93;3.07;1300034;12161466.000
06/19/2006;3.10;3.12;3.00;3.03;1406259;13311331.000
06/20/2006;3.00;3.04;2.91;2.97;1420933;13107668.000
06/21/2006;2.97;2.97;2.86;2.91;901337;8210658.000
06/22/2006;2.89;2.96;2.87;2.91;376972;3436449.000
06/23/2006;2.91;2.94;2.84;2.94;592271;5375187.500
06/26/2006;2.94;3.01;2.90;2.99;741784;6891843.500
06/27/2006;3.01;3.01;2.91;2.95;623195;5738841.500
06/28/2006;2.95;2.95;2.90;2.92;634739;5800511.000
06/29/2006;2.91;3.03;2.91;3.01;1035145;9636000.000
06/30/2006;3.03;3.05;2.93;2.96;669007;6221546.500
07/03/2006;2.94;2.96;2.92;2.96;803461;7390114.000
07/04/2006;3.00;3.00;2.91;2.92;849252;7817276.000
07/05/2006;2.92;2.98;2.90;2.96;701960;6444100.000
07/06/2006;2.95;3.06;2.94;3.06;1566371;14709270.000
07/07/2006;3.06;3.07;2.98;3.00;929609;8759575.000
07/10/2006;3.01;3.33;2.99;3.33;3190335;31982854.000
07/11/2006;3.36;3.36;3.20;3.25;1967744;19929986.000
07/12/2006;3.25;3.35;3.20;3.21;1505761;15260126.000
07/13/2006;3.19;3.19;2.89;2.92;1865664;17581946.000
07/14/2006;2.87;2.97;2.83;2.95;970555;8874731.000
07/17/2006;2.96;3.01;2.95;3.01;543759;4990630.000
07/18/2006;2.99;3.01;2.94;3.01;493578;4488399.000
07/19/2006;2.99;2.99;2.88;2.94;586348;5286512.500
07/20/2006;2.89;2.97;2.88;2.95;482802;4341384.000
07/21/2006;2.95;2.96;2.91;2.94;256840;2315923.250
07/24/2006;2.90;2.94;2.84;2.93;345538;3089213.500
07/25/2006;2.93;2.99;2.90;2.97;363237;3300366.750
07/26/2006;2.96;2.98;2.93;2.96;444990;4041598.750
07/27/2006;2.96;3.01;2.94;3.01;612301;5600395.500
07/28/2006;3.00;3.01;2.96;2.99;486834;4463288.500
07/31/2006;2.98;2.98;2.70;2.70;703312;6111546.000
08/01/2006;2.67;2.74;2.55;2.57;752084;6131315.000
08/02/2006;2.57;2.60;2.47;2.52;551111;4339228.500
08/03/2006;2.55;2.62;2.53;2.59;276382;2215292.750
08/04/2006;2.59;2.62;2.50;2.50;262200;2089313.750
08/07/2006;2.46;2.53;2.44;2.47;300999;2341672.250
08/08/2006;2.51;2.56;2.48;2.53;312326;2453139.750
08/09/2006;2.52;2.60;2.50;2.57;236800;1881335.250
08/10/2006;2.54;2.61;2.54;2.60;266589;2146553.750
08/11/2006;2.62;2.62;2.57;2.59;249977;2012010.500
08/14/2006;2.60;2.63;2.50;2.51;333516;2663276.750
08/15/2006;2.51;2.55;2.49;2.55;200459;1577617.625
08/16/2006;2.55;2.59;2.51;2.58;263971;2094461.875
08/17/2006;2.51;2.57;2.51;2.53;189755;1497330.250
08/18/2006;2.53;2.59;2.53;2.53;141907;1125752.750
08/21/2006;2.44;2.54;2.44;2.54;198850;1558485.875
08/22/2006;2.53;2.64;2.53;2.64;387663;3118004.500
08/23/2006;2.60;2.73;2.60;2.70;688649;5735651.000
08/24/2006;2.69;2.78;2.68;2.76;650216;5526730.500
08/25/2006;2.75;2.78;2.71;2.71;206614;1747070.625
08/28/2006;2.70;2.76;2.70;2.74;202395;1709181.250
08/29/2006;2.77;2.78;2.71;2.71;254435;2163573.250
08/30/2006;2.71;2.75;2.68;2.70;277235;2317467.500
08/31/2006;2.69;2.73;2.68;2.70;156126;1306099.125
09/01/2006;2.70;2.83;2.70;2.80;695255;5969463.500
09/04/2006;2.79;3.05;2.79;3.03;1152525;10401846.000
09/05/2006;2.96;3.03;2.89;2.89;446800;4045351.250
09/06/2006;2.89;2.96;2.86;2.92;335250;2982870.000
09/07/2006;2.92;2.92;2.79;2.81;419251;3668277.000
09/08/2006;2.85;2.90;2.81;2.87;353868;3125658.000
09/11/2006;2.91;2.97;2.84;2.88;174400;1548612.125
09/12/2006;2.89;2.93;2.88;2.92;194002;1738232.125
09/13/2006;2.93;2.95;2.84;2.84;361755;3203388.750
09/14/2006;2.88;2.88;2.79;2.81;137288;1196213.875
09/15/2006;2.82;2.87;2.78;2.83;356665;3115186.000
09/18/2006;2.84;2.92;2.84;2.88;215556;1918030.250
09/19/2006;2.90;2.90;2.81;2.82;327481;2875324.500
09/20/2006;2.82;2.90;2.82;2.90;318923;2811667.750
09/21/2006;2.90;2.99;2.90;2.97;912984;8275704.500
09/22/2006;2.98;3.00;2.91;2.96;517508;4691595.000
09/25/2006;2.99;3.04;2.96;3.00;971782;8990308.000
09/26/2006;3.00;3.03;2.94;2.96;377100;3442952.000
09/27/2006;2.96;2.99;2.94;2.98;338393;3092741.500
09/28/2006;2.98;3.04;2.96;3.00;486542;4501735.000
09/29/2006;3.02;3.12;3.00;3.06;710277;6696459.000
10/09/2006;3.13;3.24;3.13;3.20;1419343;13901622.000
10/10/2006;3.23;3.25;3.15;3.16;999532;9757458.000
10/11/2006;3.16;3.22;3.12;3.22;834146;8070011.500
10/12/2006;3.23;3.27;3.18;3.21;513711;5035958.500
10/13/2006;3.24;3.24;3.14;3.15;537253;5190459.000
10/16/2006;3.18;3.22;3.14;3.17;562553;5473792.000
10/17/2006;3.07;3.25;3.07;3.22;654926;6390529.500
10/18/2006;3.22;3.42;3.22;3.33;1251677;12754490.000
10/19/2006;3.31;3.36;3.24;3.30;679776;6829793.000
10/20/2006;3.23;3.33;3.23;3.26;604608;6018983.000
10/23/2006;3.24;3.30;3.08;3.12;767175;7459210.500
10/24/2006;3.10;3.21;3.10;3.18;628726;6035065.000
10/25/2006;3.18;3.25;3.11;3.15;475348;4613866.500
10/26/2006;3.11;3.15;3.02;3.04;684929;6442077.000
10/27/2006;3.03;3.05;2.93;2.95;664938;6086905.500
10/30/2006;2.93;2.93;2.79;2.85;1053523;9207403.000
10/31/2006;2.84;2.88;2.79;2.86;506882;4450700.000
11/01/2006;2.87;2.90;2.85;2.88;331421;2934216.000
11/02/2006;2.90;2.97;2.88;2.93;510536;4598320.000
11/03/2006;2.93;2.96;2.89;2.91;371013;3333332.000
11/06/2006;2.91;2.91;2.85;2.88;346453;3065242.500
11/07/2006;2.86;2.90;2.79;2.89;496137;4355167.500
11/08/2006;2.84;2.95;2.84;2.94;448875;4016627.750
11/09/2006;2.93;2.98;2.93;2.95;297585;2703722.750
11/10/2006;2.96;2.96;2.81;2.87;258800;2308802.750
11/13/2006;2.86;2.86;2.64;2.67;534889;4530562.500
11/14/2006;2.66;2.69;2.60;2.67;358389;2942393.500
11/15/2006;2.68;2.75;2.64;2.74;208643;1745874.750
11/17/2006;2.66;2.75;2.64;2.73;413240;3445305.250
11/20/2006;2.73;2.75;2.64;2.67;404291;3354560.750
11/21/2006;2.66;2.70;2.64;2.69;350075;2905738.250
11/22/2006;2.68;2.72;2.66;2.70;351788;2941365.000
11/23/2006;2.70;2.73;2.68;2.73;459151;3834350.500
11/24/2006;2.71;2.74;2.68;2.73;319377;2689854.000
11/27/2006;2.73;2.80;2.71;2.79;405525;3465202.750
11/28/2006;2.79;2.83;2.75;2.75;322445;2760816.500
11/29/2006;2.73;2.78;2.71;2.78;421830;3573479.250
11/30/2006;2.78;2.88;2.76;2.86;632364;5493306.500
12/01/2006;2.86;2.86;2.80;2.82;536946;4665537.500
12/04/2006;2.82;2.85;2.77;2.82;929410;8068839.500
12/05/2006;2.82;2.83;2.78;2.81;895663;7744939.000
12/06/2006;2.81;2.81;2.66;2.72;1085792;9177656.000
12/07/2006;2.71;2.75;2.69;2.70;826675;6951134.500
12/08/2006;2.67;2.68;2.59;2.59;729943;5970928.000
12/11/2006;2.57;2.65;2.56;2.64;386186;3141782.750
12/12/2006;2.64;2.67;2.61;2.64;378696;3097845.750
12/13/2006;2.64;2.75;2.62;2.71;719906;5990144.500
12/14/2006;2.71;2.79;2.70;2.74;697742;5918164.500
12/15/2006;2.74;2.79;2.72;2.76;563126;4788437.000
12/18/2006;2.81;3.06;2.81;3.06;1570773;14635775.000
12/19/2006;2.99;2.99;2.79;2.87;3449397;30631504.000
12/20/2006;2.85;2.99;2.76;2.97;1951515;17322480.000
12/21/2006;2.94;3.24;2.94;3.03;2574823;24459792.000
12/22/2006;2.98;3.20;2.93;3.13;2025397;19333850.000
12/25/2006;3.13;3.38;3.13;3.23;2177462;21699482.000
12/26/2006;3.21;3.32;3.18;3.23;1161257;11491226.000
12/27/2006;3.23;3.23;3.10;3.12;1147905;11083533.000
12/28/2006;3.04;3.19;3.03;3.06;1005716;9559412.000
12/29/2006;3.01;3.21;3.01;3.10;1271760;12253730.000
01/04/2007;3.28;3.28;3.11;3.11;1079460;10466458.000
01/05/2007;3.10;3.11;3.03;3.11;696282;6561606.000
01/08/2007;3.13;3.28;3.12;3.24;2196191;21552592.000
01/09/2007;3.25;3.44;3.25;3.34;1551237;15921310.000
01/10/2007;3.35;3.56;3.35;3.44;1232433;12906363.000
01/11/2007;3.44;3.69;3.37;3.61;2503219;27038306.000
01/12/2007;3.60;3.61;3.39;3.44;1510068;16008277.000
01/15/2007;3.45;3.82;3.45;3.77;1698251;19023984.000
01/16/2007;3.78;3.82;3.64;3.79;1879285;21280600.000
01/17/2007;3.72;3.81;3.57;3.61;1508040;16822298.000
01/18/2007;3.61;3.78;3.54;3.75;1179469;12941507.000
01/19/2007;3.78;3.89;3.74;3.78;1653149;18882794.000
01/22/2007;3.80;3.96;3.72;3.93;2576541;29477690.000
01/23/2007;3.93;3.96;3.77;3.84;1364992;15852368.000
01/24/2007;3.79;3.84;3.78;3.78;1178591;13503471.000
01/25/2007;3.73;3.73;3.50;3.50;1418467;15392651.000
01/26/2007;3.42;3.51;3.21;3.50;1340212;13724244.000
01/29/2007;3.46;3.88;3.44;3.88;2887844;32759112.000
01/30/2007;4.29;4.29;3.96;4.19;3110991;39177448.000
01/31/2007;4.18;4.28;4.00;4.14;2021276;25141458.000
02/01/2007;4.09;4.46;4.04;4.39;1959561;25168470.000
02/02/2007;4.48;4.49;4.28;4.28;951109;12345235.000
02/05/2007;4.28;4.53;4.20;4.51;1157971;15352205.000
02/06/2007;4.54;4.59;4.36;4.39;1242782;16349853.000
02/07/2007;4.39;4.43;4.28;4.42;631798;8215325.000
02/08/2007;4.43;4.45;4.36;4.42;1144763;15074181.000
02/09/2007;4.35;4.43;4.32;4.35;408348;5311560.500
02/12/2007;4.37;4.64;4.37;4.64;1573111;21281552.000
02/13/2007;4.64;4.93;4.64;4.88;1198032;17282364.000
02/14/2007;4.87;4.90;4.75;4.82;639836;9158630.000
02/15/2007;4.82;5.33;4.75;5.33;877271;13301978.000
02/16/2007;5.39;5.85;5.33;5.60;1053926;17312442.000
02/26/2007;5.60;6.19;5.46;6.19;1234850;21730604.000
02/27/2007;6.18;6.83;5.63;5.63;2777161;51533948.000
02/28/2007;5.82;6.22;5.82;6.22;1807243;32317950.000
03/01/2007;6.10;6.10;5.71;5.79;1965027;33929396.000
03/02/2007;5.80;6.04;5.75;5.93;752527;12985658.000
03/05/2007;5.99;6.55;5.96;6.55;2707014;51611944.000
03/06/2007;6.70;7.23;6.70;7.23;1517477;31370454.000
03/07/2007;7.60;7.89;7.28;7.45;2549583;56200656.000
03/08/2007;7.45;8.01;7.37;7.99;1076153;24382840.000
03/09/2007;7.98;8.62;7.88;8.14;1867272;45198448.000
03/12/2007;7.88;8.21;7.57;7.96;1528993;35161020.000
03/13/2007;7.94;7.94;7.75;7.87;1302017;29584738.000
03/14/2007;7.82;8.69;7.61;8.69;1917712;45836628.000
03/15/2007;8.82;9.40;8.46;8.64;2056590;52791776.000
03/16/2007;8.50;8.92;8.38;8.80;1296323;32320452.000
03/19/2007;8.80;9.62;8.80;9.44;3099440;82179600.000
03/20/2007;9.50;10.42;9.29;10.42;2243636;64173484.000
03/21/2007;10.39;11.49;10.39;11.49;2058518;65515936.000
03/22/2007;11.85;12.37;11.50;11.64;1657009;56959380.000
03/23/2007;11.74;12.31;11.50;12.19;1840452;63288336.000
03/26/2007;13.24;13.24;11.57;11.75;1430896;50221964.000
03/27/2007;11.67;11.67;10.68;11.12;2082572;66117168.000
03/28/2007;11.14;12.10;10.96;11.86;1447426;47278396.000
03/29/2007;11.76;11.76;10.96;10.98;930953;30020830.000
03/30/2007;10.98;11.45;10.77;11.10;420119;13406274.000
04/02/2007;11.07;11.31;11.00;11.11;416749;13349183.000
04/03/2007;11.10;11.78;10.65;11.12;1467081;46913300.000
04/04/2007;11.12;11.35;10.96;11.12;659587;21037994.000
04/05/2007;11.14;11.17;11.00;11.07;523809;16672941.000
04/06/2007;11.02;12.03;10.97;11.85;1338354;44414280.000
04/10/2007;13.06;13.06;13.06;13.06;323263;12086804.000
04/11/2007;14.40;14.40;13.64;14.32;1933103;77580856.000
04/12/2007;14.53;15.42;13.92;15.35;1429598;60566204.000
04/13/2007;15.35;16.07;14.71;14.78;1246942;54921056.000
04/16/2007;14.84;15.78;14.84;15.72;978980;43467916.000
04/17/2007;15.75;17.32;15.75;17.32;1397339;67690688.000
04/18/2007;18.10;18.35;17.08;17.46;1397475;70747976.000
04/19/2007;18.28;18.28;16.73;17.23;1435467;71749808.000
04/20/2007;17.92;18.11;17.29;17.57;1161446;58215432.000
04/23/2007;17.81;18.09;17.21;17.49;1270881;63765908.000
04/24/2007;17.48;17.92;17.42;17.66;1280308;64204720.000
04/25/2007;17.81;19.46;17.81;19.46;1033538;55944284.000
04/26/2007;20.60;21.43;19.35;20.07;2147123;125091224.000
04/27/2007;20.07;20.42;19.14;19.60;887281;49759236.000
04/30/2007;19.44;21.17;19.44;20.22;1034250;59979512.000
05/08/2007;19.64;22.27;19.64;22.27;1103040;67385608.000
05/09/2007;22.75;24.52;21.90;24.16;1672337;111665312.000
05/11/2007;23.80;23.82;22.39;22.71;1090853;71348864.000
05/14/2007;24.00;25.01;23.28;25.01;1578115;109567856.000
05/15/2007;25.76;25.85;24.53;24.89;1548722;110087336.000
05/16/2007;24.71;25.78;22.96;23.82;1460344;99959336.000
05/17/2007;23.85;25.00;22.97;24.00;1405255;95353232.000
05/18/2007;24.01;24.01;22.30;23.20;1986098;91643424.000
05/21/2007;22.05;23.06;21.80;22.37;1675894;75443752.000
05/22/2007;22.30;22.80;21.35;21.36;1922949;85109184.000
05/23/2007;20.90;22.05;20.90;21.57;1682219;73096952.000
05/24/2007;21.30;21.97;21.25;21.55;1444822;62755224.000
05/25/2007;21.60;23.72;21.60;23.72;2574401;119310128.000
05/28/2007;24.05;24.94;23.81;24.18;2177464;107128744.000
05/29/2007;24.15;24.69;23.72;24.34;1482723;72645360.000
05/30/2007;22.05;23.85;21.88;21.88;2578975;116811328.000
05/31/2007;21.10;22.20;19.68;21.08;2377039;98664352.000
06/01/2007;21.08;21.74;20.80;20.80;1370362;58431560.000
06/04/2007;20.80;21.05;18.70;18.70;1575174;61749756.000
06/05/2007;17.97;19.25;16.81;19.25;2466924;88372360.000
06/06/2007;19.79;20.34;18.08;19.95;1412572;56205184.000
06/07/2007;19.70;21.55;19.55;21.29;1507499;63322356.000
06/08/2007;21.29;21.52;20.93;21.28;1256629;53942016.000
06/11/2007;21.55;23.43;21.05;23.05;2288441;104885392.000
06/12/2007;24.55;25.30;23.80;24.78;2815603;139572928.000
06/13/2007;25.73;25.73;24.30;24.80;1721529;86095192.000
06/14/2007;24.70;24.70;23.85;24.12;1522966;74211200.000
06/15/2007;23.77;26.22;23.55;24.55;2013488;101187400.000
06/18/2007;24.92;26.00;24.92;25.47;1703953;87112080.000
06/19/2007;25.30;27.63;25.05;27.15;1891097;102123712.000
06/20/2007;27.54;27.54;25.59;25.72;1770333;93994912.000
06/21/2007;25.70;26.35;24.75;25.30;1227566;62925208.000
06/22/2007;25.45;25.69;23.14;23.55;1589628;77480000.000
06/25/2007;23.80;24.29;22.39;22.80;1233749;58479316.000
06/26/2007;22.35;23.55;22.31;23.40;1096702;50865048.000
06/27/2007;23.67;24.52;23.30;24.16;1046461;50791516.000
06/28/2007;24.20;24.30;21.80;21.80;1298586;60308552.000
06/29/2007;21.30;21.80;19.83;20.80;1747727;73819096.000
07/02/2007;20.78;22.90;20.60;22.90;1852802;83858432.000
07/03/2007;23.53;24.15;22.90;24.00;1221388;57785756.000
07/04/2007;23.84;25.74;23.20;24.24;1515889;75175232.000
07/06/2007;22.65;25.04;22.65;24.89;2461672;120494168.000
07/09/2007;24.83;25.92;24.41;25.05;1545894;78134152.000
07/10/2007;24.80;25.29;24.60;24.68;1419154;70984160.000
07/11/2007;24.30;24.85;24.30;24.55;513437;25392782.000
07/12/2007;24.80;25.80;24.55;25.30;1155070;58226832.000
07/13/2007;25.38;26.06;25.05;25.10;927075;47756732.000
07/16/2007;25.87;26.24;25.40;25.42;1747622;90983728.000
07/17/2007;24.62;25.39;24.29;24.80;999513;50085236.000
07/18/2007;24.80;25.29;24.70;24.82;576983;28959062.000
07/19/2007;24.85;25.24;24.56;24.85;374556;18834644.000
07/20/2007;24.71;26.30;24.71;25.95;1638636;85403160.000
07/23/2007;26.30;27.94;26.30;27.55;1786022;98174912.000
07/24/2007;27.79;28.55;27.56;27.84;1287266;72993320.000
07/25/2007;28.05;30.30;27.65;29.92;1403365;83828400.000
07/26/2007;30.15;31.29;29.45;30.80;1487027;90755560.000
07/27/2007;30.74;32.30;30.27;31.92;1103859;68854768.000
07/30/2007;32.80;34.30;32.05;33.63;1535764;102524888.000
07/31/2007;36.49;36.85;34.81;36.05;5723111;414036544.000
08/01/2007;36.80;37.20;34.55;36.05;4328873;315878048.000
08/02/2007;36.30;39.67;36.30;39.67;8844424;681384768.000
08/03/2007;40.05;41.80;39.30;39.99;6461177;526037024.000
08/06/2007;39.95;41.05;38.15;40.86;3412678;270865120.000
08/07/2007;41.10;41.40;39.81;40.28;2148826;175004832.000
08/08/2007;39.55;40.50;38.40;39.30;1915335;151259776.000
08/09/2007;38.80;39.38;37.55;37.85;2669740;205324864.000
08/10/2007;37.28;37.78;35.05;37.37;2856123;208196560.000
08/13/2007;36.58;37.30;36.05;36.15;1032657;75852072.000
08/14/2007;36.50;39.34;36.50;38.71;1469283;113213456.000
08/15/2007;38.99;39.14;36.86;38.13;1304162;99440808.000
08/16/2007;38.13;39.65;37.30;39.10;1672319;130110808.000
08/17/2007;38.75;40.80;38.75;40.41;2139936;173439136.000
08/21/2007;43.27;43.99;41.31;43.10;3033437;261517344.000
08/22/2007;43.80;46.21;43.16;44.80;2379322;214802160.000
08/23/2007;44.70;44.70;42.40;42.45;2559619;221035952.000
08/24/2007;42.58;43.29;40.85;41.80;2403219;201802128.000
08/27/2007;41.95;42.75;39.91;40.39;2285349;188518816.000
08/28/2007;39.80;43.60;39.00;40.75;4935202;207464544.000
08/29/2007;40.79;40.80;37.68;38.03;3992673;155826320.000
08/30/2007;37.60;40.34;37.60;39.75;3270940;129186312.000
08/31/2007;39.88;40.41;38.90;39.89;1937980;77245144.000
09/03/2007;40.05;40.30;39.00;39.56;2408995;95409088.000
09/04/2007;39.65;39.65;38.30;38.35;2360749;91661512.000
09/05/2007;38.30;38.90;38.10;38.75;1427703;55197028.000
09/06/2007;38.90;39.30;38.12;38.20;2084695;80580456.000
09/07/2007;37.80;39.28;37.58;38.82;2539509;98201872.000
09/10/2007;38.80;42.72;37.90;42.38;5805732;239867008.000
09/11/2007;42.75;44.57;38.66;38.66;10291371;430371776.000
09/12/2007;38.20;39.75;36.80;38.46;3739408;142241456.000
09/13/2007;38.35;38.35;37.50;37.91;2334766;88723640.000
09/14/2007;37.91;38.75;37.15;38.10;2007874;76400176.000
09/17/2007;38.10;38.72;37.58;37.98;1787961;68689712.000
09/18/2007;38.28;39.70;37.78;39.37;2516448;97530160.000
09/19/2007;39.60;41.25;39.55;39.85;2568578;103788896.000
09/20/2007;39.87;40.78;39.05;39.49;2066365;82345048.000
09/21/2007;39.49;39.50;37.80;38.19;2137065;82436704.000
09/24/2007;38.21;38.21;36.80;37.89;2959311;111013800.000
09/25/2007;37.95;38.25;37.40;37.88;1484679;56335116.000
09/26/2007;37.80;38.37;37.70;37.80;987196;37681168.000
09/27/2007;37.80;38.00;37.58;37.62;1073454;40711876.000
09/28/2007;37.82;41.08;37.82;40.22;4039356;162549024.000
10/08/2007;41.07;44.26;41.07;44.26;8906744;389614240.000
10/09/2007;45.50;46.78;42.80;46.36;6112341;277260288.000
10/10/2007;46.75;48.18;45.60;46.08;4345691;204142176.000
10/11/2007;46.79;46.79;44.45;45.26;2875824;131517808.000
10/12/2007;45.16;45.16;41.40;44.35;4437190;193553328.000
10/15/2007;44.35;46.58;42.80;45.30;3735945;168175200.000
10/16/2007;44.80;45.85;43.80;44.90;1707772;76766048.000
10/17/2007;44.52;44.80;43.60;44.40;1808878;80148912.000
10/18/2007;44.40;44.42;41.77;41.80;2086411;89805176.000
10/19/2007;41.91;43.28;41.01;42.55;1820358;76994080.000
10/22/2007;42.00;46.81;41.83;45.78;4291310;194897120.000
10/23/2007;45.25;45.25;41.18;41.18;4998154;211077632.000
10/24/2007;39.01;40.72;37.08;38.75;3843894;150644816.000
10/25/2007;38.80;38.80;34.90;34.92;3522207;129220944.000
10/26/2007;34.92;37.10;34.46;36.75;1775639;64420452.000
10/29/2007;36.75;38.59;35.80;36.99;1761874;65744312.000
10/30/2007;36.80;36.98;34.95;36.55;1142553;41490036.000
10/31/2007;36.98;38.29;36.55;37.35;1570971;59001688.000
11/01/2007;37.79;37.79;35.64;35.79;1936698;70220704.000
11/02/2007;35.50;35.50;33.80;34.55;2133821;74120056.000
11/05/2007;34.21;36.18;33.80;35.22;1732153;61419072.000
11/06/2007;35.10;36.72;35.10;36.20;1392297;50641820.000
11/07/2007;36.78;36.78;34.82;36.00;632511;22623080.000
11/08/2007;35.78;35.80;34.62;34.70;787046;27673208.000
11/09/2007;34.29;35.20;33.83;35.10;915085;31875728.000
11/12/2007;35.10;35.10;31.57;32.47;1377597;45701564.000
11/13/2007;32.70;33.60;31.00;31.46;930485;30272918.000
11/14/2007;31.80;32.47;30.88;32.23;1681779;53386016.000
11/15/2007;32.30;32.70;31.53;31.77;967687;31354752.000
11/16/2007;31.13;32.19;30.80;31.90;1219326;38223136.000
11/19/2007;31.87;33.00;31.51;32.66;1211109;39602192.000
11/20/2007;32.80;35.69;32.23;35.28;2266802;78784056.000
11/21/2007;35.30;36.75;35.30;35.78;2432552;88425336.000
11/22/2007;35.50;35.50;32.81;32.90;1312880;45180916.000
11/23/2007;32.77;34.90;32.30;34.68;1001013;33971208.000
11/26/2007;35.39;36.28;34.81;34.95;1571138;56521784.000
11/27/2007;34.30;35.28;34.20;34.25;751601;26209110.000
11/28/2007;35.00;35.00;32.80;32.88;557692;19009420.000
11/29/2007;32.85;34.01;32.81;33.72;538374;18083892.000
11/30/2007;34.28;34.28;33.00;33.30;441821;14891974.000
12/03/2007;32.86;33.90;32.80;33.00;513010;17181366.000
12/04/2007;33.10;33.36;32.38;32.40;1156564;37968136.000
12/05/2007;32.40;32.80;31.25;32.80;2430172;78067344.000
12/06/2007;33.01;33.30;32.07;32.10;1350488;44037548.000
12/07/2007;32.97;33.09;31.81;33.06;1313496;42990448.000
12/10/2007;32.20;35.75;32.01;34.72;2671282;91721312.000
12/11/2007;35.21;35.38;34.20;34.63;2676814;93358472.000
12/12/2007;34.77;36.65;34.66;36.00;5105813;184139744.000
12/13/2007;36.11;36.80;34.30;34.30;4237830;152484592.000
12/14/2007;33.60;34.30;32.81;34.30;1826144;61664536.000
12/17/2007;34.37;37.75;34.37;37.75;7817127;289556416.000
12/18/2007;37.80;38.87;35.98;36.64;5918792;222917408.000
12/19/2007;36.63;37.60;36.40;36.92;2700708;100440688.000
12/20/2007;37.78;40.28;37.76;38.75;8965215;354034176.000
12/21/2007;39.50;41.19;38.90;40.68;10466900;426693696.000
12/24/2007;40.85;43.20;40.80;41.75;9699939;410980096.000
12/25/2007;41.60;42.23;40.38;42.10;4917260;204927824.000
12/26/2007;42.39;43.37;42.35;42.90;4375163;187991520.000
12/27/2007;43.19;46.30;43.19;44.50;6489396;291694176.000
12/28/2007;44.80;45.30;43.35;43.56;4458633;197530720.000
01/02/2008;42.80;44.67;41.16;43.87;6114641;265576240.000
01/03/2008;43.68;44.19;42.60;42.99;4140905;180121664.000
01/04/2008;43.06;43.78;41.90;42.88;4676595;200186000.000
01/07/2008;43.00;43.10;41.81;42.57;5058745;215962672.000
01/08/2008;42.57;42.57;40.60;40.79;6693816;278290656.000
01/09/2008;40.31;44.89;40.01;44.89;9984311;437290944.000
01/10/2008;45.80;47.80;45.80;46.18;10944015;512843872.000
01/11/2008;46.47;47.50;45.15;46.24;7220731;335741920.000
01/14/2008;46.30;47.30;45.78;46.84;5427195;254200112.000
01/15/2008;46.85;47.16;45.62;45.84;4477825;207657152.000
01/16/2008;45.50;45.50;43.14;43.95;4982978;221605232.000
01/17/2008;43.39;47.01;43.39;46.30;7477881;342351744.000
01/18/2008;46.45;47.44;44.80;45.50;3730947;172085760.000
01/21/2008;45.60;46.48;41.16;41.79;4140761;181720864.000
01/22/2008;40.35;40.35;37.59;37.59;4756113;182571280.000
01/23/2008;36.55;39.30;36.55;39.15;4987727;192055824.000
01/24/2008;39.78;39.99;38.20;38.85;4673846;183319056.000
01/25/2008;38.80;39.79;37.00;38.60;4196499;162489984.000
01/28/2008;38.40;38.40;34.72;34.72;4038693;145242880.000
01/29/2008;34.48;35.65;32.00;33.63;3322887;113067184.000
01/30/2008;34.21;35.30;33.80;34.92;3296967;115089248.000
01/31/2008;35.28;35.30;33.35;33.35;2029615;69507664.000
02/01/2008;33.31;33.68;30.27;30.70;3402599;107206048.000
02/04/2008;32.10;33.79;31.65;33.79;2630958;87153184.000
02/05/2008;34.68;36.64;33.80;36.09;3976743;143142944.000
02/13/2008;36.10;37.09;34.97;36.00;2257009;81704416.000
02/14/2008;36.25;36.97;35.94;36.42;1953355;71749000.000
02/15/2008;36.10;37.28;35.18;37.22;2370668;85914936.000
02/18/2008;37.79;39.75;37.79;38.73;4538988;178271280.000
02/19/2008;38.80;38.98;35.80;37.10;8501021;316576768.000
02/20/2008;37.10;37.38;35.90;36.31;4323216;158727120.000
02/21/2008;35.85;37.05;35.80;36.26;3099129;113968672.000
02/22/2008;36.00;36.00;33.60;33.91;5033917;173948032.000
02/25/2008;33.91;34.75;31.10;31.18;4850622;156653728.000
02/26/2008;32.30;33.30;31.19;32.79;3463087;112283480.000
02/27/2008;32.95;33.65;32.32;33.28;2161451;72422872.000
02/28/2008;33.58;33.70;32.60;33.00;1517198;50437424.000
02/29/2008;33.09;33.25;32.77;33.22;1816553;60302176.000
03/03/2008;33.25;34.30;32.20;34.00;3120717;105273288.000
03/04/2008;33.94;35.48;33.60;34.33;3131680;109238408.000
03/05/2008;34.18;34.58;32.81;33.41;1986828;66897576.000
03/06/2008;33.41;34.18;32.61;33.05;2417138;80789864.000
03/07/2008;33.07;33.07;31.80;32.24;2091376;67933720.000
03/10/2008;31.90;32.00;30.80;31.01;2132290;66889176.000
03/11/2008;30.80;31.80;30.25;31.79;1518426;47706956.000
03/12/2008;32.51;32.85;30.80;30.85;1349758;42816292.000
03/13/2008;30.50;30.61;28.00;28.59;2476440;73193184.000
03/14/2008;28.70;29.20;27.95;28.33;1342833;38417776.000
03/17/2008;28.29;28.33;25.48;25.48;2194008;58432728.000
03/18/2008;25.30;25.38;22.91;22.91;2229460;53359212.000
03/19/2008;22.92;24.30;22.31;23.81;2786457;66040172.000
03/20/2008;23.48;24.81;21.41;24.24;3612131;84071344.000
03/21/2008;23.85;25.78;23.85;25.10;3377428;85461280.000
03/24/2008;24.78;24.78;22.57;22.57;5914321;139087088.000
03/25/2008;21.30;21.77;20.40;20.98;4247035;90180440.000
03/26/2008;21.25;21.79;20.77;21.07;2544008;54862080.000
03/27/2008;20.82;20.88;19.10;19.18;3254214;65148120.000
03/28/2008;19.10;20.46;17.70;20.15;4414428;83864648.000
03/31/2008;19.30;20.12;18.62;19.18;2639323;51875296.000
04/01/2008;19.09;19.50;17.25;17.40;2375108;43276644.000
04/02/2008;17.45;18.00;16.40;16.78;2440726;42602840.000
04/08/2008;18.48;18.48;18.48;18.48;333823;6235813.500
04/09/2008;20.35;20.35;19.90;20.35;7197201;147438528.000
04/10/2008;20.28;21.70;18.98;21.24;9235938;190081424.000
04/11/2008;21.27;21.79;20.48;21.06;5914584;126577712.000
04/14/2008;20.30;20.60;18.93;18.93;3910042;77475792.000
04/15/2008;18.55;20.02;17.99;20.02;3474904;66884704.000
04/16/2008;20.22;20.48;19.30;19.39;2267102;45464808.000
04/17/2008;19.39;19.95;18.70;19.00;1951141;37932040.000
04/18/2008;17.80;18.28;17.08;17.08;3256260;57420932.000
04/21/2008;18.31;18.46;16.50;16.75;3186191;56285440.000
04/22/2008;16.50;16.50;15.06;15.80;3224619;50537704.000
04/23/2008;15.75;17.30;15.31;17.15;3175320;52766988.000
04/24/2008;18.87;18.89;18.10;18.89;6011093;113878104.000
04/25/2008;19.00;20.03;18.50;19.00;5439010;106189216.000
04/28/2008;18.68;19.05;18.20;18.22;3096183;58126744.000
04/29/2008;18.00;18.55;17.86;18.12;2264041;41769232.000
04/30/2008;18.16;19.48;18.16;19.37;4759543;91129432.000
05/05/2008;19.80;21.33;19.62;21.33;6995041;146215024.000
05/06/2008;21.76;22.78;21.00;22.00;9096448;203551008.000
05/07/2008;21.55;22.30;19.88;19.94;6208656;132636256.000
05/08/2008;19.60;21.95;19.40;21.95;6665046;139059856.000
05/12/2008;21.40;23.64;20.26;23.23;8617965;198823152.000
05/13/2008;22.48;25.57;22.24;25.57;13243061;332190336.000
05/14/2008;26.15;27.28;24.30;25.40;13081859;336826560.000
05/15/2008;25.30;25.30;24.31;24.31;5625529;139799232.000
05/16/2008;23.71;24.80;23.09;23.60;4192140;101115352.000
05/19/2008;23.59;25.00;23.50;24.80;4198025;104210400.000
05/20/2008;25.15;25.15;22.30;22.30;5450616;128386736.000
05/21/2008;21.68;23.80;20.20;23.39;5333497;116933968.000
05/22/2008;22.70;23.30;21.80;22.16;3236817;73747680.000
05/23/2008;21.91;22.58;21.00;21.21;2406767;52595308.000
05/26/2008;20.82;21.80;20.25;20.70;2481119;52598796.000
05/27/2008;20.70;21.55;20.60;21.10;1723215;36563556.000
05/28/2008;21.50;21.85;21.00;21.50;2070513;44481324.000
05/29/2008;21.50;22.00;20.71;20.71;1955918;42055568.000
05/30/2008;20.68;21.27;19.80;20.07;2615754;53170768.000
06/02/2008;19.90;20.88;19.81;20.16;1601791;32636958.000
06/03/2008;20.25;20.48;19.70;19.77;1749974;34932228.000
06/04/2008;19.48;19.90;19.20;19.31;1335648;26185680.000
06/05/2008;19.21;19.56;19.15;19.21;1071176;20809886.000
06/06/2008;19.30;19.69;19.20;19.38;1161725;22570330.000
06/10/2008;18.28;18.28;17.43;17.43;1447189;25782884.000
06/11/2008;16.18;16.90;15.91;16.11;2022593;33420800.000
06/12/2008;16.10;17.40;16.10;16.82;2793204;46932092.000
06/13/2008;16.91;17.10;15.71;15.78;1959479;32165180.000
06/16/2008;15.73;16.20;15.10;15.29;1505843;23411722.000
06/17/2008;15.29;15.55;13.75;13.76;2078996;30465080.000
06/18/2008;13.60;14.90;12.70;14.85;2953080;42041792.000
06/19/2008;14.90;14.90;13.36;13.36;2286600;32207100.000
06/20/2008;13.25;14.19;12.55;13.51;2540716;34722840.000
06/23/2008;13.28;13.75;12.90;13.03;1356745;18151178.000
06/24/2008;13.00;13.60;12.91;13.48;1665954;22470806.000
06/25/2008;13.40;14.84;13.40;14.84;4757013;69711864.000
06/26/2008;15.01;16.27;15.01;15.80;6446604;100558928.000
06/27/2008;15.09;15.40;14.21;14.38;3944101;58491236.000
06/30/2008;13.91;14.66;13.73;14.43;2145030;30767886.000
07/01/2008;14.43;14.68;13.74;13.90;1651627;23367672.000
07/02/2008;13.77;14.58;13.75;14.25;1685344;24140854.000
07/03/2008;13.90;15.40;13.75;15.09;3452280;51487504.000
07/04/2008;15.10;15.40;14.40;14.45;2675801;40040368.000
07/07/2008;14.60;15.39;14.38;15.36;3787858;57644836.000
07/08/2008;15.26;16.10;15.20;15.63;3703028;58229168.000
07/09/2008;15.66;17.08;15.65;16.97;5189664;84953736.000
07/10/2008;16.70;17.08;16.38;16.40;4960722;83238856.000
07/11/2008;16.08;16.08;15.28;15.55;4495262;70331256.000
07/14/2008;14.95;15.78;14.94;15.75;2758678;43036420.000
07/15/2008;15.81;16.30;15.21;15.24;3343938;52866520.000
07/16/2008;15.21;15.21;13.71;14.04;2891020;41605264.000
07/17/2008;14.33;15.30;14.05;14.20;2988313;44019180.000
07/18/2008;14.57;15.04;13.89;14.80;1881754;27305360.000
07/21/2008;14.79;15.38;14.63;15.35;2236715;34010516.000
07/22/2008;15.30;15.70;15.27;15.40;2275009;35499900.000
07/23/2008;15.60;15.85;15.25;15.28;1981187;30882048.000
07/24/2008;15.45;15.79;15.24;15.55;2125160;33136006.000
07/25/2008;15.49;15.49;14.92;15.08;1903310;29042314.000
07/28/2008;15.20;15.50;15.08;15.36;1578036;24302662.000
07/29/2008;15.01;15.29;14.91;14.98;1361212;20647036.000
07/30/2008;15.09;15.43;14.58;14.78;1455440;22038096.000
08/01/2008;13.90;14.45;13.65;14.18;2218915;31337890.000
08/04/2008;14.15;14.15;13.41;13.42;1118232;15501805.000
08/05/2008;13.20;13.47;12.87;12.96;1405900;18465452.000
08/06/2008;13.02;13.28;12.90;13.04;998770;13121132.000
08/07/2008;13.10;13.33;12.91;13.12;704341;9302012.000
08/08/2008;13.15;13.25;11.90;11.90;1361100;17075754.000
08/11/2008;11.81;11.87;10.70;10.70;1382756;15319546.000
08/12/2008;10.57;10.59;10.05;10.18;1537021;15976950.000
08/13/2008;10.19;10.60;9.91;10.38;1499871;15420417.000
08/14/2008;10.35;10.53;10.10;10.23;854562;8911024.000
08/15/2008;10.36;10.39;9.97;10.17;797448;8230475.500
08/18/2008;10.19;10.26;9.14;9.14;1211216;11723851.000
08/19/2008;8.90;9.27;8.71;9.12;1049892;9608673.000
08/20/2008;9.09;10.04;8.81;10.04;2266968;22214668.000
08/21/2008;9.90;10.25;9.49;9.56;2104681;21002472.000
08/22/2008;9.57;9.58;8.90;9.16;1120217;10393929.000
08/25/2008;9.20;9.36;8.90;9.10;765138;7099397.000
08/26/2008;8.98;8.98;8.20;8.44;1167809;10168412.000
08/27/2008;8.40;8.62;8.12;8.38;842143;7149817.000
08/28/2008;8.43;8.56;8.31;8.39;1002731;8583489.000
08/29/2008;8.45;8.87;8.40;8.83;1491950;13102509.000
09/01/2008;8.68;8.74;8.41;8.44;1000122;8658964.000
09/02/2008;8.40;8.72;8.29;8.57;866164;7505624.500
09/03/2008;8.50;9.10;8.50;8.94;1740461;15510829.000
09/04/2008;8.90;9.02;8.65;8.82;1194165;10643420.000
09/05/2008;8.65;8.65;8.24;8.27;1019089;8694198.000
09/08/2008;8.13;8.37;7.74;7.76;1009198;8190440.500
09/09/2008;7.79;7.96;7.77;7.87;641407;5102330.000
09/10/2008;7.82;8.22;7.71;8.01;844219;6827203.500
09/11/2008;8.07;8.33;7.85;7.87;1160317;9527137.000
09/12/2008;7.84;8.10;7.84;7.98;673305;5430368.000
09/16/2008;8.07;8.18;7.90;7.99;943295;7661180.500
09/17/2008;7.98;8.17;7.96;8.00;741666;6029718.500
09/18/2008;7.91;7.91;7.19;7.50;1655925;12393159.000
09/19/2008;8.25;8.26;8.05;8.26;1676092;13964151.000
09/22/2008;8.82;9.10;8.30;8.72;4318158;38435072.000
09/23/2008;8.48;8.48;8.00;8.01;1776371;14673996.000
09/24/2008;7.95;8.10;7.78;8.10;1004296;8052923.500
09/25/2008;7.90;8.40;7.90;8.29;2195691;18342506.000
09/26/2008;8.30;8.46;8.02;8.35;2042119;17088296.000
10/06/2008;7.92;8.09;7.90;7.90;1234477;9974834.000
10/07/2008;7.74;8.13;7.51;8.00;1226017;9722381.000
10/08/2008;7.85;7.93;7.70;7.73;876815;6916152.500
10/09/2008;7.90;7.99;7.73;7.79;807170;6418589.000
10/10/2008;7.70;7.70;7.00;7.01;1331275;9726491.000
10/13/2008;6.41;7.15;6.41;7.15;1205356;8235675.000
10/14/2008;7.38;7.48;6.70;6.75;1391668;10029858.000
10/15/2008;6.75;7.10;6.69;6.78;1146052;8028500.000
10/16/2008;6.41;6.62;6.13;6.18;1305759;8439843.000
10/17/2008;6.29;6.39;6.20;6.25;927799;5926492.000
10/20/2008;6.48;6.60;6.28;6.47;898711;5859514.000
10/21/2008;6.51;6.65;6.40;6.42;1219706;8069275.000
10/22/2008;6.34;6.46;6.16;6.17;1153105;7350427.500
10/23/2008;6.10;6.10;5.96;6.09;912831;5599690.000
10/24/2008;6.09;6.25;6.01;6.04;978542;6080425.500
10/27/2008;5.89;5.92;5.43;5.43;1469127;8439613.000
10/28/2008;5.20;5.54;5.13;5.50;1768019;9693087.000
10/29/2008;5.53;5.63;5.06;5.08;1425045;7682248.000
10/30/2008;5.15;5.19;5.00;5.17;1790031;9305015.000
10/31/2008;5.16;5.17;4.92;5.07;1335820;6863087.000
11/03/2008;5.02;5.02;4.78;4.94;2036613;10145618.000
11/04/2008;4.92;4.92;4.68;4.70;1235080;5990527.500
11/05/2008;4.70;4.95;4.70;4.86;1567312;7774495.000
11/06/2008;4.73;5.05;4.69;5.03;1449393;7130991.500
11/07/2008;4.90;5.15;4.86;5.06;1846832;9479516.000
11/10/2008;5.18;5.58;5.10;5.56;2812756;15444910.000
11/11/2008;5.54;5.69;5.36;5.47;2745737;15482411.000
11/12/2008;5.40;5.61;5.34;5.59;1902025;10643159.000
11/13/2008;5.50;6.16;5.46;6.04;4212075;25206356.000
11/14/2008;6.15;6.65;6.04;6.65;6354185;40781132.000
11/17/2008;6.70;7.05;6.60;7.00;5812837;40717352.000
11/18/2008;7.00;7.29;6.29;6.29;6265735;42759372.000
11/19/2008;6.09;6.85;6.09;6.83;5015725;33394854.000
11/20/2008;6.61;7.30;6.60;6.99;5956623;42088724.000
11/21/2008;6.71;7.10;6.40;6.80;4458042;30574752.000
11/24/2008;6.90;7.25;6.80;6.80;4562486;32481846.000
11/25/2008;6.83;7.06;6.31;6.50;3275930;21941724.000
11/26/2008;6.50;6.58;6.22;6.37;1929234;12531759.000
11/27/2008;7.00;7.00;6.40;6.40;3181630;21594892.000
11/28/2008;6.35;6.50;6.26;6.36;1787261;11549683.000
12/01/2008;6.37;6.83;6.30;6.80;3681667;24826538.000
12/02/2008;6.60;7.49;6.51;7.49;8373382;60564772.000
12/03/2008;7.60;8.20;7.60;7.95;10481285;83606464.000
12/04/2008;7.95;8.29;7.60;7.76;8735629;70664864.000
12/05/2008;7.64;8.15;7.64;8.08;4911968;39677632.000
12/08/2008;8.25;8.48;8.10;8.36;5730034;48160120.000
12/09/2008;8.42;8.42;8.03;8.07;5737753;47255484.000
12/10/2008;8.00;8.34;7.81;8.25;3969139;32525844.000
12/11/2008;8.18;8.33;7.80;7.83;4657530;37741352.000
12/12/2008;7.70;7.76;7.18;7.27;4040330;30424182.000
12/15/2008;7.50;7.54;7.21;7.42;2464735;18418090.000
12/16/2008;7.37;7.75;7.05;7.69;3344882;25213598.000
12/17/2008;7.70;8.08;7.62;7.80;4673038;37353224.000
12/18/2008;7.81;8.00;7.66;7.91;2880489;22926466.000
12/19/2008;7.91;8.25;7.91;8.08;4433617;36550544.000
12/22/2008;8.10;8.45;8.01;8.34;6190888;51730776.000
12/23/2008;8.36;8.37;7.52;7.53;5056247;40384160.000
12/24/2008;7.38;7.65;7.21;7.36;3025324;22892858.000
12/25/2008;7.50;7.70;7.40;7.61;2774133;21242196.000
12/26/2008;7.67;8.00;7.60;7.76;3476880;27550308.000
12/29/2008;7.71;7.79;7.22;7.62;2055818;15711910.000
12/30/2008;7.63;8.21;7.59;8.15;6155988;49608352.000
12/31/2008;8.10;8.98;8.02;8.77;15404405;135848720.000
01/05/2009;8.92;9.48;8.65;9.39;12701869;117214872.000
01/06/2009;9.32;9.75;8.92;9.46;10939542;102467992.000
01/07/2009;9.31;9.78;9.19;9.44;7717913;74012712.000
01/08/2009;9.20;9.33;8.78;8.82;7623254;69494048.000
01/09/2009;8.80;9.53;8.80;9.35;7328448;68334008.000
01/12/2009;9.37;10.20;9.27;9.77;10475324;104157104.000
01/13/2009;9.63;10.10;9.43;9.64;8106768;80061576.000
01/14/2009;9.46;9.98;9.30;9.96;7277029;71327936.000
01/15/2009;9.90;10.18;9.70;9.90;6100439;61531556.000
01/16/2009;9.92;10.45;9.70;9.80;6595759;67325896.000
01/19/2009;9.67;9.89;9.22;9.30;7494307;71196768.000
01/20/2009;9.23;9.50;9.05;9.47;3381016;31926186.000
01/21/2009;9.38;9.62;9.23;9.38;2714023;25887154.000
01/22/2009;9.49;10.00;9.40;9.94;6405277;63746368.000
01/23/2009;10.04;10.04;9.60;9.62;2854783;28033756.000
02/02/2009;9.79;9.84;9.41;9.66;2526425;24525812.000
02/03/2009;9.66;10.26;9.48;10.24;5788997;58191448.000
02/04/2009;10.25;10.30;9.90;10.24;7199382;73390296.000
02/05/2009;10.15;10.15;9.77;9.81;5310414;53565084.000
02/06/2009;9.80;10.32;9.75;10.19;6469990;65900652.000
02/09/2009;10.30;10.90;10.17;10.90;9238953;99399816.000
02/10/2009;10.97;11.32;10.66;11.05;7614586;84558152.000
02/11/2009;10.80;11.20;10.60;10.77;7991181;87898608.000
02/12/2009;10.75;11.09;10.20;10.72;6022813;64917328.000
02/13/2009;10.75;11.25;10.60;11.24;7817197;86624920.000
02/16/2009;11.47;11.48;10.95;11.20;7222611;81315168.000
02/17/2009;11.25;11.25;10.70;10.72;5465598;60203164.000
02/18/2009;10.54;10.69;10.01;10.05;4459065;46937348.000
02/19/2009;10.30;10.38;10.04;10.28;3323245;34304704.000
02/20/2009;10.32;10.77;10.20;10.70;3656414;38885936.000
02/23/2009;10.70;11.39;10.51;11.28;6209571;68822664.000
02/24/2009;11.09;11.24;10.41;10.51;5952230;64954280.000
02/25/2009;10.70;10.75;10.16;10.41;3382046;35607528.000
02/26/2009;10.38;10.65;9.36;9.36;3841116;38796976.000
02/27/2009;9.38;9.48;8.41;8.41;4856180;42655836.000
03/02/2009;8.35;8.67;8.19;8.60;2523156;21751224.000
03/03/2009;8.40;9.11;8.28;8.90;4412318;39642180.000
03/04/2009;8.91;9.45;8.91;9.40;4126985;38569092.000
03/05/2009;9.59;9.60;8.90;9.24;5859085;54903304.000
03/06/2009;9.10;9.15;8.92;9.01;2790443;25482960.000
03/09/2009;9.10;9.16;8.62;8.66;2759164;24969220.000
03/10/2009;8.53;8.90;8.46;8.89;1872854;16500310.000
03/11/2009;8.98;9.20;8.80;8.95;3665404;33178364.000
03/12/2009;8.92;8.95;8.51;8.80;1769379;15629437.000
03/13/2009;8.88;9.03;8.77;8.80;2148499;19326188.000
03/16/2009;8.80;8.90;8.66;8.85;1496158;13278641.000
03/17/2009;8.88;9.23;8.88;9.18;4537446;41624152.000
03/18/2009;9.28;9.62;9.22;9.38;5391560;51636348.000
03/19/2009;9.42;9.70;9.28;9.69;5116406;49015816.000
03/20/2009;9.60;9.76;9.35;9.58;4859427;46959312.000
03/23/2009;9.57;10.22;9.50;10.08;6536066;64682660.000
03/24/2009;10.08;10.28;9.78;10.11;7901795;80017320.000
03/25/2009;10.00;10.06;9.57;9.57;4607633;45779748.000
03/26/2009;9.52;9.80;9.31;9.75;3449883;33443310.000
03/27/2009;9.98;10.18;9.78;10.04;6232899;62958084.000
03/30/2009;10.10;10.39;9.98;10.14;5470467;56383668.000
03/31/2009;9.94;10.68;9.81;10.67;9190849;96153376.000
04/01/2009;10.48;10.94;10.48;10.64;7946318;85615336.000
04/02/2009;10.65;10.89;10.43;10.86;7680917;83106200.000
04/03/2009;10.90;10.98;10.51;10.52;5390113;58156280.000
04/07/2009;10.56;10.99;10.55;10.75;4764080;51758000.000
04/08/2009;10.59;10.59;9.70;9.77;7571859;77430288.000
04/09/2009;9.77;9.88;9.50;9.73;4420426;43148140.000
04/13/2009;9.99;10.39;9.90;10.19;6622970;67638640.000
04/14/2009;10.20;10.50;10.00;10.42;6616042;68388264.000
04/15/2009;10.42;10.59;10.22;10.41;6075414;63778312.000
04/16/2009;10.40;11.18;10.40;10.96;10829453;118295032.000
04/17/2009;10.93;11.33;10.50;10.97;10794843;119038824.000
04/20/2009;11.00;11.47;10.96;11.29;8595631;97370896.000
04/21/2009;11.05;11.80;11.01;11.61;14932881;173335840.000
04/22/2009;11.56;11.64;10.70;11.12;12029161;135192064.000
04/23/2009;10.98;11.89;10.93;11.89;17628379;203991488.000
04/24/2009;12.10;12.49;11.69;12.05;21000972;255424352.000
04/27/2009;11.90;12.10;11.36;11.90;13164501;154868352.000
04/28/2009;11.79;12.58;11.60;12.51;18721548;227744128.000
04/29/2009;12.35;12.35;11.63;11.78;11256956;134773248.000
04/30/2009;11.77;11.86;11.35;11.45;8566534;99575832.000
05/04/2009;11.43;11.66;11.37;11.54;7046155;81898168.000
05/05/2009;11.57;11.63;11.36;11.58;6314739;73170968.000
05/06/2009;11.48;11.87;11.47;11.68;6868640;81095632.000
05/07/2009;11.64;11.64;11.21;11.30;7308507;83913192.000
05/11/2009;11.19;11.59;11.19;11.20;5354225;61450676.000
05/12/2009;11.20;11.37;11.01;11.31;4044223;45637872.000
05/13/2009;11.30;11.82;11.26;11.60;5875481;68824912.000
05/14/2009;11.59;11.75;11.41;11.63;3851224;45084036.000
05/15/2009;11.63;11.92;11.45;11.46;5078864;59318952.000
05/18/2009;11.38;11.38;10.77;11.07;5646678;62063168.000
05/19/2009;11.10;11.18;10.88;11.14;4541093;49998148.000
05/20/2009;11.18;11.18;10.80;10.84;3681555;40285436.000
05/21/2009;10.85;10.99;10.61;10.70;3310622;35663896.000
05/22/2009;10.64;10.89;10.57;10.81;2249722;24216828.000
05/25/2009;10.60;10.96;10.55;10.96;2390381;25719708.000
05/26/2009;10.96;11.11;10.85;10.87;2757688;30282288.000
05/27/2009;10.85;10.95;10.68;10.77;1587271;17129812.000
06/01/2009;10.79;10.97;10.78;10.88;2314871;25156802.000
06/02/2009;10.86;11.12;10.86;10.97;3147993;34616296.000
06/03/2009;10.98;11.09;10.91;11.02;2857298;31428548.000
06/04/2009;10.99;11.01;10.72;10.79;3020093;32665436.000
06/05/2009;10.80;11.09;10.75;10.94;3639737;39826892.000
06/08/2009;11.00;11.15;10.89;11.07;3685319;40744632.000
06/09/2009;11.05;11.22;10.80;10.99;2614088;28728364.000
06/10/2009;10.97;11.15;10.88;11.15;3581987;39434576.000
06/11/2009;11.15;11.59;11.10;11.50;8124403;92569264.000
06/12/2009;11.58;11.69;10.92;11.08;6147232;69908136.000
06/15/2009;11.06;11.09;10.61;10.96;3912843;42308308.000
06/16/2009;10.88;10.98;10.68;10.74;2965455;31964324.000
06/17/2009;10.76;10.89;10.64;10.80;2652165;28538492.000
06/18/2009;10.81;10.91;10.74;10.85;3319762;35909480.000
06/19/2009;10.88;11.45;10.88;11.18;6387189;71625936.000
06/22/2009;11.18;11.25;10.82;10.84;3703984;40638192.000
06/23/2009;10.80;10.83;10.67;10.71;2559271;27505916.000
06/24/2009;10.70;10.96;10.65;10.85;2081833;22566520.000
06/25/2009;10.85;11.04;10.77;10.79;2266439;24691092.000
06/26/2009;10.80;10.95;10.74;10.87;1906917;20633766.000
06/29/2009;10.88;10.90;10.71;10.77;2754650;29638372.000
06/30/2009;10.73;10.84;10.58;10.62;2398397;25692228.000
07/01/2009;10.62;10.68;10.47;10.58;3110763;32796256.000
07/02/2009;10.60;10.70;10.50;10.64;2904473;30822684.000
07/03/2009;10.61;10.79;10.51;10.75;3079287;32858558.000
07/06/2009;10.80;10.80;10.60;10.77;3088292;32952782.000
07/07/2009;10.75;10.99;10.70;10.89;4529189;49309808.000
07/08/2009;10.84;10.98;10.71;10.92;3166673;34351224.000
07/09/2009;10.96;11.11;10.92;11.11;5081680;56130624.000
07/10/2009;11.19;11.25;11.08;11.08;4651075;51809216.000
07/13/2009;11.09;11.40;11.04;11.27;5349072;60038820.000
07/14/2009;11.30;11.87;11.18;11.67;8326798;96410760.000
07/15/2009;11.64;12.14;11.60;12.05;10384576;123599512.000
07/16/2009;12.04;12.29;11.62;11.72;6116921;72723560.000
07/17/2009;11.80;11.84;11.51;11.65;5650723;65785896.000
07/20/2009;11.63;12.06;11.63;12.00;7164016;85141688.000
07/21/2009;12.06;12.10;11.58;11.61;5567105;65699364.000
07/22/2009;11.56;12.17;11.55;12.00;7533313;89965336.000
07/23/2009;12.13;12.77;12.01;12.64;13198065;164572864.000
07/24/2009;12.60;12.66;12.14;12.38;7701456;95425872.000
07/27/2009;12.30;13.62;12.30;13.62;12263886;160475056.000
07/28/2009;13.70;14.69;13.68;13.93;14739797;207503936.000
07/29/2009;13.93;14.20;12.54;12.91;10549106;141605296.000
07/30/2009;13.05;13.30;12.32;12.97;7700376;98922384.000
07/31/2009;12.97;14.22;12.85;14.10;10402983;140757200.000
08/03/2009;14.10;15.20;13.87;14.74;10880473;159600640.000
08/04/2009;14.70;15.45;14.45;15.20;10968097;164676944.000
08/05/2009;15.17;15.17;14.50;14.83;7341688;108882472.000
08/06/2009;14.70;15.51;14.15;15.20;8574599;127514840.000
08/07/2009;15.20;15.45;13.70;13.95;8250280;121603456.000
08/10/2009;14.20;14.28;13.18;13.55;8351809;114372496.000
08/11/2009;13.46;13.99;13.46;13.68;3980150;54557692.000
08/12/2009;13.68;13.68;12.55;12.73;5010405;64834108.000
08/13/2009;12.72;12.99;12.35;12.88;3838870;48898704.000
08/14/2009;12.88;12.90;12.00;12.00;4527744;56161188.000
08/17/2009;11.90;12.17;11.11;11.15;4641117;54309364.000
08/18/2009;11.15;11.84;11.05;11.71;3761319;43175640.000
08/19/2009;11.68;11.92;10.91;11.10;4299446;49464160.000
08/20/2009;11.12;11.77;11.12;11.73;3472477;39872380.000
08/21/2009;11.66;12.25;11.49;12.20;5313420;63544160.000
08/24/2009;12.20;12.60;11.96;12.50;4824243;59405808.000
08/25/2009;12.35;12.35;11.40;11.87;5726583;67734072.000
08/26/2009;11.87;12.42;11.61;12.20;3814793;46460924.000
08/27/2009;12.03;12.90;12.03;12.70;7873929;99550656.000
08/28/2009;12.60;12.68;12.00;12.14;3979783;48654364.000
08/31/2009;11.95;11.95;10.93;10.93;4844350;54402632.000
09/01/2009;10.93;11.30;10.51;10.91;3125825;34317124.000
09/02/2009;10.80;11.00;10.62;10.80;1760175;18968670.000
09/03/2009;10.80;11.35;10.75;11.27;2950875;32845242.000
09/04/2009;11.20;11.58;11.20;11.37;3276371;37313028.000
09/07/2009;11.45;11.91;11.34;11.49;4758220;55492964.000
09/08/2009;11.50;11.68;11.27;11.58;2923257;33626616.000
09/09/2009;11.57;11.96;11.42;11.91;4178261;48829288.000
09/10/2009;11.95;11.98;11.59;11.63;3054851;35855856.000
09/11/2009;11.45;11.94;11.43;11.80;2895303;33984740.000
09/14/2009;11.74;12.37;11.70;12.26;5229883;63126760.000
09/15/2009;12.20;12.46;12.06;12.24;3856334;47229004.000
09/16/2009;12.25;12.99;12.16;12.86;8739480;110129672.000
09/17/2009;13.16;14.15;13.16;13.86;12817673;177829376.000
09/18/2009;13.62;13.79;13.04;13.10;8827940;118197192.000
09/21/2009;13.00;13.46;12.80;12.98;8885927;116807456.000
09/25/2009;11.99;12.48;11.99;12.18;3807040;46671056.000
09/28/2009;12.20;12.95;12.20;12.36;4079568;51573700.000
09/29/2009;12.40;13.06;12.27;12.78;4623561;58601320.000
09/30/2009;13.00;13.09;12.55;12.80;3080147;39308060.000
10/09/2009;13.16;13.26;12.83;13.25;5680513;74415832.000
10/12/2009;13.24;14.50;12.92;14.10;18314103;254753120.000
10/13/2009;13.70;14.00;13.61;13.93;6662327;92137016.000
10/14/2009;13.91;14.38;13.57;13.60;7457596;104018432.000
10/15/2009;13.62;13.86;13.20;13.51;8291292;111276008.000
10/16/2009;13.48;14.44;13.41;14.20;12140800;168655728.000
10/19/2009;14.04;14.47;13.93;14.17;9831531;139111952.000
10/20/2009;14.20;14.70;13.94;14.69;11305260;162485936.000
10/21/2009;14.55;15.05;13.98;14.02;10875649;156747680.000
10/22/2009;13.88;14.23;13.70;14.00;6457506;90192728.000
10/23/2009;13.90;14.15;13.75;13.77;6896820;95985696.000
10/26/2009;13.70;13.98;13.67;13.79;5919960;81951688.000
10/27/2009;13.78;13.78;13.07;13.11;7207354;96333160.000
10/28/2009;13.01;13.44;13.00;13.41;3710614;49109796.000
10/29/2009;13.22;13.88;13.08;13.54;6275848;85394320.000
10/30/2009;13.58;13.80;13.45;13.56;4114647;56153700.000
11/02/2009;13.34;14.36;13.10;14.29;9859452;138301952.000
11/03/2009;14.19;14.76;14.02;14.52;9228550;133430760.000
11/04/2009;14.50;14.66;14.30;14.46;5917600;85778792.000
11/05/2009;14.46;14.65;14.10;14.48;6766804;97068672.000
11/06/2009;14.50;14.80;14.15;14.19;6501210;93675440.000
11/09/2009;14.10;14.33;14.00;14.21;3859225;54663228.000
11/10/2009;14.30;14.65;14.22;14.35;6358574;91919552.000
11/11/2009;14.36;14.50;14.06;14.50;4237058;60528584.000
11/12/2009;14.52;15.23;14.39;14.94;12143516;180975184.000
11/13/2009;14.80;15.98;14.80;15.58;15469618;239783424.000
11/16/2009;15.58;16.59;15.48;15.60;12305554;197640528.000
11/17/2009;15.70;16.49;15.50;16.35;7939309;127449040.000
11/18/2009;16.40;17.99;16.17;17.35;13653397;234613840.000
11/19/2009;17.35;18.75;17.10;18.52;11726339;210197472.000
11/23/2009;18.38;18.56;17.67;18.44;8816067;158997792.000
11/24/2009;18.40;18.40;16.63;16.71;12110423;211041456.000
11/25/2009;16.67;17.39;16.39;17.28;8848326;150300512.000
11/26/2009;17.28;17.28;15.70;15.98;13867396;227690912.000
11/27/2009;15.60;16.30;15.45;16.00;7758896;123921312.000
11/30/2009;16.24;16.62;16.18;16.55;6400574;105159792.000
12/01/2009;16.52;17.00;16.30;16.95;6168949;103679536.000
12/02/2009;17.00;17.28;16.70;16.94;5673157;96126080.000
12/03/2009;16.88;17.29;16.66;16.98;4758663;80980928.000
12/04/2009;16.99;17.80;16.20;16.63;7935025;135007248.000
12/07/2009;16.70;17.09;16.38;16.70;4473759;74503392.000
12/08/2009;16.85;17.50;16.83;17.31;7154876;123241472.000
12/09/2009;17.20;18.18;16.94;17.60;8077530;143112544.000
12/10/2009;17.65;17.90;17.18;17.76;4743189;82665216.000
12/11/2009;17.70;17.80;17.35;17.41;3340165;58639856.000
12/14/2009;17.30;17.49;16.60;17.02;4514217;76067704.000
12/15/2009;16.80;17.00;16.63;16.87;2870995;48335368.000
12/16/2009;16.85;17.26;16.63;16.79;2436870;41295068.000
12/17/2009;16.66;16.97;16.00;16.05;3316306;54051492.000
12/18/2009;16.00;16.00;15.50;15.51;3081613;48132376.000
12/21/2009;15.65;15.97;15.35;15.91;1829220;28689700.000
12/22/2009;16.00;16.00;15.35;15.37;1874668;29361500.000
12/23/2009;15.37;15.67;15.30;15.58;1817916;28229310.000
12/24/2009;15.67;16.30;15.58;16.19;2967203;47597336.000
12/25/2009;16.18;16.45;16.10;16.32;2122422;34589648.000
12/28/2009;16.32;16.54;16.10;16.49;2411027;39544304.000
12/29/2009;16.45;16.48;15.99;16.27;2427948;39448264.000
12/30/2009;16.25;16.43;15.80;16.10;3352924;53609512.000
12/31/2009;16.10;16.40;15.91;16.29;2585890;41659284.000
01/04/2010;16.30;16.46;16.00;16.05;2160870;34925064.000
01/05/2010;16.00;16.38;15.78;16.37;3410811;54850004.000
01/06/2010;16.30;17.60;16.30;17.26;6833202;117445584.000
01/07/2010;17.26;17.58;16.68;16.79;4963676;85064664.000
01/08/2010;16.83;18.18;16.82;17.96;10982425;194198400.000
01/11/2010;17.87;18.80;17.80;18.50;9016242;165642320.000
01/12/2010;19.11;20.28;18.90;19.39;14101445;275726336.000
01/13/2010;19.03;20.68;19.00;20.05;14199330;285389888.000
01/14/2010;20.10;20.29;19.70;20.15;6998309;139828432.000
01/15/2010;19.92;20.82;19.81;19.95;6294326;127404440.000
01/18/2010;19.90;20.27;19.20;20.20;7215718;141600912.000
01/19/2010;20.28;21.47;20.10;21.06;10672699;223461632.000
01/20/2010;20.98;21.68;19.60;20.52;10035770;211055024.000
01/21/2010;20.49;20.90;19.90;20.50;5407248;110127352.000
01/22/2010;19.97;20.30;18.81;18.99;8844757;170999568.000
01/25/2010;18.80;19.80;18.53;19.10;4760026;91720368.000
01/26/2010;19.48;19.48;18.30;18.55;4204732;79661944.000
01/27/2010;18.35;18.85;18.18;18.43;2485872;46030272.000
01/28/2010;18.53;19.78;18.35;19.43;5428659;104910768.000
01/29/2010;19.40;20.39;19.00;19.66;5623603;112243168.000
02/01/2010;19.30;20.19;19.30;19.81;3012020;59362128.000
02/02/2010;19.99;21.20;19.81;21.18;8975825;186726976.000
02/03/2010;21.18;21.48;20.27;20.93;5880887;122813888.000
02/04/2010;20.81;22.38;20.70;21.76;6427856;140042624.000
02/05/2010;21.20;22.12;21.08;21.78;5368433;115899608.000
02/08/2010;21.78;22.64;21.32;21.34;4537367;100290296.000
02/09/2010;21.10;21.18;20.38;20.42;3241386;67012204.000
02/10/2010;20.65;21.09;20.38;21.00;2345359;48745020.000
02/11/2010;21.00;22.20;20.81;21.86;3586309;78166416.000
02/12/2010;21.98;23.00;21.98;22.66;4752135;107931088.000
02/22/2010;22.71;23.61;22.66;22.88;4105459;95450264.000
02/23/2010;22.90;23.32;22.35;23.22;3183404;72440904.000
02/24/2010;22.88;23.71;22.62;23.59;4028811;93557080.000
02/25/2010;23.63;23.76;22.44;22.80;7339745;168358080.000
02/26/2010;22.76;23.00;22.48;22.80;4236272;96504504.000
03/01/2010;22.80;22.85;22.41;22.82;3985117;90311304.000
03/02/2010;22.66;23.77;22.66;23.74;5544072;130296712.000
03/03/2010;23.80;24.39;23.31;23.80;3692164;87559552.000
03/04/2010;23.79;23.85;22.74;22.90;3239329;75473304.000
03/05/2010;22.90;23.35;22.50;23.24;2986286;68474288.000
03/08/2010;23.68;24.74;23.60;24.50;5444485;132095680.000
03/09/2010;24.45;24.88;24.10;24.40;3452314;84693288.000
03/10/2010;24.44;24.90;23.71;23.96;3313434;80119592.000
03/11/2010;23.97;24.58;23.68;24.00;2120436;50974916.000
03/12/2010;24.11;24.11;23.18;23.18;2400771;56437160.000
03/15/2010;23.18;23.47;22.10;23.00;3669898;82904432.000
03/16/2010;23.15;23.49;22.84;23.22;1741312;40169564.000
03/17/2010;23.30;23.45;22.90;23.40;2240722;52188944.000
03/18/2010;23.50;24.10;23.48;23.77;3101990;74105312.000
03/19/2010;23.77;23.94;23.30;23.66;1957916;46157996.000
03/22/2010;23.63;23.85;22.65;23.10;3803024;87468848.000
03/23/2010;23.03;23.03;22.36;22.40;3108500;70059680.000
