002009 天奇股份 日线
      日期	    开盘	    最高	    最低	    收盘	    成交量	    成交额
06/29/2004;2.76;2.95;2.70;2.91;17831422;261322256.000
06/30/2004;2.90;3.19;2.90;3.02;12066661;190713264.000
07/01/2004;2.94;3.16;2.94;3.05;7063063;111652368.000
07/02/2004;3.03;3.08;2.80;2.94;5444790;82566360.000
07/05/2004;2.89;2.97;2.83;2.91;3098658;46991108.000
07/06/2004;2.91;3.19;2.89;3.08;5591021;88993240.000
07/07/2004;3.05;3.27;3.03;3.19;7078539;116097640.000
07/08/2004;3.16;3.23;3.12;3.20;3404231;56128652.000
07/09/2004;3.20;3.25;3.08;3.09;3446842;56757572.000
07/12/2004;3.15;3.19;3.04;3.12;4594235;74663120.000
07/13/2004;3.04;3.07;2.80;3.01;5271047;79796968.000
07/14/2004;2.97;3.08;2.88;3.08;3206149;49677432.000
07/15/2004;3.04;3.17;3.00;3.02;3156996;50557108.000
07/16/2004;2.99;3.30;2.97;3.20;6173465;101815040.000
07/19/2004;3.15;3.27;3.15;3.18;3262492;54423000.000
07/20/2004;3.18;3.29;3.15;3.16;2832157;47374928.000
07/21/2004;3.15;3.18;3.00;3.03;2689352;43025900.000
07/22/2004;3.04;3.11;2.93;2.95;2045046;32144488.000
07/23/2004;2.93;3.06;2.93;3.06;1479493;23064500.000
07/26/2004;3.06;3.06;2.94;3.00;1362538;21159054.000
07/27/2004;3.00;3.01;2.70;2.75;3167883;46518560.000
07/28/2004;2.74;2.82;2.56;2.74;3304689;45946480.000
07/29/2004;2.69;2.81;2.65;2.80;2678872;38544560.000
07/30/2004;2.79;2.80;2.71;2.72;1652587;23607332.000
08/02/2004;2.68;2.75;2.61;2.69;1409383;19694464.000
08/03/2004;2.68;2.76;2.65;2.73;1124532;15952175.000
08/04/2004;2.74;2.80;2.72;2.77;1555103;22420450.000
08/05/2004;2.77;2.81;2.74;2.74;1196137;17285116.000
08/06/2004;2.73;2.77;2.59;2.63;1795779;24864062.000
08/09/2004;2.60;2.62;2.48;2.51;1747182;23100676.000
08/10/2004;2.51;2.55;2.51;2.55;727554;9621024.000
08/11/2004;2.54;2.54;2.40;2.41;2185040;27785724.000
08/12/2004;2.41;2.44;2.37;2.42;1126893;14146633.000
08/13/2004;2.42;2.45;2.35;2.37;823163;10310527.000
08/16/2004;2.35;2.36;2.24;2.28;1777253;21258996.000
08/17/2004;2.26;2.31;2.26;2.26;742322;8850427.000
08/18/2004;2.29;2.30;2.21;2.21;1191496;13955934.000
08/19/2004;2.21;2.26;2.19;2.25;784836;9156473.000
08/20/2004;2.25;2.28;2.22;2.27;700411;8280524.500
08/23/2004;2.22;2.22;2.12;2.13;1042159;11691700.000
08/24/2004;2.14;2.20;2.09;2.16;888838;10021770.000
08/25/2004;2.12;2.16;2.08;2.09;708774;7798940.000
08/26/2004;2.08;2.13;2.03;2.04;571098;6179068.500
08/27/2004;2.04;2.06;1.96;1.98;795139;8396292.000
08/30/2004;1.96;2.10;1.92;2.04;1163064;12426473.000
08/31/2004;2.13;2.19;2.07;2.07;1377061;15228966.000
09/01/2004;2.06;2.06;1.98;1.99;545955;5758655.500
09/02/2004;1.96;2.06;1.94;2.04;605767;6348223.500
09/03/2004;2.03;2.06;1.98;2.00;431581;4563872.000
09/06/2004;2.00;2.07;1.99;2.07;450298;4814234.000
09/07/2004;2.07;2.08;2.04;2.07;329760;3563883.000
09/08/2004;2.08;2.08;2.04;2.05;369398;3989461.500
09/09/2004;2.04;2.05;1.99;2.00;339950;3590219.750
09/10/2004;2.00;2.03;1.99;2.02;266115;2807091.000
09/13/2004;1.99;2.02;1.84;1.85;717050;7182840.000
09/14/2004;1.89;1.95;1.89;1.90;771244;7733229.500
09/15/2004;1.91;2.10;1.90;2.10;3076723;33355658.000
09/16/2004;2.10;2.28;2.10;2.28;4377915;50100780.000
09/17/2004;2.30;2.38;2.24;2.35;5374492;64674868.000
09/20/2004;2.35;2.44;2.32;2.41;3985647;49300728.000
09/21/2004;2.39;2.48;2.33;2.44;2775722;35048544.000
09/22/2004;2.41;2.53;2.39;2.47;2591103;33409272.000
09/23/2004;2.50;2.57;2.41;2.49;2097532;27185256.000
09/24/2004;2.51;2.58;2.35;2.35;2671630;34951428.000
09/27/2004;2.40;2.45;2.31;2.32;1438403;17806174.000
09/29/2004;2.36;2.40;2.33;2.35;1131217;13955513.000
09/30/2004;2.35;2.40;2.30;2.30;829278;10174911.000
10/08/2004;2.31;2.48;2.31;2.47;1507264;18968916.000
10/11/2004;2.45;2.56;2.43;2.44;2215884;29009360.000
10/12/2004;2.42;2.49;2.40;2.44;872340;11116118.000
10/13/2004;2.43;2.47;2.42;2.46;605765;7730243.000
10/14/2004;2.47;2.47;2.21;2.21;1839690;21678518.000
10/15/2004;2.10;2.15;2.02;2.04;1227695;13242999.000
10/18/2004;2.06;2.12;2.05;2.07;707819;7726336.000
10/19/2004;2.09;2.14;1.99;1.99;964194;10441641.000
10/20/2004;1.96;1.99;1.91;1.99;812224;8316769.000
10/21/2004;2.00;2.04;1.95;1.97;574897;6014132.500
10/22/2004;1.97;2.05;1.89;2.05;909086;9491586.000
10/25/2004;2.08;2.12;2.01;2.03;893331;9658289.000
10/26/2004;2.04;2.09;1.97;2.08;709810;7560794.500
10/27/2004;2.07;2.21;2.05;2.20;1665888;18712968.000
10/28/2004;2.21;2.33;2.20;2.25;2955754;35092588.000
10/29/2004;2.14;2.32;2.12;2.23;1583432;18576592.000
11/01/2004;2.24;2.30;2.18;2.22;583245;6830476.000
11/02/2004;2.22;2.25;2.14;2.16;646657;7347884.500
11/03/2004;2.18;2.27;2.16;2.26;1228997;14265618.000
11/04/2004;2.27;2.27;2.18;2.19;981010;11448648.000
11/05/2004;2.24;2.25;2.19;2.22;554891;6447574.000
11/08/2004;2.21;2.21;2.15;2.17;419689;4762686.500
11/09/2004;2.17;2.20;2.15;2.18;536110;6117797.500
11/10/2004;2.19;2.33;2.13;2.32;2015498;23904368.000
11/11/2004;2.32;2.41;2.27;2.28;2195735;26954872.000
11/12/2004;2.26;2.33;2.26;2.31;937395;11280656.000
11/15/2004;2.32;2.36;2.30;2.34;632981;7723955.500
11/16/2004;2.35;2.36;2.29;2.30;596158;7195315.000
11/17/2004;2.30;2.30;2.26;2.28;533040;6347673.000
11/18/2004;2.28;2.33;2.28;2.32;447302;5402810.500
11/19/2004;2.32;2.33;2.26;2.30;559683;6710031.000
11/22/2004;2.30;2.33;2.30;2.31;566354;6853623.000
11/23/2004;2.31;2.31;2.27;2.28;517781;6193844.500
11/24/2004;2.27;2.31;2.25;2.28;521729;6210908.000
11/25/2004;2.26;2.29;2.23;2.23;371511;4373621.000
11/26/2004;2.23;2.26;2.23;2.23;170350;1993568.000
11/29/2004;2.22;2.24;2.14;2.15;426595;4901649.000
11/30/2004;2.14;2.18;2.13;2.15;380147;4272127.000
12/01/2004;2.14;2.15;2.10;2.12;337625;3756306.500
12/02/2004;2.12;2.13;2.08;2.11;408238;4485762.000
12/03/2004;2.10;2.21;2.10;2.17;521298;5930558.500
12/06/2004;2.16;2.17;2.13;2.14;264820;2975660.500
12/07/2004;2.14;2.16;2.11;2.11;220845;2462519.250
12/08/2004;2.12;2.16;2.12;2.13;155867;1745486.875
12/09/2004;2.16;2.21;2.12;2.21;659295;7554695.500
12/10/2004;2.20;2.20;2.14;2.14;315400;3584064.000
12/13/2004;2.14;2.17;2.12;2.16;204570;2302431.500
12/15/2004;2.16;2.21;2.16;2.20;604471;6926174.500
12/16/2004;2.19;2.19;2.13;2.13;279200;3146850.000
12/17/2004;2.12;2.13;1.94;2.04;444893;4872297.000
12/20/2004;2.02;2.05;2.00;2.03;286269;3036973.000
12/21/2004;2.00;2.06;2.00;2.02;106990;1139619.625
12/22/2004;2.05;2.12;2.02;2.10;325802;3544173.000
12/23/2004;2.12;2.12;2.03;2.04;205800;2228487.750
12/24/2004;2.02;2.08;2.02;2.04;140953;1514528.125
12/27/2004;2.03;2.07;1.92;1.95;1015983;10404088.000
12/28/2004;1.95;1.97;1.93;1.96;234819;2400526.750
12/29/2004;1.96;1.96;1.89;1.90;461796;4640895.000
12/30/2004;1.90;1.92;1.87;1.90;213130;2119851.750
12/31/2004;1.92;1.92;1.89;1.90;176907;1768439.000
01/04/2005;1.90;1.92;1.87;1.92;195761;1957298.500
01/05/2005;1.95;1.97;1.93;1.96;240564;2463992.000
01/06/2005;1.94;1.98;1.94;1.98;282229;2904238.250
01/07/2005;1.94;2.00;1.94;1.98;210877;2184411.500
01/10/2005;1.94;1.98;1.94;1.96;117979;1214449.625
01/11/2005;1.98;1.98;1.94;1.96;109881;1126724.875
01/12/2005;1.93;1.98;1.92;1.96;164107;1671058.250
01/13/2005;1.96;1.96;1.93;1.93;168000;1710954.500
01/14/2005;1.93;1.95;1.88;1.89;240900;2406132.000
01/17/2005;1.87;1.90;1.81;1.84;380117;3679095.250
01/18/2005;1.86;1.86;1.81;1.84;212579;2050597.000
01/19/2005;1.84;1.84;1.78;1.79;187770;1783747.250
01/20/2005;1.77;1.78;1.71;1.72;476800;4349605.000
01/21/2005;1.72;1.80;1.67;1.79;538163;4942736.000
01/24/2005;1.85;1.87;1.81;1.85;627848;6069298.000
01/25/2005;1.82;1.82;1.73;1.79;600849;5569968.500
01/26/2005;1.77;1.77;1.74;1.74;234700;2164241.000
01/27/2005;1.74;1.74;1.69;1.70;185815;1683350.750
01/28/2005;1.69;1.72;1.66;1.66;227191;2013873.375
01/31/2005;1.65;1.66;1.61;1.62;235154;2032024.000
02/01/2005;1.61;1.67;1.61;1.63;348607;3027244.250
02/02/2005;1.63;1.75;1.63;1.75;453647;4068700.500
02/03/2005;1.75;1.77;1.67;1.69;477823;4366276.500
02/04/2005;1.69;1.76;1.69;1.75;385496;3538474.250
02/16/2005;1.77;1.78;1.74;1.74;344270;3184578.500
02/17/2005;1.75;1.75;1.70;1.73;197305;1784105.500
02/18/2005;1.72;1.74;1.71;1.72;158400;1439934.000
02/21/2005;1.71;1.75;1.70;1.75;395961;3615742.250
02/22/2005;1.76;1.90;1.75;1.88;2078027;19941194.000
02/23/2005;1.87;1.93;1.84;1.88;1500469;14793200.000
02/24/2005;1.87;1.89;1.84;1.88;755879;7420333.500
02/25/2005;1.89;1.95;1.88;1.89;1144364;11576660.000
02/28/2005;1.89;1.94;1.89;1.94;794803;7973969.000
03/01/2005;1.94;1.96;1.89;1.90;419416;4195053.000
03/02/2005;1.90;1.92;1.85;1.85;510610;5040385.000
03/03/2005;1.85;1.87;1.84;1.87;283525;2761114.000
03/04/2005;1.87;1.89;1.84;1.85;231700;2273618.000
03/07/2005;1.85;1.85;1.81;1.82;452740;4346471.500
03/08/2005;1.84;1.88;1.82;1.88;595550;5823727.500
03/09/2005;1.88;1.94;1.88;1.91;802286;8053523.500
03/10/2005;1.90;1.92;1.84;1.84;601831;5955773.000
03/11/2005;1.84;1.86;1.83;1.86;463706;4509889.000
03/14/2005;1.86;1.86;1.78;1.82;715957;6838359.500
03/15/2005;1.83;1.83;1.77;1.77;371642;3522199.000
03/16/2005;1.77;1.79;1.74;1.74;475332;4398876.500
03/17/2005;1.74;1.77;1.70;1.71;386625;3537428.500
03/18/2005;1.73;1.75;1.71;1.72;444275;4027173.500
03/21/2005;1.72;1.78;1.72;1.78;372067;3446229.000
03/22/2005;1.78;1.78;1.69;1.70;535223;4867322.000
03/23/2005;1.70;1.78;1.70;1.73;453090;4145472.250
03/24/2005;1.73;1.83;1.71;1.83;995459;9339802.000
03/25/2005;1.84;1.88;1.82;1.84;1969519;19274100.000
03/28/2005;1.84;1.90;1.83;1.90;1263893;12417272.000
03/29/2005;1.90;1.91;1.84;1.84;1167609;11495548.000
03/30/2005;1.82;1.83;1.65;1.66;1274773;11521059.000
03/31/2005;1.60;1.60;1.51;1.54;1784671;14477965.000
04/01/2005;1.54;1.62;1.50;1.60;1389768;11440948.000
04/04/2005;1.57;1.57;1.53;1.54;962319;7852358.000
04/05/2005;1.53;1.55;1.48;1.49;629400;5082914.500
04/06/2005;1.53;1.54;1.45;1.51;1066558;8418530.000
04/07/2005;1.51;1.59;1.51;1.56;1307150;10796497.000
04/08/2005;1.55;1.60;1.54;1.59;779752;6480140.500
04/11/2005;1.61;1.64;1.59;1.60;1055091;8966541.000
04/12/2005;1.59;1.61;1.55;1.55;505900;4180291.500
04/13/2005;1.56;1.61;1.56;1.59;622520;5213980.000
04/14/2005;1.61;1.62;1.56;1.59;1065009;8991748.000
04/15/2005;1.60;1.61;1.53;1.54;814037;6766119.000
04/18/2005;1.52;1.52;1.47;1.49;696890;5472783.500
04/19/2005;1.49;1.50;1.46;1.48;403320;3149689.500
04/20/2005;1.48;1.48;1.42;1.43;602000;4601406.000
04/21/2005;1.42;1.45;1.40;1.45;582630;4419471.000
04/22/2005;1.40;1.40;1.30;1.32;1192197;8414259.000
04/25/2005;1.32;1.32;1.27;1.28;466031;3195496.750
04/26/2005;1.29;1.33;1.28;1.32;450784;3140281.000
04/27/2005;1.32;1.33;1.27;1.28;291239;2010905.125
04/28/2005;1.28;1.34;1.25;1.32;556975;3865153.500
04/29/2005;1.32;1.33;1.29;1.31;326717;2269164.750
05/10/2005;1.22;1.24;1.17;1.21;749294;4785009.000
05/11/2005;1.21;1.23;1.19;1.20;337301;2179207.250
05/12/2005;1.20;1.25;1.18;1.22;477849;3113263.500
05/13/2005;1.22;1.27;1.22;1.24;443252;2931353.500
05/16/2005;1.22;1.25;1.21;1.23;227699;1486533.625
05/17/2005;1.23;1.28;1.20;1.26;506578;3394700.000
05/18/2005;1.25;1.28;1.24;1.27;250551;1676280.000
05/19/2005;1.26;1.28;1.25;1.27;260851;1755594.625
05/20/2005;1.27;1.27;1.23;1.25;203000;1355028.000
05/23/2005;1.22;1.24;1.19;1.19;241800;1548809.000
05/24/2005;1.18;1.26;1.17;1.24;365546;2378275.000
05/25/2005;1.22;1.28;1.22;1.25;344325;2299438.250
05/26/2005;1.25;1.26;1.23;1.24;247300;1640573.000
05/27/2005;1.24;1.26;1.23;1.24;125900;835688.000
05/30/2005;1.24;1.26;1.23;1.25;185500;1230901.500
05/31/2005;1.27;1.27;1.24;1.24;171100;1142657.000
06/01/2005;1.25;1.25;1.20;1.23;288260;1868849.875
06/02/2005;1.23;1.24;1.20;1.21;273570;1777215.000
06/03/2005;1.20;1.22;1.18;1.18;246771;1573919.375
06/06/2005;1.19;1.22;1.18;1.22;225590;1440446.000
06/07/2005;1.22;1.27;1.21;1.22;676561;4481564.500
06/08/2005;1.26;1.35;1.26;1.35;1797867;12597653.000
06/09/2005;1.33;1.42;1.32;1.38;1844158;13452672.000
06/10/2005;1.36;1.38;1.32;1.33;876834;6250335.000
06/13/2005;1.33;1.36;1.32;1.35;512728;3663466.250
06/14/2005;1.35;1.36;1.30;1.30;468700;3327274.000
06/15/2005;1.30;1.37;1.28;1.32;1025390;7260615.500
06/16/2005;1.33;1.41;1.32;1.39;1912824;13897573.000
06/17/2005;1.40;1.41;1.36;1.36;915164;6669215.500
06/20/2005;1.39;1.49;1.36;1.48;2321603;17640042.000
06/21/2005;1.49;1.53;1.44;1.49;2501652;19638662.000
06/22/2005;1.47;1.56;1.45;1.53;2470177;19788446.000
06/23/2005;1.54;1.54;1.45;1.46;2162064;17001662.000
06/24/2005;1.44;1.53;1.44;1.52;1621740;12711090.000
06/27/2005;1.57;1.66;1.54;1.62;2750655;23148234.000
06/28/2005;1.58;1.59;1.56;1.57;1614607;13250270.000
06/29/2005;1.56;1.58;1.52;1.52;1109691;9000039.000
06/30/2005;1.51;1.53;1.46;1.46;946879;7358267.500
07/01/2005;1.45;1.47;1.38;1.39;734776;5466558.500
07/04/2005;1.38;1.43;1.38;1.42;647524;4747366.500
07/05/2005;1.42;1.45;1.39;1.40;655653;4875870.000
07/06/2005;1.40;1.44;1.38;1.39;343762;2524546.000
07/07/2005;1.39;1.41;1.38;1.41;412382;3021689.750
07/08/2005;1.40;1.40;1.32;1.33;473779;3362447.750
07/11/2005;1.37;1.41;1.32;1.33;415900;2991879.500
07/12/2005;1.33;1.45;1.32;1.45;938523;6887717.000
07/13/2005;1.43;1.45;1.41;1.42;669294;4992267.500
07/14/2005;1.41;1.45;1.40;1.42;475257;3539460.250
07/15/2005;1.42;1.44;1.36;1.37;417640;3023243.500
07/18/2005;1.37;1.38;1.34;1.37;264980;1888266.000
07/19/2005;1.34;1.40;1.34;1.38;195224;1409837.750
07/20/2005;1.39;1.42;1.38;1.40;355203;2601396.500
07/21/2005;1.39;1.40;1.35;1.37;268330;1927032.500
07/22/2005;1.39;1.40;1.33;1.38;681925;4887463.000
07/25/2005;1.38;1.38;1.33;1.34;398528;2802789.750
07/26/2005;1.34;1.38;1.33;1.36;438400;3126649.250
07/27/2005;1.35;1.40;1.34;1.40;659561;4726247.000
07/28/2005;1.40;1.46;1.40;1.42;1371217;10284680.000
07/29/2005;1.44;1.44;1.40;1.42;464300;3450001.500
08/01/2005;1.42;1.46;1.41;1.46;744299;5618123.500
08/02/2005;1.46;1.46;1.43;1.46;672268;5088545.000
08/03/2005;1.46;1.48;1.44;1.45;1179190;8992448.000
08/04/2005;1.44;1.47;1.42;1.45;689068;5245493.000
08/05/2005;1.46;1.54;1.46;1.53;1890171;14917484.000
08/08/2005;1.58;1.62;1.55;1.56;2556651;21146544.000
08/09/2005;1.56;1.60;1.54;1.57;1066776;8742386.000
08/10/2005;1.59;1.62;1.55;1.61;1315663;10844219.000
08/11/2005;1.60;1.61;1.56;1.60;1440642;11984743.000
08/12/2005;1.76;1.76;1.71;1.76;5409715;49473600.000
08/15/2005;1.80;1.87;1.78;1.85;5454151;51883224.000
08/16/2005;1.84;1.96;1.83;1.90;4507351;44459868.000
08/17/2005;1.89;2.09;1.88;2.09;5522986;58015728.000
08/18/2005;2.11;2.15;1.91;1.95;5280348;56603128.000
08/19/2005;1.97;2.10;1.97;2.06;4475933;47160500.000
08/22/2005;2.04;2.06;1.92;1.97;2381758;24394530.000
08/23/2005;1.95;2.00;1.93;1.98;1336063;13635803.000
08/24/2005;1.98;2.06;1.96;2.00;2016880;21120384.000
08/25/2005;1.99;2.01;1.95;2.00;1420775;14539505.000
08/26/2005;2.00;2.02;1.96;1.98;1166049;12023221.000
08/29/2005;1.99;1.99;1.87;1.90;1729549;17135584.000
08/30/2005;1.91;1.91;1.88;1.88;754325;7437918.500
08/31/2005;1.89;2.01;1.89;1.99;1676136;16988118.000
09/01/2005;1.98;2.01;1.97;2.00;1364329;14101457.000
09/02/2005;2.00;2.09;2.00;2.04;2111684;22556202.000
09/05/2005;2.07;2.08;2.01;2.05;1198724;12684369.000
09/06/2005;2.04;2.06;1.95;1.96;1170483;12194723.000
09/07/2005;1.96;2.04;1.94;2.04;1204493;12513229.000
09/08/2005;2.05;2.05;1.97;2.01;1050609;10952316.000
09/09/2005;2.01;2.09;1.98;2.03;1974748;20988462.000
09/22/2005;2.01;2.01;1.88;1.93;1301929;13144215.000
09/23/2005;1.91;1.94;1.83;1.83;622132;6135546.500
09/26/2005;1.86;1.90;1.85;1.85;430009;4168413.000
09/27/2005;1.86;1.91;1.84;1.88;601063;5875737.000
09/28/2005;1.87;1.92;1.87;1.89;391964;3869160.000
09/29/2005;1.90;1.90;1.88;1.89;600146;5906914.500
09/30/2005;1.89;1.94;1.88;1.93;572778;5718405.000
10/10/2005;1.93;1.97;1.93;1.94;435094;4399466.500
10/11/2005;1.94;1.94;1.87;1.92;847533;8422964.000
10/12/2005;1.92;1.95;1.91;1.91;1161305;11645262.000
11/02/2005;1.73;1.83;1.70;1.80;2418611;16799554.000
11/03/2005;1.78;1.83;1.77;1.81;944381;6684510.000
11/04/2005;1.82;1.98;1.82;1.93;2795233;20892462.000
11/07/2005;1.92;1.99;1.90;1.95;2358667;18034498.000
11/08/2005;1.95;1.96;1.92;1.95;904088;6877398.000
11/09/2005;1.95;2.06;1.95;2.00;2548809;20041908.000
11/10/2005;2.03;2.06;1.96;1.97;2476474;19470872.000
11/11/2005;1.96;2.01;1.95;1.97;1363041;10522318.000
11/14/2005;1.96;1.98;1.93;1.97;632699;4831917.500
11/15/2005;1.97;2.00;1.88;1.90;1291594;9765320.000
11/16/2005;1.91;1.93;1.86;1.92;885568;6538409.000
11/17/2005;1.91;1.93;1.88;1.91;562109;4186519.250
11/18/2005;1.92;2.10;1.91;2.07;6281941;50627820.000
11/21/2005;2.04;2.14;2.04;2.11;4110031;33576564.000
11/22/2005;2.10;2.12;2.05;2.06;2030193;16528783.000
11/23/2005;2.06;2.17;2.05;2.13;3122053;26013726.000
11/24/2005;2.12;2.17;2.11;2.13;2317574;19379896.000
11/25/2005;2.13;2.16;2.12;2.14;1321991;11023956.000
11/28/2005;2.14;2.15;2.09;2.11;1009446;8330977.500
11/29/2005;2.13;2.20;2.13;2.16;2691909;22781560.000
11/30/2005;2.18;2.30;2.18;2.27;3107762;27130534.000
12/01/2005;2.26;2.27;2.18;2.23;2244380;19451952.000
12/02/2005;2.19;2.23;2.17;2.21;1767090;15146160.000
12/05/2005;2.19;2.19;2.10;2.10;1899053;15777970.000
12/06/2005;2.08;2.13;2.08;2.09;1111398;9128675.000
12/07/2005;2.09;2.15;2.09;2.14;1051284;8691742.000
12/08/2005;2.14;2.15;2.09;2.14;1131919;9368605.000
12/09/2005;2.13;2.22;2.11;2.19;1334781;11314292.000
12/12/2005;2.19;2.23;2.18;2.19;1136005;9744194.000
12/13/2005;2.19;2.20;2.13;2.16;1117108;9399481.000
12/14/2005;2.15;2.20;2.13;2.19;994240;8407663.000
12/15/2005;2.19;2.23;2.17;2.18;1374642;11772725.000
12/16/2005;2.17;2.22;2.15;2.21;1140825;9729845.000
12/19/2005;2.20;2.22;2.18;2.20;643224;5518838.000
12/20/2005;2.19;2.21;2.18;2.20;779669;6666301.500
12/21/2005;2.21;2.21;2.13;2.14;1160878;9773230.000
12/22/2005;2.13;2.17;2.13;2.16;704598;5914323.500
12/23/2005;2.15;2.16;2.13;2.15;1009040;8440964.000
12/26/2005;2.15;2.18;2.14;2.15;983566;8268236.000
12/27/2005;2.15;2.19;2.15;2.17;654537;5524840.000
12/28/2005;2.17;2.19;2.14;2.18;963615;8148931.500
12/29/2005;2.18;2.20;2.16;2.18;969113;8231635.500
12/30/2005;2.19;2.20;2.11;2.12;1263931;10574870.000
01/04/2006;2.11;2.14;2.08;2.13;947637;7812228.000
01/05/2006;2.13;2.15;2.10;2.14;1270464;10539642.000
01/06/2006;2.12;2.15;2.10;2.13;1412105;11708588.000
01/09/2006;2.15;2.21;2.13;2.18;2012342;17108628.000
01/10/2006;2.18;2.23;2.17;2.21;1879804;16077811.000
01/11/2006;2.21;2.22;2.13;2.14;1528582;12955446.000
01/12/2006;2.14;2.22;2.13;2.20;1779214;15259935.000
01/13/2006;2.21;2.26;2.19;2.22;1793857;15574694.000
01/16/2006;2.23;2.36;2.23;2.29;3718329;33375944.000
01/17/2006;2.28;2.40;2.27;2.35;3170797;29191006.000
01/18/2006;2.36;2.41;2.34;2.37;1776015;16348329.000
01/19/2006;2.39;2.39;2.32;2.36;1654886;15144095.000
01/20/2006;2.36;2.37;2.29;2.32;1492500;13539174.000
01/23/2006;2.32;2.39;2.29;2.38;1578252;14383808.000
01/24/2006;2.38;2.42;2.36;2.38;1705824;15918931.000
01/25/2006;2.36;2.37;2.25;2.28;2025090;18082164.000
02/06/2006;2.22;2.32;2.22;2.30;1175534;10508349.000
02/07/2006;2.30;2.30;2.23;2.26;1487980;13080692.000
02/09/2006;2.27;2.32;2.25;2.26;1011697;8993571.000
02/10/2006;2.31;2.36;2.28;2.34;1282730;11563032.000
02/13/2006;2.35;2.35;2.29;2.34;926132;8408926.000
02/14/2006;2.35;2.36;2.31;2.34;922774;8371065.000
02/15/2006;2.31;2.36;2.29;2.30;933976;8409349.000
02/16/2006;2.30;2.32;2.19;2.19;1378046;12022135.000
02/17/2006;2.20;2.22;2.17;2.17;695017;5956286.000
02/20/2006;2.15;2.17;2.05;2.07;1209493;9971954.000
02/21/2006;2.06;2.18;2.06;2.18;847629;7022074.500
02/22/2006;2.19;2.19;2.12;2.13;729168;6106176.000
02/23/2006;2.11;2.13;2.08;2.11;518192;4255130.000
02/24/2006;2.10;2.16;2.10;2.15;582862;4853934.500
02/27/2006;2.15;2.15;2.09;2.09;569923;4699810.000
02/28/2006;2.10;2.17;2.10;2.16;725049;6034414.500
03/01/2006;2.16;2.18;2.11;2.17;770803;6487131.000
03/02/2006;2.17;2.17;2.09;2.10;588589;4906954.500
03/03/2006;2.11;2.23;2.10;2.21;1748238;14851018.000
03/06/2006;2.21;2.25;2.18;2.22;1176273;10196001.000
03/07/2006;2.23;2.23;2.11;2.12;866889;7291621.500
03/08/2006;2.12;2.13;2.07;2.12;653224;5343419.500
03/09/2006;2.12;2.14;2.07;2.07;632065;5180067.500
03/10/2006;2.07;2.10;2.06;2.09;464350;3779204.500
03/13/2006;2.10;2.10;2.06;2.07;376098;3055237.500
03/14/2006;2.08;2.10;2.08;2.09;287974;2346280.500
03/15/2006;2.09;2.13;2.08;2.12;431519;3557665.000
03/16/2006;2.11;2.11;2.09;2.09;383672;3137700.250
03/17/2006;2.09;2.15;2.09;2.14;689893;5739331.000
03/20/2006;2.14;2.17;2.13;2.17;666161;5601351.500
03/21/2006;2.17;2.18;2.15;2.16;572060;4839495.000
03/22/2006;2.15;2.19;2.15;2.19;432522;3686154.000
03/23/2006;2.18;2.24;2.18;2.23;772059;6691229.000
03/24/2006;2.21;2.25;2.19;2.20;598826;5156486.000
03/27/2006;2.21;2.28;2.21;2.27;1038535;9111269.000
03/28/2006;2.27;2.28;2.25;2.27;1193999;10549090.000
03/29/2006;2.28;2.28;2.22;2.24;2210852;19376742.000
03/30/2006;2.24;2.24;2.17;2.17;1373764;11798881.000
03/31/2006;2.17;2.19;2.16;2.17;782940;6627015.500
04/03/2006;2.19;2.25;2.17;2.24;1196324;10321088.000
04/04/2006;2.25;2.25;2.19;2.22;1358031;11698477.000
04/05/2006;2.22;2.30;2.22;2.29;2348394;20814558.000
04/06/2006;2.29;2.29;2.24;2.24;1717217;15107190.000
04/07/2006;2.24;2.26;2.19;2.22;1310794;11330740.000
04/10/2006;2.22;2.31;2.21;2.31;2165849;19275734.000
04/11/2006;2.32;2.33;2.25;2.29;2033972;18154330.000
04/12/2006;2.26;2.32;2.25;2.29;1970198;17604928.000
04/13/2006;2.28;2.34;2.26;2.26;2279806;20487552.000
04/14/2006;2.26;2.37;2.24;2.37;2410848;21817456.000
04/17/2006;2.37;2.51;2.33;2.45;4132480;39293516.000
04/18/2006;2.46;2.46;2.40;2.42;2194698;20697258.000
04/19/2006;2.42;2.43;2.35;2.40;1629818;15147097.000
04/20/2006;2.39;2.40;2.31;2.34;1811847;16527231.000
04/21/2006;2.33;2.45;2.29;2.41;1865258;17231268.000
04/24/2006;2.42;2.42;2.23;2.25;2384552;21427234.000
04/25/2006;2.22;2.22;2.15;2.17;1665843;14184740.000
04/26/2006;2.17;2.26;2.17;2.23;1133192;9798574.000
04/27/2006;2.23;2.24;2.17;2.19;1108735;9475675.000
04/28/2006;2.19;2.31;2.15;2.27;1684783;14833061.000
05/08/2006;2.24;2.33;2.24;2.30;1361650;12158429.000
05/09/2006;2.30;2.40;2.29;2.36;1843950;16956928.000
05/10/2006;2.36;2.41;2.32;2.35;1653000;15185521.000
05/11/2006;2.37;2.40;2.24;2.28;2479958;22744462.000
05/15/2006;2.40;2.46;2.34;2.43;3487165;32479844.000
05/16/2006;2.46;2.49;2.35;2.36;2737629;25670278.000
05/17/2006;2.37;2.44;2.34;2.41;1891481;17548592.000
05/18/2006;2.39;2.53;2.36;2.51;3536643;33764284.000
05/19/2006;2.51;2.69;2.48;2.64;3968886;40165868.000
05/22/2006;2.67;2.78;2.65;2.65;3981810;41790904.000
05/23/2006;2.60;2.60;2.45;2.45;2693216;26408578.000
05/24/2006;2.46;2.53;2.35;2.39;1845470;17448662.000
05/25/2006;2.43;2.49;2.38;2.47;1154764;10945285.000
05/26/2006;2.48;2.54;2.47;2.53;1488661;14545383.000
05/29/2006;2.59;2.64;2.53;2.62;2185354;22004580.000
05/30/2006;2.63;2.63;2.54;2.59;1784072;17857060.000
05/31/2006;2.57;2.85;2.56;2.85;7420837;80088336.000
06/01/2006;3.13;3.14;3.01;3.14;3816489;46220556.000
06/02/2006;3.38;3.38;3.12;3.19;7020823;87906072.000
06/05/2006;3.25;3.52;3.22;3.44;4260969;56184056.000
06/06/2006;3.35;3.40;3.24;3.25;2438656;31041318.000
06/07/2006;3.26;3.30;2.95;2.96;2629428;31581662.000
06/08/2006;2.97;3.19;2.96;3.18;3031699;36298936.000
06/09/2006;3.15;3.25;3.05;3.14;2403012;29466376.000
06/12/2006;3.10;3.23;3.09;3.15;1251445;15412661.000
06/13/2006;3.16;3.21;3.04;3.09;1234613;14973387.000
06/14/2006;3.06;3.11;2.98;3.09;873913;10283616.000
06/15/2006;3.04;3.32;3.04;3.27;2541418;31780058.000
06/16/2006;3.29;3.47;3.25;3.41;2265921;29590638.000
06/19/2006;3.43;3.60;3.35;3.38;3147680;42509328.000
06/20/2006;3.35;3.48;3.30;3.47;1956191;25818116.000
06/21/2006;3.47;3.64;3.40;3.58;2305702;31764756.000
06/22/2006;3.58;3.61;3.47;3.53;1728661;23575372.000
06/23/2006;3.50;3.70;3.46;3.64;3607671;31675474.000
06/26/2006;3.67;3.69;3.55;3.69;2536459;22337780.000
06/27/2006;3.69;3.69;3.60;3.63;1938822;17094652.000
06/28/2006;3.59;3.82;3.59;3.74;1994659;18011758.000
06/29/2006;3.76;4.01;3.75;3.92;3117719;29507076.000
06/30/2006;3.92;4.04;3.81;3.94;3254150;30764012.000
07/04/2006;4.00;4.08;3.71;3.78;4081428;38444100.000
07/05/2006;3.78;3.86;3.69;3.84;2313109;21297266.000
07/06/2006;3.92;4.23;3.84;4.23;5560541;56211932.000
07/07/2006;4.40;4.66;4.30;4.66;7473474;80869248.000
07/10/2006;4.68;5.13;4.67;5.13;6019066;71370504.000
07/11/2006;4.96;5.30;4.87;5.07;5255998;64558252.000
07/12/2006;5.07;5.57;4.92;5.32;4112502;52287612.000
07/13/2006;5.30;5.30;4.79;5.19;6074903;74353152.000
07/14/2006;5.04;5.49;4.88;5.30;3908010;50038256.000
07/17/2006;5.29;5.30;5.05;5.14;1700273;21185138.000
07/18/2006;5.08;5.20;4.90;5.08;2664701;32303928.000
07/19/2006;4.98;5.08;4.83;4.97;1402050;16794364.000
07/20/2006;5.04;5.09;4.64;4.67;3151519;36364588.000
07/21/2006;4.68;4.74;4.54;4.68;1562125;17431090.000
07/24/2006;4.55;4.67;4.54;4.64;1433262;15943381.000
07/25/2006;4.69;4.87;4.65;4.70;2279265;26281304.000
07/26/2006;4.70;4.78;4.62;4.67;1014461;11447182.000
07/27/2006;4.71;4.81;4.64;4.69;1174718;13394452.000
07/28/2006;4.73;4.74;4.26;4.42;2394882;25662518.000
07/31/2006;4.37;4.37;4.22;4.22;1291717;13381391.000
08/01/2006;4.22;4.42;4.21;4.24;1172486;12135665.000
08/02/2006;4.24;4.39;4.17;4.35;1251654;13058259.000
08/03/2006;4.34;4.55;4.30;4.36;2254337;24190560.000
08/04/2006;4.36;4.41;4.19;4.20;979914;10123443.000
08/07/2006;4.17;4.19;4.01;4.02;841311;8364529.500
08/08/2006;4.05;4.22;4.05;4.19;976409;9753000.000
08/09/2006;4.17;4.24;4.09;4.15;593661;5973664.500
08/10/2006;4.12;4.44;4.12;4.37;1471925;15430542.000
08/11/2006;4.32;4.41;4.26;4.39;843873;8857578.000
08/14/2006;4.41;4.49;4.19;4.22;1995021;21158508.000
08/15/2006;4.20;4.40;4.20;4.35;726109;7609995.000
08/16/2006;4.35;4.42;4.26;4.38;1065371;11195034.000
08/17/2006;4.37;4.37;4.27;4.28;591702;6135231.000
08/18/2006;4.26;4.34;4.24;4.24;471098;4880362.500
08/21/2006;3.97;4.27;3.97;4.26;618490;6208687.000
08/22/2006;4.31;4.42;4.24;4.42;1498265;15776750.000
08/23/2006;4.43;4.43;4.32;4.33;609754;6435500.500
08/24/2006;4.33;4.41;4.29;4.37;820269;8659043.000
08/25/2006;4.38;4.42;4.32;4.34;567610;5980435.000
08/28/2006;4.31;4.60;4.31;4.53;1921869;20937920.000
08/29/2006;4.52;4.69;4.52;4.58;1747666;19465174.000
08/30/2006;4.51;4.82;4.50;4.76;1723939;19594550.000
08/31/2006;4.76;4.82;4.71;4.76;798860;9205652.000
09/01/2006;4.76;4.76;4.55;4.67;1514626;17030208.000
09/04/2006;4.68;4.79;4.67;4.72;817212;9353246.000
09/05/2006;4.76;4.77;4.60;4.75;1127715;12838511.000
09/06/2006;4.72;4.79;4.67;4.75;645802;7397076.000
09/07/2006;4.72;4.74;4.56;4.67;651406;7279480.000
09/08/2006;4.67;4.71;4.59;4.67;886265;10029223.000
09/11/2006;4.68;4.92;4.68;4.87;1383155;16169246.000
09/12/2006;4.78;4.95;4.78;4.95;1525903;18070864.000
09/13/2006;4.94;4.95;4.81;4.82;604621;7113858.000
09/14/2006;4.82;4.82;4.42;4.54;1124668;12496834.000
09/15/2006;4.55;4.65;4.50;4.62;479037;5291276.000
09/18/2006;4.63;4.74;4.55;4.67;1152605;12999608.000
09/19/2006;4.65;4.72;4.62;4.67;738317;8344445.000
09/20/2006;4.62;4.70;4.55;4.62;532976;5957933.500
09/21/2006;4.58;4.74;4.58;4.69;713018;8024878.000
09/22/2006;4.63;4.74;4.62;4.72;708784;8048784.000
09/25/2006;4.76;4.76;4.63;4.67;520703;5861429.000
09/26/2006;4.57;4.63;4.54;4.57;416708;4617752.000
09/27/2006;4.56;4.57;4.42;4.47;670758;7272370.500
09/28/2006;4.47;4.62;4.46;4.57;867660;9467764.000
09/29/2006;4.57;4.65;4.55;4.61;609828;6802135.000
10/09/2006;4.73;4.73;4.57;4.64;622833;6961544.500
10/10/2006;4.67;4.97;4.64;4.87;1793012;20925912.000
10/11/2006;4.84;4.93;4.76;4.89;1038935;12135032.000
10/12/2006;4.89;4.89;4.76;4.82;662803;7719299.000
10/13/2006;4.79;4.84;4.69;4.69;698023;7986407.500
10/16/2006;4.68;4.68;4.44;4.47;2016653;21935446.000
10/17/2006;4.46;4.52;4.42;4.47;1053661;11353197.000
10/18/2006;4.43;4.56;4.42;4.54;681833;7388126.500
10/19/2006;4.50;4.59;4.46;4.57;1020978;11169795.000
10/20/2006;4.61;4.61;4.46;4.49;879000;9611436.000
10/23/2006;4.48;4.54;4.43;4.44;661622;7166749.000
10/24/2006;4.41;4.55;4.41;4.51;518903;5647145.500
10/25/2006;4.56;4.56;4.46;4.55;734814;8038007.000
10/26/2006;4.55;4.57;4.46;4.48;475890;5170929.000
10/27/2006;4.46;4.47;4.22;4.31;648629;6798103.000
10/30/2006;4.31;4.31;4.09;4.20;1202042;12237446.000
10/31/2006;4.30;4.30;4.18;4.20;739312;7530742.000
11/01/2006;4.20;4.25;4.17;4.17;1449544;14690245.000
11/02/2006;4.15;4.33;4.15;4.21;1074817;11039553.000
11/03/2006;4.22;4.29;4.17;4.24;1380321;14096751.000
11/06/2006;4.21;4.27;4.17;4.19;1126309;11472141.000
11/07/2006;4.19;4.22;4.09;4.20;857292;8621624.000
11/08/2006;4.20;4.20;4.09;4.13;894902;8947366.000
11/09/2006;4.11;4.19;4.08;4.13;835387;8334330.000
11/10/2006;4.12;4.12;4.01;4.04;1294033;12653843.000
11/13/2006;4.04;4.04;3.71;3.72;1704828;16063948.000
11/14/2006;3.68;3.78;3.57;3.63;1755687;15620140.000
11/15/2006;3.64;3.83;3.63;3.79;2251010;20337884.000
11/16/2006;3.80;3.82;3.69;3.71;1222354;11074445.000
11/17/2006;3.72;3.78;3.68;3.69;1178584;10697456.000
11/20/2006;3.69;3.78;3.63;3.71;608189;5456590.500
11/21/2006;3.66;3.93;3.66;3.91;1512684;14136384.000
11/22/2006;3.94;3.95;3.86;3.91;1030517;9744155.000
11/23/2006;3.92;4.04;3.88;4.03;1020375;9764263.000
11/24/2006;4.01;4.08;3.97;4.04;905385;8825468.000
11/27/2006;4.04;4.12;3.97;4.11;781883;7660988.500
11/28/2006;4.11;4.20;4.10;4.17;1177220;11772677.000
11/29/2006;4.16;4.19;4.05;4.17;762101;7624443.500
11/30/2006;4.17;4.20;4.10;4.17;1158346;11659530.000
12/01/2006;4.17;4.17;4.07;4.11;1440535;14303588.000
12/04/2006;4.11;4.32;4.11;4.32;1982564;20344084.000
12/05/2006;4.31;4.35;4.22;4.26;1359745;14054806.000
12/06/2006;4.23;4.26;4.04;4.13;1753235;17485754.000
12/07/2006;4.08;4.16;3.97;4.02;1125442;11075878.000
12/08/2006;3.98;4.02;3.81;3.82;1408890;13290994.000
12/11/2006;3.82;3.91;3.80;3.88;649300;6080882.500
12/12/2006;3.87;4.01;3.87;3.93;705735;6717027.500
12/13/2006;3.93;3.97;3.87;3.93;657960;6210926.500
12/14/2006;3.93;4.25;3.90;4.22;1680848;16631407.000
12/15/2006;4.22;4.29;4.15;4.22;1354360;13802707.000
12/18/2006;4.29;4.32;4.19;4.22;1658998;17069826.000
12/19/2006;4.24;4.28;4.00;4.09;3257677;32093502.000
12/20/2006;4.05;4.50;4.03;4.50;3665977;38451196.000
12/21/2006;4.65;4.94;4.55;4.64;4754297;54590592.000
12/22/2006;4.62;4.94;4.61;4.72;2921418;33654736.000
12/25/2006;4.78;4.83;4.62;4.66;1668033;18889970.000
12/26/2006;4.63;4.71;4.47;4.59;1821113;20041688.000
12/27/2006;4.47;4.59;4.44;4.52;1132191;12352025.000
12/28/2006;4.52;4.53;4.22;4.30;2078566;21816646.000
12/29/2006;4.32;4.40;4.23;4.32;1833664;19167350.000
01/04/2007;4.32;4.54;4.29;4.37;2130021;22768950.000
01/05/2007;4.37;4.81;4.30;4.81;3470934;39231752.000
01/08/2007;4.82;4.88;4.72;4.86;3083608;35630752.000
01/09/2007;4.87;5.26;4.82;5.25;4397419;54147616.000
01/10/2007;5.22;5.30;5.10;5.24;1979742;24832394.000
01/11/2007;5.24;5.56;5.12;5.25;2331566;30394098.000
01/12/2007;5.22;5.47;5.14;5.23;2833605;36111544.000
01/15/2007;5.23;5.55;5.22;5.51;1998562;26240984.000
01/16/2007;5.51;5.53;5.34;5.47;2119601;27775034.000
01/17/2007;5.42;5.79;5.38;5.42;2505345;33724992.000
01/18/2007;5.34;5.76;5.34;5.67;2010072;26471622.000
01/19/2007;5.67;6.01;5.67;5.89;2503155;35270672.000
01/22/2007;5.90;6.05;5.89;5.95;2186799;31429386.000
01/23/2007;5.96;6.01;5.64;5.79;3008554;42122604.000
01/24/2007;5.79;6.02;5.55;5.97;3011214;42563316.000
01/26/2007;5.51;5.79;5.37;5.67;2155730;28881208.000
01/29/2007;5.67;5.76;5.58;5.72;1752404;23904950.000
01/30/2007;5.68;5.68;5.47;5.55;1277536;17166194.000
01/31/2007;5.47;5.70;5.13;5.34;1662334;22012352.000
02/01/2007;5.36;5.38;5.18;5.26;1148228;14759059.000
02/02/2007;5.37;5.55;5.26;5.34;1295967;16922864.000
02/05/2007;5.32;5.42;5.32;5.36;812654;10525250.000
02/06/2007;5.38;5.54;5.20;5.46;1542911;19901840.000
02/07/2007;5.44;5.57;5.42;5.53;1561519;20673200.000
02/08/2007;5.53;5.68;5.45;5.60;1422787;19154302.000
02/09/2007;5.60;5.66;5.39;5.52;1183889;15743582.000
02/12/2007;5.52;5.62;5.44;5.56;901925;12063804.000
02/13/2007;5.52;5.68;5.52;5.68;1286347;17510324.000
02/14/2007;5.78;6.08;5.69;6.00;1628302;23357994.000
02/15/2007;6.00;6.13;5.97;6.07;1111223;16204146.000
02/16/2007;6.17;6.67;6.00;6.64;3087805;48731732.000
02/26/2007;6.67;6.85;6.53;6.70;1630416;26281162.000
02/27/2007;6.69;6.87;6.03;6.03;1869670;28598850.000
02/28/2007;5.97;6.22;5.80;6.21;1761877;25503060.000
03/01/2007;6.09;6.13;5.79;5.95;1007179;14372194.000
03/02/2007;5.92;6.13;5.81;6.03;646046;9375089.000
03/05/2007;6.03;6.19;5.79;5.99;817053;11707352.000
03/06/2007;6.00;6.15;5.94;6.09;848209;12368001.000
03/07/2007;6.10;6.30;6.05;6.29;848117;12633392.000
03/08/2007;6.30;6.67;6.22;6.55;1103177;17234088.000
03/09/2007;6.54;6.67;6.42;6.51;901446;14246346.000
03/12/2007;6.54;6.58;6.38;6.51;634291;9896160.000
03/13/2007;6.53;6.85;6.49;6.69;1624553;26285232.000
03/14/2007;6.57;6.63;6.42;6.54;667929;10531075.000
03/15/2007;6.56;6.63;6.49;6.55;676184;10679046.000
03/16/2007;6.55;6.57;6.22;6.39;897142;13898763.000
03/19/2007;6.19;6.42;6.13;6.35;589842;9011001.000
03/20/2007;6.37;6.52;6.26;6.47;437681;6809930.500
03/21/2007;6.54;6.67;6.47;6.51;323900;5124496.500
03/22/2007;6.47;6.82;6.47;6.67;1333218;21625478.000
03/23/2007;6.69;6.80;6.47;6.68;1051988;16814978.000
03/26/2007;6.63;7.13;6.63;7.03;1257071;21044532.000
03/27/2007;6.96;7.09;6.87;6.96;1186603;19894042.000
03/28/2007;7.00;7.09;6.63;6.78;1211667;19868098.000
03/29/2007;6.78;6.88;6.55;6.55;897887;14434773.000
03/30/2007;6.54;6.65;6.39;6.47;1137874;17802416.000
04/02/2007;6.60;6.71;6.44;6.63;883863;13999231.000
04/03/2007;6.63;6.67;6.48;6.64;701156;11165623.000
04/04/2007;6.59;6.76;6.56;6.76;1463880;23682468.000
04/05/2007;6.74;6.80;6.55;6.65;1081996;17415960.000
04/06/2007;6.59;6.74;6.55;6.72;1319947;21277050.000
04/09/2007;6.68;6.99;6.68;6.92;1562718;26017880.000
04/10/2007;6.97;6.97;6.63;6.82;1085151;17794642.000
04/11/2007;6.74;6.96;6.71;6.88;1332271;21984102.000
04/12/2007;6.84;6.97;6.84;6.88;1358100;22632190.000
04/13/2007;6.92;7.22;6.89;7.07;2347503;40134568.000
04/16/2007;7.26;7.64;7.09;7.54;2270493;40860272.000
04/17/2007;7.54;7.55;7.17;7.47;1735708;30963754.000
04/18/2007;7.55;7.55;7.26;7.46;1308146;23286634.000
04/20/2007;7.19;7.92;7.17;7.78;2193840;39525044.000
04/23/2007;7.74;7.91;7.67;7.90;1806857;34086596.000
04/24/2007;7.84;8.26;7.64;7.89;1797370;34247540.000
04/25/2007;7.80;7.97;7.56;7.76;1384632;25773856.000
04/26/2007;7.65;7.76;7.55;7.61;908310;16764223.000
04/27/2007;7.64;7.74;7.30;7.32;1065889;19069808.000
04/30/2007;7.28;7.67;7.28;7.63;1228235;22340510.000
05/08/2007;7.65;8.22;7.65;8.08;2432114;46854376.000
05/09/2007;8.09;8.87;8.01;8.59;2402226;49194392.000
05/10/2007;8.63;8.74;8.32;8.62;1712253;35228556.000
05/11/2007;8.58;8.58;8.14;8.47;2010439;40320864.000
05/14/2007;8.12;8.72;8.12;8.44;1555070;31840694.000
05/15/2007;8.46;8.49;8.05;8.17;1486202;29412632.000
05/16/2007;8.26;8.51;8.05;8.42;1018865;20296476.000
05/17/2007;8.42;8.63;8.34;8.51;1474175;30311000.000
05/18/2007;8.51;8.80;8.42;8.72;1712727;35557572.000
05/21/2007;8.59;9.19;8.47;8.92;2412362;52166900.000
05/22/2007;8.92;9.01;8.75;8.87;1780120;38042664.000
05/23/2007;9.04;9.13;8.82;8.92;1549639;33284946.000
05/24/2007;9.03;9.12;8.51;8.81;1992213;42297324.000
05/25/2007;8.80;8.97;8.59;8.81;1308682;27703844.000
05/28/2007;8.92;9.53;8.82;9.49;2436627;53196256.000
05/29/2007;9.46;9.88;9.28;9.49;2154812;49470908.000
05/30/2007;8.88;9.34;8.54;8.54;2418043;51582264.000
06/01/2007;8.52;8.92;7.85;8.42;2358635;49237712.000
06/04/2007;8.51;8.63;7.57;7.57;1340113;25035510.000
06/05/2007;7.57;7.67;6.81;7.53;1740865;30138270.000
06/06/2007;7.59;8.29;7.28;8.29;1107984;21148494.000
06/07/2007;8.39;8.92;8.39;8.70;1431600;29948388.000
06/08/2007;8.78;9.02;8.52;8.72;1284884;22709106.000
06/11/2007;8.91;8.96;8.56;8.81;1136270;20001702.000
06/12/2007;8.86;9.62;8.82;9.54;2262277;41566360.000
06/13/2007;9.60;9.85;9.48;9.54;2050664;39797180.000
06/14/2007;9.37;9.47;9.17;9.33;1827295;34061636.000
06/15/2007;9.32;9.57;9.09;9.37;1588633;29787748.000
06/18/2007;9.73;10.31;9.60;10.31;4118653;83322072.000
06/19/2007;10.57;10.90;10.25;10.67;4455569;94541040.000
06/20/2007;10.97;11.22;10.26;10.42;3278765;71195648.000
06/21/2007;10.28;11.46;10.22;11.46;4331831;94385800.000
06/22/2007;11.50;11.77;10.57;10.85;2454069;55149648.000
06/25/2007;10.98;11.15;9.81;9.87;2126859;43550120.000
06/26/2007;9.50;9.96;9.05;9.91;1377871;26272252.000
06/27/2007;9.97;10.62;9.70;10.62;1548540;31933676.000
06/28/2007;10.61;10.72;9.56;9.56;1569750;31963950.000
06/29/2007;9.35;9.72;8.92;9.41;1808460;33581748.000
07/02/2007;9.40;9.47;8.86;9.12;990824;18159734.000
07/03/2007;9.12;9.47;9.02;9.42;611789;11345334.000
07/04/2007;9.42;9.46;8.92;9.06;579949;10574079.000
07/05/2007;8.96;8.97;8.15;8.15;645640;10967318.000
07/06/2007;8.15;8.67;7.51;8.56;2346225;37708928.000
07/09/2007;8.40;8.65;8.32;8.48;1790142;30665210.000
07/10/2007;8.53;8.80;8.12;8.16;912723;15402138.000
07/11/2007;8.07;8.34;7.77;8.17;400118;6520080.000
07/12/2007;8.32;8.34;8.08;8.21;420180;6957484.500
07/13/2007;8.23;8.29;8.10;8.27;347455;5709398.500
07/16/2007;8.32;8.52;8.13;8.29;689786;11578808.000
07/17/2007;8.88;8.89;8.25;8.45;736678;12714921.000
07/18/2007;8.46;8.80;8.32;8.63;1004170;17341176.000
07/19/2007;8.47;8.72;8.47;8.63;335773;5804138.000
07/20/2007;8.63;9.01;8.54;8.82;1145878;20293702.000
07/23/2007;8.97;9.31;8.88;9.31;2212962;40511160.000
07/24/2007;9.32;9.71;9.26;9.32;1486829;28288380.000
07/25/2007;9.32;9.56;9.19;9.44;921811;17338992.000
07/26/2007;9.46;9.57;9.33;9.47;1197511;22725798.000
07/27/2007;9.47;9.96;9.24;9.96;1683476;32664522.000
07/30/2007;9.95;10.26;9.76;10.17;1824984;36796752.000
07/31/2007;10.12;10.36;9.82;10.19;1587858;32159684.000
08/01/2007;10.36;10.37;9.47;9.60;1464567;29147260.000
08/02/2007;9.05;10.57;9.05;10.57;3078092;61035060.000
08/03/2007;10.80;11.52;10.57;10.71;4375458;95530416.000
08/06/2007;10.80;10.90;10.28;10.48;1873939;39391548.000
08/07/2007;10.37;10.47;10.07;10.23;1233523;25364202.000
08/08/2007;10.21;10.71;10.07;10.42;1303684;27255630.000
08/09/2007;10.41;10.77;10.23;10.71;1532652;32420690.000
08/10/2007;10.71;10.95;10.15;10.72;1520216;32472962.000
08/13/2007;10.77;11.41;10.67;11.04;1919727;42250128.000
08/14/2007;11.02;11.16;10.72;10.97;1498291;32789816.000
08/15/2007;10.97;11.27;10.71;10.87;1723254;38045652.000
08/16/2007;10.87;10.87;10.57;10.68;800798;17170112.000
08/17/2007;10.48;10.86;10.24;10.34;1205770;25292554.000
08/20/2007;10.57;10.80;10.47;10.65;912248;19346828.000
08/21/2007;10.65;10.72;10.41;10.66;820977;17364744.000
08/22/2007;10.42;10.65;10.31;10.55;1338658;28215934.000
08/23/2007;10.55;10.67;10.38;10.57;1036513;21955624.000
08/24/2007;10.49;11.15;10.47;10.82;1293532;27987328.000
08/27/2007;10.82;11.10;10.48;10.59;1059667;22853640.000
08/28/2007;10.47;10.57;10.12;10.23;1161602;23928568.000
08/29/2007;10.25;11.25;10.24;11.25;5881371;131753224.000
08/30/2007;11.72;12.38;11.38;12.23;5007420;120840912.000
08/31/2007;12.12;13.45;11.97;12.77;4572291;118902304.000
09/03/2007;12.77;13.10;12.54;12.87;2916287;74660560.000
09/04/2007;12.87;13.47;12.78;13.15;1834643;48175536.000
09/05/2007;13.16;13.72;12.88;13.09;2472423;65342064.000
09/06/2007;13.02;13.26;12.91;12.98;1572065;41224212.000
09/07/2007;12.97;13.27;12.72;12.90;2844832;73951800.000
09/10/2007;12.72;13.47;12.72;13.32;1825127;48473052.000
09/11/2007;13.33;14.45;13.12;13.58;3294751;89977768.000
09/12/2007;13.62;14.94;13.38;14.92;4087328;117853432.000
09/14/2007;15.02;16.42;15.02;16.42;3024501;97101104.000
09/17/2007;16.88;16.91;16.16;16.72;2013225;66869888.000
09/18/2007;16.61;17.86;16.61;17.27;3935216;136379808.000
09/19/2007;17.30;17.47;16.51;17.02;1814286;61394692.000
09/20/2007;16.97;18.12;16.52;17.77;1461458;51147964.000
09/21/2007;17.86;18.04;17.17;18.00;1382086;48804564.000
09/24/2007;18.22;19.36;18.21;18.87;1450316;54986560.000
09/25/2007;19.02;19.67;18.83;19.04;2383677;91916864.000
09/26/2007;18.97;18.97;17.98;18.22;1020788;37626544.000
09/27/2007;18.24;18.77;17.72;18.27;1260159;45560820.000
09/28/2007;18.71;19.37;18.27;19.22;1872579;70340112.000
10/08/2007;19.42;20.47;18.97;19.47;1421028;55740580.000
10/09/2007;19.47;19.56;19.01;19.30;467815;18089322.000
10/10/2007;19.47;19.47;19.03;19.09;703628;27120008.000
10/11/2007;19.02;19.33;18.52;19.09;723750;27550966.000
10/12/2007;19.12;19.12;17.18;17.77;1861487;65595212.000
10/15/2007;17.77;17.82;16.73;17.57;1076094;36929596.000
10/16/2007;17.47;17.87;17.09;17.68;543455;19119648.000
10/17/2007;17.96;18.53;17.72;17.97;786820;28645642.000
10/18/2007;17.97;17.97;17.08;17.45;388243;13499116.000
10/19/2007;17.45;17.57;16.69;17.45;654893;22679658.000
10/22/2007;17.45;17.96;17.08;17.72;553618;19691570.000
10/23/2007;17.93;17.93;17.07;17.67;360161;12667369.000
10/24/2007;17.92;17.92;16.73;17.56;616706;21301024.000
10/25/2007;17.56;17.56;16.09;17.18;807638;27663206.000
10/26/2007;17.18;17.92;16.91;17.87;490491;16990160.000
10/29/2007;17.97;19.61;17.97;19.28;1212196;45896000.000
10/30/2007;19.78;20.24;19.31;19.59;1242413;49639160.000
10/31/2007;19.57;21.12;19.17;20.58;1299930;53153312.000
11/01/2007;20.62;21.31;20.00;20.32;575650;23934532.000
11/02/2007;20.32;20.77;19.98;20.34;390865;15953192.000
11/05/2007;20.34;21.11;20.15;20.59;487804;20340816.000
11/06/2007;20.47;20.72;19.27;19.86;995440;39131644.000
11/07/2007;19.86;20.22;19.42;19.97;210976;8335855.000
11/08/2007;19.97;19.98;19.27;19.37;222715;8711897.000
11/09/2007;19.02;19.34;18.72;19.07;694938;26455380.000
11/12/2007;19.07;19.07;17.23;17.71;1464377;52656684.000
11/13/2007;17.97;18.33;17.20;17.23;447000;15734720.000
11/14/2007;17.23;17.97;16.57;17.96;1823469;61941188.000
11/15/2007;17.86;17.95;17.17;17.48;546945;19208222.000
11/16/2007;17.48;17.91;17.22;17.82;337782;11977533.000
11/19/2007;17.84;19.52;17.84;19.47;875779;33028318.000
11/20/2007;19.86;19.97;19.37;19.57;537735;21225380.000
11/21/2007;19.86;19.87;19.42;19.57;362513;14218775.000
11/22/2007;19.41;20.22;18.63;19.47;473910;18547098.000
11/23/2007;19.62;19.62;19.10;19.41;230202;8877568.000
11/26/2007;19.70;19.72;18.77;18.97;308532;11880183.000
11/27/2007;18.47;18.91;17.50;18.12;1001258;36215716.000
11/28/2007;18.27;18.29;17.62;17.96;277377;9996956.000
11/29/2007;17.96;18.26;17.72;18.22;461023;16646564.000
11/30/2007;18.46;18.46;17.85;17.97;204800;7380953.500
12/03/2007;17.95;18.27;17.67;18.02;167442;6017614.000
12/04/2007;18.07;18.42;18.00;18.11;131584;4773140.500
12/05/2007;18.10;18.97;18.10;18.66;396482;14800336.000
12/06/2007;18.66;19.47;18.66;19.22;360651;13801125.000
12/07/2007;19.22;19.42;19.03;19.16;430033;16542897.000
12/10/2007;18.66;19.72;18.66;19.72;621317;24089258.000
12/11/2007;19.73;20.37;19.73;20.07;735884;29568042.000
12/12/2007;20.07;20.52;19.88;20.42;1270114;51749732.000
12/13/2007;20.47;21.97;20.33;21.15;1979694;84264168.000
12/14/2007;21.11;21.69;20.85;20.98;1830854;77779688.000
12/17/2007;21.14;22.19;20.92;22.07;2132406;92314008.000
12/18/2007;22.04;22.97;21.62;22.12;1102257;49206548.000
12/19/2007;22.19;22.72;21.81;22.65;840700;37647376.000
12/20/2007;22.97;23.36;22.33;22.37;475695;21653076.000
12/21/2007;22.22;22.66;21.42;21.83;1518970;66110900.000
12/24/2007;21.97;22.72;21.72;22.55;936888;41821100.000
12/25/2007;22.52;23.22;22.33;23.02;786950;36168628.000
12/26/2007;23.32;23.42;21.77;21.91;1255991;55902804.000
12/27/2007;21.96;22.72;21.87;22.02;939730;41756420.000
12/28/2007;22.02;22.72;21.07;21.97;1375683;59903856.000
01/02/2008;21.98;22.36;21.47;22.16;854676;37724624.000
01/03/2008;22.15;22.96;21.87;22.92;973161;44127016.000
01/04/2008;22.97;23.71;22.48;22.98;713154;32987174.000
01/07/2008;22.47;24.12;22.47;23.97;1109050;52127216.000
01/08/2008;23.97;24.42;22.88;22.97;859709;40453400.000
01/09/2008;23.01;23.42;22.80;23.10;613565;28335358.000
01/10/2008;23.33;23.71;22.35;22.41;1248053;56547920.000
01/11/2008;22.41;22.72;21.62;21.97;971065;42605208.000
01/14/2008;21.95;22.45;21.87;21.98;451451;19905992.000
01/15/2008;21.98;22.97;21.83;22.40;619296;27917776.000
01/16/2008;22.48;22.87;21.93;22.37;515640;23096626.000
01/17/2008;22.46;22.46;21.01;21.95;753107;33327496.000
01/18/2008;21.97;22.36;21.62;21.95;483729;21152300.000
01/21/2008;21.97;22.72;21.57;22.07;1312739;58246728.000
01/22/2008;21.97;22.07;19.86;21.37;1008169;42382124.000
01/23/2008;21.22;21.72;20.53;21.38;427400;18150308.000
01/24/2008;21.36;21.97;20.72;21.70;638427;27193212.000
01/25/2008;21.62;21.62;20.82;20.97;431816;18307212.000
01/28/2008;20.87;20.96;19.37;19.96;616706;24364966.000
01/29/2008;20.10;20.10;19.50;19.96;366100;14501526.000
01/30/2008;20.22;20.43;19.37;19.97;383342;15248707.000
01/31/2008;19.59;20.12;19.07;19.57;340300;13405268.000
02/01/2008;19.02;19.62;17.61;18.97;1041899;38102108.000
02/04/2008;18.97;20.17;18.97;19.97;1660719;65274368.000
02/05/2008;19.81;19.96;19.46;19.56;403967;15872519.000
02/13/2008;19.97;20.13;19.22;19.72;678400;26688056.000
02/14/2008;19.55;20.77;19.55;20.72;735937;30148254.000
02/15/2008;20.62;21.72;20.62;21.71;1152636;49398496.000
02/18/2008;21.96;23.02;21.77;22.87;2647528;120821168.000
02/19/2008;22.87;23.27;22.48;22.88;2278578;104530680.000
02/20/2008;23.02;23.22;21.86;22.15;2439875;109461560.000
02/21/2008;22.15;22.72;21.97;21.99;1786308;79963384.000
02/22/2008;22.12;22.12;20.73;21.14;1025694;43771196.000
02/25/2008;21.42;21.42;19.76;19.92;723151;29701586.000
02/26/2008;20.37;20.71;19.60;20.16;1081597;43286072.000
02/27/2008;20.21;20.69;20.20;20.33;644045;26458212.000
02/28/2008;20.35;20.68;19.90;20.46;467647;18883324.000
02/29/2008;20.37;21.41;19.98;21.22;808085;33653032.000
03/03/2008;20.97;21.87;20.53;21.37;1289627;55650544.000
03/04/2008;21.37;21.47;20.97;20.97;977196;41600696.000
03/05/2008;20.87;20.87;19.97;20.12;737784;30036246.000
03/06/2008;20.18;20.79;19.78;20.07;903635;36479232.000
03/07/2008;20.07;21.72;19.72;21.66;2226333;93808576.000
03/10/2008;21.65;22.20;20.97;21.48;1324642;57730752.000
03/11/2008;21.23;21.71;20.93;21.56;720772;30845626.000
03/13/2008;20.97;20.97;19.52;19.53;1331613;52881596.000
03/14/2008;19.47;19.70;18.37;18.86;1440740;54716788.000
03/17/2008;18.86;19.06;17.17;17.24;955242;34213468.000
03/18/2008;17.12;17.37;15.51;15.55;838177;26958782.000
03/19/2008;15.53;16.95;15.53;16.17;987902;31971530.000
03/20/2008;15.87;17.67;14.81;17.62;1709920;55426472.000
03/21/2008;17.96;18.33;16.78;17.58;2575917;45177488.000
03/24/2008;17.71;18.17;16.79;16.98;1566541;27464024.000
03/25/2008;16.63;17.96;15.98;17.68;1726347;29461372.000
03/26/2008;17.78;18.46;17.38;17.68;2230547;40179604.000
03/27/2008;17.20;17.53;16.59;16.68;1233849;21062184.000
03/28/2008;16.58;17.23;15.58;16.98;1247948;20575666.000
03/31/2008;16.68;16.88;15.83;15.84;758459;12330887.000
04/01/2008;15.84;16.03;14.25;14.25;2279270;33088412.000
04/02/2008;13.99;14.28;12.82;13.17;3418132;44818108.000
04/03/2008;12.78;13.84;12.48;13.57;1515422;19960732.000
04/07/2008;13.35;14.58;13.16;14.28;1585427;22318744.000
04/08/2008;14.20;14.88;13.68;14.43;2170367;31256742.000
04/09/2008;14.36;14.58;13.49;13.88;1366316;19190638.000
04/10/2008;13.99;14.98;13.96;14.93;4944213;70883008.000
04/11/2008;15.17;16.08;14.98;15.77;4980667;77947504.000
04/14/2008;15.37;15.48;14.19;14.19;3171694;46504764.000
04/15/2008;13.99;14.83;13.53;14.67;1998611;28267476.000
04/16/2008;14.47;15.28;14.43;14.78;1974435;29305726.000
04/17/2008;14.70;15.30;14.16;15.28;4563029;67887240.000
04/18/2008;15.13;15.25;14.38;14.65;1526423;22617982.000
04/21/2008;15.68;15.85;14.19;14.29;2761451;41351864.000
04/22/2008;13.99;14.00;12.86;13.55;3431424;45518456.000
04/23/2008;13.43;14.34;13.04;14.03;2574600;35214792.000
04/24/2008;15.18;15.43;14.57;15.28;7021156;105750240.000
04/25/2008;14.78;15.84;14.68;15.13;5799943;88669248.000
04/28/2008;14.98;16.65;14.79;16.65;10951176;178432416.000
04/29/2008;16.54;16.88;16.11;16.88;7899519;131065824.000
04/30/2008;16.95;17.83;16.83;17.44;7231105;126679728.000
05/05/2008;17.64;18.28;16.91;17.94;8032513;142047920.000
05/06/2008;17.79;18.45;17.48;17.74;8273776;149341072.000
05/07/2008;17.53;17.73;16.48;16.48;6591445;112961200.000
05/08/2008;16.18;17.58;15.80;17.37;5422950;91507904.000
05/09/2008;17.48;18.27;17.08;17.65;10859170;192648560.000
05/12/2008;17.48;18.86;17.28;18.56;12977710;236933168.000
05/13/2008;18.08;18.48;17.48;17.88;10745539;192905072.000
05/14/2008;17.71;19.07;17.71;18.83;8832162;163998784.000
05/15/2008;18.98;19.15;18.30;18.38;6547514;121946856.000
05/16/2008;18.08;18.67;17.28;17.80;4520551;81294776.000
05/19/2008;17.68;17.92;16.99;17.61;2446946;42905592.000
05/20/2008;17.66;17.99;15.86;15.97;4117022;70197272.000
05/21/2008;15.48;16.38;14.84;16.28;5205834;81411288.000
05/22/2008;16.15;17.14;15.88;16.38;4587077;76639456.000
05/23/2008;16.23;16.46;15.31;15.55;3759049;59424960.000
05/27/2008;14.88;15.18;14.58;14.92;3198376;47691400.000
05/28/2008;14.98;15.77;14.70;15.56;2721587;41462576.000
05/29/2008;15.63;16.17;15.11;15.72;3781611;59283756.000
05/30/2008;15.82;16.77;15.67;16.37;7612938;124264880.000
06/02/2008;16.28;16.59;16.03;16.23;2853988;46391080.000
06/03/2008;16.28;16.37;16.06;16.28;2229850;36150548.000
06/04/2008;16.11;16.34;15.48;16.18;2802089;44700888.000
06/05/2008;15.97;16.57;15.83;16.47;3263655;53285696.000
06/06/2008;16.63;16.83;16.28;16.29;3312941;54827112.000
06/10/2008;15.28;16.18;14.66;14.66;2466818;37492644.000
06/11/2008;14.39;14.82;13.34;13.38;4169996;58474636.000
06/12/2008;13.08;13.54;12.53;13.23;4260995;55342536.000
06/13/2008;13.37;13.56;12.60;12.80;2826427;36693972.000
06/16/2008;12.70;12.87;11.52;12.08;3346073;39950920.000
06/17/2008;12.03;12.22;10.87;11.04;4239013;47726880.000
06/18/2008;10.83;11.80;10.01;11.58;5818229;64811364.000
06/19/2008;11.35;11.35;10.42;10.42;3287377;35584412.000
06/20/2008;10.56;11.29;9.49;10.60;5114722;54501952.000
06/23/2008;10.26;11.03;10.01;10.68;2235307;23867236.000
06/24/2008;10.50;11.38;10.50;11.19;3285301;36344624.000
06/25/2008;11.17;11.86;10.99;11.82;3799549;43933896.000
06/26/2008;11.83;12.34;11.72;11.88;3509768;42292504.000
06/27/2008;11.48;11.73;10.69;10.69;3732474;41501244.000
06/30/2008;10.38;10.83;10.00;10.36;2055328;21474952.000
07/01/2008;10.46;10.73;10.14;10.42;1833782;19133204.000
07/02/2008;10.42;10.74;10.36;10.54;1777056;18815518.000
07/03/2008;10.38;11.46;10.14;11.26;4209095;46568684.000
07/04/2008;11.26;11.77;11.08;11.34;4076745;46748384.000
07/07/2008;11.56;12.45;11.44;12.29;5183884;62441340.000
07/08/2008;12.78;13.14;12.44;12.85;8675175;111466952.000
07/09/2008;13.03;13.43;12.48;13.33;7740401;100047528.000
07/10/2008;13.06;13.50;12.75;12.76;5130121;67510320.000
07/11/2008;12.61;12.89;12.53;12.73;2975576;37774648.000
07/14/2008;12.58;13.23;12.53;13.08;2666943;34718308.000
07/15/2008;13.11;13.43;12.58;12.73;4141057;53869692.000
07/16/2008;12.58;12.75;11.46;11.54;4296507;51376448.000
07/17/2008;11.79;11.98;11.01;11.22;2723134;31535278.000
07/18/2008;11.39;11.98;10.93;11.85;2864169;32747278.000
07/21/2008;11.83;12.67;11.54;12.65;3274662;40213260.000
07/22/2008;12.66;12.88;12.51;12.59;2517932;32039094.000
07/23/2008;12.63;12.86;12.33;12.66;2456083;30965490.000
07/24/2008;12.66;12.93;12.66;12.93;2787740;35892864.000
07/28/2008;12.98;13.26;12.80;13.22;3203202;41704712.000
07/29/2008;13.06;13.06;12.68;12.70;1825974;23478482.000
07/30/2008;12.86;12.96;12.40;12.61;1437526;18220424.000
07/31/2008;12.61;12.71;11.85;11.86;2013394;24701034.000
08/01/2008;11.58;12.28;11.38;11.98;1980870;23402564.000
08/04/2008;11.87;11.97;11.31;11.33;1061433;12407903.000
08/05/2008;11.43;11.88;11.29;11.33;1732039;20144716.000
08/06/2008;11.62;11.67;11.33;11.61;1241254;14298115.000
08/07/2008;11.60;11.76;11.44;11.73;1214959;14173466.000
08/08/2008;11.93;11.93;10.56;10.56;2054415;22609524.000
08/11/2008;10.32;10.63;9.50;9.50;2257530;22195886.000
08/12/2008;9.48;9.60;8.99;9.28;1370542;12817088.000
08/13/2008;9.10;9.38;8.66;9.31;1719251;15568078.000
08/14/2008;9.13;9.37;8.91;9.15;1157798;10615084.000
08/15/2008;9.14;9.27;8.98;9.08;739198;6786317.500
08/18/2008;9.26;9.26;8.17;8.18;1545316;13202622.000
08/19/2008;7.98;8.43;7.88;8.33;1138276;9430869.000
08/20/2008;8.28;9.14;8.01;9.14;2550399;22602258.000
08/21/2008;9.05;9.14;8.64;8.67;1791751;15976009.000
08/22/2008;8.73;8.94;8.38;8.76;1177020;10298813.000
08/25/2008;8.84;9.14;8.58;8.83;2374949;21321402.000
08/26/2008;8.58;8.68;7.95;8.07;2023129;16506841.000
08/27/2008;7.89;8.11;7.26;7.42;2803590;21138190.000
08/28/2008;7.38;7.56;7.36;7.43;1094257;8160433.500
08/29/2008;7.48;7.82;7.38;7.66;1459105;11147842.000
09/01/2008;7.63;7.63;7.03;7.26;1646796;11967700.000
09/02/2008;7.13;7.40;7.03;7.37;1126298;8199996.500
09/03/2008;7.25;7.43;6.98;7.34;3085817;22330264.000
09/04/2008;7.28;7.75;7.21;7.56;2354777;17671000.000
09/05/2008;7.28;7.43;7.16;7.23;1740888;12716552.000
09/08/2008;7.18;7.28;6.89;7.04;1728253;12186657.000
09/09/2008;7.04;7.22;6.90;7.17;891251;6337665.500
09/10/2008;7.08;7.43;7.03;7.22;1176200;8548218.000
09/11/2008;7.14;7.27;6.85;7.08;1232298;8688900.000
09/12/2008;7.08;7.16;6.94;7.10;948291;6710141.500
09/16/2008;6.98;7.04;6.76;6.98;1556276;10771562.000
09/17/2008;6.83;7.03;6.83;6.88;1216050;8474507.000
09/18/2008;6.70;6.79;6.19;6.56;2260350;14660233.000
09/19/2008;7.09;7.22;7.09;7.22;3329797;24016686.000
09/22/2008;7.70;7.87;7.11;7.54;8056853;60198612.000
09/23/2008;7.19;7.33;6.92;7.14;3896616;27965814.000
09/24/2008;6.97;7.23;6.90;7.11;2941318;20803832.000
09/25/2008;7.11;7.36;7.05;7.16;6915246;49778480.000
09/26/2008;7.23;7.23;6.68;6.99;5851948;40631696.000
10/06/2008;6.93;6.93;6.34;6.35;2546927;16608674.000
10/07/2008;6.12;6.33;5.98;6.19;3242869;19953624.000
10/08/2008;6.08;6.13;5.93;6.04;1807372;10940009.000
10/09/2008;6.10;6.20;5.86;5.86;1916947;11590005.000
10/10/2008;5.53;5.61;5.27;5.38;3873921;20791616.000
10/13/2008;5.37;5.49;4.86;5.49;3331614;17368494.000
10/14/2008;5.65;5.77;5.18;5.18;4232523;23611628.000
10/15/2008;5.16;5.16;4.96;5.10;1712128;8674443.000
10/16/2008;4.77;4.94;4.74;4.76;2144774;10413771.000
10/17/2008;4.83;4.97;4.78;4.89;1394251;6823232.000
10/20/2008;4.93;5.13;4.79;5.13;1933349;9734564.000
10/21/2008;5.26;5.46;5.17;5.27;5661240;30325466.000
10/22/2008;5.14;5.36;5.13;5.17;2587584;13589523.000
10/23/2008;4.98;5.22;4.93;5.20;1393640;7135983.000
10/24/2008;5.22;5.31;5.04;5.10;1736602;9045157.000
10/27/2008;4.98;4.98;4.59;4.60;2728799;13055880.000
10/28/2008;4.51;4.78;4.51;4.67;1918874;8972761.000
10/29/2008;4.78;4.80;4.55;4.64;2249882;10581433.000
10/30/2008;4.71;4.71;4.42;4.63;5262774;24030920.000
10/31/2008;4.56;4.56;4.29;4.36;4483957;19902398.000
11/03/2008;4.26;4.75;4.18;4.57;9112980;41241452.000
11/04/2008;4.49;4.56;4.21;4.45;4325617;19032454.000
11/05/2008;4.48;4.63;4.40;4.52;4288960;19506680.000
11/06/2008;4.36;4.40;4.28;4.37;2099041;9153282.000
11/07/2008;4.27;4.46;4.24;4.43;2183965;9636985.000
11/10/2008;4.55;4.83;4.51;4.77;8454594;39748516.000
11/11/2008;4.73;5.10;4.67;5.01;13161321;65383092.000
11/12/2008;4.92;5.32;4.92;5.25;9597546;48950504.000
11/13/2008;5.14;5.66;5.10;5.60;13412260;73551472.000
11/14/2008;5.64;5.77;5.45;5.73;14268189;80431776.000
11/17/2008;5.71;6.25;5.58;6.24;14862146;89903240.000
11/18/2008;6.12;6.38;5.61;5.61;14087923;83584560.000
11/19/2008;5.59;6.08;5.43;6.02;11846294;68490744.000
11/20/2008;5.83;6.05;5.70;5.80;10327563;60492396.000
11/21/2008;5.58;5.83;5.32;5.61;8242659;46079368.000
11/24/2008;5.65;5.75;5.23;5.27;5512248;30416754.000
11/25/2008;5.41;5.53;5.14;5.31;5275900;28192650.000
11/26/2008;5.35;5.49;5.27;5.35;3236986;17493366.000
11/27/2008;5.78;5.81;5.48;5.48;10470012;59140708.000
11/28/2008;5.46;5.57;5.26;5.27;5968906;32347248.000
12/01/2008;5.24;5.59;5.11;5.56;7034541;38296352.000
12/02/2008;5.40;6.12;5.35;6.12;26081550;157188976.000
12/03/2008;6.14;6.46;6.03;6.37;22565785;142063392.000
12/04/2008;6.37;6.93;6.23;6.27;18333162;120413152.000
12/05/2008;6.19;6.63;6.19;6.57;11465026;74221488.000
12/08/2008;6.61;6.93;6.61;6.89;13833368;93811008.000
12/09/2008;6.84;6.85;6.37;6.48;11717653;77550720.000
12/10/2008;6.43;6.93;6.38;6.91;12984456;86818296.000
12/11/2008;6.83;6.91;6.43;6.51;10444595;70008168.000
12/12/2008;6.38;6.52;5.87;6.02;8958324;55455816.000
12/15/2008;6.11;6.26;5.96;6.12;4754241;29141286.000
12/16/2008;6.07;6.33;5.78;6.29;5712546;34715288.000
12/17/2008;6.25;6.60;6.24;6.34;9053387;58582276.000
12/18/2008;6.38;6.64;6.29;6.60;8727561;56954268.000
12/19/2008;6.64;6.86;6.58;6.65;8809866;59640260.000
12/22/2008;6.58;7.01;6.50;6.87;10793998;73131248.000
12/23/2008;6.86;7.28;6.74;6.87;22757672;159661136.000
12/24/2008;6.72;6.83;6.28;6.46;10711675;71056824.000
12/26/2008;6.67;6.82;6.44;6.57;7250005;48326064.000
12/29/2008;6.57;7.23;6.50;7.23;20939344;147428592.000
12/30/2008;7.21;7.51;7.03;7.23;23595407;172471904.000
12/31/2008;7.09;7.75;7.09;7.44;19054635;142277776.000
01/05/2009;7.57;8.16;7.45;8.08;19677709;154297392.000
01/06/2009;7.98;8.35;7.88;8.17;19702551;160388304.000
01/07/2009;8.15;8.76;7.90;8.42;20410436;169984096.000
01/09/2009;8.28;8.56;8.11;8.39;17027637;142756864.000
01/12/2009;8.30;8.53;8.10;8.21;16556058;137372528.000
01/13/2009;8.23;8.44;7.85;7.87;13234559;108278616.000
01/14/2009;7.89;8.66;7.79;8.66;27431962;233314208.000
01/15/2009;8.66;9.26;8.45;8.89;30095823;265288096.000
01/16/2009;8.87;8.98;8.68;8.76;16629667;146535488.000
01/19/2009;8.81;8.85;8.60;8.84;10096479;87974344.000
01/20/2009;8.87;9.16;8.78;9.07;11381047;103022288.000
01/21/2009;8.97;9.01;8.68;8.77;10553306;93668248.000
01/23/2009;9.04;9.25;8.76;8.77;9124175;82022456.000
02/02/2009;8.79;8.98;8.68;8.92;6620449;58870648.000
02/03/2009;8.92;9.23;8.83;9.17;11120086;101461584.000
02/04/2009;9.27;9.63;9.05;9.18;14194102;131915736.000
02/05/2009;9.13;9.18;8.63;8.82;14413638;129643096.000
02/06/2009;8.82;9.18;8.82;9.16;13037850;118296728.000
02/09/2009;9.25;9.74;9.01;9.66;20469925;192949376.000
02/10/2009;9.63;10.15;9.38;10.05;14484004;140106448.000
02/11/2009;9.73;10.38;9.59;9.76;17066381;170501984.000
02/12/2009;9.74;10.47;9.44;10.32;16051334;160272880.000
02/13/2009;10.35;10.88;10.35;10.58;15745743;167436224.000
02/16/2009;10.64;10.77;10.21;10.43;15062336;157117920.000
02/17/2009;10.33;10.38;9.88;9.96;13046583;131927312.000
02/18/2009;9.68;10.33;9.63;9.78;12575638;126402296.000
02/19/2009;9.93;10.63;9.93;10.36;18348814;189640784.000
02/20/2009;10.42;11.06;10.21;11.00;17051940;181583152.000
02/23/2009;10.94;11.23;10.77;11.05;16243807;179642304.000
02/24/2009;10.88;11.03;10.13;10.23;13845450;147528880.000
02/25/2009;10.53;10.84;10.18;10.73;13821065;146096656.000
02/26/2009;10.98;11.38;9.69;10.30;20336533;220258032.000
02/27/2009;9.81;10.13;9.27;9.27;11414797;108958200.000
03/02/2009;8.88;9.36;8.71;9.12;8295765;75438232.000
03/03/2009;8.85;9.34;8.76;9.06;8157764;74094688.000
03/04/2009;9.07;9.86;9.07;9.76;11056226;105513272.000
03/05/2009;9.90;10.23;9.64;9.92;10652221;105797776.000
03/06/2009;9.69;9.87;9.38;9.51;7087930;68241416.000
03/09/2009;9.54;9.68;8.63;8.68;8412188;76748864.000
03/10/2009;8.68;9.08;8.64;9.08;6106866;54702192.000
03/11/2009;9.25;9.33;8.87;8.88;5249913;47988132.000
03/12/2009;8.78;9.16;8.73;9.13;4446761;39796708.000
03/13/2009;9.11;9.61;9.11;9.23;7863597;73973264.000
03/16/2009;9.16;9.43;9.13;9.35;5024744;46846000.000
03/17/2009;9.41;9.68;9.23;9.57;7697800;73490680.000
03/18/2009;9.67;10.02;9.58;9.78;9276310;91184272.000
03/19/2009;9.89;10.03;9.71;9.95;8858258;87619080.000
03/20/2009;9.88;10.23;9.54;10.13;12605202;125385488.000
03/23/2009;10.13;10.23;9.97;10.15;11246297;113849584.000
03/24/2009;10.18;10.48;10.00;10.37;12121742;123894336.000
03/25/2009;10.27;10.66;10.06;10.07;13118653;136941712.000
03/26/2009;10.00;10.78;9.73;10.65;15781740;162120896.000
03/27/2009;10.86;11.17;10.58;10.64;18485567;202029056.000
03/30/2009;10.53;10.86;10.39;10.56;8607059;91575856.000
03/31/2009;10.28;10.88;10.08;10.88;13833293;144266112.000
04/01/2009;10.92;11.22;10.78;10.98;16362925;180240368.000
04/02/2009;11.15;11.20;10.82;10.83;12898265;141711472.000
04/03/2009;10.93;10.94;10.32;10.47;12401612;131251800.000
04/07/2009;10.41;10.56;10.29;10.50;6976069;72794864.000
04/08/2009;10.46;10.46;10.00;10.01;9305532;95453712.000
04/09/2009;9.98;10.44;9.97;10.41;7851004;80072392.000
04/10/2009;10.43;11.23;10.43;11.17;26169260;287603648.000
04/13/2009;11.43;11.88;11.16;11.27;24235224;278357952.000
04/14/2009;11.24;11.64;11.04;11.42;13982033;159460960.000
04/15/2009;11.28;11.57;11.05;11.24;14325932;162136704.000
04/16/2009;11.27;11.37;10.87;11.13;12946304;143723344.000
04/17/2009;11.08;11.16;10.66;10.75;10701027;116307488.000
04/20/2009;10.75;11.41;10.75;11.33;10503493;116075256.000
04/21/2009;11.17;11.60;10.98;11.38;17474739;198295424.000
04/22/2009;11.39;11.47;10.38;10.48;12632576;139017648.000
04/23/2009;10.06;10.19;9.58;9.90;17355843;171845104.000
04/24/2009;9.83;9.86;9.27;9.32;15634964;148206208.000
04/27/2009;9.25;9.25;8.84;8.91;9337657;84074320.000
04/28/2009;8.90;9.15;8.86;9.08;6741101;61121956.000
04/29/2009;9.18;9.32;8.99;9.23;9777445;89631560.000
04/30/2009;9.21;9.48;9.18;9.32;8473582;79126640.000
05/04/2009;9.32;9.73;9.28;9.62;9119019;86977744.000
05/05/2009;10.13;10.58;9.99;10.58;34277251;358829856.000
05/06/2009;10.67;11.28;10.50;10.97;32730213;358752704.000
05/07/2009;11.21;11.21;10.67;10.91;21169633;230700016.000
05/08/2009;10.83;10.83;10.32;10.53;14500731;153046832.000
05/11/2009;10.48;10.48;9.69;9.70;16646047;167545904.000
05/12/2009;9.63;10.09;9.56;10.09;7370500;72870248.000
05/13/2009;10.10;10.24;9.91;10.06;7488458;75426152.000
05/14/2009;9.93;9.98;9.74;9.88;5526595;54654164.000
05/18/2009;9.88;10.36;9.88;10.31;8759055;89186080.000
05/19/2009;10.38;10.43;10.16;10.26;8327002;85791328.000
05/20/2009;10.27;10.76;10.08;10.43;12702078;132746632.000
05/21/2009;10.38;10.63;10.27;10.57;12488600;131133880.000
05/22/2009;10.75;10.95;10.45;10.55;13129744;141114240.000
05/25/2009;10.23;11.16;10.09;11.02;16833862;181407264.000
05/26/2009;10.98;11.33;10.63;10.71;17425539;192850768.000
05/27/2009;10.78;10.96;10.44;10.57;8489966;90438344.000
06/01/2009;10.69;10.86;10.53;10.71;8907404;95298512.000
06/02/2009;10.81;11.13;10.79;10.86;11404484;125004952.000
06/03/2009;10.87;10.94;10.58;10.70;8790522;94265488.000
06/04/2009;10.66;10.66;10.26;10.43;8839643;92234800.000
06/05/2009;10.43;10.48;10.25;10.29;5896399;61008804.000
06/08/2009;10.29;10.42;10.14;10.19;5228529;53884296.000
06/09/2009;10.18;10.37;9.76;10.37;10073126;101809800.000
06/10/2009;10.33;10.34;10.12;10.22;5613881;57308460.000
06/11/2009;10.21;10.36;10.01;10.06;5135420;52503932.000
06/12/2009;10.04;10.12;9.68;9.73;6544481;64732092.000
06/15/2009;9.73;9.98;9.71;9.92;3567707;35314072.000
06/16/2009;9.87;10.03;9.76;9.93;3312674;32932890.000
06/17/2009;9.93;10.01;9.71;9.98;4328760;42897428.000
06/18/2009;9.96;10.11;9.95;10.10;5218456;52586600.000
06/19/2009;10.10;10.20;9.98;10.02;5026994;50659776.000
06/22/2009;10.02;10.06;9.79;9.81;5137981;50842156.000
06/23/2009;9.70;9.90;9.68;9.77;3336398;32813044.000
06/24/2009;9.77;9.96;9.73;9.95;4266737;42237456.000
06/25/2009;9.96;10.08;9.82;10.07;5414509;53917792.000
06/26/2009;10.11;10.17;9.98;10.12;8069872;81634216.000
06/30/2009;10.13;10.20;9.80;9.83;4729956;47210732.000
07/01/2009;9.79;9.87;9.60;9.76;6873916;66903156.000
07/02/2009;9.77;9.88;9.64;9.79;5347698;52317320.000
07/03/2009;9.76;9.76;9.61;9.65;6451996;62445440.000
07/06/2009;9.65;9.68;9.33;9.42;7213578;68485936.000
07/07/2009;9.42;9.61;9.34;9.51;5125706;48966508.000
07/08/2009;9.48;9.66;9.48;9.65;3964261;38120632.000
07/09/2009;9.65;10.02;9.60;9.98;8884291;87544376.000
07/10/2009;9.98;10.11;9.91;9.94;8143767;81637608.000
07/13/2009;9.90;10.15;9.84;10.05;7338631;73829264.000
07/14/2009;10.13;10.13;9.94;10.06;8713524;87380360.000
07/15/2009;10.06;10.32;10.04;10.25;11362133;115907264.000
07/16/2009;10.27;10.32;10.09;10.25;9481552;96465824.000
07/17/2009;10.27;10.50;10.13;10.44;14850502;153966144.000
07/20/2009;10.51;10.88;10.51;10.56;16987173;181094400.000
07/21/2009;10.56;10.60;10.02;10.05;11002354;113123568.000
07/22/2009;10.03;10.26;10.03;10.17;7314409;74343128.000
07/23/2009;10.17;10.30;10.10;10.24;6749441;68723240.000
07/24/2009;10.28;10.32;9.90;10.01;7550893;76279832.000
07/27/2009;10.06;10.34;10.05;10.29;9009423;91784472.000
07/28/2009;10.39;10.97;10.28;10.69;20613568;218794608.000
07/29/2009;10.60;10.64;9.62;9.88;13472099;138320288.000
07/30/2009;9.87;10.08;9.51;9.82;6480241;63401112.000
07/31/2009;9.85;10.06;9.75;10.03;6616715;65940892.000
08/03/2009;10.14;10.50;10.03;10.49;10026588;103557728.000
08/04/2009;10.50;10.94;10.26;10.79;19636458;209232720.000
08/05/2009;10.79;10.98;10.50;10.93;17585189;189931440.000
08/06/2009;10.86;11.30;10.60;10.85;20792386;229161232.000
08/07/2009;10.84;11.23;10.43;10.56;14159914;153691856.000
08/10/2009;10.70;11.18;10.69;11.00;14615435;160062752.000
08/11/2009;10.95;10.95;10.45;10.56;12699212;134941904.000
08/12/2009;10.41;10.52;9.66;9.76;10955408;110160416.000
08/13/2009;9.81;9.94;9.60;9.74;5396760;52759824.000
08/14/2009;9.76;9.77;9.08;9.13;9111314;84961920.000
08/17/2009;9.01;9.14;8.40;8.45;6347634;55799548.000
08/18/2009;8.50;8.72;8.38;8.62;3686512;31575276.000
08/19/2009;8.60;8.72;7.81;7.89;5743600;47779076.000
08/20/2009;7.89;8.22;7.73;8.13;6348731;50895528.000
08/21/2009;8.13;8.32;8.00;8.32;6581606;53770472.000
08/24/2009;8.33;8.49;8.10;8.40;5955547;49420700.000
08/25/2009;8.30;8.30;7.63;7.93;7008225;56123036.000
08/26/2009;7.91;8.46;7.85;8.36;7115779;58765376.000
08/27/2009;8.30;8.60;8.24;8.46;6804114;57293708.000
08/28/2009;8.46;8.50;8.11;8.13;4523138;37160236.000
08/31/2009;8.00;8.04;7.60;7.75;4543763;35493116.000
09/01/2009;7.75;8.02;7.75;7.75;3199350;25178814.000
09/02/2009;7.75;7.84;7.46;7.66;3205631;24596636.000
09/03/2009;7.67;8.08;7.62;8.00;5508515;43335440.000
09/04/2009;7.96;8.28;7.90;8.16;6629184;53987500.000
09/07/2009;8.17;8.28;8.09;8.14;4917106;40186224.000
09/08/2009;8.05;8.38;8.05;8.31;6044102;49966452.000
09/09/2009;8.32;8.36;8.08;8.22;5129211;42043180.000
09/10/2009;8.20;8.36;8.11;8.22;4246892;35056468.000
09/11/2009;8.22;8.51;8.15;8.41;8771603;73334280.000
09/14/2009;8.42;8.62;8.35;8.53;7948888;67318664.000
09/15/2009;8.57;8.82;8.48;8.81;10535015;91679464.000
09/16/2009;8.99;9.25;8.85;8.94;21022461;190057040.000
09/17/2009;8.88;9.16;8.72;9.06;9352931;84621752.000
09/18/2009;9.05;9.06;8.55;8.60;9151969;80723760.000
09/21/2009;8.38;8.82;8.22;8.72;5365269;45533704.000
09/22/2009;8.70;9.06;8.60;8.70;5640053;49913952.000
09/23/2009;8.66;8.93;8.41;8.55;4526271;39463108.000
09/24/2009;8.53;8.53;8.12;8.37;3857128;32111200.000
09/25/2009;8.30;8.41;8.12;8.25;3369829;27812448.000
09/28/2009;8.25;8.41;7.77;7.82;3094116;24980588.000
09/29/2009;7.65;7.87;7.58;7.78;2591960;19995730.000
09/30/2009;7.86;7.95;7.63;7.64;2649547;20650728.000
10/09/2009;7.75;8.08;7.74;8.05;3051173;24250636.000
10/12/2009;8.20;8.20;8.01;8.05;1980876;16006212.000
10/13/2009;8.06;8.12;8.00;8.11;2114311;17068376.000
10/14/2009;8.11;8.31;8.11;8.16;2781004;22864486.000
10/15/2009;8.17;8.29;8.10;8.20;2850714;23349674.000
10/16/2009;8.23;8.33;8.07;8.21;2704362;22122342.000
10/19/2009;8.17;8.45;8.11;8.45;4455913;36968908.000
10/20/2009;8.55;8.60;8.35;8.48;4839391;40930736.000
10/21/2009;8.47;8.47;8.28;8.30;5293229;44257824.000
10/22/2009;8.28;8.40;8.25;8.32;3734169;31072016.000
10/23/2009;8.35;8.48;8.32;8.43;4791633;40378268.000
10/26/2009;8.49;8.49;8.33;8.41;3314687;27830906.000
10/27/2009;8.36;8.36;8.06;8.28;5860899;48186140.000
10/28/2009;8.50;8.80;8.50;8.56;15900439;136800064.000
10/29/2009;8.21;8.34;8.10;8.12;6486898;53295548.000
10/30/2009;8.19;8.26;8.10;8.15;4379717;35824804.000
11/02/2009;8.08;8.70;7.95;8.65;10755251;90546128.000
11/03/2009;8.65;9.52;8.65;9.52;19428321;180702688.000
11/04/2009;9.77;10.46;9.52;10.18;33398012;332525664.000
11/05/2009;9.99;10.44;9.98;10.24;21601279;220405536.000
11/06/2009;10.23;10.65;10.10;10.14;18734099;194324624.000
11/09/2009;10.14;10.57;10.11;10.25;13653323;139992224.000
11/10/2009;10.21;10.34;10.00;10.18;11594485;117719600.000
11/11/2009;10.15;10.80;10.14;10.60;19158168;202064848.000
11/12/2009;10.60;11.00;10.56;10.86;16788252;181666784.000
11/13/2009;10.76;11.28;10.67;11.02;16049185;176679312.000
11/16/2009;11.22;11.80;11.06;11.33;14240344;162981616.000
11/17/2009;11.25;11.47;11.16;11.22;12866150;145296384.000
11/18/2009;11.23;11.70;11.19;11.49;12201842;140288624.000
11/19/2009;11.68;11.74;11.30;11.51;7602821;87453048.000
11/20/2009;11.44;11.92;11.32;11.69;9818740;114672248.000
11/23/2009;11.65;11.94;11.54;11.70;6754867;78764184.000
11/24/2009;11.80;11.88;10.57;10.81;22363458;248273248.000
11/25/2009;10.80;11.26;10.41;11.18;12895608;139503456.000
11/26/2009;11.09;11.23;10.30;10.40;9891688;106426000.000
11/27/2009;10.28;10.58;10.18;10.30;6890197;71513856.000
11/30/2009;10.53;10.88;10.40;10.81;6327391;67750696.000
12/01/2009;10.73;10.99;10.65;10.90;7089735;76819224.000
12/02/2009;10.97;11.01;10.78;10.84;6196474;67370680.000
12/03/2009;10.81;11.22;10.76;11.16;9308242;102703720.000
12/04/2009;11.20;11.29;10.31;10.58;14990244;161250800.000
12/07/2009;10.58;10.99;10.50;10.93;6600214;71197672.000
12/08/2009;10.88;11.20;10.85;11.14;8467357;93744400.000
12/09/2009;11.10;11.10;10.69;10.84;4732760;51631796.000
12/10/2009;10.84;11.02;10.77;10.91;2822311;30780294.000
12/11/2009;10.98;11.34;10.84;11.25;10045250;112477144.000
12/14/2009;11.28;11.62;10.92;11.57;12153651;137706512.000
12/15/2009;11.47;11.77;11.35;11.35;7166400;82384816.000
12/16/2009;11.35;11.50;11.06;11.14;6093368;68292192.000
12/17/2009;11.11;11.24;10.80;11.00;6232656;68521616.000
12/18/2009;10.96;11.06;10.58;10.67;4711113;50808292.000
12/21/2009;10.65;11.04;10.65;10.91;3947983;43130220.000
12/22/2009;10.90;10.97;10.40;10.40;3406999;36384476.000
12/23/2009;10.44;10.68;10.44;10.65;2657952;28072356.000
12/24/2009;10.63;11.22;10.56;11.16;4034728;44446488.000
12/25/2009;11.09;11.68;11.05;11.36;8558587;97692856.000
12/28/2009;11.37;12.18;11.29;11.87;13682890;162075568.000
12/29/2009;11.83;12.03;11.57;12.00;10076712;118925400.000
12/30/2009;11.94;12.37;11.71;12.01;8737452;104569352.000
12/31/2009;12.00;12.68;11.77;12.56;14248943;174668960.000
01/04/2010;12.50;13.00;12.42;12.48;12033310;153980592.000
01/05/2010;12.55;13.38;12.26;13.33;12524701;161253312.000
01/06/2010;13.33;13.49;12.88;13.00;10153055;133027920.000
01/07/2010;13.00;13.23;12.55;12.63;7492914;96841064.000
01/11/2010;13.00;13.18;12.70;12.92;7254698;93833696.000
01/12/2010;12.93;13.59;12.80;13.59;8166658;108697184.000
01/13/2010;13.27;14.09;13.13;13.85;8471794;115974360.000
01/14/2010;13.97;14.09;13.67;13.87;7339963;102091040.000
01/15/2010;14.00;14.14;13.71;14.10;7164913;99897624.000
01/18/2010;13.95;14.10;13.68;13.94;5782529;80025216.000
01/19/2010;13.94;14.00;13.54;13.68;4189858;57354796.000
01/20/2010;13.70;13.99;12.90;13.10;7687460;102697120.000
01/21/2010;13.09;13.13;12.72;12.95;4252602;54944124.000
01/22/2010;12.80;12.85;12.20;12.75;6873536;85869856.000
01/25/2010;12.57;12.82;12.00;12.21;4081981;50994308.000
01/26/2010;12.10;12.47;11.96;12.10;4113749;50137712.000
01/27/2010;12.00;12.43;12.00;12.28;4459061;54628144.000
01/28/2010;12.27;12.65;12.27;12.55;4215232;52560856.000
01/29/2010;12.40;12.78;12.27;12.31;3355354;42024984.000
02/01/2010;12.20;12.33;11.68;11.93;4152703;49189900.000
02/02/2010;11.97;12.37;11.81;11.87;4231718;51402624.000
02/03/2010;11.95;12.34;11.52;12.27;3821597;45565152.000
02/04/2010;12.20;12.44;12.02;12.28;3126464;38309620.000
02/05/2010;12.00;12.28;11.90;12.14;3489229;42128916.000
02/08/2010;12.14;12.60;12.10;12.47;3222991;39994180.000
02/09/2010;12.45;12.60;12.29;12.60;1968561;24621138.000
02/10/2010;12.67;12.69;12.50;12.61;1442639;18147712.000
02/11/2010;12.61;12.66;12.30;12.36;1488326;18538876.000
02/12/2010;12.40;12.76;12.31;12.73;1868317;23569968.000
02/22/2010;12.63;13.05;12.61;12.65;3058233;39352504.000
02/23/2010;12.65;12.85;12.30;12.80;1979007;24831192.000
02/24/2010;12.81;13.35;12.52;13.16;6059358;78964976.000
02/25/2010;13.30;13.47;13.13;13.32;8144643;107992624.000
02/26/2010;13.29;13.77;13.19;13.72;9145239;124391248.000
03/01/2010;13.72;13.98;13.58;13.70;6225336;85515088.000
03/02/2010;13.73;13.96;13.61;13.83;7410503;101882048.000
03/03/2010;13.82;14.06;13.60;13.88;8654404;120468096.000
03/04/2010;13.96;13.99;12.71;12.82;9526596;127462056.000
03/05/2010;12.70;13.05;12.61;12.63;5767711;73885856.000
03/08/2010;12.70;13.46;12.64;13.20;6701979;88095344.000
03/09/2010;13.09;13.55;13.09;13.37;5862000;78307664.000
03/10/2010;13.42;13.60;13.12;13.40;5811620;77834632.000
03/11/2010;13.49;13.87;13.41;13.79;7845239;106961696.000
03/12/2010;13.77;13.87;13.20;13.38;5756608;77489312.000
03/15/2010;13.25;13.55;13.02;13.28;2624729;34872764.000
03/16/2010;13.30;13.58;13.23;13.39;2846235;38180956.000
03/17/2010;13.47;13.72;13.34;13.72;5134522;69690528.000
03/18/2010;13.75;14.26;13.64;13.94;9618847;134526768.000
03/19/2010;13.97;14.10;13.80;13.97;5319375;74220584.000
03/22/2010;13.83;14.80;13.83;14.54;10194276;147308944.000
03/23/2010;14.50;14.76;14.21;14.56;6411919;92946800.000
