002185 华天科技 日线
      日期	    开盘	    最高	    最低	    收盘	    成交量	    成交额
11/20/2007;12.42;13.64;12.24;13.10;26747114;565735680.000
11/21/2007;12.42;13.33;12.12;13.21;14307201;298545920.000
11/22/2007;12.65;14.53;12.45;13.33;15843849;353269024.000
11/23/2007;13.33;13.61;12.19;12.48;7931100;167289216.000
11/26/2007;12.73;13.01;12.32;12.41;4614568;96345024.000
11/27/2007;12.24;12.24;11.16;11.16;7672950;143991760.000
11/28/2007;10.97;11.26;10.48;10.58;4503840;80067376.000
11/29/2007;10.85;11.17;10.59;10.95;4402046;79354456.000
11/30/2007;10.87;11.02;10.49;10.85;3364913;59741256.000
12/03/2007;10.83;10.88;10.61;10.76;1648913;29230868.000
12/04/2007;10.76;11.08;10.68;10.94;2094193;37604364.000
12/05/2007;10.92;11.26;10.79;11.22;3308608;60653000.000
12/06/2007;11.21;11.27;10.98;11.08;1835848;33639000.000
12/07/2007;11.07;11.14;10.87;11.04;2211283;40147604.000
12/10/2007;10.90;11.50;10.81;11.39;3902909;72731464.000
12/11/2007;11.41;11.75;11.31;11.53;3547762;67519696.000
12/12/2007;11.53;11.64;11.39;11.58;2165295;41120296.000
12/13/2007;11.58;12.30;11.53;11.61;4622686;91080272.000
12/14/2007;11.45;11.80;11.22;11.78;2640710;50148176.000
12/17/2007;11.82;12.11;11.81;11.81;2299805;45439140.000
12/18/2007;11.76;11.93;11.39;11.41;1642891;31302684.000
12/19/2007;11.55;11.85;11.51;11.70;1680491;32465064.000
12/20/2007;11.82;11.99;11.67;11.90;1976684;38422512.000
12/21/2007;11.87;12.35;11.84;12.30;3130409;62838916.000
12/24/2007;12.38;12.84;12.30;12.35;4110736;85267008.000
12/25/2007;12.35;12.82;12.23;12.70;2523919;52253536.000
12/26/2007;12.90;13.02;12.61;12.92;2639166;55909400.000
12/27/2007;13.06;13.56;12.95;13.18;3463305;75532064.000
12/28/2007;13.10;13.25;12.88;12.99;1981106;42545488.000
01/02/2008;12.98;13.64;12.73;13.35;2978526;64580496.000
01/03/2008;13.33;13.76;13.20;13.56;2198706;49222924.000
01/04/2008;13.56;13.56;13.16;13.32;2064882;45212992.000
01/07/2008;13.15;13.19;12.93;13.06;2678482;57574032.000
01/08/2008;13.06;13.24;12.42;12.58;2496788;52835180.000
01/09/2008;12.53;12.95;12.45;12.92;1281379;27110810.000
01/10/2008;13.06;13.20;12.79;12.85;2087370;44746360.000
01/11/2008;12.73;13.26;12.61;13.17;1949600;41439036.000
01/14/2008;13.21;13.52;13.09;13.45;2247348;49511928.000
01/15/2008;13.52;13.70;13.22;13.70;2623608;58314988.000
01/16/2008;14.24;15.07;14.12;15.07;6850302;166257744.000
01/17/2008;15.39;15.93;14.85;15.68;8947003;227939728.000
01/18/2008;15.42;15.75;15.08;15.50;3366820;85696856.000
01/21/2008;15.44;15.94;14.81;15.01;2924012;74812304.000
01/22/2008;14.55;14.55;13.51;13.51;3525927;80533176.000
01/23/2008;13.64;14.12;13.21;14.06;3899467;88822112.000
01/24/2008;14.10;14.53;13.71;14.10;3106170;72436992.000
01/25/2008;14.06;14.29;13.70;13.85;2208056;50824740.000
01/28/2008;13.61;13.61;12.47;12.47;2528639;53411208.000
01/29/2008;12.25;12.71;12.13;12.36;1679473;34420224.000
01/30/2008;12.59;12.82;12.26;12.62;1359343;28224240.000
01/31/2008;12.62;12.72;12.00;12.02;930258;19024800.000
02/01/2008;12.04;12.12;10.84;11.18;1935847;36096528.000
02/04/2008;11.56;12.30;11.41;12.29;1781233;35213996.000
02/05/2008;12.06;12.90;12.01;12.63;1597168;32902494.000
02/13/2008;12.30;12.72;12.21;12.37;863053;17754512.000
02/14/2008;12.45;12.72;12.45;12.59;718280;14916977.000
02/15/2008;12.55;12.55;12.05;12.37;1100417;22162936.000
02/18/2008;12.42;12.91;12.42;12.68;1436969;30208076.000
02/19/2008;12.62;13.12;12.55;12.98;1783764;38032736.000
02/20/2008;12.73;12.91;12.46;12.48;4773426;100285000.000
02/21/2008;12.44;12.72;12.32;12.56;2061451;42666008.000
02/22/2008;12.48;12.50;11.70;11.93;2883135;57515796.000
02/25/2008;11.91;12.05;11.36;11.39;1632664;31243390.000
02/26/2008;11.76;11.79;11.36;11.75;1699275;32431470.000
02/27/2008;11.76;12.12;11.68;12.00;1271168;25110232.000
02/28/2008;12.10;12.10;11.71;11.88;1085902;21333542.000
02/29/2008;11.84;12.10;11.82;12.10;1372615;27196906.000
03/03/2008;12.03;12.58;11.93;12.48;1961280;39988200.000
03/04/2008;12.55;12.84;12.24;12.30;2254680;46815508.000
03/05/2008;12.29;12.48;12.03;12.42;1387730;28104822.000
03/06/2008;12.53;12.65;12.30;12.34;1306195;26892448.000
03/07/2008;12.21;12.35;11.91;11.95;1125053;22473364.000
03/10/2008;11.88;11.88;11.53;11.61;1175568;22636014.000
03/11/2008;11.40;11.87;11.39;11.78;791877;15160679.000
03/12/2008;11.98;12.04;11.36;11.37;1006079;19319530.000
03/13/2008;11.32;11.42;10.88;11.10;973727;17869232.000
03/14/2008;11.10;11.27;10.92;11.15;487612;8940665.000
03/17/2008;11.15;11.15;10.23;10.24;1572948;27516670.000
03/18/2008;10.23;10.52;9.27;9.45;1760641;28589022.000
03/19/2008;9.70;10.16;9.52;9.84;1255161;20345838.000
03/20/2008;9.64;10.36;9.30;10.19;1331206;21658952.000
03/21/2008;10.12;10.41;10.07;10.25;965775;16366175.000
03/24/2008;10.42;10.53;10.12;10.12;930711;15873756.000
03/25/2008;10.00;10.55;9.76;10.54;921756;15738980.000
03/26/2008;11.15;11.58;10.96;11.07;2874864;53274848.000
03/27/2008;10.80;11.14;10.67;10.80;1542654;27735646.000
03/28/2008;10.67;11.34;10.36;11.28;2026383;36535816.000
03/31/2008;10.96;11.09;10.67;10.73;1021022;18313254.000
04/01/2008;10.61;10.79;9.70;9.70;1123776;18771230.000
04/02/2008;9.93;10.11;9.33;9.44;1089031;17478788.000
04/03/2008;9.42;10.04;9.30;9.92;777549;12463629.000
04/07/2008;9.85;10.61;9.70;10.48;1177642;20027750.000
04/08/2008;10.47;10.67;10.32;10.53;1012196;17512926.000
04/09/2008;10.48;10.76;10.05;10.07;1095496;18831090.000
04/10/2008;9.82;10.25;9.82;10.25;753530;12550141.000
04/11/2008;10.35;10.76;10.35;10.45;1009151;17573684.000
04/14/2008;10.24;10.30;9.76;9.77;768463;12668729.000
04/15/2008;9.76;10.23;9.70;10.21;580488;9533216.000
04/16/2008;10.28;10.53;10.13;10.25;792989;13518671.000
04/17/2008;10.43;10.47;9.70;9.88;821271;13540162.000
04/21/2008;10.30;10.48;8.89;8.89;3036704;47307684.000
04/22/2008;8.48;8.48;8.00;8.19;2527905;33869348.000
04/23/2008;8.17;8.55;7.88;8.48;1327334;18171524.000
04/24/2008;9.32;9.33;8.88;9.33;3279211;49649292.000
04/25/2008;9.21;9.61;9.04;9.28;1988697;30564418.000
04/28/2008;9.09;9.25;8.96;9.03;1208743;18084152.000
04/29/2008;8.96;9.24;8.96;9.18;698881;10535909.000
04/30/2008;9.18;9.56;9.16;9.49;1473991;22887464.000
05/05/2008;9.55;9.82;9.39;9.79;1629503;25824138.000
05/06/2008;9.70;9.94;9.52;9.67;1463548;23557294.000
05/07/2008;9.61;9.75;9.11;9.13;1452834;22696000.000
05/08/2008;9.19;9.98;9.19;9.95;2084452;33056264.000
05/09/2008;9.88;10.25;9.62;9.90;2482562;40756208.000
05/12/2008;9.72;10.35;9.71;10.27;1594274;26684388.000
05/13/2008;9.94;10.21;9.82;10.12;1920423;31748608.000
05/14/2008;10.15;10.40;10.06;10.39;2094606;35424648.000
05/15/2008;10.47;10.48;9.94;9.96;2539124;42680060.000
05/16/2008;9.94;9.96;9.27;9.47;1990944;21024900.000
05/19/2008;9.45;9.54;9.18;9.38;956266;9784807.000
05/20/2008;9.45;9.51;8.64;8.68;1503079;15099001.000
05/21/2008;8.50;8.82;8.35;8.77;1429691;13446605.000
05/22/2008;8.62;8.73;8.36;8.50;1150215;10809976.000
05/23/2008;8.39;8.89;8.39;8.72;1317216;12514101.000
05/26/2008;8.64;8.83;8.37;8.37;901116;8511903.000
05/27/2008;8.52;8.52;8.27;8.42;561880;5174585.000
05/28/2008;8.41;8.64;8.34;8.58;828787;7745638.000
05/29/2008;8.58;8.58;8.35;8.35;888465;8256141.000
05/30/2008;8.35;8.48;8.12;8.27;923529;8395181.000
06/02/2008;8.27;8.43;8.22;8.35;689959;6299119.500
06/03/2008;8.30;8.38;8.20;8.26;705929;6417215.500
06/04/2008;8.20;8.27;7.91;8.05;1099264;9712168.000
06/05/2008;8.05;8.35;8.00;8.30;1316368;11889901.000
06/06/2008;8.28;8.62;8.28;8.35;1609147;15024610.000
06/10/2008;8.08;8.17;7.51;7.51;1394035;11884897.000
06/11/2008;7.46;7.57;7.03;7.15;990947;7867178.000
06/12/2008;7.19;7.26;7.01;7.26;873113;6849450.000
06/13/2008;7.31;7.33;6.90;6.95;719145;5601723.000
06/16/2008;6.96;7.05;6.64;6.98;860804;6498051.000
06/17/2008;6.98;7.50;6.95;7.18;2560107;20410236.000
06/18/2008;7.09;7.53;6.65;7.44;2402896;19002160.000
06/19/2008;7.28;7.32;6.69;6.69;1300036;10037876.000
06/20/2008;6.81;7.04;6.20;6.55;1597200;11656520.000
06/23/2008;6.46;6.60;6.18;6.26;681596;4799697.500
06/24/2008;6.34;6.50;6.21;6.42;736317;5168863.000
06/25/2008;6.44;6.80;6.42;6.77;1182968;8665504.000
06/26/2008;6.77;6.94;6.61;6.84;1216073;9064947.000
06/27/2008;6.60;6.61;6.15;6.16;1299578;9075741.000
06/30/2008;6.16;6.33;6.10;6.23;446336;3044496.250
07/01/2008;6.23;6.35;6.14;6.23;480431;3302815.250
07/02/2008;6.24;6.46;6.24;6.36;804205;5643979.500
07/03/2008;6.24;6.71;6.24;6.57;1012675;7271446.000
07/04/2008;6.55;6.65;6.39;6.48;728081;5201106.000
07/07/2008;6.56;6.85;6.53;6.83;1510654;11166184.000
07/08/2008;6.89;6.94;6.71;6.92;1245177;9380667.000
07/09/2008;6.95;7.16;6.93;7.14;1913183;14842752.000
07/10/2008;6.99;7.23;6.96;6.99;1658006;12950204.000
07/11/2008;6.99;7.04;6.71;6.85;1071946;8043361.000
07/15/2008;6.98;7.45;6.96;7.02;3532500;27834424.000
07/16/2008;6.91;6.99;6.38;6.53;1797737;13209468.000
07/17/2008;6.62;6.70;6.44;6.47;942300;6824526.500
07/18/2008;6.55;6.71;6.36;6.68;671736;4858773.500
07/21/2008;6.66;6.97;6.58;6.96;1203055;9026670.000
07/22/2008;6.93;7.07;6.88;7.00;1082948;8299372.000
07/23/2008;7.11;7.11;6.91;6.93;933002;7183596.000
07/24/2008;6.95;7.12;6.95;7.08;898954;6967253.500
07/25/2008;7.05;7.32;6.95;7.20;1975611;15572963.000
07/28/2008;7.27;7.51;7.15;7.47;2282333;18406128.000
07/29/2008;7.36;7.78;7.35;7.43;6217284;51971336.000
07/30/2008;7.44;7.59;7.32;7.45;2812151;23002004.000
07/31/2008;7.37;7.52;6.92;6.93;1971868;15523752.000
08/01/2008;6.84;7.07;6.65;6.94;1567068;11801486.000
08/04/2008;6.87;7.00;6.77;6.82;721459;5449314.500
08/05/2008;6.93;6.96;6.71;6.77;734727;5517792.500
08/06/2008;6.87;6.95;6.73;6.88;668059;5022781.500
08/07/2008;6.92;7.11;6.87;7.10;1193676;9166815.000
08/08/2008;7.13;7.14;6.39;6.40;1538923;11338994.000
08/11/2008;6.38;6.45;5.76;5.76;1263689;8261626.500
08/12/2008;5.63;5.76;5.55;5.59;757230;4697809.500
08/13/2008;5.59;5.60;5.19;5.47;1173325;6977870.000
08/14/2008;5.45;5.62;5.35;5.62;751960;4554183.500
08/15/2008;6.18;6.18;6.18;6.18;2222591;15113619.000
08/18/2008;6.59;6.59;5.91;5.94;8870598;62129224.000
08/19/2008;5.46;5.93;5.44;5.79;3084886;19393984.000
08/20/2008;5.69;6.37;5.59;6.37;3658595;24707586.000
08/21/2008;6.59;7.00;6.50;6.71;11003665;81985016.000
08/22/2008;6.55;6.55;6.04;6.34;4989830;34559984.000
08/25/2008;6.34;6.36;6.06;6.11;2227046;15219151.000
08/26/2008;5.93;6.07;5.50;5.61;2640591;16599130.000
08/27/2008;5.50;5.67;5.37;5.56;2032030;12399569.000
08/28/2008;5.42;5.62;5.42;5.49;1206897;7330929.500
08/29/2008;5.54;5.79;5.54;5.69;1527162;9528904.000
09/01/2008;5.70;5.70;5.35;5.45;1309079;7874968.000
09/02/2008;5.41;5.55;5.27;5.52;1055728;6313167.500
09/03/2008;5.45;5.56;5.33;5.47;1037175;6201297.500
09/04/2008;5.44;5.65;5.37;5.57;975150;5919365.500
09/05/2008;5.40;5.44;5.28;5.28;1025509;6038682.000
09/08/2008;5.27;5.34;4.89;4.91;1098069;6095415.000
09/09/2008;4.93;5.02;4.90;4.91;778660;4234984.000
09/10/2008;4.91;5.05;4.78;4.93;778854;4235692.500
09/11/2008;4.88;4.96;4.79;4.81;633360;3377734.750
09/12/2008;4.81;4.95;4.79;4.89;513018;2746207.750
09/16/2008;4.82;4.89;4.65;4.66;841661;4433298.000
09/17/2008;4.66;4.75;4.45;4.50;776627;3924988.250
09/18/2008;4.35;4.45;4.07;4.30;1282570;5981295.500
09/19/2008;4.65;4.73;4.65;4.73;1773079;9184450.000
09/22/2008;5.03;5.20;4.75;4.89;2794997;15308704.000
09/23/2008;4.64;4.70;4.45;4.45;1342073;6768225.500
09/24/2008;4.33;4.55;4.32;4.55;686905;3350751.750
09/25/2008;4.55;4.71;4.55;4.64;1215809;6212914.500
09/26/2008;4.64;4.70;4.56;4.65;1004058;5123879.500
10/06/2008;4.64;4.64;4.42;4.43;611237;3010545.250
10/07/2008;4.25;4.44;4.23;4.35;563316;2686513.250
10/08/2008;4.25;4.33;4.19;4.23;674613;3160590.250
10/09/2008;4.27;4.35;4.21;4.21;475038;2227747.750
10/10/2008;4.10;4.11;3.81;3.83;791039;3409923.750
10/13/2008;3.83;3.88;3.64;3.85;698434;2868290.500
10/14/2008;4.02;4.02;3.75;3.75;636000;2726980.250
10/15/2008;3.73;3.75;3.65;3.71;456919;1855811.750
10/16/2008;3.60;3.71;3.50;3.50;637980;2503328.500
10/17/2008;3.55;3.65;3.51;3.59;463566;1816564.125
10/20/2008;3.63;3.75;3.52;3.73;642507;2583325.500
10/21/2008;3.73;3.81;3.66;3.67;739227;3041739.750
10/22/2008;3.64;3.75;3.60;3.65;582426;2361678.000
10/23/2008;3.60;3.70;3.55;3.70;484596;1930127.875
10/24/2008;3.68;3.73;3.61;3.65;556722;2243364.750
10/27/2008;3.64;3.64;3.29;3.31;917200;3472187.000
10/28/2008;3.31;3.45;3.23;3.41;677137;2501559.000
10/29/2008;3.45;3.52;3.35;3.38;617230;2331220.500
10/30/2008;3.44;3.50;3.38;3.45;891319;3379262.250
10/31/2008;3.45;3.49;3.38;3.39;432528;1634056.750
11/03/2008;3.40;3.45;3.30;3.38;336439;1251951.750
11/04/2008;3.34;3.41;3.30;3.37;510164;1889548.625
11/05/2008;3.44;3.55;3.37;3.50;708015;2709519.250
11/06/2008;3.45;3.55;3.42;3.55;683003;2618798.750
11/07/2008;3.46;3.81;3.46;3.78;1805273;7288661.000
11/10/2008;3.77;4.09;3.77;4.08;3294970;14206583.000
11/11/2008;3.97;4.05;3.86;3.88;2175326;9434972.000
11/12/2008;3.83;3.98;3.82;3.95;1391327;6004489.000
11/13/2008;3.95;4.15;3.86;4.08;2263907;10104792.000
11/14/2008;4.10;4.25;4.00;4.25;3060389;13899209.000
11/17/2008;4.18;4.40;4.09;4.37;3961940;18389240.000
11/18/2008;4.28;4.35;3.94;3.94;3700899;16645650.000
11/19/2008;3.90;4.21;3.90;4.16;2805537;12517374.000
11/20/2008;4.09;4.28;3.99;4.06;7577133;34340916.000
11/21/2008;3.95;4.03;3.65;3.85;7102991;29668464.000
11/24/2008;3.83;3.93;3.72;3.72;3207445;13507077.000
11/25/2008;3.76;3.84;3.66;3.75;1731445;7119844.500
11/26/2008;3.73;3.97;3.73;3.95;7504360;32038506.000
11/27/2008;4.27;4.29;4.05;4.05;10065402;46218948.000
11/28/2008;3.99;4.46;3.80;4.46;22249186;104280848.000
12/01/2008;4.50;4.91;4.45;4.91;28997705;149221248.000
12/02/2008;4.77;4.80;4.42;4.62;24526499;125560904.000
12/03/2008;4.59;4.80;4.55;4.71;16756401;85915728.000
12/04/2008;4.72;4.85;4.62;4.63;15356127;80081872.000
12/05/2008;4.58;4.78;4.46;4.73;10721125;54300984.000
12/08/2008;4.76;4.98;4.66;4.94;29383527;155432592.000
12/09/2008;4.96;4.96;4.65;4.65;14226991;74594672.000
12/10/2008;4.66;4.93;4.66;4.89;14304335;75950736.000
12/11/2008;4.93;5.23;4.73;4.75;16809810;92103264.000
12/12/2008;4.69;4.72;4.28;4.39;10881699;53918164.000
12/15/2008;4.45;4.53;4.25;4.45;6971177;33697552.000
12/16/2008;4.41;4.57;4.27;4.53;6246825;30290128.000
12/17/2008;4.55;4.70;4.51;4.54;9558542;48384520.000
12/18/2008;4.53;4.69;4.48;4.65;7397051;37337400.000
12/19/2008;4.62;4.76;4.62;4.70;8104355;42034128.000
12/22/2008;4.73;4.98;4.66;4.89;12145566;64262200.000
12/23/2008;4.86;4.86;4.40;4.40;11188796;56594196.000
12/24/2008;4.29;4.35;4.13;4.18;6687453;31209442.000
12/25/2008;4.23;4.27;4.10;4.17;4606045;21169770.000
12/26/2008;4.19;4.30;4.14;4.22;4033036;18655426.000
12/29/2008;4.22;4.22;3.91;4.04;4721547;20869412.000
12/30/2008;4.04;4.13;3.98;4.03;3989909;17791346.000
12/31/2008;4.05;4.13;3.96;3.96;3373605;15019615.000
01/05/2009;4.05;4.16;4.01;4.15;3651635;16422370.000
01/06/2009;4.10;4.31;4.10;4.27;6159941;28624912.000
01/07/2009;4.27;4.49;4.24;4.41;8662584;41529776.000
01/08/2009;4.29;4.39;4.12;4.21;6157897;28801528.000
01/09/2009;4.15;4.44;4.15;4.41;7716088;36998072.000
01/12/2009;4.38;4.68;4.35;4.53;13114700;65694900.000
01/13/2009;4.46;4.53;4.29;4.32;7167686;34780384.000
01/14/2009;4.32;4.54;4.30;4.53;6420433;31381814.000
01/15/2009;4.46;4.64;4.45;4.55;8023705;40209784.000
01/16/2009;4.59;4.67;4.49;4.51;9402113;47480888.000
01/19/2009;4.52;4.58;4.42;4.52;5188571;25527866.000
01/20/2009;4.50;4.57;4.44;4.56;3882280;19255202.000
01/21/2009;4.51;4.63;4.46;4.56;6248422;31447992.000
01/22/2009;4.61;4.71;4.55;4.67;7013085;35744904.000
01/23/2009;4.66;4.69;4.55;4.59;5539420;28075886.000
02/02/2009;4.61;4.76;4.58;4.72;6915007;35579188.000
02/03/2009;4.72;4.87;4.69;4.85;10537026;55756832.000
02/04/2009;4.90;5.13;4.78;5.05;16855446;91645200.000
02/05/2009;5.05;5.25;4.84;5.11;21762880;121449816.000
02/06/2009;5.11;5.38;5.08;5.32;18742451;108370384.000
02/09/2009;5.36;5.68;5.25;5.53;21462897;129035512.000
02/10/2009;5.50;5.63;5.31;5.60;16854894;101218752.000
02/11/2009;5.47;5.62;5.33;5.45;18918084;114647016.000
02/12/2009;5.45;5.59;5.22;5.55;13472875;80076032.000
02/13/2009;5.53;5.85;5.49;5.78;18729140;117809896.000
02/16/2009;5.83;5.96;5.65;5.84;15392594;98321864.000
02/17/2009;5.84;5.84;5.53;5.55;11995622;74723344.000
02/18/2009;5.42;5.55;5.23;5.26;9503103;56202928.000
02/19/2009;5.44;5.52;5.27;5.36;8769496;52145956.000
02/20/2009;5.36;5.61;5.31;5.60;9450530;57306048.000
02/23/2009;5.62;5.81;5.56;5.75;10415852;65405040.000
02/24/2009;5.65;5.92;5.51;5.55;15749224;99456576.000
02/25/2009;5.65;6.03;5.55;5.95;16641126;105555848.000
02/26/2009;5.83;6.08;5.35;5.43;17933609;113895112.000
02/27/2009;5.33;5.42;4.88;4.88;10587532;58598756.000
03/02/2009;4.81;5.02;4.77;4.97;5941518;32255584.000
03/03/2009;4.80;5.21;4.78;5.13;8392195;45947852.000
03/04/2009;5.15;5.64;5.15;5.64;19828558;119269360.000
03/05/2009;5.64;5.98;5.59;5.77;27023187;171700240.000
03/06/2009;5.62;5.80;5.56;5.64;11719982;72992336.000
03/09/2009;5.65;5.85;5.27;5.30;9802481;59901644.000
03/10/2009;5.25;5.53;5.11;5.50;7241033;42353288.000
03/11/2009;5.64;5.71;5.41;5.55;9763731;59709908.000
03/12/2009;5.57;5.57;5.25;5.45;7326444;43415416.000
03/13/2009;5.46;5.59;5.32;5.32;6135436;36854792.000
03/16/2009;5.26;5.40;5.16;5.35;4906775;28502748.000
03/17/2009;5.39;5.62;5.30;5.57;7733567;46821428.000
03/18/2009;5.60;5.81;5.55;5.64;11408469;71564288.000
03/19/2009;5.65;5.85;5.65;5.82;13748907;87248272.000
03/20/2009;5.87;5.87;5.62;5.75;11039826;69660520.000
03/23/2009;5.74;5.86;5.70;5.79;12034677;76792096.000
03/24/2009;5.85;6.05;5.80;5.99;16203075;106293832.000
03/25/2009;5.91;5.99;5.77;5.79;12458697;80408752.000
03/26/2009;5.83;5.96;5.65;5.96;10222215;65385632.000
03/27/2009;6.02;6.13;5.89;5.99;12154505;80491664.000
03/30/2009;5.96;6.21;5.95;6.05;9831570;65856068.000
03/31/2009;5.91;5.98;5.73;5.98;9641617;62273712.000
04/01/2009;6.01;6.33;6.01;6.17;13191693;89345024.000
04/02/2009;6.18;6.35;6.15;6.16;13603404;93638696.000
04/03/2009;6.21;6.26;5.99;6.21;11153168;75218056.000
04/07/2009;6.18;6.51;6.15;6.49;14036586;97710576.000
04/08/2009;6.43;6.47;6.07;6.07;13991455;96614736.000
04/09/2009;6.02;6.18;5.93;6.17;9552204;63864112.000
04/10/2009;6.25;6.47;6.21;6.43;16152655;113122008.000
04/13/2009;6.53;6.61;6.41;6.48;15903966;113509184.000
04/14/2009;6.45;6.67;6.38;6.64;16031342;115709576.000
04/15/2009;6.55;6.95;6.53;6.84;20301776;150746000.000
04/16/2009;6.76;6.83;6.51;6.60;17012762;124322456.000
04/17/2009;6.58;6.59;6.27;6.39;13891908;98400080.000
04/20/2009;6.35;6.70;6.35;6.66;12125822;87230576.000
04/21/2009;6.58;6.68;6.37;6.51;9897727;70897192.000
04/22/2009;6.51;6.60;6.00;6.05;12392309;86490184.000
04/23/2009;6.05;6.08;5.85;5.97;8848027;58064996.000
04/24/2009;6.00;6.21;5.95;6.13;8895627;59430760.000
04/28/2009;5.84;6.14;5.76;6.14;10567128;69252440.000
04/29/2009;6.14;6.44;6.07;6.33;12831600;88047296.000
04/30/2009;6.66;6.66;6.16;6.18;11974275;83417656.000
05/04/2009;6.18;6.34;6.15;6.31;6849596;47346968.000
05/05/2009;6.33;6.50;6.31;6.45;8652111;61042052.000
05/06/2009;6.46;6.50;6.35;6.46;9668036;68421336.000
05/07/2009;6.48;6.54;6.19;6.49;11122860;78126224.000
05/08/2009;6.42;6.73;6.38;6.61;19374591;140337392.000
05/11/2009;6.60;6.85;6.23;6.70;27837896;203007712.000
05/12/2009;6.73;6.95;6.59;6.89;22990743;171955216.000
05/13/2009;6.96;7.09;6.73;6.92;31794770;242178640.000
05/14/2009;6.95;7.05;6.81;6.84;22816266;173611904.000
05/15/2009;6.85;6.99;6.71;6.85;18524865;139136368.000
05/18/2009;6.90;7.14;6.85;7.13;25909087;198974208.000
05/19/2009;7.19;7.41;6.95;7.00;25501879;199713728.000
05/20/2009;6.95;6.96;6.74;6.76;12779161;95748664.000
05/21/2009;6.74;6.75;6.56;6.63;7715818;56436328.000
05/22/2009;6.66;6.75;6.60;6.68;5051452;37086604.000
05/25/2009;6.59;6.62;6.38;6.52;5939568;38464712.000
05/26/2009;6.56;6.67;6.53;6.54;5308026;35025176.000
05/27/2009;6.60;6.62;6.41;6.46;4267234;27651596.000
06/01/2009;6.51;6.55;6.41;6.49;5505748;35654600.000
06/02/2009;6.51;6.53;6.44;6.50;5590623;36295376.000
06/03/2009;6.50;6.57;6.50;6.53;5364211;35014472.000
06/04/2009;6.52;6.52;6.36;6.40;7309269;46968056.000
06/05/2009;6.39;6.45;6.31;6.40;6225463;39608712.000
06/08/2009;6.42;6.44;6.32;6.37;4002663;25500930.000
06/09/2009;6.35;6.39;6.21;6.35;5069646;31890838.000
06/10/2009;6.35;6.59;6.33;6.55;8915738;57697772.000
06/11/2009;6.48;6.55;6.39;6.39;6190375;39986828.000
06/12/2009;6.36;6.43;6.10;6.15;6735324;42137924.000
06/15/2009;6.11;6.25;6.11;6.23;3491493;21566332.000
06/16/2009;6.19;6.20;6.09;6.13;4501380;27673100.000
06/17/2009;6.11;6.26;6.10;6.23;3585603;22179292.000
06/18/2009;6.23;6.25;6.17;6.22;4593931;28502130.000
06/19/2009;6.21;6.35;6.18;6.30;6830819;42847992.000
06/22/2009;6.29;6.33;6.23;6.24;4430542;27875148.000
06/23/2009;6.20;6.25;6.14;6.17;4152362;25691612.000
06/24/2009;6.17;6.50;6.16;6.48;10488882;66390724.000
06/25/2009;6.36;6.65;6.36;6.51;18394784;120365256.000
06/26/2009;6.56;6.62;6.40;6.43;7472346;48325280.000
06/29/2009;6.41;6.48;6.32;6.35;5528104;35228144.000
06/30/2009;6.38;6.44;6.33;6.43;5866364;37514984.000
07/01/2009;6.43;6.53;6.33;6.53;8249504;52951208.000
07/02/2009;6.51;6.62;6.43;6.44;11205760;73028088.000
07/03/2009;6.41;6.42;6.24;6.31;7457254;47077364.000
07/06/2009;6.30;6.35;6.19;6.22;6515544;40659128.000
07/07/2009;6.23;6.32;6.17;6.28;5557165;34749572.000
07/08/2009;6.25;6.31;6.23;6.30;3731083;23396570.000
07/09/2009;6.32;6.43;6.29;6.42;6005553;38251008.000
07/10/2009;6.43;6.52;6.41;6.45;7732301;49986256.000
07/13/2009;6.41;6.56;6.41;6.51;8610440;56019668.000
07/14/2009;6.55;6.60;6.51;6.57;9178260;60276100.000
07/15/2009;6.58;6.67;6.52;6.58;10295773;67812712.000
07/16/2009;6.63;6.78;6.60;6.61;13719833;91948848.000
07/17/2009;6.61;6.67;6.52;6.57;6985629;45911984.000
07/20/2009;6.58;6.85;6.58;6.81;17898599;121140320.000
07/21/2009;6.82;6.85;6.56;6.59;8400385;55989632.000
07/22/2009;6.58;6.66;6.56;6.64;6713358;44493516.000
07/23/2009;6.65;6.68;6.58;6.62;6506348;43027632.000
07/24/2009;6.65;6.66;6.44;6.53;7619265;50022304.000
07/27/2009;6.52;6.70;6.51;6.65;9769292;64597320.000
07/28/2009;6.68;7.24;6.63;7.23;35158565;245428832.000
07/29/2009;7.18;7.34;6.63;6.81;21394421;150395264.000
07/30/2009;6.86;7.35;6.81;7.29;20880722;147764800.000
07/31/2009;7.35;7.40;7.18;7.33;18387408;134261392.000
08/03/2009;7.33;7.58;7.27;7.40;15304343;113592200.000
08/04/2009;7.48;7.60;7.15;7.50;16362592;120671072.000
08/05/2009;7.60;7.63;7.26;7.35;10702769;79500424.000
08/06/2009;7.38;7.42;7.13;7.17;9987608;72287112.000
08/07/2009;7.16;7.23;6.87;6.89;11708661;82507280.000
08/10/2009;6.96;7.04;6.86;6.94;6015047;41741896.000
08/11/2009;6.98;7.03;6.91;6.99;3015025;21033714.000
08/12/2009;6.97;7.00;6.57;6.61;5618994;37923056.000
08/13/2009;6.64;6.72;6.48;6.66;4076705;27021138.000
08/14/2009;6.62;6.72;6.25;6.25;7030691;45089740.000
08/17/2009;6.20;6.30;5.88;5.89;5450491;33184632.000
08/18/2009;5.86;6.03;5.83;6.02;3489839;20754044.000
08/19/2009;6.08;6.08;5.48;5.53;5738819;32792376.000
08/20/2009;5.57;5.74;5.54;5.71;4070688;22998960.000
08/21/2009;5.71;5.82;5.68;5.81;4483801;25868006.000
08/24/2009;5.78;5.94;5.78;5.91;3990689;23469938.000
08/25/2009;5.88;5.89;5.61;5.73;4310441;24663340.000
08/26/2009;5.72;6.05;5.66;5.98;5659179;33506432.000
08/27/2009;5.94;6.15;5.92;6.10;5961006;36241992.000
08/28/2009;6.17;6.23;6.02;6.12;6154867;37604088.000
08/31/2009;6.03;6.06;5.70;5.71;4689423;27400884.000
09/01/2009;5.65;5.87;5.64;5.82;3592242;20815972.000
09/02/2009;5.83;5.84;5.70;5.83;2057515;11909046.000
09/03/2009;5.83;6.20;5.80;6.19;7721167;47141436.000
09/04/2009;6.12;6.29;6.12;6.25;8053751;49969140.000
09/07/2009;6.32;6.55;6.25;6.33;13199453;84391952.000
09/08/2009;6.31;6.39;6.19;6.38;5045010;31858056.000
09/09/2009;6.38;6.59;6.31;6.56;8270332;53396296.000
09/10/2009;6.53;6.59;6.40;6.45;6079303;39443872.000
09/11/2009;6.47;6.63;6.42;6.54;7570331;49120892.000
09/14/2009;6.50;6.63;6.48;6.59;5311647;34945088.000
09/15/2009;6.59;6.69;6.56;6.63;5104143;33810776.000
09/16/2009;6.75;6.93;6.65;6.82;10748639;73206784.000
09/17/2009;6.88;7.49;6.88;7.17;21648111;155376000.000
09/18/2009;7.25;7.35;6.80;6.94;17619498;125692120.000
09/21/2009;6.85;7.05;6.73;7.01;9855823;68149520.000
09/22/2009;6.93;7.03;6.61;6.63;9149571;62406568.000
09/23/2009;6.65;6.75;6.46;6.55;8683958;57448276.000
09/24/2009;6.55;6.63;6.35;6.51;6360569;41388192.000
09/25/2009;6.51;6.63;6.47;6.53;3210218;21072744.000
09/28/2009;6.60;6.68;6.36;6.38;4119077;27104712.000
09/29/2009;6.40;6.45;6.10;6.19;4252307;26618890.000
09/30/2009;6.21;6.55;6.21;6.39;4231055;27048410.000
10/09/2009;6.54;6.70;6.42;6.68;5462777;36203800.000
10/12/2009;6.69;6.86;6.63;6.71;4643418;31479842.000
10/13/2009;6.74;6.87;6.65;6.86;3610100;24553108.000
10/14/2009;6.90;7.02;6.81;6.87;8056354;55909508.000
10/15/2009;7.00;7.08;6.83;6.88;5502614;38118616.000
10/16/2009;6.94;7.07;6.85;7.02;7060876;49329948.000
10/20/2009;7.31;7.72;7.18;7.72;33927087;254726176.000
10/21/2009;7.80;7.85;7.56;7.56;24820793;191628480.000
10/22/2009;7.60;8.08;7.60;7.80;23924469;188928656.000
10/23/2009;7.83;8.22;7.72;7.98;19230609;154018848.000
10/26/2009;7.97;8.28;7.90;8.27;15737834;128429592.000
10/27/2009;8.18;8.18;7.88;7.96;17368909;139080560.000
10/28/2009;7.92;8.07;7.71;8.00;13363249;105625744.000
10/29/2009;7.79;7.98;7.76;7.85;7527627;59213152.000
10/30/2009;7.99;8.15;7.79;7.88;10515232;83700192.000
11/02/2009;7.60;8.36;7.52;8.27;12991450;104636648.000
11/03/2009;8.23;8.65;8.23;8.58;14242067;121049352.000
11/04/2009;8.54;8.82;8.42;8.58;9134413;78583744.000
11/05/2009;8.61;8.68;8.41;8.62;7094633;60630912.000
11/06/2009;8.63;8.69;8.45;8.52;8294222;70838080.000
11/09/2009;8.65;8.72;8.35;8.55;8595110;73020656.000
11/10/2009;8.55;8.60;8.39;8.43;6536110;55394512.000
11/11/2009;8.41;8.63;8.40;8.45;6628961;56305840.000
11/12/2009;8.46;8.64;8.44;8.49;7243823;61830956.000
11/13/2009;8.44;8.52;8.15;8.43;10660319;88966752.000
11/16/2009;8.48;8.76;8.48;8.73;13240939;114603424.000
11/17/2009;8.79;8.82;8.56;8.67;9416607;81545832.000
11/18/2009;8.64;8.70;8.39;8.51;10794566;91984528.000
11/19/2009;8.51;8.74;8.45;8.70;11797233;101339688.000
11/20/2009;8.69;9.07;8.63;8.95;13189983;117784640.000
11/23/2009;9.05;9.30;9.00;9.12;13067792;119664040.000
11/24/2009;9.16;9.18;8.28;8.43;14878939;131349296.000
11/25/2009;8.33;8.75;8.28;8.67;10587963;90071352.000
11/26/2009;8.66;8.88;8.04;8.07;14348289;121494704.000
11/27/2009;8.02;8.23;7.86;7.95;9253354;74325344.000
11/30/2009;8.08;8.32;8.05;8.29;6133565;50250432.000
12/01/2009;8.29;9.10;8.22;8.96;16639485;145357248.000
12/02/2009;8.90;9.23;8.85;8.95;14529056;130984688.000
12/03/2009;8.94;9.46;8.86;9.29;16747964;154221008.000
12/04/2009;9.27;9.27;8.64;8.87;14981088;134212776.000
12/07/2009;8.90;9.37;8.85;9.27;12428129;113707880.000
12/08/2009;9.28;9.35;8.99;9.15;9281400;84878536.000
12/09/2009;9.06;9.30;8.92;9.03;8186272;74865576.000
12/10/2009;9.16;9.45;9.06;9.45;13637132;126371536.000
12/11/2009;9.54;9.60;9.24;9.32;8835086;82826776.000
12/14/2009;9.33;9.38;8.96;9.21;7090903;64719624.000
12/15/2009;9.17;9.65;9.17;9.55;11298320;106794568.000
12/16/2009;9.46;10.04;9.44;9.65;16867162;165349152.000
12/17/2009;9.52;9.70;9.22;9.22;7905129;74188184.000
12/18/2009;9.15;9.45;9.11;9.15;8664641;80334688.000
12/21/2009;9.13;9.21;8.88;9.17;5949344;53581180.000
12/22/2009;9.17;9.40;9.01;9.22;9505889;87754872.000
12/23/2009;9.24;9.79;9.15;9.79;14643252;139872560.000
12/24/2009;9.89;10.25;9.65;10.09;19339677;193343168.000
12/25/2009;10.00;10.66;9.95;10.24;17383633;179761616.000
12/28/2009;10.28;10.81;10.28;10.77;13385151;142072368.000
12/29/2009;10.82;11.44;10.55;11.34;17620483;193902064.000
12/30/2009;11.28;11.28;10.60;10.63;23308235;252769232.000
12/31/2009;10.61;11.10;10.52;10.78;13442145;145940528.000
01/04/2010;10.88;11.26;10.60;11.16;14391659;158141200.000
01/05/2010;11.15;11.88;11.05;11.75;17950457;206489280.000
01/06/2010;11.72;11.98;11.43;11.46;12166059;141383440.000
01/07/2010;11.38;11.77;11.23;11.30;9917432;113804784.000
01/08/2010;11.20;11.60;11.00;11.58;11281675;127241016.000
01/11/2010;11.42;12.18;11.36;11.92;13727079;162329296.000
01/12/2010;11.90;12.17;11.70;11.84;10342778;123026632.000
01/13/2010;11.58;11.94;11.48;11.58;8103823;94759400.000
01/14/2010;11.62;11.90;11.61;11.76;9647780;113529600.000
01/15/2010;11.75;12.05;11.46;11.66;9207779;108281752.000
01/18/2010;11.59;11.76;11.32;11.70;8116953;93551440.000
01/19/2010;11.70;11.87;11.52;11.70;6046800;70682248.000
01/20/2010;11.68;11.79;10.61;10.70;9341505;104444376.000
01/21/2010;10.71;10.96;10.60;10.84;5378782;57929488.000
01/22/2010;10.74;10.74;10.16;10.51;7272787;75829752.000
01/25/2010;10.35;10.53;10.10;10.16;4669547;48243908.000
01/26/2010;10.16;10.35;9.66;9.79;10766227;106762080.000
01/27/2010;9.79;9.90;9.58;9.60;5999257;58515472.000
01/28/2010;9.58;9.96;9.54;9.96;7303814;71693024.000
01/29/2010;9.90;10.47;9.86;10.17;7207400;73721096.000
02/01/2010;10.10;10.10;9.60;9.74;5123363;50081808.000
02/02/2010;9.76;10.10;9.74;9.90;4430295;43981652.000
02/03/2010;9.92;10.05;9.39;9.95;6060554;59062952.000
02/04/2010;9.91;10.22;9.80;10.02;4924129;49539968.000
02/05/2010;9.77;9.93;9.57;9.69;4211160;40988820.000
02/08/2010;9.61;9.74;9.51;9.66;2082793;20123456.000
02/09/2010;9.63;9.76;9.61;9.72;1799337;17428586.000
02/10/2010;9.80;9.94;9.76;9.93;2221472;21860504.000
02/11/2010;9.95;10.11;9.90;9.93;2623262;26243356.000
02/12/2010;9.95;10.10;9.86;10.01;2677234;26782920.000
02/22/2010;9.85;10.07;9.85;9.96;2576257;25741944.000
02/23/2010;9.95;10.41;9.90;10.40;6578663;66924292.000
02/24/2010;10.40;10.61;10.28;10.61;6275500;65746088.000
02/25/2010;10.66;10.96;10.60;10.76;10510406;112743296.000
02/26/2010;10.76;10.83;10.60;10.66;3763648;40275432.000
03/01/2010;10.63;10.90;10.61;10.81;5422384;58366428.000
03/02/2010;10.89;10.96;10.72;10.83;4960914;53754372.000
03/03/2010;10.79;10.93;10.75;10.91;6064639;65719756.000
03/04/2010;10.91;10.95;10.03;10.25;8616933;90839000.000
03/05/2010;10.26;10.35;10.10;10.15;4547194;46420236.000
03/08/2010;10.18;10.46;10.18;10.34;2899625;30007804.000
03/09/2010;10.25;10.46;10.20;10.45;3372155;34939488.000
03/10/2010;10.50;10.56;10.20;10.29;2858641;29664260.000
03/11/2010;10.29;10.46;10.20;10.32;2972668;30712854.000
03/12/2010;10.33;10.42;10.11;10.15;3329975;34277000.000
03/15/2010;10.13;10.18;9.79;9.88;4531040;44874444.000
03/16/2010;9.90;10.00;9.83;10.00;1893121;18762810.000
03/17/2010;10.00;10.65;10.00;10.62;7648530;79841104.000
03/18/2010;10.71;11.39;10.71;10.83;18426837;202372352.000
03/19/2010;10.86;11.25;10.76;11.05;13288053;146679504.000
03/22/2010;11.06;11.78;10.95;11.51;17567081;200425184.000
03/23/2010;11.46;11.55;11.11;11.36;10517800;118821608.000
