002258 利尔化学 日线
      日期	    开盘	    最高	    最低	    收盘	    成交量	    成交额
07/08/2008;16.21;16.71;14.11;14.37;20833330;490491904.000
07/09/2008;13.81;14.97;13.71;14.66;9893384;222530976.000
07/10/2008;14.19;14.63;13.84;14.04;5959079;131204736.000
07/11/2008;13.85;14.01;12.73;13.11;5600875;115172448.000
07/14/2008;12.96;13.59;12.89;13.51;3453300;71662808.000
07/15/2008;13.17;13.44;12.57;12.61;4351254;88250544.000
07/16/2008;12.37;12.43;11.45;11.57;3875057;71712400.000
07/17/2008;11.85;11.94;11.31;11.38;2358867;42996144.000
07/18/2008;11.54;11.70;10.77;11.45;2923718;51364240.000
07/21/2008;11.34;12.36;11.18;11.99;3536730;65580804.000
07/22/2008;11.91;12.27;11.84;11.88;2157353;40646912.000
07/23/2008;11.84;12.09;11.83;11.84;1570453;29291586.000
07/24/2008;11.94;12.51;11.94;12.41;2850882;54352900.000
07/25/2008;12.31;12.35;12.09;12.13;1688896;32197572.000
07/28/2008;12.13;12.47;12.11;12.17;1481136;28339870.000
07/29/2008;11.96;12.30;11.85;12.16;1422673;26826784.000
07/30/2008;12.28;12.75;12.21;12.57;3034720;58988032.000
07/31/2008;12.61;12.68;11.87;11.87;1870227;35618984.000
08/01/2008;11.52;11.87;11.19;11.62;1609387;29000580.000
08/04/2008;11.42;11.89;11.34;11.47;849235;15443562.000
08/05/2008;11.55;11.65;11.17;11.17;881615;15707236.000
08/06/2008;11.23;11.43;10.78;11.01;1093094;19013694.000
08/07/2008;11.17;11.17;10.69;10.95;933750;15915403.000
08/08/2008;10.95;11.07;10.25;10.25;1456035;24313888.000
08/11/2008;10.22;10.25;9.18;9.19;1642454;24870770.000
08/12/2008;9.19;9.50;9.03;9.27;995622;14520158.000
08/13/2008;9.16;9.29;8.75;9.05;933997;13236825.000
08/14/2008;8.91;9.25;8.84;9.24;805819;11625830.000
08/15/2008;9.23;9.43;8.96;9.29;833537;12154341.000
08/18/2008;9.40;9.40;8.57;8.63;1107684;15630568.000
08/19/2008;8.63;8.81;8.51;8.71;768770;10546152.000
08/20/2008;8.58;9.51;8.37;9.46;1996301;28828820.000
08/21/2008;9.17;9.40;8.78;8.83;1274440;18347390.000
08/22/2008;8.80;8.83;8.17;8.36;1314227;17640222.000
08/25/2008;8.51;8.81;8.32;8.61;939876;12816920.000
08/26/2008;8.38;8.49;8.03;8.21;1181659;15438558.000
08/27/2008;8.08;8.35;7.84;8.07;867961;11152110.000
08/28/2008;8.07;8.10;7.87;7.96;508849;6483959.500
08/29/2008;8.12;8.33;7.97;8.27;872440;11375735.000
09/01/2008;8.17;8.17;7.63;7.67;877280;11010203.000
09/02/2008;7.57;7.83;7.53;7.65;467554;5731705.500
09/03/2008;7.73;7.73;7.25;7.37;990294;11669922.000
09/04/2008;7.34;7.51;7.25;7.36;857660;10137325.000
09/05/2008;7.21;7.21;6.85;6.85;1008597;11348353.000
09/08/2008;6.86;6.97;6.43;6.45;1151567;12316219.000
09/09/2008;6.45;6.63;6.36;6.49;606441;6367258.500
09/10/2008;6.44;6.67;6.27;6.50;563154;5907253.000
09/11/2008;6.45;6.67;6.41;6.52;763942;8073648.000
09/12/2008;6.52;6.94;6.49;6.84;1336139;14513773.000
09/16/2008;6.75;6.91;6.49;6.50;1350747;14603053.000
09/17/2008;6.43;6.58;6.24;6.31;801723;8316032.500
09/18/2008;6.08;6.23;5.63;6.00;1521116;14602714.000
09/19/2008;6.63;6.65;6.44;6.65;1429943;15197364.000
09/22/2008;7.29;7.35;6.71;6.91;3172240;35981068.000
09/23/2008;6.64;6.65;6.17;6.17;1582365;16456647.000
09/24/2008;5.99;6.32;5.98;6.32;649925;6455858.500
09/25/2008;6.32;6.63;6.24;6.54;1299149;13569101.000
09/26/2008;6.56;6.56;6.28;6.33;1174065;12133409.000
10/06/2008;6.16;6.29;6.03;6.03;672925;6662582.500
10/07/2008;5.96;6.27;5.77;6.27;1031939;10191013.000
10/08/2008;5.76;6.11;5.76;6.03;3595442;34620228.000
10/09/2008;6.01;6.01;5.84;5.93;1914861;18400860.000
10/10/2008;5.64;5.67;5.34;5.36;1827843;16508430.000
10/13/2008;5.35;5.42;4.92;5.39;1086443;9166635.000
10/14/2008;5.57;5.62;5.25;5.30;1247132;11227610.000
10/15/2008;5.18;5.30;5.07;5.23;862919;7323963.000
10/16/2008;4.97;5.03;4.71;4.75;1124128;9038654.000
10/17/2008;4.77;4.84;4.66;4.69;659899;5161363.000
10/20/2008;4.71;4.90;4.59;4.87;707504;5591647.000
10/21/2008;4.86;5.12;4.85;4.93;1185949;9816609.000
10/22/2008;4.87;4.96;4.81;4.93;635980;5114695.000
10/23/2008;4.85;5.03;4.71;5.03;699370;5692416.000
10/24/2008;5.04;5.28;4.99;5.11;1307242;11048016.000
10/27/2008;4.96;5.01;4.71;4.71;820250;6580342.000
10/28/2008;4.71;5.03;4.61;4.97;783823;6279969.500
10/29/2008;5.11;5.17;4.95;5.00;1030537;8565499.000
10/30/2008;5.05;5.24;4.95;5.07;1070439;8991105.000
10/31/2008;5.11;5.14;4.88;4.88;640501;5276565.000
11/03/2008;4.81;4.94;4.71;4.74;437763;3483089.000
11/04/2008;4.75;4.90;4.64;4.84;573494;4506787.000
11/05/2008;4.81;5.12;4.81;5.11;1079320;8973200.000
11/06/2008;4.98;5.05;4.87;4.94;519183;4246234.000
11/07/2008;4.91;5.19;4.85;5.13;915836;7677471.000
11/10/2008;5.21;5.61;5.21;5.57;1789851;15941076.000
11/11/2008;5.47;5.69;5.41;5.43;1498829;13545886.000
11/12/2008;5.33;5.77;5.31;5.68;1483978;13520634.000
11/13/2008;5.57;6.03;5.54;5.92;2471494;23520314.000
11/14/2008;6.00;6.11;5.81;6.10;3156928;30613416.000
11/17/2008;6.09;6.60;5.97;6.49;2915478;29995372.000
11/18/2008;6.43;6.81;6.17;6.17;4172943;43604280.000
11/19/2008;6.11;6.84;6.09;6.76;2733684;28442204.000
11/20/2008;6.57;6.97;6.51;6.53;3219856;34916692.000
11/21/2008;6.31;6.49;6.01;6.21;2693975;27180538.000
11/24/2008;6.28;6.34;5.90;5.96;1920644;19034870.000
11/25/2008;6.03;6.11;5.79;5.91;1248007;12033176.000
11/26/2008;5.89;6.39;5.89;6.37;2666522;26982988.000
11/27/2008;6.85;6.96;6.31;6.37;3381516;35852492.000
11/28/2008;6.21;6.37;6.11;6.11;1351723;13560968.000
12/01/2008;6.12;6.64;6.10;6.56;1992433;20684292.000
12/02/2008;6.39;6.95;6.37;6.89;3410824;37007020.000
12/03/2008;6.93;7.44;6.89;7.25;3172465;36742596.000
12/04/2008;7.37;7.75;7.04;7.11;3507481;41710632.000
12/05/2008;7.13;7.69;7.13;7.57;2546312;30318412.000
12/08/2008;7.71;8.04;7.61;7.80;3400707;42061904.000
12/09/2008;7.80;7.80;7.39;7.49;2139001;25842686.000
12/10/2008;7.39;8.01;7.37;8.01;2734101;33542780.000
12/11/2008;7.94;8.31;7.75;7.76;2897458;37257436.000
12/15/2008;7.51;7.67;7.17;7.57;2940903;35111144.000
12/16/2008;7.56;7.61;7.11;7.56;1616652;19058260.000
12/17/2008;7.66;8.03;7.57;7.62;2596865;32448168.000
12/18/2008;7.57;8.05;7.52;7.97;2365830;29594758.000
12/19/2008;8.06;8.31;7.97;8.09;1851336;23975588.000
12/22/2008;8.08;8.88;7.98;8.71;3466453;46701196.000
12/23/2008;8.67;8.87;8.24;8.57;3236545;44163932.000
12/24/2008;8.41;8.41;8.04;8.19;1774129;23263546.000
12/25/2008;8.24;8.51;8.19;8.50;1426318;18907100.000
12/26/2008;8.55;9.17;8.49;8.66;2830895;39995116.000
12/29/2008;8.54;8.54;7.92;8.17;1835615;23835454.000
12/30/2008;8.17;8.91;8.09;8.63;2520040;34216332.000
12/31/2008;8.64;9.16;8.52;8.77;2125141;29997850.000
01/05/2009;8.85;9.51;8.85;9.41;3202315;47110644.000
01/06/2009;9.38;9.49;9.15;9.39;1553761;22895168.000
01/07/2009;9.38;10.34;9.38;10.23;3922339;61775616.000
01/08/2009;9.95;11.01;9.88;10.39;3798627;62957452.000
01/09/2009;10.21;10.84;10.14;10.69;2752725;45470388.000
01/12/2009;10.73;10.92;10.56;10.61;1979095;33223960.000
01/13/2009;10.48;10.48;9.69;9.97;1897918;30199798.000
01/14/2009;9.79;10.57;9.79;10.52;1637835;26577790.000
01/15/2009;10.41;11.29;10.17;11.04;3370518;58059952.000
01/16/2009;11.05;11.17;10.57;10.68;2058201;34981444.000
01/19/2009;10.64;10.90;10.25;10.64;1317254;21843080.000
01/20/2009;10.70;10.79;10.45;10.72;554234;9259872.000
01/21/2009;10.77;11.84;10.77;11.84;3283312;59190960.000
01/22/2009;12.01;12.13;11.63;11.79;2039244;37684800.000
01/23/2009;11.79;11.88;11.31;11.58;1424321;25734470.000
02/02/2009;11.63;12.36;11.58;12.01;2072882;38963424.000
02/03/2009;12.01;12.19;11.75;12.08;1816020;33880192.000
02/04/2009;12.17;12.17;11.85;11.97;1565503;29230858.000
02/05/2009;11.94;12.15;11.61;12.10;1727005;32037170.000
02/06/2009;12.09;12.51;11.99;12.33;1962955;37790640.000
02/09/2009;12.33;12.51;12.04;12.51;2006973;38293504.000
02/10/2009;12.53;12.53;12.04;12.40;2105219;40298708.000
02/11/2009;12.18;12.69;12.01;12.21;2365473;45347956.000
02/12/2009;12.19;12.37;11.51;11.87;1530593;28357532.000
02/13/2009;11.84;12.11;11.71;12.02;1706796;31740918.000
02/16/2009;12.03;12.83;12.03;12.68;2891113;56561884.000
02/17/2009;12.59;13.74;12.04;13.24;2701423;53561000.000
02/18/2009;13.05;13.83;13.01;13.54;3562353;75118264.000
02/19/2009;13.95;14.95;13.71;14.95;6441989;147304592.000
02/20/2009;15.00;15.14;14.37;14.73;3960269;89995576.000
02/23/2009;14.84;15.76;14.71;15.11;3729576;87151080.000
02/24/2009;14.93;15.38;13.58;14.14;3581471;80545816.000
02/25/2009;13.91;14.54;13.04;13.43;4037845;85148912.000
02/26/2009;12.71;13.13;12.03;12.03;7074686;137728576.000
02/27/2009;11.84;11.84;10.81;11.27;4033489;70680472.000
03/02/2009;11.16;11.63;10.97;11.48;2068249;36814568.000
03/03/2009;10.85;11.99;10.75;11.85;3280248;58317692.000
03/04/2009;11.61;12.57;11.61;12.41;2856335;54820276.000
03/05/2009;12.53;12.79;11.91;12.11;2550485;48970960.000
03/06/2009;11.91;12.02;11.47;11.56;1936826;35247676.000
03/09/2009;11.63;11.91;11.11;11.11;1345470;24315382.000
03/10/2009;11.03;11.62;10.84;11.62;1083213;19127084.000
03/11/2009;11.84;11.90;11.47;11.51;1201006;21867124.000
03/12/2009;11.49;11.53;10.94;11.37;867762;15238168.000
03/13/2009;11.34;11.62;11.24;11.28;807354;14449146.000
03/16/2009;11.29;12.15;10.99;12.09;1949956;35958620.000
03/17/2009;12.06;12.35;11.74;12.27;2143485;40635292.000
03/19/2009;12.28;12.42;12.02;12.38;2334541;44405276.000
03/20/2009;12.51;12.51;12.04;12.12;1474485;28128690.000
03/23/2009;12.13;12.41;12.13;12.31;1800204;34470816.000
03/24/2009;12.45;13.15;12.29;12.88;2526132;50167328.000
03/25/2009;12.83;12.91;12.31;12.31;1576120;30957450.000
03/26/2009;12.29;12.47;11.92;12.35;1441187;27418364.000
03/27/2009;12.44;12.63;12.34;12.49;1386159;26908424.000
03/30/2009;12.55;13.07;12.55;12.77;2245387;44968772.000
03/31/2009;12.50;12.80;12.17;12.64;1498000;29215262.000
04/01/2009;12.84;13.04;12.76;13.02;2359673;47496964.000
04/02/2009;13.24;13.82;13.13;13.52;4100228;86287208.000
04/03/2009;13.74;13.74;12.95;13.16;2642342;53542464.000
04/07/2009;13.16;13.20;12.81;13.07;1843790;36662544.000
04/08/2009;13.01;13.46;12.68;12.73;1627127;32609020.000
04/09/2009;12.87;13.00;12.56;12.86;1251000;24369060.000
04/10/2009;13.07;13.53;12.91;13.47;2599758;53170216.000
04/13/2009;13.67;13.72;13.35;13.51;2162186;44538572.000
04/14/2009;13.51;14.74;13.23;14.35;3393756;72603272.000
04/15/2009;14.20;14.74;14.08;14.46;2979021;65698032.000
04/16/2009;14.49;14.59;14.13;14.18;2003075;43833316.000
04/17/2009;14.19;14.41;13.42;13.48;1844297;38631140.000
04/20/2009;13.95;14.85;13.95;14.85;4207377;94404880.000
04/21/2009;15.01;15.98;14.55;15.68;4997087;117257344.000
04/22/2009;15.68;15.81;14.41;14.85;3642737;84261976.000
04/23/2009;14.55;15.45;14.55;15.45;2948164;68134872.000
04/24/2009;15.61;17.01;15.09;16.37;4123348;100720816.000
04/27/2009;16.36;17.88;15.75;16.74;4974985;128759592.000
04/28/2009;16.41;17.08;16.01;16.75;2592443;65628184.000
04/29/2009;16.74;17.41;16.41;16.89;2312089;59363760.000
04/30/2009;16.92;18.38;16.81;18.11;3430839;92750992.000
05/04/2009;18.47;18.61;17.83;18.40;2730370;75593608.000
05/05/2009;18.15;19.35;17.76;19.01;3288302;91327576.000
05/06/2009;18.81;19.93;18.61;19.07;2895884;84812416.000
05/07/2009;19.07;19.21;18.08;18.15;3428889;96142008.000
05/08/2009;17.95;18.28;16.83;17.10;3702509;98202288.000
05/11/2009;17.11;17.72;16.60;16.65;2229311;58455824.000
05/12/2009;16.50;17.72;16.49;17.68;1990237;52058152.000
05/13/2009;17.68;18.03;17.18;17.55;2100158;56287736.000
05/14/2009;17.22;17.61;17.22;17.34;1097700;29059016.000
05/15/2009;17.45;18.06;17.40;17.65;1251607;33801520.000
05/18/2009;17.65;17.73;17.07;17.73;1163049;30769684.000
05/19/2009;17.75;18.55;17.75;18.16;2114603;58785300.000
05/20/2009;18.09;18.33;17.75;17.75;1227600;33629740.000
05/21/2009;17.41;17.61;16.81;16.83;2217829;57624024.000
05/22/2009;16.83;17.28;16.71;17.14;1055538;27290624.000
05/25/2009;16.73;16.94;16.17;16.79;1189186;29943842.000
05/26/2009;16.82;17.48;16.82;16.92;1408937;36897356.000
05/27/2009;17.05;17.06;16.71;16.92;611968;15718817.000
06/01/2009;17.24;17.41;16.95;17.21;1025595;26815060.000
06/02/2009;17.31;17.37;17.07;17.14;842684;21986242.000
06/03/2009;17.20;17.25;17.02;17.09;883024;22977054.000
06/04/2009;17.12;18.08;17.12;17.61;1857158;49887448.000
06/05/2009;17.51;17.69;17.14;17.15;1134223;29787996.000
06/08/2009;17.08;17.08;16.39;16.49;1555568;39433556.000
06/09/2009;16.48;16.73;16.18;16.65;586965;14716116.000
06/10/2009;16.65;16.79;16.49;16.72;562082;14254203.000
06/11/2009;16.75;16.75;16.50;16.53;562999;14237402.000
06/12/2009;16.44;16.71;16.42;16.58;576428;14552555.000
06/15/2009;16.95;16.95;16.61;16.78;556951;14197898.000
06/16/2009;16.75;17.27;16.61;17.14;1267183;32893116.000
06/17/2009;17.14;17.21;16.85;17.09;743668;19254992.000
06/18/2009;17.25;17.94;17.11;17.67;2333453;62623016.000
06/19/2009;17.66;19.46;17.55;19.46;4338930;124353048.000
06/22/2009;19.75;20.64;19.21;19.23;4292300;130250088.000
06/23/2009;19.01;21.07;18.68;20.52;3358824;103218544.000
06/24/2009;20.55;21.07;20.15;20.78;2876067;89865352.000
06/25/2009;20.79;20.95;20.25;20.48;1945784;60650352.000
06/26/2009;20.43;21.79;20.33;20.41;2191044;69785704.000
06/29/2009;20.26;20.81;19.55;19.86;2160908;65474496.000
06/30/2009;19.86;20.28;19.68;19.89;1097609;33135194.000
07/01/2009;19.85;20.05;19.51;19.51;1420360;42561356.000
07/02/2009;19.88;20.65;19.75;19.95;1997076;61001256.000
07/03/2009;19.75;21.97;19.68;21.97;3340781;106725728.000
07/06/2009;21.48;23.06;21.48;22.34;2953607;100383264.000
07/07/2009;22.41;23.75;21.97;23.03;2763733;97112472.000
07/08/2009;22.81;23.41;22.15;22.97;2156102;74044704.000
07/09/2009;23.05;24.12;22.81;23.98;2207995;79144560.000
07/10/2009;23.91;23.91;23.28;23.55;1937675;69257568.000
07/13/2009;23.31;24.41;22.99;23.03;2108201;75806360.000
07/14/2009;23.21;23.88;22.88;23.17;1453012;51390524.000
07/15/2009;23.25;25.35;23.25;24.83;2767191;102291944.000
07/16/2009;24.86;25.35;24.07;24.42;2339774;86944936.000
07/17/2009;24.75;24.75;22.71;22.81;4402919;155948336.000
07/20/2009;22.83;23.48;22.41;23.04;3917278;136212688.000
07/21/2009;24.27;25.37;23.75;25.37;9629614;358916320.000
07/22/2009;25.08;27.60;24.13;26.31;8091961;317152480.000
07/23/2009;26.11;27.21;25.70;26.00;4570635;182632928.000
07/24/2009;26.02;26.41;25.45;26.07;3325295;130790216.000
07/27/2009;26.07;27.41;26.07;26.88;3814439;155227520.000
07/28/2009;26.61;26.80;25.88;26.09;3262708;129338808.000
07/29/2009;26.11;26.32;23.75;25.08;3551951;137012736.000
07/30/2009;24.95;25.64;24.41;25.58;2379844;90331200.000
07/31/2009;25.67;27.05;25.21;26.25;3607743;143383216.000
08/03/2009;26.08;26.52;25.96;26.12;2375153;94097752.000
08/04/2009;26.12;26.79;25.82;26.63;2786485;111500456.000
08/05/2009;26.73;28.08;26.43;27.27;3411535;141527392.000
08/06/2009;27.01;27.01;25.60;26.09;3756674;148452608.000
08/07/2009;25.75;26.07;25.42;25.55;1642355;64122924.000
08/10/2009;25.88;26.12;25.41;26.07;1785056;69768552.000
08/11/2009;26.08;27.67;25.95;27.44;4457452;183773328.000
08/12/2009;27.44;27.78;26.21;26.48;2843594;116031096.000
08/13/2009;26.40;26.73;25.89;26.41;1803766;71682600.000
08/14/2009;26.45;28.07;26.31;26.79;4044079;167662720.000
08/17/2009;26.55;26.61;24.85;24.96;2885678;112495872.000
08/19/2009;25.81;26.28;24.75;24.96;2379722;92038560.000
08/20/2009;24.75;25.40;22.88;25.07;4166063;152905344.000
08/21/2009;25.32;26.30;24.61;26.01;4648996;179823056.000
08/24/2009;25.95;28.63;25.53;28.63;7246986;301720576.000
08/25/2009;28.61;29.08;26.99;28.15;6254633;268057456.000
08/26/2009;28.58;29.21;27.41;27.83;5632095;240550480.000
08/27/2009;27.45;27.60;25.60;26.14;7788869;205719664.000
08/28/2009;25.63;26.14;24.40;24.93;4430913;110878096.000
08/31/2009;24.40;24.45;22.44;22.44;3707015;85011712.000
09/01/2009;21.80;22.39;20.88;21.35;3686046;79638776.000
09/02/2009;21.33;22.10;21.00;21.78;3243780;70125528.000
09/03/2009;21.80;23.04;21.45;22.88;4724298;106041176.000
09/04/2009;22.90;22.90;22.14;22.61;5174568;116601680.000
09/07/2009;22.65;24.39;22.65;23.70;5954450;140837296.000
09/08/2009;23.60;23.89;23.00;23.78;3978090;93535912.000
09/09/2009;23.78;24.15;23.40;24.12;4636231;110116920.000
09/10/2009;23.90;25.99;23.60;24.90;7315806;182786672.000
09/11/2009;24.68;25.20;24.38;24.84;4700608;116511944.000
09/14/2009;25.50;25.90;25.25;25.53;5349755;136696688.000
09/15/2009;25.60;26.00;25.46;25.63;4464940;114886104.000
09/16/2009;25.80;25.80;24.70;25.15;3888687;98240672.000
09/17/2009;25.16;25.65;25.16;25.30;3411456;86677392.000
09/18/2009;25.50;25.52;23.88;24.04;3975604;98706248.000
09/21/2009;23.88;23.96;22.91;23.80;2639404;61512736.000
09/22/2009;23.80;24.20;23.50;23.50;2108197;50211504.000
09/23/2009;23.78;23.79;22.52;22.54;1933924;44522680.000
09/24/2009;22.33;22.67;21.62;22.27;1921938;42548396.000
09/25/2009;22.29;22.65;21.89;21.91;2390119;53148444.000
09/28/2009;22.05;22.50;21.36;21.36;1486699;32712368.000
09/29/2009;21.50;21.50;19.80;20.29;2518814;51517848.000
09/30/2009;20.74;21.07;20.31;20.67;1603466;33225092.000
10/09/2009;20.90;22.74;20.90;22.50;2627439;58172676.000
10/12/2009;22.54;22.79;22.10;22.45;2075611;46656360.000
10/13/2009;22.37;22.77;22.15;22.63;1722862;38877948.000
10/14/2009;22.65;23.37;22.50;22.69;2324530;53242368.000
10/15/2009;22.71;23.05;22.46;22.76;1984452;45073760.000
10/16/2009;22.76;22.97;22.10;22.35;1896351;42532252.000
10/19/2009;22.28;22.92;22.05;22.91;2220531;50295788.000
10/20/2009;23.08;24.75;23.02;24.52;5341337;128175040.000
10/21/2009;24.15;24.30;23.78;23.96;3183655;76420240.000
10/22/2009;23.80;24.10;23.66;23.81;1879437;44854056.000
10/23/2009;23.70;24.48;23.66;24.01;2820974;68175728.000
10/26/2009;24.00;24.47;23.68;24.40;2817335;67673376.000
10/27/2009;24.20;24.30;23.69;23.70;2103357;50411660.000
10/28/2009;23.00;23.19;21.96;22.99;5253921;118657424.000
10/29/2009;22.67;22.67;22.00;22.04;2663968;58983852.000
10/30/2009;22.48;22.60;21.90;22.03;2853471;63341144.000
11/02/2009;21.30;22.30;21.10;22.28;2658402;58050324.000
11/03/2009;22.20;22.85;22.15;22.66;2605507;58832928.000
11/04/2009;22.60;23.35;22.55;23.15;3305679;76392576.000
11/05/2009;23.13;23.35;23.03;23.32;3112801;72312104.000
11/06/2009;23.44;24.15;23.44;23.59;3891294;92740360.000
11/09/2009;23.75;23.95;23.28;23.53;2661448;62523240.000
11/10/2009;23.50;24.00;23.50;23.97;3096392;73535392.000
11/11/2009;24.05;24.15;23.70;24.00;3508000;84115656.000
11/12/2009;24.00;24.06;23.61;23.67;3195325;76099960.000
11/13/2009;23.67;23.90;23.18;23.67;2466379;58010296.000
11/16/2009;23.80;24.64;23.80;24.47;5041371;122425624.000
11/17/2009;24.64;24.76;24.20;24.76;4656840;114108728.000
11/18/2009;24.80;25.95;24.79;25.75;7825700;200346144.000
11/19/2009;25.75;26.78;25.31;26.48;7093415;185230624.000
11/20/2009;26.40;27.00;26.08;26.35;6902986;184137344.000
11/23/2009;26.31;26.65;26.03;26.61;5120549;134825840.000
11/24/2009;26.80;27.45;25.14;25.38;6694380;177019264.000
11/25/2009;25.20;25.97;24.60;25.78;4096361;104033000.000
11/26/2009;26.00;26.34;24.00;24.11;5524743;138931184.000
11/27/2009;23.98;24.26;23.48;23.50;2920984;69310312.000
11/30/2009;23.80;25.00;23.68;24.99;2908689;70974064.000
12/01/2009;24.80;25.49;24.72;25.44;3172276;80048712.000
12/02/2009;25.50;25.98;25.48;25.75;3603826;92771616.000
12/03/2009;25.74;25.99;25.43;25.85;3219150;82860096.000
12/04/2009;26.00;26.97;25.02;26.27;7700901;201814352.000
12/07/2009;26.10;26.47;25.52;26.07;3552653;92245440.000
12/08/2009;26.22;26.23;25.30;25.63;2566270;65833644.000
12/09/2009;25.58;25.58;24.62;24.74;2852446;71395368.000
12/10/2009;24.83;25.19;24.74;25.10;1771663;44243188.000
12/11/2009;25.16;25.18;24.80;24.90;1389449;34722396.000
12/14/2009;24.90;25.02;24.11;24.70;1588862;38878016.000
12/15/2009;24.70;25.75;24.58;25.38;2296896;58348724.000
12/16/2009;25.30;25.33;24.70;24.76;1457830;36388620.000
12/17/2009;25.00;25.00;24.10;24.10;1611361;39282496.000
12/18/2009;23.98;23.98;22.81;23.04;1590648;37148732.000
12/21/2009;23.01;23.58;23.00;23.45;1012165;23549926.000
12/22/2009;23.50;23.51;22.21;22.26;1663447;37831896.000
12/23/2009;22.26;22.79;22.26;22.51;910885;20486750.000
12/24/2009;22.51;23.44;22.51;23.38;1466965;33895564.000
12/25/2009;23.40;23.50;23.03;23.43;1121151;26120256.000
12/28/2009;23.40;23.79;23.39;23.75;1601486;37727892.000
12/29/2009;23.75;24.68;23.65;24.67;2515524;60768448.000
12/30/2009;24.65;24.65;24.05;24.40;2095283;50817080.000
12/31/2009;24.42;24.88;24.41;24.60;1772441;43693060.000
01/04/2010;24.72;24.85;24.18;24.18;1572881;38364232.000
01/05/2010;24.14;24.30;23.73;24.07;1812149;43555416.000
01/06/2010;24.09;24.60;24.01;24.14;1713406;41718016.000
01/07/2010;23.60;23.90;22.85;22.94;2716722;63438192.000
01/08/2010;22.90;23.58;22.76;23.50;1825689;42012220.000
01/11/2010;23.50;23.98;23.03;23.18;1326451;30922144.000
01/12/2010;23.11;23.86;23.10;23.86;2346538;55068652.000
01/13/2010;23.50;23.86;23.10;23.31;1758674;41245076.000
01/14/2010;23.21;25.10;23.21;24.89;4508720;109773112.000
01/15/2010;24.90;25.46;24.90;25.19;5017244;126255160.000
01/18/2010;25.25;25.40;24.71;25.30;3094747;77547896.000
01/19/2010;25.55;27.79;25.55;26.99;12749716;339470496.000
01/20/2010;26.97;26.97;25.90;26.02;7130829;187987408.000
01/21/2010;25.90;26.22;25.00;25.26;3770329;96075680.000
01/22/2010;24.98;25.20;23.86;24.59;3213184;78991072.000
01/25/2010;24.33;24.96;24.20;24.44;1552165;38100064.000
01/26/2010;24.22;24.75;23.11;23.22;2078457;49198400.000
01/27/2010;23.22;23.78;23.15;23.18;1293431;30309316.000
01/28/2010;23.10;23.52;22.61;23.52;1425860;32977390.000
01/29/2010;23.25;23.78;23.25;23.50;1406044;33148100.000
02/01/2010;23.51;24.45;23.21;24.34;2048618;48806684.000
02/02/2010;24.24;24.65;23.78;23.83;1582503;38347036.000
02/03/2010;24.10;24.20;22.85;23.80;1610656;37757788.000
02/04/2010;23.70;23.76;23.30;23.39;1415172;33298106.000
02/05/2010;23.30;23.30;22.56;22.70;1741087;39705304.000
02/08/2010;22.60;22.99;22.40;22.51;822000;18529424.000
02/09/2010;22.70;22.88;22.51;22.70;623696;14166354.000
02/10/2010;22.90;23.13;22.75;23.10;709627;16257111.000
02/11/2010;22.98;23.16;22.80;22.85;727540;16679270.000
02/12/2010;22.88;23.12;22.87;23.10;626686;14445676.000
02/22/2010;23.09;23.49;22.80;23.16;980901;22770032.000
02/23/2010;23.20;23.46;22.79;23.31;978944;22522604.000
02/24/2010;23.38;23.86;23.10;23.84;1444125;33960780.000
02/25/2010;23.83;24.18;23.74;24.02;1744946;41905976.000
02/26/2010;24.00;24.00;23.57;23.71;1861084;44169124.000
03/01/2010;23.65;25.25;23.61;24.73;3722690;91646304.000
03/02/2010;24.70;24.89;24.15;24.48;2619841;63925836.000
03/03/2010;24.50;25.20;24.40;24.95;2948664;73163208.000
03/04/2010;24.95;25.19;23.80;23.91;2669732;65373056.000
03/05/2010;23.80;24.38;23.80;24.01;1527974;36765588.000
03/08/2010;23.95;24.55;23.90;24.26;1412537;34324096.000
03/09/2010;24.27;24.45;24.01;24.05;970340;23449024.000
03/10/2010;24.08;24.38;23.90;24.05;1007416;24320742.000
03/11/2010;24.07;24.18;23.50;23.64;1311707;31154458.000
03/12/2010;23.55;23.81;23.51;23.55;914921;21610280.000
03/15/2010;23.55;23.55;22.78;22.90;1308874;30058596.000
03/16/2010;22.80;23.12;22.80;23.07;761666;17494852.000
03/17/2010;23.10;23.45;22.95;23.45;1028846;23913878.000
03/18/2010;23.47;23.62;23.35;23.39;836159;19600856.000
03/22/2010;23.50;24.89;23.50;24.36;2880792;70521544.000
03/23/2010;24.25;24.25;23.75;24.15;1601700;38427324.000
