002018 华星化工 日线
      日期	    开盘	    最高	    最低	    收盘	    成交量	    成交额
07/13/2004;2.37;2.52;2.28;2.49;11145184;123674776.000
07/14/2004;2.45;2.60;2.37;2.58;7334789;83626520.000
07/15/2004;2.56;2.60;2.47;2.51;4456472;52148684.000
07/16/2004;2.51;2.78;2.51;2.78;7572296;94095704.000
07/19/2004;2.80;2.91;2.76;2.82;7622209;98724936.000
07/20/2004;2.78;2.86;2.76;2.76;3007036;38701708.000
07/21/2004;2.75;2.82;2.70;2.80;2374825;30031212.000
07/22/2004;2.78;2.83;2.64;2.68;2437191;30564744.000
07/23/2004;2.65;2.76;2.60;2.76;1803355;22275714.000
07/26/2004;2.71;2.72;2.59;2.67;1783071;21802130.000
07/27/2004;2.63;2.67;2.44;2.53;1813594;21445678.000
07/28/2004;2.52;2.71;2.48;2.67;2084736;25103242.000
07/29/2004;2.66;2.75;2.62;2.74;2307979;28667538.000
07/30/2004;2.72;2.75;2.63;2.68;1504499;18653350.000
08/02/2004;2.72;2.79;2.66;2.72;2400781;30127292.000
08/03/2004;2.71;2.78;2.68;2.73;1596941;20017868.000
08/04/2004;2.72;2.76;2.63;2.74;1956823;24393318.000
08/05/2004;2.73;2.78;2.70;2.72;1380280;17409712.000
08/06/2004;2.73;2.74;2.56;2.64;1813060;21993662.000
08/09/2004;2.61;2.61;2.49;2.53;1279528;15039810.000
08/10/2004;2.53;2.57;2.50;2.55;641767;7511033.000
08/11/2004;2.53;2.53;2.32;2.40;1901610;21301204.000
08/12/2004;2.38;2.39;2.33;2.38;711345;7803107.000
08/13/2004;2.34;2.40;2.29;2.29;783125;8498534.000
08/16/2004;2.25;2.32;2.12;2.15;1343313;13858068.000
08/17/2004;2.13;2.18;2.09;2.16;1039161;10403544.000
08/18/2004;2.16;2.23;2.06;2.18;1418488;14456981.000
08/19/2004;2.12;2.20;2.09;2.15;722788;7284221.500
08/20/2004;2.17;2.23;2.12;2.21;978858;10012207.000
08/23/2004;2.18;2.18;2.02;2.08;921095;9103796.000
08/24/2004;2.07;2.15;2.04;2.11;820405;8122250.500
08/25/2004;2.12;2.12;2.02;2.03;729410;7025290.500
08/26/2004;2.03;2.05;1.93;1.95;662683;6207119.500
08/27/2004;1.94;1.96;1.92;1.95;512384;4710836.000
08/30/2004;1.90;2.04;1.90;1.99;789548;7437755.500
08/31/2004;2.10;2.10;1.99;1.99;980830;9466165.000
09/01/2004;2.01;2.01;1.95;1.96;456116;4241283.000
09/02/2004;1.94;1.99;1.93;1.99;358304;3319420.250
09/03/2004;1.97;2.00;1.94;1.97;348421;3235455.500
09/06/2004;1.97;1.97;1.77;1.93;597053;5314451.000
09/07/2004;1.93;1.95;1.88;1.90;555792;5012279.000
09/08/2004;1.90;1.93;1.88;1.92;316620;2858661.500
09/09/2004;1.90;1.90;1.86;1.87;230332;2057458.375
09/10/2004;1.85;1.89;1.84;1.87;293969;2602930.750
09/13/2004;1.88;1.88;1.79;1.79;347164;3014965.250
09/14/2004;1.81;1.87;1.81;1.85;785632;6890174.000
09/15/2004;1.85;2.05;1.85;2.00;1603548;15026561.000
09/16/2004;2.02;2.15;1.99;2.11;2427477;23663780.000
09/17/2004;2.13;2.19;2.06;2.19;2139906;21299492.000
09/21/2004;2.29;2.43;2.23;2.43;4229759;45657264.000
09/22/2004;2.42;2.46;2.35;2.39;2734891;30513772.000
09/23/2004;2.40;2.44;2.30;2.41;1650726;18149734.000
09/24/2004;2.44;2.52;2.37;2.38;2721773;30832572.000
09/27/2004;2.47;2.51;2.37;2.39;2615699;29435966.000
09/28/2004;2.37;2.43;2.30;2.41;1245009;13680454.000
09/29/2004;2.42;2.43;2.36;2.38;728145;8048466.000
09/30/2004;2.38;2.43;2.34;2.34;772371;8507997.000
10/08/2004;2.37;2.50;2.30;2.49;1572196;17795872.000
10/11/2004;2.51;2.59;2.44;2.44;2022549;23606404.000
10/12/2004;2.43;2.45;2.37;2.41;865045;9666862.000
10/13/2004;2.41;2.44;2.39;2.40;388530;4337208.500
10/14/2004;2.42;2.42;2.14;2.14;1068184;11053575.000
10/15/2004;2.09;2.09;1.97;2.00;1059352;10086685.000
10/18/2004;2.04;2.09;1.98;2.05;522438;5040785.500
10/19/2004;2.07;2.12;1.98;1.98;796412;7698057.000
10/20/2004;1.97;2.00;1.92;1.99;473107;4357863.500
10/21/2004;1.98;2.01;1.93;1.95;493519;4573687.500
10/22/2004;1.95;2.04;1.87;2.03;706917;6566185.500
10/25/2004;2.05;2.08;1.97;1.99;634740;6053020.500
10/26/2004;1.99;2.08;1.97;2.07;605701;5766415.500
10/27/2004;2.08;2.16;2.04;2.16;1306173;12894094.000
10/28/2004;2.17;2.19;2.04;2.07;1066874;10629518.000
10/29/2004;1.99;2.12;1.97;2.04;842378;8107439.000
11/01/2004;2.00;2.06;1.99;2.02;274326;2616448.750
11/02/2004;2.00;2.02;1.98;2.00;280674;2647265.000
11/03/2004;1.99;2.09;1.99;2.09;447275;4328142.000
11/04/2004;2.09;2.11;2.00;2.02;431205;4174917.500
11/05/2004;2.03;2.07;2.01;2.01;194500;1860089.000
11/08/2004;2.00;2.03;1.99;2.02;138863;1311294.250
11/09/2004;2.02;2.06;2.01;2.04;243787;2337642.500
11/10/2004;2.06;2.20;2.06;2.20;1618997;16275265.000
11/11/2004;2.23;2.25;2.16;2.16;1441508;14917662.000
11/12/2004;2.18;2.22;2.15;2.17;577203;5885493.500
11/15/2004;2.17;2.22;2.17;2.19;357607;3664288.500
11/16/2004;2.20;2.23;2.18;2.23;608967;6283894.500
11/17/2004;2.22;2.23;2.16;2.17;410488;4199093.000
11/18/2004;2.17;2.20;2.16;2.19;315241;3211834.500
11/19/2004;2.19;2.20;2.15;2.19;285038;2896035.000
11/22/2004;2.19;2.22;2.17;2.20;326948;3358528.750
11/23/2004;2.19;2.20;2.15;2.16;434421;4403599.000
11/24/2004;2.14;2.20;2.14;2.17;281535;2859094.750
11/25/2004;2.18;2.19;2.14;2.16;173720;1755468.875
11/26/2004;2.16;2.17;2.14;2.14;180333;1815530.875
11/30/2004;2.06;2.08;2.02;2.06;397011;3827664.750
12/01/2004;2.06;2.06;2.01;2.02;232999;2230107.500
12/02/2004;2.00;2.03;1.97;2.02;279163;2620520.750
12/03/2004;1.99;2.12;1.99;2.05;431000;4195845.500
12/06/2004;2.06;2.06;2.03;2.04;198752;1910104.875
12/07/2004;2.05;2.08;2.00;2.02;224899;2153769.500
12/08/2004;2.05;2.05;2.02;2.04;122966;1179589.000
12/09/2004;2.04;2.11;2.02;2.09;432391;4224268.000
12/10/2004;2.06;2.09;2.03;2.03;196050;1891035.250
12/13/2004;2.02;2.04;2.01;2.04;197485;1878274.000
12/14/2004;2.04;2.05;1.98;2.02;174134;1649411.625
12/15/2004;2.00;2.04;2.00;2.03;231045;2194689.250
12/16/2004;2.02;2.04;1.99;1.99;117263;1110333.125
12/17/2004;1.98;1.98;1.92;1.93;299910;2749374.500
12/20/2004;1.90;1.92;1.89;1.90;184850;1667327.500
12/21/2004;1.90;1.95;1.90;1.92;95760;865695.000
12/22/2004;1.92;1.97;1.90;1.97;336039;3103057.500
12/23/2004;1.98;1.98;1.90;1.91;138835;1270644.500
12/24/2004;1.90;1.94;1.90;1.90;144061;1304721.875
12/27/2004;1.91;1.92;1.88;1.89;87019;783130.250
12/28/2004;1.89;1.92;1.89;1.89;96800;870225.000
12/29/2004;1.89;1.92;1.88;1.91;327024;2939475.000
12/30/2004;1.90;1.93;1.88;1.92;166020;1499976.125
12/31/2004;1.94;1.94;1.89;1.92;122300;1107529.000
01/04/2005;1.88;1.91;1.85;1.87;113400;1004637.500
01/05/2005;1.86;1.91;1.86;1.90;156900;1406944.875
01/06/2005;1.90;1.92;1.88;1.92;128890;1158675.750
01/07/2005;1.90;1.93;1.89;1.92;232249;2105530.750
01/10/2005;1.90;1.93;1.88;1.91;156450;1411883.000
01/11/2005;1.91;1.94;1.91;1.94;211144;1923099.625
01/12/2005;1.93;1.94;1.91;1.93;141051;1283790.625
01/13/2005;1.94;1.94;1.92;1.92;110500;1008137.000
01/14/2005;1.92;1.93;1.86;1.89;181299;1626693.125
01/17/2005;1.87;1.87;1.77;1.79;275860;2362746.750
01/18/2005;1.79;1.83;1.78;1.79;139880;1194443.625
01/19/2005;1.80;1.80;1.75;1.76;132100;1118937.875
01/20/2005;1.74;1.74;1.68;1.69;249518;2031193.375
01/21/2005;1.67;1.75;1.62;1.75;381524;3112550.250
01/24/2005;1.81;1.85;1.77;1.80;406236;3491404.250
01/25/2005;1.79;1.79;1.70;1.71;319457;2638468.750
01/26/2005;1.71;1.72;1.69;1.72;216414;1769805.750
01/27/2005;1.71;1.74;1.68;1.68;95600;781020.000
01/28/2005;1.68;1.68;1.62;1.62;223850;1772328.500
01/31/2005;1.62;1.62;1.55;1.55;181700;1387867.500
02/01/2005;1.53;1.60;1.53;1.55;156900;1193667.250
02/02/2005;1.56;1.68;1.55;1.66;313376;2462448.500
02/03/2005;1.66;1.68;1.61;1.61;240048;1896926.250
02/04/2005;1.61;1.71;1.61;1.71;374328;3016652.000
02/16/2005;1.72;1.74;1.70;1.71;193300;1591547.375
02/17/2005;1.70;1.70;1.66;1.70;110973;896099.438
02/18/2005;1.71;1.75;1.66;1.69;141620;1158460.375
02/21/2005;1.71;1.73;1.68;1.72;142842;1169751.875
02/22/2005;1.71;1.81;1.69;1.80;580795;4901905.000
02/23/2005;1.80;1.83;1.76;1.80;657931;5648712.500
02/24/2005;1.79;1.81;1.77;1.79;317402;2702565.500
02/25/2005;1.79;1.85;1.79;1.82;783158;6795813.000
02/28/2005;1.81;1.94;1.81;1.83;575800;5103743.000
03/01/2005;1.83;1.87;1.81;1.83;256241;2231772.000
03/02/2005;1.83;1.96;1.78;1.86;783478;6908242.500
03/03/2005;1.85;1.86;1.82;1.85;318232;2787687.250
03/04/2005;1.85;1.91;1.85;1.89;685757;6117214.000
03/07/2005;1.90;1.91;1.83;1.84;296388;2610214.000
03/08/2005;1.85;1.90;1.84;1.89;452889;4020215.500
03/09/2005;1.91;1.98;1.90;1.96;1394395;12803384.000
03/10/2005;1.95;1.95;1.88;1.88;466570;4225093.000
03/11/2005;1.87;1.90;1.86;1.90;407758;3630522.000
03/14/2005;1.90;1.90;1.81;1.83;470798;4118514.000
03/15/2005;1.83;1.85;1.79;1.83;227550;1970094.250
03/16/2005;1.81;1.81;1.77;1.79;202931;1725753.625
03/17/2005;1.79;1.81;1.73;1.73;237070;1984366.250
03/18/2005;1.66;1.69;1.65;1.66;360061;2884694.750
03/21/2005;1.65;1.68;1.59;1.66;426947;3361883.500
03/22/2005;1.66;1.66;1.59;1.60;358511;2792853.250
03/23/2005;1.61;1.67;1.61;1.66;391579;3100294.250
03/24/2005;1.66;1.70;1.64;1.70;309474;2483867.250
03/25/2005;1.70;1.70;1.66;1.68;213110;1719363.250
03/28/2005;1.65;1.68;1.62;1.65;156131;1231472.375
03/29/2005;1.66;1.66;1.62;1.64;142950;1133407.000
03/30/2005;1.62;1.63;1.55;1.55;231200;1764934.000
03/31/2005;1.54;1.56;1.51;1.56;196661;1467101.375
04/01/2005;1.56;1.65;1.51;1.63;370003;2833697.250
04/04/2005;1.58;1.63;1.57;1.57;193099;1487762.250
04/05/2005;1.57;1.61;1.55;1.56;123619;940573.125
04/06/2005;1.56;1.64;1.52;1.62;255031;1956939.250
04/07/2005;1.62;1.69;1.61;1.68;629490;5043291.000
04/08/2005;1.69;1.70;1.63;1.69;400119;3219223.000
04/11/2005;1.71;1.72;1.66;1.66;305950;2474858.500
04/12/2005;1.66;1.66;1.62;1.62;222059;1747546.125
04/13/2005;1.68;1.69;1.65;1.67;287394;2300401.250
04/14/2005;1.66;1.72;1.65;1.66;436489;3528858.000
04/15/2005;1.66;1.67;1.61;1.61;261300;2073563.000
04/18/2005;1.60;1.65;1.56;1.58;178718;1365615.750
04/19/2005;1.60;1.61;1.55;1.58;113500;864124.500
04/20/2005;1.56;1.56;1.53;1.53;157395;1178555.250
04/21/2005;1.52;1.58;1.52;1.54;230116;1725348.000
04/22/2005;1.55;1.56;1.45;1.48;360761;2603917.500
04/25/2005;1.46;1.46;1.39;1.43;222951;1554385.625
04/26/2005;1.42;1.45;1.36;1.44;361467;2500207.000
04/27/2005;1.44;1.44;1.38;1.38;241000;1662149.000
04/29/2005;1.43;1.43;1.38;1.41;368031;2542677.750
05/09/2005;1.40;1.41;1.25;1.27;251530;1622317.250
05/10/2005;1.25;1.33;1.24;1.31;237150;1505803.000
05/11/2005;1.30;1.33;1.28;1.30;180461;1162896.875
05/12/2005;1.31;1.33;1.28;1.32;225800;1464121.000
05/13/2005;1.32;1.40;1.32;1.33;144222;956966.750
05/16/2005;1.33;1.33;1.28;1.29;122879;791985.563
05/17/2005;1.29;1.33;1.29;1.33;160488;1044051.313
05/18/2005;1.32;1.35;1.31;1.34;173570;1136825.625
05/19/2005;1.34;1.35;1.31;1.35;120616;795355.875
05/20/2005;1.33;1.35;1.31;1.31;117908;775163.000
05/23/2005;1.29;1.30;1.18;1.25;173100;1084552.000
05/24/2005;1.25;1.29;1.23;1.28;157750;997382.500
05/25/2005;1.28;1.32;1.27;1.29;110331;706656.000
05/26/2005;1.30;1.31;1.26;1.26;93372;593516.688
05/27/2005;1.29;1.30;1.27;1.27;138940;880192.000
05/30/2005;1.27;1.29;1.26;1.29;76354;484770.344
05/31/2005;1.30;1.32;1.26;1.27;110690;711787.500
06/01/2005;1.27;1.29;1.23;1.24;96300;601188.000
06/02/2005;1.24;1.25;1.23;1.24;147843;917229.250
06/03/2005;1.24;1.25;1.22;1.25;133964;826337.688
06/06/2005;1.24;1.28;1.22;1.28;114573;703561.625
06/07/2005;1.28;1.31;1.27;1.28;217044;1375561.750
06/08/2005;1.28;1.42;1.28;1.41;670286;4445509.500
06/09/2005;1.40;1.50;1.38;1.45;885453;6151501.500
06/10/2005;1.44;1.44;1.37;1.39;445859;3009172.250
06/13/2005;1.39;1.42;1.38;1.40;202056;1364893.000
06/14/2005;1.39;1.41;1.36;1.36;161079;1082200.625
06/15/2005;1.36;1.41;1.33;1.36;426993;2839667.750
06/16/2005;1.36;1.45;1.35;1.43;557326;3792561.750
06/17/2005;1.43;1.44;1.40;1.40;473604;3256441.000
06/20/2005;1.44;1.56;1.39;1.56;1456731;10556266.000
06/21/2005;1.59;1.70;1.59;1.62;4037627;31443684.000
06/22/2005;1.61;1.80;1.57;1.75;4000959;32396630.000
06/23/2005;1.71;1.78;1.68;1.78;3042205;25017692.000
06/24/2005;1.83;1.86;1.72;1.74;4575259;38573492.000
06/27/2005;1.75;1.92;1.75;1.84;3764057;32449678.000
06/28/2005;1.80;1.80;1.73;1.76;1616247;13461269.000
06/29/2005;1.76;1.78;1.68;1.69;1469959;11964133.000
06/30/2005;1.68;1.72;1.66;1.67;1147138;9205759.000
07/01/2005;1.66;1.68;1.55;1.55;1534991;11667800.000
07/04/2005;1.54;1.59;1.51;1.59;1362943;10102762.000
07/05/2005;1.58;1.61;1.53;1.54;1265210;9525386.000
07/06/2005;1.56;1.58;1.51;1.52;789341;5841130.000
07/07/2005;1.52;1.56;1.51;1.54;498960;3665862.750
07/08/2005;1.54;1.54;1.42;1.43;853100;6022015.000
07/11/2005;1.47;1.52;1.43;1.44;836800;6007683.500
07/12/2005;1.52;1.60;1.45;1.57;1515160;11138258.000
07/13/2005;1.55;1.60;1.53;1.56;1182021;8856354.000
07/14/2005;1.55;1.61;1.54;1.57;819411;6166963.500
07/15/2005;1.58;1.58;1.48;1.50;693669;5057681.500
07/18/2005;1.50;1.52;1.48;1.51;397083;2861818.000
07/19/2005;1.50;1.54;1.49;1.51;328998;2375923.750
07/20/2005;1.50;1.54;1.49;1.51;510150;3698027.000
07/21/2005;1.51;1.52;1.46;1.47;499000;3539402.000
07/22/2005;1.49;1.52;1.40;1.48;1031554;7218097.500
07/25/2005;1.46;1.49;1.42;1.42;797560;5572217.500
07/26/2005;1.39;1.46;1.38;1.42;767000;5302816.000
07/27/2005;1.43;1.51;1.43;1.51;1017301;7192533.000
07/28/2005;1.51;1.55;1.50;1.51;1145202;8357551.000
07/29/2005;1.50;1.52;1.50;1.51;476979;3444051.000
08/01/2005;1.52;1.55;1.50;1.55;965689;7087143.500
08/02/2005;1.55;1.56;1.51;1.55;719750;5303736.500
08/03/2005;1.55;1.57;1.53;1.55;1167042;8627891.000
08/04/2005;1.55;1.63;1.54;1.63;1880415;14346175.000
08/05/2005;1.69;1.81;1.68;1.81;4745307;39540148.000
08/08/2005;1.81;1.89;1.78;1.79;3671151;31579398.000
08/09/2005;1.77;1.80;1.74;1.79;1603632;13403983.000
08/10/2005;1.78;1.83;1.75;1.82;1505011;12632323.000
08/11/2005;1.81;1.82;1.76;1.79;1149224;9667514.000
08/12/2005;1.82;1.91;1.79;1.84;2874221;25053048.000
08/15/2005;1.86;1.96;1.86;1.94;2195757;19745040.000
08/16/2005;1.96;1.97;1.85;1.89;1708309;15225865.000
08/17/2005;1.85;2.04;1.85;2.00;2300847;21068662.000
08/18/2005;1.99;2.09;1.84;1.86;2187994;20462736.000
08/19/2005;1.87;1.95;1.86;1.92;2129273;19069920.000
08/22/2005;1.83;1.90;1.83;1.90;814334;7161078.500
08/23/2005;1.90;1.91;1.84;1.88;682773;5997849.000
08/24/2005;1.91;2.03;1.89;1.97;2214288;20424810.000
08/25/2005;2.00;2.01;1.95;2.01;958220;8857036.000
08/26/2005;2.01;2.03;1.96;1.98;1103311;10278531.000
08/29/2005;2.01;2.01;1.91;1.93;920938;8407496.000
08/30/2005;1.91;1.94;1.89;1.89;470410;4212007.000
08/31/2005;1.94;1.98;1.91;1.98;814677;7463331.500
09/01/2005;1.99;2.02;1.96;1.99;750241;6965715.000
09/02/2005;2.00;2.10;2.00;2.09;1741526;16745415.000
09/05/2005;2.12;2.14;2.05;2.09;931398;9006465.000
09/06/2005;2.10;2.10;1.95;1.99;831832;7895613.000
09/07/2005;1.98;2.08;1.96;2.07;867001;8169798.500
09/08/2005;2.09;2.10;1.98;2.02;932274;8818017.000
09/09/2005;2.04;2.09;2.00;2.04;951717;9073819.000
09/22/2005;2.10;2.14;2.04;2.07;1529729;14852191.000
09/23/2005;2.07;2.09;1.97;1.98;555831;5280355.000
09/26/2005;1.97;2.01;1.93;1.98;324089;2990116.750
09/27/2005;1.97;2.08;1.97;2.05;832897;7877351.000
09/28/2005;2.04;2.10;2.04;2.07;1103774;10651202.000
09/29/2005;2.08;2.12;2.05;2.09;1441917;13939619.000
10/28/2005;1.95;1.95;1.76;1.78;2346221;14523666.000
10/31/2005;1.76;1.95;1.76;1.88;1464047;9104703.000
11/01/2005;1.86;1.88;1.82;1.87;553241;3428713.500
11/02/2005;1.85;1.95;1.84;1.92;1017493;6500422.000
11/03/2005;1.92;1.96;1.89;1.93;621324;3999631.250
11/04/2005;1.94;2.08;1.93;2.04;2555794;17278094.000
11/07/2005;2.06;2.14;2.04;2.07;2767490;19206918.000
11/08/2005;2.06;2.12;2.03;2.08;1546412;10730906.000
11/09/2005;2.09;2.24;2.09;2.15;3131702;22511542.000
11/10/2005;2.17;2.23;2.14;2.14;2183661;15712730.000
11/11/2005;2.14;2.17;2.09;2.14;1418421;10017978.000
11/14/2005;2.13;2.14;2.05;2.09;918409;6349660.500
11/15/2005;2.08;2.11;1.99;2.01;1211968;8233414.500
11/16/2005;2.02;2.05;1.95;2.05;798549;5314849.000
11/17/2005;2.05;2.07;2.02;2.04;603459;4103887.750
11/18/2005;2.03;2.22;2.02;2.16;2454391;17478916.000
11/21/2005;2.16;2.22;2.14;2.18;1533366;11112961.000
11/22/2005;2.18;2.20;2.14;2.14;851859;6107003.000
11/23/2005;2.14;2.22;2.12;2.18;1192616;8619426.000
11/24/2005;2.19;2.21;2.17;2.17;875829;6340096.000
11/25/2005;2.17;2.20;2.15;2.16;576800;4148836.000
11/28/2005;2.17;2.19;2.13;2.14;621344;4418591.000
11/29/2005;2.15;2.22;2.15;2.20;1747344;12699265.000
11/30/2005;2.22;2.31;2.20;2.29;2882232;21504500.000
12/01/2005;2.28;2.28;2.20;2.21;1409923;10378985.000
12/02/2005;2.18;2.21;2.15;2.17;1254787;9023083.000
12/05/2005;2.17;2.19;2.08;2.08;1029087;7301435.000
12/06/2005;2.08;2.12;2.07;2.09;670348;4667231.000
12/07/2005;2.09;2.12;2.05;2.10;550416;3813730.750
12/08/2005;2.11;2.13;2.08;2.09;370847;2591288.250
12/09/2005;2.08;2.16;2.07;2.15;579139;4081637.250
12/12/2005;2.14;2.19;2.12;2.17;615927;4415120.000
12/13/2005;2.17;2.17;2.11;2.16;539428;3824082.250
12/14/2005;2.14;2.18;2.13;2.16;529103;3775143.750
12/15/2005;2.16;2.19;2.14;2.15;718896;5168431.000
12/16/2005;2.15;2.18;2.14;2.18;560176;4003697.250
12/19/2005;2.18;2.18;2.14;2.14;520789;3707962.500
12/20/2005;2.15;2.15;2.08;2.10;1011559;7062225.000
12/21/2005;2.10;2.11;2.06;2.08;598895;4143114.500
12/22/2005;2.08;2.11;2.06;2.10;463846;3218872.500
12/23/2005;2.09;2.11;2.08;2.10;336878;2349409.250
12/26/2005;2.09;2.12;2.08;2.11;1032554;7200991.000
12/27/2005;2.11;2.12;2.09;2.10;384896;2689542.000
12/28/2005;2.08;2.14;2.08;2.14;676121;4761699.000
12/29/2005;2.13;2.15;2.11;2.13;613345;4328300.000
12/30/2005;2.12;2.14;2.04;2.05;1201012;8295182.000
01/04/2006;2.04;2.10;2.03;2.08;455602;3134233.250
01/05/2006;2.09;2.11;2.06;2.10;904860;6263916.000
01/06/2006;2.10;2.12;2.07;2.10;999931;6957389.500
01/09/2006;2.10;2.18;2.09;2.16;1402731;9947891.000
01/10/2006;2.16;2.17;2.12;2.14;700460;4966151.000
01/11/2006;2.14;2.14;2.07;2.09;987586;6886457.000
01/12/2006;2.09;2.16;2.09;2.15;1112742;7876411.500
01/13/2006;2.16;2.17;2.12;2.15;949607;6750255.000
01/16/2006;2.14;2.24;2.12;2.18;2215988;16064996.000
01/17/2006;2.19;2.23;2.15;2.21;1487289;10819418.000
01/18/2006;2.21;2.27;2.21;2.25;1906909;14133731.000
01/19/2006;2.25;2.26;2.19;2.21;1098462;8046193.500
01/20/2006;2.21;2.24;2.18;2.21;943905;6869129.000
01/23/2006;2.21;2.21;2.13;2.17;894554;6404344.000
01/24/2006;2.17;2.19;2.15;2.15;699700;5021383.000
01/25/2006;2.14;2.16;2.05;2.07;1419523;9814671.000
02/06/2006;2.07;2.17;2.07;2.14;709935;4991324.000
02/07/2006;2.14;2.14;2.11;2.13;629150;4420704.000
02/08/2006;2.13;2.13;2.06;2.11;684952;4749519.000
02/09/2006;2.10;2.12;2.09;2.10;426586;2978548.000
02/10/2006;2.10;2.14;2.09;2.14;531986;3729599.250
02/13/2006;2.15;2.16;2.12;2.15;746237;5297094.000
02/14/2006;2.15;2.20;2.15;2.19;864975;6240741.000
02/15/2006;2.20;2.20;2.15;2.16;642417;4606335.000
02/16/2006;2.15;2.17;2.07;2.07;748340;5215837.000
02/17/2006;2.08;2.10;2.05;2.05;532809;3663391.250
02/20/2006;2.10;2.10;2.00;2.00;556320;3740220.500
02/21/2006;1.99;2.05;1.98;2.05;424741;2858222.000
02/22/2006;2.05;2.07;2.04;2.04;377140;2569606.000
02/23/2006;2.04;2.07;2.03;2.06;404624;2756595.500
02/24/2006;2.06;2.11;2.05;2.09;416879;2888269.500
02/27/2006;2.10;2.10;2.05;2.06;280860;1922617.625
02/28/2006;2.06;2.08;2.01;2.06;303839;2054534.125
03/01/2006;2.07;2.08;2.04;2.07;352490;2412644.750
03/02/2006;2.05;2.07;2.00;2.01;451280;3056368.500
03/03/2006;1.98;2.04;1.97;2.01;400754;2661991.750
03/06/2006;1.99;2.05;1.98;2.04;438510;2964441.750
03/07/2006;2.04;2.04;1.96;1.96;405302;2679533.750
03/08/2006;1.97;1.99;1.91;1.96;359880;2348096.750
03/09/2006;1.96;1.98;1.93;1.95;261700;1703635.875
03/10/2006;1.98;1.98;1.92;1.94;179300;1162336.750
03/13/2006;1.94;1.95;1.92;1.95;240389;1554069.750
03/14/2006;1.95;1.95;1.91;1.92;214100;1377871.000
03/15/2006;1.92;1.95;1.91;1.94;286009;1843522.500
03/16/2006;1.95;1.96;1.92;1.96;290960;1884475.250
03/17/2006;1.96;1.96;1.92;1.94;252891;1634030.125
03/20/2006;1.94;1.96;1.92;1.96;387531;2510078.750
03/21/2006;1.96;1.98;1.96;1.98;498985;3281538.250
03/22/2006;1.97;1.99;1.96;1.98;385778;2542683.000
03/23/2006;1.98;2.04;1.97;2.02;734118;4913675.000
03/24/2006;2.03;2.04;1.97;1.97;608209;4046414.500
03/27/2006;1.98;2.01;1.98;2.00;447434;2962065.000
03/28/2006;2.01;2.03;2.00;2.01;391810;2620099.000
03/29/2006;2.01;2.04;2.00;2.04;508742;3408465.000
03/30/2006;2.03;2.03;1.98;1.99;462964;3082143.500
03/31/2006;1.98;1.98;1.93;1.96;649746;4233648.500
04/03/2006;1.95;2.00;1.95;2.00;450200;2966781.250
04/04/2006;2.01;2.03;2.00;2.03;868588;5820996.000
04/05/2006;2.02;2.07;2.01;2.06;778632;5303110.500
04/06/2006;2.07;2.07;2.01;2.03;837033;5668082.500
04/07/2006;2.02;2.03;2.00;2.02;540504;3617888.750
04/10/2006;2.03;2.09;2.03;2.07;865782;5955016.000
04/12/2006;2.07;2.12;2.05;2.09;847921;5873026.500
04/13/2006;2.05;2.12;2.04;2.05;947084;6520110.000
04/14/2006;2.03;2.11;2.02;2.10;746994;5131787.000
04/17/2006;2.10;2.21;2.08;2.17;1978844;14177674.000
04/18/2006;2.17;2.18;2.12;2.14;927855;6606098.500
04/19/2006;2.14;2.18;2.08;2.11;1020520;7159820.500
04/20/2006;2.10;2.11;2.03;2.05;964040;6599879.500
04/21/2006;2.05;2.28;2.02;2.28;4486502;32952222.000
04/24/2006;2.31;2.37;2.19;2.33;3997571;30052128.000
04/25/2006;2.31;2.31;2.21;2.25;1829177;13647018.000
04/26/2006;2.24;2.44;2.24;2.42;3566610;27635732.000
04/27/2006;2.41;2.49;2.36;2.41;2358385;18761436.000
04/28/2006;2.46;2.67;2.38;2.67;5775944;48863116.000
05/08/2006;2.66;2.76;2.61;2.71;3336750;29095074.000
05/09/2006;2.70;2.78;2.65;2.68;3129409;27605308.000
05/10/2006;2.67;2.89;2.64;2.77;3276365;29290612.000
05/11/2006;2.74;2.80;2.54;2.57;3181842;27996744.000
05/12/2006;2.58;2.70;2.52;2.64;2247017;19120690.000
05/15/2006;2.65;2.88;2.61;2.85;3144501;28135704.000
05/16/2006;2.83;3.09;2.74;2.87;2905877;27218446.000
05/17/2006;2.89;3.06;2.88;3.00;2458753;23740334.000
05/18/2006;3.02;3.27;2.86;3.06;2463272;20368530.000
05/19/2006;3.06;3.23;2.96;3.21;2461495;20579860.000
05/22/2006;3.29;3.50;3.27;3.32;2407086;21472922.000
05/23/2006;3.24;3.24;2.98;2.98;1984195;16522041.000
05/24/2006;2.98;3.14;2.81;2.94;1674398;13227067.000
05/25/2006;2.92;2.98;2.80;2.94;1168177;9020042.000
05/26/2006;2.94;3.06;2.90;3.06;1523843;12158733.000
05/29/2006;3.05;3.18;3.05;3.10;1215108;10060428.000
05/30/2006;3.08;3.14;3.03;3.13;1577281;12990856.000
05/31/2006;3.12;3.13;3.05;3.08;1538710;12663086.000
06/01/2006;3.08;3.24;3.08;3.24;2500888;21205074.000
06/02/2006;3.25;3.31;3.12;3.17;1928580;16427547.000
06/05/2006;3.20;3.35;3.20;3.35;2152617;18818428.000
06/06/2006;3.35;3.35;3.24;3.25;1338484;11688477.000
06/07/2006;3.23;3.24;2.91;2.91;1629591;13269366.000
06/08/2006;2.88;3.03;2.88;3.03;1633516;12904222.000
06/09/2006;3.04;3.06;2.92;2.96;896661;7142716.500
06/12/2006;2.96;3.00;2.92;2.97;564122;4471904.000
06/13/2006;2.97;3.06;2.96;2.99;620579;4978411.000
06/14/2006;2.96;2.97;2.86;2.92;735255;5725708.000
06/15/2006;2.92;2.99;2.92;2.97;495978;3913685.750
06/16/2006;3.01;3.14;3.01;3.12;1531854;12639833.000
06/19/2006;3.12;3.15;3.00;3.09;1115363;9226614.000
06/20/2006;3.09;3.23;3.08;3.19;1190262;10013106.000
06/21/2006;3.16;3.20;3.14;3.19;1061560;8994549.000
06/22/2006;3.18;3.22;3.12;3.16;649753;5459755.000
06/26/2006;3.20;3.27;3.17;3.25;1122982;9637507.000
06/27/2006;3.27;3.27;3.16;3.18;978160;8330097.500
06/28/2006;3.19;3.27;3.16;3.18;1505946;12874329.000
06/29/2006;3.18;3.25;3.16;3.24;2700067;23135274.000
06/30/2006;3.24;3.25;3.16;3.19;1317447;11185461.000
07/03/2006;3.20;3.38;3.20;3.35;2093898;18461392.000
07/05/2006;3.34;3.51;3.25;3.50;2910000;26318898.000
07/06/2006;3.49;3.59;3.43;3.54;1732841;16235382.000
07/07/2006;3.57;3.66;3.46;3.59;1911270;17996100.000
07/10/2006;3.62;3.74;3.59;3.63;1384115;13277232.000
07/11/2006;3.64;3.77;3.58;3.74;1821377;17734744.000
07/12/2006;3.77;3.93;3.70;3.85;1858998;18870132.000
07/13/2006;3.85;4.13;3.71;3.88;3591503;37017660.000
07/14/2006;3.79;3.98;3.68;3.86;2107385;21280904.000
07/17/2006;3.83;4.05;3.79;4.03;1829365;19075646.000
07/18/2006;4.04;4.04;3.87;3.95;1153857;12004419.000
07/19/2006;3.91;3.91;3.72;3.73;1642822;16519051.000
07/20/2006;3.71;3.78;3.70;3.71;874090;8625357.000
07/24/2006;3.71;3.75;3.57;3.75;896816;8642452.000
07/25/2006;3.82;3.82;3.72;3.74;599530;5949239.500
07/26/2006;3.78;3.78;3.70;3.72;429160;4227520.000
07/27/2006;3.74;3.77;3.67;3.76;600312;5905576.000
07/28/2006;3.78;3.93;3.78;3.90;1603354;16371598.000
07/31/2006;3.90;3.91;3.53;3.59;1357755;13189942.000
08/01/2006;3.59;3.67;3.54;3.59;513082;4862376.500
08/02/2006;3.59;3.67;3.37;3.51;820467;7584574.000
08/03/2006;3.56;3.56;3.39;3.44;450144;4116227.000
08/04/2006;3.43;3.50;3.39;3.40;265782;2421627.500
08/07/2006;3.40;3.40;3.21;3.21;508100;4484036.500
08/08/2006;3.20;3.35;3.20;3.32;485864;4229578.500
08/09/2006;3.24;3.39;3.24;3.35;367844;3263660.250
08/10/2006;3.35;3.49;3.35;3.49;724817;6610022.000
08/11/2006;3.49;3.57;3.44;3.53;614560;5723760.000
08/14/2006;3.55;3.57;3.36;3.40;625730;5687946.000
08/15/2006;3.43;3.46;3.36;3.46;471498;4255002.000
08/17/2006;3.48;3.48;3.39;3.45;388603;3536259.000
08/18/2006;3.43;3.44;3.37;3.39;189992;1713461.250
08/21/2006;3.33;3.47;3.28;3.46;454598;4089407.500
08/22/2006;3.45;3.49;3.43;3.46;468827;4304919.000
08/23/2006;3.46;3.53;3.43;3.48;614219;5690689.500
08/24/2006;3.51;3.52;3.42;3.51;480256;4412347.500
08/25/2006;3.50;3.55;3.49;3.54;577549;5397237.000
08/28/2006;3.53;3.66;3.53;3.63;743228;7116418.500
08/29/2006;3.63;3.73;3.59;3.65;967839;9431056.000
08/30/2006;3.65;3.67;3.61;3.66;394838;3795969.000
08/31/2006;3.60;3.70;3.60;3.64;467507;4504426.000
09/01/2006;3.64;3.65;3.51;3.56;679220;6406825.000
09/04/2006;3.53;3.73;3.53;3.73;1011658;9850679.000
09/05/2006;3.70;3.73;3.64;3.67;495061;4811600.000
09/06/2006;3.69;3.70;3.63;3.70;354979;3438040.750
09/07/2006;3.64;3.69;3.59;3.65;497286;4766887.500
09/08/2006;3.62;3.70;3.61;3.69;624329;6056177.000
09/11/2006;3.69;3.80;3.63;3.79;1030013;10126602.000
09/12/2006;3.78;3.89;3.77;3.82;1721662;17496706.000
09/13/2006;3.84;3.84;3.66;3.67;817528;8111797.000
09/14/2006;3.71;3.71;3.57;3.64;657794;6301268.000
09/15/2006;3.63;3.66;3.59;3.64;642886;6165960.000
09/18/2006;3.70;3.71;3.59;3.68;917353;8845431.000
09/19/2006;3.70;3.70;3.60;3.65;856460;8224166.000
09/20/2006;3.65;3.66;3.57;3.62;425526;4072472.000
09/21/2006;3.59;3.69;3.59;3.67;930698;8980779.000
09/22/2006;3.67;3.69;3.58;3.62;803320;7687542.500
09/25/2006;3.64;3.65;3.56;3.59;576823;5482760.000
09/26/2006;3.59;3.61;3.46;3.49;646095;6007655.000
09/27/2006;3.49;3.51;3.41;3.47;591900;5422142.000
09/28/2006;3.46;3.56;3.46;3.55;388072;3621925.500
09/29/2006;3.57;3.57;3.50;3.50;928257;8660643.000
10/09/2006;3.56;3.57;3.46;3.50;716346;6636648.000
10/10/2006;3.50;3.60;3.47;3.59;885026;8349315.500
10/11/2006;3.60;3.73;3.57;3.70;1507945;14691367.000
10/12/2006;3.68;3.71;3.64;3.66;671620;6524263.500
10/13/2006;3.65;3.68;3.57;3.57;466400;4489566.500
10/17/2006;3.52;3.53;3.46;3.47;653560;6028176.500
10/18/2006;3.47;3.65;3.46;3.62;979911;9284163.000
10/19/2006;3.64;3.71;3.60;3.61;989963;9558170.000
10/20/2006;3.61;3.68;3.56;3.63;512395;4897362.000
10/23/2006;3.61;3.79;3.61;3.70;1902263;18701820.000
10/24/2006;3.71;3.89;3.67;3.85;1938903;19401692.000
10/25/2006;3.85;3.95;3.80;3.87;1862943;19022842.000
10/26/2006;3.87;3.87;3.63;3.76;1003111;10006476.000
10/27/2006;3.76;3.76;3.61;3.63;713475;6932879.500
10/30/2006;3.63;3.70;3.49;3.58;815438;7684939.000
10/31/2006;3.58;3.59;3.50;3.59;945219;8859751.000
11/01/2006;3.61;3.61;3.50;3.51;1073589;10007109.000
11/02/2006;3.51;3.58;3.49;3.53;778783;7283888.500
11/03/2006;3.51;3.58;3.51;3.56;633014;5952922.500
11/06/2006;3.54;3.59;3.51;3.52;587516;5517478.000
11/07/2006;3.52;3.54;3.45;3.50;659659;6069205.500
11/08/2006;3.50;3.52;3.47;3.50;336958;3121221.250
11/09/2006;3.48;3.53;3.48;3.53;453473;4214645.500
11/10/2006;3.54;3.54;3.40;3.41;756021;6913670.000
11/13/2006;3.40;3.46;3.17;3.21;1547089;13401565.000
11/14/2006;3.21;3.29;3.17;3.25;604067;5160613.000
11/15/2006;3.25;3.43;3.24;3.41;1013719;9059113.000
11/16/2006;3.41;3.45;3.35;3.35;724339;6545211.500
11/17/2006;3.35;3.35;3.27;3.31;573263;5036519.000
11/20/2006;3.29;3.31;3.21;3.25;471776;4068432.500
11/21/2006;3.24;3.33;3.23;3.29;477935;4154895.500
11/22/2006;3.29;3.39;3.24;3.33;768967;6750151.000
11/23/2006;3.35;3.38;3.30;3.38;856151;7564769.000
11/24/2006;3.39;3.39;3.32;3.36;788142;6998977.000
11/27/2006;3.36;3.43;3.31;3.41;1361901;12127044.000
11/28/2006;3.41;3.42;3.36;3.42;729877;6581496.000
11/29/2006;3.39;3.42;3.27;3.39;1008832;9019511.000
11/30/2006;3.39;3.49;3.37;3.47;1463956;13396941.000
12/01/2006;3.48;3.72;3.48;3.65;2366120;22410346.000
12/04/2006;3.63;3.73;3.63;3.69;1871657;18163660.000
12/05/2006;3.67;3.68;3.59;3.60;1370244;13110191.000
12/06/2006;3.59;3.62;3.42;3.50;1463624;13612289.000
12/07/2006;3.47;3.55;3.44;3.45;1065748;9835166.000
12/08/2006;3.45;3.45;3.31;3.31;962045;8612537.000
12/11/2006;3.31;3.41;3.29;3.40;426547;3807959.750
12/12/2006;3.40;3.45;3.38;3.44;779526;7048663.000
12/13/2006;3.44;3.46;3.40;3.41;428688;3891270.250
12/14/2006;3.43;3.57;3.42;3.55;1224613;11352692.000
12/15/2006;3.57;3.61;3.52;3.54;751455;7070138.000
12/18/2006;3.55;3.65;3.53;3.57;1243084;11802896.000
12/19/2006;3.61;3.62;3.49;3.58;954868;8982262.000
12/20/2006;3.66;3.93;3.59;3.87;3649702;36581312.000
12/21/2006;3.85;3.98;3.75;3.81;1853626;18932018.000
12/22/2006;3.81;4.08;3.75;3.93;2824508;29349494.000
12/25/2006;3.98;4.06;3.87;3.95;1780996;18562228.000
12/26/2006;3.95;4.01;3.86;3.94;1053574;10880764.000
12/27/2006;3.96;3.96;3.85;3.94;996069;10195420.000
12/28/2006;3.93;3.95;3.79;3.82;996531;10087581.000
12/29/2006;3.81;3.87;3.78;3.85;1276947;12886598.000
01/04/2007;3.91;3.93;3.83;3.87;1204141;12324392.000
01/05/2007;3.87;4.18;3.84;4.18;3483034;37047768.000
01/08/2007;4.18;4.33;4.16;4.22;2652661;29757594.000
01/09/2007;4.22;4.33;4.19;4.25;1749413;19626242.000
01/10/2007;4.26;4.57;4.26;4.57;3848776;44830272.000
01/11/2007;4.50;4.62;4.46;4.47;2522981;30043300.000
01/12/2007;4.39;4.48;4.24;4.26;1616210;18400638.000
01/15/2007;4.22;4.48;4.21;4.45;1444149;16520684.000
01/16/2007;4.48;4.65;4.38;4.64;1875729;22118314.000
01/17/2007;4.73;4.77;4.49;4.58;2516884;30674286.000
01/18/2007;4.48;4.73;4.46;4.71;1422001;17115080.000
01/19/2007;4.77;4.94;4.73;4.86;2065727;26058680.000
01/22/2007;4.89;5.07;4.81;4.97;3984726;51212468.000
01/23/2007;4.92;4.99;4.81;4.89;2512298;32243980.000
01/24/2007;4.88;5.09;4.85;4.90;1319249;17142470.000
01/25/2007;4.87;4.88;4.50;4.53;2397137;29262950.000
01/26/2007;4.43;4.62;4.43;4.60;1447922;17190770.000
01/29/2007;4.62;4.79;4.62;4.75;1344542;16641558.000
01/30/2007;4.75;4.82;4.64;4.67;982614;12132964.000
01/31/2007;4.66;4.75;4.42;4.44;1166600;14052953.000
02/01/2007;4.40;4.53;4.27;4.51;1017763;11765239.000
02/02/2007;4.52;4.73;4.46;4.61;2166085;26196628.000
02/05/2007;4.69;5.09;4.67;5.09;5260229;68117424.000
02/06/2007;5.09;5.37;4.98;5.31;2917152;39864088.000
02/07/2007;5.37;5.40;5.21;5.37;1293376;17946802.000
02/08/2007;5.37;5.37;5.25;5.36;1693237;23442422.000
02/09/2007;5.36;5.48;5.25;5.25;1027843;14458952.000
02/12/2007;5.29;5.35;5.20;5.31;912715;12550599.000
02/13/2007;5.32;5.72;5.25;5.50;1341370;19057744.000
02/14/2007;5.50;5.70;5.45;5.59;957240;13825291.000
02/15/2007;5.63;5.68;5.52;5.58;970117;14106790.000
02/16/2007;5.61;5.82;5.59;5.71;1226908;18290842.000
02/26/2007;5.76;6.18;5.65;6.11;1632340;25561774.000
02/27/2007;6.07;6.07;5.48;5.48;1661845;24829276.000
02/28/2007;5.44;5.81;5.29;5.73;1736350;25354226.000
03/01/2007;5.72;5.98;5.55;5.63;1348517;20365070.000
03/02/2007;5.48;5.76;5.48;5.60;576199;8470187.000
03/05/2007;5.56;5.66;5.29;5.40;1165528;16491628.000
03/06/2007;5.35;5.68;5.32;5.58;1053736;15265982.000
03/07/2007;5.53;5.78;5.53;5.66;614436;9117904.000
03/08/2007;5.68;5.95;5.64;5.92;910327;13858358.000
03/09/2007;5.96;6.30;5.92;6.28;2084926;33084556.000
03/12/2007;6.62;6.78;6.39;6.65;2168461;37236572.000
03/13/2007;6.71;6.71;6.43;6.57;761710;12919782.000
03/14/2007;6.51;6.98;6.30;6.77;1679759;29171932.000
03/15/2007;6.90;6.90;6.67;6.73;893597;15689912.000
03/16/2007;6.75;7.08;6.71;7.03;1682455;30201754.000
03/19/2007;6.79;7.38;6.75;7.31;1424472;26594280.000
03/20/2007;7.29;7.53;7.26;7.41;846619;16214694.000
03/21/2007;7.42;7.42;7.18;7.27;795775;14998890.000
03/22/2007;7.26;7.46;7.14;7.20;836730;15818467.000
03/23/2007;7.20;7.26;6.90;7.18;812319;14858515.000
03/26/2007;7.09;7.32;7.02;7.25;880723;16337493.000
03/27/2007;7.26;7.44;7.14;7.34;961235;18143280.000
03/28/2007;7.49;7.49;6.90;7.18;894021;16596146.000
03/29/2007;7.18;7.28;6.82;6.86;1456644;26393488.000
03/30/2007;6.79;7.10;6.73;7.06;455483;8205809.500
04/02/2007;7.06;7.14;6.98;7.14;663538;12174844.000
04/03/2007;7.12;7.27;7.06;7.25;683505;12731672.000
04/04/2007;7.25;7.77;7.18;7.67;1270526;24882414.000
04/05/2007;7.63;7.69;7.53;7.65;465315;9122925.000
04/06/2007;7.57;7.73;7.50;7.65;513329;10068836.000
04/09/2007;7.66;8.21;7.66;8.00;1134695;23334938.000
04/10/2007;7.97;8.21;7.78;8.12;716128;14743121.000
04/11/2007;8.12;8.27;7.91;8.07;921396;19193358.000
04/12/2007;8.07;8.36;7.93;8.36;1945563;40701564.000
04/13/2007;8.28;8.31;8.07;8.08;978742;20665696.000
04/16/2007;8.07;8.12;7.77;8.12;1908937;39046600.000
04/18/2007;8.09;8.23;7.91;8.02;1533566;31923424.000
04/19/2007;8.00;8.00;7.26;7.40;1143729;22718340.000
04/20/2007;7.44;7.85;7.44;7.81;700826;14025931.000
04/23/2007;7.91;8.21;7.74;8.10;1638358;34053764.000
04/24/2007;8.10;8.12;7.84;7.86;1338186;27532908.000
04/25/2007;7.88;8.06;7.73;7.81;1004985;20407292.000
04/26/2007;7.74;7.91;7.45;7.73;2556848;50343184.000
04/27/2007;7.73;7.87;7.63;7.85;1574079;31661316.000
04/30/2007;7.77;8.21;7.73;8.10;2040213;42093664.000
05/08/2007;8.32;8.37;8.17;8.27;2083466;44537336.000
05/09/2007;8.24;8.24;7.69;7.95;1921886;39388120.000
05/10/2007;7.89;8.05;7.73;7.99;1176998;24112012.000
05/11/2007;7.85;7.98;7.65;7.79;1540578;30917992.000
05/14/2007;7.65;7.79;7.53;7.61;2040895;40395436.000
05/15/2007;7.65;7.73;7.29;7.40;1702342;33006904.000
05/16/2007;7.40;7.53;7.24;7.53;1426273;27245352.000
05/17/2007;7.50;8.30;7.49;8.30;4091364;84669616.000
05/18/2007;8.41;8.63;8.17;8.48;2912577;63283996.000
05/21/2007;8.23;8.72;8.21;8.64;2825349;62679796.000
05/22/2007;8.68;8.98;8.54;8.77;3489130;78942144.000
05/23/2007;8.76;8.86;8.52;8.78;2145031;48118440.000
05/24/2007;8.84;8.88;8.32;8.52;2464963;54664776.000
05/25/2007;8.58;8.59;8.19;8.34;2747764;45586828.000
05/28/2007;8.50;9.11;8.42;9.01;5269426;91204584.000
05/29/2007;9.42;9.73;9.11;9.73;10095902;188368624.000
05/30/2007;9.27;10.71;9.24;10.55;10804515;220328480.000
05/31/2007;10.54;10.54;9.48;10.13;5668572;113003584.000
06/01/2007;10.14;10.29;9.11;9.11;5470420;104871944.000
06/04/2007;9.27;9.52;8.18;8.18;4167028;70932784.000
06/05/2007;8.08;8.86;7.83;8.80;3728851;62230272.000
06/06/2007;8.91;9.42;8.75;9.17;3558846;63586392.000
06/07/2007;9.22;9.51;9.22;9.32;2444649;45168836.000
06/08/2007;9.30;9.62;9.09;9.45;2784142;50977104.000
06/11/2007;9.45;10.03;9.45;9.63;2532469;48774008.000
06/12/2007;9.77;10.08;9.57;10.01;2993994;58293416.000
06/13/2007;10.11;10.51;10.01;10.06;2852158;57449644.000
06/14/2007;9.97;10.02;9.63;9.68;2246320;43380832.000
06/15/2007;9.63;9.97;9.56;9.74;1951869;37693920.000
06/18/2007;9.76;10.28;9.76;10.28;3843895;76098472.000
06/19/2007;10.14;10.51;10.05;10.32;2704988;55103004.000
06/20/2007;10.32;10.34;9.63;9.77;2595861;51568864.000
06/21/2007;9.64;9.92;9.31;9.47;2253191;42537592.000
06/22/2007;9.45;9.52;8.56;8.75;2338284;41814152.000
06/25/2007;8.76;9.06;8.14;8.19;2164097;36931972.000
06/26/2007;8.24;8.74;8.15;8.73;1793583;30086464.000
06/27/2007;8.73;9.13;8.73;9.13;1491201;26422390.000
06/28/2007;9.13;9.15;8.50;8.54;1501704;25992232.000
06/29/2007;8.27;8.44;7.88;8.03;1284762;20648304.000
07/02/2007;8.04;8.29;7.94;8.19;1042412;16770301.000
07/03/2007;8.29;8.44;8.18;8.30;903736;14862020.000
07/04/2007;8.33;8.38;7.88;7.90;1255807;20038784.000
07/05/2007;7.57;7.93;7.16;7.16;1234415;18242654.000
07/06/2007;7.16;7.57;6.93;7.55;1391418;20059538.000
07/09/2007;7.53;7.68;7.47;7.66;1294954;19479242.000
07/10/2007;7.66;7.68;7.32;7.32;1152062;17063156.000
07/11/2007;7.27;7.68;7.14;7.59;1068775;15948617.000
07/12/2007;7.68;7.72;7.55;7.60;623294;9371959.000
07/13/2007;7.65;7.69;7.50;7.57;462564;6921083.500
07/16/2007;7.60;7.66;7.45;7.55;464533;6968576.000
07/17/2007;7.42;7.63;7.42;7.62;560699;8414174.000
07/18/2007;7.50;7.62;7.38;7.52;610518;9064776.000
07/19/2007;7.56;7.85;7.47;7.83;802280;12110170.000
07/20/2007;7.78;8.08;7.78;8.02;798515;12606482.000
07/23/2007;8.02;8.34;7.94;8.34;1418592;23039314.000
07/24/2007;8.34;8.39;8.22;8.25;1195502;19631320.000
07/25/2007;8.25;8.57;8.14;8.52;1324144;21809978.000
07/26/2007;8.48;8.69;8.37;8.47;898743;15249566.000
07/27/2007;8.43;8.58;8.29;8.47;847211;14122254.000
07/30/2007;8.45;8.70;8.45;8.66;1312359;22350012.000
07/31/2007;8.64;8.83;8.53;8.83;1187408;20291830.000
08/01/2007;8.83;8.83;8.13;8.14;1141014;19186138.000
08/02/2007;8.14;8.44;8.09;8.28;1114211;18211900.000
08/03/2007;8.25;8.54;8.25;8.34;1269893;20954728.000
08/06/2007;8.45;8.79;8.09;8.73;1623831;27393896.000
08/07/2007;8.70;8.71;8.37;8.51;1211477;20414532.000
08/08/2007;8.50;8.55;8.23;8.44;959242;15821949.000
08/09/2007;8.40;8.59;8.25;8.53;1348674;22507102.000
08/10/2007;8.70;9.40;8.70;9.40;6902235;126256768.000
08/13/2007;9.42;9.65;8.95;9.05;4394482;80253824.000
08/14/2007;8.95;9.45;8.94;9.27;2177637;39802380.000
08/15/2007;9.25;9.34;8.81;9.05;1311734;23488922.000
08/16/2007;9.11;9.42;8.86;9.22;1489368;26973092.000
08/17/2007;9.16;9.35;8.91;8.94;1445391;26037756.000
08/20/2007;9.06;9.31;9.05;9.27;2713969;49251984.000
08/21/2007;9.37;9.37;9.05;9.27;1939468;35226704.000
08/22/2007;9.23;9.73;9.16;9.71;2866768;53833348.000
08/23/2007;9.72;9.87;9.52;9.67;2325119;44476240.000
08/24/2007;9.72;9.86;9.48;9.63;1698584;32207260.000
08/27/2007;9.67;9.75;9.21;9.31;1888561;35296376.000
08/28/2007;9.32;9.40;9.26;9.31;1229445;22611252.000
08/29/2007;9.31;9.49;9.01;9.33;1682980;30525670.000
08/30/2007;9.37;9.52;9.17;9.37;1681725;31129156.000
08/31/2007;9.42;9.51;9.21;9.26;1699225;31218138.000
09/03/2007;9.27;9.62;9.27;9.42;3169821;58765404.000
09/04/2007;9.57;9.86;9.36;9.49;2801978;53256800.000
09/05/2007;9.49;9.55;9.30;9.45;1622211;30171604.000
09/06/2007;9.37;9.71;9.37;9.42;1762015;33104278.000
09/07/2007;9.38;9.45;8.96;9.01;2098938;37884212.000
09/10/2007;8.96;9.10;8.59;9.09;1277199;22232564.000
09/11/2007;9.09;9.16;8.43;8.44;1490295;25909164.000
09/12/2007;8.37;8.84;8.34;8.72;1072777;18066070.000
09/13/2007;8.59;8.81;8.55;8.73;1007651;17278166.000
09/14/2007;8.75;8.96;8.60;8.81;1525983;26459364.000
09/17/2007;8.81;9.40;8.80;9.23;2271738;41213836.000
09/18/2007;9.31;9.37;9.13;9.31;1157042;21202060.000
09/19/2007;9.31;9.78;9.31;9.64;3879714;73602400.000
09/20/2007;9.72;10.08;9.42;10.08;3747933;72490016.000
09/21/2007;10.32;10.38;9.78;9.90;2874069;57298396.000
09/24/2007;10.04;10.09;9.56;9.83;1670818;31957546.000
09/25/2007;9.63;9.63;9.39;9.52;1313128;24557504.000
09/26/2007;9.52;9.67;9.11;9.17;1184130;22209464.000
09/27/2007;9.12;9.51;9.00;9.24;691528;12501220.000
09/28/2007;9.52;9.69;9.24;9.64;1144501;21532972.000
10/08/2007;9.87;10.13;9.61;9.84;2255090;43935436.000
10/09/2007;9.82;10.64;9.73;10.57;3432265;69679232.000
10/10/2007;10.57;10.71;10.14;10.60;2097274;42977476.000
10/11/2007;10.59;11.31;10.26;11.07;6033401;130334448.000
10/12/2007;11.00;11.32;10.55;10.95;3026832;65094924.000
10/15/2007;11.04;11.79;10.95;11.50;3152706;71237776.000
10/16/2007;11.56;11.79;11.16;11.55;1757424;39669720.000
10/17/2007;11.55;11.87;11.28;11.81;2079191;47682684.000
10/18/2007;11.76;11.77;11.06;11.63;1701363;38543112.000
10/19/2007;11.63;12.45;11.58;12.00;2340712;55526308.000
10/22/2007;11.68;12.61;10.79;11.45;3110698;73625136.000
10/23/2007;11.63;12.08;11.31;11.45;1710765;39407304.000
10/24/2007;11.16;11.53;10.75;10.85;1864016;40273244.000
10/25/2007;10.86;11.04;9.80;9.83;1493491;30562728.000
10/26/2007;9.73;10.39;9.32;10.09;1151872;22467790.000
10/29/2007;10.39;10.39;9.88;10.09;555323;11007340.000
10/30/2007;10.29;10.29;9.93;10.12;650494;12891415.000
10/31/2007;10.27;10.60;10.08;10.52;874494;17869588.000
11/01/2007;10.55;10.55;9.85;9.96;1504405;29859446.000
11/02/2007;9.90;9.90;9.37;9.45;817112;15415322.000
11/05/2007;9.42;9.68;9.27;9.55;709641;13323665.000
11/07/2007;9.52;9.70;9.42;9.59;328222;6209489.000
11/08/2007;9.59;9.59;8.74;8.74;703313;12730886.000
11/09/2007;8.76;9.01;8.63;8.84;621755;10811850.000
11/12/2007;8.61;8.82;8.25;8.52;627107;10514088.000
11/13/2007;8.83;8.83;8.48;8.53;641399;10928561.000
11/14/2007;8.60;9.11;8.54;9.05;1344640;23141840.000
11/15/2007;8.93;9.36;8.81;9.22;1160892;20973700.000
11/16/2007;9.22;9.46;9.05;9.21;414270;7592533.000
11/19/2007;9.19;9.46;9.17;9.33;353648;6523749.500
11/20/2007;9.21;9.52;9.21;9.35;392012;7220377.000
11/21/2007;9.37;9.52;9.12;9.16;428680;7870947.500
11/22/2007;9.10;9.16;8.79;8.79;448338;7905843.000
11/23/2007;8.71;8.85;8.70;8.85;174679;3035259.500
11/26/2007;9.12;9.16;8.95;9.01;325505;5826041.000
11/27/2007;8.93;9.37;8.93;9.27;410863;7498044.500
11/28/2007;9.42;9.42;9.11;9.11;308750;5655201.500
11/29/2007;9.27;9.37;9.11;9.22;415718;7603189.000
11/30/2007;9.01;9.62;9.01;9.56;1124918;20993692.000
12/03/2007;9.57;10.13;9.47;10.06;1261470;24679038.000
12/04/2007;10.06;10.23;9.93;9.97;532410;10538631.000
12/05/2007;9.94;10.28;9.84;10.16;501987;9990767.000
12/06/2007;10.16;10.16;9.93;10.04;294418;5813190.500
12/07/2007;10.04;10.31;9.90;10.14;631668;12590661.000
12/10/2007;10.13;11.16;10.06;11.16;2154911;46551840.000
12/11/2007;11.16;11.66;10.96;11.51;1666984;37586500.000
12/12/2007;11.42;12.09;11.42;11.50;1387570;32069110.000
12/13/2007;11.45;11.57;10.86;10.91;963807;21424848.000
12/14/2007;10.70;11.73;10.70;11.72;1184644;26654846.000
12/17/2007;11.82;12.81;11.82;12.78;2544739;63193908.000
12/18/2007;13.22;13.72;12.48;12.55;2937720;75272168.000
12/19/2007;12.70;13.82;12.70;13.82;4456318;119309256.000
12/20/2007;14.11;15.00;13.98;14.34;6269986;178480048.000
12/21/2007;14.25;15.51;14.25;14.78;4871559;142869728.000
12/24/2007;15.06;16.09;14.81;15.73;4749225;145804992.000
12/25/2007;15.73;16.09;15.36;15.93;3363501;104193768.000
12/26/2007;15.68;15.93;15.47;15.83;2904032;89654416.000
12/27/2007;15.79;16.35;15.53;15.61;3918618;122156768.000
12/28/2007;15.61;16.55;15.47;16.45;3759945;118509760.000
01/02/2008;16.29;18.10;16.29;18.10;4795700;165816816.000
01/03/2008;18.25;19.01;17.89;18.58;3218601;117246848.000
01/04/2008;18.59;19.83;17.93;19.52;2717711;100499024.000
01/07/2008;19.31;20.07;18.79;19.42;2528362;96743656.000
01/08/2008;19.31;19.77;18.34;18.74;2291978;86430312.000
01/09/2008;18.65;20.63;18.34;20.63;3020156;118469424.000
01/10/2008;20.70;21.78;20.08;20.65;3135703;128668216.000
01/11/2008;20.49;20.74;19.93;20.18;1881013;74522752.000
01/14/2008;20.18;20.18;18.86;19.27;4652113;176963984.000
01/15/2008;19.37;19.70;18.54;18.84;7138497;265530240.000
01/16/2008;18.84;20.30;18.84;19.93;10500224;406390144.000
01/17/2008;19.73;20.28;17.93;18.42;6680386;247640560.000
01/22/2008;17.83;19.52;16.74;17.57;7611384;276591456.000
01/23/2008;17.84;19.34;17.84;19.34;5384885;199785744.000
01/24/2008;19.96;21.29;19.63;21.29;7157584;291330432.000
01/25/2008;21.22;22.04;20.40;20.72;4875232;203666464.000
01/28/2008;20.74;21.41;18.84;19.69;3889300;155003184.000
01/29/2008;20.39;20.49;19.57;20.45;1878815;73836200.000
01/30/2008;20.59;20.59;18.86;19.72;3508043;134608720.000
01/31/2008;19.27;19.86;18.44;18.45;2135518;79072264.000
02/01/2008;18.19;18.70;16.81;17.42;2379406;82144200.000
02/04/2008;18.42;19.17;17.63;19.10;3281726;119006264.000
02/05/2008;18.72;19.06;17.93;18.68;2448404;88940272.000
02/13/2008;18.15;18.83;17.73;18.34;1309226;46746600.000
02/14/2008;18.19;19.11;18.19;18.71;1130375;41644344.000
02/15/2008;18.45;20.13;18.24;19.89;2629992;100124720.000
02/18/2008;19.88;21.16;19.88;20.68;2644834;107685648.000
02/19/2008;20.71;21.14;20.14;20.76;2334480;94856968.000
02/20/2008;20.79;21.63;20.66;20.98;2710077;112928200.000
02/21/2008;21.09;23.10;21.06;22.70;6032300;267368656.000
02/22/2008;22.44;22.79;20.92;22.55;5418693;230963728.000
02/25/2008;21.96;22.70;21.86;22.39;2614961;114664664.000
02/26/2008;22.73;23.09;20.16;21.17;5092943;214265664.000
02/27/2008;20.90;22.34;20.65;21.93;3021096;129583912.000
02/28/2008;21.77;22.70;21.33;21.68;2380508;102607904.000
02/29/2008;21.77;22.05;20.92;21.50;1910125;80386640.000
03/03/2008;21.42;22.65;21.11;22.31;1843441;79445792.000
03/04/2008;22.31;23.61;22.03;22.79;2443402;110883584.000
03/05/2008;22.74;23.14;21.52;22.19;1277134;55563092.000
03/06/2008;22.13;22.54;21.32;21.63;1211953;51771576.000
03/07/2008;21.47;23.47;21.45;22.11;3010668;134077424.000
03/10/2008;22.29;23.67;22.06;23.42;4824364;219696400.000
03/11/2008;23.48;24.91;22.70;24.69;2840515;133218608.000
03/12/2008;25.19;26.04;23.27;23.51;5369487;258815472.000
03/13/2008;21.15;23.37;21.15;21.32;5531465;238318224.000
03/14/2008;21.05;22.19;20.98;21.51;1299178;55060492.000
03/17/2008;21.51;21.77;19.35;19.35;1995793;79088208.000
03/18/2008;18.85;19.76;17.40;19.01;3715726;134607904.000
03/19/2008;19.37;20.66;19.09;20.04;2558525;99891056.000
03/21/2008;20.81;22.03;20.55;21.93;3292202;138823008.000
03/24/2008;21.93;22.89;21.52;21.52;1828414;79586472.000
03/25/2008;22.18;22.18;20.13;21.83;2056387;86080960.000
03/26/2008;21.83;22.38;21.23;21.62;1247475;53189668.000
03/27/2008;21.78;23.24;21.42;22.50;4631680;205369952.000
03/31/2008;22.45;23.73;22.28;22.45;2923166;132232088.000
04/01/2008;21.93;21.93;20.19;20.19;2170240;87749256.000
04/02/2008;18.16;19.37;18.16;18.16;6673477;240475840.000
04/03/2008;17.37;18.53;16.33;18.12;4720702;158460400.000
04/07/2008;17.57;19.92;17.11;19.78;2832327;105836688.000
04/08/2008;19.57;20.64;19.37;19.73;3756545;147355712.000
04/09/2008;19.48;20.50;18.75;18.83;2576928;99452584.000
04/10/2008;18.45;20.37;18.45;20.24;1753387;66535924.000
04/11/2008;20.75;21.11;19.88;20.16;1868965;75136264.000
04/14/2008;19.78;20.80;19.16;19.38;2261961;87950552.000
04/15/2008;19.38;20.45;18.87;20.45;2199677;84967920.000
04/16/2008;20.59;20.79;19.84;19.88;1794478;71345608.000
04/17/2008;19.93;20.49;19.22;19.47;1291030;50215540.000
04/18/2008;18.96;19.37;17.84;18.60;1467697;53701256.000
04/21/2008;20.47;20.47;17.89;18.61;2258227;85731064.000
04/22/2008;18.53;19.87;17.13;18.57;3085307;85695216.000
04/23/2008;18.20;18.93;17.72;18.65;5730506;159529552.000
04/24/2008;20.13;20.52;19.47;20.34;8298038;250252912.000
04/25/2008;19.80;21.63;19.67;20.80;6307004;194215520.000
04/28/2008;20.53;20.53;19.75;19.75;4537182;136542784.000
04/29/2008;19.20;19.67;18.19;19.26;7371714;210114016.000
04/30/2008;19.40;20.12;19.20;19.93;7451241;220738704.000
05/05/2008;20.37;21.93;20.27;21.93;10997679;354976320.000
05/06/2008;21.93;22.93;21.67;21.99;10640370;358917344.000
05/07/2008;21.73;22.32;21.22;21.22;5645973;185038400.000
05/09/2008;22.61;23.07;22.06;22.66;8531778;290445376.000
05/12/2008;22.54;24.93;22.13;24.73;9467362;342723488.000
05/13/2008;24.03;26.31;23.87;25.07;8934952;340217312.000
05/14/2008;25.27;25.80;23.94;24.84;7200665;267847792.000
05/15/2008;24.83;25.80;24.75;24.80;4209466;158713472.000
05/16/2008;24.93;25.24;23.07;23.63;7061954;252877744.000
05/19/2008;23.67;24.05;22.90;23.65;3773638;133298816.000
05/20/2008;23.71;24.00;21.48;21.81;4058016;139602928.000
05/21/2008;21.33;22.60;20.12;22.32;6356650;202014016.000
05/22/2008;21.93;22.19;21.20;21.20;4353850;141954032.000
05/23/2008;20.75;22.27;20.75;21.44;3796617;123919056.000
05/26/2008;21.13;21.13;20.08;20.13;2729247;84769216.000
05/27/2008;19.80;20.73;19.80;20.39;2359034;71892408.000
05/28/2008;20.48;21.45;20.17;21.20;2866143;89588304.000
05/29/2008;21.19;21.65;20.79;21.11;2716742;86688208.000
05/30/2008;20.95;21.25;20.07;20.53;3190052;98419344.000
06/02/2008;20.43;20.93;20.06;20.51;1695590;52190120.000
06/03/2008;20.51;21.27;20.50;20.65;2173570;68314000.000
06/04/2008;20.59;20.87;20.13;20.36;1393116;42779288.000
06/05/2008;20.30;20.65;20.19;20.42;989989;30471052.000
06/06/2008;20.36;20.57;19.20;19.30;2556521;75732144.000
06/10/2008;18.07;18.07;17.37;17.37;2872071;75808200.000
06/11/2008;17.13;17.26;15.94;16.48;2584476;64464056.000
06/12/2008;16.33;16.59;15.60;15.96;2767848;66684552.000
06/13/2008;16.13;17.00;16.02;16.05;3864807;95872832.000
06/16/2008;16.17;16.89;15.60;16.39;2998328;73946576.000
06/17/2008;16.39;16.87;15.95;16.40;2490767;62049236.000
06/18/2008;16.33;18.05;16.33;18.05;6185920;162575488.000
06/19/2008;18.23;18.45;16.23;16.23;6130191;161322800.000
06/20/2008;16.60;17.73;15.41;17.26;5147654;131294904.000
06/23/2008;16.93;17.20;16.07;16.13;3357524;83560344.000
06/24/2008;15.93;17.08;15.80;16.75;2551051;63387760.000
06/25/2008;16.77;17.85;16.61;17.67;4236808;111442288.000
06/26/2008;17.59;18.59;17.47;18.42;5093023;137457952.000
06/27/2008;17.73;17.93;16.61;17.13;4420835;115902024.000
06/30/2008;17.93;18.47;17.20;18.07;6611219;178137984.000
07/01/2008;18.07;18.24;17.52;17.70;2846907;76384984.000
07/02/2008;17.67;18.37;17.57;17.98;3625789;98422640.000
07/03/2008;17.68;19.50;17.53;19.20;5819332;163784480.000
07/04/2008;18.93;19.60;18.63;18.85;3899668;111589968.000
07/07/2008;18.85;19.80;18.85;19.71;3642668;107153656.000
07/08/2008;19.73;19.93;19.14;19.73;3877788;114419432.000
07/09/2008;19.77;20.22;19.54;19.93;3893394;116313376.000
07/10/2008;19.87;20.80;19.58;20.11;5541077;168773808.000
07/11/2008;20.03;20.27;19.19;19.56;3780621;110941760.000
07/14/2008;19.37;20.26;19.17;20.11;2855421;85157376.000
07/15/2008;20.31;20.52;19.25;19.33;3757820;111587000.000
07/16/2008;19.05;19.17;17.60;17.72;3951023;109393208.000
07/17/2008;18.13;18.46;17.35;17.72;2929991;79486144.000
07/18/2008;18.07;18.93;17.60;18.78;2438702;66818804.000
07/21/2008;18.73;19.60;18.48;19.35;2761998;79760904.000
07/22/2008;19.21;19.73;19.21;19.47;2857543;84015184.000
07/23/2008;19.43;19.70;18.63;18.65;3030938;86993648.000
07/24/2008;18.73;19.07;18.51;18.76;3398408;96061096.000
07/25/2008;18.61;18.63;17.96;18.19;4695661;129032320.000
07/28/2008;18.33;18.89;18.33;18.43;2647974;74070160.000
07/29/2008;18.27;18.57;18.01;18.15;2265773;62320440.000
07/30/2008;18.41;18.52;17.75;17.90;1809099;49276760.000
07/31/2008;17.93;18.12;17.25;17.25;2337669;61597572.000
08/01/2008;17.03;18.00;17.00;17.74;1964581;51804296.000
08/04/2008;17.62;17.93;17.34;17.46;1074677;28649292.000
08/05/2008;17.64;17.69;16.33;16.60;2374828;60460508.000
08/06/2008;16.80;16.97;15.20;15.49;3590203;86278008.000
08/07/2008;15.33;15.60;14.21;14.62;5058943;112936344.000
08/08/2008;15.07;16.08;15.00;15.33;8023257;188198720.000
08/11/2008;15.43;15.93;14.65;14.77;6045458;140061776.000
08/12/2008;14.32;14.38;13.32;13.33;4450302;91888560.000
08/13/2008;13.40;13.56;12.39;13.25;5704364;110125984.000
08/14/2008;12.93;13.17;12.74;12.93;3413940;66939632.000
08/15/2008;12.83;13.24;12.47;12.80;3479530;67673584.000
08/19/2008;11.51;12.05;11.51;11.85;5304812;93979528.000
08/20/2008;11.67;12.92;11.15;12.84;8413765;156899504.000
08/21/2008;12.41;12.90;11.75;11.77;5593712;103480400.000
08/22/2008;11.44;11.77;10.99;11.13;3968561;67393136.000
08/25/2008;11.27;11.57;11.08;11.17;2413584;41286744.000
08/26/2008;11.13;11.13;10.05;10.05;4497227;70009704.000
08/27/2008;9.85;10.22;9.13;9.64;5191289;75527912.000
08/28/2008;9.57;10.17;9.45;10.01;4506660;67271240.000
08/29/2008;9.97;10.53;9.95;10.32;4406211;68090432.000
09/01/2008;10.05;10.12;9.44;9.50;3813849;56008216.000
09/02/2008;9.32;9.81;9.19;9.61;2729185;39301632.000
09/03/2008;9.47;9.83;9.43;9.75;3082571;45037360.000
09/04/2008;9.67;10.19;9.67;10.03;3586417;54026512.000
09/05/2008;9.77;9.81;9.37;9.42;3321863;48098320.000
09/08/2008;9.42;9.57;8.47;8.50;4086905;54597980.000
09/09/2008;8.40;9.10;8.39;8.87;3244003;43312748.000
09/10/2008;8.73;9.12;8.53;8.75;2987290;39962076.000
09/11/2008;8.65;8.91;8.50;8.57;2107372;27507546.000
09/12/2008;8.53;8.78;8.53;8.61;1920869;25217788.000
09/16/2008;8.62;8.99;8.57;8.80;3706840;49122976.000
09/17/2008;8.83;9.04;8.80;8.97;3652854;49202040.000
09/18/2008;8.81;8.93;8.07;8.62;5677169;72495880.000
09/19/2008;9.49;9.49;9.32;9.49;3362248;48017064.000
09/22/2008;10.20;10.44;9.49;10.10;9145509;138745536.000
09/23/2008;9.57;9.77;9.09;9.09;5787099;82218896.000
09/25/2008;9.39;9.65;9.31;9.53;5897752;84688896.000
09/26/2008;9.55;10.07;9.55;9.97;6341488;94707896.000
10/06/2008;9.79;9.79;9.11;9.11;3764884;53704936.000
10/07/2008;8.60;9.11;8.52;8.83;3093406;41060484.000
10/09/2008;8.99;9.01;8.44;8.44;2944090;38642404.000
10/10/2008;7.93;8.07;7.59;7.59;4372042;50776176.000
10/13/2008;7.26;7.80;6.99;7.79;3910924;43378684.000
10/14/2008;8.19;8.23;7.27;7.31;3935400;46760116.000
10/15/2008;7.14;7.35;7.05;7.23;2142436;23365346.000
10/16/2008;6.73;6.87;6.50;6.50;4575292;45871604.000
10/17/2008;6.60;6.72;6.15;6.59;4870459;47540428.000
10/20/2008;6.59;6.83;6.27;6.75;4500404;44958380.000
10/21/2008;6.78;7.38;6.72;7.03;6781856;72951408.000
10/22/2008;6.81;7.11;6.77;6.77;4153942;43509880.000
10/23/2008;6.45;6.87;6.45;6.85;3189933;32302620.000
10/24/2008;6.86;6.97;6.65;6.83;3568504;36812088.000
10/27/2008;6.61;6.61;6.14;6.14;3930632;37539060.000
10/28/2008;5.96;6.27;5.87;6.10;4679432;43273344.000
10/29/2008;6.21;6.24;5.49;5.49;5456179;48474484.000
10/30/2008;5.47;5.70;5.36;5.55;4299000;36072540.000
10/31/2008;5.51;5.56;5.19;5.26;4427358;35790156.000
11/03/2008;5.20;5.29;5.01;5.03;2454280;19227994.000
11/04/2008;4.77;4.98;4.67;4.89;3496648;25696744.000
11/05/2008;4.95;5.20;4.91;5.19;4564486;35500400.000
11/06/2008;5.00;5.32;4.95;5.22;4555472;35772552.000
11/07/2008;5.07;5.39;5.03;5.35;4666810;37609652.000
11/10/2008;5.44;5.89;5.44;5.89;6510394;56616496.000
11/11/2008;5.93;6.17;5.80;5.81;6382765;57700556.000
11/12/2008;5.69;6.03;5.66;6.00;4269906;37947868.000
11/13/2008;5.87;6.53;5.83;6.39;9497787;90017440.000
11/14/2008;6.47;6.85;6.34;6.83;10594421;106048960.000
11/17/2008;6.83;7.19;6.63;7.18;9429330;99725960.000
11/18/2008;7.07;7.47;6.45;6.45;11853904;124302168.000
11/19/2008;6.52;7.11;6.45;7.11;8515084;87627008.000
11/20/2008;6.93;7.57;6.87;7.17;12341740;135826192.000
11/21/2008;6.97;7.26;6.57;6.94;9544146;99660568.000
11/24/2008;6.92;7.05;6.53;6.54;5694564;58488648.000
11/25/2008;6.73;6.79;6.17;6.40;4990681;49099700.000
11/26/2008;6.45;6.53;6.17;6.33;3533770;34143316.000
11/27/2008;6.87;6.87;6.40;6.41;7243499;73464112.000
11/28/2008;6.35;6.49;6.21;6.25;3816796;36682852.000
12/01/2008;6.25;6.75;6.13;6.73;7593842;75405016.000
12/02/2008;6.57;7.15;6.51;7.00;10962426;114931904.000
12/03/2008;7.19;7.71;7.19;7.71;21964259;252368560.000
12/04/2008;7.93;8.49;7.79;7.89;24198712;296806432.000
12/05/2008;7.93;8.61;7.87;8.61;18398426;231543056.000
12/08/2008;8.82;9.22;8.67;9.17;22129543;299734816.000
12/09/2008;9.15;9.15;8.75;8.87;12865521;173775328.000
12/10/2008;8.77;9.50;8.61;9.43;13368247;181780336.000
12/11/2008;9.30;9.43;8.80;8.83;11652106;161497712.000
12/12/2008;8.70;8.73;7.99;8.24;11105391;140599216.000
12/15/2008;8.46;8.67;8.17;8.50;9097948;116482256.000
12/16/2008;8.34;8.73;7.87;8.68;9925160;124107816.000
12/17/2008;8.73;9.00;8.53;8.57;9723883;128540768.000
12/18/2008;8.51;8.71;8.21;8.65;7983692;102447504.000
12/19/2008;8.67;9.07;8.60;8.89;11610223;156062544.000
12/22/2008;8.82;9.43;8.65;9.22;13515205;184539024.000
12/23/2008;9.17;9.23;8.33;8.37;11409669;152207344.000
12/24/2008;8.10;8.23;7.74;7.91;7472107;90366944.000
12/25/2008;8.00;8.13;7.75;7.93;4991138;60052356.000
12/26/2008;8.13;8.31;7.93;7.97;7251525;89064824.000
12/29/2008;7.97;7.97;7.40;7.61;7749341;89020840.000
12/30/2008;7.60;7.69;7.40;7.41;4875275;55760784.000
12/31/2008;7.45;7.62;7.36;7.40;4653172;52607100.000
01/05/2009;7.55;7.93;7.47;7.90;6801505;79320792.000
01/06/2009;7.81;8.35;7.73;8.25;9067758;111127136.000
01/07/2009;8.25;8.45;8.16;8.25;6884243;86576544.000
01/08/2009;8.03;8.58;7.99;8.50;11192353;140659312.000
01/09/2009;8.51;8.97;8.51;8.81;10744836;142391152.000
01/12/2009;8.91;9.13;8.77;8.81;11155994;151506368.000
01/13/2009;8.67;8.77;8.25;8.26;7990012;102590080.000
01/14/2009;8.23;8.85;8.23;8.85;9578391;124740448.000
01/15/2009;8.69;9.19;8.67;8.98;11245562;152463360.000
01/16/2009;9.01;9.28;8.80;8.83;10683528;146038512.000
01/19/2009;8.89;9.06;8.77;9.02;6854372;92330912.000
01/20/2009;9.04;9.25;8.96;9.22;9053744;125339352.000
01/21/2009;9.13;9.51;9.04;9.46;12422185;176102096.000
01/22/2009;9.62;9.72;9.36;9.54;8827635;126884072.000
01/23/2009;9.39;9.45;9.07;9.19;11871500;165972304.000
02/02/2009;9.29;9.63;9.14;9.63;8842141;125139800.000
02/03/2009;9.63;10.04;9.49;9.95;13805764;204735728.000
02/04/2009;10.00;10.60;9.80;10.53;16559440;252870704.000
02/05/2009;10.37;10.90;10.25;10.37;16713991;266593584.000
02/06/2009;10.41;11.03;10.41;10.91;11481864;186690672.000
02/09/2009;10.92;11.59;10.92;11.20;11500767;194742464.000
02/10/2009;11.10;11.39;10.93;11.39;9718604;163719952.000
02/11/2009;11.25;11.83;11.03;11.32;12071370;207971296.000
02/12/2009;11.40;11.46;10.70;11.02;8899871;147841152.000
02/13/2009;11.01;11.39;10.87;11.35;9396726;158214128.000
02/16/2009;11.40;11.85;11.35;11.67;10183981;178442720.000
02/17/2009;11.67;11.83;11.09;11.10;9213600;159316000.000
02/18/2009;10.77;11.00;10.34;10.34;8422543;135704112.000
02/19/2009;10.43;10.82;10.43;10.74;6602306;105997688.000
02/20/2009;10.93;11.27;10.72;11.26;8603505;144178624.000
02/23/2009;11.33;11.69;11.20;11.59;8235532;142896432.000
02/24/2009;11.41;11.60;10.81;10.90;9201315;155527008.000
02/25/2009;11.03;11.19;10.61;11.09;8546043;141411168.000
02/26/2009;11.12;11.60;10.13;10.66;14138040;239610480.000
02/27/2009;10.52;10.97;10.13;10.87;11130971;177811232.000
03/02/2009;10.73;11.39;10.38;11.34;9090333;150858960.000
03/03/2009;11.13;12.39;10.95;12.25;22505599;403262304.000
03/04/2009;12.37;13.19;11.93;12.81;22021809;421706080.000
03/05/2009;12.85;13.27;12.27;13.13;16419803;316090208.000
03/06/2009;12.73;13.20;12.52;12.58;9464561;182932752.000
03/09/2009;12.42;12.76;11.43;11.52;11965293;216722640.000
03/10/2009;11.27;11.90;11.01;11.82;7180065;124979384.000
03/11/2009;12.10;12.13;11.13;11.21;8883404;155117440.000
03/12/2009;11.13;11.51;10.93;11.41;7383517;125862056.000
03/13/2009;11.53;11.53;11.05;11.07;6061814;102900208.000
03/16/2009;10.95;11.40;10.93;11.37;5026188;85350312.000
03/17/2009;11.43;12.19;11.27;12.15;11971272;213806656.000
03/18/2009;12.17;12.93;12.13;12.16;19823194;373023040.000
03/19/2009;12.20;12.51;12.00;12.39;11159525;207062384.000
03/20/2009;12.41;12.57;12.07;12.50;10878971;202187920.000
03/23/2009;12.53;12.70;12.40;12.52;10539116;199276320.000
03/24/2009;12.57;12.73;12.40;12.55;8417264;158906576.000
03/25/2009;12.51;12.51;11.93;11.94;8818834;162384992.000
03/26/2009;11.84;12.10;11.66;12.06;6770431;121915288.000
03/27/2009;12.07;12.46;11.93;12.14;7426001;136907632.000
03/30/2009;12.13;12.33;12.07;12.33;6066994;111202720.000
03/31/2009;12.13;12.22;11.95;12.19;4669427;85205800.000
04/01/2009;12.31;12.80;12.25;12.62;11268365;213644496.000
04/02/2009;12.60;12.74;12.42;12.47;8871029;168081360.000
04/03/2009;12.60;12.66;12.22;12.28;7614349;142483552.000
04/07/2009;12.29;12.46;12.23;12.41;4771524;88866408.000
04/08/2009;12.33;12.33;11.64;11.65;7857132;142333664.000
04/09/2009;11.65;11.90;11.50;11.85;4573610;80770984.000
04/10/2009;11.87;12.33;11.87;12.27;6847296;124957592.000
04/13/2009;12.35;12.46;12.24;12.31;8254226;153572352.000
04/14/2009;12.31;12.88;12.30;12.88;15667818;299704224.000
04/15/2009;13.00;13.47;12.80;13.33;16217076;323238080.000
04/16/2009;13.37;13.45;12.73;12.85;11433050;223791904.000
04/20/2009;12.55;13.00;12.43;12.91;7257269;138967808.000
04/21/2009;12.73;12.73;12.11;12.35;7953247;149312848.000
04/22/2009;11.92;11.92;11.11;11.11;21462270;368590624.000
04/23/2009;10.61;10.75;10.07;10.71;14591942;229733360.000
04/24/2009;10.60;10.67;10.25;10.27;8145258;127820408.000
04/27/2009;10.20;10.20;9.79;9.81;8139626;121799880.000
04/28/2009;9.73;10.15;9.73;10.08;6442059;97510960.000
04/29/2009;10.18;10.25;9.98;10.21;6305987;96410952.000
04/30/2009;10.22;10.24;10.00;10.09;6129958;93449488.000
05/04/2009;10.09;10.57;10.09;10.55;7471037;117015560.000
05/05/2009;10.63;10.80;10.43;10.78;8014310;128255360.000
05/06/2009;10.70;10.82;10.60;10.70;6023886;97286432.000
05/07/2009;10.77;10.81;10.24;10.37;8632213;136189504.000
05/08/2009;10.30;10.31;9.93;10.19;6441265;98566176.000
05/11/2009;10.20;10.42;9.97;9.97;5021905;77641392.000
05/12/2009;9.92;10.22;9.85;10.20;3691030;55799832.000
05/13/2009;10.21;10.49;10.03;10.47;6642741;103054424.000
05/14/2009;10.37;10.63;10.31;10.45;5872439;92989512.000
05/15/2009;10.47;10.61;10.37;10.43;3812423;60179792.000
05/18/2009;10.40;10.50;10.13;10.50;4044599;63012436.000
05/19/2009;10.77;10.79;10.55;10.60;8791164;141360304.000
05/20/2009;10.65;10.70;10.47;10.47;4932741;78772168.000
05/21/2009;10.47;10.56;10.14;10.19;4854284;75625112.000
05/22/2009;10.15;10.33;10.11;10.28;3085723;47702904.000
05/25/2009;9.94;10.21;9.94;10.13;3527498;53718292.000
05/26/2009;10.19;10.22;9.90;9.94;5247352;52792776.000
05/27/2009;9.98;10.08;9.58;9.66;6234295;60777428.000
06/01/2009;9.65;9.78;9.58;9.76;6856940;66371152.000
06/02/2009;9.78;10.07;9.68;9.92;7951538;78823344.000
06/03/2009;9.96;10.35;9.95;10.10;8758292;88974432.000
06/04/2009;10.20;10.30;9.93;10.05;7434150;75036296.000
06/05/2009;10.08;10.26;9.97;10.13;9001945;91154912.000
06/08/2009;10.18;10.40;10.12;10.36;11483844;118118672.000
06/09/2009;10.36;10.40;9.98;10.18;6616115;67005656.000
06/10/2009;10.18;10.22;10.03;10.16;5499377;55776084.000
06/11/2009;10.25;10.30;10.13;10.17;6617937;67515816.000
06/12/2009;10.16;10.21;9.67;9.78;7461010;74200768.000
06/15/2009;9.69;9.86;9.66;9.81;3404811;33266514.000
06/16/2009;9.76;9.91;9.71;9.76;3527304;34529960.000
06/17/2009;9.71;9.80;9.60;9.77;4788468;46407264.000
06/18/2009;9.79;9.80;9.65;9.73;5128456;49829728.000
06/22/2009;9.80;9.97;9.77;9.85;6666067;65635008.000
06/23/2009;9.81;9.82;9.69;9.75;4418723;43128340.000
06/24/2009;9.75;9.81;9.71;9.79;4765110;46515080.000
06/25/2009;9.79;10.18;9.79;10.11;10496271;104992176.000
06/26/2009;10.12;10.15;9.84;9.90;5545172;55223964.000
06/29/2009;9.92;9.97;9.72;9.80;5937873;58068760.000
06/30/2009;9.83;9.85;9.62;9.64;5004273;48552212.000
07/01/2009;9.62;9.71;9.62;9.66;3901522;37663116.000
07/02/2009;9.68;9.84;9.65;9.75;5436067;52932532.000
07/03/2009;9.75;9.75;9.58;9.70;5519852;53335732.000
07/06/2009;9.70;9.78;9.58;9.77;7356547;71113848.000
07/07/2009;9.79;10.18;9.69;10.06;13959618;139473328.000
07/08/2009;9.98;10.58;9.94;10.48;20587952;211906896.000
07/09/2009;10.55;10.63;10.31;10.46;14079902;146964208.000
07/10/2009;10.48;10.78;10.41;10.57;14547232;154311744.000
07/13/2009;10.60;10.87;10.55;10.61;12626522;135626864.000
07/14/2009;10.65;10.80;10.50;10.69;11474329;122211256.000
07/15/2009;10.75;10.77;10.61;10.71;12302657;131518512.000
07/16/2009;10.72;11.20;10.68;10.98;19462549;214358752.000
07/17/2009;10.88;11.25;10.77;10.87;13295134;146271600.000
07/20/2009;10.88;11.17;10.81;11.08;13696771;150710640.000
07/21/2009;11.08;11.46;10.99;11.11;20323116;228917328.000
07/22/2009;11.20;12.19;11.20;12.02;33521664;396077376.000
07/23/2009;11.90;12.39;11.68;11.88;23688682;283722208.000
07/24/2009;11.80;12.15;11.28;11.68;17727878;207915088.000
07/27/2009;11.70;11.95;11.63;11.94;15401086;181959904.000
07/28/2009;11.98;12.03;11.60;11.92;14063058;166137984.000
07/29/2009;11.90;11.90;10.73;10.86;14223410;161320352.000
07/30/2009;10.85;11.10;10.47;10.84;10289678;110855312.000
07/31/2009;10.86;11.27;10.83;11.21;8500315;94141824.000
08/03/2009;11.27;12.22;11.14;12.20;22729559;269146400.000
08/04/2009;12.45;12.99;12.19;12.61;33721861;425197536.000
08/05/2009;12.62;12.62;12.03;12.45;19473490;239023104.000
08/06/2009;12.20;12.35;11.77;11.86;13613079;163270256.000
08/07/2009;11.73;12.39;11.73;11.79;15060479;182210512.000
08/10/2009;11.95;12.40;11.94;12.19;15597355;189788304.000
08/11/2009;12.28;12.80;12.17;12.61;20429220;257092368.000
08/12/2009;12.58;12.58;11.77;12.01;12413287;150520816.000
08/13/2009;12.01;12.14;11.33;11.98;10692170;125922768.000
08/14/2009;11.96;12.34;11.44;12.08;16061873;192436976.000
08/17/2009;11.88;11.90;10.87;10.88;10421861;119713304.000
08/18/2009;10.60;11.16;10.16;10.99;9057202;96334560.000
08/19/2009;11.02;11.03;10.10;10.75;7975417;85058272.000
08/20/2009;10.73;11.10;10.50;11.10;8718091;94637032.000
08/21/2009;11.12;11.20;10.81;11.12;7745441;85381688.000
08/24/2009;11.08;11.45;10.82;11.36;9569839;106935696.000
08/25/2009;11.22;11.27;10.51;10.72;7829814;85030352.000
08/26/2009;10.60;11.13;10.49;10.99;6002481;65950488.000
08/27/2009;11.00;11.38;10.80;11.35;10134150;113624520.000
08/28/2009;11.34;12.00;11.26;11.55;18941879;221710192.000
08/31/2009;11.58;11.60;10.40;10.42;9971890;107938440.000
09/01/2009;10.15;10.56;10.03;10.11;5445120;55751472.000
09/02/2009;10.14;10.26;9.72;9.95;4833659;48239592.000
09/03/2009;9.95;10.54;9.92;10.47;5899066;60439816.000
09/04/2009;10.40;10.59;10.20;10.48;6142614;63907196.000
09/07/2009;10.39;10.94;10.39;10.89;9253928;98881792.000
09/08/2009;10.78;10.97;10.63;10.91;6390393;69132128.000
09/09/2009;10.94;10.98;10.53;10.76;5931299;63736580.000
09/10/2009;10.67;10.93;10.57;10.66;4805568;51699560.000
09/11/2009;10.58;10.95;10.58;10.80;5833894;63216684.000
09/14/2009;10.88;11.21;10.88;11.13;7459744;82657152.000
09/15/2009;11.10;11.32;10.90;11.17;7513230;83553848.000
09/16/2009;11.17;11.50;11.10;11.43;9723779;110442080.000
09/17/2009;11.44;11.74;11.35;11.67;9908302;114542632.000
09/18/2009;11.80;11.80;10.97;11.02;10078600;114387376.000
09/21/2009;10.88;10.94;10.50;10.94;5688114;61145488.000
09/22/2009;10.95;11.09;10.56;10.60;4359565;47444620.000
09/23/2009;10.56;10.72;10.15;10.23;4453348;46407148.000
09/24/2009;10.10;10.54;10.10;10.44;4545509;47101124.000
09/25/2009;10.44;10.52;10.26;10.33;2410321;25042160.000
09/28/2009;10.32;10.45;9.95;10.00;4642286;47290432.000
09/29/2009;10.03;10.15;9.48;9.64;4129865;40226444.000
09/30/2009;9.70;9.79;9.55;9.64;3782035;36611068.000
10/09/2009;9.80;10.10;9.70;10.10;3344057;33274928.000
10/12/2009;10.12;10.27;9.95;10.05;4140616;41661328.000
10/13/2009;10.00;10.42;10.00;10.33;5118496;52327552.000
10/14/2009;10.30;10.43;10.23;10.32;3976230;41130832.000
10/15/2009;10.35;10.52;10.25;10.39;3790353;39425856.000
10/16/2009;10.39;10.42;10.09;10.21;3328551;33924944.000
10/19/2009;10.16;10.42;10.13;10.34;6005601;61818200.000
10/20/2009;10.40;10.80;10.30;10.79;11704352;123976312.000
10/21/2009;10.70;10.75;10.50;10.53;6234482;66091588.000
10/22/2009;10.53;10.70;10.38;10.56;4615779;48721140.000
10/23/2009;10.50;10.88;10.41;10.77;15743236;168003312.000
10/26/2009;10.68;10.68;10.50;10.59;7295646;77269752.000
10/27/2009;10.52;10.53;10.03;10.04;8952616;91752328.000
10/28/2009;10.04;10.22;10.00;10.18;5676285;57499948.000
10/29/2009;10.05;10.32;9.98;10.22;5909385;60122252.000
10/30/2009;10.30;10.43;10.16;10.34;6220332;64392896.000
11/02/2009;10.10;10.68;10.05;10.61;8264487;86734840.000
11/03/2009;10.62;10.94;10.55;10.92;11202131;120637568.000
11/04/2009;10.90;11.30;10.80;11.18;17448076;194489744.000
11/05/2009;11.15;11.25;10.96;11.20;10325687;114801064.000
11/06/2009;11.30;11.51;11.13;11.40;13791944;156571968.000
11/09/2009;11.41;11.56;11.20;11.39;9456694;107521352.000
11/10/2009;11.47;11.49;11.11;11.23;8178500;92247744.000
11/11/2009;11.22;11.39;11.09;11.38;7630071;85973960.000
11/12/2009;11.46;11.79;11.38;11.65;11983203;139254400.000
11/13/2009;11.58;11.88;11.50;11.79;11785857;138215600.000
11/16/2009;11.99;12.05;11.71;11.96;14661194;173718176.000
11/17/2009;11.90;12.13;11.82;11.99;9574260;114960632.000
11/18/2009;12.04;12.10;11.67;12.04;10142664;120476344.000
11/19/2009;12.00;12.19;11.91;12.14;17576408;212110624.000
11/20/2009;12.07;12.38;11.96;12.23;12352532;151030016.000
11/24/2009;12.50;12.70;11.40;11.41;22012620;265487024.000
11/25/2009;11.39;12.16;11.37;12.07;14311611;168915280.000
11/26/2009;12.08;12.40;11.48;11.54;14717633;176682096.000
11/27/2009;11.50;11.84;11.30;11.55;9892085;114829408.000
11/30/2009;11.69;12.70;11.69;12.59;23074903;284270656.000
12/01/2009;12.56;13.03;12.30;12.79;33555404;427798784.000
12/02/2009;12.79;13.50;12.65;13.16;35566793;466984224.000
12/03/2009;13.20;13.38;12.85;13.33;23667880;309823232.000
12/04/2009;13.28;13.38;12.50;12.63;21964765;283429696.000
12/07/2009;12.65;12.92;12.61;12.81;8777621;111914536.000
12/08/2009;12.86;12.94;12.55;12.79;9560667;121812032.000
12/09/2009;12.67;12.76;12.38;12.54;8972955;112680680.000
12/10/2009;12.56;12.86;12.56;12.72;6402486;81243032.000
12/11/2009;12.71;13.07;12.68;12.84;10711705;138251120.000
12/14/2009;12.78;13.41;12.74;13.30;17620633;230875360.000
12/15/2009;13.35;13.79;13.03;13.10;16102633;215825376.000
12/16/2009;13.04;13.33;12.81;13.06;9387200;122859192.000
12/17/2009;13.05;13.32;12.71;12.72;12294804;160699136.000
12/18/2009;12.45;12.60;11.80;11.86;9912396;120185248.000
12/21/2009;11.77;12.08;11.77;12.00;5310217;63364656.000
12/22/2009;12.03;12.08;11.43;11.58;6158658;72062840.000
12/23/2009;11.60;11.85;11.49;11.76;4736645;55355260.000
12/24/2009;11.81;12.31;11.78;12.19;6917454;83916584.000
12/25/2009;12.19;12.47;12.08;12.23;5380073;66065844.000
12/28/2009;12.35;12.56;12.19;12.44;7059993;87075224.000
12/29/2009;12.56;13.00;12.52;12.80;10876563;138364416.000
12/30/2009;12.80;12.88;12.40;12.58;7732835;97268488.000
12/31/2009;12.51;12.80;12.43;12.68;6419614;81453384.000
01/04/2010;12.87;13.27;12.75;13.00;12436164;162530928.000
01/05/2010;13.00;13.35;12.97;13.18;9076706;119758424.000
01/06/2010;13.17;13.40;12.98;13.15;10697301;141310032.000
01/07/2010;13.13;13.20;12.77;12.78;9336330;120746960.000
01/08/2010;12.61;12.90;12.41;12.87;6545895;83259872.000
01/11/2010;12.90;13.38;12.75;13.36;11456664;150628064.000
01/12/2010;13.40;14.10;13.15;14.10;22564630;307937248.000
01/13/2010;13.76;14.47;13.65;14.00;20914211;295866592.000
01/14/2010;13.96;14.28;13.81;14.20;13132579;185496448.000
01/15/2010;14.26;14.65;14.07;14.20;11543480;165190656.000
01/18/2010;14.10;14.60;13.83;14.60;13289094;188485552.000
01/19/2010;14.50;14.90;14.28;14.41;13139354;191059264.000
01/20/2010;14.41;14.64;13.58;13.65;11128219;156840928.000
01/21/2010;13.80;13.96;13.50;13.65;7862180;107865792.000
01/22/2010;13.59;13.79;13.01;13.24;9709827;129952520.000
01/25/2010;13.26;13.55;13.10;13.18;6051297;80845896.000
01/26/2010;13.18;13.35;12.54;12.82;7891930;102624336.000
01/27/2010;12.80;13.14;12.60;12.89;6596867;85195544.000
01/28/2010;12.94;13.43;12.80;13.39;7206595;95072000.000
01/29/2010;13.28;13.57;13.12;13.20;6781571;90713168.000
02/01/2010;13.15;13.17;12.28;12.40;8219646;104025928.000
02/02/2010;12.40;12.67;12.01;12.07;7263611;89565800.000
02/03/2010;12.03;12.52;11.48;12.51;8736608;104869504.000
02/04/2010;12.29;12.57;12.23;12.43;6720710;83392728.000
02/05/2010;12.00;12.48;11.90;12.36;5993795;73605776.000
02/08/2010;12.19;12.68;12.19;12.52;5978220;75135192.000
02/09/2010;12.48;12.88;12.42;12.88;5857729;74875672.000
02/10/2010;12.52;12.76;12.52;12.62;7011477;88495584.000
02/11/2010;12.58;12.60;12.01;12.29;6205502;76147480.000
02/12/2010;12.30;12.53;12.21;12.38;4066088;50467120.000
02/22/2010;12.55;12.75;12.32;12.65;4186691;52821400.000
02/23/2010;12.58;12.98;12.31;12.88;4594057;58283092.000
02/24/2010;12.65;13.31;12.65;13.29;6524863;85261080.000
02/25/2010;13.28;13.62;13.18;13.53;9115676;122483376.000
02/26/2010;13.38;13.59;13.19;13.57;8276149;111279312.000
03/01/2010;13.50;13.55;13.37;13.47;7292004;97976240.000
03/02/2010;13.47;13.57;13.06;13.54;8330382;111440136.000
03/03/2010;13.60;13.87;13.42;13.79;10184908;139141968.000
03/04/2010;13.77;13.79;12.76;12.89;9164014;121571248.000
03/05/2010;12.90;13.04;12.55;12.72;4994024;63719344.000
03/08/2010;12.71;13.07;12.67;12.96;4109969;52992148.000
03/09/2010;12.96;13.02;12.73;12.92;2944971;37878988.000
03/10/2010;12.87;13.00;12.60;12.62;3885869;49732696.000
03/11/2010;12.52;12.66;12.25;12.44;3779180;47006052.000
03/12/2010;12.46;12.80;12.37;12.39;3077056;38651232.000
03/15/2010;12.41;12.50;12.13;12.40;2910002;35646280.000
03/16/2010;12.36;12.50;12.28;12.50;2189918;27059322.000
03/17/2010;12.50;12.76;12.50;12.75;4142716;52387184.000
03/18/2010;12.76;13.12;12.76;13.02;7146811;92818376.000
03/19/2010;13.09;14.29;13.09;14.28;29595164;405864704.000
03/22/2010;14.10;14.16;13.70;13.99;21784953;303275168.000
03/23/2010;13.94;13.96;13.36;13.70;13592500;185646032.000
