002020 京新药业 日线
      日期	    开盘	    最高	    最低	    收盘	    成交量	    成交额
07/15/2004;6.47;6.67;6.29;6.30;8515804;114302552.000
07/16/2004;6.22;6.76;5.99;6.57;6399539;86224392.000
07/19/2004;6.46;6.75;6.42;6.59;3917304;54393868.000
07/20/2004;6.58;6.71;6.48;6.51;2037702;28144634.000
07/21/2004;6.51;6.57;6.29;6.33;1452872;19604200.000
07/22/2004;6.39;6.49;6.14;6.15;1275488;16892452.000
07/23/2004;6.15;6.31;6.05;6.28;971458;12598626.000
07/26/2004;6.28;6.30;6.06;6.11;873354;11321104.000
07/27/2004;6.09;6.15;5.71;5.80;1412077;17626168.000
07/28/2004;5.75;5.97;5.64;5.91;1027576;12569517.000
07/29/2004;5.88;6.16;5.85;6.09;1333758;16958660.000
07/30/2004;6.11;6.27;6.04;6.11;1427949;18469630.000
08/02/2004;6.10;6.24;6.01;6.10;829160;10728635.000
08/03/2004;6.06;6.27;6.06;6.18;879460;11443823.000
08/04/2004;6.15;6.31;6.14;6.25;966913;12691216.000
08/05/2004;6.26;6.31;6.16;6.16;652667;8556704.000
08/06/2004;6.14;6.21;5.89;6.01;954676;12113921.000
08/09/2004;5.98;6.01;5.85;5.92;436174;5444860.000
08/10/2004;5.93;6.02;5.89;5.97;225349;2821013.750
08/11/2004;5.98;5.98;5.70;5.74;644266;7866383.500
08/12/2004;5.72;5.91;5.65;5.86;673508;8235766.000
08/13/2004;5.79;5.89;5.75;5.79;348100;4254836.000
08/16/2004;5.78;5.79;5.40;5.40;821548;9459989.000
08/17/2004;5.40;5.59;5.40;5.47;578987;6722863.500
08/18/2004;5.49;5.50;5.24;5.27;710197;7995199.500
08/19/2004;5.28;5.32;5.13;5.21;454625;5033442.000
08/20/2004;5.21;5.36;5.13;5.28;419728;4638989.000
08/23/2004;5.21;5.21;5.02;5.04;383365;4099640.000
08/24/2004;5.02;5.19;4.99;5.11;388482;4183475.250
08/25/2004;5.07;5.11;5.00;5.03;252471;2692440.250
08/26/2004;5.02;5.07;4.88;4.88;395130;4157941.000
08/27/2004;4.88;5.00;4.83;4.85;343046;3557797.500
08/30/2004;4.86;5.11;4.81;5.02;600822;6355483.500
08/31/2004;5.17;5.35;5.08;5.11;882370;9615907.000
09/01/2004;5.05;5.07;4.94;4.97;282499;2984882.250
09/02/2004;4.95;5.09;4.90;5.06;236023;2487145.000
09/03/2004;5.05;5.08;4.96;5.00;110246;1165988.375
09/06/2004;5.00;5.05;4.94;5.02;97455;1029929.500
09/07/2004;5.02;5.06;5.00;5.04;98299;1043285.688
09/08/2004;5.05;5.06;4.98;5.01;136599;1447433.000
09/09/2004;4.98;5.07;4.93;4.93;208760;2193065.250
09/10/2004;4.92;5.00;4.89;4.97;143220;1498927.750
09/13/2004;4.90;4.94;4.74;4.74;372400;3783279.000
09/14/2004;4.79;4.94;4.79;4.89;360741;3719994.250
09/15/2004;4.88;5.36;4.88;5.26;1226697;13430437.000
09/17/2004;5.60;5.64;5.41;5.64;2396970;27798692.000
09/20/2004;5.65;5.80;5.55;5.75;1983784;23705300.000
09/21/2004;5.79;6.05;5.65;5.92;1822439;22433976.000
09/22/2004;5.87;6.17;5.80;6.12;2429154;30767348.000
09/23/2004;6.11;6.14;5.86;6.08;1477362;18607012.000
09/24/2004;6.09;6.32;5.79;5.79;1709524;22069178.000
09/27/2004;5.89;6.08;5.65;5.70;899736;11081610.000
09/28/2004;5.80;5.92;5.72;5.86;686568;8413129.000
09/29/2004;5.89;5.92;5.83;5.86;392252;4836712.000
09/30/2004;5.86;6.03;5.78;5.81;614046;7624505.500
10/08/2004;5.93;6.22;5.80;6.20;1101473;14066260.000
10/11/2004;6.26;6.47;6.14;6.20;1662626;22145332.000
10/12/2004;6.16;6.27;6.05;6.13;820024;10586962.000
10/13/2004;6.07;6.17;6.07;6.10;368892;4746877.500
10/14/2004;6.13;6.14;5.48;5.48;1262495;15016817.000
10/15/2004;5.38;5.46;5.26;5.32;632529;7115778.500
10/18/2004;5.35;5.54;5.34;5.41;359338;4130036.250
10/19/2004;5.41;5.55;5.31;5.31;326931;3749286.750
10/20/2004;5.29;5.31;5.15;5.30;383863;4222377.500
10/21/2004;5.34;5.41;5.22;5.24;250738;2801530.000
10/22/2004;5.24;5.48;5.15;5.47;434992;4902818.000
10/25/2004;5.55;5.58;5.33;5.38;364088;4183250.500
10/26/2004;5.38;5.51;5.27;5.50;320120;3631962.000
10/27/2004;5.44;5.71;5.44;5.70;780237;9217943.000
10/28/2004;5.71;5.73;5.44;5.49;558306;6607535.500
10/29/2004;5.36;5.62;5.27;5.41;744169;8527268.000
11/01/2004;5.32;5.45;5.31;5.35;230681;2607468.250
11/02/2004;5.31;5.38;5.30;5.35;212310;2383271.750
11/03/2004;5.41;5.55;5.35;5.53;240812;2764228.500
11/04/2004;5.52;5.60;5.40;5.41;429788;4965666.000
11/05/2004;5.46;5.51;5.39;5.47;243227;2799099.250
11/08/2004;5.46;5.50;5.32;5.50;113485;1305767.250
11/09/2004;5.52;5.62;5.49;5.61;515715;6059996.500
11/10/2004;5.63;5.93;5.56;5.85;891814;10833749.000
11/11/2004;5.85;5.99;5.73;5.73;761310;9403216.000
11/12/2004;5.75;5.90;5.71;5.78;337065;4114442.750
11/15/2004;5.79;5.88;5.79;5.86;312552;3845323.500
11/16/2004;5.84;5.87;5.70;5.75;291520;3531773.000
11/17/2004;5.76;5.76;5.64;5.65;189440;2263912.500
11/18/2004;5.63;5.74;5.61;5.74;117170;1403920.625
11/19/2004;5.71;5.75;5.62;5.70;212150;2535694.000
11/22/2004;5.71;5.79;5.70;5.75;220164;2662961.750
11/23/2004;5.70;5.75;5.65;5.66;235423;2809523.750
11/24/2004;5.69;5.78;5.63;5.70;167166;2002804.625
11/25/2004;5.65;5.70;5.61;5.61;162834;1931608.875
11/26/2004;5.64;5.68;5.58;5.60;133700;1580422.375
11/29/2004;5.65;5.65;5.44;5.46;218300;2543119.250
11/30/2004;5.53;5.53;5.43;5.48;130203;1495796.375
12/01/2004;5.44;5.50;5.42;5.44;78850;905851.000
12/02/2004;5.43;5.47;5.38;5.41;143200;1632126.750
12/03/2004;5.41;5.60;5.40;5.52;192900;2251827.750
12/06/2004;5.52;5.56;5.44;5.49;70900;819486.000
12/07/2004;5.56;5.56;5.42;5.46;67499;778391.063
12/08/2004;5.48;5.55;5.42;5.47;69477;802261.063
12/09/2004;5.51;5.63;5.42;5.54;168099;1970562.750
12/10/2004;5.54;5.57;5.43;5.43;119175;1371291.500
12/13/2004;5.41;5.46;5.34;5.43;121620;1381763.000
12/14/2004;5.41;5.44;5.35;5.42;75800;860699.000
12/15/2004;5.43;5.49;5.40;5.47;146660;1684658.500
12/16/2004;5.47;5.49;5.37;5.37;63081;722425.938
12/17/2004;5.33;5.35;5.19;5.19;248402;2748466.250
12/20/2004;5.12;5.14;5.04;5.05;168200;1802313.125
12/21/2004;5.11;5.13;5.00;5.01;97800;1041611.000
12/22/2004;5.03;5.18;5.02;5.18;146323;1579376.500
12/23/2004;5.22;5.22;5.03;5.05;132120;1428036.375
12/24/2004;5.02;5.12;5.02;5.10;73114;784338.625
12/27/2004;5.07;5.15;5.07;5.09;78600;844961.125
12/28/2004;5.11;5.12;5.05;5.09;79407;852486.875
12/29/2004;5.08;5.14;4.99;5.00;115654;1224344.250
12/30/2004;5.02;5.07;4.98;5.05;75996;807228.188
12/31/2004;5.03;5.10;5.00;5.09;62400;663871.000
01/04/2005;5.09;5.09;5.00;5.04;35750;380422.000
01/05/2005;4.98;5.16;4.98;5.09;83912;901804.688
01/06/2005;5.10;5.10;5.02;5.09;42200;449828.875
01/07/2005;5.05;5.15;5.05;5.07;76250;822185.875
01/10/2005;5.07;5.11;5.02;5.10;57270;611464.125
01/11/2005;5.08;5.12;5.05;5.10;27500;294916.000
01/12/2005;5.07;5.09;5.00;5.05;40350;428066.500
01/13/2005;5.01;5.01;4.97;4.98;84700;891286.000
01/14/2005;4.98;5.02;4.93;4.97;83850;881508.000
01/17/2005;4.93;4.97;4.79;4.82;87870;896459.188
01/18/2005;4.84;4.86;4.76;4.83;92175;933358.250
01/19/2005;4.81;4.81;4.74;4.74;111200;1120400.000
01/20/2005;4.74;4.74;4.44;4.48;406226;3904283.500
01/21/2005;4.48;4.78;4.40;4.78;334850;3252947.750
01/24/2005;4.88;4.97;4.79;4.87;249923;2564805.250
01/25/2005;4.83;4.83;4.62;4.65;240109;2361950.250
01/26/2005;4.65;4.68;4.59;4.61;91200;890409.000
01/27/2005;4.61;4.61;4.52;4.52;68200;656451.500
01/28/2005;4.49;4.58;4.06;4.42;162640;1469784.000
01/31/2005;4.26;4.31;4.16;4.22;177184;1592770.000
02/01/2005;4.20;4.34;4.20;4.24;123594;1116213.125
02/02/2005;4.24;4.54;4.19;4.51;249547;2310860.750
02/03/2005;4.49;4.54;4.38;4.40;154634;1453250.125
02/04/2005;4.44;4.56;4.41;4.52;166583;1586124.125
02/16/2005;4.44;4.57;4.38;4.53;115900;1106079.000
02/17/2005;4.48;4.48;4.42;4.47;102478;966122.000
02/18/2005;4.49;4.49;4.40;4.40;89650;840856.500
02/21/2005;4.40;4.59;4.40;4.59;196648;1870592.250
02/22/2005;4.58;4.83;4.58;4.79;535413;5322509.000
02/23/2005;4.74;4.91;4.73;4.81;482372;4908744.000
02/24/2005;4.80;4.95;4.75;4.88;414903;4253958.500
02/25/2005;4.88;4.95;4.85;4.86;375070;3874447.750
02/28/2005;4.86;4.91;4.82;4.86;219033;2250209.500
03/01/2005;4.86;4.89;4.74;4.79;166384;1680255.500
03/02/2005;4.79;4.83;4.72;4.76;154136;1553354.000
03/03/2005;4.74;4.80;4.71;4.77;137760;1383657.750
03/04/2005;4.86;4.86;4.73;4.74;78457;787722.000
03/07/2005;4.77;4.79;4.69;4.70;105146;1050179.875
03/08/2005;4.70;4.90;4.70;4.88;301917;3073091.750
03/09/2005;4.88;4.92;4.82;4.87;238180;2451148.000
03/10/2005;4.87;5.07;4.79;4.83;641065;6666263.000
03/11/2005;4.83;4.88;4.76;4.85;168328;1715727.875
03/14/2005;4.90;4.90;4.73;4.84;237120;2407275.000
03/15/2005;4.78;4.87;4.73;4.75;134952;1371605.250
03/16/2005;4.74;4.77;4.59;4.61;263929;2590222.750
03/17/2005;4.61;4.66;4.50;4.50;163701;1588021.500
03/18/2005;4.54;4.72;4.50;4.66;397781;3907357.500
03/21/2005;4.67;4.97;4.67;4.96;744499;7653773.000
03/22/2005;4.69;4.71;4.45;4.45;779218;7404478.000
03/23/2005;4.40;4.54;4.36;4.43;504711;4751640.000
03/24/2005;4.43;4.48;4.35;4.45;668532;6194503.000
03/25/2005;4.43;4.46;4.38;4.42;670015;6250935.500
03/28/2005;4.37;4.37;4.21;4.26;360288;3250208.250
03/29/2005;4.25;4.31;4.24;4.25;190930;1729443.625
03/30/2005;4.20;4.25;4.11;4.15;304787;2679858.250
03/31/2005;4.12;4.20;4.12;4.17;173162;1522665.125
04/01/2005;4.15;4.44;4.12;4.35;222886;2020448.000
04/04/2005;4.29;4.37;4.26;4.27;221802;2013612.375
04/05/2005;4.24;4.30;4.18;4.25;508364;4556398.500
04/06/2005;4.25;4.42;4.14;4.35;943422;8441496.000
04/07/2005;4.34;4.73;4.32;4.52;1273500;12185986.000
04/08/2005;4.55;4.63;4.45;4.60;577031;5544632.000
04/11/2005;4.58;4.64;4.52;4.53;523923;5062325.000
04/12/2005;4.53;4.54;4.43;4.44;323489;3058951.000
04/13/2005;4.48;4.62;4.48;4.55;457550;4415409.500
04/14/2005;4.58;4.71;4.55;4.59;699667;6853015.500
04/15/2005;4.60;4.71;4.51;4.52;680373;6633093.500
04/18/2005;4.49;4.54;4.40;4.47;347000;3294126.000
04/19/2005;4.48;4.59;4.48;4.59;305587;2932506.500
04/20/2005;4.61;4.61;4.42;4.44;326400;3096287.000
04/21/2005;4.44;4.57;4.44;4.54;318419;3034737.000
04/25/2005;4.40;4.40;4.15;4.20;514755;4669902.500
04/26/2005;4.18;4.18;3.84;3.96;778967;6584836.500
04/27/2005;3.97;3.98;3.79;3.79;470442;3844356.500
04/28/2005;3.77;3.95;3.77;3.94;486893;3995551.000
04/29/2005;3.94;3.94;3.80;3.80;250500;2049796.875
05/09/2005;3.84;3.84;3.54;3.55;284072;2193251.500
05/10/2005;3.52;3.67;3.47;3.62;200262;1518379.250
05/11/2005;3.62;3.69;3.57;3.63;216042;1672338.250
05/12/2005;3.63;3.82;3.63;3.73;303393;2407081.000
05/13/2005;3.73;3.84;3.68;3.84;230681;1851149.375
05/16/2005;3.89;3.89;3.75;3.81;164664;1295941.750
05/17/2005;3.77;3.96;3.77;3.87;174429;1395552.625
05/18/2005;3.88;3.90;3.78;3.86;160309;1271503.750
05/19/2005;3.85;3.89;3.80;3.88;124270;989652.813
05/20/2005;3.87;3.88;3.81;3.81;137520;1091769.875
05/23/2005;3.80;3.80;3.62;3.63;230600;1748647.500
05/24/2005;3.62;3.79;3.62;3.73;154993;1190851.000
05/25/2005;3.67;3.82;3.67;3.76;168983;1314058.750
05/26/2005;3.76;3.77;3.68;3.70;165200;1271602.750
05/27/2005;3.68;3.74;3.62;3.65;173660;1329208.250
05/30/2005;3.72;3.72;3.61;3.71;152714;1165256.875
05/31/2005;3.82;3.94;3.77;3.79;545337;4343054.000
06/01/2005;3.72;3.82;3.70;3.72;173693;1341568.250
06/02/2005;3.72;3.72;3.66;3.67;190761;1454285.000
06/03/2005;3.67;3.71;3.64;3.70;81176;616875.000
06/06/2005;3.72;3.80;3.64;3.77;140929;1085035.125
06/07/2005;3.80;3.83;3.74;3.79;296583;2328231.000
06/08/2005;3.78;4.12;3.71;4.08;791819;6492699.000
06/09/2005;4.03;4.26;3.99;4.11;1019260;8701831.000
06/10/2005;4.12;4.13;3.96;3.98;543953;4527275.500
06/13/2005;4.00;4.04;3.92;4.00;259390;2137357.000
06/14/2005;4.03;4.07;3.91;3.92;281440;2322409.000
06/15/2005;3.91;3.97;3.86;3.90;204628;1654957.750
06/16/2005;3.90;4.06;3.87;4.05;397549;3285729.750
06/17/2005;4.07;4.08;3.93;3.93;312100;2575827.750
06/20/2005;4.06;4.26;3.97;4.24;992374;8508589.000
06/21/2005;4.22;4.33;4.13;4.23;1025805;9008363.000
06/22/2005;4.17;4.48;4.15;4.41;1524021;13767594.000
06/23/2005;4.43;4.53;4.19;4.26;1755494;16044925.000
06/24/2005;4.25;4.38;4.25;4.34;770297;6906074.000
06/27/2005;4.43;4.71;4.42;4.59;1610990;15295402.000
06/28/2005;4.50;4.54;4.41;4.42;730554;6732879.000
06/29/2005;4.50;4.50;4.31;4.33;567856;5170112.000
06/30/2005;4.32;4.32;4.16;4.17;521632;4584674.500
07/01/2005;4.16;4.22;3.99;4.01;521680;4450229.500
07/04/2005;4.00;4.10;3.98;4.10;351789;2938205.750
07/05/2005;4.10;4.16;4.01;4.04;221467;1871873.750
07/06/2005;4.05;4.13;3.97;3.99;259694;2176286.000
07/07/2005;3.97;4.10;3.96;4.02;221239;1844847.250
07/08/2005;4.00;4.02;3.87;3.91;243451;1971486.750
07/11/2005;3.96;4.09;3.91;3.92;214724;1782172.875
07/12/2005;3.92;4.18;3.92;4.14;400305;3375379.000
07/13/2005;4.00;4.08;3.91;3.96;988330;8165226.000
07/14/2005;3.96;4.01;3.89;3.95;430667;3522994.000
07/15/2005;3.96;3.96;3.71;3.72;545014;4246945.500
07/18/2005;3.70;3.74;3.68;3.74;234584;1804406.250
07/19/2005;3.71;3.79;3.70;3.78;188878;1468478.250
07/20/2005;3.77;3.82;3.73;3.79;201131;1577503.000
07/21/2005;3.76;3.80;3.66;3.70;205900;1578162.000
07/22/2005;3.74;3.78;3.60;3.75;531564;4068001.500
07/25/2005;3.71;3.75;3.60;3.60;317300;2392819.750
07/26/2005;3.60;3.72;3.60;3.69;348168;2658600.500
07/27/2005;3.68;3.84;3.68;3.84;492777;3831346.250
07/28/2005;3.83;3.86;3.77;3.82;480442;3805129.250
07/29/2005;3.82;3.84;3.78;3.80;233638;1843446.875
08/01/2005;3.83;3.91;3.80;3.89;427932;3416402.500
08/02/2005;3.90;3.93;3.85;3.89;318390;2560439.750
08/03/2005;3.89;3.97;3.89;3.91;593363;4818337.000
08/04/2005;3.83;3.96;3.78;3.85;630656;5048399.000
08/05/2005;3.83;4.13;3.83;4.09;1310110;10964701.000
08/08/2005;4.19;4.34;4.13;4.23;1686043;14788846.000
08/09/2005;4.20;4.30;4.14;4.30;880160;7714908.000
08/10/2005;4.30;4.36;4.19;4.35;701728;6196607.500
08/11/2005;4.36;4.49;4.27;4.44;1438134;13106395.000
08/12/2005;4.41;4.57;4.30;4.35;1241298;11372036.000
08/15/2005;4.33;4.63;4.31;4.59;1351579;12594934.000
08/16/2005;4.59;4.62;4.45;4.49;859552;8056777.500
08/17/2005;4.49;4.77;4.40;4.71;1226782;11750332.000
08/18/2005;4.59;4.75;4.35;4.35;1016330;9686194.000
08/19/2005;4.30;4.46;4.26;4.36;732202;6603010.500
08/22/2005;4.36;4.47;4.26;4.46;386245;3515449.250
08/23/2005;4.58;4.63;4.50;4.57;1269094;11993525.000
08/24/2005;4.57;5.02;4.57;4.87;2374863;23663062.000
08/25/2005;4.84;4.92;4.75;4.88;1234654;12359045.000
08/26/2005;4.88;4.99;4.78;4.92;1087971;11011535.000
08/29/2005;4.93;4.98;4.76;4.76;943422;9431054.000
08/30/2005;4.78;4.78;4.68;4.69;730777;7146570.500
08/31/2005;4.72;5.06;4.72;5.01;1485912;15221293.000
09/01/2005;5.06;5.18;5.01;5.04;1613176;16976670.000
09/02/2005;5.02;5.30;5.02;5.19;1497475;16170165.000
09/05/2005;5.09;5.16;5.02;5.14;1846355;19419986.000
09/06/2005;5.15;5.17;4.88;4.95;1024843;10651788.000
09/07/2005;4.95;5.12;4.93;5.10;689788;7190403.500
09/08/2005;5.12;5.16;4.93;5.00;879713;9113505.000
09/09/2005;5.00;5.14;4.94;5.03;1230886;12824588.000
09/22/2005;5.19;5.40;5.07;5.14;1790998;19302416.000
09/23/2005;5.13;5.17;4.94;4.98;533890;5610354.500
09/26/2005;5.05;5.07;4.87;5.06;474635;4906493.000
09/27/2005;5.06;5.23;4.98;5.12;1165238;12395954.000
09/28/2005;5.14;5.39;5.12;5.27;1898394;20671740.000
09/29/2005;5.27;5.31;5.13;5.25;1462729;15816440.000
11/10/2005;5.57;6.20;5.57;6.00;8060945;70920776.000
11/11/2005;5.87;5.99;5.65;5.66;3519100;30718638.000
11/14/2005;5.59;5.70;5.25;5.40;2014794;16393323.000
11/15/2005;5.34;5.45;5.13;5.17;1336476;10580036.000
11/16/2005;5.17;5.35;5.17;5.31;668228;5288097.000
11/17/2005;5.27;5.33;5.21;5.28;444136;3519471.000
11/18/2005;5.25;5.57;5.24;5.48;1274303;10450025.000
11/21/2005;5.50;5.63;5.43;5.50;819344;6834039.000
11/22/2005;5.49;5.57;5.48;5.50;955093;7928652.500
11/23/2005;5.50;5.67;5.47;5.60;933069;7854910.000
11/24/2005;5.59;5.64;5.55;5.60;656204;5512742.500
11/25/2005;5.61;5.65;5.53;5.63;551347;4627092.500
11/28/2005;5.80;5.89;5.68;5.71;1441510;12547114.000
11/29/2005;5.79;5.87;5.73;5.83;1075547;9412199.000
11/30/2005;5.81;6.04;5.81;5.99;1405940;12525004.000
12/01/2005;6.11;6.11;5.81;5.87;1105473;9780077.000
12/02/2005;5.85;5.97;5.78;5.89;698651;6183183.000
12/05/2005;5.87;5.96;5.80;5.81;703696;6192281.000
12/06/2005;5.73;5.87;5.67;5.70;779004;6733506.500
12/07/2005;5.67;5.74;5.66;5.73;489191;4169078.750
12/08/2005;5.71;5.76;5.67;5.67;393800;3356324.750
12/09/2005;5.64;5.80;5.64;5.80;339965;2927736.250
12/12/2005;5.80;5.88;5.73;5.85;280505;2449747.750
12/13/2005;5.84;5.87;5.71;5.81;183974;1597706.500
12/14/2005;5.77;5.93;5.77;5.91;442928;3910639.750
12/15/2005;5.96;5.97;5.84;5.84;263591;2334324.750
12/16/2005;5.81;5.93;5.81;5.93;413863;3660256.250
12/19/2005;5.93;5.96;5.84;5.89;206496;1824428.625
12/20/2005;5.82;5.93;5.81;5.85;259655;2272950.750
12/21/2005;5.90;5.90;5.71;5.72;325157;2814157.750
12/22/2005;5.71;5.76;5.67;5.72;376351;3226839.500
12/23/2005;5.70;5.78;5.69;5.74;388563;3343097.750
12/26/2005;5.75;5.88;5.75;5.87;452036;3965277.500
12/27/2005;5.91;6.01;5.85;5.98;753280;6697142.500
12/28/2005;5.98;6.03;5.92;5.99;442334;3963182.000
12/29/2005;6.04;6.05;5.93;6.05;886634;7982408.500
12/30/2005;6.25;6.25;6.09;6.09;979555;9042224.000
01/04/2006;6.12;6.15;6.03;6.07;492808;4498762.500
01/05/2006;6.11;6.17;6.07;6.15;583956;5363658.000
01/06/2006;6.13;6.16;6.07;6.15;905925;8296486.500
01/09/2006;6.15;6.25;6.09;6.21;1224702;11344630.000
01/10/2006;6.20;6.21;6.09;6.16;962575;8898212.000
01/11/2006;6.16;6.16;5.92;5.93;1323385;11933891.000
01/12/2006;5.92;6.19;5.91;6.19;1306956;11853155.000
01/13/2006;6.19;6.20;6.03;6.09;1496634;13732742.000
01/16/2006;6.08;6.13;6.03;6.03;789108;7213675.500
01/17/2006;5.96;6.13;5.95;6.00;649839;5881471.000
01/18/2006;6.00;6.09;6.00;6.07;676220;6143959.000
01/19/2006;6.08;6.09;5.97;6.00;758612;6840079.500
01/20/2006;6.01;6.04;5.85;5.87;1445783;12774883.000
01/23/2006;5.85;5.85;5.71;5.83;842701;7288796.500
01/24/2006;5.83;5.89;5.75;5.83;560796;4910777.000
01/25/2006;5.83;5.87;5.67;5.71;459656;3961359.250
02/06/2006;5.72;5.80;5.68;5.78;495645;4271003.500
02/07/2006;5.80;5.83;5.71;5.75;474024;4078755.500
02/08/2006;5.76;5.92;5.73;5.91;796313;6996711.500
02/09/2006;5.93;5.97;5.87;5.95;951824;8456694.000
02/10/2006;5.93;6.25;5.87;6.25;3285056;30146944.000
02/13/2006;6.23;6.23;6.00;6.15;1191656;10978944.000
02/14/2006;6.07;6.07;5.80;5.92;1415839;12522601.000
02/15/2006;5.86;5.91;5.83;5.87;833041;7334659.500
02/16/2006;5.87;5.87;5.55;5.57;1241252;10534907.000
02/17/2006;5.51;5.58;5.46;5.47;637215;5264227.500
02/20/2006;5.47;5.47;5.26;5.27;835415;6699075.000
02/21/2006;5.27;5.41;5.25;5.33;881337;7025644.000
02/22/2006;5.34;5.40;5.30;5.32;412830;3311301.250
02/23/2006;5.32;5.32;5.13;5.25;881820;6878753.000
02/24/2006;5.19;5.38;5.19;5.37;551666;4404995.000
02/27/2006;5.41;5.41;5.28;5.31;487789;3890072.500
02/28/2006;5.35;5.35;5.23;5.31;243467;1929717.750
03/01/2006;5.29;5.37;5.29;5.36;386658;3095996.750
03/02/2006;5.37;5.37;5.15;5.19;677140;5385244.000
03/03/2006;5.19;5.25;5.17;5.21;382049;2984705.750
03/06/2006;5.19;5.23;5.13;5.17;195888;1524088.625
03/07/2006;5.14;5.19;4.95;4.96;397224;3010799.750
03/08/2006;4.96;5.12;4.93;5.05;409007;3086959.250
03/09/2006;5.03;5.11;5.03;5.08;134795;1024676.625
03/10/2006;5.01;5.13;5.01;5.11;158301;1209904.750
03/13/2006;5.10;5.17;5.10;5.13;163601;1259400.375
03/14/2006;5.14;5.14;5.01;5.12;171252;1305826.500
03/15/2006;5.11;5.17;5.02;5.16;243184;1871359.750
03/16/2006;5.15;5.16;5.11;5.11;220360;1693672.500
03/17/2006;5.11;5.17;5.07;5.08;283238;2170406.250
03/20/2006;5.08;5.23;5.08;5.21;423053;3276794.000
03/21/2006;5.23;5.29;5.18;5.20;464860;3646501.000
03/22/2006;5.20;5.30;5.19;5.27;319390;2512418.000
03/23/2006;5.26;5.36;5.24;5.33;465028;3712700.250
03/24/2006;5.33;5.35;5.25;5.25;324800;2572952.000
03/27/2006;5.33;5.38;5.21;5.37;505851;4025357.000
03/28/2006;5.35;5.43;5.34;5.38;531067;4284370.500
03/29/2006;5.38;5.41;5.26;5.31;667743;5336735.000
03/30/2006;5.33;5.51;5.33;5.37;898434;7280984.000
03/31/2006;5.37;5.46;5.29;5.39;466406;3741425.750
04/03/2006;5.34;5.47;5.32;5.45;544019;4426848.000
04/04/2006;5.45;5.49;5.33;5.43;655715;5319474.500
04/05/2006;5.43;5.56;5.41;5.51;1055865;8695380.000
04/06/2006;5.49;5.49;5.41;5.44;678820;5546063.000
04/07/2006;5.43;5.45;5.37;5.41;679970;5516413.000
04/10/2006;5.45;5.52;5.39;5.51;690285;5658521.000
04/11/2006;5.51;5.87;5.48;5.79;2219322;18911282.000
04/12/2006;5.79;5.83;5.68;5.73;761197;6571347.500
04/13/2006;5.73;5.83;5.51;5.53;1305400;11061283.000
04/14/2006;5.56;5.71;5.45;5.69;938535;7911135.000
04/17/2006;5.67;5.99;5.67;5.87;2106471;18587872.000
04/18/2006;5.89;5.93;5.77;5.85;1093049;9568065.000
04/19/2006;5.85;5.87;5.73;5.84;777930;6759982.500
04/20/2006;5.85;5.87;5.65;5.67;701477;6019881.000
04/21/2006;5.60;5.66;5.33;5.44;2001001;16376569.000
04/24/2006;5.43;5.44;5.07;5.09;1546763;12072663.000
04/25/2006;5.03;5.17;4.99;5.11;564968;4310637.500
04/26/2006;5.13;5.24;5.07;5.18;838932;6474918.500
04/27/2006;5.18;5.21;5.09;5.13;514032;3956811.750
04/28/2006;5.09;5.32;4.99;5.28;829129;6481908.000
05/09/2006;5.42;5.53;5.35;5.43;1706224;13922592.000
05/10/2006;5.45;5.53;5.41;5.46;1067138;8741981.000
05/11/2006;5.46;5.63;5.39;5.40;1381779;11400902.000
05/12/2006;5.47;5.79;5.47;5.73;1760827;14820304.000
05/15/2006;5.75;5.97;5.69;5.97;2105428;18471552.000
05/16/2006;5.96;6.03;5.73;5.87;1741546;15359891.000
05/17/2006;5.87;6.01;5.79;5.95;2037195;18110746.000
05/18/2006;5.86;5.93;5.71;5.78;1680599;9732185.000
05/19/2006;5.79;6.28;5.79;6.28;4464567;27204212.000
05/22/2006;6.40;6.81;6.40;6.70;6142540;41002180.000
05/23/2006;6.75;6.80;6.30;6.30;4543665;29656976.000
05/24/2006;6.18;6.50;5.91;6.11;2824291;17364706.000
05/25/2006;6.11;6.28;6.00;6.16;1485333;9152169.000
05/26/2006;6.20;6.40;6.20;6.39;1983678;12542930.000
05/29/2006;6.45;6.58;6.39;6.51;1953602;12686900.000
05/30/2006;6.55;6.56;6.34;6.49;1987302;12779827.000
05/31/2006;6.46;6.50;6.32;6.40;1709406;10938280.000
06/01/2006;6.40;6.77;6.36;6.66;3014020;19912614.000
06/02/2006;6.71;6.99;6.52;6.99;5844296;39518752.000
06/05/2006;7.03;7.48;7.03;7.38;6278922;45943140.000
06/06/2006;7.38;7.38;7.05;7.10;3114100;22322460.000
06/07/2006;7.09;7.11;6.39;6.39;3398717;22668924.000
06/08/2006;6.33;6.53;6.10;6.51;2322429;14615131.000
06/09/2006;6.52;6.54;6.30;6.32;1591604;10262692.000
06/12/2006;6.25;6.40;6.15;6.30;872394;5503002.000
06/13/2006;6.35;6.39;6.21;6.26;792744;4997400.000
06/14/2006;6.26;6.37;6.14;6.35;855812;5323999.000
06/15/2006;6.35;6.63;6.34;6.62;2151456;14030117.000
06/16/2006;6.68;6.93;6.63;6.88;3892898;26407098.000
06/19/2006;7.01;7.18;6.85;6.89;5269513;37022068.000
06/20/2006;6.80;6.93;6.62;6.86;1878869;12787990.000
06/21/2006;6.88;6.90;6.63;6.66;1692512;11338607.000
06/22/2006;6.66;6.68;6.49;6.54;1361828;8926620.000
06/23/2006;6.54;6.64;6.43;6.57;1082708;7074718.000
06/26/2006;6.58;6.86;6.58;6.81;1471576;9931572.000
06/27/2006;6.81;6.81;6.63;6.68;1107040;7404262.000
06/28/2006;6.70;6.78;6.64;6.74;1034867;6945988.000
06/29/2006;6.74;6.88;6.73;6.83;1966376;13399235.000
06/30/2006;6.81;6.87;6.67;6.71;1536825;10342522.000
07/03/2006;6.75;6.86;6.71;6.84;1668239;11319198.000
07/04/2006;6.83;7.15;6.73;7.11;5314588;37214376.000
07/05/2006;7.04;7.15;6.89;7.08;3341480;23549342.000
07/06/2006;7.08;7.33;7.02;7.19;4040334;29091984.000
07/07/2006;7.19;7.28;7.04;7.06;2073549;14824360.000
07/10/2006;7.03;7.30;6.89;7.24;2675247;18997892.000
07/11/2006;7.18;7.29;7.09;7.23;1641455;11803914.000
07/12/2006;7.26;7.28;7.05;7.07;1812833;12928841.000
07/13/2006;7.07;7.07;6.41;6.43;2720933;18223138.000
07/14/2006;6.35;6.54;6.31;6.47;1315563;8485027.000
07/17/2006;6.45;6.63;6.35;6.60;1221754;7932575.500
07/18/2006;6.60;6.71;6.50;6.71;1290900;8511588.000
07/19/2006;6.73;6.94;6.66;6.78;3217449;21896456.000
07/20/2006;6.77;6.78;6.60;6.69;829489;5546230.000
07/21/2006;6.62;6.75;6.60;6.69;580558;3884066.250
07/24/2006;6.57;6.60;6.38;6.53;883639;5738896.500
07/25/2006;6.65;6.65;6.55;6.60;627248;4135290.000
07/26/2006;6.48;6.58;6.40;6.51;1148652;7442988.500
07/27/2006;6.54;6.54;6.36;6.40;1050339;6744677.000
07/28/2006;6.36;6.48;6.35;6.40;640404;4096646.500
07/31/2006;6.35;6.38;5.96;5.97;985831;6009239.000
08/01/2006;5.97;6.08;5.82;5.84;784214;4640994.000
08/02/2006;5.85;5.95;5.73;5.82;537597;3135298.500
08/03/2006;5.81;5.92;5.76;5.80;442360;2576189.250
08/04/2006;5.83;5.89;5.55;5.55;480423;2755567.000
08/07/2006;5.50;5.50;5.32;5.34;530223;2873162.000
08/08/2006;5.34;5.52;5.34;5.51;484654;2635059.250
08/09/2006;5.49;5.53;5.43;5.46;320257;1752103.750
08/10/2006;5.46;5.59;5.43;5.57;407529;2249431.750
08/11/2006;5.57;5.60;5.50;5.59;488559;2713085.250
08/14/2006;5.58;5.82;5.58;5.70;1668353;9560920.000
08/15/2006;5.66;6.03;5.62;5.92;2477134;14652089.000
08/16/2006;5.98;6.02;5.81;5.95;1116767;6625090.000
08/17/2006;5.94;6.09;5.80;6.04;1842416;11046700.000
08/18/2006;6.00;6.02;5.88;5.88;569670;3385639.000
08/21/2006;5.70;5.95;5.61;5.91;296667;1715312.750
08/22/2006;5.90;6.01;5.84;5.91;403769;2387280.250
08/23/2006;5.80;5.92;5.80;5.82;498886;2918719.500
08/24/2006;5.92;6.01;5.84;5.98;771383;4598427.000
08/25/2006;5.93;6.04;5.89;5.91;320541;1905109.625
08/28/2006;5.98;6.01;5.90;6.01;800369;4779615.000
08/29/2006;6.01;6.08;5.98;6.01;1062531;6402789.500
08/30/2006;6.02;6.07;5.96;6.03;497572;2993256.000
08/31/2006;5.98;6.20;5.92;6.12;1238639;7501701.500
09/01/2006;6.08;6.21;6.04;6.10;1508858;9255228.000
09/04/2006;6.10;6.36;6.02;6.35;2173819;13583794.000
09/05/2006;6.31;6.34;6.19;6.22;570774;3554936.000
09/06/2006;6.17;6.20;6.12;6.18;468474;2884218.000
09/07/2006;6.20;6.20;6.02;6.02;449470;2734204.750
09/08/2006;6.03;6.10;6.03;6.06;407493;2468269.500
09/11/2006;6.05;6.06;5.90;5.95;314983;1875052.625
09/12/2006;6.00;6.05;5.96;6.00;270647;1626362.375
09/13/2006;6.04;6.04;5.86;5.86;472645;2811653.250
09/14/2006;5.85;5.90;5.79;5.87;366176;2138260.250
09/15/2006;5.93;5.98;5.86;5.93;496577;2941442.750
09/18/2006;5.98;6.02;5.91;6.00;478017;2855518.250
09/19/2006;6.02;6.04;5.95;6.03;607081;3638700.500
09/20/2006;6.02;6.08;5.96;6.04;577701;3481915.500
09/21/2006;6.04;6.16;6.04;6.16;1222903;7472419.000
09/22/2006;6.15;6.18;6.02;6.07;655503;3987886.500
09/25/2006;6.01;6.22;6.01;6.17;1578160;9724399.000
09/26/2006;6.17;6.25;6.13;6.25;858719;5318739.000
09/27/2006;6.24;6.39;6.24;6.31;986688;6231866.500
09/28/2006;6.30;6.32;6.24;6.26;613649;3850938.750
09/29/2006;6.23;6.35;6.23;6.30;623378;3921667.500
10/09/2006;6.35;6.45;6.27;6.40;935361;5957036.000
10/10/2006;6.41;6.63;6.36;6.52;1356784;8813494.000
10/11/2006;6.54;6.58;6.42;6.50;772640;5000538.500
10/12/2006;6.48;6.90;6.41;6.68;2536567;17025378.000
10/13/2006;6.54;7.00;6.50;6.83;7012283;47932700.000
10/16/2006;6.68;6.75;6.45;6.46;1981608;13084837.000
10/17/2006;6.40;6.40;6.25;6.27;1495112;9428051.000
10/18/2006;6.21;6.34;6.21;6.34;693744;4372377.000
10/19/2006;6.30;6.43;6.30;6.39;814653;5205587.000
10/20/2006;6.39;6.50;6.25;6.25;757700;4832435.500
10/23/2006;6.22;6.24;5.90;5.93;1134169;6870538.500
10/24/2006;5.96;6.12;5.93;6.09;751552;4547165.500
10/25/2006;6.07;6.12;5.95;6.00;704595;4241776.000
10/26/2006;6.00;6.10;5.93;6.01;409105;2457541.250
10/27/2006;6.01;6.01;5.76;5.81;772370;4518362.000
10/30/2006;5.87;5.98;5.80;5.97;476169;2790990.000
10/31/2006;5.92;6.03;5.88;6.01;481855;2877793.500
11/01/2006;6.01;6.09;5.98;6.08;536510;3244504.250
11/02/2006;6.08;6.08;5.92;5.98;521526;3126958.250
11/03/2006;5.98;6.08;5.95;6.01;529506;3197352.750
11/06/2006;5.95;5.95;5.83;5.90;644344;3785202.250
11/07/2006;5.89;5.89;5.77;5.83;556240;3231266.250
11/08/2006;5.81;6.00;5.75;5.93;1180883;6999491.500
11/09/2006;5.90;6.03;5.86;5.97;715789;4274597.500
11/10/2006;5.97;5.97;5.76;5.76;738480;4305756.000
11/13/2006;5.70;5.77;5.41;5.45;637855;3549644.500
11/14/2006;5.44;5.55;5.41;5.51;290576;1589003.375
11/15/2006;5.51;5.65;5.47;5.61;309767;1726626.875
11/16/2006;5.61;5.66;5.51;5.51;399817;2215442.000
11/17/2006;5.47;5.56;5.44;5.54;425906;2341319.500
11/20/2006;5.58;5.58;5.49;5.51;366291;2015217.500
11/21/2006;5.55;5.62;5.43;5.60;440515;2441930.500
11/22/2006;5.64;5.67;5.49;5.60;725403;4041333.750
11/23/2006;5.56;5.60;5.54;5.58;555736;3093343.500
11/24/2006;5.58;5.63;5.51;5.60;760468;4229465.000
11/27/2006;5.60;5.70;5.58;5.69;700115;3957280.750
11/28/2006;5.71;5.72;5.65;5.67;506857;2871691.750
11/29/2006;5.66;5.66;5.56;5.64;610357;3432385.500
11/30/2006;5.65;5.74;5.63;5.72;839529;4786053.000
12/01/2006;5.72;5.72;5.62;5.67;896469;5063593.000
12/04/2006;5.66;5.75;5.63;5.72;923947;5261865.000
12/05/2006;5.72;5.80;5.67;5.79;1394517;7972190.000
12/06/2006;5.79;5.85;5.56;5.67;1207389;6889772.500
12/07/2006;5.67;5.79;5.64;5.68;1195037;6820197.000
12/08/2006;5.61;5.79;5.51;5.72;2295764;13035855.000
12/11/2006;5.72;6.29;5.66;6.29;5408829;32814890.000
12/12/2006;6.28;6.63;6.06;6.35;9118428;58199472.000
12/13/2006;6.25;6.25;5.93;6.08;2743221;16665231.000
12/14/2006;6.04;6.12;5.90;6.12;1483045;8900151.000
12/15/2006;6.04;6.10;5.95;6.07;1343059;8070527.000
12/18/2006;6.05;6.13;6.01;6.03;1412935;8559960.000
12/19/2006;6.00;6.06;5.83;5.96;1782927;10522352.000
12/20/2006;5.93;6.16;5.88;6.12;1764879;10729939.000
12/21/2006;6.19;6.19;6.01;6.01;1390855;8492835.000
12/22/2006;6.05;6.40;6.05;6.19;2816790;17572170.000
12/25/2006;6.20;6.30;6.13;6.20;1332171;8268747.500
12/26/2006;6.23;6.24;6.01;6.08;904133;5521450.000
12/27/2006;6.08;6.11;5.93;6.00;879619;5273296.500
12/28/2006;6.00;6.02;5.84;5.86;1051946;6199617.500
12/29/2006;5.86;5.95;5.82;5.85;1040609;6105963.000
01/04/2007;5.84;5.84;5.71;5.74;1451516;8359207.500
01/05/2007;5.70;5.86;5.66;5.86;983646;5671277.000
01/08/2007;5.86;6.10;5.81;6.06;1502311;9005797.000
01/09/2007;6.12;6.29;6.11;6.26;2184099;13569165.000
01/10/2007;6.23;6.38;6.10;6.35;2147207;13385768.000
01/11/2007;6.36;6.53;6.26;6.30;2746462;17612168.000
01/12/2007;6.28;6.37;6.01;6.02;1468389;9096378.000
01/15/2007;6.02;6.25;6.02;6.24;1140090;7050002.000
01/16/2007;6.27;6.42;6.15;6.37;2263374;14196057.000
01/17/2007;6.38;6.49;6.20;6.25;2517783;16035974.000
01/18/2007;6.22;6.79;6.22;6.70;3976802;25897312.000
01/19/2007;6.75;6.81;6.56;6.75;4246386;28431990.000
01/22/2007;6.80;7.12;6.80;7.05;4139193;28723640.000
01/23/2007;7.05;7.08;6.70;6.93;3621070;24875500.000
01/24/2007;6.86;7.03;6.81;6.90;2441359;16933572.000
01/25/2007;6.90;6.90;6.60;6.61;2260646;15161352.000
01/26/2007;6.50;6.50;6.11;6.38;2051787;12882343.000
01/29/2007;6.38;6.64;6.31;6.59;3126987;20356056.000
01/30/2007;6.60;6.72;6.50;6.65;2282113;15135477.000
01/31/2007;6.66;6.86;6.38;6.52;3101859;20781940.000
02/01/2007;6.48;6.50;6.15;6.36;1923064;12199482.000
02/02/2007;6.32;6.63;6.32;6.36;1921921;12463391.000
02/05/2007;6.59;6.59;6.37;6.53;1103018;7162791.000
02/06/2007;6.58;6.76;6.52;6.73;1777568;11866779.000
02/07/2007;6.78;6.86;6.61;6.72;1557472;10462803.000
02/08/2007;6.68;6.85;6.68;6.80;2271435;15420157.000
02/09/2007;6.80;6.90;6.70;6.90;1966241;13405672.000
02/12/2007;6.96;7.00;6.86;6.98;2288550;15897895.000
02/13/2007;6.99;7.04;6.90;6.96;1526196;10617350.000
02/14/2007;6.95;7.25;6.85;7.17;3734040;26256800.000
02/15/2007;7.20;7.29;7.12;7.29;3116725;22441886.000
02/16/2007;7.33;7.48;7.21;7.22;3751834;27453160.000
02/26/2007;7.28;7.64;7.23;7.60;3727207;27911396.000
02/27/2007;7.67;7.82;6.88;6.99;4350184;32340102.000
02/28/2007;6.98;7.43;6.98;7.40;2676305;19292880.000
03/01/2007;7.40;7.61;7.19;7.50;2888787;21386378.000
03/02/2007;7.53;7.71;7.50;7.61;2454672;18683302.000
03/05/2007;7.54;7.78;7.15;7.55;2569741;19334040.000
03/06/2007;7.50;7.57;7.31;7.50;1639522;12278482.000
03/07/2007;7.55;7.78;7.52;7.75;2910645;22396866.000
03/08/2007;7.79;8.15;7.72;7.98;3627526;29031160.000
03/09/2007;8.00;8.37;7.88;8.26;3862274;31447032.000
03/12/2007;8.32;8.88;8.26;8.68;4150323;35358012.000
03/13/2007;8.70;8.80;8.40;8.48;3483957;29845510.000
03/14/2007;8.44;8.65;8.03;8.46;2759695;23086234.000
03/15/2007;8.48;8.68;8.46;8.51;1858710;15888075.000
03/16/2007;8.51;8.51;8.05;8.16;2890510;23900752.000
03/19/2007;7.95;8.25;7.85;8.23;2023175;16398504.000
03/20/2007;8.23;8.67;8.18;8.56;2222236;18757328.000
03/21/2007;8.58;8.83;8.32;8.74;2831276;24430458.000
03/22/2007;8.74;9.20;8.70;8.81;3299144;29695026.000
03/23/2007;8.83;9.69;8.83;9.69;7785200;74504824.000
03/26/2007;9.85;10.65;9.55;10.38;6286930;63354484.000
03/27/2007;10.36;10.54;10.07;10.20;3724326;38139680.000
03/28/2007;10.24;11.22;10.04;11.22;6144561;65655992.000
03/29/2007;11.41;12.10;10.72;11.01;6122570;69922264.000
03/30/2007;10.80;11.01;10.50;10.70;2851646;30492502.000
04/02/2007;10.80;11.00;10.37;10.85;2712991;28961838.000
04/03/2007;10.75;10.86;10.38;10.59;3072870;32608200.000
04/04/2007;10.63;11.17;10.51;10.90;2952931;32301480.000
04/05/2007;10.90;10.95;10.50;10.77;2769629;29664982.000
04/06/2007;10.72;11.00;10.58;10.84;2903044;31300166.000
04/09/2007;10.86;11.35;10.86;11.12;3761309;41817768.000
04/10/2007;11.10;11.99;11.00;11.85;4628874;53348080.000
04/11/2007;11.86;11.95;11.41;11.59;3108626;36052768.000
04/12/2007;11.50;11.64;11.33;11.45;3218729;36771564.000
04/13/2007;11.42;11.68;11.00;11.11;3503072;39824736.000
04/16/2007;11.11;11.44;11.10;11.39;2907828;32609112.000
04/17/2007;11.37;11.80;11.24;11.68;3704296;42472376.000
04/18/2007;11.68;12.20;11.50;12.16;4542371;54241964.000
04/19/2007;12.18;12.18;10.94;11.04;4309488;49554240.000
04/20/2007;11.31;11.55;11.19;11.48;2635668;30139210.000
04/23/2007;11.50;12.00;11.50;11.85;3547058;41933732.000
04/24/2007;11.96;12.34;11.60;12.18;4542172;54778608.000
04/25/2007;11.81;11.85;11.25;11.65;4535268;52569948.000
04/26/2007;11.59;11.73;11.33;11.48;2866096;32995650.000
04/30/2007;11.34;11.34;10.76;11.05;4272530;46670076.000
05/08/2007;11.16;11.52;10.91;11.41;4275185;47832484.000
05/09/2007;11.35;11.35;10.71;11.15;2989022;33135662.000
05/10/2007;11.15;11.55;11.03;11.46;3762626;42709492.000
05/11/2007;11.35;11.85;11.10;11.84;3845906;44021904.000
05/14/2007;11.66;12.39;11.56;12.16;5378921;65309752.000
05/15/2007;12.21;12.30;11.20;11.40;3551089;41829060.000
05/16/2007;11.30;11.77;11.20;11.73;2202366;25292138.000
05/17/2007;11.78;11.92;11.70;11.83;2356930;27831942.000
05/18/2007;11.90;11.96;11.65;11.81;2472399;29178682.000
05/21/2007;11.37;12.30;11.30;12.18;4274715;51567212.000
05/22/2007;12.19;13.00;12.06;12.92;4928873;62387028.000
05/23/2007;12.91;13.49;12.80;13.06;4573017;60226328.000
05/24/2007;13.07;13.16;12.38;12.67;3890800;49110152.000
05/25/2007;12.68;12.92;12.48;12.62;2822028;35726708.000
05/28/2007;12.87;13.10;12.63;12.93;3746571;48285900.000
05/29/2007;12.97;13.15;12.75;13.15;3781409;48938360.000
05/30/2007;11.84;12.75;11.84;11.84;3627004;44170908.000
05/31/2007;11.41;11.80;10.66;10.67;3695925;40050620.000
06/01/2007;10.72;10.99;9.60;9.60;3539614;35229364.000
06/04/2007;9.51;9.68;8.64;8.64;2786363;24684450.000
06/05/2007;8.20;8.85;7.78;8.85;3229182;26399482.000
06/06/2007;8.70;9.07;8.40;8.88;3028005;26611332.000
06/07/2007;8.88;9.17;8.68;9.17;2440084;21990434.000
06/08/2007;9.15;9.42;9.05;9.13;2594008;23824718.000
06/11/2007;9.15;9.30;9.08;9.19;2505081;22989800.000
06/12/2007;9.15;9.23;8.48;8.98;2650406;23471974.000
06/13/2007;9.00;9.78;9.00;9.63;3969843;37452000.000
06/14/2007;9.60;9.88;9.34;9.67;3534513;34095996.000
06/15/2007;9.90;10.27;9.80;9.90;4372112;43843944.000
06/18/2007;10.01;10.48;9.98;10.08;2907807;29389334.000
06/19/2007;10.05;10.29;9.60;10.20;2918985;29157852.000
06/20/2007;10.20;10.34;9.64;9.75;2600096;26304072.000
06/21/2007;9.65;9.93;9.50;9.69;1518821;14749379.000
06/22/2007;9.40;10.45;9.34;10.39;8394159;84655728.000
06/25/2007;10.55;10.56;9.35;9.35;5650811;56126092.000
06/26/2007;8.55;9.32;8.55;8.99;3059449;27164680.000
06/27/2007;8.94;9.81;8.78;9.77;3515491;32831442.000
06/28/2007;9.79;9.79;8.79;8.91;2825426;26395888.000
06/29/2007;8.79;8.97;8.17;8.38;1959050;16678788.000
07/02/2007;8.26;8.93;8.26;8.90;1572157;13431417.000
07/03/2007;8.92;9.30;8.85;9.09;2416667;21868254.000
07/04/2007;9.09;9.09;8.53;8.55;1304784;11468284.000
07/05/2007;8.23;8.50;7.80;7.82;1180659;9650109.000
07/06/2007;7.71;8.45;7.71;8.35;1143658;9299610.000
07/09/2007;8.38;8.64;8.29;8.50;976093;8238493.500
07/10/2007;8.40;8.50;8.02;8.10;1082955;8882410.000
07/11/2007;8.01;8.25;8.00;8.22;597380;4880653.000
07/12/2007;8.29;8.35;8.13;8.21;661784;5438134.500
07/13/2007;8.21;8.22;8.00;8.08;554860;4473872.500
07/16/2007;8.08;8.10;7.62;7.73;838976;6573358.500
07/17/2007;7.73;7.98;7.65;7.95;617046;4845985.500
07/18/2007;7.95;8.07;7.86;7.99;491333;3927117.000
07/19/2007;7.98;8.30;7.86;8.19;856374;6918101.000
07/20/2007;8.11;8.48;8.11;8.40;1238566;10370117.000
07/23/2007;8.45;8.80;8.40;8.73;1934316;16663287.000
07/24/2007;8.74;8.93;8.56;8.61;1627804;14196987.000
07/25/2007;8.60;8.88;8.50;8.82;1216122;10598119.000
07/26/2007;8.86;9.02;8.74;8.91;1461720;13033280.000
07/27/2007;8.91;9.80;8.76;9.77;3550230;33240542.000
07/30/2007;9.78;10.36;9.70;10.11;5618287;56370960.000
07/31/2007;10.09;10.09;9.70;9.96;2451776;24263994.000
08/01/2007;9.96;10.39;9.50;9.68;2360101;23536146.000
08/02/2007;9.70;10.05;9.50;9.85;1722771;16934626.000
08/03/2007;9.96;10.26;9.80;10.08;3003360;30188012.000
08/06/2007;10.21;10.26;9.75;9.94;1913117;19011850.000
08/07/2007;9.90;10.20;9.70;9.92;1966028;19751374.000
08/08/2007;9.75;10.02;9.50;9.66;1393381;13534061.000
08/09/2007;9.63;9.87;9.52;9.63;1032878;9972929.000
08/10/2007;9.62;9.65;8.92;9.18;1558853;14369147.000
08/13/2007;9.17;9.27;8.93;9.18;897493;8148224.000
08/14/2007;9.25;9.42;9.02;9.36;977473;9088033.000
08/15/2007;9.36;9.60;9.10;9.25;696038;6448709.000
08/16/2007;9.20;9.53;9.19;9.45;1075429;10070150.000
08/17/2007;9.21;9.67;9.21;9.41;1156216;10959920.000
08/20/2007;9.58;9.85;9.50;9.80;1445507;14080126.000
08/21/2007;9.88;10.15;9.75;10.00;1986308;19822104.000
08/22/2007;9.89;10.28;9.80;10.05;1881127;19030978.000
08/23/2007;10.10;10.22;9.82;10.05;1689195;16951160.000
08/24/2007;10.20;10.99;10.17;10.52;4158687;44041072.000
08/27/2007;10.54;10.74;10.08;10.27;2433220;25308030.000
08/28/2007;10.20;10.20;9.80;9.98;1600558;15966390.000
08/29/2007;9.98;10.08;9.75;9.98;1202459;11871751.000
08/30/2007;9.97;10.37;9.82;10.34;1670216;17030058.000
08/31/2007;10.30;10.47;10.21;10.35;1623832;16822992.000
09/03/2007;10.28;10.67;10.25;10.49;2031800;21365258.000
09/04/2007;10.50;10.68;10.15;10.16;1623567;16853972.000
09/05/2007;10.18;10.29;9.88;10.19;1488071;14980883.000
09/06/2007;10.18;10.47;10.15;10.22;1305131;13449736.000
09/07/2007;10.23;10.30;9.90;9.98;1377078;13803202.000
09/10/2007;9.95;10.20;9.70;10.20;1431872;14170644.000
09/11/2007;10.10;11.10;10.00;10.27;4383374;46257544.000
09/12/2007;10.55;11.30;10.38;11.30;7995813;87365800.000
09/13/2007;11.00;11.68;10.80;11.11;4666711;52441356.000
09/14/2007;11.00;11.49;10.67;11.37;3961259;44169708.000
09/17/2007;11.40;12.12;11.30;11.66;4395694;51730920.000
09/18/2007;11.70;11.78;11.13;11.39;2377714;27121454.000
09/19/2007;11.30;11.30;10.71;10.80;2221564;24537990.000
09/20/2007;10.80;11.88;10.80;11.88;1423847;16685146.000
09/21/2007;12.27;12.85;11.68;11.80;5888100;72197968.000
09/24/2007;11.65;11.76;11.17;11.30;2083355;23706690.000
09/25/2007;11.30;11.40;10.88;11.22;1432472;15925786.000
09/26/2007;11.21;11.34;10.85;10.95;1062340;11769351.000
09/27/2007;11.05;11.13;10.52;10.76;1121273;12071994.000
10/08/2007;11.01;11.77;11.01;11.21;1870825;21151506.000
10/09/2007;11.30;11.30;10.93;11.15;892192;9884734.000
10/10/2007;11.17;11.35;10.78;10.85;1324945;14465424.000
10/11/2007;10.86;10.98;10.40;10.48;1041507;11086151.000
10/12/2007;10.39;10.57;9.43;9.73;2072874;20233110.000
10/15/2007;9.74;10.05;9.35;9.81;1330404;12862400.000
10/16/2007;9.70;10.12;9.59;9.91;948460;9331719.000
10/17/2007;9.94;10.08;9.71;9.87;811779;8044544.000
10/18/2007;9.80;10.15;9.80;10.00;919759;9200179.000
10/19/2007;10.10;10.28;9.88;9.88;698490;7008147.000
10/22/2007;9.80;9.84;9.36;9.39;810518;7770675.500
10/23/2007;9.40;9.55;8.81;9.10;980755;8904209.000
10/24/2007;9.10;9.33;8.90;8.92;682690;6227778.000
10/25/2007;8.92;9.29;8.71;9.08;2148098;19555032.000
10/26/2007;9.00;9.70;8.81;9.69;1903498;17825162.000
10/29/2007;9.69;10.17;9.53;10.12;2280453;22868094.000
10/30/2007;10.00;10.00;9.60;9.94;1328937;13143703.000
10/31/2007;10.02;10.93;10.00;10.69;3075923;33268678.000
11/01/2007;10.90;11.16;10.60;10.84;2165350;23657714.000
11/02/2007;10.84;11.30;10.50;11.20;2457600;27045760.000
11/05/2007;11.15;11.48;10.90;10.97;1210794;13507461.000
11/06/2007;10.79;11.15;10.50;10.85;838126;9004211.000
11/07/2007;10.80;10.98;10.10;10.32;904145;9490444.000
11/08/2007;10.30;10.30;9.71;9.74;900040;8999367.000
11/09/2007;9.50;9.75;9.35;9.45;758949;7233816.500
11/12/2007;9.45;10.00;9.32;9.98;702730;6817751.500
11/13/2007;9.90;10.19;9.72;9.93;693359;6916962.500
11/14/2007;9.98;10.15;9.81;10.14;511942;5140417.500
11/15/2007;10.15;10.15;9.70;9.78;390372;3865763.750
11/16/2007;9.68;9.94;9.50;9.78;381478;3686516.500
11/19/2007;9.79;10.35;9.79;10.31;606324;6151423.500
11/20/2007;10.33;10.70;10.21;10.50;985432;10286460.000
11/21/2007;10.40;10.80;10.40;10.46;674520;7155756.000
11/22/2007;10.32;10.35;9.81;9.97;637319;6439246.500
11/23/2007;9.82;10.24;9.72;10.22;375189;3765808.250
11/26/2007;10.18;10.78;10.18;10.40;1263507;13298707.000
11/27/2007;10.40;10.98;10.40;10.68;1552916;16712869.000
11/28/2007;10.69;10.90;10.50;10.85;1105937;11849821.000
11/29/2007;10.98;11.21;10.76;10.96;1909443;21006000.000
11/30/2007;10.95;10.98;10.63;10.68;944841;10162961.000
12/03/2007;10.71;10.98;10.40;10.95;826653;8875732.000
12/04/2007;10.90;11.12;10.60;10.63;804541;8701898.000
12/05/2007;10.63;10.96;10.50;10.81;784474;8453507.000
12/06/2007;10.72;11.40;10.70;11.26;2283772;25427102.000
12/07/2007;11.17;11.55;11.10;11.31;1925742;21807924.000
12/10/2007;11.19;11.60;11.15;11.48;1614484;18479680.000
12/11/2007;11.60;11.79;11.26;11.68;1797632;20677450.000
12/12/2007;11.59;11.85;11.42;11.54;1318297;15331620.000
12/13/2007;11.54;11.70;11.21;11.33;1629153;18637344.000
12/14/2007;11.30;11.55;11.00;11.48;998560;11284523.000
12/18/2007;11.68;11.77;10.93;11.20;1334228;15128725.000
12/19/2007;11.20;11.39;11.08;11.26;1077589;12123714.000
12/20/2007;11.21;11.55;11.21;11.40;1229118;14070927.000
12/21/2007;11.45;12.15;11.27;11.92;2833138;33242184.000
12/24/2007;11.90;12.34;11.85;11.89;2598911;31434222.000
12/25/2007;11.76;12.30;11.76;12.22;1350860;16411033.000
12/26/2007;12.20;12.58;12.10;12.32;1601096;19717906.000
12/27/2007;12.42;13.15;12.33;12.72;2747863;35061520.000
12/28/2007;12.72;13.56;12.48;13.30;2584960;33675436.000
01/02/2008;13.41;14.63;13.41;14.63;3730421;53268864.000
01/03/2008;14.63;15.08;14.28;14.54;3699786;54358804.000
01/04/2008;14.40;14.60;14.01;14.50;2047028;29274012.000
01/07/2008;14.34;14.49;14.00;14.38;2345791;33392460.000
01/08/2008;14.35;14.35;13.41;13.54;3331949;45970008.000
01/09/2008;13.40;13.94;13.23;13.82;1749723;24038112.000
01/10/2008;13.92;14.88;13.92;14.20;2942145;42333660.000
01/11/2008;14.03;14.18;13.61;13.85;1213441;16805136.000
01/14/2008;13.91;14.10;13.40;14.09;1313513;18095508.000
01/15/2008;14.12;14.61;14.00;14.61;1566159;22414244.000
01/16/2008;14.76;15.31;14.41;14.86;3052481;45267724.000
01/17/2008;14.86;15.25;13.45;14.11;2394629;34695440.000
01/18/2008;13.80;14.35;13.60;13.89;1533928;21429198.000
01/21/2008;13.90;14.00;12.65;12.79;1545283;20605446.000
01/22/2008;12.50;12.51;11.51;11.51;2445797;29093760.000
01/23/2008;11.20;12.14;11.20;12.02;1254801;14751525.000
01/24/2008;12.01;12.44;11.95;12.29;1201209;14705739.000
01/25/2008;12.38;12.68;12.20;12.38;1102749;13716966.000
01/28/2008;12.18;12.36;11.14;11.14;1323377;14977905.000
01/29/2008;11.00;11.49;10.50;10.80;1044274;11466736.000
01/31/2008;10.90;11.60;10.81;11.02;1135301;12803329.000
02/01/2008;10.99;11.10;9.93;10.29;1013414;10528187.000
02/04/2008;10.88;11.32;10.50;11.20;884744;9770192.000
02/05/2008;11.25;11.35;10.85;11.23;708892;7878135.500
02/13/2008;11.11;11.64;11.00;11.36;523651;5964652.000
02/14/2008;11.48;12.21;11.40;12.05;860369;10228880.000
02/15/2008;11.99;12.18;11.81;11.95;800283;9633881.000
02/18/2008;12.00;12.45;12.00;12.16;907305;11112532.000
02/19/2008;12.21;12.40;11.92;12.30;890645;10892709.000
02/20/2008;12.50;12.53;11.90;12.04;1016265;12247591.000
02/21/2008;11.99;12.29;11.89;12.12;743378;8971459.000
02/22/2008;12.12;12.40;11.57;11.68;730999;8671285.000
02/25/2008;11.72;11.94;11.45;11.45;661825;7672915.000
02/26/2008;11.72;11.95;11.11;11.47;662783;7573720.000
02/27/2008;11.60;11.83;11.47;11.72;676839;7934889.500
02/28/2008;11.66;12.07;11.62;11.85;630073;7448062.000
02/29/2008;11.80;12.30;11.72;12.16;858346;10403328.000
03/03/2008;12.32;12.67;12.10;12.64;1370368;17072268.000
03/04/2008;12.64;13.00;12.34;12.41;1222693;15518341.000
03/05/2008;12.41;12.98;12.35;12.97;1190623;15042904.000
03/06/2008;13.01;13.32;12.78;12.80;1292245;16854510.000
03/07/2008;12.80;13.14;12.35;12.38;850834;10819732.000
03/10/2008;12.37;12.50;11.80;12.00;642739;7787620.500
03/11/2008;12.00;12.20;11.80;12.20;456351;5482903.000
03/12/2008;12.43;12.58;11.72;11.75;587296;7118160.500
03/13/2008;11.50;11.95;11.32;11.80;1046397;12109201.000
03/14/2008;11.58;12.80;11.58;12.67;2631352;32888440.000
03/17/2008;12.66;13.54;12.13;12.63;7406620;97062560.000
03/18/2008;12.00;12.00;11.37;11.37;2223303;25626588.000
03/19/2008;10.71;12.08;10.23;11.50;3554338;39487364.000
03/20/2008;11.50;11.77;10.46;11.36;2906492;32475856.000
03/21/2008;11.25;11.50;10.92;11.08;2112888;23632962.000
03/24/2008;11.12;11.63;11.08;11.25;1639133;18680556.000
03/25/2008;11.24;11.60;10.90;11.49;1090081;12420928.000
03/26/2008;11.49;11.84;11.13;11.32;1107465;12768858.000
03/27/2008;11.15;11.29;10.30;10.31;1374527;14743890.000
03/28/2008;10.08;10.48;9.50;10.44;1623334;16325625.000
03/31/2008;10.25;10.25;9.50;9.50;1170451;11555241.000
04/01/2008;9.48;9.72;8.68;8.70;1162982;10543753.000
04/02/2008;8.70;8.98;7.83;7.96;1032118;8478063.000
04/03/2008;7.99;8.26;7.86;8.22;682918;5523963.000
04/07/2008;8.24;8.76;8.01;8.65;822790;7035337.500
04/08/2008;8.50;9.07;8.36;8.83;1086061;9550338.000
04/09/2008;8.84;8.90;8.14;8.22;691828;5938444.000
04/10/2008;8.20;8.35;7.96;8.30;635549;5174515.000
04/11/2008;8.33;8.70;8.33;8.49;603021;5132964.500
04/14/2008;8.42;8.42;7.85;7.96;591939;4776910.500
04/15/2008;7.96;8.20;7.62;8.19;562152;4465288.000
04/16/2008;8.13;8.46;8.10;8.15;558784;4618890.500
04/17/2008;8.10;8.22;7.75;7.82;393587;3146149.750
04/18/2008;7.82;7.82;7.08;7.23;578301;4293693.500
04/21/2008;7.68;7.95;7.17;7.20;618967;4649042.500
04/22/2008;7.20;7.25;6.68;7.04;753777;5275948.500
04/23/2008;6.95;7.40;6.91;7.36;666165;4787807.500
04/24/2008;8.00;8.10;7.70;8.09;1754544;13995426.000
04/25/2008;8.10;8.37;7.89;8.03;1198476;9708879.000
04/28/2008;7.90;7.90;7.48;7.53;1190626;9106276.000
04/30/2008;7.59;8.08;7.59;8.08;1872167;14659356.000
05/05/2008;8.15;8.48;7.98;8.35;1619695;13396500.000
05/06/2008;8.35;8.57;8.26;8.35;1406942;11812317.000
05/07/2008;8.38;8.60;8.02;8.02;1015781;8472704.000
05/08/2008;7.82;8.33;7.81;8.30;930312;7491140.500
05/09/2008;8.45;8.59;8.23;8.45;1494280;12616654.000
05/12/2008;8.40;9.13;8.00;8.93;2509592;22104190.000
05/13/2008;8.82;9.82;8.68;9.82;4982635;48348504.000
05/14/2008;10.22;10.68;9.54;9.97;7725761;78536104.000
05/15/2008;9.70;9.89;9.48;9.48;2306687;22310030.000
05/16/2008;9.41;9.58;9.00;9.20;1490536;13828296.000
05/19/2008;9.06;9.98;9.03;9.96;2562092;24926590.000
05/20/2008;10.02;10.08;9.14;9.25;1773808;16887880.000
05/21/2008;9.14;9.55;8.62;9.30;1270989;11476618.000
05/22/2008;9.20;9.55;8.88;9.02;896678;8302019.500
05/23/2008;8.98;9.20;8.68;8.75;754601;6667891.000
05/26/2008;8.70;8.74;8.13;8.13;828039;6987311.500
05/27/2008;8.15;8.37;8.05;8.26;683113;5611726.500
05/28/2008;8.30;8.46;8.19;8.38;764975;6351054.000
05/29/2008;8.31;8.50;8.18;8.18;515299;4292728.000
05/30/2008;8.18;8.28;7.99;8.10;599090;4855953.000
06/02/2008;8.10;8.30;8.01;8.30;622820;5073249.500
06/03/2008;8.21;8.30;8.03;8.14;509301;4145745.500
06/04/2008;8.14;8.14;7.71;7.86;516041;4073139.750
06/05/2008;7.80;8.00;7.77;7.94;388742;3067817.250
06/06/2008;7.84;8.06;7.84;7.93;388440;3095039.000
06/10/2008;7.70;7.72;7.14;7.14;541710;3973869.000
06/11/2008;7.00;7.12;6.74;6.86;612120;4194298.250
06/12/2008;6.86;7.00;6.62;6.85;431754;2941617.500
06/13/2008;6.85;6.98;6.66;6.66;385976;2613169.250
06/16/2008;6.47;6.75;6.25;6.44;441131;2840427.000
06/17/2008;6.48;6.54;6.10;6.19;604975;3805492.500
06/18/2008;6.05;6.49;5.91;6.44;744956;4692378.500
06/19/2008;6.45;6.59;5.80;5.80;742319;4619562.000
06/20/2008;5.85;6.19;5.56;5.88;655590;3875825.750
06/23/2008;5.79;6.04;5.70;5.90;374500;2207702.250
06/24/2008;5.90;6.07;5.88;6.06;426391;2562893.250
06/25/2008;6.06;6.40;6.01;6.34;644909;4036781.750
06/26/2008;6.34;6.45;6.25;6.40;528929;3367134.000
06/27/2008;6.19;6.20;5.77;5.89;674528;4048333.500
06/30/2008;5.87;5.98;5.60;5.90;399600;2314570.500
07/01/2008;5.96;5.97;5.60;5.70;437396;2500229.750
07/02/2008;5.71;5.95;5.69;5.79;378333;2216363.250
07/03/2008;5.79;6.18;5.64;6.08;748851;4481179.500
07/04/2008;6.09;6.16;6.01;6.14;544775;3324852.500
07/07/2008;6.14;6.60;6.14;6.46;683719;4373581.000
07/08/2008;6.43;6.55;6.28;6.48;738997;4746269.500
07/09/2008;6.50;6.74;6.45;6.69;895891;5917360.500
07/10/2008;6.66;6.92;6.49;6.66;1160973;7819944.500
07/11/2008;6.55;6.64;6.40;6.47;554293;3596496.500
07/14/2008;6.42;6.63;6.40;6.60;548548;3601906.250
07/15/2008;6.61;6.78;6.28;6.36;561251;3651614.750
07/16/2008;6.30;6.35;5.82;5.98;651993;3940770.750
07/17/2008;6.00;6.58;6.00;6.14;1509387;9592752.000
07/18/2008;6.18;6.31;5.91;6.25;828455;5069343.000
07/21/2008;6.26;6.51;6.16;6.48;604098;3866984.250
07/22/2008;6.47;6.70;6.28;6.68;1141945;7571109.000
07/23/2008;6.68;6.92;6.50;6.73;1349485;9089550.000
07/24/2008;6.73;7.10;6.62;7.05;1633131;11196566.000
07/25/2008;6.86;6.95;6.80;6.85;927539;6361977.000
07/28/2008;6.79;6.95;6.78;6.85;808888;5537664.500
07/29/2008;6.80;6.95;6.67;6.94;1107774;7567266.500
07/30/2008;6.94;7.00;6.70;6.79;681926;4669505.500
07/31/2008;6.81;6.87;6.48;6.48;529008;3480722.500
08/01/2008;6.38;6.59;6.22;6.55;498411;3204611.000
08/04/2008;6.53;6.65;6.38;6.47;338657;2203900.250
08/05/2008;6.46;6.50;6.26;6.26;318300;2037017.375
08/06/2008;6.30;6.36;6.15;6.24;287860;1793790.125
08/07/2008;6.24;6.32;6.17;6.31;437584;2736666.000
08/11/2008;5.75;5.98;5.68;5.68;569850;3256555.500
08/12/2008;5.34;5.45;5.20;5.26;534403;2837811.000
08/13/2008;5.25;5.26;5.00;5.17;464099;2373871.500
08/14/2008;5.17;5.35;5.12;5.24;223776;1169544.625
08/15/2008;5.24;5.32;5.13;5.29;269400;1417390.750
08/18/2008;5.30;5.32;4.76;4.78;397999;1987848.250
08/19/2008;4.69;4.92;4.65;4.87;418548;2025501.500
08/20/2008;4.86;5.28;4.79;5.25;522908;2696366.750
08/21/2008;5.22;5.24;4.98;5.00;411836;2099409.500
08/22/2008;5.00;5.03;4.81;5.00;276599;1365910.125
08/25/2008;5.08;5.11;4.96;5.01;284900;1438039.000
08/26/2008;5.00;5.03;4.71;4.77;283621;1381627.750
08/27/2008;4.77;5.18;4.60;5.18;954490;4769535.500
08/28/2008;5.62;5.62;5.31;5.54;3687617;20165164.000
08/29/2008;5.50;5.67;5.37;5.54;2684132;14798018.000
09/01/2008;5.48;5.48;5.15;5.19;927701;4881955.000
09/02/2008;5.16;5.20;5.00;5.13;765510;3905137.250
09/03/2008;5.05;5.18;4.90;5.01;488648;2455564.000
09/04/2008;4.93;5.12;4.92;5.05;323401;1627652.000
09/05/2008;4.96;5.05;4.76;4.78;472452;2299635.500
09/08/2008;4.84;4.84;4.43;4.48;558806;2556745.000
09/09/2008;4.59;4.62;4.44;4.60;358656;1624068.875
09/10/2008;4.51;4.74;4.48;4.60;544920;2514647.000
09/11/2008;4.61;4.74;4.54;4.57;541051;2522881.750
09/12/2008;4.57;4.68;4.51;4.60;277268;1275060.500
09/16/2008;4.59;4.62;4.43;4.57;409137;1855985.375
09/17/2008;4.57;4.62;4.30;4.37;363970;1616538.125
09/18/2008;4.25;4.33;4.00;4.15;717384;2989775.250
09/19/2008;4.56;4.57;4.40;4.57;791322;3594345.000
09/22/2008;4.80;5.00;4.58;4.69;1303823;6239587.500
09/23/2008;4.55;4.59;4.24;4.25;671346;2970001.000
09/24/2008;4.24;4.39;4.21;4.35;348563;1499476.375
09/25/2008;4.37;4.53;4.34;4.46;667675;2968312.250
09/26/2008;4.47;4.55;4.40;4.48;662942;2972981.000
10/06/2008;4.37;4.37;4.21;4.21;414128;1771065.500
10/07/2008;4.14;4.30;4.01;4.27;444890;1854699.125
10/08/2008;4.24;4.27;4.15;4.19;429200;1805892.000
10/09/2008;4.30;4.30;4.10;4.12;328485;1372693.500
10/10/2008;4.02;4.02;3.80;3.80;396828;1532310.500
10/13/2008;3.72;3.97;3.71;3.95;447910;1709968.125
10/14/2008;4.11;4.11;3.86;3.86;485859;1954076.375
10/15/2008;3.91;4.08;3.90;3.99;594572;2368807.250
10/16/2008;3.88;3.93;3.73;3.78;383284;1462837.625
10/17/2008;3.81;3.90;3.76;3.88;243520;937243.188
10/20/2008;3.96;3.98;3.80;3.97;441420;1728496.750
10/21/2008;3.98;4.13;3.91;4.08;705716;2875876.000
10/22/2008;4.02;4.33;3.98;4.23;1617988;6836776.500
10/23/2008;4.10;4.29;4.06;4.19;780478;3273847.750
10/24/2008;4.25;4.61;4.07;4.61;2188771;9737280.000
10/27/2008;4.61;4.88;4.35;4.50;4129574;19183286.000
10/28/2008;4.43;4.92;4.13;4.84;4465705;20919416.000
10/29/2008;4.80;4.80;4.36;4.36;2283303;10402323.000
10/30/2008;4.28;4.30;4.00;4.05;3048595;12530185.000
10/31/2008;4.10;4.10;3.88;3.88;1513048;5992770.500
11/03/2008;3.80;3.93;3.76;3.76;794164;3041854.750
11/04/2008;3.75;4.08;3.74;4.06;1470248;5725451.500
11/05/2008;4.00;4.16;3.95;4.15;2068769;8463104.000
11/06/2008;4.03;4.09;3.96;3.97;828780;3318801.250
11/07/2008;3.90;4.03;3.86;3.96;727646;2880741.500
11/10/2008;4.02;4.28;4.02;4.25;1555707;6492101.500
11/11/2008;4.20;4.46;4.17;4.30;2038063;8780850.000
11/12/2008;4.27;4.40;4.20;4.33;969920;4158442.000
11/14/2008;4.58;4.70;4.47;4.61;2859684;13131587.000
11/17/2008;4.60;4.93;4.52;4.84;2760980;13219788.000
11/18/2008;4.73;4.92;4.42;4.50;2594890;12004594.000
11/19/2008;4.44;4.95;4.44;4.95;2276426;10977301.000
11/20/2008;5.06;5.30;4.97;4.99;4109706;21114668.000
11/21/2008;4.77;4.98;4.49;4.79;2743948;12912837.000
11/24/2008;4.89;5.14;4.69;4.69;2270323;11239937.000
11/25/2008;4.81;4.88;4.50;4.61;1162200;5355714.500
11/26/2008;4.56;4.71;4.53;4.61;701153;3242619.000
11/27/2008;5.00;5.00;4.61;4.62;1174021;5615152.000
11/28/2008;4.58;4.70;4.51;4.65;600121;2782847.750
12/01/2008;4.63;4.96;4.63;4.95;1422660;6884092.500
12/02/2008;4.90;5.11;4.80;5.03;1996853;9983192.000
12/03/2008;5.06;5.20;5.06;5.14;2024822;10392963.000
12/04/2008;5.25;5.25;5.06;5.10;3231541;16656079.000
12/05/2008;5.10;5.25;5.00;5.19;1631415;8399394.000
12/08/2008;5.19;5.45;5.19;5.44;2165928;11496355.000
12/09/2008;5.47;5.47;5.13;5.21;1529234;8096933.000
12/10/2008;5.20;5.38;5.10;5.33;1295511;6804674.000
12/11/2008;5.60;5.60;5.30;5.36;3423689;18659318.000
12/12/2008;5.24;5.39;4.95;5.02;1615026;8322629.000
12/15/2008;5.09;5.18;4.91;5.14;1082023;5498035.000
12/16/2008;5.07;5.34;4.90;5.27;1405740;7278953.000
12/17/2008;5.29;5.49;5.20;5.27;2325680;12467020.000
12/18/2008;5.27;5.34;5.16;5.31;1179272;6210783.500
12/19/2008;5.32;5.49;5.29;5.37;1691414;9152992.000
12/22/2008;5.38;5.79;5.31;5.69;3424784;19094122.000
12/23/2008;5.60;5.67;5.12;5.20;2312151;12545149.000
12/24/2008;5.10;5.28;5.01;5.10;1088280;5572861.000
12/25/2008;5.11;5.24;5.03;5.15;810199;4152637.750
12/26/2008;5.16;5.36;5.16;5.20;1610085;8494781.000
12/29/2008;5.20;5.60;5.00;5.60;3960024;21291252.000
12/30/2008;5.51;5.85;5.41;5.55;4774549;26993800.000
01/05/2009;5.42;6.03;5.42;5.92;4013139;23028948.000
01/06/2009;5.81;6.11;5.71;5.99;3543442;20867144.000
01/07/2009;5.95;6.09;5.83;5.86;2669877;15886768.000
01/08/2009;5.70;5.83;5.58;5.61;1759380;9984493.000
01/09/2009;5.65;5.97;5.65;5.95;2046482;12002983.000
01/12/2009;5.95;6.21;5.90;6.01;2984313;18173834.000
01/13/2009;6.00;6.00;5.68;5.70;1465476;8541085.000
01/14/2009;5.66;5.95;5.66;5.92;1033114;6016362.500
01/15/2009;5.90;6.15;5.85;6.05;1810711;10904054.000
01/16/2009;6.12;6.17;5.84;5.88;1840051;11025736.000
01/19/2009;6.07;6.07;5.78;5.88;920477;5403094.000
01/20/2009;5.88;6.17;5.88;6.15;2220248;13430441.000
01/21/2009;6.14;6.24;6.01;6.09;1590843;9754608.000
01/22/2009;6.21;6.30;6.08;6.12;1163439;7165191.000
01/23/2009;6.10;6.17;6.05;6.07;963400;5878712.000
02/02/2009;6.20;6.23;5.95;6.18;1673831;10194929.000
02/03/2009;6.17;6.55;6.07;6.51;2907621;18225990.000
02/04/2009;6.52;6.66;6.49;6.56;4963104;32549828.000
02/05/2009;6.50;6.51;6.18;6.35;2592129;16593754.000
02/06/2009;6.23;6.56;6.23;6.47;2012013;12988729.000
02/09/2009;6.48;6.58;6.40;6.57;2488348;16181413.000
02/10/2009;6.60;6.92;6.44;6.87;4564743;30578732.000
02/11/2009;6.80;7.21;6.68;7.00;6436407;44907832.000
02/12/2009;6.91;7.03;6.71;6.93;2099286;14413375.000
02/13/2009;6.95;7.15;6.78;7.05;2977655;20813260.000
02/16/2009;7.19;7.19;6.97;7.09;3209067;22632508.000
02/17/2009;7.15;7.17;6.76;6.76;2447919;17031920.000
02/18/2009;6.68;6.75;6.31;6.31;1493522;9803742.000
02/19/2009;6.40;6.60;6.33;6.54;1522262;9845572.000
02/20/2009;6.54;6.83;6.46;6.80;1280604;8616203.000
02/23/2009;6.81;6.97;6.68;6.96;1778708;12226064.000
02/24/2009;6.86;7.00;6.50;6.55;1877988;12615411.000
02/25/2009;6.56;7.21;6.56;7.21;4356547;31163504.000
02/26/2009;7.39;7.47;6.49;6.55;6929931;49717616.000
02/27/2009;6.31;6.45;5.90;5.90;3002137;18324676.000
03/02/2009;5.80;6.10;5.66;6.03;1243891;7475762.000
03/03/2009;5.90;6.33;5.78;6.16;1524085;9418682.000
03/04/2009;6.16;6.60;6.16;6.60;2556607;16303610.000
03/05/2009;6.57;6.89;6.52;6.72;3147783;20971472.000
03/06/2009;6.68;6.68;6.40;6.52;1459776;9551913.000
03/09/2009;6.58;6.60;6.10;6.24;1195280;7609693.500
03/10/2009;6.20;6.34;6.10;6.34;727165;4550895.000
03/11/2009;6.46;6.50;6.36;6.45;1093029;7018035.000
03/12/2009;6.45;6.60;6.35;6.55;1518109;9856618.000
03/13/2009;6.56;6.80;6.49;6.68;2292126;15261706.000
03/16/2009;6.63;6.78;6.53;6.74;1280140;8525863.000
03/17/2009;6.74;6.90;6.60;6.84;1825751;12429378.000
03/18/2009;6.89;7.06;6.76;6.79;2303861;15918078.000
03/19/2009;6.80;6.93;6.58;6.92;2856114;19288974.000
03/20/2009;6.89;6.89;6.66;6.76;1310870;8868526.000
03/23/2009;6.70;6.92;6.68;6.85;2000397;13609971.000
03/24/2009;6.85;6.97;6.80;6.90;2016450;13871437.000
03/25/2009;6.85;6.89;6.66;6.66;1341830;9076970.000
03/26/2009;6.65;6.86;6.56;6.84;1129384;7598599.000
03/27/2009;6.80;7.08;6.75;7.05;2422655;16743312.000
03/30/2009;7.06;7.10;6.90;7.09;2817988;19756038.000
03/31/2009;6.98;7.11;6.90;7.00;1962682;13673637.000
04/01/2009;7.11;7.11;6.98;7.07;2397632;16857276.000
04/02/2009;7.20;7.42;6.95;6.98;3826037;27207190.000
04/03/2009;6.98;7.06;6.78;6.97;2357917;16275158.000
04/07/2009;7.12;7.15;6.97;6.98;2407707;16972342.000
04/08/2009;6.99;7.02;6.72;6.74;1446548;9946845.000
04/09/2009;6.78;6.80;6.65;6.79;1374809;9233230.000
04/10/2009;6.79;7.42;6.79;7.24;5574250;40266308.000
04/13/2009;7.30;7.34;7.22;7.24;4428117;32150154.000
04/14/2009;7.24;7.60;7.12;7.52;6845956;50807216.000
04/15/2009;7.46;7.48;7.25;7.43;3631095;26797734.000
04/16/2009;7.30;7.49;7.26;7.49;2760054;20369952.000
04/17/2009;7.50;7.67;7.35;7.50;5940843;44637120.000
04/20/2009;7.55;7.94;7.53;7.85;9952159;77185768.000
04/21/2009;7.65;7.77;7.56;7.70;3636341;27820448.000
04/22/2009;7.70;7.75;7.02;7.19;2646369;19624544.000
04/23/2009;7.08;7.19;6.85;7.13;2124535;14836285.000
04/24/2009;7.15;7.18;6.98;6.98;1148600;8120019.500
04/27/2009;7.04;7.20;6.78;6.79;1868239;13139704.000
04/28/2009;6.70;7.47;6.70;7.47;4619998;33491694.000
04/29/2009;7.48;7.67;7.20;7.30;4523432;33402106.000
04/30/2009;7.33;7.53;7.12;7.37;2950441;21599888.000
05/04/2009;7.35;7.50;7.33;7.49;2645216;19642720.000
05/06/2009;7.45;7.55;7.28;7.53;3186569;23669082.000
05/07/2009;7.55;7.60;7.20;7.32;2407942;17721874.000
05/08/2009;7.33;7.80;7.33;7.54;4875156;36815508.000
05/11/2009;7.60;7.87;7.50;7.70;6162372;47485888.000
05/12/2009;7.78;8.17;7.60;8.12;8489062;67472272.000
05/13/2009;8.08;8.14;7.80;7.96;4960858;39408868.000
05/14/2009;7.86;7.98;7.67;7.80;3592565;28037106.000
05/15/2009;7.81;8.40;7.73;8.05;5789136;47058528.000
05/18/2009;8.10;8.13;7.69;8.01;3006506;23642218.000
05/19/2009;7.98;8.00;7.78;7.90;2880618;22738514.000
05/20/2009;7.88;8.09;7.82;7.99;3152408;25096792.000
05/21/2009;8.35;8.79;8.35;8.79;6399452;56042460.000
05/22/2009;8.79;8.85;8.10;8.20;9050009;76361488.000
05/25/2009;7.95;7.98;7.61;7.84;4576994;35558088.000
05/26/2009;7.79;7.99;7.75;7.82;3538751;27834556.000
05/27/2009;7.87;7.94;7.70;7.83;2180708;17010546.000
06/01/2009;7.83;7.97;7.80;7.83;2831397;22225446.000
06/02/2009;7.94;8.30;7.90;8.14;5798428;47037204.000
06/03/2009;8.10;8.16;8.02;8.12;2316873;18733304.000
06/04/2009;8.10;8.20;7.94;7.99;2526799;20288884.000
06/05/2009;8.00;8.16;7.94;7.99;2232645;17966308.000
06/08/2009;7.92;8.08;7.85;7.98;1976490;15675453.000
06/09/2009;7.89;8.00;7.78;7.94;1968642;15503888.000
06/10/2009;7.94;8.16;7.94;8.14;2309886;18635104.000
06/11/2009;8.12;8.15;7.95;7.95;1846170;14878404.000
06/12/2009;8.05;8.26;7.88;7.93;3102618;25023706.000
06/15/2009;7.90;8.02;7.80;7.95;1552231;12275518.000
06/16/2009;7.93;8.00;7.82;7.90;1360999;10778778.000
06/17/2009;7.95;8.16;7.85;8.13;3479165;28097410.000
06/18/2009;8.15;8.34;8.10;8.23;3449234;28345614.000
06/19/2009;8.23;8.88;8.23;8.39;7954895;68129328.000
06/22/2009;8.43;8.45;8.04;8.15;3477649;28408364.000
06/23/2009;8.08;8.19;8.06;8.11;1473717;11959016.000
06/24/2009;8.11;8.20;8.11;8.18;1528696;12472687.000
06/25/2009;8.19;8.23;8.10;8.18;1423173;11592378.000
06/26/2009;8.23;8.40;8.17;8.40;2889884;24039864.000
06/29/2009;8.40;8.65;8.28;8.43;2687259;22697704.000
06/30/2009;8.43;8.43;8.20;8.28;1613547;13405723.000
07/01/2009;8.28;8.35;8.19;8.26;1354610;11185919.000
07/02/2009;8.33;8.50;8.27;8.40;2506756;21023194.000
07/03/2009;8.38;8.54;8.29;8.39;1916496;16072260.000
07/06/2009;8.33;8.38;8.15;8.22;2124219;17492100.000
07/07/2009;8.20;8.40;8.18;8.30;2072536;17274814.000
07/08/2009;8.26;8.37;8.25;8.37;1502518;12514035.000
07/09/2009;8.45;8.64;8.43;8.54;3511670;29948574.000
07/10/2009;8.58;8.64;8.42;8.45;2713652;22978768.000
07/13/2009;8.48;8.61;8.41;8.57;2539287;21679372.000
07/14/2009;8.57;8.97;8.56;8.87;8913797;78722528.000
07/15/2009;8.89;9.10;8.77;8.88;5215372;46630880.000
07/16/2009;8.89;9.29;8.73;9.19;5737772;51532212.000
07/17/2009;9.09;9.34;9.02;9.19;4875026;44879512.000
07/20/2009;9.19;9.41;9.10;9.25;3914994;36149392.000
07/21/2009;9.16;9.19;8.63;8.69;4471851;39670740.000
07/22/2009;8.58;8.85;8.58;8.79;2006597;17541968.000
07/23/2009;8.80;8.85;8.68;8.81;1755981;15363069.000
07/24/2009;8.87;8.89;8.40;8.63;3347678;28939790.000
07/27/2009;8.60;8.86;8.59;8.79;2668599;23286250.000
07/28/2009;8.81;8.95;8.66;8.92;2430188;21380236.000
07/29/2009;8.86;9.28;8.03;8.38;5755281;51481896.000
07/30/2009;8.38;8.70;8.16;8.54;1745154;14675783.000
07/31/2009;8.62;8.70;8.49;8.69;1937420;16680304.000
08/03/2009;8.65;9.04;8.65;8.95;2859197;25357862.000
08/04/2009;8.92;9.34;8.78;9.26;5211772;47172880.000
08/05/2009;9.20;9.28;8.80;9.06;3991695;36305244.000
08/06/2009;9.00;9.34;8.80;9.06;4754708;43402076.000
08/07/2009;9.10;9.33;8.90;9.00;3613475;33112908.000
08/10/2009;9.05;9.33;9.05;9.26;3783941;34882132.000
08/11/2009;9.33;9.49;9.05;9.15;4207130;38869888.000
08/12/2009;9.06;9.15;8.45;8.59;3017137;26412206.000
08/13/2009;8.60;8.76;8.45;8.69;1600877;13803376.000
08/14/2009;8.69;8.70;7.98;7.99;2547054;20973064.000
08/17/2009;8.01;8.12;7.38;7.55;1663650;13073534.000
08/18/2009;7.54;7.76;7.25;7.69;1113164;8462917.000
08/19/2009;7.82;7.98;7.26;7.40;1696930;13078945.000
08/20/2009;7.40;7.64;7.31;7.63;1170184;8810952.000
08/21/2009;7.61;7.94;7.51;7.84;1903312;14744070.000
08/24/2009;7.84;8.14;7.72;8.04;2179293;17406826.000
08/25/2009;8.10;8.20;7.86;8.18;3169071;25479266.000
08/26/2009;8.18;8.35;8.01;8.29;2809068;23078154.000
08/27/2009;8.25;8.80;8.12;8.40;4252292;36209280.000
08/28/2009;8.45;8.45;8.00;8.02;2062655;16778062.000
08/31/2009;7.94;7.94;7.39;7.40;1589151;12129853.000
09/01/2009;7.43;7.61;7.35;7.43;1524530;11406949.000
09/02/2009;7.41;7.86;7.38;7.79;2885119;22081004.000
09/03/2009;7.70;8.22;7.50;8.16;3773158;30066566.000
09/04/2009;8.19;8.38;7.98;8.15;3221248;26351286.000
09/07/2009;8.16;8.79;8.16;8.31;5734761;48651024.000
09/09/2009;8.39;8.39;8.01;8.20;2685666;21905034.000
09/10/2009;8.10;8.20;7.98;8.14;1380321;11197490.000
09/11/2009;8.14;8.24;8.10;8.20;2402056;19644010.000
09/14/2009;8.22;8.55;8.18;8.46;3991336;33418584.000
09/15/2009;8.44;8.79;8.33;8.55;3855448;32989350.000
09/16/2009;8.43;8.57;8.30;8.50;2119310;17900770.000
09/17/2009;8.45;8.87;8.42;8.80;4530902;39702592.000
09/18/2009;8.88;9.00;8.52;8.63;4155689;36553736.000
09/21/2009;8.66;9.05;8.61;8.95;5217687;46132888.000
09/22/2009;8.96;8.96;8.55;8.64;2458049;21640820.000
09/23/2009;8.54;8.75;8.22;8.30;2138826;18275686.000
09/24/2009;8.21;8.48;8.07;8.26;1370478;11333781.000
09/25/2009;8.26;8.39;8.11;8.21;858111;7068059.500
09/28/2009;8.26;8.38;7.81;7.92;1653462;13433082.000
09/29/2009;7.98;8.10;7.49;7.79;1418745;10986102.000
09/30/2009;7.85;7.95;7.80;7.93;731042;5767156.000
10/09/2009;8.14;8.23;8.00;8.21;1341070;10906924.000
10/12/2009;8.21;8.24;8.03;8.17;1009649;8237426.000
10/13/2009;8.12;8.31;8.12;8.29;824528;6774496.500
10/14/2009;8.27;8.46;8.22;8.30;1375360;11493481.000
10/15/2009;8.36;8.49;8.31;8.38;1136664;9550366.000
10/16/2009;8.35;8.53;8.35;8.51;1982525;16741902.000
10/19/2009;8.51;8.70;8.51;8.60;1940935;16686283.000
10/20/2009;8.60;8.69;8.55;8.63;1683158;14515042.000
10/21/2009;8.63;8.71;8.55;8.58;1813301;15603495.000
10/22/2009;8.54;8.72;8.44;8.67;2352953;20278124.000
10/23/2009;8.72;8.78;8.60;8.75;2251756;19604672.000
10/26/2009;9.15;9.15;8.78;8.91;3437132;30706836.000
10/27/2009;8.94;8.94;8.45;8.47;2431945;21022912.000
10/28/2009;8.53;8.69;8.40;8.66;1582066;13560315.000
10/29/2009;8.55;8.98;8.44;8.71;3399335;29976588.000
10/30/2009;8.75;9.03;8.55;8.93;3799708;33800456.000
11/02/2009;8.81;9.68;8.71;9.49;11803159;110634496.000
11/03/2009;9.49;9.55;9.21;9.47;5827917;54675476.000
11/04/2009;9.38;9.71;9.37;9.50;4638865;44208660.000
11/05/2009;9.49;9.68;9.30;9.59;4601722;43785920.000
11/06/2009;9.66;9.88;9.38;9.40;4749453;45737032.000
11/09/2009;9.37;9.47;9.22;9.36;2543068;23738780.000
11/10/2009;9.40;9.83;9.39;9.51;4694240;45156632.000
11/11/2009;9.43;9.79;9.38;9.75;3919686;37777556.000
11/12/2009;9.80;9.89;9.58;9.59;4789571;46819352.000
11/13/2009;9.58;9.72;9.40;9.62;2700125;25817668.000
11/16/2009;9.62;9.85;9.62;9.76;4357741;42508612.000
11/17/2009;9.78;10.05;9.70;9.94;4740163;46980668.000
11/18/2009;10.70;10.76;10.20;10.36;10072281;105124272.000
11/19/2009;10.54;11.18;10.36;10.80;9228872;99719192.000
11/20/2009;10.60;10.69;10.42;10.55;5270956;55602180.000
11/23/2009;10.55;10.81;10.55;10.71;3751864;40074920.000
11/24/2009;10.62;10.89;9.96;9.98;4863463;51047944.000
11/25/2009;10.02;10.45;9.90;10.40;3249068;33128650.000
11/26/2009;10.47;10.85;10.18;10.70;6942732;72925080.000
11/27/2009;10.70;11.15;10.36;10.42;8026049;86857824.000
11/30/2009;10.78;10.85;10.21;10.78;5143262;54600504.000
12/01/2009;10.79;11.68;10.70;11.21;8908667;100397248.000
12/02/2009;11.06;11.34;10.92;11.24;5743078;64020772.000
12/03/2009;11.20;11.58;11.15;11.50;5665865;64359436.000
12/04/2009;11.51;11.55;10.70;11.01;4357105;48420660.000
12/07/2009;11.00;11.31;10.86;11.25;2652355;29633882.000
12/08/2009;11.01;11.48;11.01;11.37;3795533;43086004.000
12/09/2009;11.28;11.34;10.86;10.91;3230840;35711888.000
12/10/2009;10.90;11.05;10.63;10.86;2265646;24526876.000
12/11/2009;10.95;11.04;10.78;10.93;1384304;15106618.000
12/14/2009;10.93;10.99;10.52;10.82;1816508;19509022.000
12/15/2009;10.79;11.12;10.79;10.86;1991023;21757136.000
12/16/2009;10.97;11.25;10.86;11.06;3064703;34051696.000
12/17/2009;11.07;11.12;10.40;10.40;2328710;24851034.000
12/18/2009;10.22;10.30;9.75;9.86;1836672;18359284.000
12/21/2009;9.97;10.15;9.77;10.10;1202492;11937410.000
12/22/2009;10.10;10.17;9.65;9.65;1622939;16079624.000
12/23/2009;9.67;9.91;9.66;9.82;1000988;9796098.000
12/24/2009;9.83;10.27;9.83;10.22;1560117;15849808.000
12/25/2009;10.25;10.54;10.20;10.35;1953681;20269800.000
12/28/2009;10.35;10.58;10.28;10.52;1575912;16517565.000
12/29/2009;10.52;10.57;10.30;10.46;1391561;14505243.000
12/30/2009;10.47;10.74;10.41;10.71;1930089;20380334.000
12/31/2009;10.62;10.75;10.51;10.64;1390097;14783248.000
01/04/2010;10.70;10.73;10.51;10.57;1388164;14686170.000
01/05/2010;10.56;10.79;10.42;10.76;1796957;19124778.000
01/06/2010;10.76;11.08;10.70;10.82;2321709;25345718.000
01/07/2010;10.77;11.08;10.65;10.66;2253951;24516872.000
01/08/2010;10.66;11.06;10.58;11.06;2987617;32651332.000
01/11/2010;11.10;11.19;10.86;11.09;2608765;28774720.000
01/12/2010;11.09;11.26;11.01;11.24;2979806;33202886.000
01/13/2010;11.05;11.26;10.90;11.14;3302226;36596472.000
01/14/2010;11.18;11.47;11.16;11.39;3055853;34493448.000
01/15/2010;11.37;11.60;11.30;11.40;3262787;37400652.000
01/18/2010;11.41;11.52;11.23;11.33;3122173;35298268.000
01/19/2010;11.32;11.43;11.21;11.35;2559103;28934118.000
01/20/2010;11.35;11.38;10.44;10.51;3988112;43330888.000
01/21/2010;10.56;10.78;10.46;10.66;2214459;23516614.000
01/22/2010;10.60;10.61;10.28;10.44;1915239;19999790.000
01/25/2010;10.39;10.46;10.28;10.36;847132;8792943.000
01/26/2010;10.35;10.38;9.70;9.81;1663829;16650306.000
01/27/2010;9.88;9.96;9.67;9.78;938879;9205756.000
01/28/2010;9.65;9.94;9.64;9.88;827445;8130708.000
01/29/2010;9.88;10.22;9.80;10.14;1469923;14843438.000
02/01/2010;10.03;10.28;9.92;10.26;1504082;15216227.000
02/02/2010;10.26;10.39;10.18;10.18;1009924;10392406.000
02/03/2010;10.18;10.37;9.75;10.34;1089393;10998392.000
02/04/2010;10.34;10.57;10.16;10.45;1510027;15780149.000
02/05/2010;10.30;10.54;10.20;10.34;1206596;12513993.000
02/08/2010;10.28;10.40;10.03;10.12;880598;8945768.000
02/09/2010;10.12;10.19;10.02;10.17;691598;6970048.500
02/10/2010;10.20;10.30;10.14;10.26;639361;6535069.000
02/11/2010;10.30;10.35;10.18;10.20;531299;5438787.500
02/12/2010;10.23;10.35;10.18;10.32;660684;6790605.000
02/22/2010;10.30;10.54;10.30;10.44;1051299;10988429.000
02/23/2010;10.51;10.68;10.40;10.67;1251238;13203248.000
02/24/2010;10.67;10.96;10.66;10.87;1748217;18909224.000
02/25/2010;10.88;11.00;10.80;10.95;1568534;17146560.000
02/26/2010;10.97;11.06;10.82;10.84;1475827;16116957.000
03/01/2010;10.83;11.53;10.83;11.35;3932966;44271308.000
03/02/2010;11.30;11.45;11.07;11.26;1719559;19281560.000
03/03/2010;11.26;11.85;11.15;11.76;4108124;47369656.000
03/04/2010;11.75;12.50;11.70;11.95;7546453;90987632.000
03/05/2010;11.80;12.17;11.51;11.97;2833546;33464104.000
03/08/2010;11.98;12.25;11.75;12.19;2786704;33581488.000
03/09/2010;12.19;12.30;11.92;11.98;2515800;30459382.000
03/10/2010;11.90;12.15;11.66;11.77;2575695;30675460.000
03/11/2010;11.81;12.00;11.50;11.81;1906016;22322274.000
03/12/2010;11.61;11.90;11.40;11.42;1487600;17239878.000
03/15/2010;11.50;12.28;11.50;12.09;5194786;62603616.000
03/16/2010;12.11;12.26;11.80;12.04;2218919;26679814.000
03/17/2010;12.00;12.25;11.93;12.15;2520268;30598500.000
03/18/2010;12.16;12.25;11.96;12.03;2298334;27783904.000
03/19/2010;12.00;12.14;11.80;12.08;2162164;25919854.000
03/22/2010;12.08;12.64;11.85;12.31;4344332;53328632.000
03/23/2010;12.34;12.52;12.20;12.40;2228200;27582214.000
