300054 鼎龙股份 日线
      日期	    开盘	    最高	    最低	    收盘	    成交量	    成交额
02/11/2010;31.80;34.50;31.70;33.03;8391819;279074048.000
02/12/2010;33.50;35.03;33.50;34.48;4148691;142093648.000
02/22/2010;33.65;34.24;33.11;33.79;2458421;82458496.000
02/23/2010;33.79;35.39;33.50;35.06;2756743;95595808.000
02/24/2010;34.70;36.20;34.70;36.00;2368128;84107592.000
02/25/2010;36.01;39.59;36.00;38.00;2686703;101405312.000
02/26/2010;38.00;38.86;37.45;37.69;1757914;67010908.000
03/01/2010;37.69;38.98;37.13;38.37;1031933;39342400.000
03/02/2010;38.28;39.67;38.23;38.48;877750;34141056.000
03/03/2010;38.59;39.48;38.01;39.35;1049445;40581636.000
03/04/2010;39.00;42.50;38.87;40.20;1627287;66441844.000
03/05/2010;40.20;41.34;39.39;40.88;970812;38988512.000
03/08/2010;40.68;44.38;40.68;43.92;1343439;57827448.000
03/09/2010;43.90;48.31;43.20;48.31;2144640;99434776.000
03/10/2010;48.32;51.95;47.00;50.98;2290927;112808368.000
03/11/2010;51.00;56.08;50.10;56.08;2049859;110209544.000
03/12/2010;56.50;61.00;52.05;52.38;4112795;231645472.000
03/15/2010;53.24;53.55;50.15;51.03;2718547;139799312.000
03/16/2010;50.60;51.75;48.70;49.60;2401104;119935704.000
03/17/2010;49.80;51.49;48.78;50.54;2261494;113575280.000
03/18/2010;49.91;50.63;48.61;49.92;1673299;82891608.000
03/19/2010;49.70;50.98;48.13;48.69;1764317;86972160.000
03/22/2010;48.70;50.27;48.29;50.00;1475976;72540336.000
03/23/2010;49.40;51.44;48.90;50.15;1678900;84428792.000
