300036 超图软件 日线
      日期	    开盘	    最高	    最低	    收盘	    成交量	    成交额
12/25/2009;37.50;37.89;31.82;32.20;10599366;371195808.000
12/28/2009;32.88;35.38;32.36;35.00;4741307;162544032.000
12/29/2009;34.50;38.50;34.01;38.50;6252753;229177088.000
12/30/2009;38.00;40.50;37.51;38.55;5878118;229623824.000
12/31/2009;38.01;39.16;37.63;38.31;2662754;101783760.000
01/04/2010;38.30;38.85;37.20;37.62;2499492;94029360.000
01/05/2010;37.40;38.70;36.00;37.51;3489779;130387384.000
01/06/2010;36.70;36.89;35.55;35.58;3349662;120764792.000
01/07/2010;35.22;36.20;34.70;35.68;2435859;86533856.000
01/08/2010;34.95;35.00;32.98;33.44;2618091;88244944.000
01/11/2010;33.00;33.65;32.14;32.80;1796609;59022316.000
01/12/2010;33.11;34.18;33.07;33.81;1812885;61316496.000
01/13/2010;33.15;35.00;32.80;34.30;1821417;61453420.000
01/14/2010;34.60;36.30;34.60;35.87;2531812;90271056.000
01/15/2010;35.59;36.00;34.51;34.93;1590074;55716452.000
01/18/2010;34.80;35.00;33.85;34.41;1271064;43651612.000
01/19/2010;34.05;34.60;33.60;33.93;1024119;34741168.000
01/20/2010;33.85;33.90;32.20;32.20;1555991;51013304.000
01/21/2010;32.42;33.00;32.40;32.71;673734;22027806.000
01/22/2010;32.40;32.42;30.70;31.19;1195573;37355112.000
01/25/2010;30.00;30.80;28.93;30.02;901116;27131718.000
01/26/2010;31.00;31.10;29.00;29.36;759368;22830392.000
01/27/2010;29.50;29.85;29.00;29.21;578955;17034154.000
01/28/2010;29.05;29.47;28.10;28.20;813503;23246970.000
01/29/2010;28.03;29.00;28.01;28.31;659427;18808342.000
02/01/2010;27.70;28.42;27.14;28.30;837395;23168604.000
02/02/2010;28.29;28.63;27.75;27.83;605554;17136200.000
02/03/2010;27.70;28.12;26.70;27.57;689582;18832080.000
02/04/2010;27.62;28.61;27.34;28.49;886424;24870134.000
02/05/2010;27.89;29.14;27.61;28.42;889848;25444628.000
02/08/2010;28.36;28.80;28.03;28.65;398487;11391090.000
02/09/2010;28.40;28.51;27.61;27.80;363873;10182632.000
02/10/2010;27.99;28.99;27.83;28.80;540271;15370852.000
02/11/2010;28.70;29.50;28.50;28.90;635018;18395684.000
02/12/2010;29.12;29.48;28.90;29.35;569616;16675059.000
02/22/2010;28.85;29.38;28.64;28.64;406096;11764045.000
02/23/2010;28.51;29.47;28.40;29.47;554909;15996305.000
02/24/2010;29.40;30.70;29.09;30.69;1047297;31730616.000
02/25/2010;30.69;31.18;30.40;30.80;814297;25074498.000
02/26/2010;30.50;31.08;30.50;30.77;512282;15788367.000
03/01/2010;31.20;31.50;30.66;30.98;598925;18596350.000
03/02/2010;30.98;31.44;30.81;31.08;584036;18152996.000
03/03/2010;31.21;31.80;31.00;31.50;996953;31332322.000
03/04/2010;31.50;31.68;29.51;30.00;804306;24784148.000
03/05/2010;30.05;30.58;29.81;30.45;482340;14602019.000
03/08/2010;30.45;31.23;30.15;30.99;537261;16526224.000
03/09/2010;31.00;32.39;30.66;32.28;1229662;38971284.000
03/10/2010;32.28;32.50;31.36;31.65;741379;23672122.000
03/11/2010;31.58;32.76;31.16;32.58;979571;31471440.000
03/12/2010;32.59;33.77;32.21;32.50;1593521;52813588.000
03/15/2010;32.60;32.63;31.60;31.88;805974;25796310.000
03/16/2010;31.93;32.34;31.33;31.59;513201;16250086.000
03/17/2010;31.60;33.98;31.60;33.70;1575967;52388396.000
03/18/2010;33.40;33.97;33.11;33.50;1145853;38445148.000
03/19/2010;33.62;33.62;32.93;33.55;773350;25767650.000
03/22/2010;33.56;34.75;33.36;34.00;1125236;38498948.000
03/23/2010;34.00;35.05;33.30;34.54;1389600;47713316.000
