300030 阳普医疗 日线
      日期	    开盘	    最高	    最低	    收盘	    成交量	    成交额
12/25/2009;35.02;40.00;33.90;33.99;10243076;370905248.000
12/28/2009;33.50;35.60;33.41;34.60;3643550;126415856.000
12/29/2009;34.30;35.60;34.00;35.50;3344595;117297496.000
12/30/2009;35.11;37.40;34.90;35.70;3948122;142787728.000
12/31/2009;35.80;35.88;34.60;35.10;1893480;66268712.000
01/04/2010;35.13;35.40;34.46;34.64;1211592;42037504.000
01/05/2010;34.50;34.81;33.61;34.00;1533595;52111944.000
01/06/2010;34.06;34.30;33.72;33.96;1253964;42658308.000
01/07/2010;33.99;34.20;33.31;33.41;1104888;37352276.000
01/08/2010;33.10;33.20;31.51;32.07;1793617;57550596.000
01/11/2010;32.08;32.15;31.00;31.42;1202811;37893580.000
01/12/2010;31.50;32.50;31.44;32.20;1257231;40359336.000
01/13/2010;31.98;32.28;31.58;31.82;895298;28527220.000
01/14/2010;31.93;33.38;31.93;33.01;1537452;50488420.000
01/15/2010;33.10;33.50;32.60;32.80;746182;24492946.000
01/18/2010;32.80;32.90;32.28;32.44;654046;21269424.000
01/19/2010;32.58;32.58;31.45;31.87;855085;27194070.000
01/20/2010;31.90;31.90;30.40;30.60;1122752;34932672.000
01/21/2010;30.67;31.14;30.47;30.89;454359;13979794.000
01/22/2010;30.50;30.50;28.73;28.88;1279453;37446388.000
01/25/2010;28.90;28.98;27.94;28.02;800091;22619486.000
01/26/2010;28.15;28.56;27.68;27.77;631490;17759614.000
01/27/2010;28.15;28.25;27.60;28.09;572929;16059214.000
01/28/2010;28.07;28.07;26.90;27.17;686760;18724258.000
01/29/2010;26.99;27.56;26.51;26.89;620738;16883142.000
02/01/2010;26.49;26.49;25.50;25.88;948087;24544510.000
02/02/2010;25.93;27.17;25.93;26.77;1131865;30262182.000
02/03/2010;26.80;26.80;25.51;26.60;733106;19289932.000
02/04/2010;26.26;28.00;26.25;27.50;1280603;35258484.000
02/05/2010;26.90;27.70;26.71;27.10;884927;23950786.000
02/08/2010;27.27;27.95;26.90;27.55;488618;13390098.000
02/09/2010;27.49;27.85;26.92;27.18;391150;10694573.000
02/10/2010;27.48;27.99;27.16;27.88;672651;18638548.000
02/11/2010;27.92;28.15;27.55;27.68;647614;17998680.000
02/12/2010;27.62;27.95;27.40;27.72;504872;13975238.000
02/22/2010;27.50;27.69;26.85;26.85;469130;12763325.000
02/23/2010;26.90;27.02;26.52;26.98;350676;9398457.000
02/24/2010;26.81;28.88;26.80;28.70;1483338;41822436.000
02/25/2010;28.70;29.55;28.70;29.06;1365485;39878420.000
02/26/2010;28.97;30.50;28.30;30.10;1264007;37498476.000
03/01/2010;30.00;30.39;29.41;29.95;865200;25890682.000
03/02/2010;29.96;30.45;29.63;29.72;703477;21008494.000
03/03/2010;29.72;29.99;29.30;29.49;720259;21218060.000
03/04/2010;29.31;29.68;28.12;28.19;713267;20690374.000
03/05/2010;28.18;28.77;28.18;28.50;387773;11051572.000
03/08/2010;28.69;29.00;28.45;28.92;339187;9765332.000
03/09/2010;28.95;29.27;28.50;29.24;473338;13736945.000
03/10/2010;29.24;29.45;28.75;28.90;361284;10507987.000
03/11/2010;28.90;29.37;28.33;29.37;516829;14975598.000
03/12/2010;29.18;30.40;29.18;29.82;1423929;42671736.000
03/15/2010;29.60;30.20;29.38;29.98;674627;20148366.000
03/16/2010;29.98;30.16;28.84;29.30;556834;16441660.000
03/17/2010;29.12;29.98;29.12;29.94;605221;18003378.000
03/18/2010;30.20;30.34;29.80;30.00;706956;21238952.000
03/19/2010;29.89;30.37;29.85;30.37;876266;26453942.000
03/22/2010;30.40;31.29;30.16;31.05;1143469;35197476.000
03/23/2010;30.80;31.82;30.50;31.36;1371200;42778952.000
