399329 中小板指 日线
      日期	    开盘	    最高	    最低	    收盘	    成交量	    成交额
01/24/2006;1457.22;1471.20;1446.44;1459.20;906549;788028992.000
01/25/2006;1456.09;1463.72;1414.45;1430.02;1156780;924779200.000
02/06/2006;1433.44;1482.33;1433.44;1482.33;812891;731032256.000
02/07/2006;1483.45;1485.69;1450.15;1463.92;1026231;935385024.000
02/08/2006;1459.67;1469.49;1446.54;1469.49;609552;537168704.000
02/09/2006;1470.10;1481.80;1463.44;1465.88;729756;622901440.000
02/10/2006;1468.72;1485.81;1467.04;1485.81;780154;641062400.000
02/13/2006;1488.59;1511.61;1488.59;1508.13;778499;711722752.000
02/14/2006;1508.67;1529.09;1506.21;1527.94;682076;666247232.000
02/15/2006;1529.76;1533.50;1513.07;1516.95;730321;648381248.000
02/16/2006;1517.42;1517.80;1461.29;1465.30;953169;806921216.000
02/17/2006;1463.23;1473.73;1440.05;1440.05;790989;692039360.000
02/20/2006;1432.93;1436.11;1395.43;1396.42;799557;645323776.000
02/21/2006;1389.61;1434.71;1383.95;1434.71;699578;554539136.000
02/22/2006;1437.23;1445.28;1423.46;1425.01;669154;536820992.000
02/23/2006;1421.52;1425.80;1400.00;1413.08;597853;461190624.000
02/24/2006;1412.94;1445.91;1412.94;1442.34;666668;521733440.000
02/27/2006;1444.14;1444.14;1416.23;1423.15;498620;415198848.000
02/28/2006;1421.18;1438.80;1402.16;1438.80;482814;430261792.000
03/01/2006;1439.10;1477.53;1435.53;1472.62;629413;608709504.000
03/02/2006;1472.09;1472.09;1424.47;1432.50;640209;571687552.000
03/03/2006;1430.02;1440.65;1414.39;1439.12;607480;543821504.000
03/06/2006;1439.78;1447.48;1429.66;1436.70;446774;388393248.000
03/07/2006;1435.28;1435.28;1389.87;1391.46;509867;426459520.000
03/08/2006;1387.41;1405.07;1377.72;1399.76;398050;339002592.000
03/09/2006;1398.59;1406.91;1391.04;1394.22;409678;299506080.000
03/10/2006;1395.39;1404.75;1389.64;1397.12;296558;241283360.000
03/13/2006;1393.58;1410.60;1389.03;1404.18;319889;269326944.000
03/14/2006;1403.57;1409.25;1398.76;1406.65;314848;265182864.000
03/15/2006;1405.41;1430.89;1404.30;1429.41;450613;405990336.000
03/16/2006;1429.59;1432.06;1419.59;1431.95;373705;332353440.000
03/17/2006;1433.13;1435.06;1420.22;1424.81;362333;291022112.000
03/20/2006;1426.16;1438.36;1413.73;1438.36;437201;353040768.000
03/21/2006;1439.14;1452.01;1435.13;1443.41;539900;426918880.000
03/22/2006;1443.60;1464.01;1438.35;1464.01;492729;403478400.000
03/23/2006;1462.74;1492.54;1462.74;1488.75;826167;667810304.000
03/24/2006;1488.73;1491.39;1469.38;1473.56;657308;539080832.000
03/27/2006;1476.54;1491.65;1469.75;1491.65;714107;524957184.000
03/28/2006;1494.36;1507.82;1490.81;1504.69;619008;558700928.000
03/29/2006;1504.51;1522.46;1501.68;1510.24;726755;640011136.000
03/30/2006;1508.17;1514.27;1489.33;1490.96;627525;552113984.000
03/31/2006;1488.64;1506.64;1481.98;1506.01;557902;510032896.000
04/03/2006;1505.26;1549.40;1505.26;1549.40;801232;772262784.000
04/04/2006;1556.18;1578.79;1546.10;1578.79;827789;849562816.000
04/05/2006;1582.29;1622.68;1582.29;1608.92;1133894;1045017920.000
04/06/2006;1607.52;1620.66;1592.90;1597.18;967368;887546688.000
04/07/2006;1596.53;1599.35;1575.00;1591.73;818489;734208000.000
04/10/2006;1595.62;1631.23;1595.62;1627.16;987783;905924224.000
04/11/2006;1629.26;1635.93;1617.87;1627.91;958736;829168512.000
04/12/2006;1627.97;1641.44;1620.78;1627.92;1080280;870376512.000
04/13/2006;1626.04;1643.77;1582.75;1582.75;1110266;985417472.000
04/14/2006;1571.25;1632.16;1569.84;1631.31;1026058;892588992.000
04/17/2006;1630.54;1685.68;1622.90;1671.56;1634015;1373035136.000
04/18/2006;1675.51;1675.61;1643.02;1653.00;1217575;1055997248.000
04/19/2006;1650.67;1669.46;1630.40;1667.84;1069231;1043372416.000
04/20/2006;1665.80;1669.32;1641.11;1654.09;1006947;932974016.000
04/21/2006;1646.30;1691.18;1626.99;1681.90;1164354;1098134528.000
04/24/2006;1681.50;1681.75;1628.49;1642.61;1360081;1218020480.000
04/25/2006;1632.94;1638.50;1602.16;1620.86;978851;861739520.000
04/26/2006;1618.06;1683.66;1612.81;1678.63;1117223;1096699008.000
04/27/2006;1678.87;1680.29;1644.59;1657.68;896607;859606784.000
04/28/2006;1638.91;1738.94;1615.52;1721.62;1474828;1425708160.000
05/08/2006;1724.51;1750.02;1724.51;1748.23;1222532;1135406336.000
05/09/2006;1753.17;1823.99;1741.95;1813.30;1458156;1315931264.000
05/10/2006;1854.32;1862.09;1820.01;1854.92;1419283;1421364992.000
05/11/2006;1855.96;1930.22;1840.30;1843.42;1932344;1792002944.000
05/12/2006;1842.65;1930.06;1834.44;1930.06;1703256;1496886144.000
05/15/2006;1977.01;2033.06;1940.86;2033.06;2238311;2023673600.000
05/16/2006;2038.43;2043.87;1918.44;1925.15;2152482;2046557696.000
05/17/2006;1921.32;1962.84;1884.14;1922.07;1650084;1605355776.000
05/18/2006;1916.03;1980.83;1881.24;1973.59;1488949;1358662912.000
05/19/2006;1979.85;2110.12;1979.85;2107.81;2445353;2206643200.000
05/22/2006;2135.32;2175.00;2110.55;2121.52;2431269;2263279616.000
05/23/2006;2096.70;2096.70;1972.79;1972.79;1874388;1838169600.000
05/24/2006;1973.19;2015.72;1888.24;1924.74;1455313;1297109248.000
05/25/2006;1920.19;1967.27;1902.88;1957.64;942281;834578176.000
05/26/2006;1970.86;2024.15;1966.47;2020.90;1347626;1220883072.000
05/29/2006;2047.90;2072.88;2026.35;2063.20;1359732;1226164992.000
05/30/2006;2074.85;2079.46;2030.21;2079.22;1310889;1240088832.000
05/31/2006;2078.19;2106.69;2056.79;2085.92;1497278;1426924800.000
06/01/2006;2089.11;2195.07;2089.11;2195.07;2127938;1985318272.000
06/02/2006;2215.14;2238.62;2162.70;2225.94;2365935;2276130304.000
06/05/2006;2233.87;2305.74;2233.87;2298.22;2095544;2069384320.000
06/06/2006;2286.61;2286.61;2200.43;2210.48;1451220;1439697152.000
06/07/2006;2203.80;2206.45;2038.09;2038.09;1597572;1470617600.000
06/08/2006;2005.84;2067.08;1977.47;2067.08;1310495;1182489088.000
06/09/2006;2069.98;2129.54;2043.99;2091.36;1320793;1331374976.000
06/12/2006;2083.31;2145.42;2061.39;2141.83;777000;817351680.000
06/13/2006;2152.92;2171.86;2133.10;2152.21;832125;874043520.000
06/14/2006;2141.46;2157.45;2096.55;2156.92;695035;708108480.000
06/15/2006;2154.86;2197.47;2144.89;2168.74;883854;896922560.000
06/16/2006;2177.24;2232.63;2177.24;2232.63;1370669;1334096768.000
06/19/2006;2230.50;2245.65;2202.95;2218.65;1413100;1305096576.000
06/20/2006;2205.68;2243.88;2198.68;2240.22;1168379;1126194560.000
06/21/2006;2242.13;2245.58;2215.46;2222.55;982156;938419904.000
06/22/2006;2254.94;2254.94;2174.12;2192.13;926363;922840576.000
06/23/2006;2183.52;2190.56;2153.09;2190.48;776444;707736128.000
06/26/2006;2182.41;2216.14;2181.93;2213.58;995259;929298752.000
06/27/2006;2221.53;2235.30;2201.70;2231.56;1265442;1488703360.000
06/28/2006;2231.42;2243.69;2221.13;2226.90;1303592;1528460416.000
06/29/2006;2225.16;2264.67;2225.16;2264.38;1602049;1824865536.000
06/30/2006;2269.11;2274.57;2221.32;2231.11;1428887;1472486016.000
07/03/2006;2230.99;2240.58;2220.86;2240.58;1368865;1436594688.000
07/04/2006;2241.41;2246.72;2209.17;2223.79;1441797;1434789376.000
07/05/2006;2219.05;2231.27;2192.27;2224.11;1268358;1221440512.000
07/06/2006;2223.12;2289.70;2221.54;2285.19;1833849;1881075584.000
07/07/2006;2291.63;2297.06;2247.78;2256.15;1719376;1791445504.000
07/10/2006;2248.73;2282.79;2239.92;2279.94;1686358;1656819712.000
07/11/2006;2277.87;2319.07;2266.82;2314.49;1854428;1887094528.000
07/12/2006;2306.41;2320.28;2283.89;2289.54;1595273;1606131456.000
07/13/2006;2281.47;2286.25;2149.15;2167.15;2388829;2308935424.000
07/14/2006;2141.53;2205.49;2134.05;2186.49;1428966;1310690432.000
07/17/2006;2172.82;2201.12;2157.32;2201.12;1319663;1201626368.000
07/18/2006;2198.61;2199.72;2171.02;2196.70;975124;928869888.000
07/19/2006;2195.95;2195.95;2123.64;2158.76;1111067;1076249984.000
07/20/2006;2152.13;2177.10;2144.04;2170.06;730991;729219520.000
07/21/2006;2169.45;2198.59;2167.25;2194.90;624481;603539392.000
07/24/2006;2170.81;2185.82;2142.61;2181.15;738015;735660288.000
07/25/2006;2173.64;2207.54;2173.23;2197.73;686047;665852032.000
07/26/2006;2198.27;2205.86;2174.91;2187.73;858470;916770816.000
07/27/2006;2183.98;2187.67;2143.79;2160.90;937153;979570432.000
07/28/2006;2155.38;2159.67;2112.76;2123.43;946371;932643712.000
07/31/2006;2115.14;2115.14;2005.37;2005.56;985940;910688448.000
08/01/2006;2006.86;2022.96;1983.27;1988.35;632113;569153472.000
08/02/2006;1988.78;1999.67;1950.37;1987.39;739894;758618752.000
08/03/2006;1983.18;1995.54;1949.38;1963.96;982558;1198574848.000
08/04/2006;1959.72;1964.04;1898.24;1898.85;879420;970471488.000
08/07/2006;1891.57;1909.66;1865.91;1868.78;781493;792796096.000
08/08/2006;1865.16;1909.42;1865.16;1909.42;708781;701863168.000
08/09/2006;1908.80;1908.80;1882.81;1901.60;673744;671908352.000
08/10/2006;1896.24;1924.53;1893.49;1924.53;621880;588899520.000
08/11/2006;1945.23;1956.65;1919.68;1954.97;1157895;1112762112.000
08/14/2006;1949.69;1972.99;1897.38;1902.57;1085816;977672064.000
08/15/2006;1895.53;1931.84;1891.50;1929.38;833818;774174272.000
08/16/2006;1927.74;1963.23;1923.63;1960.88;896536;837230848.000
08/17/2006;1957.11;1957.11;1923.14;1936.02;924290;879679616.000
08/18/2006;1934.24;1936.87;1910.39;1912.58;685860;690252032.000
08/21/2006;1869.22;1933.28;1850.80;1933.07;922714;818631552.000
08/22/2006;1932.32;1963.25;1927.31;1962.44;1020640;936532544.000
08/23/2006;1960.98;1974.58;1958.83;1968.44;976345;864873408.000
08/24/2006;1966.59;2001.00;1959.28;2001.00;1533447;1624343296.000
08/25/2006;2000.40;2029.11;1994.71;2012.06;1733385;1880886528.000
08/28/2006;2017.04;2046.58;2015.72;2043.60;1359021;1446542336.000
08/29/2006;2046.64;2116.88;2046.53;2096.53;1681649;1946456960.000
08/30/2006;2091.37;2095.40;2071.58;2092.83;1293882;1430560768.000
08/31/2006;2093.78;2103.55;2085.78;2098.45;1134768;1273485568.000
09/01/2006;2100.07;2108.04;2068.22;2091.64;1389759;1510538496.000
09/04/2006;2087.83;2149.48;2085.25;2149.48;1329657;1341868800.000
09/05/2006;2146.92;2146.92;2106.72;2114.94;963268;1060970048.000
09/06/2006;2111.55;2118.31;2089.29;2107.92;644785;679811648.000
09/07/2006;2110.68;2110.68;2081.41;2097.08;864881;943777088.000
09/08/2006;2094.07;2118.10;2082.39;2114.58;1092367;1299815296.000
09/11/2006;2111.08;2115.67;2084.80;2115.67;810290;959562112.000
09/12/2006;2113.35;2122.09;2107.97;2117.52;877543;975469952.000
09/13/2006;2115.29;2126.64;2096.85;2097.35;973535;1055460544.000
09/14/2006;2090.64;2093.68;2054.35;2076.39;916745;1043405952.000
09/15/2006;2077.63;2095.03;2073.56;2092.20;871587;864410112.000
09/18/2006;2095.42;2114.75;2089.31;2114.75;1343194;1301671808.000
09/19/2006;2118.20;2132.52;2110.42;2130.63;1191649;1219918208.000
09/20/2006;2130.56;2144.35;2114.30;2139.23;1135253;1249194496.000
09/21/2006;2135.74;2167.45;2133.24;2166.86;1406985;1401711360.000
09/22/2006;2166.34;2193.96;2157.15;2180.92;1228968;1340999040.000
09/25/2006;2179.43;2214.28;2170.43;2193.25;1080986;1206703744.000
09/26/2006;2192.73;2201.54;2152.53;2155.33;724488;779007744.000
09/27/2006;2151.27;2164.00;2136.29;2156.46;777726;874249600.000
09/28/2006;2158.55;2187.64;2153.93;2182.54;912052;949241152.000
09/29/2006;2186.93;2209.70;2185.83;2202.39;1192505;1556560896.000
10/09/2006;2213.27;2240.17;2207.57;2240.17;1101229;1330312960.000
10/10/2006;2242.30;2251.30;2223.21;2239.86;1146418;1396609280.000
10/11/2006;2233.33;2261.73;2231.07;2261.73;1231025;1430856064.000
10/12/2006;2261.17;2261.17;2215.29;2215.94;1083376;1200358400.000
10/13/2006;2208.37;2218.45;2195.97;2209.76;1001938;1173643520.000
10/16/2006;2210.65;2214.81;2182.58;2187.21;1037468;1124357888.000
10/17/2006;2182.55;2189.21;2172.48;2178.35;854362;860328896.000
10/18/2006;2178.10;2197.69;2172.58;2197.14;720247;718330752.000
10/19/2006;2198.81;2220.37;2196.50;2216.00;1357347;1563275136.000
10/20/2006;2214.13;2217.82;2191.78;2193.96;1222155;1383953536.000
10/23/2006;2190.82;2192.58;2125.11;2130.10;1216086;1293514368.000
10/24/2006;2127.22;2173.28;2127.22;2171.97;959775;1056308800.000
10/25/2006;2172.54;2201.10;2167.14;2181.87;1108587;1273785984.000
10/26/2006;2181.59;2182.17;2154.57;2164.94;1394131;1501314048.000
10/27/2006;2162.48;2163.16;2118.37;2144.48;1168880;1185075072.000
10/30/2006;2128.55;2128.55;2102.61;2120.63;1140028;1214824064.000
10/31/2006;2119.70;2134.28;2117.70;2133.16;842926;846463104.000
11/01/2006;2134.46;2139.67;2113.87;2126.88;1046847;1097953280.000
11/02/2006;2123.63;2123.63;2082.06;2098.69;1078535;1167100288.000
11/03/2006;2095.68;2115.45;2095.68;2106.97;1020762;1045380288.000
11/06/2006;2098.07;2101.49;2081.73;2083.43;885888;874556288.000
11/07/2006;2083.26;2098.05;2061.81;2093.98;1232461;1362504576.000
11/08/2006;2092.95;2106.99;2077.29;2106.27;857685;914888832.000
11/09/2006;2105.24;2130.90;2096.69;2129.86;944613;1068713152.000
11/10/2006;2129.07;2129.38;2066.17;2079.75;991540;1045037504.000
11/13/2006;2072.34;2074.34;2009.99;2019.81;1231658;1262155648.000
11/14/2006;2014.72;2041.36;1995.65;2040.61;886856;970320896.000
11/15/2006;2042.15;2100.07;2036.76;2094.50;1036937;1238051840.000
11/16/2006;2095.62;2130.48;2095.62;2100.15;1268593;1574689536.000
11/17/2006;2096.15;2111.69;2077.11;2109.33;1360271;1642333440.000
11/20/2006;2113.92;2115.18;2063.31;2086.65;1295512;1518574720.000
11/21/2006;2085.48;2109.02;2064.13;2106.35;1586235;1788102912.000
11/22/2006;2103.20;2161.98;2096.03;2152.62;1578982;1885561984.000
11/23/2006;2150.14;2157.03;2135.50;2157.03;1565816;1784249728.000
11/24/2006;2155.21;2170.56;2130.18;2167.86;1307403;1495272704.000
11/27/2006;2173.53;2200.36;2167.05;2199.97;1461314;1622618240.000
11/28/2006;2201.63;2229.72;2195.57;2229.41;1558971;1812508416.000
11/29/2006;2209.11;2256.48;2183.57;2254.50;1892215;2143994496.000
11/30/2006;2256.81;2287.58;2253.73;2281.28;2142832;2342079488.000
12/01/2006;2277.97;2296.60;2273.41;2290.01;2286072;2609857280.000
12/04/2006;2290.73;2352.84;2290.73;2328.80;2429236;2817609728.000
12/05/2006;2330.04;2337.84;2300.29;2308.82;2361454;2676025856.000
12/06/2006;2306.59;2314.08;2230.93;2289.40;3175579;3374248192.000
12/07/2006;2287.88;2310.39;2261.03;2261.03;2829484;2965879808.000
12/08/2006;2242.76;2266.84;2212.17;2217.19;2039294;2166484480.000
12/11/2006;2207.01;2257.51;2207.01;2257.51;1518919;1615317632.000
12/12/2006;2260.93;2284.79;2250.51;2279.53;1972459;2299971840.000
12/13/2006;2282.43;2330.72;2272.73;2330.72;1645560;2104846464.000
12/14/2006;2330.63;2367.18;2329.04;2364.98;1707055;2027990528.000
12/15/2006;2367.74;2387.72;2355.76;2386.34;1724291;2027005056.000
12/18/2006;2387.09;2435.41;2387.09;2431.99;2452912;2984314624.000
12/19/2006;2436.71;2449.67;2403.32;2443.87;2785969;3539427584.000
12/20/2006;2433.01;2519.00;2408.62;2513.30;2849013;3358440448.000
12/21/2006;2516.74;2540.44;2468.20;2471.80;2655925;3153338624.000
12/22/2006;2455.22;2480.28;2432.68;2446.79;1904357;2276973568.000
12/25/2006;2448.09;2504.10;2448.09;2476.78;2050202;2576151296.000
12/26/2006;2480.26;2497.17;2434.03;2449.74;1970825;2445796608.000
12/27/2006;2441.96;2467.09;2437.30;2450.96;1712652;2129865216.000
12/28/2006;2451.92;2460.35;2396.94;2416.36;1918252;2432342528.000
12/29/2006;2420.84;2480.80;2420.10;2467.70;1859402;2415755264.000
01/04/2007;2483.47;2509.04;2446.36;2449.77;2238913;2742663680.000
01/05/2007;2446.07;2531.71;2437.30;2530.35;1918995;2350053888.000
01/08/2007;2536.59;2587.86;2535.48;2587.86;2496525;3042238464.000
01/09/2007;2597.22;2628.55;2586.10;2615.61;2691199;3296566016.000
01/10/2007;2621.02;2661.63;2601.33;2661.63;2899176;3388067840.000
01/11/2007;2664.20;2732.70;2649.99;2679.71;3390472;4029343744.000
01/12/2007;2666.56;2701.94;2609.11;2613.10;2601032;3178733824.000
01/15/2007;2610.36;2757.44;2610.36;2756.58;2353333;3004562432.000
01/16/2007;2771.08;2879.94;2766.99;2879.58;3122575;3950065664.000
01/17/2007;2886.93;2983.36;2784.19;2868.18;3982452;5019763712.000
01/18/2007;2864.88;2984.93;2854.30;2982.41;3392660;4118199296.000
01/19/2007;2998.17;3128.05;2998.17;3127.38;4153491;5208858624.000
01/22/2007;3188.09;3298.67;3180.84;3298.21;4354530;5623835648.000
01/23/2007;3308.05;3321.13;3166.52;3229.45;3670800;4939796480.000
01/24/2007;3217.15;3268.37;3166.49;3258.06;2960502;3979432448.000
01/25/2007;3235.22;3235.22;3119.20;3125.91;3057689;4126511616.000
01/26/2007;3077.44;3154.51;2979.21;3134.63;2527538;3348708352.000
01/29/2007;3131.22;3196.20;3119.90;3183.05;2711205;3474117120.000
01/30/2007;3193.82;3253.02;3171.79;3230.92;2647012;3519734784.000
01/31/2007;3222.81;3240.82;3039.06;3079.81;2674712;3618807040.000
02/01/2007;3058.56;3138.05;3014.79;3131.19;2175948;2940523520.000
02/02/2007;3125.64;3139.02;3076.91;3087.21;1886823;2638167808.000
02/05/2007;3069.81;3100.97;3035.36;3074.82;1581220;2097675520.000
02/06/2007;3058.67;3079.29;2991.11;3079.29;1820657;2620662272.000
02/07/2007;3081.28;3126.61;3072.34;3096.16;1992790;2639923200.000
02/08/2007;3099.61;3117.76;3077.74;3117.76;2048726;2585670912.000
02/09/2007;3113.01;3133.40;3098.67;3124.28;1735400;2253131776.000
02/12/2007;3125.02;3221.23;3114.23;3219.97;2155325;2706408960.000
02/13/2007;3229.42;3262.26;3212.43;3262.26;2149827;2704266496.000
02/14/2007;3265.07;3309.29;3259.97;3302.82;2578596;3184461056.000
02/15/2007;3307.24;3379.26;3307.24;3375.29;2735060;3601208320.000
02/16/2007;3393.83;3433.67;3374.79;3395.53;2945364;3819454720.000
02/26/2007;3395.94;3424.48;3358.86;3424.48;2968931;3835407360.000
02/27/2007;3422.16;3424.12;3100.96;3102.62;4158860;5364205568.000
02/28/2007;3085.67;3182.78;3080.39;3178.46;3126957;4001009920.000
03/01/2007;3192.26;3192.26;3061.67;3103.45;3247796;4048396544.000
03/02/2007;3107.25;3180.07;3107.25;3159.37;2463869;2955887872.000
03/05/2007;3164.12;3213.28;3092.66;3171.50;2972136;3552513792.000
03/06/2007;3163.17;3206.62;3138.44;3195.75;1973684;2456122368.000
03/07/2007;3200.31;3305.74;3200.31;3300.22;2074463;2765488896.000
03/08/2007;3308.01;3361.17;3281.16;3361.17;2390646;3187118336.000
03/09/2007;3363.61;3373.77;3313.92;3333.14;2618291;3547881984.000
03/12/2007;3346.85;3382.45;3307.26;3369.28;2828673;3709118976.000
03/13/2007;3372.61;3379.40;3347.18;3367.88;2751571;3741600000.000
03/14/2007;3346.24;3364.79;3256.75;3343.65;3070905;4216823040.000
03/15/2007;3340.61;3419.77;3340.61;3419.77;3160556;4377722368.000
03/16/2007;3432.24;3439.67;3337.00;3394.81;3298557;4665324544.000
03/19/2007;3289.87;3430.46;3270.49;3413.41;2696807;3745925632.000
03/20/2007;3416.34;3448.46;3397.89;3442.10;2427029;3417566976.000
03/21/2007;3453.64;3473.59;3427.45;3473.59;2546687;3553302528.000
03/22/2007;3478.72;3519.67;3476.97;3486.64;2896877;4122150912.000
03/23/2007;3487.74;3552.10;3458.50;3552.10;2824030;3985119232.000
03/26/2007;3561.96;3619.59;3561.96;3618.93;3219762;4510193664.000
03/27/2007;3621.23;3623.10;3582.63;3614.45;3226686;4631931392.000
03/28/2007;3620.17;3628.49;3471.72;3591.30;4094486;5698376192.000
03/29/2007;3588.76;3605.00;3526.73;3549.13;3338453;4839299584.000
03/30/2007;3539.92;3590.07;3513.41;3584.10;2297273;3347508224.000
04/02/2007;3597.78;3639.98;3575.38;3639.93;2295898;3561335552.000
04/03/2007;3643.15;3698.74;3628.76;3698.74;2275351;3642748672.000
04/04/2007;3701.43;3716.37;3675.05;3710.87;2786334;4199694336.000
04/05/2007;3711.83;3742.41;3686.18;3742.41;2622897;3867802368.000
04/06/2007;3734.51;3805.45;3710.22;3805.45;2764920;4345119232.000
04/09/2007;3818.69;3856.66;3818.69;3853.03;3141461;4595729920.000
04/10/2007;3865.39;3907.77;3788.48;3904.30;3436488;5584263680.000
04/11/2007;3916.95;3929.58;3847.97;3929.42;3550654;5910781952.000
04/12/2007;3935.30;4043.01;3918.54;4038.66;3667738;6444260864.000
04/13/2007;4052.24;4138.48;4036.74;4073.95;3991316;7175698432.000
04/16/2007;4077.03;4224.34;4077.03;4224.14;3430530;6052541952.000
04/17/2007;4253.11;4280.35;4129.82;4255.68;4209323;7390651904.000
04/18/2007;4262.65;4296.61;4203.19;4291.66;4002128;7004122112.000
04/19/2007;4287.68;4287.68;3972.69;4062.07;4398179;7416379904.000
04/20/2007;4077.40;4230.28;4077.40;4215.05;3413257;5841949696.000
04/23/2007;4256.82;4319.63;4253.63;4314.59;4235848;7499317248.000
04/24/2007;4337.15;4345.65;4271.14;4295.76;4646986;8115799040.000
04/25/2007;4277.94;4290.03;4171.50;4260.52;3643486;6272137216.000
04/26/2007;4265.70;4306.94;4255.39;4294.25;2754079;4988936192.000
04/27/2007;4294.01;4294.01;4191.97;4208.46;2592716;4492516352.000
04/30/2007;4205.14;4274.74;4199.82;4272.82;3237473;5777083904.000
05/08/2007;4315.48;4371.67;4307.20;4371.62;3555026;5995845632.000
05/09/2007;4405.59;4419.61;4223.33;4369.74;3792498;6985459200.000
05/10/2007;4379.90;4379.90;4313.34;4344.64;3274340;5699001856.000
05/11/2007;4323.70;4323.70;4238.54;4294.03;3317269;5916412928.000
05/14/2007;4246.12;4381.73;4204.25;4354.79;3330368;6023276032.000
05/15/2007;4366.86;4374.07;4226.95;4229.64;2977691;5284441600.000
05/16/2007;4221.74;4315.84;4185.99;4315.77;2739883;5064354304.000
05/17/2007;4333.57;4461.36;4323.64;4450.15;3446648;6314810880.000
05/18/2007;4456.01;4552.32;4420.72;4541.09;3107342;6040799232.000
05/21/2007;4419.83;4662.56;4395.62;4638.42;3645459;6779796480.000
05/22/2007;4649.63;4698.12;4625.11;4661.00;4355952;8106267648.000
05/23/2007;4672.93;4764.13;4656.62;4759.18;4016389;7414597120.000
05/24/2007;4770.91;4787.34;4619.33;4690.84;4058262;7536264192.000
05/25/2007;4680.72;4800.70;4658.04;4786.82;3849807;7302089728.000
05/28/2007;4822.24;4952.83;4822.24;4911.35;4741180;8938890240.000
05/29/2007;4930.17;5046.58;4929.14;5046.58;4521509;8621953024.000
05/30/2007;4695.57;4980.21;4605.07;4650.54;5610336;10667110400.000
05/31/2007;4626.03;4756.43;4362.86;4683.00;4797721;8720146432.000
06/01/2007;4708.15;4773.26;4443.80;4477.23;4571962;8485679104.000
06/04/2007;4498.08;4512.96;4166.93;4173.60;3719968;6221742080.000
06/05/2007;4070.14;4242.04;3904.78;4241.93;4004337;6241162752.000
06/06/2007;4274.67;4363.40;4178.99;4335.99;3525050;5635045376.000
06/07/2007;4351.56;4545.94;4350.73;4526.64;3572832;6169922560.000
06/08/2007;4551.42;4612.83;4503.48;4574.79;3480333;5890647552.000
06/11/2007;4606.49;4724.89;4606.49;4724.85;3484853;6439584768.000
06/12/2007;4750.57;4846.93;4604.80;4846.01;4131742;7734008832.000
06/13/2007;4873.86;4982.31;4873.86;4975.88;4412464;8026876928.000
06/14/2007;4971.45;5045.63;4870.10;4975.46;3931280;6855404032.000
06/15/2007;4942.23;5023.44;4896.07;5010.57;3123308;5782412288.000
06/18/2007;5074.52;5155.67;5074.52;5140.84;4235011;7950401024.000
06/19/2007;5157.02;5197.83;5103.04;5183.64;3963748;7185927680.000
06/20/2007;5185.46;5189.96;5000.36;5035.81;4015885;7141261824.000
06/21/2007;4999.30;5064.37;4898.13;5000.61;3249908;5902909952.000
06/22/2007;4986.40;5003.82;4651.50;4731.25;3252040;5733259264.000
06/25/2007;4741.60;4799.91;4507.78;4532.24;2714501;4612391424.000
06/26/2007;4471.20;4619.97;4379.09;4619.88;2396718;3927159296.000
06/27/2007;4639.56;4773.59;4623.07;4766.82;2512326;4423677952.000
06/28/2007;4757.80;4780.88;4486.66;4489.29;2430077;4137430272.000
06/29/2007;4395.12;4449.36;4250.59;4345.52;2240508;3678872832.000
07/02/2007;4335.31;4417.07;4265.57;4386.31;1793430;2882815488.000
07/03/2007;4409.07;4485.77;4402.64;4485.77;1646486;2788257536.000
07/04/2007;4498.12;4504.38;4380.50;4389.75;1481719;2464289792.000
07/05/2007;4356.96;4356.96;4186.83;4188.00;1582122;2555343104.000
07/06/2007;4159.12;4392.78;4138.84;4386.41;1944678;3152377856.000
07/09/2007;4424.23;4494.71;4396.14;4477.25;2237993;3613971200.000
07/10/2007;4481.57;4481.57;4329.14;4339.30;1683266;2760788736.000
07/11/2007;4325.27;4380.00;4307.29;4360.55;1205693;2037664896.000
07/12/2007;4372.92;4443.13;4361.26;4443.13;1322727;2357187584.000
07/13/2007;4448.69;4451.17;4398.79;4443.90;1189699;1974421120.000
07/16/2007;4460.15;4476.83;4384.94;4384.94;1233839;2326376448.000
07/17/2007;4379.32;4483.38;4354.22;4456.72;1113315;2111574784.000
07/18/2007;4455.06;4505.48;4418.54;4453.90;1408576;2411056128.000
07/19/2007;4446.62;4499.34;4435.26;4492.53;1157091;2047828864.000
07/20/2007;4490.50;4697.74;4490.50;4694.41;2078599;3716564480.000
07/23/2007;4713.62;4863.62;4713.62;4863.05;2794449;4928045568.000
07/24/2007;4883.10;4927.25;4843.45;4847.52;2891665;4851593216.000
07/25/2007;4841.20;4910.48;4826.83;4910.48;2329114;4191438592.000
07/26/2007;4927.92;4982.69;4895.12;4959.31;2788491;5027895808.000
07/27/2007;4943.44;4990.74;4882.92;4988.02;2900950;5217950720.000
07/30/2007;4979.50;5079.68;4979.50;5079.68;3410488;6219805696.000
07/31/2007;5071.40;5184.79;5059.44;5171.87;3368378;6524076544.000
08/01/2007;5187.04;5208.62;4963.24;4970.74;3726517;7101526016.000
08/02/2007;4988.15;5139.50;4988.15;5139.05;2979851;6386396160.000
08/03/2007;5168.52;5254.91;5168.52;5245.64;3564434;7750994432.000
08/06/2007;5294.48;5358.36;5255.87;5348.65;3504567;7298086912.000
08/07/2007;5349.35;5441.82;5264.50;5381.53;3583989;7178813952.000
08/08/2007;5341.23;5382.59;5168.77;5256.21;3109964;5908030976.000
08/09/2007;5250.97;5321.70;5250.97;5289.41;2551925;5146319872.000
08/10/2007;5281.15;5283.35;5081.01;5164.55;2822461;5563746304.000
08/13/2007;5129.79;5208.29;5074.73;5138.65;2447315;5197715456.000
08/14/2007;5144.40;5217.18;5121.00;5183.80;2162486;4746032128.000
08/15/2007;5192.37;5224.84;5086.02;5188.59;2095148;4552828928.000
08/16/2007;5180.88;5240.29;5135.38;5223.48;2208640;4608835072.000
08/17/2007;5198.26;5264.64;5164.37;5167.04;2508913;4881435136.000
08/20/2007;5232.68;5358.00;5232.68;5342.98;2822001;5574469632.000
08/21/2007;5372.19;5436.17;5372.19;5410.74;2811421;5748713472.000
08/22/2007;5351.63;5558.48;5332.02;5538.54;3105282;6317670912.000
08/23/2007;5550.54;5650.28;5515.86;5634.38;3010620;5998308352.000
08/24/2007;5649.06;5694.92;5620.69;5679.62;3000491;5989837312.000
08/27/2007;5689.48;5743.70;5598.04;5605.59;3573079;6991083520.000
08/28/2007;5581.17;5581.17;5474.29;5545.80;3174766;6095389184.000
08/29/2007;5528.04;5623.43;5480.34;5517.81;2819686;5614879232.000
08/30/2007;5515.00;5682.39;5515.00;5664.95;2493114;4860924416.000
08/31/2007;5661.83;5820.50;5661.83;5819.78;2486789;4848382976.000
09/03/2007;5824.47;5899.72;5813.24;5841.27;3598475;7093972480.000
09/04/2007;5860.37;5860.37;5776.19;5798.13;2780196;5555063808.000
09/05/2007;5799.47;5835.28;5710.54;5788.98;2303010;4616353792.000
09/06/2007;5806.33;5862.42;5803.26;5814.92;2815410;5591808000.000
09/07/2007;5765.27;5797.47;5646.71;5666.93;3131856;6166268928.000
09/10/2007;5619.79;5727.81;5583.63;5718.76;2562715;4859406336.000
09/11/2007;5721.28;5738.88;5436.07;5462.57;2954812;5986707968.000
09/12/2007;5423.67;5559.31;5407.58;5539.83;2501890;4676798464.000
09/13/2007;5546.99;5632.88;5540.50;5632.88;1862505;3588820480.000
09/14/2007;5643.95;5664.68;5519.44;5660.69;2411578;4694377472.000
09/17/2007;5642.17;5728.83;5624.85;5700.50;2547455;5170689024.000
09/18/2007;5704.74;5704.74;5568.56;5637.69;2581359;5289449472.000
09/19/2007;5644.33;5672.23;5488.60;5526.36;2145455;4636083712.000
09/20/2007;5543.54;5594.15;5469.25;5549.62;2019645;4228545024.000
09/21/2007;5577.74;5577.74;5406.84;5494.83;2268508;4678201344.000
09/24/2007;5498.22;5511.50;5438.61;5497.32;2136652;4312824320.000
09/25/2007;5548.63;5647.09;5526.20;5647.09;1849440;4093207552.000
09/26/2007;5672.87;5689.48;5530.38;5550.62;1342043;2958844416.000
09/27/2007;5550.70;5655.17;5518.31;5647.73;1303921;3095830016.000
09/28/2007;5675.15;5817.81;5675.15;5799.92;1786848;4348186624.000
10/08/2007;5893.82;5908.81;5757.34;5813.02;1941706;4636865536.000
10/09/2007;5798.43;5895.25;5736.30;5882.23;1733018;4018037760.000
10/10/2007;5890.80;5988.63;5859.77;5944.65;2087119;4950210048.000
10/11/2007;5931.26;5934.81;5866.77;5882.29;2186167;4850444288.000
10/12/2007;5875.06;5877.40;5514.91;5800.50;2621053;5603811328.000
10/15/2007;5768.34;5794.48;5681.66;5742.52;1941731;4335576064.000
10/16/2007;5747.86;5781.47;5689.39;5763.71;1811972;4136647424.000
10/17/2007;5757.75;5811.53;5741.22;5793.57;1811971;4406379008.000
10/18/2007;5812.45;5812.45;5619.05;5638.23;1739985;4093887744.000
10/19/2007;5643.07;5754.54;5606.90;5754.54;1798490;4151050496.000
10/22/2007;5687.78;5732.44;5582.47;5592.66;1866374;4200785152.000
10/23/2007;5590.57;5622.38;5486.33;5585.40;1886825;4119963648.000
10/24/2007;5587.83;5662.87;5561.87;5579.26;1668586;3559318528.000
10/25/2007;5545.99;5550.90;5260.80;5316.32;2177391;4319290368.000
10/26/2007;5253.92;5363.89;5220.53;5336.99;1324463;2658806016.000
10/29/2007;5345.56;5398.87;5309.76;5377.00;1161014;2380618496.000
10/30/2007;5367.95;5394.72;5317.74;5366.27;1119528;2263585792.000
10/31/2007;5391.54;5483.69;5391.54;5481.88;1820138;3606944256.000
11/01/2007;5489.25;5489.25;5346.01;5346.01;1343101;2861509632.000
11/02/2007;5283.96;5290.49;5166.49;5201.67;1337290;2786367488.000
11/05/2007;5182.37;5298.60;5174.33;5266.69;1093256;2126549248.000
11/06/2007;5265.05;5341.56;5265.05;5313.04;973163;1929285760.000
11/07/2007;5326.33;5362.40;5258.62;5312.87;848599;1672785536.000
11/08/2007;5308.89;5329.81;5168.39;5169.27;1043128;2106359552.000
11/09/2007;5134.61;5182.48;5036.19;5070.46;1031155;2045454208.000
11/12/2007;5012.55;5021.44;4818.95;4937.30;1166764;2435150592.000
11/13/2007;4955.62;5069.71;4935.82;4975.77;1107342;2251660800.000
11/14/2007;5014.79;5154.47;5002.35;5154.32;1207787;2323457024.000
11/15/2007;5147.49;5168.96;5078.55;5084.74;1102945;2044424320.000
11/16/2007;5071.35;5094.03;4980.10;5075.55;977466;1813575168.000
11/19/2007;5084.73;5207.05;5059.59;5204.70;1246199;2266547456.000
11/20/2007;5190.41;5294.64;5164.79;5257.57;1263050;2452670976.000
11/21/2007;5269.71;5325.17;5246.21;5260.15;1296237;2944735488.000
11/22/2007;5187.16;5233.08;5060.68;5064.82;1055995;2107469568.000
11/23/2007;5028.75;5167.01;5015.41;5167.01;903849;1709244928.000
11/26/2007;5219.88;5257.68;5124.13;5124.62;1091519;2100086400.000
11/27/2007;5113.42;5130.25;5035.50;5042.09;978069;1945975040.000
11/28/2007;5051.58;5084.04;4967.08;4979.38;779928;1481553664.000
11/29/2007;5007.27;5108.07;4941.02;5108.06;1747748;3339746816.000
11/30/2007;5103.60;5103.89;5004.93;5028.44;1427493;2734196480.000
12/03/2007;5023.35;5093.48;5005.37;5053.47;1126622;2084604288.000
12/04/2007;5057.66;5126.78;5057.66;5099.92;864312;1618837248.000
12/05/2007;5094.00;5260.10;5091.56;5250.91;1284519;2405099264.000
12/06/2007;5283.62;5299.15;5236.06;5295.58;1087825;2174084864.000
12/07/2007;5297.13;5331.04;5267.60;5325.20;1349485;2408818688.000
12/10/2007;5264.36;5551.74;5237.32;5548.77;2161306;4273108480.000
12/11/2007;5554.78;5680.80;5554.78;5635.44;2003712;4121575680.000
12/12/2007;5631.18;5690.86;5588.94;5664.11;1796075;3714971904.000
12/13/2007;5586.21;5644.84;5460.19;5473.69;2326749;5323767808.000
12/14/2007;5417.10;5595.96;5383.41;5585.33;1797717;3733642496.000
12/17/2007;5591.90;5757.97;5562.13;5721.94;2061042;4568624640.000
12/18/2007;5704.50;5721.21;5586.74;5610.69;1377045;3031670784.000
12/19/2007;5628.20;5706.40;5604.83;5665.32;1716989;3739483392.000
12/20/2007;5681.41;5736.58;5658.24;5719.51;1542739;3465812992.000
12/21/2007;5705.63;5784.58;5702.78;5781.35;1896937;4175833600.000
12/24/2007;5800.17;5960.68;5800.17;5929.86;2656869;6010621440.000
12/25/2007;5934.23;6015.09;5902.55;6014.26;2174063;4955503104.000
12/26/2007;6039.70;6209.99;6039.70;6209.99;2808903;6500830208.000
12/27/2007;6220.48;6293.79;6210.67;6230.72;3069471;7245431296.000
12/28/2007;6224.76;6275.45;6173.63;6247.56;2352015;5628334080.000
01/02/2008;6261.12;6401.52;6260.17;6400.81;2639569;6023368704.000
01/03/2008;6461.21;6493.87;6406.10;6421.97;3124658;7259870720.000
01/04/2008;6423.29;6423.96;6337.56;6387.95;2596600;6157262336.000
01/07/2008;6373.11;6423.08;6326.88;6419.60;3234690;7273461760.000
01/08/2008;6426.90;6451.56;6268.94;6291.75;2970562;6775455744.000
01/09/2008;6256.87;6418.41;6240.02;6418.21;2386393;5466908672.000
01/10/2008;6431.56;6489.48;6415.21;6425.97;2946034;6716136960.000
01/11/2008;6434.51;6447.83;6343.54;6447.83;2531447;6120052736.000
01/14/2008;6445.12;6562.94;6436.50;6545.11;2362615;5777871872.000
01/15/2008;6559.30;6633.12;6552.33;6613.56;3206140;7502669312.000
01/16/2008;6585.95;6593.10;6509.96;6537.13;3012121;7211026432.000
01/17/2008;6497.05;6607.13;6268.89;6436.32;3212653;7829063168.000
01/18/2008;6433.65;6478.23;6353.64;6439.47;1974343;4569722368.000
01/21/2008;6468.52;6489.99;6233.51;6239.11;2350682;6050366464.000
01/22/2008;6113.82;6113.82;5725.27;5808.03;3052749;7856019968.000
01/23/2008;5836.26;6110.07;5818.13;6110.07;2539876;6420437504.000
01/24/2008;6148.18;6316.27;6122.72;6249.61;2622452;6824394240.000
01/25/2008;6247.16;6289.88;6202.05;6218.08;2424377;6276354560.000
01/28/2008;6183.50;6183.50;5785.47;5875.91;2244287;5629097984.000
01/29/2008;5877.15;5990.38;5813.21;5898.46;1404313;3370687488.000
01/30/2008;5940.81;6021.44;5781.64;5916.98;1576376;4068120832.000
01/31/2008;5906.73;5906.73;5706.94;5706.94;1210690;3011079424.000
02/01/2008;5698.68;5721.53;5276.69;5559.79;1697929;4092688640.000
02/04/2008;5670.48;5980.57;5670.48;5976.62;1857132;4709727744.000
02/05/2008;5966.86;6050.71;5881.41;5989.75;1561043;3730312704.000
02/13/2008;5934.61;5983.72;5857.06;5914.73;1094751;2631764480.000
02/14/2008;5924.86;6026.88;5924.86;6006.27;1194056;2867793152.000
02/15/2008;5986.00;6026.08;5931.09;6026.08;1377783;3534864384.000
02/18/2008;6087.11;6258.10;6087.11;6228.19;2104837;5725911552.000
02/19/2008;6235.64;6351.39;6208.65;6346.54;2160991;5474961920.000
02/20/2008;6363.43;6394.85;6270.33;6271.39;2335161;5579043840.000
02/21/2008;6252.73;6375.79;6199.51;6337.49;2070305;5208878592.000
02/22/2008;6330.88;6331.50;6119.50;6197.59;2064796;5113369088.000
02/25/2008;6199.46;6239.77;5969.36;5969.87;1703465;4121991936.000
02/26/2008;6060.07;6140.08;5787.85;5909.51;1732285;4457318912.000
02/27/2008;5920.97;6020.61;5893.90;5985.56;1408426;3563712256.000
02/28/2008;5993.63;6039.34;5967.76;5993.35;1422621;3419691520.000
02/29/2008;5997.94;6098.54;5989.02;6093.64;1702457;4229871872.000
03/03/2008;6086.84;6291.80;6046.33;6290.14;2316497;5886143488.000
03/04/2008;6302.10;6348.80;6226.48;6238.39;2547236;5853675008.000
03/05/2008;6224.93;6262.39;6098.47;6198.43;2283505;5190386688.000
03/06/2008;6197.46;6256.54;6168.53;6205.67;2299146;4859963904.000
03/07/2008;6191.83;6235.19;6117.83;6160.54;1546041;3502863360.000
03/10/2008;6129.71;6133.91;5937.24;5967.93;1595222;3659047424.000
03/11/2008;5929.35;5954.45;5819.53;5954.45;1348777;3235255552.000
03/12/2008;6033.00;6087.91;5784.14;5809.89;1426101;3505866752.000
03/13/2008;5758.72;5758.72;5442.65;5583.73;1621222;4209037824.000
03/14/2008;5536.90;5597.93;5460.13;5559.49;1020877;2383918848.000
03/17/2008;5527.46;5527.46;5176.76;5189.19;1282317;2894350080.000
03/18/2008;5129.60;5187.34;4751.42;4822.92;1689332;3466087424.000
03/19/2008;4895.63;5073.85;4814.99;4968.85;1890669;3678225664.000
03/20/2008;4919.55;5156.67;4743.19;5121.67;2010775;3703962112.000
03/21/2008;5146.06;5270.19;5114.24;5250.78;1873362;3685393664.000
03/24/2008;5275.98;5318.62;5122.77;5122.77;1852906;3737086720.000
03/25/2008;5061.91;5192.80;5007.00;5144.47;1563090;2952379136.000
03/26/2008;5158.64;5248.56;5146.35;5168.46;1443378;2785348608.000
03/27/2008;5133.61;5133.61;4992.33;5000.75;1603042;3007342848.000
03/28/2008;4956.09;5116.07;4825.19;5108.67;1797592;3236671232.000
03/31/2008;5015.36;5070.48;4938.05;4950.14;1348905;2512975104.000
04/01/2008;4923.56;4958.31;4593.30;4610.14;1692216;3036258816.000
04/02/2008;4609.46;4680.14;4365.44;4405.90;1728546;3124991232.000
04/03/2008;4381.88;4552.64;4281.42;4542.33;1365320;2408106496.000
04/07/2008;4490.38;4805.28;4440.55;4785.37;1725328;3222653696.000
04/08/2008;4795.00;4904.70;4764.10;4865.12;1917063;3707737088.000
04/09/2008;4862.71;4919.62;4663.43;4663.43;1587850;3096975360.000
04/10/2008;4624.38;4765.76;4560.02;4759.65;1305879;2451545600.000
04/11/2008;4778.29;4871.55;4778.29;4819.37;1398518;2515649536.000
04/14/2008;4738.89;4751.03;4558.35;4582.46;1508088;2525693440.000
04/15/2008;4549.20;4691.35;4451.80;4679.74;1415423;2460634880.000
04/16/2008;4689.40;4689.40;4570.41;4597.63;1165062;1937566976.000
04/17/2008;4580.00;4659.08;4366.04;4435.48;1433608;2405587456.000
04/18/2008;4383.82;4408.02;4221.30;4271.14;1257791;1954470144.000
04/21/2008;4521.81;4560.56;4182.86;4211.10;1934290;2932050432.000
04/22/2008;4173.38;4173.38;3938.21;4110.70;1815042;2763941120.000
04/23/2008;4089.27;4338.86;4061.99;4318.48;2443792;3398117888.000
04/24/2008;4638.33;4728.95;4517.11;4702.84;5115339;8352894976.000
04/25/2008;4660.40;4801.74;4603.70;4674.03;4271454;6739219456.000
04/28/2008;4603.88;4641.17;4544.76;4602.34;2604263;4309875712.000
04/29/2008;4605.25;4678.98;4600.30;4643.92;2109075;3617970944.000
04/30/2008;4652.83;4875.71;4652.83;4858.35;3334007;5624376320.000
05/05/2008;4923.40;5038.65;4894.01;5033.18;3764307;6615401472.000
05/06/2008;5021.12;5072.45;4961.29;4996.81;3900387;6980469760.000
05/07/2008;4982.80;5041.40;4828.18;4828.29;3238411;5408249856.000
05/08/2008;4792.85;4974.74;4782.91;4972.86;2798648;4840176128.000
05/09/2008;4999.58;5078.54;4889.16;5002.72;3294402;6060540416.000
05/12/2008;4951.76;5162.19;4892.96;5119.08;3550244;6435096064.000
05/13/2008;4991.24;5209.26;4981.27;5191.49;4021109;7679638016.000
05/14/2008;5187.28;5249.93;5163.67;5240.91;3681472;6748256256.000
05/15/2008;5263.68;5272.99;5158.22;5159.02;3189136;5701918720.000
05/16/2008;5141.82;5179.01;5019.40;5082.69;2538978;4607732224.000
05/19/2008;5069.78;5125.46;5055.36;5096.99;1918614;3726828288.000
05/20/2008;5097.67;5119.77;4821.58;4850.27;2525744;4762246144.000
05/21/2008;4787.89;4944.94;4667.44;4919.99;2765879;5070970880.000
05/22/2008;4889.88;4952.41;4837.00;4859.42;2358101;4360731136.000
05/23/2008;4856.35;4903.77;4750.85;4802.46;2126406;3753557248.000
05/26/2008;4775.82;4775.82;4641.00;4642.55;1968550;3512961024.000
05/27/2008;4620.69;4684.83;4604.81;4671.35;1440012;2435104512.000
05/28/2008;4679.61;4815.55;4668.18;4795.73;1674323;2907755008.000
05/29/2008;4795.35;4809.74;4704.21;4714.21;1675351;2833148416.000
05/30/2008;4701.73;4749.41;4661.02;4720.16;1568000;2640121600.000
06/02/2008;4719.67;4788.15;4673.43;4738.71;1491789;2547676416.000
06/03/2008;4751.36;4751.72;4676.61;4701.53;1672039;2694876928.000
06/04/2008;4689.46;4700.26;4584.44;4635.32;1431241;2341717504.000
06/05/2008;4612.64;4639.75;4579.35;4606.02;1271108;2136869120.000
06/06/2008;4601.74;4631.48;4567.91;4584.39;1456780;2663646720.000
06/10/2008;4416.19;4420.33;4183.24;4202.51;1972607;3119962624.000
06/11/2008;4154.27;4186.60;4077.27;4122.96;2158651;3379084800.000
06/12/2008;4076.75;4127.29;3947.93;4043.48;2159946;3449746944.000
06/13/2008;4031.50;4062.12;3868.52;3870.51;1817698;2775173632.000
06/16/2008;3882.47;3912.90;3765.98;3808.55;1673543;2419540736.000
06/17/2008;3797.94;3862.19;3663.77;3702.31;2117940;3030049280.000
06/18/2008;3685.09;3909.99;3595.64;3884.10;2983367;4212936448.000
06/19/2008;3860.51;3860.51;3571.92;3587.11;2294742;3308043008.000
06/20/2008;3579.80;3792.27;3439.42;3645.17;2778280;3728038400.000
06/23/2008;3578.89;3636.67;3527.34;3540.55;1605233;2112986368.000
06/24/2008;3529.40;3674.03;3526.05;3642.52;1926942;2444763648.000
06/25/2008;3638.74;3844.65;3629.13;3840.19;2498627;3364495360.000
06/26/2008;3840.42;3938.05;3817.27;3905.95;2715278;3869026304.000
06/27/2008;3786.88;3818.28;3631.60;3681.19;2423816;3217743360.000
06/30/2008;3631.95;3718.39;3585.00;3676.12;1510610;2143123584.000
07/01/2008;3693.51;3715.66;3620.36;3629.76;1392768;1851733120.000
07/02/2008;3633.53;3718.85;3620.89;3658.48;1586821;2134344320.000
07/03/2008;3622.35;3879.63;3576.12;3831.78;3064974;4082269952.000
07/04/2008;3819.93;3872.49;3786.23;3818.51;2608487;3505029632.000
07/07/2008;3823.30;4004.16;3823.30;4000.55;3429606;4714087936.000
07/08/2008;4014.47;4088.78;3982.02;4076.04;3710016;5180763648.000
07/09/2008;4083.39;4178.07;4083.39;4178.07;4229007;5739409408.000
07/10/2008;4143.52;4228.43;4104.93;4137.57;4418833;6174976512.000
07/11/2008;4111.70;4146.96;4014.50;4068.72;3190783;4202182656.000
07/14/2008;4039.03;4133.42;4019.85;4123.68;2819568;3621718016.000
07/15/2008;4132.25;4160.54;3988.23;3999.48;3533909;4798236672.000
07/16/2008;3977.48;3977.48;3810.45;3873.37;3001009;4089605120.000
07/17/2008;3902.86;3974.13;3831.68;3851.27;2416202;3471141376.000
07/18/2008;3867.46;3956.78;3773.89;3933.70;2494857;3435352576.000
07/21/2008;3915.31;4104.36;3900.43;4090.20;3619157;4550675456.000
07/22/2008;4093.13;4123.89;4054.02;4097.39;3064904;3826153472.000
07/23/2008;4106.66;4131.49;4044.96;4048.25;3114296;3865094144.000
07/24/2008;4054.24;4136.87;4054.24;4132.63;3003616;3865388288.000
07/25/2008;4107.63;4142.21;4081.05;4114.52;3008641;3983643904.000
07/28/2008;4134.54;4181.96;4119.77;4140.41;2613597;3757617920.000
07/29/2008;4113.43;4121.18;4063.52;4085.69;2285939;3151681280.000
07/30/2008;4124.47;4145.29;4045.92;4072.91;1948468;2685776128.000
07/31/2008;4081.08;4085.29;3966.67;3969.24;2042738;2655091200.000
08/01/2008;3950.05;4027.68;3892.11;4006.27;2051818;2650029824.000
08/04/2008;3975.12;3989.00;3894.26;3895.83;1422789;1834268800.000
08/05/2008;3898.08;3922.06;3784.20;3788.37;1687803;2361858816.000
08/06/2008;3803.60;3846.03;3745.98;3805.55;1576474;2137766272.000
08/07/2008;3805.73;3836.10;3755.85;3793.45;1522105;1888112384.000
08/08/2008;3793.62;3807.19;3598.81;3610.73;2065742;2580090112.000
08/11/2008;3599.75;3605.73;3409.38;3428.52;1817238;2104293760.000
08/12/2008;3398.85;3418.32;3339.25;3397.19;1594683;1695307392.000
08/13/2008;3378.03;3442.31;3315.33;3422.83;1795476;2046582272.000
08/14/2008;3416.60;3479.89;3392.12;3457.60;1402013;1661484544.000
08/15/2008;3453.72;3487.70;3429.25;3458.69;1427534;1763910656.000
08/18/2008;3455.53;3462.11;3282.98;3286.76;1425317;1597623680.000
08/19/2008;3250.97;3337.82;3218.73;3330.24;1400007;1666242048.000
08/20/2008;3316.45;3560.60;3293.34;3560.60;2594954;2752480768.000
08/21/2008;3515.73;3551.49;3420.98;3433.01;2181831;2434111744.000
08/22/2008;3423.86;3429.13;3295.93;3343.34;1493997;1701265152.000
08/25/2008;3355.27;3381.87;3314.43;3332.52;1118132;1233683968.000
08/26/2008;3303.66;3303.66;3152.43;3206.25;1527219;1642903808.000
08/27/2008;3197.48;3244.88;3094.33;3147.47;1385401;1484175232.000
08/28/2008;3152.50;3157.44;3107.72;3133.49;1273946;1356135040.000
08/29/2008;3136.30;3233.01;3120.98;3199.73;1641610;1644158720.000
09/01/2008;3203.29;3203.29;3033.50;3044.58;1330866;1493482240.000
09/02/2008;3019.78;3019.78;2950.91;2982.58;1157691;1515721088.000
09/03/2008;2973.38;2990.43;2905.42;2918.64;1462812;1530605440.000
09/04/2008;2914.45;2981.63;2903.28;2955.27;1279472;1276620160.000
09/05/2008;2892.68;2910.59;2855.02;2864.57;1436453;1390883584.000
09/08/2008;2866.03;2871.29;2736.91;2741.52;1541643;1408869120.000
09/09/2008;2749.81;2767.89;2718.75;2750.81;1209534;1086936960.000
09/10/2008;2737.88;2808.75;2707.47;2755.88;1253409;1157569920.000
09/11/2008;2757.16;2775.92;2715.63;2724.09;1314368;1149310464.000
09/12/2008;2721.32;2783.22;2718.47;2758.99;1108942;925344512.000
09/16/2008;2752.40;2753.44;2708.91;2726.27;1485574;1192108672.000
09/17/2008;2714.37;2735.64;2663.20;2667.76;1436087;1269398656.000
09/18/2008;2624.95;2626.24;2473.35;2574.13;2552150;2218524672.000
09/19/2008;2795.17;2824.15;2769.48;2824.15;2724969;2947514624.000
09/22/2008;2967.53;3062.58;2842.72;2925.89;5715670;5742581248.000
09/23/2008;2837.36;2837.36;2728.52;2736.59;3067528;3142268160.000
09/24/2008;2666.43;2747.24;2633.58;2747.24;2163673;2137702400.000
09/25/2008;2749.35;2853.03;2739.89;2826.26;3159445;3056709376.000
09/26/2008;2830.27;2857.75;2788.49;2838.74;2496230;2417944320.000
10/06/2008;2794.30;2794.30;2716.99;2716.99;1940807;1940703104.000
10/07/2008;2630.58;2721.09;2611.60;2721.09;1907742;1813256576.000
10/08/2008;2659.49;2687.27;2624.47;2642.17;1597045;1514226560.000
10/09/2008;2684.65;2693.71;2594.64;2601.00;1467340;1375780992.000
10/10/2008;2512.98;2512.98;2427.58;2444.54;2127975;1907563648.000
10/13/2008;2420.68;2469.53;2335.43;2469.53;2084699;1693396992.000
10/14/2008;2546.02;2557.08;2392.92;2392.92;2640137;2124466432.000
10/15/2008;2374.49;2374.49;2319.82;2348.42;1668693;1342497152.000
10/16/2008;2276.80;2276.80;2219.80;2230.76;2254444;1637863552.000
10/17/2008;2243.89;2265.34;2207.84;2238.99;1514597;1112633472.000
10/20/2008;2238.16;2318.52;2219.98;2300.60;1777899;1344281216.000
10/21/2008;2312.91;2363.94;2303.43;2326.31;2235993;1673058432.000
10/22/2008;2304.14;2360.35;2296.75;2308.98;1767017;1319023488.000
10/23/2008;2272.32;2327.18;2249.60;2323.65;1561895;1242857856.000
10/24/2008;2323.18;2354.05;2281.81;2299.92;1500662;1238603136.000
10/27/2008;2269.39;2269.39;2142.09;2158.31;1854895;1410561152.000
10/28/2008;2123.14;2233.92;2114.27;2230.42;1955352;1389432832.000
10/29/2008;2254.08;2268.39;2173.56;2173.97;1958179;1375712640.000
10/30/2008;2180.60;2237.30;2162.45;2210.63;1837738;1283033472.000
10/31/2008;2209.94;2222.31;2187.03;2201.02;1344782;997389312.000
11/03/2008;2186.07;2216.70;2180.43;2198.90;1170225;864933952.000
11/04/2008;2194.92;2197.08;2137.29;2162.33;1314585;936795648.000
11/05/2008;2177.28;2255.04;2170.64;2225.42;2126086;1451579776.000
11/06/2008;2181.74;2191.22;2165.71;2179.32;1550802;1036461824.000
11/07/2008;2152.31;2193.00;2137.82;2177.54;1954153;1252036224.000
11/10/2008;2207.48;2322.59;2207.48;2320.47;3912536;2646259712.000
11/11/2008;2307.26;2335.87;2286.03;2291.38;3871242;2693245696.000
11/12/2008;2274.82;2302.82;2231.83;2282.61;2907446;2084627200.000
11/13/2008;2246.48;2398.69;2240.23;2383.22;5394546;4036125440.000
11/14/2008;2395.33;2517.36;2372.47;2516.83;6252226;4848706560.000
11/17/2008;2521.64;2628.67;2508.48;2628.67;6158550;5144380928.000
11/18/2008;2606.84;2642.36;2429.87;2437.97;7319107;5909250560.000
11/19/2008;2422.52;2607.55;2418.69;2598.84;5694575;4644646912.000
11/20/2008;2561.93;2664.31;2543.43;2577.95;6013528;4969907200.000
11/21/2008;2499.13;2588.60;2417.59;2517.59;5193608;4066799616.000
11/24/2008;2542.46;2575.88;2461.26;2462.40;3638860;3133839104.000
11/25/2008;2504.52;2526.48;2428.58;2472.45;2997867;2604399616.000
11/26/2008;2481.71;2497.25;2452.58;2473.54;2503860;2057057536.000
11/27/2008;2630.23;2644.16;2536.53;2542.32;5374296;4471606272.000
11/28/2008;2516.22;2590.34;2501.64;2574.03;3488068;2978003712.000
12/01/2008;2568.88;2645.73;2549.53;2643.98;4268950;3549640704.000
12/02/2008;2586.21;2721.79;2569.33;2696.98;6817046;5243931648.000
12/03/2008;2723.90;2821.04;2718.43;2809.05;7719917;6461003776.000
12/04/2008;2839.61;2929.10;2820.41;2828.15;9629355;8246544896.000
12/05/2008;2815.45;2888.66;2800.72;2884.66;6379814;5447927808.000
12/08/2008;2921.14;2999.96;2914.00;2999.96;8131943;7283055616.000
12/09/2008;3007.86;3035.64;2939.64;2958.51;6968501;6338522624.000
12/10/2008;2937.06;3038.00;2913.68;3031.56;6560443;5793725440.000
12/11/2008;3029.13;3045.99;2923.76;2924.82;5666632;5141109760.000
12/12/2008;2895.66;2901.54;2737.82;2790.85;5288273;4632392704.000
12/15/2008;2817.54;2844.32;2760.88;2823.73;3870592;3270316288.000
12/16/2008;2800.18;2900.56;2760.00;2900.06;3787346;3413521920.000
12/17/2008;2911.07;2999.70;2909.89;2943.23;4948964;4620088832.000
12/18/2008;2943.21;2989.73;2909.38;2989.57;4547928;3818793984.000
12/19/2008;2992.24;3063.40;2980.75;3036.57;5475403;4950256640.000
12/22/2008;3041.11;3088.67;2983.08;3061.07;5801757;5347125248.000
12/23/2008;3062.98;3062.98;2884.36;2885.97;6367076;5878008832.000
12/24/2008;2842.77;2867.15;2789.80;2819.65;4711764;3904474624.000
12/25/2008;2832.81;2875.57;2792.22;2841.12;3564700;3125250304.000
12/26/2008;2841.08;2887.99;2828.81;2867.15;3859693;4869894656.000
12/29/2008;2860.58;2873.84;2774.76;2864.31;3599855;3827688960.000
12/30/2008;2859.92;2886.71;2837.47;2876.10;3636234;3712084224.000
12/31/2008;2871.66;2913.16;2859.10;2863.99;3604212;3937301248.000
01/05/2009;2910.56;2946.97;2882.69;2946.44;4373014;4702206464.000
01/06/2009;2936.74;2994.38;2914.48;2981.81;6181858;6406472704.000
01/07/2009;2976.15;3022.16;2961.44;2993.00;5226960;5367064064.000
01/08/2009;2941.80;2968.35;2905.46;2932.49;4532006;4513846272.000
01/09/2009;2933.26;3013.60;2933.26;3013.60;5274140;5240399360.000
01/12/2009;3011.37;3091.12;3002.45;3043.81;6832190;6297963520.000
01/13/2009;3014.10;3014.10;2944.58;2945.49;5183047;4734679040.000
01/14/2009;2932.08;3058.07;2932.08;3058.07;5025688;4891353600.000
01/15/2009;3042.65;3096.62;3028.93;3066.52;6286967;6014802432.000
01/16/2009;3080.41;3125.47;3064.95;3071.28;6732354;6730401792.000
01/19/2009;3082.82;3109.31;3038.19;3067.93;4774367;4962714112.000
01/20/2009;3062.75;3102.77;3043.51;3102.77;3762807;3821817600.000
01/21/2009;3060.13;3074.34;3014.48;3038.83;6131520;6991904768.000
01/22/2009;3047.36;3080.37;3029.70;3078.82;4965174;5381106176.000
01/23/2009;3072.04;3082.78;3044.00;3059.43;4358481;4343298048.000
02/02/2009;3080.98;3127.38;3066.84;3127.15;4445073;4732625920.000
02/03/2009;3126.15;3188.55;3117.61;3188.55;6345924;6478491136.000
02/04/2009;3207.70;3243.07;3193.80;3242.25;7299260;7925214720.000
02/05/2009;3240.48;3256.58;3149.93;3174.56;7714692;8574790144.000
02/06/2009;3179.34;3301.94;3179.34;3301.94;7836716;8962233344.000
02/09/2009;3337.28;3430.03;3304.51;3422.94;9453732;11402094592.000
02/10/2009;3409.80;3486.12;3370.57;3486.12;8303088;9812575232.000
02/11/2009;3431.68;3576.94;3415.61;3490.00;9751828;11725711360.000
02/12/2009;3491.59;3521.21;3390.71;3518.96;7739027;8887361536.000
02/13/2009;3523.65;3632.73;3522.96;3632.16;8858217;10488617984.000
02/16/2009;3676.12;3694.44;3583.19;3655.95;8927994;11561668608.000
02/17/2009;3648.78;3663.84;3540.71;3548.80;8697555;11023190016.000
02/18/2009;3473.71;3530.30;3411.42;3412.61;7108656;9027693568.000
02/19/2009;3439.74;3509.25;3426.05;3480.87;5819363;7435748352.000
02/20/2009;3493.89;3583.33;3459.52;3583.33;6125340;7950969344.000
02/23/2009;3572.09;3683.46;3539.76;3675.78;7235130;9028955136.000
02/24/2009;3637.76;3666.86;3492.04;3512.21;8368838;10538024960.000
02/25/2009;3537.53;3563.43;3396.03;3492.21;6844602;8772826112.000
02/26/2009;3489.30;3533.66;3230.95;3283.60;7352825;9130960896.000
02/27/2009;3232.38;3262.02;3135.17;3187.72;6228257;7342883328.000
03/02/2009;3167.28;3256.94;3164.34;3246.77;4673004;5512036352.000
03/03/2009;3173.06;3290.81;3153.47;3254.30;5308939;6448379904.000
03/04/2009;3264.01;3447.31;3264.01;3440.93;7340950;9338175488.000
03/05/2009;3474.69;3491.94;3372.61;3441.57;7986917;9745895424.000
03/06/2009;3389.22;3463.19;3376.60;3436.16;6392580;7465039360.000
03/09/2009;3446.23;3493.54;3295.97;3304.05;6613062;7555329536.000
03/10/2009;3263.99;3363.28;3252.41;3362.12;4553126;5089752576.000
03/11/2009;3422.26;3430.75;3316.18;3328.49;5010009;5706728960.000
03/12/2009;3313.11;3333.86;3231.14;3326.02;4741073;5399271424.000
03/13/2009;3334.90;3389.33;3318.04;3330.04;4708916;5638560256.000
03/16/2009;3315.45;3367.28;3293.51;3364.48;3598730;4338018304.000
03/17/2009;3370.70;3495.67;3359.32;3484.19;6315628;7657673728.000
03/18/2009;3506.51;3582.49;3502.12;3525.90;7914536;9516372992.000
03/19/2009;3534.14;3594.93;3530.59;3594.93;6754401;8459482112.000
03/20/2009;3602.32;3611.08;3515.73;3588.39;7055866;8842567680.000
03/23/2009;3589.30;3662.76;3582.67;3655.09;7817924;10048566272.000
03/24/2009;3688.38;3701.89;3645.01;3681.46;7657933;10005772288.000
03/25/2009;3666.68;3696.32;3608.92;3609.18;6624685;8788269056.000
03/26/2009;3600.59;3684.25;3549.03;3682.00;6535872;8198219264.000
03/27/2009;3719.77;3761.52;3690.43;3712.68;8230942;10865187840.000
03/30/2009;3714.43;3739.61;3684.78;3707.19;7175407;9266025472.000
03/31/2009;3649.27;3747.49;3629.61;3747.49;6614338;8739244032.000
04/01/2009;3764.40;3840.94;3764.40;3816.44;8856200;11891269632.000
04/02/2009;3832.21;3931.45;3832.15;3882.31;9163660;13062608896.000
04/03/2009;3905.90;3927.33;3839.19;3868.75;8629487;12420254720.000
04/07/2009;3879.02;3910.60;3839.47;3890.16;6409321;9428474880.000
04/08/2009;3879.78;3894.68;3777.35;3777.35;7218505;10163452928.000
04/09/2009;3766.31;3829.83;3722.97;3829.83;6079000;8657382400.000
04/10/2009;3852.83;3975.57;3849.26;3973.58;8550123;12664662016.000
04/13/2009;4020.03;4075.72;4020.03;4062.18;8688533;13093259264.000
04/14/2009;4071.15;4134.03;4041.15;4126.04;8757439;13178568704.000
04/15/2009;4105.95;4157.03;4065.27;4146.21;8883679;14024865792.000
04/16/2009;4152.93;4184.08;4079.04;4144.94;8763386;12646453248.000
04/17/2009;4139.23;4154.29;4039.03;4081.76;8766821;12534547456.000
04/20/2009;4068.94;4196.90;4068.78;4196.90;7026140;9848303616.000
04/21/2009;4165.91;4236.96;4129.29;4196.68;8024642;11214531584.000
04/22/2009;4217.09;4235.42;3953.67;4000.70;9045111;12900064256.000
04/23/2009;3961.46;4046.21;3922.51;4024.73;6343729;8825693184.000
04/24/2009;4037.37;4090.75;4004.57;4039.21;6636709;9318857728.000
04/27/2009;4038.41;4038.58;3869.79;3889.43;6048657;8748009472.000
04/28/2009;3856.43;3914.00;3838.09;3900.38;5219079;7720005632.000
04/29/2009;3899.60;3996.09;3888.92;3982.05;6155729;8710892544.000
04/30/2009;3994.60;4045.59;3992.39;4030.40;6221463;8499585536.000
05/04/2009;4048.21;4148.55;4048.21;4147.89;6880587;9899313152.000
05/05/2009;4187.01;4212.94;4157.16;4175.75;7496799;10854951936.000
05/06/2009;4173.98;4274.56;4161.39;4274.56;8070102;12192408576.000
05/07/2009;4309.41;4319.25;4183.32;4253.01;8838239;13508658176.000
05/08/2009;4221.52;4235.31;4125.73;4204.58;7195102;10491096064.000
05/11/2009;4223.53;4232.53;4051.40;4051.40;7453307;10799303680.000
05/12/2009;4029.59;4135.02;4019.28;4135.02;4752563;6943975424.000
05/13/2009;4148.72;4211.85;4142.26;4195.35;6641071;9916262400.000
05/14/2009;4170.61;4193.15;4138.28;4187.92;5981597;8836880384.000
05/15/2009;4196.46;4245.04;4187.80;4229.92;5441106;8542315008.000
05/18/2009;4224.33;4247.48;4156.30;4243.32;5079943;8021004800.000
05/19/2009;4268.04;4288.75;4243.93;4266.12;6968871;10601672704.000
05/20/2009;4274.77;4318.70;4261.37;4270.24;6779262;10454376448.000
05/21/2009;4248.65;4269.85;4158.54;4192.18;6610272;10326284288.000
05/22/2009;4187.18;4224.02;4154.44;4175.68;5954351;9507769344.000
05/25/2009;4089.98;4209.16;4057.93;4200.47;6872229;10738396160.000
05/26/2009;4205.04;4282.35;4205.04;4211.78;7008602;11237510144.000
05/27/2009;4223.53;4238.68;4176.68;4209.59;5014203;7674744832.000
06/01/2009;4239.62;4278.55;4230.78;4269.23;5951470;9684051968.000
06/02/2009;4284.80;4306.90;4265.96;4279.92;7111654;11023011840.000
06/03/2009;4283.08;4300.64;4267.17;4290.50;7059219;11024312320.000
06/04/2009;4285.51;4311.30;4233.03;4279.71;7564506;11846234112.000
06/05/2009;4297.13;4313.66;4259.92;4271.27;6661501;11189996544.000
06/08/2009;4273.75;4280.84;4200.40;4223.22;6008375;9950470144.000
06/09/2009;4215.61;4272.21;4161.24;4271.12;5903753;9458050048.000
06/10/2009;4271.88;4330.97;4262.75;4321.75;5697449;8757721088.000
06/11/2009;4320.24;4352.11;4289.11;4304.54;5354684;8007203328.000
06/12/2009;4302.34;4321.94;4188.29;4215.79;5642463;8712983552.000
06/15/2009;4205.06;4298.50;4205.06;4298.50;5095165;7396110336.000
06/16/2009;4265.62;4329.27;4247.63;4305.75;4848617;7567617536.000
06/17/2009;4302.77;4353.80;4275.63;4345.89;5700394;9405019136.000
06/18/2009;4350.77;4398.69;4343.94;4385.02;6578213;11051254784.000
06/19/2009;4389.98;4395.09;4336.47;4347.79;6828345;11456200704.000
06/22/2009;4363.26;4379.42;4322.55;4335.14;6816214;11168722944.000
06/23/2009;4284.72;4342.58;4265.46;4307.73;5519620;8207565824.000
06/24/2009;4310.34;4369.48;4300.28;4367.88;5794591;9761352704.000
06/25/2009;4381.15;4392.16;4347.43;4370.52;5911852;9566905344.000
06/26/2009;4383.60;4396.26;4349.20;4367.50;5002338;7510856192.000
06/29/2009;4372.51;4385.26;4355.59;4370.52;5497834;8602549248.000
06/30/2009;4375.64;4390.17;4347.81;4363.72;6176114;10156998656.000
07/01/2009;4353.76;4398.17;4346.55;4398.17;6384681;10590054400.000
07/02/2009;4412.12;4450.11;4405.77;4450.11;7168634;12947565568.000
07/03/2009;4435.89;4455.42;4409.58;4446.81;6621684;11837513728.000
07/06/2009;4458.16;4462.27;4412.53;4441.08;6857058;11146443776.000
07/07/2009;4434.05;4480.62;4428.29;4458.18;7232787;11602224128.000
07/08/2009;4436.82;4501.81;4431.08;4492.08;6532221;10580273152.000
07/09/2009;4502.96;4601.67;4484.68;4597.00;8193766;13966575616.000
07/10/2009;4609.37;4628.56;4580.51;4596.21;7760044;12877336576.000
07/13/2009;4589.08;4653.54;4576.11;4630.12;8040622;13508125696.000
07/14/2009;4645.81;4708.33;4637.46;4708.33;7695188;13088198656.000
07/15/2009;4712.68;4717.84;4682.77;4707.92;8390186;14060830720.000
07/16/2009;4728.17;4734.11;4663.43;4679.31;9191630;15666174976.000
07/17/2009;4670.30;4700.43;4642.52;4688.12;7352038;12421284864.000
07/20/2009;4702.50;4793.68;4693.62;4793.68;10471524;17483976704.000
07/21/2009;4795.99;4795.99;4643.42;4649.77;8920500;14753236992.000
07/22/2009;4646.69;4719.27;4646.69;4710.94;8015076;13276490752.000
07/23/2009;4723.91;4729.20;4693.67;4729.20;7829955;12702168064.000
07/24/2009;4742.24;4752.30;4614.26;4678.21;7850901;13013177344.000
07/27/2009;4688.08;4765.53;4685.09;4765.53;8453916;14770113536.000
07/28/2009;4781.07;4877.31;4756.50;4876.56;11751674;21467201536.000
07/29/2009;4857.16;4873.96;4490.91;4587.20;10853536;18568060928.000
07/30/2009;4600.67;4664.07;4503.71;4642.83;8621802;14472544256.000
07/31/2009;4682.18;4773.86;4654.97;4766.90;8479622;14800548864.000
08/03/2009;4792.34;4851.63;4754.59;4847.93;9960552;16729916416.000
08/04/2009;4851.10;4913.07;4805.50;4913.07;10614929;18303891456.000
08/05/2009;4917.88;5005.86;4875.51;4956.87;10843878;19316899840.000
08/06/2009;4918.32;5018.12;4859.92;4929.88;10616807;18702239744.000
08/07/2009;4921.21;4959.57;4759.34;4768.95;8343580;14400756736.000
08/10/2009;4824.84;4874.79;4734.67;4811.11;7070673;12071859200.000
08/11/2009;4831.96;4868.47;4786.90;4847.58;5864283;9813726208.000
08/12/2009;4842.12;4842.12;4589.98;4613.73;6479608;10813350912.000
08/13/2009;4618.71;4655.27;4522.77;4610.54;5564104;9204338688.000
08/14/2009;4616.40;4620.89;4433.96;4433.96;6218000;9922121728.000
08/17/2009;4373.54;4374.82;4123.33;4125.02;5935694;9096498176.000
08/18/2009;4094.89;4214.77;4086.23;4196.62;4397533;6721567232.000
08/19/2009;4202.92;4236.36;3990.45;4021.07;5130958;7851061760.000
08/20/2009;4026.46;4175.35;4024.10;4170.45;4576765;6822979584.000
08/21/2009;4174.34;4281.46;4143.09;4276.45;5523159;8512293888.000
08/24/2009;4291.83;4394.06;4262.32;4384.15;5918102;9524761600.000
08/25/2009;4365.14;4365.14;4212.65;4313.16;6883788;10801188864.000
08/26/2009;4299.15;4480.85;4285.80;4442.28;6072431;9902398464.000
08/27/2009;4431.76;4538.33;4414.70;4480.77;6730611;10748587008.000
08/28/2009;4471.01;4477.95;4335.92;4361.23;5208649;8489768960.000
08/31/2009;4310.13;4310.13;4070.12;4076.52;5295000;8384899072.000
09/01/2009;4045.22;4142.44;4010.02;4063.25;4053803;6172754944.000
09/02/2009;4043.57;4102.14;4013.11;4071.18;3359390;5174415360.000
09/03/2009;4078.32;4269.64;4078.32;4262.97;4966465;7651811840.000
09/04/2009;4273.35;4344.05;4254.08;4319.18;5269024;8257355264.000
09/07/2009;4353.76;4467.54;4353.76;4413.94;6641647;10676034560.000
09/08/2009;4418.79;4508.64;4374.19;4505.16;6308690;10509767680.000
09/09/2009;4519.95;4550.98;4475.21;4544.31;6498360;11688282112.000
09/10/2009;4521.66;4551.96;4475.50;4495.86;5008079;8799865856.000
09/11/2009;4480.09;4598.54;4479.58;4583.03;5425488;9852320768.000
09/14/2009;4591.75;4685.95;4587.54;4667.73;7149223;13168210944.000
09/15/2009;4674.22;4751.23;4661.46;4727.33;7512607;13246248960.000
09/16/2009;4724.63;4765.21;4646.71;4726.99;7884256;13852793856.000
09/17/2009;4738.81;4869.09;4738.81;4850.15;9227580;15894645760.000
09/18/2009;4862.65;4887.67;4654.93;4698.32;9879366;17117515776.000
09/21/2009;4651.30;4800.13;4599.05;4796.98;7503162;12892261376.000
09/22/2009;4786.48;4861.96;4722.58;4729.46;6749475;12249371648.000
09/23/2009;4718.13;4760.85;4549.47;4570.44;5748168;10060647424.000
09/24/2009;4542.94;4592.95;4421.62;4520.80;4952366;8269206528.000
09/25/2009;4501.01;4562.53;4477.08;4503.67;3621618;5906667008.000
09/28/2009;4518.00;4605.13;4438.42;4450.57;4204121;7276726784.000
09/29/2009;4450.19;4469.40;4319.23;4385.83;3938193;6432439808.000
09/30/2009;4410.28;4479.97;4410.28;4436.65;3385790;5821077504.000
10/09/2009;4520.64;4666.99;4520.64;4663.35;4389630;7897216512.000
10/12/2009;4682.36;4701.10;4621.82;4655.38;4726097;8340362752.000
10/13/2009;4639.89;4703.42;4626.87;4703.42;4015368;7013223936.000
10/14/2009;4721.17;4765.00;4677.38;4692.30;5499815;9580620800.000
10/15/2009;4721.16;4741.10;4659.48;4679.76;4430961;7631853568.000
10/16/2009;4687.77;4708.63;4618.44;4685.35;4728162;7958470656.000
10/19/2009;4689.65;4784.27;4680.57;4784.24;5738558;10001134592.000
10/20/2009;4811.60;4850.90;4806.88;4850.90;7695888;13114809344.000
10/21/2009;4844.37;4856.58;4783.93;4783.93;6589861;10927996928.000
10/22/2009;4771.88;4810.37;4745.23;4778.78;5655086;9059919872.000
10/23/2009;4787.97;4871.53;4787.97;4845.75;7253437;12032563200.000
10/26/2009;4866.53;4888.62;4833.29;4881.15;7250619;12789348352.000
10/27/2009;4850.48;4854.06;4760.26;4760.26;7630095;13799140352.000
10/28/2009;4750.51;4804.14;4715.66;4804.14;5976621;10070721536.000
10/29/2009;4750.21;4779.27;4717.00;4745.38;5922408;10592335872.000
10/30/2009;4805.03;4843.55;4771.05;4792.93;6124684;11493684224.000
11/02/2009;4710.76;4958.51;4674.82;4958.51;7560549;13974641664.000
11/03/2009;4978.67;5072.15;4976.20;5054.33;8874655;16459333632.000
11/04/2009;5069.71;5112.37;5056.41;5103.61;8898749;16259934208.000
11/05/2009;5115.00;5132.92;5066.57;5121.97;7780117;13812767744.000
11/06/2009;5138.14;5172.43;5118.19;5131.40;8774990;15963353088.000
11/09/2009;5140.02;5160.21;5098.63;5154.36;7229138;13611469824.000
11/10/2009;5178.78;5190.59;5154.52;5157.60;6691262;12584320000.000
11/11/2009;5149.98;5183.47;5121.42;5169.77;6197924;10529657856.000
11/12/2009;5182.31;5258.42;5182.31;5226.88;7194999;12605306880.000
11/13/2009;5211.46;5322.96;5193.50;5322.96;7558549;13600662528.000
11/16/2009;5362.93;5435.72;5362.93;5422.99;9775735;18137174016.000
11/17/2009;5430.86;5458.18;5381.39;5431.25;7440285;13965650944.000
11/18/2009;5432.29;5457.77;5398.70;5444.79;7249561;13398298624.000
11/19/2009;5456.84;5520.30;5446.23;5519.67;8047631;15057383424.000
11/20/2009;5507.95;5569.10;5475.57;5521.60;8155411;14654991360.000
11/23/2009;5526.13;5617.97;5501.42;5617.97;7851979;14960468992.000
11/24/2009;5638.37;5657.82;5310.84;5342.98;11788774;22395779072.000
11/25/2009;5329.62;5517.93;5295.98;5512.40;8936903;16986418176.000
11/26/2009;5511.98;5522.08;5241.01;5262.99;10129348;18981300224.000
11/27/2009;5201.27;5319.58;5142.40;5174.46;7282926;13666164736.000
11/30/2009;5213.40;5408.31;5213.40;5408.31;6978114;13164866560.000
12/01/2009;5422.60;5540.77;5410.65;5537.38;8485491;15515623424.000
12/02/2009;5563.34;5596.79;5541.81;5589.20;9055176;16553435136.000
12/03/2009;5589.21;5612.12;5542.99;5610.79;7450244;14315992064.000
12/04/2009;5605.80;5636.00;5374.84;5503.97;9390221;17486680064.000
12/07/2009;5501.36;5604.48;5496.99;5595.62;6301540;12014208000.000
12/08/2009;5604.01;5619.77;5524.98;5570.41;6540536;11424452608.000
12/09/2009;5516.02;5576.51;5465.51;5485.84;5082837;9281305600.000
12/10/2009;5503.96;5562.31;5490.44;5533.42;4350847;7841063424.000
12/11/2009;5552.39;5580.24;5511.97;5531.41;4332023;7776233984.000
12/14/2009;5525.60;5545.23;5412.21;5538.35;5055576;8952489984.000
12/15/2009;5530.17;5584.94;5516.49;5545.24;5003149;8793674752.000
12/16/2009;5528.42;5562.88;5488.62;5506.29;4683847;8229889536.000
12/17/2009;5510.37;5530.10;5356.23;5364.29;5168978;9281308672.000
12/18/2009;5313.43;5314.28;5192.75;5207.23;5026513;8852490240.000
12/21/2009;5202.75;5243.63;5182.95;5238.23;3328283;5874159104.000
12/22/2009;5246.62;5286.45;5134.96;5142.38;4449604;7986943488.000
12/23/2009;5138.67;5255.88;5138.67;5255.88;4124156;7314878464.000
12/24/2009;5267.54;5445.18;5265.02;5437.15;5974334;10811087872.000
12/25/2009;5432.70;5489.38;5405.74;5448.97;5012982;8583610880.000
12/28/2009;5465.17;5545.74;5465.17;5545.74;5669762;9736723456.000
12/29/2009;5547.29;5603.75;5505.77;5603.75;5926339;10112404480.000
12/30/2009;5599.88;5616.62;5545.54;5591.01;6348392;11661193216.000
12/31/2009;5594.54;5636.19;5561.05;5631.76;5455827;9980750848.000
01/04/2010;5663.63;5682.36;5632.78;5637.46;6078537;11300776960.000
01/05/2010;5640.44;5694.55;5595.98;5694.55;6871919;12937241600.000
01/06/2010;5687.78;5737.33;5659.53;5682.52;6066790;11696702464.000
01/07/2010;5671.52;5688.98;5521.27;5542.70;6615283;12332725248.000
01/08/2010;5515.78;5582.58;5479.98;5582.58;4851255;8782838784.000
01/11/2010;5619.79;5639.76;5549.99;5591.21;6511815;11937124352.000
01/12/2010;5592.79;5719.93;5562.52;5719.93;7640901;14346633216.000
01/13/2010;5597.23;5730.59;5576.13;5663.87;8035582;15434264576.000
01/14/2010;5671.70;5811.61;5671.70;5805.48;8065638;15289115648.000
01/15/2010;5822.78;5867.64;5810.34;5867.64;7121086;13862116352.000
01/18/2010;5856.98;5940.18;5842.85;5940.18;6425591;12627618816.000
01/19/2010;5950.39;5958.21;5882.44;5907.21;6509852;12800584704.000
01/20/2010;5908.18;5910.75;5657.15;5676.96;8074800;15678390272.000
01/21/2010;5656.75;5725.05;5631.93;5696.69;5463700;10725294080.000
01/22/2010;5634.12;5642.12;5434.84;5546.07;6485916;12140018688.000
01/25/2010;5503.77;5578.65;5479.80;5486.11;3969657;7427076096.000
01/26/2010;5497.91;5521.99;5314.46;5357.46;4986131;9398371328.000
01/27/2010;5355.49;5399.19;5263.10;5308.05;3933443;7274277376.000
01/28/2010;5304.37;5404.47;5293.08;5383.96;3807805;7136952320.000
01/29/2010;5359.76;5498.59;5346.91;5437.43;4346975;8210761728.000
02/01/2010;5428.48;5428.48;5285.00;5335.21;4282591;7842507776.000
02/02/2010;5349.42;5417.13;5296.88;5299.60;4060294;7652617728.000
02/03/2010;5303.96;5381.76;5144.26;5381.76;4594733;8269166592.000
02/04/2010;5360.73;5419.10;5317.29;5369.63;4299183;7743237632.000
02/05/2010;5249.85;5333.37;5224.89;5269.25;4284828;7795341312.000
02/08/2010;5266.51;5306.35;5243.98;5272.91;2835842;5192887296.000
02/09/2010;5267.56;5306.80;5248.22;5284.02;2580795;4479369728.000
02/10/2010;5314.56;5360.55;5311.54;5360.55;2541568;4564952064.000
02/11/2010;5362.55;5384.61;5351.12;5355.43;2325587;4224591360.000
02/12/2010;5363.78;5441.27;5363.78;5436.52;2391069;4535711232.000
02/22/2010;5429.48;5460.70;5407.76;5412.96;2736603;5182147072.000
02/23/2010;5409.87;5430.76;5331.31;5430.76;3346840;6835793408.000
02/24/2010;5414.41;5554.24;5389.22;5554.24;4648180;9028228096.000
02/25/2010;5562.92;5656.81;5562.92;5652.17;5786792;11619461120.000
02/26/2010;5646.55;5684.28;5627.33;5660.49;5226617;10151330816.000
03/01/2010;5655.87;5723.48;5655.87;5723.48;4797264;9534054400.000
03/02/2010;5728.08;5744.01;5695.20;5732.68;5411998;9631734784.000
03/03/2010;5734.85;5796.39;5718.73;5792.34;6541157;11780477952.000
03/04/2010;5817.73;5835.28;5594.70;5611.22;6938552;13744631808.000
03/05/2010;5615.04;5656.86;5552.10;5604.17;4156766;8301070848.000
03/08/2010;5615.43;5682.40;5603.46;5670.77;4092636;8156859904.000
03/09/2010;5662.49;5689.81;5603.32;5669.55;4418534;7993609216.000
03/10/2010;5669.87;5703.14;5581.37;5612.81;4458993;8465732608.000
03/11/2010;5607.67;5627.09;5525.24;5577.96;3601030;6762159616.000
03/12/2010;5575.70;5596.24;5485.99;5489.16;3217964;6053980160.000
03/15/2010;5489.37;5497.33;5412.07;5436.19;2764192;5131916288.000
03/16/2010;5441.62;5481.24;5418.14;5477.51;2523114;4614809088.000
03/17/2010;5493.29;5623.08;5491.78;5623.08;4121181;7671913472.000
03/18/2010;5635.33;5665.75;5586.20;5612.68;4539598;8352685056.000
03/19/2010;5620.38;5654.21;5592.66;5652.58;4368558;8065759744.000
03/22/2010;5654.64;5686.53;5632.22;5681.60;4904696;9046574080.000
03/23/2010;5681.12;5689.09;5635.77;5664.16;4477775;8588466176.000
