399355 CBN 长江 日线
      日期	    开盘	    最高	    最低	    收盘	    成交量	    成交额
07/02/2007;3677.79;3726.69;3566.16;3693.62;10548519;13142730752.000
07/03/2007;3722.85;3748.60;3666.56;3747.19;8425862;11101137920.000
07/04/2007;3761.64;3763.22;3631.03;3650.63;6702256;9021066240.000
07/05/2007;3585.20;3609.01;3450.39;3451.89;8000775;9541347328.000
07/06/2007;3426.21;3612.31;3369.18;3604.27;9308388;11566298112.000
07/09/2007;3637.21;3718.70;3587.67;3698.57;8922613;12248298496.000
07/10/2007;3699.69;3731.90;3624.72;3635.82;7789396;10689762304.000
07/11/2007;3614.81;3656.38;3593.77;3653.49;5109831;7098799104.000
07/12/2007;3666.33;3712.31;3649.15;3703.97;5452493;7182396928.000
07/13/2007;3712.35;3715.40;3649.44;3707.95;6165157;7204618752.000
07/16/2007;3715.11;3715.68;3605.33;3606.59;5757230;7189537792.000
07/17/2007;3597.02;3716.17;3567.38;3687.76;5865562;7282045952.000
07/18/2007;3683.92;3761.09;3668.13;3713.31;9701612;11629726720.000
07/19/2007;3698.36;3741.40;3676.07;3713.92;5500533;7068519936.000
07/20/2007;3717.10;3903.73;3717.10;3902.27;9626968;13635346432.000
07/23/2007;3930.77;4064.69;3930.77;4059.71;16987664;21534281728.000
07/24/2007;4081.98;4125.62;4031.22;4045.84;13582589;18258151424.000
07/25/2007;4043.72;4115.63;4043.32;4114.04;10690106;14159741952.000
07/26/2007;4137.68;4166.13;4100.07;4143.62;11543492;15996385280.000
07/27/2007;4115.62;4146.02;4061.40;4137.15;11735366;16153531392.000
07/30/2007;4131.05;4247.53;4125.91;4241.63;15852986;21212215296.000
07/31/2007;4235.78;4272.78;4167.88;4256.83;13644400;18608738304.000
08/01/2007;4273.83;4306.93;4113.85;4126.77;15498778;19672725504.000
08/02/2007;4145.17;4277.88;4131.10;4249.43;12322583;17776132096.000
08/03/2007;4278.68;4370.11;4278.68;4366.81;12479683;19828746240.000
08/06/2007;4408.20;4479.08;4389.42;4456.23;11946739;19090356224.000
08/07/2007;4458.54;4474.97;4379.99;4438.54;13157361;19388405760.000
08/08/2007;4391.42;4446.37;4313.49;4386.83;15661492;20527351808.000
08/09/2007;4387.15;4509.13;4387.15;4495.02;14247532;18796380160.000
08/10/2007;4498.32;4511.10;4372.65;4459.21;15373350;20712603648.000
08/13/2007;4464.76;4514.62;4391.29;4459.48;16028485;22131886080.000
08/14/2007;4462.53;4532.06;4433.95;4521.49;11593190;17337872384.000
08/15/2007;4530.77;4553.53;4420.21;4534.48;11038588;16596219904.000
08/16/2007;4500.13;4507.48;4393.46;4440.33;12569065;17449039872.000
08/17/2007;4414.70;4482.74;4319.52;4326.86;11010477;16410721280.000
08/20/2007;4435.71;4568.90;4435.71;4568.89;11702042;18509838336.000
08/21/2007;4592.03;4693.96;4582.63;4654.48;12125216;19853791232.000
08/22/2007;4587.02;4784.15;4577.61;4751.53;11517508;19243018240.000
08/23/2007;4768.93;4830.63;4711.73;4804.48;10321117;17073939456.000
08/24/2007;4826.75;4922.78;4826.75;4907.58;13065779;20631812096.000
08/27/2007;4938.76;4997.15;4848.89;4908.76;16313390;24314941440.000
08/28/2007;4885.53;4920.87;4783.94;4892.24;13342050;21100165120.000
08/29/2007;4857.43;4917.71;4798.73;4825.11;11687030;19541430272.000
08/30/2007;4858.85;4941.14;4858.64;4924.29;10327679;16585723904.000
08/31/2007;4934.07;5043.02;4933.29;5041.77;10582556;17453172736.000
09/03/2007;5071.21;5180.90;5071.21;5162.93;14575959;22860640256.000
09/04/2007;5172.54;5180.86;5078.69;5115.14;17459182;25529559040.000
09/05/2007;5105.23;5128.58;5031.85;5122.98;13004704;20204853248.000
09/06/2007;5148.30;5239.81;5148.30;5194.75;14010372;22557847552.000
09/07/2007;5154.24;5197.56;5059.78;5090.96;14879337;25212524544.000
09/10/2007;5027.07;5191.50;4982.45;5186.34;12788209;20350197760.000
09/11/2007;5177.07;5194.44;4890.06;4917.89;12031094;19345813504.000
09/12/2007;4880.74;4996.94;4818.09;4939.65;10954230;17220317184.000
09/13/2007;4963.18;5054.37;4929.77;5048.13;10254063;16084013056.000
09/14/2007;5065.39;5128.49;4990.04;5108.50;10401209;18539552768.000
09/17/2007;5107.78;5222.59;5104.28;5212.07;12069442;20286871552.000
09/18/2007;5224.98;5245.94;5063.35;5131.74;11451103;19983699968.000
09/19/2007;5130.24;5156.84;4987.60;5041.17;8685242;14826379264.000
09/20/2007;5071.30;5106.12;5006.81;5083.20;8883883;15585001472.000
09/21/2007;5096.01;5096.01;4944.04;5041.94;10843975;17372794880.000
09/24/2007;5046.06;5090.29;4950.04;5072.69;9512753;15999586304.000
09/25/2007;5093.03;5103.18;5013.29;5047.56;7403928;12260313088.000
09/26/2007;5040.40;5091.82;4946.16;4966.00;5538491;10304103424.000
09/27/2007;4964.99;5049.12;4950.03;5044.67;4939167;9094151168.000
09/28/2007;5099.08;5199.05;5099.08;5185.98;8705985;15052758016.000
10/08/2007;5285.22;5297.40;5194.40;5240.33;10144571;16733240320.000
10/09/2007;5233.10;5263.16;5175.52;5250.15;7685457;13599482880.000
10/10/2007;5269.38;5358.79;5246.90;5281.10;10817398;19100575744.000
10/11/2007;5282.42;5365.82;5226.36;5364.30;13366171;23056603136.000
10/12/2007;5377.25;5406.65;5086.82;5334.09;16614739;27981557760.000
10/15/2007;5335.31;5449.07;5277.56;5448.19;15833859;27735574528.000
10/16/2007;5473.59;5525.49;5411.20;5444.30;13513038;24711708672.000
10/17/2007;5432.40;5491.83;5369.59;5422.00;9828844;18641821696.000
10/18/2007;5418.64;5418.64;5184.01;5199.53;9590880;16677948416.000
10/19/2007;5230.29;5288.36;5141.63;5193.28;7493822;13348975616.000
10/22/2007;5118.65;5179.99;5028.46;5066.87;7481874;12529585152.000
10/23/2007;5062.28;5142.17;4981.30;5136.29;8659419;14733138944.000
10/24/2007;5155.52;5255.23;5124.14;5185.23;8985289;15522909184.000
10/25/2007;5143.73;5167.46;4928.94;4962.30;9639078;16097199104.000
10/26/2007;4918.44;5049.29;4907.82;5016.72;6925295;11996901376.000
10/29/2007;5040.54;5133.96;5035.58;5132.73;6122857;10374685696.000
10/30/2007;5139.40;5184.00;5059.75;5180.89;8982974;15720204288.000
10/31/2007;5239.45;5257.69;5162.55;5256.00;9018838;16388525056.000
11/01/2007;5238.14;5239.37;5157.64;5162.58;8440942;15167716352.000
11/02/2007;5080.23;5107.81;4959.31;4986.53;8196030;14181752832.000
11/05/2007;4946.10;5045.59;4915.13;4960.81;6026023;9759064064.000
11/06/2007;4950.56;5001.76;4909.80;4928.53;4502969;7411836416.000
11/07/2007;4949.22;4993.64;4854.75;4959.96;4442205;7173499392.000
11/08/2007;4949.17;4949.17;4722.21;4729.01;6390813;10165722112.000
11/09/2007;4690.77;4736.83;4623.02;4643.11;6464914;10422581248.000
11/12/2007;4538.85;4598.16;4394.74;4547.38;7777833;12036691968.000
11/13/2007;4578.46;4646.93;4458.68;4524.38;6636948;10095441920.000
11/14/2007;4583.46;4698.04;4518.60;4694.77;6380329;9927552000.000
11/15/2007;4687.33;4708.19;4621.75;4630.18;5128877;8165647872.000
11/16/2007;4579.77;4596.23;4503.99;4576.23;3882527;6349530624.000
11/19/2007;4596.89;4640.76;4563.45;4626.80;5516910;8402870784.000
11/20/2007;4601.82;4726.08;4585.76;4683.59;6156480;10087520256.000
11/21/2007;4714.72;4750.91;4617.89;4620.83;4665645;7932325376.000
11/22/2007;4542.86;4591.30;4408.97;4424.45;5342002;8204436480.000
11/23/2007;4380.79;4508.27;4374.73;4505.96;4279381;6252350464.000
11/26/2007;4571.43;4595.78;4449.45;4456.50;4398598;6970453504.000
11/27/2007;4427.34;4486.90;4401.05;4405.55;3769142;6014332416.000
11/28/2007;4422.05;4468.81;4330.54;4355.04;4297036;6255098368.000
11/29/2007;4419.06;4559.89;4358.55;4553.58;8744707;13466615808.000
11/30/2007;4555.70;4556.96;4463.65;4488.65;6228768;9700196352.000
12/03/2007;4477.19;4584.09;4462.33;4544.33;5023129;7734568448.000
12/04/2007;4560.59;4628.41;4560.59;4573.05;4526625;7152309760.000
12/05/2007;4567.82;4698.26;4567.82;4695.78;5954442;9602949120.000
12/06/2007;4716.63;4744.90;4689.76;4742.50;4673619;7873559552.000
12/07/2007;4751.68;4801.83;4749.47;4791.51;4858143;7970242048.000
12/10/2007;4711.67;4880.00;4687.95;4876.54;7923655;13219961856.000
12/11/2007;4884.06;4909.91;4820.92;4880.84;6544378;11015926784.000
12/12/2007;4852.94;4861.29;4768.57;4810.31;6533059;11690731520.000
12/13/2007;4773.86;4798.85;4629.74;4637.35;7523713;13345590272.000
12/14/2007;4592.44;4732.90;4568.73;4730.69;5804283;10269331456.000
12/17/2007;4727.52;4727.52;4644.34;4645.55;5913977;10642104320.000
12/18/2007;4625.39;4671.28;4585.24;4615.75;3560366;6533860864.000
12/19/2007;4653.75;4743.48;4638.34;4724.06;7596828;11496958976.000
12/20/2007;4750.74;4827.96;4728.97;4804.70;5260359;8452077056.000
12/21/2007;4783.81;4862.64;4781.26;4849.54;6164037;10512834560.000
12/24/2007;4887.37;4971.04;4881.04;4936.64;8985512;15207561216.000
12/25/2007;4946.52;4988.77;4917.47;4976.97;6921889;12046051328.000
12/26/2007;4989.71;5029.02;4961.40;5028.87;6785161;11799716864.000
12/27/2007;5055.77;5132.78;5055.37;5115.80;10873472;18684037120.000
12/28/2007;5111.69;5143.84;5090.42;5110.98;8297908;14781703168.000
01/02/2008;5131.73;5214.77;5081.40;5191.15;7722285;13745037312.000
01/03/2008;5189.36;5199.46;5109.69;5181.63;12815219;21612019712.000
01/04/2008;5183.87;5246.27;5161.22;5224.90;8236241;15537999872.000
01/07/2008;5220.50;5339.64;5193.02;5327.52;7931489;15428717568.000
01/08/2008;5355.98;5385.16;5249.05;5289.76;10608442;19774464000.000
01/09/2008;5272.13;5351.90;5245.73;5350.01;6996784;13203550208.000
01/10/2008;5357.21;5411.34;5349.10;5403.45;11096469;19933081600.000
01/11/2008;5421.79;5484.80;5387.84;5476.83;9740741;17190428672.000
01/14/2008;5482.28;5514.67;5443.10;5475.41;7631341;13844620288.000
01/15/2008;5490.16;5531.04;5441.59;5454.13;8174047;15261688832.000
01/16/2008;5396.73;5403.15;5232.46;5249.10;9248516;17403461632.000
01/17/2008;5204.15;5294.80;5036.44;5191.27;10611719;18039754752.000
01/18/2008;5180.45;5263.23;5156.31;5257.28;9919730;15514871808.000
01/21/2008;5267.39;5275.84;5001.91;5014.02;9858099;16907887616.000
01/22/2008;4895.45;4908.31;4551.84;4609.02;12399828;19966246912.000
01/23/2008;4675.24;4859.75;4645.54;4858.51;10708228;17035506688.000
01/24/2008;4924.87;4965.74;4804.69;4891.91;13228899;20750227456.000
01/25/2008;4878.50;4965.33;4793.94;4938.23;8735496;15135348736.000
01/28/2008;4908.38;4909.78;4569.91;4618.54;8434231;12761264128.000
01/29/2008;4640.74;4735.41;4584.78;4685.31;6969032;10513428480.000
01/30/2008;4730.86;4752.91;4506.87;4616.79;6758538;10642545664.000
01/31/2008;4601.67;4625.61;4490.47;4498.67;6112907;9381573632.000
02/01/2008;4510.98;4533.16;4250.58;4430.43;6988015;10388772864.000
02/04/2008;4562.31;4817.45;4562.31;4817.09;7804848;13100229632.000
02/05/2008;4814.00;4863.20;4751.41;4796.20;5522041;9118867456.000
02/13/2008;4715.82;4757.92;4665.03;4687.49;3552396;5774303744.000
02/14/2008;4746.39;4804.07;4735.53;4766.90;3683883;6037969920.000
02/15/2008;4733.86;4742.01;4650.63;4725.92;5320851;8200508416.000
02/18/2008;4791.56;4887.92;4750.06;4849.01;6219606;10202364928.000
02/19/2008;4862.69;4950.12;4821.55;4949.65;6797815;11573815296.000
02/20/2008;4951.59;4958.36;4776.30;4780.02;8274160;15578676224.000
02/21/2008;4756.42;4790.10;4653.45;4739.30;7021327;12702244864.000
02/22/2008;4720.80;4721.66;4519.20;4577.57;7212668;12605752320.000
02/25/2008;4565.04;4569.28;4371.99;4383.02;8976932;13297878016.000
02/26/2008;4497.43;4529.72;4264.90;4374.65;9308726;13628318720.000
02/27/2008;4386.91;4484.62;4325.79;4448.99;6422474;10700516352.000
02/28/2008;4453.16;4483.87;4384.55;4434.48;4763853;7659280896.000
02/29/2008;4427.44;4506.34;4413.79;4502.20;4758768;7770227712.000
03/03/2008;4471.98;4616.08;4432.18;4600.45;7570497;12637746176.000
03/04/2008;4610.06;4616.46;4438.37;4448.55;9956752;16003180544.000
03/05/2008;4438.47;4475.71;4338.04;4417.15;8216165;12810672128.000
03/06/2008;4437.76;4526.74;4378.44;4461.05;7927148;13003153408.000
03/07/2008;4414.29;4453.87;4366.61;4398.59;5145109;8470040576.000
03/10/2008;4374.50;4374.50;4195.39;4228.21;6730097;10002745344.000
03/11/2008;4199.87;4221.35;4111.75;4208.50;5479464;8849110016.000
03/12/2008;4292.50;4309.46;4043.47;4046.58;5804109;9645967360.000
03/13/2008;3999.99;4007.17;3847.26;3958.44;7827729;11792022528.000
03/14/2008;3925.49;3956.97;3831.96;3889.34;4678141;7227351552.000
03/17/2008;3868.08;3869.02;3713.38;3715.91;5449447;7915833856.000
03/18/2008;3676.85;3752.93;3469.49;3534.82;6403182;8494534656.000
03/19/2008;3601.87;3684.56;3544.96;3629.94;5857098;8030489600.000
03/20/2008;3590.40;3797.72;3443.31;3757.38;7359525;10468504576.000
03/21/2008;3762.32;3832.60;3727.96;3809.36;5931937;8788582400.000
03/24/2008;3862.02;3888.96;3653.31;3653.31;5783431;8658643968.000
03/25/2008;3583.90;3746.07;3559.80;3702.00;4475251;6716545024.000
03/26/2008;3728.91;3805.19;3707.64;3733.23;4496471;6822883328.000
03/27/2008;3683.51;3689.85;3572.39;3590.42;5968338;8389703680.000
03/28/2008;3555.51;3737.45;3477.27;3727.99;7409462;10711613440.000
03/31/2008;3623.25;3700.57;3587.10;3598.38;5219821;7442776064.000
04/01/2008;3583.80;3619.96;3368.20;3398.18;6878363;8762589184.000
04/02/2008;3442.11;3519.34;3319.13;3378.41;8375536;10774049792.000
04/03/2008;3356.19;3490.04;3304.30;3489.00;6186702;8156721152.000
04/07/2008;3450.10;3662.11;3415.34;3651.07;7569224;10508314624.000
04/08/2008;3651.68;3701.26;3611.42;3671.76;7813328;10748377088.000
04/09/2008;3639.19;3694.70;3477.21;3478.58;6368782;8872636416.000
04/10/2008;3434.39;3523.60;3391.74;3523.27;4655985;6410640896.000
04/11/2008;3551.20;3593.20;3530.54;3563.99;4635978;5823918080.000
04/14/2008;3495.09;3508.58;3332.93;3343.45;5518815;7655589376.000
04/15/2008;3322.58;3390.09;3235.88;3388.57;5343908;6973302784.000
04/16/2008;3389.00;3391.94;3281.24;3309.84;5192912;6146886144.000
04/17/2008;3306.05;3368.44;3142.84;3184.33;4860078;6211801600.000
04/18/2008;3151.34;3184.91;3045.30;3075.70;4632841;5577732096.000
04/21/2008;3287.68;3292.21;3062.08;3101.99;6629394;8491424256.000
04/22/2008;3055.79;3137.44;2980.97;3127.65;5025482;6162164736.000
04/23/2008;3100.25;3314.28;3073.30;3304.96;7507361;9352821760.000
04/24/2008;3586.20;3619.59;3501.45;3613.32;16125440;21645826048.000
04/25/2008;3579.56;3728.47;3553.29;3614.70;13553126;18001891328.000
04/28/2008;3568.92;3614.01;3532.19;3556.74;6288069;9432462336.000
04/29/2008;3551.64;3630.83;3546.92;3606.96;6397582;8843019264.000
04/30/2008;3636.90;3824.27;3636.90;3813.45;11305205;15504911360.000
05/05/2008;3879.15;3898.91;3809.38;3887.26;9486312;13861914624.000
05/06/2008;3838.22;3882.69;3774.44;3822.18;9591004;13346113536.000
05/07/2008;3802.28;3859.16;3646.91;3648.71;10045106;13631780864.000
05/08/2008;3614.32;3746.17;3609.16;3745.05;9027812;11327504384.000
05/09/2008;3762.17;3785.95;3640.14;3711.95;10526229;14712729600.000
05/12/2008;3648.96;3797.33;3604.69;3753.83;7285374;10412204032.000
05/13/2008;3634.59;3756.09;3625.80;3694.74;8650049;11853697024.000
05/14/2008;3687.88;3817.92;3686.71;3817.20;7144258;10349054976.000
05/15/2008;3851.75;3855.60;3767.91;3767.91;7079995;10160931840.000
05/16/2008;3766.89;3812.65;3714.07;3766.35;7351418;10054266880.000
05/19/2008;3757.20;3769.83;3706.82;3738.03;5127353;6985275904.000
05/20/2008;3738.48;3777.40;3532.63;3545.37;7099771;9548549120.000
05/21/2008;3504.91;3629.02;3424.56;3599.65;7605997;9901212672.000
05/22/2008;3551.25;3600.94;3507.10;3535.89;6404785;8211824640.000
05/23/2008;3537.99;3586.21;3500.22;3550.22;6326736;8064913408.000
05/26/2008;3520.78;3520.78;3435.00;3439.05;3764503;5282402304.000
05/27/2008;3432.30;3459.43;3408.79;3447.61;3365833;4677185536.000
05/28/2008;3458.53;3567.99;3442.61;3550.10;4164251;6061450752.000
05/29/2008;3544.38;3544.38;3461.96;3465.41;3286461;4580824576.000
05/30/2008;3477.43;3525.36;3464.13;3510.83;3857439;5374469632.000
06/02/2008;3500.62;3547.67;3479.63;3522.42;4019282;5620006400.000
06/03/2008;3521.48;3567.51;3489.08;3510.03;12385279;13905647616.000
06/04/2008;3489.57;3496.78;3402.68;3439.66;6963080;7852390912.000
06/05/2008;3426.64;3458.41;3402.20;3431.61;4999717;6205037056.000
06/06/2008;3439.02;3453.88;3384.77;3400.24;4519850;5580904448.000
06/10/2008;3256.85;3262.54;3081.29;3092.97;6999242;7816579584.000
06/11/2008;3057.77;3076.78;3002.08;3032.42;5604204;6207227392.000
06/12/2008;3015.36;3031.45;2916.82;2979.44;6129446;6622178816.000
06/13/2008;2977.08;3003.86;2884.47;2892.33;4473486;4914624000.000
06/16/2008;2895.18;2939.97;2837.68;2878.91;4948247;4995782656.000
06/17/2008;2881.40;2912.13;2791.02;2806.83;5179675;5058994176.000
06/18/2008;2795.13;2959.92;2755.24;2932.06;7878852;7966415360.000
06/19/2008;2916.12;2916.12;2694.85;2696.77;6438670;6393410048.000
06/20/2008;2711.24;2870.46;2630.89;2780.95;7176920;7294265856.000
06/23/2008;2732.03;2783.14;2709.36;2735.17;3151544;3018897408.000
06/24/2008;2726.38;2816.03;2721.92;2794.11;5284426;5080478208.000
06/25/2008;2796.05;2916.02;2783.39;2903.74;6726935;6650541056.000
06/26/2008;2900.21;2938.72;2852.56;2899.37;5624026;5956111360.000
06/27/2008;2811.18;2811.18;2717.14;2749.97;6052654;6112848384.000
06/30/2008;2722.95;2764.03;2682.78;2714.94;3555013;3581420288.000
07/01/2008;2725.25;2738.49;2612.30;2618.54;3553614;3713526272.000
07/02/2008;2626.07;2676.02;2607.76;2646.48;3660843;3727499520.000
07/03/2008;2604.52;2752.82;2580.34;2709.91;6245636;6191729152.000
07/04/2008;2722.05;2743.68;2683.00;2708.36;4240629;4518612992.000
07/07/2008;2717.77;2861.65;2717.77;2858.52;7428743;7819106816.000
07/08/2008;2863.11;2897.45;2811.90;2869.15;6628857;7003805696.000
07/09/2008;2898.03;2982.29;2898.03;2967.24;10181271;10918715392.000
07/10/2008;2921.15;3026.30;2906.59;2956.79;9385730;10353616896.000
07/11/2008;2945.50;2967.22;2881.66;2921.76;6516754;7253702656.000
07/14/2008;2888.95;2961.32;2877.48;2943.52;4918691;5236310016.000
07/15/2008;2950.85;2957.15;2808.09;2808.53;6601593;6950851072.000
07/16/2008;2771.33;2791.18;2683.35;2725.19;5369456;5329979392.000
07/17/2008;2774.80;2805.05;2690.78;2717.37;4441173;4741642752.000
07/18/2008;2743.75;2834.56;2708.98;2828.78;7123501;6942433792.000
07/21/2008;2802.48;2919.13;2793.67;2911.18;7410844;7686469632.000
07/22/2008;2902.26;2922.56;2877.97;2899.80;6036533;6429589504.000
07/23/2008;2920.10;2946.44;2887.90;2889.94;6002959;6479360000.000
07/24/2008;2915.10;2989.50;2907.22;2989.11;7206383;7921332736.000
07/25/2008;2946.37;2976.40;2927.60;2948.73;5649016;6293959168.000
07/28/2008;2973.32;3028.07;2959.64;2976.00;5881604;6821403136.000
07/29/2008;2926.74;2929.32;2882.17;2906.42;5204164;5756815872.000
07/30/2008;2943.76;2955.35;2863.40;2884.75;4454982;4889001472.000
07/31/2008;2898.42;2898.58;2803.94;2805.07;4563871;4839661056.000
08/01/2008;2787.78;2878.34;2748.20;2848.38;5828008;6781334016.000
08/04/2008;2812.50;2836.96;2761.62;2768.59;3739599;4185099520.000
08/05/2008;2788.98;2796.77;2721.13;2732.91;4553911;4996182528.000
08/06/2008;2754.45;2786.47;2714.78;2761.14;3858414;4162764544.000
08/07/2008;2761.79;2794.58;2726.87;2763.63;4511302;4645538816.000
08/08/2008;2763.26;2763.31;2625.77;2629.89;5534533;5427231744.000
08/11/2008;2626.07;2655.82;2517.87;2535.43;5551532;5398624768.000
08/12/2008;2515.40;2554.10;2488.50;2523.22;3634455;3345383936.000
08/13/2008;2508.37;2524.62;2432.96;2501.42;3825922;3570632960.000
08/14/2008;2495.30;2521.14;2466.23;2500.71;2618407;2634654976.000
08/15/2008;2500.78;2529.90;2473.31;2499.29;3173268;3107627520.000
08/18/2008;2506.13;2508.45;2351.57;2353.48;3855609;3292384256.000
08/19/2008;2326.68;2404.57;2318.13;2386.05;2697449;2434024960.000
08/20/2008;2364.29;2586.57;2346.30;2576.94;6997725;6692641792.000
08/21/2008;2531.88;2573.70;2470.11;2484.41;5503007;5360608256.000
08/22/2008;2465.58;2478.63;2403.73;2440.54;4536875;4158448640.000
08/25/2008;2447.56;2484.63;2415.74;2443.77;3083427;2828013568.000
08/26/2008;2410.46;2447.38;2342.27;2372.02;4077858;3673441792.000
08/27/2008;2365.86;2405.80;2323.15;2362.95;4461199;3967235072.000
08/28/2008;2366.00;2394.57;2351.16;2368.43;3410308;3253900032.000
08/29/2008;2388.09;2458.90;2384.89;2433.59;4782963;4386992128.000
09/01/2008;2412.68;2414.56;2329.13;2341.24;3529177;3491907072.000
09/02/2008;2322.12;2337.14;2292.02;2311.44;2965710;3084780800.000
09/03/2008;2309.17;2324.56;2251.45;2273.22;3646280;3489062912.000
09/04/2008;2272.27;2291.88;2237.61;2273.01;3046890;3001449216.000
09/05/2008;2219.02;2244.33;2195.55;2203.82;3588579;3143225344.000
09/08/2008;2209.12;2216.38;2142.16;2149.78;3638816;3107901440.000
09/09/2008;2163.12;2188.90;2144.92;2173.47;3407191;2694247168.000
09/10/2008;2160.97;2229.11;2137.92;2186.23;4290023;3603382784.000
09/11/2008;2181.52;2187.60;2109.41;2121.07;4074887;3539672064.000
09/12/2008;2122.55;2153.47;2104.91;2123.03;2974882;2572247296.000
09/16/2008;2093.66;2093.66;2034.09;2046.23;4888061;4209560064.000
09/17/2008;2028.81;2047.18;1943.06;1951.91;5108903;4134187520.000
09/18/2008;1901.26;1972.56;1827.43;1917.55;8551241;6501611520.000
09/19/2008;2101.35;2105.57;2083.75;2105.57;6466846;5400333824.000
09/22/2008;2260.47;2305.50;2152.97;2241.48;18814005;16898374656.000
09/23/2008;2158.14;2199.79;2115.99;2135.53;10661670;9301665792.000
09/24/2008;2080.79;2161.35;2064.73;2158.97;7912063;6291139072.000
09/25/2008;2164.77;2287.19;2159.64;2249.06;13288608;11381933056.000
09/26/2008;2265.42;2289.26;2227.05;2270.12;10089694;8286852096.000
10/06/2008;2225.62;2225.62;2139.68;2139.94;6969845;5901113856.000
10/07/2008;2056.87;2170.20;2043.27;2137.14;7368833;5873526272.000
10/08/2008;2069.30;2102.99;2019.28;2042.91;5841900;4886121984.000
10/09/2008;2080.02;2086.38;2007.78;2008.72;4657442;3800298752.000
10/10/2008;1923.02;1949.71;1881.73;1911.81;6482967;4867812864.000
10/13/2008;1893.96;1997.39;1853.23;1995.88;6408379;5058626560.000
10/14/2008;2067.19;2075.55;1936.11;1937.20;7474667;6355916800.000
10/15/2008;1920.60;1942.53;1903.53;1935.47;4263599;3424868352.000
10/16/2008;1862.58;1894.57;1845.35;1848.62;5555499;4110073088.000
10/17/2008;1868.07;1883.99;1830.69;1856.73;3847053;2907171328.000
10/20/2008;1848.29;1922.90;1827.91;1918.78;4350340;3400415744.000
10/21/2008;1921.11;1942.04;1891.63;1892.36;4511860;3661798656.000
10/22/2008;1871.31;1908.48;1851.30;1852.18;3942593;2938588672.000
10/23/2008;1813.56;1850.47;1797.98;1849.67;4613375;3498579456.000
10/24/2008;1847.00;1855.39;1778.11;1782.17;4016113;3096488192.000
10/27/2008;1742.66;1742.66;1619.09;1621.55;5497799;3631434240.000
10/28/2008;1584.78;1687.85;1576.04;1677.70;6573180;4554104320.000
10/29/2008;1697.05;1708.63;1623.88;1623.88;5687601;4168821504.000
10/30/2008;1633.77;1706.50;1615.08;1674.56;6574788;4390460416.000
10/31/2008;1659.98;1672.06;1629.55;1638.89;4623900;3042066432.000
11/03/2008;1628.81;1672.89;1623.09;1633.55;3924065;2632990720.000
11/04/2008;1624.33;1633.17;1588.77;1617.10;3922060;2524570624.000
11/05/2008;1632.61;1711.68;1632.45;1685.69;7060460;4891816960.000
11/06/2008;1637.76;1659.46;1624.00;1644.71;4880140;3070877440.000
11/07/2008;1610.86;1685.29;1601.85;1670.10;4897195;3402333184.000
11/10/2008;1714.55;1813.27;1714.55;1810.32;10438479;7389777408.000
11/11/2008;1808.18;1834.99;1783.56;1785.21;9878683;6693916160.000
11/12/2008;1759.48;1811.92;1754.25;1805.08;5942259;4292332544.000
11/13/2008;1775.60;1895.44;1768.25;1874.60;11892378;8658274304.000
11/14/2008;1890.93;1936.38;1859.18;1934.93;12849828;9695897600.000
11/17/2008;1920.41;1990.83;1907.25;1989.93;13061862;9833539584.000
11/18/2008;1969.96;1994.54;1825.19;1827.26;14106881;10409511936.000
11/19/2008;1829.53;1966.03;1826.37;1955.51;12747243;9271425024.000
11/20/2008;1923.21;1983.43;1914.96;1931.39;14041204;9550396416.000
11/21/2008;1865.34;1959.18;1819.21;1906.97;13011265;9490683904.000
11/24/2008;1904.10;1918.56;1818.19;1820.45;8425365;6365841920.000
11/25/2008;1855.27;1870.10;1780.51;1818.93;6442395;4729347584.000
11/26/2008;1821.95;1847.15;1796.59;1828.40;6096496;4221071360.000
11/27/2008;1947.42;1952.91;1853.45;1857.48;12760229;9608864768.000
11/28/2008;1832.49;1843.26;1794.00;1806.54;7585364;5958335488.000
12/01/2008;1797.90;1842.06;1781.77;1838.32;7334712;5539323904.000
12/02/2008;1793.40;1858.57;1786.77;1837.46;9769182;6923461120.000
12/03/2008;1859.68;1920.88;1855.16;1920.25;13928478;10577140736.000
12/04/2008;1952.05;2021.44;1947.82;1952.93;21068592;16131743744.000
12/05/2008;1944.27;1985.34;1933.57;1981.91;12346398;9512424448.000
12/08/2008;2010.50;2073.86;1998.90;2073.16;19327210;14947666944.000
12/09/2008;2083.09;2083.09;2009.81;2010.40;15929569;12255959040.000
12/10/2008;2002.23;2075.89;1990.61;2074.06;14451133;11655534592.000
12/11/2008;2059.55;2075.40;2011.70;2015.55;11571499;9682240512.000
12/12/2008;1994.73;2003.32;1905.01;1932.09;12504743;9384702976.000
12/15/2008;1969.79;1982.76;1922.04;1958.35;9028511;7017088000.000
12/16/2008;1939.60;1970.26;1897.09;1968.99;8122961;6281797632.000
12/17/2008;1978.92;2002.92;1966.27;1972.35;9442552;7603945984.000
12/18/2008;1969.87;2020.15;1949.13;2018.15;9348166;7495950848.000
12/19/2008;2012.71;2044.89;2006.63;2020.53;10503985;8564236800.000
12/22/2008;2017.61;2024.96;1967.54;1991.54;8769270;6982794240.000
12/23/2008;1991.71;1991.73;1888.33;1888.81;10132295;7891589632.000
12/24/2008;1866.57;1887.35;1843.45;1859.38;6782288;5119725568.000
12/25/2008;1865.47;1882.55;1826.53;1852.68;7217021;5537764352.000
12/26/2008;1854.09;1876.15;1839.14;1859.99;5987296;4686532608.000
12/29/2008;1850.72;1861.68;1814.21;1851.60;5593214;4284522496.000
12/30/2008;1852.48;1869.95;1829.42;1841.51;5868556;4614471168.000
12/31/2008;1842.97;1861.13;1829.09;1834.44;5462070;4116028416.000
01/05/2009;1868.85;1897.84;1850.58;1897.84;7927937;6081304064.000
01/06/2009;1897.82;1956.95;1887.80;1949.73;11321938;9271220224.000
01/07/2009;1951.25;1967.26;1938.66;1943.59;10510070;7868050432.000
01/08/2009;1905.37;1914.59;1877.73;1882.86;9204228;6994073088.000
01/09/2009;1880.68;1921.39;1880.68;1919.17;6378022;5373224960.000
01/12/2009;1915.30;1961.13;1910.44;1934.95;9330927;7307920896.000
01/13/2009;1909.25;1929.50;1896.77;1901.12;8139541;6010966016.000
01/14/2009;1898.49;1977.10;1898.48;1977.06;9320334;7650777088.000
01/15/2009;1959.33;2001.63;1958.78;1981.05;12232263;9129435136.000
01/16/2009;1994.97;2059.99;1994.97;2008.21;15358808;12625860608.000
01/19/2009;2035.35;2094.40;2028.49;2046.42;12609599;10258459648.000
01/20/2009;2039.48;2064.78;2022.33;2063.09;7795956;6111397888.000
01/21/2009;2025.46;2073.49;2016.92;2045.60;10117227;9243469824.000
01/22/2009;2055.43;2067.23;2022.57;2052.06;8356429;6960683008.000
01/23/2009;2052.15;2081.35;2036.14;2062.53;10278627;8121549824.000
02/02/2009;2076.46;2088.90;2054.90;2086.87;8351851;6808539136.000
02/03/2009;2086.50;2133.95;2078.72;2133.07;12881964;10376380416.000
02/04/2009;2145.00;2201.91;2144.55;2199.15;15412554;12233973760.000
02/05/2009;2197.00;2244.17;2153.20;2170.70;17674900;13988704256.000
02/06/2009;2180.02;2262.44;2180.02;2258.54;16100603;12938443776.000
02/09/2009;2293.40;2312.66;2265.46;2298.47;18662032;15219789824.000
02/10/2009;2288.51;2317.81;2257.47;2316.44;17958359;13924406272.000
02/11/2009;2272.44;2372.03;2260.24;2323.32;23743326;19741487104.000
02/12/2009;2330.33;2342.36;2252.06;2320.27;18993438;16888408064.000
02/13/2009;2328.33;2391.98;2305.28;2389.02;21988311;18874316800.000
02/16/2009;2406.11;2443.73;2380.55;2443.48;24158301;20804356096.000
02/17/2009;2438.36;2448.61;2360.48;2360.84;21276432;18621310976.000
02/18/2009;2305.54;2337.78;2234.94;2236.03;17648568;14816159744.000
02/19/2009;2261.36;2284.02;2215.77;2249.19;12720545;10634800128.000
02/20/2009;2251.61;2285.56;2220.04;2284.68;13626924;11012853760.000
02/23/2009;2268.19;2360.74;2238.33;2346.97;15830975;13870615552.000
02/24/2009;2308.43;2336.69;2220.09;2230.12;17537136;15087263744.000
02/25/2009;2253.76;2268.18;2162.43;2233.01;15433844;13421560832.000
02/26/2009;2221.81;2262.05;2116.70;2138.25;16495618;15130765312.000
02/27/2009;2117.80;2155.45;2086.49;2112.09;13629023;12535350272.000
03/02/2009;2105.54;2136.22;2072.56;2124.11;8259789;8035885568.000
03/03/2009;2071.53;2121.17;2061.54;2094.63;10013515;8905470976.000
03/04/2009;2100.22;2239.63;2100.22;2230.22;16371467;14522084352.000
03/05/2009;2257.77;2290.57;2211.13;2257.56;20076159;18452381696.000
03/06/2009;2218.76;2266.02;2211.22;2247.45;12956325;12018839552.000
03/09/2009;2264.52;2304.42;2166.76;2172.89;12495319;11751571456.000
03/10/2009;2148.87;2213.29;2137.41;2211.03;7846199;7171144704.000
03/11/2009;2261.15;2265.32;2175.76;2181.62;10675889;9928950784.000
03/12/2009;2169.59;2183.09;2122.94;2173.74;7812480;7163776000.000
03/13/2009;2189.62;2218.73;2169.00;2176.22;7414299;6804216832.000
03/16/2009;2167.14;2233.94;2150.93;2224.49;8008409;7046525440.000
03/17/2009;2228.20;2310.97;2224.31;2304.50;12721011;11498040320.000
03/18/2009;2319.87;2340.76;2299.26;2301.13;13701498;12387016704.000
03/19/2009;2310.90;2352.35;2306.06;2347.00;14705706;12822927360.000
03/20/2009;2348.70;2351.77;2297.84;2330.75;14738681;12818563072.000
03/23/2009;2328.86;2392.82;2319.91;2386.87;16602572;15415267328.000
03/24/2009;2430.64;2435.48;2395.70;2408.12;16996162;16641695744.000
03/25/2009;2395.97;2429.51;2366.29;2367.30;13079255;12532861952.000
03/26/2009;2396.80;2465.42;2384.72;2465.24;20836391;17878730752.000
03/27/2009;2488.69;2517.48;2481.22;2505.85;26305621;22027702272.000
03/30/2009;2508.06;2523.28;2479.94;2491.45;19460902;16473357312.000
03/31/2009;2446.05;2532.61;2428.62;2531.04;18769992;17652260864.000
04/01/2009;2546.08;2577.04;2536.52;2552.17;22591057;20711606272.000
04/02/2009;2563.27;2609.36;2557.95;2577.57;22168222;21588529152.000
04/03/2009;2602.16;2628.01;2566.40;2587.71;19226401;18724773888.000
04/07/2009;2591.05;2619.01;2554.83;2586.20;12098284;12319472640.000
04/08/2009;2574.37;2588.38;2476.80;2476.85;14670664;14146679808.000
04/09/2009;2475.16;2523.83;2455.56;2523.47;11347256;10888265728.000
04/10/2009;2549.88;2597.52;2539.27;2593.00;16032764;15456409600.000
04/13/2009;2628.31;2667.13;2623.28;2645.39;21463119;20049336320.000
04/14/2009;2647.47;2682.06;2631.55;2673.66;17633586;17302456320.000
04/15/2009;2667.08;2686.87;2615.83;2684.59;20073177;19042396160.000
04/16/2009;2680.13;2707.24;2641.27;2679.31;18895773;18514315264.000
04/17/2009;2672.85;2694.20;2632.96;2642.93;13940747;14555445248.000
04/20/2009;2645.10;2718.73;2645.10;2717.88;14580601;14246157312.000
04/21/2009;2681.90;2730.89;2665.26;2708.51;20505960;18774161408.000
04/22/2009;2723.58;2768.86;2609.50;2629.79;23609976;22038988800.000
04/23/2009;2611.17;2645.43;2593.29;2638.56;14178340;12864347136.000
04/24/2009;2652.37;2658.53;2616.43;2619.77;11816610;11925336064.000
04/27/2009;2615.98;2628.63;2542.11;2556.98;14191880;12986450944.000
04/28/2009;2538.82;2569.76;2524.87;2559.63;10703822;10156933120.000
04/29/2009;2567.00;2688.66;2564.56;2687.40;16591052;16870178816.000
04/30/2009;2697.53;2741.61;2694.43;2716.31;17387397;18268225536.000
05/04/2009;2731.73;2797.50;2722.76;2792.45;17713025;18013083648.000
05/05/2009;2804.38;2818.29;2781.19;2790.57;15451009;14462607360.000
05/06/2009;2788.66;2847.02;2778.80;2834.02;16207335;17200285696.000
05/07/2009;2853.96;2880.35;2806.85;2837.62;18554540;19616538624.000
05/08/2009;2824.69;2855.27;2801.52;2844.73;14096510;15229877248.000
05/11/2009;2859.24;2920.82;2802.18;2803.28;19202020;19584294912.000
05/12/2009;2784.70;2863.85;2781.11;2862.15;15564427;14955919360.000
05/13/2009;2854.74;2874.73;2829.52;2862.47;15732445;16298186752.000
05/14/2009;2831.51;2840.69;2796.57;2830.60;11950741;12604398592.000
05/15/2009;2839.86;2863.74;2820.04;2842.61;10499923;10558973952.000
05/18/2009;2836.01;2847.58;2788.87;2843.97;9492504;9659077632.000
05/19/2009;2872.19;2888.41;2854.91;2870.36;13077618;13614300160.000
05/20/2009;2875.99;2883.85;2833.63;2834.38;13884777;12763815936.000
05/21/2009;2816.01;2822.66;2755.92;2771.43;13241281;13041698816.000
05/22/2009;2755.98;2790.00;2742.81;2764.77;9105453;9490206720.000
05/25/2009;2705.88;2776.75;2682.06;2761.24;11789249;12064396288.000
05/26/2009;2763.79;2776.65;2741.13;2742.56;10986079;10649564160.000
05/27/2009;2754.65;2806.39;2738.82;2795.63;10562382;10475588608.000
06/01/2009;2824.22;2883.16;2823.84;2880.41;15131556;15383773184.000
06/02/2009;2895.05;2910.81;2872.27;2882.06;17140420;16370551808.000
06/03/2009;2883.67;2987.07;2883.67;2982.66;16922996;18298417152.000
06/04/2009;2974.20;3023.76;2952.78;3005.99;17653413;18953451520.000
06/05/2009;3013.97;3022.13;2979.94;2984.36;13239622;14984851456.000
06/08/2009;2984.05;3036.41;2949.41;2994.10;12263482;14365265920.000
06/09/2009;2996.56;3014.09;2937.34;3011.11;11545513;12440875008.000
06/10/2009;3012.16;3053.11;3005.75;3051.35;15014237;16571133952.000
06/11/2009;3048.06;3083.91;3034.34;3052.07;13423980;14638827520.000
06/12/2009;3043.34;3067.78;2964.68;2993.33;12401002;13525577728.000
06/15/2009;2999.76;3072.96;2988.99;3068.81;10344481;11975091200.000
06/16/2009;3043.31;3077.16;3025.89;3057.35;9112861;10682939392.000
06/17/2009;3054.26;3093.84;3011.95;3091.99;10772491;12326569984.000
06/18/2009;3096.67;3144.46;3090.00;3137.71;14843216;16154151936.000
06/19/2009;3137.73;3178.29;3128.35;3172.08;16658216;17619326976.000
06/22/2009;3203.44;3232.55;3179.37;3187.04;16828543;17812002816.000
06/23/2009;3142.32;3245.96;3136.13;3201.50;16560794;17449074688.000
06/24/2009;3195.90;3220.83;3171.79;3214.02;14295054;14816821248.000
06/25/2009;3220.17;3237.67;3200.85;3214.17;11211721;13488185344.000
06/26/2009;3220.21;3250.81;3212.16;3241.08;12136292;13504285696.000
06/29/2009;3241.16;3281.73;3226.76;3272.61;13381937;14613573632.000
06/30/2009;3276.89;3289.22;3251.97;3257.20;11931348;13089979392.000
07/01/2009;3248.79;3364.72;3247.13;3359.12;15910719;20135149568.000
07/02/2009;3369.69;3421.61;3368.41;3416.30;17194862;21573935104.000
07/03/2009;3389.58;3447.69;3382.81;3444.38;16935857;22176399360.000
07/06/2009;3453.38;3502.47;3453.36;3501.11;22855755;27622377472.000
07/07/2009;3497.95;3518.75;3450.79;3460.29;21396699;25152104448.000
07/08/2009;3428.33;3475.11;3372.75;3452.01;16813124;21529921536.000
07/09/2009;3444.59;3510.89;3430.96;3510.71;16627339;21110816768.000
07/10/2009;3517.08;3528.68;3477.05;3493.90;14902820;19339558912.000
07/13/2009;3473.69;3504.12;3448.78;3449.50;15104925;20392071168.000
07/14/2009;3463.81;3574.15;3463.81;3574.15;17787247;22989725696.000
07/15/2009;3583.81;3626.64;3582.11;3608.37;19411889;23543908352.000
07/16/2009;3627.63;3658.07;3578.46;3613.41;17965148;23841204224.000
07/17/2009;3610.05;3648.15;3595.01;3625.07;14362084;18807969792.000
07/20/2009;3643.36;3678.01;3607.08;3666.83;20591787;26208575488.000
07/21/2009;3675.50;3701.47;3596.90;3601.89;21720103;29160372224.000
07/22/2009;3607.53;3660.89;3603.41;3652.82;17334837;22818856960.000
07/23/2009;3659.68;3706.22;3626.86;3701.65;17252426;21929357312.000
07/24/2009;3720.69;3747.96;3649.14;3722.22;21945809;26177650688.000
07/27/2009;3743.51;3797.60;3743.51;3795.16;23411281;27971002368.000
07/28/2009;3796.98;3814.82;3760.69;3812.71;23736452;29597870080.000
07/29/2009;3799.00;3848.11;3511.01;3636.56;25974748;33637156864.000
07/30/2009;3678.82;3775.80;3632.30;3754.97;22972768;28849958912.000
07/31/2009;3785.80;3824.73;3728.87;3822.95;20169134;26682427392.000
08/03/2009;3842.06;3854.39;3799.07;3852.27;21820718;28469329920.000
08/04/2009;3863.04;3863.05;3749.02;3812.61;22699557;29451931648.000
08/05/2009;3798.13;3818.55;3712.90;3750.39;20430993;27109611520.000
08/06/2009;3720.71;3761.65;3619.67;3677.22;18944159;25643198464.000
08/07/2009;3679.59;3719.11;3586.79;3600.14;16656036;21920315392.000
08/10/2009;3643.04;3663.71;3522.70;3575.50;13980617;19051565056.000
08/11/2009;3595.47;3613.70;3548.68;3602.87;11740789;15943510016.000
08/12/2009;3593.77;3597.06;3435.22;3437.33;16006189;21101072384.000
08/13/2009;3437.20;3481.17;3375.95;3464.99;14333222;18448472064.000
08/14/2009;3462.96;3467.62;3336.37;3355.47;14911522;18916673536.000
08/17/2009;3301.82;3351.01;3168.90;3172.05;15563930;18473162752.000
08/18/2009;3143.97;3207.31;3112.78;3190.50;12626788;14537230336.000
08/19/2009;3189.33;3195.84;2978.57;3016.81;13222078;14944989184.000
08/20/2009;3021.55;3147.01;3015.28;3145.07;12450221;14468350976.000
08/21/2009;3133.92;3228.71;3114.76;3199.80;14016313;16509126656.000
08/24/2009;3215.00;3218.42;3159.58;3198.26;12239355;15143312384.000
08/25/2009;3181.52;3181.52;2985.24;3067.80;16152299;19557218304.000
08/26/2009;3040.83;3160.24;3021.44;3124.60;13793079;16517198848.000
08/27/2009;3109.61;3169.12;3082.03;3125.64;14378442;16931270656.000
08/28/2009;3115.06;3134.20;2994.84;3013.62;13936652;16192317440.000
08/31/2009;2978.07;2978.07;2828.26;2837.49;12941307;13961118720.000
09/01/2009;2822.59;2925.48;2812.05;2873.53;11680799;12886742016.000
09/02/2009;2854.81;2939.06;2839.44;2922.38;10109342;11359412224.000
09/03/2009;2924.54;3077.77;2913.07;3070.53;14814134;17277302784.000
09/04/2009;3071.08;3110.97;3055.27;3091.69;13026497;15497055232.000
09/07/2009;3114.48;3163.54;3082.04;3107.99;13660379;17089361920.000
09/08/2009;3094.42;3175.52;3052.81;3174.68;12764829;16030383104.000
09/09/2009;3184.99;3198.49;3133.94;3180.64;13801393;16432960512.000
09/10/2009;3175.75;3195.73;3139.59;3143.10;10073877;12039128064.000
09/11/2009;3141.22;3252.08;3139.93;3248.63;13351231;17468192768.000
09/14/2009;3261.21;3304.72;3236.72;3295.04;14931503;18900482048.000
09/15/2009;3299.74;3326.23;3260.50;3297.08;13324453;16732272640.000
09/16/2009;3281.23;3289.13;3206.41;3232.28;12824896;15872447488.000
09/17/2009;3253.75;3309.65;3253.75;3301.84;14738697;17441038336.000
09/18/2009;3310.50;3320.96;3151.24;3179.22;17993787;21589489664.000
09/21/2009;3144.50;3189.79;3074.44;3182.29;12086462;15181483008.000
09/22/2009;3165.79;3208.29;3105.40;3105.95;12062323;14979511296.000
09/23/2009;3103.56;3141.78;3040.70;3056.82;12603740;14287539200.000
09/24/2009;3042.73;3130.65;3009.46;3087.16;11064899;13632293888.000
09/25/2009;3072.33;3108.51;3037.54;3079.65;7980409;9779982336.000
09/28/2009;3090.13;3118.69;2995.23;3007.15;7457215;9092773888.000
09/29/2009;3011.66;3043.57;2963.84;3016.28;8393731;10068563968.000
09/30/2009;3038.28;3060.71;3012.40;3031.86;7875971;9492101120.000
10/09/2009;3094.28;3184.48;3089.91;3181.69;9691016;12234971136.000
10/12/2009;3196.65;3217.58;3169.14;3169.31;9017623;11802535936.000
10/13/2009;3159.78;3215.29;3158.55;3212.05;7596602;9141475328.000
10/14/2009;3220.43;3273.21;3204.21;3220.04;12389175;15416102912.000
10/15/2009;3250.41;3285.15;3214.28;3231.88;9629473;11964205056.000
10/16/2009;3239.27;3252.75;3176.46;3231.47;8643023;11003567104.000
10/19/2009;3224.17;3310.84;3209.24;3309.98;12106375;15928515584.000
10/20/2009;3332.63;3355.91;3313.93;3352.79;14109067;18006444032.000
10/21/2009;3352.38;3379.79;3326.80;3327.01;13203073;17085728768.000
10/22/2009;3318.44;3335.70;3282.88;3298.29;9873754;12535623680.000
10/23/2009;3307.48;3384.66;3307.48;3359.88;13223799;16683523072.000
10/26/2009;3368.62;3380.37;3335.04;3356.62;9577320;12427698176.000
10/27/2009;3329.40;3336.93;3262.95;3264.69;12156970;15638447104.000
10/28/2009;3257.77;3278.00;3193.86;3265.23;10365248;13192474624.000
10/29/2009;3204.82;3230.71;3190.56;3200.11;10304128;13321543680.000
10/30/2009;3250.01;3274.36;3220.82;3225.21;9351267;12434464768.000
11/02/2009;3157.35;3352.26;3146.88;3347.74;14496914;19561242624.000
11/03/2009;3358.10;3409.31;3348.90;3390.53;13016940;18876778496.000
11/04/2009;3396.00;3437.49;3374.17;3414.27;13110831;17563441152.000
11/05/2009;3421.29;3443.88;3398.95;3428.69;12546402;16540314624.000
11/06/2009;3455.79;3468.37;3431.57;3444.84;15876021;20826929152.000
11/09/2009;3449.47;3454.63;3397.65;3444.49;11852121;16169253888.000
11/10/2009;3461.27;3474.60;3437.18;3439.38;11961322;15892684800.000
11/11/2009;3435.75;3454.47;3408.00;3441.53;12129243;16184663040.000
11/12/2009;3446.76;3479.95;3440.89;3451.44;14285900;18498324480.000
11/13/2009;3442.55;3475.36;3398.01;3473.60;13181946;17239384064.000
11/16/2009;3493.66;3558.97;3493.66;3557.29;18384888;23210061824.000
11/17/2009;3568.94;3581.89;3555.03;3563.23;14067823;17826140160.000
11/18/2009;3566.28;3586.20;3553.28;3568.70;14327147;16648457216.000
11/19/2009;3576.70;3600.61;3544.09;3580.52;15150434;18624331776.000
11/20/2009;3563.70;3585.68;3532.51;3557.87;13029628;17083421696.000
11/23/2009;3561.46;3591.15;3543.21;3590.02;12597508;16796315648.000
11/24/2009;3605.46;3617.90;3456.59;3472.96;21343457;26778279936.000
11/25/2009;3478.18;3551.14;3434.11;3550.33;18921727;24432744448.000
11/26/2009;3549.72;3554.46;3381.72;3389.35;19186607;24189448192.000
11/27/2009;3353.46;3388.03;3283.36;3293.11;14137327;17766895616.000
11/30/2009;3330.23;3422.87;3325.90;3421.94;14332969;18212517888.000
12/01/2009;3418.07;3484.88;3404.16;3477.51;17960188;22837665792.000
12/02/2009;3493.32;3519.83;3478.05;3496.44;15732901;20098709504.000
12/03/2009;3499.14;3508.22;3462.21;3495.99;15278756;19952003072.000
12/04/2009;3489.21;3591.48;3460.52;3590.57;25288205;33984043008.000
12/07/2009;3581.25;3618.73;3571.49;3606.82;15290310;21403815936.000
12/08/2009;3606.83;3610.59;3520.02;3553.24;13472723;18519429120.000
12/09/2009;3511.33;3536.47;3466.39;3480.14;11203776;15280167936.000
12/10/2009;3506.75;3526.34;3473.93;3504.26;9956688;13146952704.000
12/11/2009;3512.82;3539.45;3491.75;3499.83;7837104;10729537536.000
12/14/2009;3495.00;3567.93;3411.28;3547.30;13235282;17385711616.000
12/15/2009;3527.83;3552.88;3503.27;3513.08;9771842;13813585920.000
12/16/2009;3495.27;3546.29;3488.94;3504.04;10890698;13822276608.000
12/17/2009;3514.90;3528.19;3429.11;3432.01;12606598;15033700352.000
12/18/2009;3399.12;3419.31;3349.23;3372.27;13354690;16023992320.000
12/21/2009;3368.69;3389.78;3347.71;3381.17;9563036;12882768896.000
12/22/2009;3385.20;3397.79;3303.66;3309.51;11514520;13954999296.000
12/23/2009;3306.75;3352.92;3300.04;3344.14;11213014;13843679232.000
12/24/2009;3349.53;3436.78;3343.22;3431.34;13026679;17062880256.000
12/25/2009;3420.81;3432.30;3396.21;3405.02;7963579;10957029376.000
12/28/2009;3416.69;3482.90;3416.61;3459.87;10296649;13964400640.000
12/29/2009;3461.08;3502.95;3443.19;3502.54;10052189;13562318848.000
12/30/2009;3511.12;3594.36;3502.94;3593.05;18242512;24050667520.000
12/31/2009;3598.42;3623.61;3581.00;3616.67;14284530;19962726400.000
01/04/2010;3633.47;3639.20;3566.39;3566.78;11977641;17333852160.000
01/05/2010;3578.33;3617.58;3524.59;3603.57;15398418;21682765824.000
01/06/2010;3594.78;3624.84;3568.27;3568.63;12593377;18194315264.000
01/07/2010;3560.44;3575.31;3459.78;3476.20;13083711;18177128448.000
01/08/2010;3458.07;3503.77;3443.48;3497.88;10338675;14691111936.000
01/11/2010;3657.03;3658.60;3483.31;3494.76;18237205;27252547584.000
01/12/2010;3483.74;3563.99;3450.84;3552.62;19640347;23443445760.000
01/13/2010;3462.90;3506.21;3429.34;3434.64;23154638;28496336896.000
01/14/2010;3451.59;3493.23;3426.96;3482.74;14958516;18701178880.000
01/15/2010;3487.10;3517.57;3465.69;3501.25;12295345;16314756096.000
01/18/2010;3492.01;3530.63;3476.75;3528.71;15745823;20876709888.000
01/19/2010;3532.91;3563.07;3521.36;3535.72;13504514;18195564544.000
01/20/2010;3541.57;3544.97;3409.66;3421.31;16592768;20323569664.000
01/21/2010;3425.29;3491.66;3413.73;3470.64;13138424;16664536064.000
01/22/2010;3425.13;3491.24;3366.90;3463.21;16869053;22698856448.000
01/25/2010;3428.02;3470.84;3395.91;3398.64;9731965;13066985472.000
01/26/2010;3400.32;3415.90;3316.48;3349.53;10695269;14207906816.000
01/27/2010;3348.14;3357.84;3274.30;3276.46;8900166;11532309504.000
01/28/2010;3272.72;3283.42;3235.17;3259.62;8004125;10134852608.000
01/29/2010;3246.49;3311.68;3232.78;3257.47;8336850;10882958336.000
02/01/2010;3251.72;3251.72;3168.17;3205.46;8992331;11431194624.000
02/02/2010;3224.01;3264.90;3190.10;3192.02;6962027;9387715584.000
02/03/2010;3206.26;3279.16;3142.04;3278.41;9539348;12685529088.000
02/04/2010;3255.63;3298.12;3234.40;3272.30;8483961;11358594048.000
02/05/2010;3201.55;3233.56;3182.94;3206.30;7637761;9623266304.000
02/08/2010;3207.40;3229.07;3193.81;3209.41;5609775;7221946880.000
02/09/2010;3208.79;3236.82;3205.30;3228.96;4707235;5921815040.000
02/10/2010;3254.08;3275.54;3245.81;3274.86;5381624;7372566016.000
02/11/2010;3276.47;3298.68;3267.69;3277.60;6408504;7347300352.000
02/12/2010;3294.06;3316.84;3289.78;3315.29;5687919;7232638976.000
02/22/2010;3307.97;3319.69;3286.56;3289.12;6113368;8223216128.000
02/23/2010;3284.11;3284.32;3216.95;3263.15;7038767;9836918784.000
02/24/2010;3242.28;3300.46;3231.50;3299.11;7476458;9817305088.000
02/25/2010;3306.59;3365.23;3306.59;3359.02;11610206;16655486976.000
02/26/2010;3353.44;3366.22;3340.79;3346.29;7564100;9717879808.000
03/01/2010;3345.01;3393.81;3345.00;3383.85;7822535;10412829696.000
03/02/2010;3386.91;3397.13;3357.24;3370.44;8949078;10211968000.000
03/03/2010;3373.75;3405.09;3360.74;3403.20;11348487;12951575552.000
03/04/2010;3406.77;3416.38;3326.52;3333.33;14307344;15823108096.000
03/05/2010;3337.31;3364.50;3326.44;3349.19;9455649;10714565632.000
03/08/2010;3356.63;3384.71;3344.54;3377.70;8600970;10146327552.000
03/09/2010;3374.20;3407.52;3354.54;3389.32;8355620;10482422784.000
03/10/2010;3388.22;3408.51;3351.32;3366.05;9438901;11008339968.000
03/11/2010;3367.82;3405.50;3344.39;3370.49;10209790;14599767040.000
03/12/2010;3372.27;3378.18;3323.02;3323.30;7021272;9195580416.000
03/15/2010;3320.83;3326.55;3267.84;3282.77;6007018;7628712448.000
03/16/2010;3280.77;3304.89;3265.47;3303.81;5244516;6761093120.000
03/17/2010;3312.15;3370.68;3296.14;3370.03;8495214;11157597184.000
03/18/2010;3373.38;3392.69;3348.65;3359.09;7983986;10474559488.000
03/19/2010;3363.50;3384.45;3342.28;3378.93;7003912;9211582464.000
03/22/2010;3382.21;3400.05;3376.02;3392.84;8750264;12123102208.000
03/23/2010;3394.27;3396.75;3349.71;3351.09;8183900;10663883776.000
