399902 中证流通 日线
      日期	    开盘	    最高	    最低	    收盘	    成交量	    成交额
02/27/2006;1094.71;1096.72;1078.00;1081.88;15718159;7917723648.000
02/28/2006;1080.02;1088.40;1061.23;1087.72;16267122;8441070592.000
03/01/2006;1088.59;1097.71;1084.95;1096.32;17414889;9454604288.000
03/02/2006;1096.02;1096.04;1066.10;1071.56;21586070;10987253760.000
03/03/2006;1070.44;1077.10;1057.57;1074.12;17420297;9280408576.000
03/06/2006;1074.33;1078.21;1067.00;1069.46;14118731;7398787072.000
03/07/2006;1068.58;1068.79;1037.59;1039.36;16813064;8487094272.000
03/08/2006;1036.57;1039.77;1021.78;1034.93;15062407;7558372864.000
03/09/2006;1034.66;1039.28;1028.98;1031.88;10753481;5323403264.000
03/10/2006;1032.28;1040.45;1032.28;1039.01;10555378;5474475008.000
03/13/2006;1039.18;1053.60;1038.85;1052.16;12021412;5985506816.000
03/14/2006;1053.02;1053.44;1041.73;1050.84;10763991;5498693632.000
03/15/2006;1050.42;1065.81;1048.66;1065.81;14041790;7482107392.000
03/16/2006;1065.81;1066.89;1060.82;1065.36;14720623;7773756928.000
03/17/2006;1065.23;1067.99;1057.36;1062.81;14162433;7343858176.000
03/20/2006;1063.41;1082.72;1056.90;1082.45;17543421;8973726720.000
03/21/2006;1083.01;1097.20;1080.69;1087.34;23226311;11878449152.000
03/22/2006;1087.05;1099.73;1082.39;1099.58;21908367;11184335872.000
03/23/2006;1100.43;1107.30;1096.54;1104.28;26003383;13180550144.000
03/24/2006;1104.99;1108.30;1093.80;1095.98;23826080;12506290176.000
03/27/2006;1095.37;1109.74;1088.70;1109.73;21219704;10851622912.000
03/28/2006;1110.63;1119.65;1108.52;1118.90;24044447;12391455744.000
03/29/2006;1119.18;1139.88;1116.12;1125.67;34739441;17596475392.000
03/30/2006;1124.55;1128.38;1111.44;1112.07;27114251;14517709824.000
03/31/2006;1109.96;1120.84;1104.16;1120.50;24399891;13116005376.000
04/03/2006;1121.05;1149.63;1120.89;1149.56;36050213;19645581312.000
04/04/2006;1152.35;1163.88;1145.13;1163.88;41122211;22133268480.000
04/05/2006;1164.03;1176.15;1160.59;1175.47;39778346;21139771392.000
04/06/2006;1176.22;1187.17;1168.25;1178.08;43224098;23352381440.000
04/07/2006;1177.52;1180.42;1161.77;1178.75;41845432;22143754240.000
04/10/2006;1179.60;1198.55;1174.82;1198.35;41823566;22048778240.000
04/11/2006;1200.80;1205.88;1186.08;1201.81;44716626;24491995136.000
04/12/2006;1201.16;1201.16;1190.71;1192.58;38405707;20370577408.000
04/13/2006;1190.82;1198.28;1154.68;1155.20;44331865;22575054848.000
04/14/2006;1151.77;1187.03;1150.98;1186.87;39115149;19006232576.000
04/17/2006;1183.60;1195.66;1177.05;1187.57;39466767;20949506048.000
04/18/2006;1188.47;1197.48;1177.84;1193.04;37915896;20375136256.000
04/19/2006;1193.58;1198.92;1179.38;1196.59;41553288;22692603904.000
04/20/2006;1196.79;1199.55;1179.38;1188.77;44827104;25758814208.000
04/21/2006;1185.71;1209.67;1176.62;1204.19;49602502;27793360896.000
04/24/2006;1208.32;1212.91;1182.72;1192.81;55850816;31273646080.000
04/25/2006;1188.41;1205.10;1167.16;1195.46;52630307;30077476864.000
04/26/2006;1196.18;1219.92;1195.29;1210.01;57206963;33884882944.000
04/27/2006;1211.18;1214.88;1196.05;1209.73;43335842;24644067328.000
04/28/2006;1193.57;1228.20;1179.27;1225.80;52481230;30212462592.000
05/08/2006;1232.87;1281.26;1232.87;1280.98;59709654;33996851200.000
05/09/2006;1290.23;1323.92;1284.47;1322.06;76780088;43749720064.000
05/10/2006;1330.01;1350.37;1312.32;1342.28;79066872;45514764288.000
05/11/2006;1343.28;1377.46;1325.09;1325.51;88298473;51791454208.000
05/12/2006;1322.40;1372.63;1318.81;1372.44;75772542;45137350656.000
05/15/2006;1391.79;1442.92;1377.83;1442.68;103819382;62072725504.000
05/16/2006;1448.41;1469.80;1386.88;1397.75;104564516;64200630272.000
05/17/2006;1395.21;1423.85;1368.45;1403.22;81541037;50233548800.000
05/18/2006;1388.47;1412.50;1364.38;1401.50;71273904;42114101248.000
05/19/2006;1402.24;1444.66;1395.05;1439.61;78593401;46915829760.000
05/22/2006;1438.24;1464.67;1430.87;1449.56;91147675;52084965376.000
05/23/2006;1439.06;1439.06;1375.28;1376.31;80785886;45828104192.000
05/24/2006;1381.56;1412.14;1322.52;1359.03;69544408;40570998784.000
05/25/2006;1350.54;1367.92;1334.87;1360.42;47004119;26924982272.000
05/26/2006;1364.81;1386.77;1362.29;1386.42;50100814;29059567616.000
05/29/2006;1395.15;1425.66;1386.21;1425.56;60417820;35767099392.000
05/30/2006;1432.88;1447.31;1417.67;1442.44;65517629;40225640448.000
05/31/2006;1440.31;1450.07;1413.38;1424.31;68089714;41269092352.000
06/01/2006;1422.49;1468.24;1421.42;1468.06;78758136;45267578880.000
06/02/2006;1472.65;1480.51;1448.01;1458.84;96163206;55988924416.000
06/05/2006;1460.42;1477.12;1430.52;1476.98;80867600;44645695488.000
06/06/2006;1472.59;1482.39;1460.87;1466.46;67448771;38544392192.000
06/07/2006;1464.62;1464.62;1369.16;1369.76;74199594;43052601344.000
06/08/2006;1355.77;1382.82;1330.91;1377.25;63691861;35964477440.000
06/09/2006;1371.94;1383.50;1341.93;1343.08;56907530;32146155520.000
06/12/2006;1333.70;1361.96;1324.82;1351.86;37698708;21944973312.000
06/13/2006;1351.71;1370.37;1340.29;1357.94;38941577;23278315520.000
06/14/2006;1349.69;1349.69;1324.77;1342.08;38811921;21824913408.000
06/15/2006;1341.35;1361.97;1340.13;1346.65;35622195;20093333504.000
06/16/2006;1352.00;1383.56;1352.00;1383.56;42805519;24530147328.000
06/19/2006;1372.48;1412.90;1359.83;1404.91;47856910;28460158976.000
06/20/2006;1403.79;1414.58;1393.60;1413.66;46087099;27128367104.000
06/21/2006;1412.03;1422.07;1394.05;1405.92;50197630;28476100608.000
06/22/2006;1404.59;1413.94;1396.33;1405.22;42565311;24205228032.000
06/23/2006;1402.35;1418.99;1392.25;1418.59;43919091;25404948480.000
06/26/2006;1420.86;1447.08;1420.86;1446.64;51729174;32067872768.000
06/27/2006;1449.31;1452.78;1435.62;1449.36;50124216;29826394112.000
06/28/2006;1447.00;1453.57;1438.35;1448.89;46266388;26784815104.000
06/29/2006;1450.71;1483.90;1450.71;1483.83;70411583;40523935744.000
06/30/2006;1491.41;1498.29;1470.18;1480.91;66605404;39216058368.000
07/03/2006;1486.08;1512.27;1480.39;1512.27;68200117;41120292864.000
07/04/2006;1515.10;1520.77;1491.18;1503.32;76007167;46413238272.000
07/05/2006;1501.76;1501.76;1464.55;1486.08;58827249;35636871168.000
07/06/2006;1483.54;1520.12;1482.32;1520.12;65503920;39908327424.000
07/07/2006;1525.19;1528.34;1507.37;1513.40;64976785;39786995712.000
07/10/2006;1513.28;1519.63;1499.67;1518.35;53192751;32825882624.000
07/11/2006;1519.37;1527.08;1510.82;1526.89;55384086;34153250816.000
07/12/2006;1528.05;1542.52;1525.06;1527.16;69214737;43481526272.000
07/13/2006;1522.94;1523.18;1431.31;1431.54;91517551;54788513792.000
07/14/2006;1415.68;1457.04;1409.23;1443.34;57434706;34050050048.000
07/17/2006;1440.42;1464.94;1434.02;1464.94;45106756;27669663744.000
07/18/2006;1463.00;1469.86;1450.38;1469.83;44746436;26730700800.000
07/19/2006;1466.42;1467.13;1419.51;1429.06;48385093;28399198208.000
07/20/2006;1427.41;1441.79;1419.49;1439.76;38226538;21689542656.000
07/21/2006;1438.75;1452.00;1438.68;1450.56;39657308;22458161152.000
07/24/2006;1431.31;1453.87;1414.17;1452.51;41159362;23245617152.000
07/25/2006;1453.81;1477.77;1453.81;1472.91;45989298;26579922944.000
07/26/2006;1475.53;1479.07;1464.82;1471.66;41842026;23635187712.000
07/27/2006;1470.58;1480.09;1441.74;1453.46;47933280;27184314368.000
07/28/2006;1452.29;1457.88;1419.74;1437.37;45150491;25914701824.000
07/31/2006;1433.04;1434.79;1377.77;1378.58;44821937;24644986880.000
08/01/2006;1376.36;1389.03;1359.29;1364.05;36206249;19799267328.000
08/02/2006;1364.11;1371.80;1336.49;1357.88;37171561;20077217792.000
08/03/2006;1359.31;1365.70;1342.47;1355.05;28582212;16220995584.000
08/04/2006;1355.41;1361.44;1313.02;1315.37;34527070;19205912576.000
08/07/2006;1305.75;1312.72;1288.56;1291.40;33136138;17435570176.000
08/08/2006;1292.13;1327.16;1292.13;1327.16;32204313;16974888960.000
08/09/2006;1328.98;1335.10;1318.58;1326.87;30272898;15969906688.000
08/10/2006;1327.30;1350.33;1327.18;1350.33;33957130;18049370112.000
08/11/2006;1351.94;1359.16;1342.47;1356.42;32678384;17660907520.000
08/14/2006;1355.83;1360.31;1315.67;1319.79;35572696;18880692224.000
08/15/2006;1316.52;1344.87;1311.46;1344.87;29558017;16060348416.000
08/16/2006;1345.75;1366.13;1340.61;1366.13;40257875;21953898496.000
08/17/2006;1362.95;1362.95;1342.72;1353.85;33434567;17435478016.000
08/18/2006;1351.99;1363.30;1346.10;1348.00;29023447;15155500032.000
08/21/2006;1307.90;1353.56;1299.52;1353.49;33304962;17357430784.000
08/22/2006;1352.98;1374.75;1351.74;1370.37;37114179;21369008128.000
08/23/2006;1370.15;1379.86;1365.35;1369.18;37989645;21871452160.000
08/24/2006;1367.95;1379.57;1356.86;1379.57;34042425;19292592128.000
08/25/2006;1380.95;1391.35;1379.83;1383.64;40685346;23428890624.000
08/28/2006;1387.63;1418.83;1387.63;1418.83;54774480;31534456832.000
08/29/2006;1421.90;1444.74;1420.09;1421.73;67781343;39253897216.000
08/30/2006;1419.06;1431.20;1410.44;1429.91;44986969;25204183040.000
08/31/2006;1431.19;1439.29;1425.66;1436.81;50199216;27606872064.000
09/01/2006;1437.72;1438.91;1407.45;1411.63;51609810;28327360512.000
09/04/2006;1408.86;1436.36;1408.55;1436.36;46938224;25660919808.000
09/05/2006;1438.61;1444.95;1431.81;1439.25;54943123;30246432768.000
09/06/2006;1440.06;1445.05;1427.68;1445.05;47849871;26544242688.000
09/07/2006;1445.38;1445.44;1416.28;1422.44;41251672;22979088384.000
09/08/2006;1421.08;1429.76;1420.08;1426.14;34731393;19267831808.000
09/11/2006;1426.29;1433.90;1409.42;1433.90;42302176;24032135168.000
09/12/2006;1433.96;1444.56;1431.00;1441.48;49089951;26925215744.000
09/13/2006;1442.48;1446.48;1425.68;1426.57;54831152;29919926272.000
09/14/2006;1425.43;1432.69;1408.58;1426.27;43046922;24254431232.000
09/15/2006;1426.11;1449.88;1425.53;1449.88;58318931;31000139776.000
09/18/2006;1455.03;1468.37;1450.40;1468.37;58298033;31830081536.000
09/19/2006;1470.73;1477.52;1463.09;1471.18;55366789;30175100928.000
09/20/2006;1468.88;1477.44;1457.35;1473.66;50551231;28340903936.000
09/21/2006;1473.25;1483.88;1471.58;1480.37;50639233;28713687040.000
09/22/2006;1482.17;1484.06;1464.54;1465.25;53767047;31650510848.000
09/25/2006;1462.98;1474.29;1450.52;1463.20;48091376;29094991872.000
09/26/2006;1461.79;1462.42;1441.24;1448.66;40713296;23785691136.000
09/27/2006;1447.32;1462.01;1445.50;1462.01;36535915;21356808192.000
09/28/2006;1462.76;1481.71;1460.47;1478.23;43674887;26395719680.000
09/29/2006;1480.35;1497.04;1480.26;1494.90;53494106;32041758720.000
10/09/2006;1511.30;1528.63;1508.96;1528.63;70537020;40862883840.000
10/10/2006;1530.11;1539.23;1519.79;1533.82;73484208;42344730624.000
10/11/2006;1533.36;1536.73;1518.22;1535.27;64886844;36013289472.000
10/12/2006;1535.52;1536.41;1518.37;1520.27;72896546;39332274176.000
10/13/2006;1517.83;1528.96;1513.59;1524.84;55447537;31436081152.000
10/16/2006;1525.90;1528.57;1509.87;1513.44;56117376;31771973632.000
10/17/2006;1511.47;1520.65;1505.27;1509.45;51495647;29383796736.000
10/18/2006;1508.76;1532.97;1508.27;1532.97;50317742;28601290752.000
10/19/2006;1534.06;1542.34;1530.63;1538.22;56696459;32350107648.000
10/20/2006;1539.20;1545.11;1532.06;1534.74;59234118;34341031936.000
10/23/2006;1533.63;1537.74;1486.94;1493.45;62974882;35653292032.000
10/24/2006;1493.31;1530.66;1493.31;1530.66;55171230;31865845760.000
10/25/2006;1533.77;1546.55;1518.43;1532.45;63467248;37878759424.000
10/26/2006;1532.07;1537.59;1518.97;1535.24;63556119;35303723008.000
10/27/2006;1534.43;1537.24;1506.54;1512.45;62559407;35240419328.000
10/30/2006;1509.83;1517.63;1496.31;1517.23;60147496;32477126656.000
10/31/2006;1517.29;1535.23;1517.29;1535.23;60712803;34203240448.000
11/01/2006;1535.94;1548.16;1529.57;1548.16;64858062;38023663616.000
11/02/2006;1548.58;1548.58;1531.23;1546.84;68462105;38638776320.000
11/03/2006;1547.93;1563.03;1547.36;1555.36;66573351;37180637184.000
11/06/2006;1544.72;1565.73;1537.98;1565.73;68485687;39131062272.000
11/07/2006;1568.86;1570.21;1542.08;1566.52;74297418;44328603648.000
11/08/2006;1563.21;1563.57;1549.28;1551.56;50482279;30653681664.000
11/09/2006;1546.22;1577.40;1543.44;1576.04;57847229;35034300416.000
11/10/2006;1576.50;1581.09;1536.57;1547.18;79265632;45319434240.000
11/13/2006;1541.31;1552.50;1499.62;1509.75;65390148;37904343040.000
11/14/2006;1508.64;1528.64;1486.18;1528.64;56463283;32450615296.000
11/15/2006;1528.72;1565.40;1523.71;1565.40;61089246;37203918848.000
11/16/2006;1569.74;1580.00;1554.28;1556.14;81680799;47391109120.000
11/17/2006;1551.26;1582.01;1544.33;1581.99;65381965;38361190400.000
11/20/2006;1585.84;1600.34;1577.27;1600.34;77823284;46290403328.000
11/21/2006;1598.81;1615.93;1577.33;1615.90;73037218;45623402496.000
11/22/2006;1614.30;1642.63;1606.28;1629.72;86898022;53872390144.000
11/23/2006;1629.04;1645.00;1623.93;1640.46;77984284;45924376576.000
11/24/2006;1636.81;1652.38;1619.89;1648.65;80257679;49362989056.000
11/27/2006;1646.24;1671.79;1642.65;1671.79;78514543;49916854272.000
11/28/2006;1670.55;1678.17;1655.32;1669.50;75836789;47916113920.000
11/29/2006;1646.42;1695.00;1630.56;1691.52;78142560;49772384256.000
11/30/2006;1695.01;1733.94;1695.01;1733.78;102758928;64181202944.000
12/01/2006;1737.94;1757.79;1733.30;1746.89;102736372;67535867904.000
12/04/2006;1749.11;1793.92;1748.81;1793.92;119918471;75366031360.000
12/05/2006;1798.58;1822.73;1788.59;1809.26;123774920;79420932096.000
12/06/2006;1808.32;1818.34;1729.13;1789.51;142354772;88287911936.000
12/07/2006;1783.99;1823.22;1779.21;1780.99;134837938;82666274816.000
12/08/2006;1759.26;1771.64;1712.17;1713.36;109732151;66219704320.000
12/11/2006;1706.96;1785.56;1706.96;1785.53;86306274;52668903424.000
12/12/2006;1792.62;1808.73;1762.95;1794.40;94969679;59610017792.000
12/13/2006;1796.23;1802.45;1773.45;1799.03;79106246;51473838080.000
12/14/2006;1801.59;1830.70;1799.92;1830.68;83043314;54076252160.000
12/15/2006;1836.47;1861.82;1829.64;1861.75;90901020;61705826304.000
12/18/2006;1868.29;1906.34;1868.29;1905.11;112748007;76929769472.000
12/19/2006;1912.36;1919.20;1869.93;1912.41;121258089;81421303808.000
12/20/2006;1902.85;1932.34;1885.47;1932.23;109843549;70602924032.000
12/21/2006;1930.99;1941.88;1901.73;1905.16;118626931;76929703936.000
12/22/2006;1891.85;1912.40;1873.19;1890.51;87544612;56804372480.000
12/25/2006;1893.28;1941.43;1893.28;1926.44;100082128;66713452544.000
12/26/2006;1928.40;1938.16;1896.25;1918.71;97289875;62071189504.000
12/27/2006;1919.22;1953.27;1917.87;1953.21;93391090;60783865856.000
12/28/2006;1957.02;1967.89;1921.63;1936.37;105280166;69265817600.000
12/29/2006;1945.53;1994.97;1945.53;1985.80;114855134;79847833600.000
01/04/2007;2011.98;2059.73;1992.88;2003.22;157945630;111755026432.000
01/05/2007;1990.83;2023.64;1974.08;2023.59;139132394;94183489536.000
01/08/2007;2023.90;2091.57;2023.89;2091.44;146968876;101499781120.000
01/09/2007;2098.59;2153.22;2089.44;2151.90;149607111;103668326400.000
01/10/2007;2142.17;2188.48;2126.74;2188.48;159387661;113329496064.000
01/11/2007;2189.90;2231.91;2164.91;2173.53;175772011;121191047168.000
01/12/2007;2176.89;2210.19;2117.02;2127.10;148813288;103742324736.000
01/15/2007;2124.79;2241.53;2124.79;2241.44;129817573;96245014528.000
01/16/2007;2263.59;2309.21;2249.45;2308.87;156142731;118586826752.000
01/17/2007;2316.45;2350.92;2229.02;2272.28;184768340;141808222208.000
01/18/2007;2256.19;2298.98;2213.00;2293.79;160150963;121071255552.000
01/19/2007;2299.95;2373.62;2299.95;2373.62;177993014;132787429376.000
01/22/2007;2401.82;2474.27;2401.82;2474.00;199124258;149075607552.000
01/23/2007;2489.87;2493.99;2394.39;2487.02;203344834;156393046016.000
01/24/2007;2487.18;2531.69;2466.08;2515.46;172900986;137484222464.000
01/25/2007;2494.35;2500.01;2418.01;2420.83;166098093;132310556672.000
01/26/2007;2384.04;2475.61;2314.98;2464.41;154423881;119762296832.000
01/29/2007;2480.66;2534.71;2476.03;2533.82;160248141;128764116992.000
01/30/2007;2543.10;2553.58;2492.50;2512.88;157818409;125558882304.000
01/31/2007;2505.02;2510.71;2343.02;2359.99;160568841;123310497792.000
02/01/2007;2328.46;2388.63;2287.27;2374.36;132458762;99344662528.000
02/02/2007;2377.59;2384.31;2290.81;2294.74;120295220;92738748416.000
02/05/2007;2282.95;2312.95;2260.63;2286.34;94964702;72703418368.000
02/06/2007;2288.81;2334.02;2235.12;2333.67;117455345;94775926784.000
02/07/2007;2346.70;2395.37;2346.70;2383.32;132342164;108641042432.000
02/08/2007;2390.09;2429.83;2371.50;2424.97;125844887;100301848576.000
02/09/2007;2427.62;2434.75;2395.84;2418.75;114801291;90004742144.000
02/12/2007;2420.93;2497.84;2420.51;2497.77;114451650;92300738560.000
02/13/2007;2509.11;2539.86;2503.35;2538.04;114488127;91208630272.000
02/14/2007;2542.21;2607.15;2535.52;2599.24;136164371;108384845824.000
02/15/2007;2616.90;2681.07;2616.90;2680.72;156489369;126257184768.000
02/16/2007;2702.89;2738.03;2677.06;2696.71;165676984;135925645312.000
02/26/2007;2704.82;2754.99;2670.73;2754.77;158069305;130730541056.000
02/27/2007;2766.74;2771.79;2498.52;2500.98;233248500;188884549632.000
02/28/2007;2460.26;2609.68;2460.26;2601.25;172741188;138808164352.000
03/01/2007;2609.26;2609.30;2496.70;2534.66;182606841;143191851008.000
03/02/2007;2531.16;2587.63;2520.05;2572.94;137113362;110509039616.000
03/05/2007;2571.29;2610.62;2475.77;2552.79;154636170;125158858752.000
03/06/2007;2543.36;2599.79;2525.02;2583.50;112260449;93569310720.000
03/07/2007;2594.90;2653.42;2594.90;2652.88;125876181;107763654656.000
03/08/2007;2660.50;2697.93;2629.99;2697.37;131456530;110755323904.000
03/09/2007;2702.07;2714.96;2654.13;2687.93;155344727;132291502080.000
03/12/2007;2689.57;2713.56;2647.70;2713.35;151505745;127917195264.000
03/13/2007;2718.28;2743.74;2704.07;2740.43;157949536;131977486336.000
03/14/2007;2712.37;2736.16;2641.37;2706.45;166352513;140172492800.000
03/15/2007;2703.99;2758.48;2703.98;2758.33;149537923;130247155712.000
03/16/2007;2768.94;2778.00;2679.05;2711.78;171970055;149761884160.000
03/19/2007;2631.43;2774.63;2619.23;2760.45;153260208;135072210944.000
03/20/2007;2769.53;2791.84;2756.09;2790.64;134269605;120776769536.000
03/21/2007;2802.71;2825.60;2781.22;2825.47;147098882;134751215616.000
03/22/2007;2840.15;2866.28;2824.98;2833.74;182148069;165611520000.000
03/23/2007;2831.83;2854.26;2781.06;2852.85;167700061;151122378752.000
03/26/2007;2865.90;2918.05;2860.87;2917.92;177539664;161629863936.000
03/27/2007;2924.69;2953.71;2906.72;2949.06;180778690;169204318208.000
03/28/2007;2953.43;2970.43;2825.90;2946.38;230592928;212581744640.000
03/29/2007;2949.23;2957.53;2896.65;2896.90;204859864;196240211968.000
03/30/2007;2880.98;2921.87;2864.22;2907.92;127394637;121033220096.000
04/02/2007;2919.24;2978.71;2919.24;2978.71;137248469;136167170048.000
04/03/2007;2990.88;3021.29;2981.63;3021.21;157826000;159920357376.000
04/04/2007;3027.05;3058.60;3008.05;3048.48;163206502;167763214336.000
04/05/2007;3046.45;3096.11;3032.37;3091.45;164284153;166292586496.000
04/06/2007;3067.93;3132.10;3055.95;3126.35;175663739;181200158720.000
04/09/2007;3143.89;3197.24;3143.89;3193.43;199774323;207862956032.000
04/10/2007;3208.51;3232.04;3132.59;3232.02;211751137;223983878144.000
04/11/2007;3241.21;3272.88;3204.16;3272.61;214281811;231554990080.000
04/12/2007;3280.22;3336.91;3265.49;3336.87;203511438;225935622144.000
04/13/2007;3342.98;3371.49;3305.37;3321.02;217802658;246182281216.000
04/16/2007;3327.67;3416.21;3327.67;3415.93;191507947;215817797632.000
04/17/2007;3436.18;3472.17;3354.11;3470.21;237715294;266020847616.000
04/18/2007;3483.07;3522.74;3441.64;3517.61;225470241;258166243328.000
04/19/2007;3512.37;3512.37;3256.18;3342.53;251658814;282199982080.000
04/20/2007;3359.46;3508.35;3359.46;3499.47;203484030;232508637184.000
04/23/2007;3545.60;3653.34;3545.60;3651.33;239821888;277919989760.000
04/24/2007;3683.38;3719.57;3632.94;3674.85;256002864;306466979840.000
04/25/2007;3658.88;3686.72;3587.99;3669.20;211837696;251318796288.000
04/26/2007;3682.34;3714.61;3655.14;3714.28;171671399;211633389568.000
04/27/2007;3719.81;3724.85;3654.77;3693.25;178157530;224755400704.000
04/30/2007;3681.41;3762.42;3668.67;3754.35;202980508;259830530048.000
05/08/2007;3839.48;3905.00;3816.63;3898.70;230011911;299379359744.000
05/09/2007;3911.79;3930.00;3754.75;3912.45;285764998;359972601856.000
05/10/2007;3915.38;3959.32;3880.43;3941.50;237143303;295371636736.000
05/11/2007;3913.33;3935.11;3847.77;3921.26;196914663;260565090304.000
05/14/2007;3864.56;3984.63;3833.90;3950.71;196122453;264481046528.000
05/15/2007;3956.81;3971.81;3810.41;3816.22;205056292;272623353856.000
05/16/2007;3805.90;3919.57;3759.46;3919.35;183984616;243914817536.000
05/17/2007;3940.29;4024.78;3929.48;4010.25;199121116;271006154752.000
05/18/2007;4006.08;4041.36;3979.15;4016.52;183611611;247485857792.000
05/21/2007;3882.22;4104.49;3872.43;4097.51;220993472;299965644800.000
05/22/2007;4124.92;4179.89;4124.92;4157.13;246055981;338573000704.000
05/23/2007;4173.12;4245.15;4147.24;4244.88;226347361;315642445824.000
05/24/2007;4262.56;4279.89;4152.55;4226.51;259266227;363560697856.000
05/25/2007;4212.13;4306.89;4187.92;4294.50;217491960;316111552512.000
05/28/2007;4344.82;4408.65;4338.80;4389.10;252799145;373229846528.000
05/29/2007;4407.86;4485.34;4382.65;4485.19;244311247;361682599936.000
05/30/2007;4185.69;4405.87;4127.33;4160.41;266317546;394324410368.000
05/31/2007;4076.47;4198.67;3900.74;4122.52;246744158;348932702208.000
06/01/2007;4127.86;4182.50;3909.46;3930.73;227407959;329742680064.000
06/04/2007;3907.14;3927.06;3608.37;3614.55;162077472;214916136960.000
06/05/2007;3476.90;3706.60;3330.51;3706.20;227208638;265876078592.000
06/06/2007;3722.06;3801.31;3616.16;3758.95;214410163;259628449792.000
06/07/2007;3773.01;3908.25;3763.17;3908.25;207122530;261080301568.000
06/08/2007;3925.78;3983.34;3888.19;3956.41;201112731;266762518528.000
06/11/2007;4000.08;4058.30;3996.71;4053.74;198857851;269372833792.000
06/12/2007;4079.11;4164.17;3934.83;4164.17;224933710;309837037568.000
06/13/2007;4202.45;4298.64;4194.63;4271.91;243247067;328616804352.000
06/14/2007;4260.13;4291.93;4166.60;4224.01;203332895;276837105664.000
06/15/2007;4186.56;4264.13;4164.61;4242.53;160070503;225529380864.000
06/18/2007;4320.88;4386.66;4320.88;4369.26;184696814;268712837120.000
06/19/2007;4372.95;4416.86;4326.84;4416.54;186151531;267579621376.000
06/20/2007;4430.78;4465.33;4290.19;4312.26;202588505;292656480256.000
06/21/2007;4293.75;4363.58;4243.10;4329.02;165833908;240715038720.000
06/22/2007;4331.52;4340.56;4065.95;4143.63;175319929;247468752896.000
06/25/2007;4155.49;4197.98;3909.09;3936.37;149180289;208846520320.000
06/26/2007;3849.59;3994.85;3790.74;3993.70;130029787;167626555392.000
06/27/2007;4010.91;4115.08;3966.51;4103.97;141752037;192310296576.000
06/28/2007;4101.14;4125.93;3895.20;3895.81;139369575;185475252224.000
06/29/2007;3784.94;3879.53;3716.08;3766.16;124499551;155085701120.000
07/02/2007;3746.11;3808.54;3651.19;3775.86;105465952;129932296192.000
07/03/2007;3800.95;3848.91;3748.36;3845.32;100231438;125711572992.000
07/04/2007;3852.01;3856.57;3741.17;3756.91;84612821;109126443008.000
07/05/2007;3700.30;3713.78;3540.10;3541.93;93064253;110948933632.000
07/06/2007;3519.06;3726.14;3474.21;3723.49;117748225;137011986432.000
07/09/2007;3756.42;3857.53;3733.86;3836.42;124053519;151374184448.000
07/10/2007;3842.86;3847.29;3759.11;3771.61;113042110;141553975296.000
07/11/2007;3746.46;3798.34;3727.92;3793.79;76349670;95561629696.000
07/12/2007;3800.60;3836.57;3780.52;3816.02;71337824;87311785984.000
07/13/2007;3820.05;3823.46;3763.13;3813.09;63662823;79030476800.000
07/16/2007;3815.82;3821.83;3692.77;3693.13;68231095;86315098112.000
07/17/2007;3677.22;3802.96;3646.47;3777.97;70865098;91136270336.000
07/18/2007;3766.49;3846.02;3746.97;3794.11;88669486;117140774912.000
07/19/2007;3784.37;3824.56;3766.66;3801.82;65307630;82787434496.000
07/20/2007;3802.59;3960.10;3802.59;3959.30;117631138;151933829120.000
07/23/2007;3991.46;4147.69;3991.46;4147.63;172239399;224952352768.000
07/24/2007;4177.26;4242.61;4136.58;4156.33;162543574;212118290432.000
07/25/2007;4156.70;4261.11;4156.53;4260.84;136335151;187328069632.000
07/26/2007;4287.92;4343.86;4253.29;4321.70;146275539;200685584384.000
07/27/2007;4299.04;4358.05;4244.32;4352.66;148522003;205214105600.000
07/30/2007;4353.71;4470.33;4352.79;4450.33;164971263;231606337536.000
07/31/2007;4443.94;4508.07;4393.82;4504.44;158737529;227168468992.000
08/01/2007;4523.99;4539.89;4302.13;4314.98;184052372;257159217152.000
08/02/2007;4333.46;4476.16;4326.67;4469.09;144383787;213397078016.000
08/03/2007;4506.90;4601.35;4500.64;4600.78;167844523;259907747840.000
08/06/2007;4641.52;4701.85;4619.52;4701.77;166054193;254318723072.000
08/07/2007;4712.18;4752.64;4627.04;4708.62;170698636;270864056320.000
08/08/2007;4666.84;4716.78;4553.93;4644.85;164663436;234214014976.000
08/09/2007;4642.23;4735.28;4642.02;4732.18;137194545;204459409408.000
08/10/2007;4725.57;4727.96;4568.72;4668.60;146369518;218424885248.000
08/13/2007;4664.36;4692.38;4596.69;4656.42;154745703;225758183424.000
08/14/2007;4656.61;4748.30;4645.45;4742.06;123483646;186299744256.000
08/15/2007;4752.81;4774.27;4633.29;4736.92;127359095;191896895488.000
08/16/2007;4713.91;4721.08;4629.91;4690.92;129815511;191929368576.000
08/17/2007;4666.19;4739.66;4603.86;4612.37;129562988;194434613248.000
08/20/2007;4721.40;4843.34;4717.95;4843.16;143459338;215230136320.000
08/21/2007;4872.50;4937.47;4865.29;4917.47;154559177;236745326592.000
08/22/2007;4849.29;5011.01;4834.29;4989.50;164191231;253798678528.000
08/23/2007;5012.48;5075.40;4967.21;5061.56;150101104;238575501312.000
08/24/2007;5084.31;5132.91;5071.29;5123.09;159011409;246250291200.000
08/27/2007;5156.85;5180.43;5080.40;5129.92;170334851;264795193344.000
08/28/2007;5109.81;5152.23;5027.21;5138.96;157739432;253941317632.000
08/29/2007;5108.53;5168.52;5032.66;5073.23;149322775;244884717568.000
08/30/2007;5094.56;5170.15;5085.30;5165.56;152720924;235255431168.000
08/31/2007;5184.90;5233.20;5163.79;5221.20;156414295;237314588672.000
09/03/2007;5264.77;5353.82;5264.77;5341.09;186855448;287649660928.000
09/04/2007;5350.54;5356.58;5264.59;5289.16;177437674;277519826944.000
09/05/2007;5290.36;5322.04;5202.17;5300.28;142326611;226295267328.000
09/06/2007;5326.60;5381.05;5308.40;5353.46;156407465;245313748992.000
09/07/2007;5327.32;5346.24;5229.90;5237.33;176119768;280061018112.000
09/10/2007;5172.87;5326.71;5129.85;5326.71;148571549;228955013120.000
09/11/2007;5335.55;5358.16;5040.96;5055.39;160672763;253247717376.000
09/12/2007;5032.14;5140.16;4967.98;5123.13;141533734;220356444160.000
09/13/2007;5146.55;5250.57;5127.48;5249.72;125730408;208623648768.000
09/14/2007;5263.52;5313.00;5183.91;5304.29;135599983;223390760960.000
09/17/2007;5295.71;5415.06;5292.47;5411.12;153712525;247244570624.000
09/18/2007;5435.45;5444.64;5336.33;5410.10;152923653;253463330816.000
09/19/2007;5420.24;5428.71;5318.73;5344.20;127396356;208565436416.000
09/20/2007;5361.50;5413.78;5348.61;5412.57;126284933;211175849984.000
09/21/2007;5425.72;5431.75;5267.78;5376.61;135318573;224003670016.000
09/24/2007;5389.36;5436.14;5310.06;5409.17;122619385;213105868800.000
09/25/2007;5415.32;5434.65;5325.04;5356.92;101528468;176172269568.000
09/26/2007;5341.67;5385.32;5245.82;5270.60;90774592;154017234944.000
09/27/2007;5273.30;5332.08;5245.55;5331.20;83409670;142171111424.000
09/28/2007;5378.81;5479.92;5378.81;5470.64;111835906;195031433216.000
10/08/2007;5580.84;5592.40;5501.72;5523.35;133708994;230201393152.000
10/09/2007;5512.19;5559.30;5461.95;5555.53;114854677;196789239808.000
10/10/2007;5573.37;5639.67;5531.00;5563.33;131615426;237734313984.000
10/11/2007;5573.88;5605.56;5520.38;5592.26;132660931;247025254400.000
10/12/2007;5607.03;5611.90;5301.79;5548.14;163973504;301118128128.000
10/15/2007;5566.10;5607.65;5481.46;5601.97;134977734;263879802880.000
10/16/2007;5623.66;5655.66;5577.35;5654.33;118751504;223170560000.000
10/17/2007;5641.49;5666.95;5584.00;5611.71;100643202;190987337728.000
10/18/2007;5601.87;5601.87;5417.00;5431.52;100239491;188187164672.000
10/19/2007;5462.02;5517.60;5391.03;5433.30;79884109;152636178432.000
10/22/2007;5372.75;5415.00;5288.66;5293.28;78018091;139572477952.000
10/23/2007;5289.85;5341.05;5183.50;5340.00;83910668;149291270144.000
10/24/2007;5360.66;5405.98;5339.47;5346.98;85777416;158857248768.000
10/25/2007;5311.58;5311.58;5055.11;5071.58;103568142;174937276416.000
10/26/2007;5013.68;5127.73;4980.71;5095.37;75510878;129875918848.000
10/29/2007;5123.38;5193.09;5122.06;5192.41;69813339;117890293760.000
10/30/2007;5212.35;5287.08;5160.40;5286.28;74105997;126616305664.000
10/31/2007;5345.12;5404.44;5300.31;5401.02;99738910;172667174912.000
11/01/2007;5410.99;5410.99;5306.29;5306.66;90430699;158521769984.000
11/02/2007;5223.98;5268.27;5156.79;5180.56;83385343;150174121984.000
11/05/2007;5149.45;5215.36;5088.08;5114.49;67746953;120795832320.000
11/06/2007;5091.40;5155.09;5063.80;5084.53;61866926;113259134976.000
11/07/2007;5107.97;5142.56;4998.98;5106.03;61181702;107505074176.000
11/08/2007;5080.28;5080.28;4872.37;4874.56;70193520;122158481408.000
11/09/2007;4830.95;4900.51;4751.00;4823.72;66269916;112935059456.000
11/12/2007;4717.58;4790.54;4601.02;4754.60;72965293;121965789184.000
11/13/2007;4794.03;4850.59;4668.23;4734.36;69743104;118611255296.000
11/14/2007;4796.88;4927.35;4732.16;4926.69;72752071;125069262848.000
11/15/2007;4912.72;4945.36;4855.75;4866.05;69327767;118053281792.000
11/16/2007;4798.52;4827.65;4734.50;4819.10;54786573;89850937344.000
11/19/2007;4829.61;4859.17;4802.52;4839.50;60545501;92938608640.000
11/20/2007;4816.10;4936.12;4781.33;4909.69;70720316;115550248960.000
11/21/2007;4924.36;4963.34;4838.56;4843.54;61224483;99365355520.000
11/22/2007;4760.90;4795.18;4616.30;4627.02;58301003;95240044544.000
11/23/2007;4590.62;4707.47;4568.44;4707.13;43801120;72579383296.000
11/26/2007;4773.85;4797.81;4653.89;4658.22;52307708;86497353728.000
11/27/2007;4622.55;4668.47;4581.36;4583.83;45259991;77752647680.000
11/28/2007;4595.77;4628.60;4507.15;4533.10;45942709;75843592192.000
11/29/2007;4583.20;4702.97;4520.38;4698.70;69454022;114366185472.000
11/30/2007;4700.23;4700.23;4594.81;4606.30;59287212;96729219072.000
12/03/2007;4587.33;4673.30;4566.44;4643.15;48533602;77805338624.000
12/04/2007;4654.27;4733.29;4654.27;4688.56;57352518;84185890816.000
12/05/2007;4689.01;4810.83;4675.63;4808.42;73969659;112856039424.000
12/06/2007;4824.64;4837.60;4775.88;4817.90;60335048;92584099840.000
12/07/2007;4825.84;4890.10;4823.37;4890.04;69986409;103515987968.000
12/10/2007;4818.03;4996.99;4801.21;4994.40;98623571;157396418560.000
12/11/2007;5017.56;5034.00;4949.30;5014.95;96400753;155454210048.000
12/12/2007;4989.43;5021.67;4934.41;4976.81;91130461;151562207232.000
12/13/2007;4955.40;4973.76;4798.76;4800.90;95806797;154923941888.000
12/14/2007;4748.74;4893.10;4722.41;4892.17;76575462;120002412544.000
12/17/2007;4895.10;4896.76;4808.54;4809.89;91588850;149428338688.000
12/18/2007;4783.87;4834.65;4754.52;4779.64;58331897;94298398720.000
12/19/2007;4819.53;4902.42;4815.32;4890.42;77279496;121218695168.000
12/20/2007;4908.63;4983.16;4884.02;4974.61;80636473;126769340416.000
12/21/2007;4955.02;5042.65;4952.89;5041.42;92460874;148426866688.000
12/24/2007;5079.16;5174.68;5073.55;5141.66;120403007;203377786880.000
12/25/2007;5151.39;5177.13;5115.80;5160.16;98275153;162411708416.000
12/26/2007;5174.53;5226.08;5152.03;5225.74;107142395;180054179840.000
12/27/2007;5246.51;5315.96;5230.82;5312.46;126311770;218883112960.000
12/28/2007;5323.75;5332.68;5273.27;5288.15;109574048;191861129216.000
01/02/2008;5300.20;5383.95;5253.50;5369.75;110931711;195908091904.000
01/03/2008;5369.55;5428.13;5335.53;5427.79;143742538;252450144256.000
01/04/2008;5437.59;5486.50;5415.38;5475.08;117953961;218643808256.000
01/07/2008;5471.51;5565.81;5448.20;5554.62;133693579;242742165504.000
01/08/2008;5572.23;5599.66;5450.96;5493.59;149036854;274049433600.000
01/09/2008;5472.00;5598.01;5457.74;5597.48;112922693;207294349312.000
01/10/2008;5615.75;5681.84;5595.16;5644.63;141294866;260816224256.000
01/11/2008;5657.30;5665.82;5591.41;5660.75;124022482;225158561792.000
01/14/2008;5675.31;5722.66;5647.36;5704.16;114628794;210180145152.000
01/15/2008;5714.73;5736.52;5643.67;5694.07;121936268;229044371456.000
01/16/2008;5649.22;5649.22;5527.34;5540.66;133322913;242990465024.000
01/17/2008;5489.22;5575.62;5256.00;5404.00;145836092;261765201920.000
01/18/2008;5397.78;5454.67;5344.25;5451.75;103044637;180615020544.000
01/21/2008;5462.72;5472.38;5174.43;5196.60;112771575;197122867200.000
01/22/2008;5069.88;5069.88;4752.88;4791.00;133955295;229234851840.000
01/23/2008;4810.82;5015.73;4773.18;5014.89;128007204;211316277248.000
01/24/2008;5067.32;5145.12;4987.50;5097.54;131338572;223071633408.000
01/25/2008;5093.93;5178.53;5051.59;5136.80;115038894;197935497216.000
01/28/2008;5102.35;5102.35;4765.37;4786.65;102269731;164715298816.000
01/29/2008;4796.13;4903.01;4749.86;4831.46;72050114;116610064384.000
01/30/2008;4880.30;4931.01;4689.23;4799.78;79737636;136084979712.000
01/31/2008;4784.64;4820.51;4678.67;4683.27;65604042;112378429440.000
02/01/2008;4682.20;4712.66;4434.14;4586.82;77788951;123605712896.000
02/04/2008;4704.38;4958.98;4704.38;4958.72;87181470;153817415680.000
02/05/2008;4952.03;5003.03;4887.73;4941.95;74420245;132132708352.000
02/13/2008;4885.70;4927.25;4821.00;4860.41;52178070;87265992704.000
02/14/2008;4897.49;4961.91;4887.36;4934.29;50356069;83582353408.000
02/15/2008;4902.53;4902.53;4805.06;4880.90;59291741;97909235712.000
02/18/2008;4941.51;5026.07;4921.40;4994.28;80939770;137079873536.000
02/19/2008;5008.95;5098.94;4973.10;5098.92;88855718;154269007872.000
02/20/2008;5111.99;5138.08;5001.29;5009.30;97465927;171936333824.000
02/21/2008;4982.00;5047.28;4911.31;5004.74;90285685;150633447424.000
02/22/2008;4984.00;4984.00;4785.22;4848.48;97181243;161413693440.000
02/25/2008;4851.56;4873.52;4660.73;4670.37;82625069;134633422848.000
02/26/2008;4782.09;4818.71;4542.11;4668.04;79621644;134088122368.000
02/27/2008;4690.61;4802.49;4654.31;4788.24;72361247;120827805696.000
02/28/2008;4798.91;4828.83;4735.85;4779.79;69281510;112995147776.000
02/29/2008;4774.19;4838.84;4758.95;4837.12;69699062;113851154432.000
03/03/2008;4815.06;4975.44;4780.75;4967.99;110809776;181888008192.000
03/04/2008;4988.04;5013.73;4861.92;4875.92;124479751;199804092416.000
03/05/2008;4856.00;4896.30;4735.32;4853.50;108608645;170418929664.000
03/06/2008;4869.59;4954.00;4831.85;4897.74;123912782;195406528512.000
03/07/2008;4858.73;4896.48;4804.05;4824.61;83310194;136625954816.000
03/10/2008;4791.94;4792.07;4616.31;4643.96;78375667;125020585984.000
03/11/2008;4604.20;4671.46;4532.44;4671.46;71635325;114639224832.000
03/12/2008;4758.73;4780.20;4539.03;4539.63;79143253;125918937088.000
03/13/2008;4493.56;4520.02;4324.12;4406.40;88750907;137649487872.000
03/14/2008;4386.25;4424.02;4305.57;4369.09;58372651;92117852160.000
03/17/2008;4349.76;4349.76;4122.23;4127.49;70342781;106414448640.000
03/18/2008;4078.33;4154.35;3833.56;3894.59;81900107;114856624128.000
03/19/2008;3966.15;4101.47;3902.18;4034.05;88519763;130452668416.000
03/20/2008;3975.75;4204.12;3805.71;4159.95;104692831;155460812800.000
03/21/2008;4155.45;4244.74;4118.79;4199.07;92917926;140986957824.000
03/24/2008;4246.76;4266.90;4045.15;4045.15;84327844;128336601088.000
03/25/2008;3969.29;4119.82;3933.22;4092.86;75360708;113117626368.000
03/26/2008;4112.03;4181.69;4064.94;4093.89;66299007;103807082496.000
03/27/2008;4031.50;4040.04;3902.74;3905.70;77031997;111040831488.000
03/28/2008;3865.82;4065.89;3793.67;4058.33;89336367;129826398208.000
03/31/2008;3944.52;4025.64;3905.10;3908.85;67260741;96628662272.000
04/01/2008;3892.22;3931.66;3654.30;3666.37;79273729;108335079424.000
04/02/2008;3697.27;3753.29;3536.41;3581.37;90186300;120551481344.000
04/03/2008;3551.00;3699.77;3486.21;3677.07;71505235;94593441792.000
04/07/2008;3637.33;3890.28;3602.82;3882.37;86044668;121264480256.000
04/08/2008;3890.75;3982.24;3861.08;3940.94;93520208;135316176896.000
04/09/2008;3911.52;3970.42;3735.60;3735.89;86891793;119972839424.000
04/10/2008;3688.14;3815.55;3655.87;3815.55;67535429;91213062144.000
04/11/2008;3850.47;3892.30;3820.97;3852.68;63299081;87822393344.000
04/14/2008;3770.34;3775.81;3594.62;3605.40;72959016;98736308224.000
04/15/2008;3582.97;3673.52;3499.66;3673.28;65164214;87880761344.000
04/16/2008;3664.39;3676.65;3572.00;3585.22;57999192;78622859264.000
04/17/2008;3583.92;3647.30;3426.55;3473.85;62076424;82332803072.000
04/18/2008;3444.65;3467.60;3329.21;3338.76;61586010;77541588992.000
04/21/2008;3579.33;3579.33;3287.26;3329.97;85999802;114505351168.000
04/22/2008;3273.94;3342.80;3163.60;3334.83;70074037;85795627008.000
04/23/2008;3306.33;3503.85;3283.41;3488.55;91919774;118929080320.000
04/24/2008;3771.68;3812.94;3689.90;3806.58;194682440;260641423360.000
04/25/2008;3809.96;3947.89;3766.11;3835.21;169799062;247505649664.000
04/28/2008;3776.10;3832.77;3749.63;3776.80;108069526;156474212352.000
04/29/2008;3754.42;3841.45;3750.97;3820.82;96188378;141447921664.000
04/30/2008;3835.36;3999.35;3835.36;3989.18;149459947;218091175936.000
05/05/2008;4038.35;4100.83;3993.03;4094.94;142445781;209878007808.000
05/06/2008;4063.60;4125.04;4009.22;4062.97;139985057;207737569280.000
05/07/2008;4039.07;4091.38;3877.44;3877.57;129682289;191103139840.000
05/08/2008;3831.22;3990.19;3820.08;3989.62;105595249;152090476544.000
05/09/2008;4022.89;4036.18;3877.63;3956.52;126030956;186483752960.000
05/12/2008;3887.87;4042.72;3855.61;3999.28;115907979;169646899200.000
05/13/2008;3880.26;4020.93;3871.82;3964.98;136416435;186400997376.000
05/14/2008;3958.74;4077.59;3958.74;4077.59;131447209;184641896448.000
05/15/2008;4103.57;4139.62;4047.38;4047.38;124040202;171188715520.000
05/16/2008;4045.93;4079.11;3965.77;4023.15;95686234;135708164096.000
05/19/2008;4012.19;4033.19;3956.15;4008.96;73897278;104391925760.000
05/20/2008;4007.88;4040.38;3776.70;3791.12;99682415;135979106304.000
05/21/2008;3744.50;3887.09;3664.97;3868.68;108986090;143888646144.000
05/22/2008;3821.99;3884.37;3792.42;3809.29;101251115;138080960512.000
05/23/2008;3794.29;3833.42;3714.98;3771.59;88250284;113750966272.000
05/26/2008;3741.36;3741.36;3652.96;3655.91;77923833;100955521024.000
05/27/2008;3644.85;3687.58;3626.10;3673.32;62264008;81546158080.000
05/28/2008;3678.85;3792.77;3658.11;3772.73;75584323;100902952960.000
05/29/2008;3763.87;3777.28;3676.83;3678.03;74989970;99173957632.000
05/30/2008;3679.01;3713.46;3641.55;3701.75;70596263;95134597120.000
06/02/2008;3691.14;3745.01;3673.51;3723.53;70803151;90382950400.000
06/03/2008;3722.53;3736.51;3681.10;3708.95;78054613;97693204480.000
06/04/2008;3696.83;3699.89;3607.45;3641.16;68567073;86157271040.000
06/05/2008;3625.36;3637.25;3581.19;3604.88;57863519;74099982336.000
06/06/2008;3611.57;3625.58;3562.70;3582.26;51621939;64859779072.000
06/10/2008;3437.72;3442.30;3272.66;3289.47;72608255;87396327424.000
06/11/2008;3234.94;3260.54;3171.12;3219.30;68534368;79742279680.000
06/12/2008;3201.76;3229.51;3106.03;3169.67;71487736;83539345408.000
06/13/2008;3172.82;3195.65;3047.29;3050.43;60139863;67061452800.000
06/16/2008;3050.16;3078.88;2959.82;3010.26;59942156;64741068800.000
06/17/2008;3007.00;3036.35;2861.86;2882.00;64753512;66779484160.000
06/18/2008;2858.63;3049.11;2790.23;3032.88;97169540;101842337792.000
06/19/2008;3007.68;3007.68;2799.98;2803.92;83505189;87839784960.000
06/20/2008;2820.83;2971.29;2714.89;2872.34;106046013;112761864192.000
06/23/2008;2826.12;2871.38;2795.08;2814.23;60071883;61898670080.000
06/24/2008;2800.41;2897.74;2796.95;2883.93;70750242;73209454592.000
06/25/2008;2878.07;3016.81;2869.24;3014.23;95910312;99533938688.000
06/26/2008;3010.90;3064.55;2976.27;3034.06;99594061;105598001152.000
06/27/2008;2937.67;2951.05;2827.26;2855.88;91294349;94466547712.000
06/30/2008;2822.05;2880.47;2790.07;2843.63;57255103;61121515520.000
07/01/2008;2849.75;2860.52;2753.38;2762.74;59600922;63427891200.000
07/02/2008;2766.71;2820.93;2746.19;2777.53;60161201;65019101184.000
07/03/2008;2735.79;2900.55;2698.91;2858.39;101952028;110870011904.000
07/04/2008;2848.56;2885.08;2817.68;2844.14;85917145;93316358144.000
07/07/2008;2849.86;2991.94;2849.86;2989.87;114823188;122049462272.000
07/08/2008;3004.68;3039.34;2946.37;3017.98;120179149;130586550272.000
07/09/2008;3037.21;3122.99;3037.21;3122.99;145466869;156975333376.000
07/10/2008;3080.80;3164.32;3057.39;3073.91;138509448;150949134336.000
07/11/2008;3060.46;3087.66;3007.65;3053.30;99676820;107067359232.000
07/14/2008;3029.02;3101.37;3018.77;3089.66;83929442;91370201088.000
07/15/2008;3100.62;3113.66;2967.75;2976.49;108604525;115151962112.000
07/16/2008;2942.44;2948.63;2808.09;2854.79;91877791;92594552832.000
07/17/2008;2897.53;2926.73;2813.12;2825.82;77964267;79797911552.000
07/18/2008;2850.59;2927.25;2786.23;2922.80;85380083;88448532480.000
07/21/2008;2903.17;3033.09;2889.50;3027.18;99827476;104990236672.000
07/22/2008;3023.10;3054.30;3009.83;3026.40;93530046;97836466176.000
07/23/2008;3042.31;3061.15;2999.14;3003.89;92086490;95849635840.000
07/24/2008;3023.37;3096.09;3021.64;3092.72;106653898;113510612992.000
07/25/2008;3057.35;3088.38;3035.62;3059.32;95066037;97847705600.000
07/28/2008;3078.21;3113.44;3072.49;3088.49;94078863;97426169856.000
07/29/2008;3050.92;3050.92;3006.32;3029.83;88276431;89114583040.000
07/30/2008;3063.52;3075.68;2989.69;3010.69;74665340;74874044416.000
07/31/2008;3018.93;3024.49;2920.05;2920.83;68883747;67315879936.000
08/01/2008;2902.20;2984.16;2862.34;2958.65;75191337;76309889024.000
08/04/2008;2936.07;2953.05;2883.64;2888.75;56864542;58112434176.000
08/05/2008;2893.33;2906.13;2804.27;2812.34;65968714;66342023168.000
08/06/2008;2830.71;2855.84;2783.22;2824.83;61355602;62324895744.000
08/07/2008;2821.06;2850.17;2787.35;2828.66;57079882;56496369664.000
08/08/2008;2827.95;2827.95;2669.26;2675.72;71996206;69129240576.000
08/11/2008;2662.41;2662.41;2503.52;2516.21;69122779;60867899392.000
08/12/2008;2485.59;2526.17;2462.64;2495.39;55673736;47707947008.000
08/13/2008;2478.71;2516.87;2411.01;2494.98;61182135;52765437952.000
08/14/2008;2480.64;2517.22;2462.78;2498.64;47762065;42809159680.000
08/15/2008;2495.05;2532.01;2466.23;2499.72;47019712;41600221184.000
08/18/2008;2503.59;2505.73;2349.73;2350.22;53907789;44277805056.000
08/19/2008;2319.83;2391.69;2306.26;2385.51;53937556;40397877248.000
08/20/2008;2370.84;2573.69;2347.39;2573.02;104123353;84767899648.000
08/21/2008;2535.41;2578.56;2475.38;2481.74;88897160;76281831424.000
08/22/2008;2459.73;2472.01;2391.96;2439.12;64799860;52383059968.000
08/25/2008;2440.57;2473.46;2407.25;2434.90;48247108;39419318272.000
08/26/2008;2406.27;2416.51;2319.18;2347.30;58783285;45896818688.000
08/27/2008;2336.68;2382.16;2298.70;2339.12;57164988;45980729344.000
08/28/2008;2337.11;2370.40;2325.94;2345.92;48982835;40721489920.000
08/29/2008;2355.06;2431.98;2350.88;2405.81;67220068;54631981056.000
09/01/2008;2387.77;2387.77;2313.28;2327.57;52320849;41999089664.000
09/02/2008;2311.71;2338.48;2285.90;2314.26;49205906;37807951872.000
09/03/2008;2308.09;2325.96;2250.61;2280.82;61787478;47621730304.000
09/04/2008;2273.81;2309.01;2253.71;2288.65;49806185;37717782528.000
09/05/2008;2229.15;2252.66;2203.50;2208.03;55725548;40788811776.000
09/08/2008;2211.33;2221.43;2127.22;2134.96;54418190;39670673408.000
09/09/2008;2141.65;2160.22;2118.47;2148.00;44164591;31491289088.000
09/10/2008;2134.17;2192.54;2110.31;2155.78;54479262;40249864192.000
09/11/2008;2148.37;2159.02;2089.10;2094.04;51038215;37927616512.000
09/12/2008;2092.20;2124.32;2088.29;2097.91;43183648;32009238528.000
09/16/2008;2078.03;2078.03;2019.93;2031.49;64700386;47006756864.000
09/17/2008;2016.71;2039.79;1965.05;1971.36;63091033;44201304064.000
09/18/2008;1923.28;1970.05;1836.45;1930.31;91781071;60616593408.000
09/19/2008;2101.37;2112.04;2081.76;2112.04;87618152;64107438080.000
09/22/2008;2257.52;2298.66;2154.66;2232.98;197056698;159106924544.000
09/23/2008;2164.43;2185.78;2127.66;2130.30;132969419;104038326272.000
09/24/2008;2083.50;2153.78;2064.44;2153.66;87848251;67172220928.000
09/25/2008;2157.40;2255.96;2153.52;2228.40;140873995;114778800128.000
09/26/2008;2238.06;2258.07;2194.19;2242.82;111839413;92805890048.000
10/06/2008;2204.49;2204.49;2138.66;2138.86;87735986;68871225344.000
10/07/2008;2061.65;2148.01;2041.97;2117.81;79857061;64779526144.000
10/08/2008;2063.92;2093.11;2026.58;2047.87;70988229;55722762240.000
10/09/2008;2084.32;2089.47;2019.87;2021.03;65731752;51401457664.000
10/10/2008;1943.39;1951.03;1902.35;1918.85;76151128;53750501376.000
10/13/2008;1899.50;1984.06;1847.22;1984.06;78938907;57274220544.000
10/14/2008;2049.64;2056.46;1931.48;1931.48;97615342;73827352576.000
10/15/2008;1910.20;1930.27;1890.39;1913.61;60260362;42158178304.000
10/16/2008;1837.71;1863.65;1815.23;1816.71;76303894;51006914560.000
10/17/2008;1831.84;1846.39;1803.43;1831.83;57906233;37984837632.000
10/20/2008;1828.02;1896.37;1803.55;1893.66;67175992;46206902272.000
10/21/2008;1898.76;1927.66;1881.48;1882.63;81803033;56243617792.000
10/22/2008;1858.62;1888.88;1837.14;1838.04;70222047;45606068224.000
10/23/2008;1801.30;1844.81;1787.11;1843.91;68882012;46181044224.000
10/24/2008;1840.91;1851.37;1786.15;1800.24;65727137;44042620928.000
10/27/2008;1767.58;1767.58;1670.14;1672.05;74933587;46854492160.000
10/28/2008;1633.91;1728.58;1626.04;1718.98;87450456;56210886656.000
10/29/2008;1737.00;1741.57;1667.14;1667.43;76830965;49773670400.000
10/30/2008;1677.74;1723.50;1655.39;1698.80;76487208;49017241600.000
10/31/2008;1691.58;1700.36;1657.33;1666.05;57516997;35000377344.000
11/03/2008;1652.75;1680.94;1645.86;1652.57;51533564;31900704768.000
11/04/2008;1645.30;1646.33;1603.96;1626.88;57116567;33615597568.000
11/05/2008;1637.62;1705.76;1637.62;1686.78;84431421;51008651264.000
11/06/2008;1646.61;1659.23;1634.78;1649.78;65202015;37388873728.000
11/07/2008;1621.10;1687.40;1613.94;1676.71;67232353;39895625728.000
11/10/2008;1709.44;1800.50;1709.44;1799.17;129396548;78155464704.000
11/11/2008;1793.73;1822.30;1775.85;1780.54;135077470;82765348864.000
11/12/2008;1760.21;1808.10;1755.64;1807.56;98203294;60096569344.000
11/13/2008;1785.03;1901.26;1779.08;1883.71;177510485;112443211776.000
11/14/2008;1901.97;1958.46;1883.52;1958.46;194648714;127329271808.000
11/17/2008;1951.82;2017.41;1937.67;2017.41;201729818;131291308032.000
11/18/2008;2004.77;2026.59;1861.81;1870.76;226151934;144349577216.000
11/19/2008;1860.15;1994.72;1856.10;1988.68;186980280;120125243392.000
11/20/2008;1954.47;2018.80;1937.74;1974.35;195639658;126302445568.000
11/21/2008;1914.91;2008.04;1872.59;1958.85;186258286;120720048128.000
11/24/2008;1954.01;1966.20;1875.93;1877.92;122988829;78945525760.000
11/25/2008;1907.82;1922.52;1834.23;1871.18;100523308;65258983424.000
11/26/2008;1868.85;1901.91;1850.94;1879.91;92587248;59277021184.000
11/27/2008;2000.86;2007.54;1906.49;1906.87;180756391;121777184768.000
11/28/2008;1888.05;1903.90;1856.44;1873.12;112854426;72612143104.000
12/01/2008;1867.18;1921.97;1846.32;1921.97;123171774;78052515840.000
12/02/2008;1879.67;1957.14;1872.11;1936.57;160960830;103158317056.000
12/03/2008;1952.09;2020.83;1952.09;2020.83;200662754;132054605824.000
12/04/2008;2047.17;2107.30;2038.10;2041.95;259529347;179101483008.000
12/05/2008;2028.48;2081.21;2024.17;2081.18;174697799;118519480320.000
12/08/2008;2108.68;2167.92;2102.69;2167.76;241852002;169075277824.000
12/09/2008;2176.13;2177.15;2108.08;2113.45;212368140;150507077632.000
12/10/2008;2100.80;2173.22;2089.25;2172.76;187205345;133453660160.000
12/11/2008;2166.93;2182.36;2115.80;2117.72;178390975;127124520960.000
12/12/2008;2098.26;2108.77;2001.21;2027.60;158394240;107040612352.000
12/15/2008;2057.67;2073.42;2009.68;2049.25;120081200;81391009792.000
12/16/2008;2032.19;2074.76;1991.14;2074.30;117978229;79307087872.000
12/17/2008;2081.89;2117.30;2076.31;2088.30;146189778;102346063872.000
12/18/2008;2087.90;2131.96;2069.81;2131.25;139434265;96848789504.000
12/19/2008;2126.08;2164.85;2121.60;2143.42;154955102;109757579264.000
12/22/2008;2142.62;2148.72;2091.70;2121.61;136389391;95561588736.000
12/23/2008;2124.15;2124.15;2008.71;2009.28;154810516;105531744256.000
12/24/2008;1980.99;2000.94;1955.56;1973.08;113105057;73553739776.000
12/25/2008;1977.72;1992.19;1934.59;1961.50;98063628;64490930176.000
12/26/2008;1960.39;1973.50;1940.23;1950.60;81637518;56576626688.000
12/29/2008;1941.38;1952.88;1900.35;1945.96;81505464;55675559936.000
12/30/2008;1943.87;1960.72;1918.45;1928.20;85069703;58397720576.000
12/31/2008;1929.82;1940.26;1904.71;1907.84;79389794;53808320512.000
01/05/2009;1938.44;1979.44;1929.15;1979.44;100013708;70205972480.000
01/06/2009;1976.67;2047.25;1968.25;2042.72;146879533;104664752128.000
01/07/2009;2042.68;2060.31;2032.47;2037.83;137364603;97136902144.000
01/08/2009;2001.03;2011.88;1975.90;1991.95;119722442;87159201792.000
01/09/2009;1990.25;2034.96;1990.25;2031.34;110157001;81291370496.000
01/12/2009;2025.86;2068.10;2020.22;2041.05;129285827;94475042816.000
01/13/2009;2014.65;2027.87;1989.67;1991.13;114769923;79915540480.000
01/14/2009;1987.79;2072.09;1987.79;2072.09;131008429;96807968768.000
01/15/2009;2052.90;2101.57;2047.16;2078.00;172035500;124437487616.000
01/16/2009;2088.27;2141.76;2088.27;2106.74;194276980;145852088320.000
01/19/2009;2124.96;2156.15;2100.56;2121.75;156607523;117243338752.000
01/20/2009;2116.48;2138.04;2097.55;2138.04;112561057;83420217344.000
01/21/2009;2107.84;2159.30;2101.23;2135.16;133718863;104183209984.000
01/22/2009;2148.52;2165.82;2130.53;2162.92;134578838;101556707328.000
01/23/2009;2158.80;2173.08;2143.35;2150.05;128827282;94434418688.000
02/02/2009;2170.24;2189.21;2153.17;2188.74;130195929;94525530112.000
02/03/2009;2188.95;2245.27;2182.27;2245.27;204089117;147279609856.000
02/04/2009;2255.36;2301.18;2253.62;2301.18;226700032;166154878976.000
02/05/2009;2299.36;2336.80;2262.10;2279.38;249221770;188497592320.000
02/06/2009;2286.08;2375.72;2286.08;2373.11;244648973;185664503808.000
02/09/2009;2407.76;2448.86;2389.32;2440.44;292107015;230642450432.000
02/10/2009;2430.57;2483.53;2404.56;2483.43;264608157;210270732288.000
02/11/2009;2442.46;2541.72;2429.66;2488.31;316724331;263513686016.000
02/12/2009;2493.95;2505.59;2408.71;2493.73;263844975;216659722240.000
02/13/2009;2497.68;2583.03;2484.82;2579.90;300563049;250028507136.000
02/16/2009;2604.19;2640.76;2572.15;2640.74;315357338;268190924800.000
02/17/2009;2637.19;2644.58;2552.79;2553.08;294370118;252733390848.000
02/18/2009;2496.62;2541.00;2440.38;2443.01;241741459;204181602304.000
02/19/2009;2464.74;2496.33;2430.64;2474.84;196205696;165907316736.000
02/20/2009;2478.28;2534.69;2454.48;2534.43;196950023;169648750592.000
02/23/2009;2525.31;2618.26;2503.18;2609.84;242417975;210932056064.000
02/24/2009;2576.20;2613.80;2489.11;2497.26;282070832;244805976064.000
02/25/2009;2521.12;2536.74;2421.97;2504.53;233154368;204191154176.000
02/26/2009;2497.88;2533.58;2337.75;2364.36;225377367;193522565120.000
02/27/2009;2332.15;2346.03;2259.13;2282.72;185391606;147853262848.000
03/02/2009;2260.38;2328.77;2255.73;2318.10;134732278;111086100480.000
03/03/2009;2259.94;2334.77;2248.17;2308.47;150607033;124082651136.000
03/04/2009;2316.52;2460.72;2316.52;2456.30;225610449;190155800576.000
03/05/2009;2485.41;2509.98;2426.29;2476.51;262563824;225291354112.000
03/06/2009;2430.33;2483.20;2422.92;2457.47;182116728;155769962496.000
03/09/2009;2471.00;2502.33;2357.75;2362.43;182944554;153924943872.000
03/10/2009;2333.80;2409.63;2327.63;2409.37;124744601;103446585344.000
03/11/2009;2456.92;2462.50;2382.89;2392.03;154284165;131012755456.000
03/12/2009;2378.95;2397.03;2322.49;2391.67;131546123;107788238848.000
03/13/2009;2404.16;2424.64;2371.80;2377.00;125338727;106425491456.000
03/16/2009;2368.83;2417.64;2352.96;2413.95;110632468;92783190016.000
03/17/2009;2416.97;2507.86;2410.51;2500.58;195618143;169642147840.000
03/18/2009;2513.27;2556.84;2507.82;2517.14;224142204;194238447616.000
03/19/2009;2521.56;2571.90;2515.69;2571.07;216729365;190724079616.000
03/20/2009;2577.11;2582.17;2524.74;2565.75;227719042;204291620864.000
03/23/2009;2569.45;2633.10;2561.10;2625.77;241888134;226239119360.000
03/24/2009;2660.92;2667.11;2627.10;2641.58;242059165;223440551936.000
03/25/2009;2626.14;2660.65;2584.59;2584.62;214935594;197380931584.000
03/26/2009;2588.36;2660.87;2556.65;2660.87;223395971;203500486656.000
03/27/2009;2681.04;2697.53;2663.82;2682.12;266183373;236508545024.000
03/30/2009;2684.56;2696.35;2660.28;2674.56;205448619;187790950400.000
03/31/2009;2623.27;2700.95;2608.20;2700.94;207965320;195282567168.000
04/01/2009;2712.49;2761.55;2712.49;2744.38;267055418;249575981056.000
04/02/2009;2754.91;2791.30;2749.12;2765.99;275548362;257107968000.000
04/03/2009;2786.15;2795.47;2735.27;2753.94;250823043;236503334912.000
04/07/2009;2755.84;2781.32;2733.59;2770.65;185758345;178108743680.000
04/08/2009;2758.58;2768.00;2670.75;2670.75;216367127;203176509440.000
04/09/2009;2667.32;2714.35;2647.57;2714.35;170125183;161407057920.000
04/10/2009;2735.50;2799.35;2726.67;2798.71;238300176;235146428416.000
04/13/2009;2824.10;2865.28;2821.56;2855.61;282477624;278949724160.000
04/14/2009;2851.52;2892.13;2836.88;2886.88;253656238;250880671744.000
04/15/2009;2872.42;2908.05;2839.78;2908.01;272933150;267223957504.000
04/16/2009;2912.53;2931.60;2862.84;2911.69;282572076;268731023360.000
04/17/2009;2900.78;2917.67;2844.86;2872.50;243617881;238701166592.000
04/20/2009;2864.65;2938.17;2862.40;2937.76;229966450;217345359872.000
04/21/2009;2901.30;2934.97;2866.23;2913.88;250954991;237042909184.000
04/22/2009;2926.35;2950.48;2779.15;2795.07;282420679;263456620544.000
04/23/2009;2770.37;2825.84;2752.12;2812.26;185749791;170722377728.000
04/24/2009;2823.99;2829.56;2788.72;2791.09;170819144;164220485632.000
04/27/2009;2785.45;2794.63;2698.54;2712.04;167898358;154055426048.000
04/28/2009;2689.17;2734.05;2686.84;2726.67;142540748;136562302976.000
04/29/2009;2727.03;2819.61;2721.60;2810.70;185873542;177256579072.000
04/30/2009;2821.90;2849.89;2810.41;2836.22;196689972;189110288384.000
05/04/2009;2848.01;2932.78;2847.20;2932.78;225797752;217126584320.000
05/05/2009;2952.38;2968.95;2933.54;2952.62;233912980;225698988032.000
05/06/2009;2947.47;2998.43;2938.97;2995.17;239913627;234987618304.000
05/07/2009;3013.10;3023.64;2945.96;2990.96;272088921;267813142528.000
05/08/2009;2975.13;3021.72;2952.40;3009.55;246461331;239567355904.000
05/11/2009;3026.89;3045.22;2927.03;2927.06;267063008;258665709568.000
05/12/2009;2901.74;2995.65;2898.38;2995.62;182908115;171566497792.000
05/13/2009;2999.50;3030.62;2983.71;3020.98;218177164;217912098816.000
05/14/2009;2990.79;3020.39;2971.50;3009.61;190559857;186564476928.000
05/15/2009;3017.64;3037.90;2994.96;3020.18;171744476;166161219584.000
05/18/2009;3009.14;3041.31;2963.75;3038.51;178452109;176623009792.000
05/19/2009;3062.75;3078.29;3048.80;3068.49;224133619;226553774080.000
05/20/2009;3071.67;3078.66;3043.20;3043.28;212612292;213391409152.000
05/21/2009;3025.40;3039.65;2963.90;2979.66;208640525;208751017984.000
05/22/2009;2963.60;2997.99;2950.88;2973.59;149592256;151171481600.000
05/25/2009;2908.46;2993.26;2894.57;2985.05;173165548;177505419264.000
05/26/2009;2989.02;3006.27;2963.18;2964.84;179606190;186941063168.000
05/27/2009;2978.91;3000.89;2952.86;2994.07;155724018;156492955648.000
06/01/2009;3029.54;3085.95;3029.54;3080.80;210447909;223545212928.000
06/02/2009;3099.54;3114.80;3080.47;3091.63;225665199;235232985088.000
06/03/2009;3091.40;3152.93;3089.74;3152.93;229198478;237367459840.000
06/04/2009;3140.25;3168.85;3106.27;3160.97;249050727;261809684480.000
06/05/2009;3171.59;3181.51;3144.32;3146.63;216952589;230708887552.000
06/08/2009;3145.91;3180.37;3120.18;3152.47;196347197;206602305536.000
06/09/2009;3152.20;3167.20;3093.55;3167.09;198309191;201621340160.000
06/10/2009;3177.36;3202.97;3171.14;3199.32;216900822;215249305600.000
06/11/2009;3193.25;3212.17;3160.19;3173.42;198131414;197279219712.000
06/12/2009;3167.72;3185.54;3087.92;3112.32;188635192;184577622016.000
06/15/2009;3114.46;3169.92;3104.01;3169.41;156664357;163020718080.000
06/16/2009;3140.46;3178.05;3132.05;3163.91;152818784;162680258560.000
06/17/2009;3160.07;3219.97;3137.63;3214.38;170468958;181306163200.000
06/18/2009;3218.94;3258.02;3218.94;3255.85;204859824;220356345856.000
06/19/2009;3260.05;3282.47;3244.36;3274.02;224380404;228149313536.000
06/22/2009;3297.81;3302.81;3256.89;3267.63;213168359;219398340608.000
06/23/2009;3222.59;3305.44;3215.24;3266.04;206605320;209243471872.000
06/24/2009;3263.53;3303.88;3252.88;3303.63;203700450;216795021312.000
06/25/2009;3308.25;3321.16;3286.66;3301.59;181069104;195873816576.000
06/26/2009;3309.30;3319.44;3295.29;3314.76;165418654;174520254464.000
06/29/2009;3318.46;3362.18;3309.31;3358.53;191764342;204716195840.000
06/30/2009;3368.46;3371.43;3332.63;3341.06;185720860;209115578368.000
07/01/2009;3329.41;3405.10;3326.56;3405.03;204245592;226176352256.000
07/02/2009;3416.21;3448.34;3412.19;3448.23;237540462;264930050048.000
07/03/2009;3423.82;3493.00;3417.10;3492.69;239845071;265738059776.000
07/06/2009;3499.71;3531.98;3494.01;3529.03;266029942;297360097280.000
07/07/2009;3523.69;3551.39;3493.04;3506.25;259220663;277489156096.000
07/08/2009;3475.93;3540.38;3441.62;3527.61;226382177;251064123392.000
07/09/2009;3525.85;3580.37;3515.83;3580.33;250838737;279190503424.000
07/10/2009;3583.80;3615.69;3564.73;3587.10;246259791;272628269056.000
07/13/2009;3573.36;3605.90;3564.43;3570.87;237008083;264225914880.000
07/14/2009;3584.18;3657.23;3584.18;3657.23;244923408;274867159040.000
07/15/2009;3669.74;3697.53;3669.74;3695.44;287973590;328073543680.000
07/16/2009;3715.84;3738.60;3685.74;3695.97;282440657;330761994240.000
07/17/2009;3693.47;3722.17;3677.68;3717.01;243586435;281009815552.000
07/20/2009;3729.60;3789.93;3716.86;3787.55;292570702;348790849536.000
07/21/2009;3797.93;3800.32;3715.01;3722.33;290381763;343892819968.000
07/22/2009;3715.10;3789.60;3715.10;3789.36;249517395;305102061568.000
07/23/2009;3795.37;3833.23;3781.82;3832.99;249550463;294532579328.000
07/24/2009;3851.41;3864.06;3760.83;3837.23;276272285;330471636992.000
07/27/2009;3849.63;3912.73;3841.89;3912.73;280536692;348240084992.000
07/28/2009;3914.79;3936.62;3875.07;3935.96;304175635;372464025600.000
07/29/2009;3922.66;3939.89;3618.23;3719.35;337878905;397374717952.000
07/30/2009;3742.38;3804.84;3658.46;3784.78;282174660;325944967168.000
07/31/2009;3815.85;3892.94;3790.01;3891.50;277514391;328705540096.000
08/03/2009;3909.54;3953.92;3877.12;3952.54;296001912;357102485504.000
08/04/2009;3964.89;3964.95;3882.82;3963.60;312248185;378177880064.000
08/05/2009;3958.95;3974.45;3875.37;3933.25;296910629;361196421120.000
08/06/2009;3901.33;3937.27;3796.61;3860.39;261396312;327115243520.000
08/07/2009;3852.91;3883.55;3732.92;3748.77;226399191;277316468736.000
08/10/2009;3785.01;3811.06;3687.69;3751.52;185855450;229288968192.000
08/11/2009;3765.28;3779.62;3718.91;3768.22;152980897;185676054528.000
08/12/2009;3757.98;3757.98;3591.19;3598.60;196850133;235989204992.000
08/13/2009;3599.39;3640.85;3536.38;3630.67;169729030;205457031168.000
08/14/2009;3628.87;3643.13;3509.29;3509.31;184295931;219005616128.000
08/17/2009;3450.03;3478.59;3287.43;3289.61;182926806;203987484672.000
08/18/2009;3256.79;3342.77;3234.05;3328.59;150987815;165673500672.000
08/19/2009;3332.94;3340.32;3131.58;3162.99;167803610;182802595840.000
08/20/2009;3166.75;3296.06;3166.75;3293.52;163553967;183560880128.000
08/21/2009;3284.50;3369.69;3263.07;3364.88;186556688;206912176128.000
08/24/2009;3379.81;3419.85;3342.61;3407.26;185315620;213486387200.000
08/25/2009;3389.16;3389.16;3210.46;3305.29;214274403;241267310592.000
08/26/2009;3280.29;3412.92;3261.55;3382.36;196422322;221181706240.000
08/27/2009;3363.08;3431.65;3333.10;3382.80;205110490;223514640384.000
08/28/2009;3375.66;3389.74;3257.85;3274.50;178147033;198686457856.000
08/31/2009;3227.93;3227.93;3042.83;3046.57;174185895;188469329920.000
09/01/2009;3016.57;3109.23;3001.21;3047.33;145266309;154220216320.000
09/02/2009;3027.72;3099.53;3017.44;3085.92;123369174;131645652992.000
09/03/2009;3091.69;3256.29;3087.18;3249.00;188104914;204923846656.000
09/04/2009;3249.85;3302.53;3233.82;3285.36;189472312;213011300352.000
09/07/2009;3305.39;3364.56;3288.39;3318.57;195552642;223916851200.000
09/08/2009;3298.75;3384.54;3262.06;3384.54;191314391;225637056512.000
09/09/2009;3397.86;3414.31;3353.49;3407.61;198608928;241965219840.000
09/10/2009;3391.48;3416.86;3359.20;3374.45;160880640;186429259776.000
09/11/2009;3363.37;3461.11;3362.91;3448.05;182661334;212758577152.000
09/14/2009;3458.70;3522.27;3453.92;3516.09;218727973;250588200960.000
09/15/2009;3521.08;3555.51;3490.55;3534.35;220252777;252642459648.000
09/16/2009;3523.05;3535.74;3449.61;3504.80;223404409;261113479168.000
09/17/2009;3517.97;3584.90;3517.97;3575.06;239510984;274012733440.000
09/18/2009;3581.68;3589.27;3421.53;3452.04;255923516;287070552064.000
09/21/2009;3415.28;3476.46;3342.31;3474.74;186277938;214327459840.000
09/22/2009;3462.77;3504.20;3391.50;3391.50;187557906;216627494912.000
09/23/2009;3386.67;3418.52;3287.73;3307.57;164411907;186044825600.000
09/24/2009;3287.67;3357.61;3220.54;3312.94;153001290;171102814208.000
09/25/2009;3292.37;3323.58;3261.13;3288.06;113239001;125067616256.000
09/28/2009;3296.26;3322.93;3181.67;3195.53;108220309;117759000576.000
09/29/2009;3195.68;3210.56;3119.27;3172.91;110989416;115120488448.000
09/30/2009;3194.39;3238.91;3192.03;3205.93;98760726;107566325760.000
10/09/2009;3274.92;3371.85;3270.15;3371.68;127483841;144514842624.000
10/12/2009;3387.37;3406.90;3359.63;3368.12;132912683;154798817280.000
10/13/2009;3360.59;3420.82;3355.84;3420.09;120770001;137565814784.000
10/14/2009;3430.71;3499.35;3427.36;3453.41;189607138;215892738048.000
10/15/2009;3480.67;3507.99;3447.70;3465.11;149164175;171641257984.000
10/16/2009;3474.82;3491.94;3414.46;3470.96;141825321;165567021056.000
10/19/2009;3469.49;3560.31;3463.78;3560.31;187698567;225624145920.000
10/20/2009;3584.38;3612.52;3573.49;3612.52;218789885;263024050176.000
10/21/2009;3608.82;3645.21;3590.72;3598.82;208938627;244758675456.000
10/22/2009;3590.98;3616.92;3575.68;3588.31;168722375;198112018432.000
10/23/2009;3595.01;3672.45;3595.01;3650.80;217884764;253456203776.000
10/26/2009;3659.31;3670.35;3621.19;3654.65;184099134;217866715136.000
10/27/2009;3625.45;3630.45;3551.19;3551.42;191018551;228009197568.000
10/28/2009;3539.22;3574.48;3497.15;3573.12;159407268;186149666816.000
10/29/2009;3509.39;3535.16;3483.36;3491.61;168790759;189835575296.000
10/30/2009;3547.07;3576.58;3519.13;3530.23;164813484;194063007744.000
11/02/2009;3454.27;3646.14;3443.29;3646.14;211918233;252709617664.000
11/03/2009;3656.80;3711.12;3652.03;3703.07;241034463;285621813248.000
11/04/2009;3710.08;3743.11;3685.83;3726.53;236000336;279165304832.000
11/05/2009;3729.87;3752.90;3707.51;3746.75;223048570;252412788736.000
11/06/2009;3771.90;3790.15;3754.81;3765.11;254018172;292988452864.000
11/09/2009;3769.12;3784.33;3737.02;3784.33;215971114;254054678528.000
11/10/2009;3806.88;3816.98;3789.95;3792.38;221085905;263315816448.000
11/11/2009;3787.46;3805.49;3758.41;3792.64;195168423;230346031104.000
11/12/2009;3802.04;3832.89;3787.66;3801.14;212289682;246788800512.000
11/13/2009;3789.98;3829.97;3748.06;3829.97;222439613;263935066112.000
11/16/2009;3853.98;3934.81;3853.98;3934.81;297418989;361275916288.000
11/17/2009;3952.81;3958.03;3927.94;3943.37;251367689;305577033728.000
11/18/2009;3946.45;3967.39;3926.95;3951.68;244585645;292821073920.000
11/19/2009;3958.57;3983.80;3933.97;3983.36;268003199;317709451264.000
11/20/2009;3971.86;4014.44;3944.35;3985.52;271205093;323052797952.000
11/23/2009;3991.31;4036.78;3985.77;4036.10;260326979;325537300480.000
11/24/2009;4051.40;4064.49;3866.51;3879.00;379183645;463660941312.000
11/25/2009;3868.76;3986.41;3842.21;3985.76;289907176;351447285760.000
11/26/2009;3992.26;4004.43;3813.20;3829.09;336993664;413047226368.000
11/27/2009;3777.20;3832.17;3701.07;3720.95;233121521;281066635264.000
11/30/2009;3753.28;3868.78;3753.28;3868.61;212629877;262487539712.000
12/01/2009;3866.25;3943.92;3851.74;3939.95;252052893;308972552192.000
12/02/2009;3958.78;3998.10;3950.06;3987.00;269735493;334657421312.000
12/03/2009;3983.79;3997.55;3945.31;3991.61;246273897;310456385536.000
12/04/2009;3981.71;4030.66;3881.03;3992.71;321070137;404044513280.000
12/07/2009;3993.40;4036.18;3985.92;4034.06;209885331;270132510720.000
12/08/2009;4036.40;4036.64;3961.84;4000.72;213929858;267986976768.000
12/09/2009;3955.35;3984.69;3914.93;3929.61;178013522;224103120896.000
12/10/2009;3952.60;3978.14;3919.33;3956.85;147855149;188238610432.000
12/11/2009;3968.15;3992.73;3943.77;3953.62;146700647;183425564672.000
12/14/2009;3951.30;3979.65;3860.86;3973.41;177642313;222891802624.000
12/15/2009;3958.94;3987.07;3944.88;3955.88;160739952;208081879040.000
12/16/2009;3940.90;3979.28;3920.38;3932.04;144896398;186789937152.000
12/17/2009;3938.67;3950.05;3828.15;3831.83;158889986;197873565696.000
12/18/2009;3796.51;3797.11;3714.40;3720.82;154565167;187926167552.000
12/21/2009;3714.76;3741.86;3693.12;3741.29;112561729;142094123008.000
12/22/2009;3746.34;3748.81;3629.88;3639.67;128799489;160520028160.000
12/23/2009;3636.42;3686.75;3632.32;3683.38;119405556;146755878912.000
12/24/2009;3691.73;3802.71;3685.03;3796.42;155756514;200954888192.000
12/25/2009;3792.10;3812.64;3771.30;3793.86;130349650;166444466176.000
12/28/2009;3802.74;3858.15;3802.74;3853.46;141725359;181199552512.000
12/29/2009;3857.16;3875.69;3819.03;3875.26;147147279;187839397888.000
12/30/2009;3876.48;3912.56;3868.40;3911.91;189239087;244257423360.000
12/31/2009;3913.28;3938.20;3896.30;3936.24;169051762;214656745472.000
01/04/2010;3955.15;3960.60;3913.82;3913.82;165470135;214996353024.000
01/05/2010;3922.08;3951.84;3878.71;3948.93;195874157;262846103552.000
01/06/2010;3943.95;3975.70;3929.29;3930.04;191302986;257935360000.000
01/07/2010;3927.84;3942.91;3833.08;3852.84;193936559;256943226880.000
01/08/2010;3836.12;3875.40;3809.78;3874.84;154450969;200809529344.000
01/11/2010;3964.10;3967.06;3866.89;3886.38;204487966;276471414784.000
01/12/2010;3880.96;3952.89;3851.54;3952.38;214955966;285135699968.000
01/13/2010;3862.64;3923.48;3848.06;3857.85;239589425;318195367936.000
01/14/2010;3868.80;3929.66;3859.34;3929.19;215848738;285563453440.000
01/15/2010;3933.72;3961.93;3914.89;3950.01;191867151;254698176512.000
01/18/2010;3941.24;3986.99;3930.30;3986.48;207507316;274126602240.000
01/19/2010;3992.59;4008.88;3974.14;3991.04;203310559;268124569600.000
01/20/2010;3994.38;3997.17;3847.51;3856.86;245231781;316060663808.000
01/21/2010;3856.78;3892.81;3824.70;3872.99;171701092;222452400128.000
01/22/2010;3825.66;3847.03;3726.03;3803.11;203265760;255260033024.000
01/25/2010;3778.37;3807.75;3760.22;3762.04;141496348;182945726464.000
01/26/2010;3756.65;3772.80;3618.10;3643.88;143194564;176952098816.000
01/27/2010;3642.57;3662.13;3582.24;3603.71;117799041;148330397696.000
01/28/2010;3600.42;3638.46;3579.04;3627.76;110817853;139998609408.000
01/29/2010;3610.00;3682.65;3595.67;3638.12;129289339;162932916224.000
02/01/2010;3630.35;3630.36;3543.87;3586.86;139540806;175523594240.000
02/02/2010;3602.34;3644.35;3570.31;3573.68;127056155;159078039552.000
02/03/2010;3583.53;3652.11;3494.57;3651.65;159451504;196327358464.000
02/04/2010;3628.35;3685.45;3610.72;3658.22;162063911;194435547136.000
02/05/2010;3580.02;3621.75;3556.54;3584.66;160646181;190638620672.000
02/08/2010;3580.97;3603.82;3564.31;3584.12;103868965;125686153216.000
02/09/2010;3578.35;3609.75;3574.40;3596.60;96480203;112743579648.000
02/10/2010;3620.71;3645.81;3611.03;3645.51;88257165;113183006720.000
02/11/2010;3647.53;3667.47;3638.06;3646.24;88210377;109616504832.000
02/12/2010;3657.32;3687.07;3655.52;3685.97;86368403;110909792256.000
02/22/2010;3682.89;3705.12;3669.19;3675.28;105035643;129867292672.000
02/23/2010;3668.13;3668.13;3599.41;3664.25;124370875;157583097856.000
02/24/2010;3643.26;3728.70;3629.53;3728.36;151229515;184372936704.000
02/25/2010;3737.05;3788.62;3735.00;3786.57;189397559;235610750976.000
02/26/2010;3778.75;3800.62;3765.07;3781.08;160743326;201701982208.000
03/01/2010;3787.36;3834.58;3787.10;3828.78;178802396;225807286272.000
03/02/2010;3831.91;3844.48;3803.57;3820.27;175195242;220856057856.000
03/03/2010;3820.55;3856.28;3805.39;3855.73;189770279;236026757120.000
03/04/2010;3859.02;3870.04;3735.44;3744.00;208163527;258016231424.000
03/05/2010;3746.31;3776.15;3725.04;3756.54;145514548;180052819968.000
03/08/2010;3766.03;3799.96;3757.47;3791.36;129449889;161464139776.000
03/09/2010;3790.11;3822.58;3755.97;3806.85;148352992;184958173184.000
03/10/2010;3804.98;3822.03;3752.53;3771.36;135458571;169897508864.000
03/11/2010;3771.65;3791.93;3729.47;3762.09;125871112;163006234624.000
03/12/2010;3761.65;3770.68;3708.52;3709.88;115394788;150099460096.000
03/15/2010;3706.21;3712.12;3647.32;3663.74;100788658;129696743424.000
03/16/2010;3663.38;3690.88;3646.44;3690.52;93569209;119364296704.000
03/17/2010;3700.11;3777.24;3696.17;3777.14;138112625;177449205760.000
03/18/2010;3782.50;3802.61;3761.54;3776.83;144470446;184769183744.000
03/19/2010;3779.52;3808.20;3759.84;3806.00;140617360;178416287744.000
03/22/2010;3810.76;3825.91;3800.20;3822.76;152625292;192155975680.000
03/23/2010;3824.59;3828.96;3788.72;3796.17;146826589;187810152448.000
