399325 成长40R 日线
      日期	    开盘	    最高	    最低	    收盘	    成交量	    成交额
01/24/2006;1179.88;1207.82;1178.20;1197.08;4438966;2924374784.000
01/25/2006;1196.76;1219.69;1196.57;1219.59;3709036;2369971712.000
02/06/2006;1221.06;1260.74;1219.97;1259.75;4213553;2743390720.000
02/07/2006;1261.67;1267.28;1237.76;1250.95;5079000;3442637312.000
02/08/2006;1249.42;1250.47;1233.45;1246.00;3106117;2018034560.000
02/09/2006;1244.09;1244.09;1223.49;1227.52;3342760;2145629824.000
02/10/2006;1226.15;1247.00;1225.43;1246.25;3414279;2135833344.000
02/13/2006;1247.87;1248.22;1231.73;1245.81;3420695;2146444544.000
02/14/2006;1245.44;1258.58;1241.05;1258.14;2631243;1812367616.000
02/15/2006;1259.19;1276.08;1259.19;1264.13;3415701;2297968128.000
02/16/2006;1262.67;1262.98;1234.50;1236.66;3356038;2169940992.000
02/17/2006;1242.21;1252.86;1237.68;1247.05;3389313;2049627648.000
02/20/2006;1247.99;1264.04;1243.89;1252.97;3761266;2741299712.000
02/21/2006;1251.11;1276.44;1240.97;1275.99;4240270;3463746816.000
02/22/2006;1276.24;1284.77;1270.73;1276.82;3868816;2922941952.000
02/23/2006;1276.53;1277.94;1260.93;1273.74;3381452;2280366848.000
02/24/2006;1273.70;1286.96;1273.70;1286.24;2977611;2092658816.000
02/27/2006;1291.42;1293.16;1268.19;1270.75;3217204;2265058816.000
02/28/2006;1268.61;1276.66;1252.43;1275.53;2563133;1730691328.000
03/01/2006;1267.51;1273.63;1261.68;1270.45;2824189;1847968256.000
03/02/2006;1271.61;1271.61;1248.05;1252.89;4083417;2503936256.000
03/03/2006;1253.52;1259.74;1242.12;1256.05;2798056;1878274688.000
03/06/2006;1255.62;1259.86;1248.89;1252.67;2421264;1631869312.000
03/07/2006;1251.92;1252.37;1218.98;1221.74;3019833;1809376256.000
03/08/2006;1218.19;1219.70;1194.73;1208.62;2850553;1768288384.000
03/09/2006;1208.84;1211.00;1198.46;1203.37;1873280;1103220096.000
03/10/2006;1203.93;1212.21;1203.93;1208.49;2255639;1331010560.000
03/13/2006;1208.95;1234.11;1208.95;1232.46;2320761;1277015936.000
03/14/2006;1233.67;1234.03;1222.32;1229.71;1738314;1057363776.000
03/15/2006;1229.37;1243.98;1227.32;1243.13;2025861;1248686720.000
03/16/2006;1243.22;1246.80;1237.30;1244.98;2100517;1332295808.000
03/17/2006;1244.95;1248.49;1238.28;1240.77;2221651;1448674560.000
03/20/2006;1241.05;1257.13;1233.11;1256.57;1944643;1301129600.000
03/21/2006;1256.24;1273.00;1253.96;1260.76;3077173;1850946816.000
03/22/2006;1261.75;1274.71;1257.75;1274.46;3266827;2078900480.000
03/23/2006;1273.32;1277.85;1270.13;1276.52;3656042;2154077952.000
03/24/2006;1276.89;1281.07;1267.77;1269.11;2872061;1841474304.000
03/27/2006;1268.61;1286.91;1261.77;1286.91;2738105;1672149248.000
03/28/2006;1287.77;1300.34;1286.29;1299.96;3011636;1916680192.000
03/29/2006;1301.67;1329.01;1297.67;1310.25;4796335;3097574400.000
03/30/2006;1309.61;1312.21;1298.03;1299.92;3777643;2573964544.000
03/31/2006;1297.82;1311.06;1291.98;1308.69;3041260;2147660032.000
04/03/2006;1311.75;1334.84;1311.75;1334.62;4396607;3006161664.000
04/04/2006;1335.61;1341.04;1321.70;1340.73;5023610;3141682176.000
04/05/2006;1354.15;1375.32;1350.26;1370.68;5958704;4080470016.000
04/06/2006;1371.32;1382.68;1362.99;1378.37;5143980;3397135104.000
04/07/2006;1377.45;1381.48;1356.01;1366.86;4319011;3088987648.000
04/10/2006;1366.58;1379.63;1357.09;1378.94;4143634;3003353088.000
04/11/2006;1382.08;1399.22;1370.38;1393.91;5364982;3780378880.000
04/12/2006;1393.72;1393.72;1375.24;1375.90;4398639;2969524224.000
04/13/2006;1379.51;1388.27;1355.13;1357.25;5714662;3544543744.000
04/14/2006;1357.86;1386.28;1356.14;1386.27;4800096;3294209280.000
04/17/2006;1383.27;1392.00;1369.91;1376.57;4556403;3525398784.000
04/18/2006;1379.95;1385.40;1360.19;1378.93;4868979;3770192384.000
04/19/2006;1377.28;1395.39;1373.47;1388.91;4663691;3358793216.000
04/20/2006;1390.10;1394.48;1371.73;1385.14;5072647;3476897024.000
04/21/2006;1384.85;1397.08;1363.84;1390.12;6076404;3918982656.000
04/24/2006;1393.41;1393.41;1351.27;1351.27;6495485;4253031168.000
04/25/2006;1346.63;1373.44;1327.67;1365.69;6249832;4042361344.000
04/26/2006;1366.91;1390.67;1366.09;1384.76;6342552;4355326464.000
04/27/2006;1388.71;1400.79;1374.39;1387.57;5500648;3589162496.000
04/28/2006;1370.45;1398.02;1352.71;1392.53;5793457;3762750976.000
05/08/2006;1398.42;1446.70;1398.42;1445.75;6114701;4011229184.000
05/09/2006;1456.56;1486.34;1453.26;1484.94;8060905;5335151104.000
05/10/2006;1489.34;1499.11;1466.24;1490.20;8408963;5594228736.000
05/11/2006;1495.35;1502.02;1451.64;1454.59;8705143;6035371008.000
05/12/2006;1449.67;1473.53;1439.38;1472.81;7956718;5195757568.000
05/15/2006;1485.34;1535.15;1470.42;1534.96;10194894;7066109440.000
05/16/2006;1560.60;1585.71;1504.05;1513.24;12071932;8983787520.000
05/17/2006;1518.69;1548.44;1498.12;1524.10;8082827;5970013184.000
05/18/2006;1514.17;1544.20;1492.55;1535.75;7940678;5484485632.000
05/19/2006;1536.52;1568.28;1524.32;1563.95;8166524;5471761920.000
05/22/2006;1565.89;1596.14;1555.96;1579.39;8230897;5729807360.000
05/23/2006;1567.55;1567.55;1512.93;1513.45;6493504;4223751168.000
05/24/2006;1531.25;1561.56;1491.00;1519.55;7482732;5247536640.000
05/25/2006;1513.50;1540.56;1503.60;1529.15;4576488;3248859136.000
05/26/2006;1536.89;1564.09;1532.06;1559.79;4942382;3673440000.000
05/29/2006;1572.97;1594.77;1559.95;1593.51;6154343;4255687168.000
05/30/2006;1607.80;1618.27;1592.68;1616.00;6256098;4991892992.000
05/31/2006;1618.68;1632.04;1595.48;1606.85;6546682;4942665216.000
06/01/2006;1606.86;1633.46;1603.81;1633.16;6033602;3993097216.000
06/02/2006;1634.01;1636.35;1596.91;1601.50;7324138;5108356608.000
06/05/2006;1598.89;1623.55;1575.75;1623.46;5929580;3882868992.000
06/06/2006;1619.47;1632.28;1608.86;1613.71;5472906;3673969664.000
06/07/2006;1610.12;1611.97;1539.23;1539.57;5515877;3665397248.000
06/08/2006;1527.96;1547.88;1502.83;1537.04;4667574;3070272000.000
06/09/2006;1533.00;1545.66;1511.26;1513.58;4193976;2926014464.000
06/12/2006;1493.64;1526.72;1487.12;1516.94;2819642;2162171904.000
06/13/2006;1504.27;1517.11;1486.62;1496.84;3630865;2688962560.000
06/14/2006;1491.01;1491.01;1458.33;1471.80;3295087;2142057088.000
06/15/2006;1471.32;1493.05;1471.32;1477.44;2403314;1510980864.000
06/16/2006;1483.83;1518.67;1483.83;1518.67;3442069;2281807872.000
06/19/2006;1506.22;1536.36;1490.85;1525.97;3361974;2206663168.000
06/20/2006;1524.31;1533.71;1515.66;1527.43;2715186;1785982592.000
06/21/2006;1525.31;1527.79;1503.13;1514.83;3530047;2317214464.000
06/22/2006;1518.09;1521.13;1505.59;1512.02;3289553;2256298496.000
06/23/2006;1511.87;1521.59;1500.50;1520.98;3154069;2060620416.000
06/26/2006;1523.75;1543.78;1523.75;1543.27;3646735;2589846528.000
06/27/2006;1547.31;1554.26;1537.40;1546.88;3992003;2711220992.000
06/28/2006;1545.71;1546.52;1535.74;1541.80;2879344;1960790272.000
06/29/2006;1545.07;1595.58;1545.07;1588.10;5628770;4105567488.000
06/30/2006;1595.02;1605.24;1577.42;1588.09;4504423;3165083648.000
07/03/2006;1594.92;1625.25;1594.92;1625.24;4382811;3281949440.000
07/04/2006;1628.66;1633.74;1602.71;1611.89;5668292;3908732416.000
07/05/2006;1610.84;1610.84;1580.89;1596.70;4048283;2726592512.000
07/06/2006;1590.74;1618.23;1588.28;1618.23;3749468;2570622720.000
07/07/2006;1622.57;1625.13;1606.63;1610.45;4758605;3386558208.000
07/10/2006;1613.22;1627.30;1601.31;1625.60;4578386;3143386880.000
07/11/2006;1627.84;1630.31;1612.22;1623.29;4345325;2951132672.000
07/12/2006;1622.59;1644.15;1622.59;1630.52;5560737;3921564416.000
07/13/2006;1628.71;1636.47;1553.95;1556.34;6510370;4484642304.000
07/14/2006;1544.97;1590.49;1537.67;1574.78;4299841;2988494592.000
07/17/2006;1573.38;1593.01;1568.69;1592.94;2918967;2176655616.000
07/18/2006;1592.68;1599.70;1580.58;1594.96;3036820;2221847552.000
07/19/2006;1585.47;1585.47;1541.20;1547.98;3391641;2386727168.000
07/20/2006;1547.97;1560.88;1539.24;1555.82;2050938;1464351488.000
07/21/2006;1555.90;1574.74;1555.77;1570.42;2469878;1814120704.000
07/24/2006;1552.79;1569.05;1537.74;1564.84;2325524;1604936320.000
07/25/2006;1565.64;1585.35;1565.64;1578.86;2443946;1716988672.000
07/26/2006;1581.57;1585.51;1569.44;1571.52;2391663;1637612544.000
07/27/2006;1571.09;1576.96;1542.46;1551.61;2723302;1912557440.000
07/28/2006;1551.75;1558.61;1519.76;1534.55;2633267;1908150528.000
07/31/2006;1529.85;1529.85;1467.53;1470.44;3117375;2087580288.000
08/01/2006;1471.21;1483.31;1457.52;1463.43;2348032;1526819584.000
08/02/2006;1462.55;1470.55;1435.03;1454.21;2341150;1484778880.000
08/03/2006;1454.60;1459.75;1435.70;1448.68;1682545;1132500480.000
08/04/2006;1449.45;1456.41;1423.40;1426.40;1912992;1229071616.000
08/07/2006;1418.33;1425.38;1404.04;1407.88;1930386;1167059072.000
08/08/2006;1410.33;1438.42;1410.33;1438.42;1925315;1237355904.000
08/09/2006;1438.48;1438.48;1423.72;1429.63;1541272;997709632.000
08/10/2006;1428.93;1452.60;1428.25;1452.60;1847997;1120617600.000
08/11/2006;1457.52;1457.52;1443.50;1454.70;1592702;1066271360.000
08/14/2006;1454.16;1464.13;1428.80;1433.56;2045420;1297792768.000
08/15/2006;1430.68;1458.58;1425.57;1458.58;2327988;1432167168.000
08/16/2006;1462.50;1482.85;1455.04;1482.25;3004507;1953669632.000
08/17/2006;1479.70;1479.70;1455.76;1469.08;1714761;1068690816.000
08/18/2006;1466.05;1480.03;1456.32;1458.14;1634527;1043237568.000
08/21/2006;1419.50;1460.02;1409.95;1459.16;1771940;1064245376.000
08/22/2006;1457.06;1477.76;1454.90;1474.63;1780754;1118312192.000
08/23/2006;1474.37;1484.54;1469.31;1471.61;1979837;1209504256.000
08/24/2006;1471.30;1476.98;1459.95;1475.18;1224032;774850816.000
08/25/2006;1477.34;1494.29;1473.34;1487.32;2299673;1451699456.000
08/28/2006;1489.71;1536.70;1489.71;1533.61;3621709;2477581824.000
08/29/2006;1538.03;1567.43;1534.13;1538.59;4057439;2861673984.000
08/30/2006;1536.38;1555.46;1527.29;1552.17;2556822;1659632640.000
08/31/2006;1553.36;1564.72;1548.89;1556.63;2729290;1710426880.000
09/01/2006;1559.02;1559.71;1528.85;1535.87;2579138;1695457792.000
09/04/2006;1532.90;1556.45;1532.19;1556.45;2280996;1560326400.000
09/05/2006;1559.64;1561.58;1541.72;1545.76;2613344;1709347200.000
09/06/2006;1543.48;1550.32;1530.98;1549.29;3476867;2080448256.000
09/07/2006;1550.49;1550.49;1524.73;1530.75;2761298;1637815040.000
09/08/2006;1531.16;1540.89;1525.60;1530.91;1853192;1182853504.000
09/11/2006;1530.24;1544.27;1515.77;1544.27;2333594;1588845568.000
09/12/2006;1546.01;1553.48;1540.01;1550.23;2816019;1886499072.000
09/13/2006;1551.29;1561.50;1538.99;1539.14;2814322;1869557248.000
09/14/2006;1535.46;1544.83;1520.80;1535.39;2375320;1552731136.000
09/15/2006;1535.05;1569.20;1533.30;1569.20;2970913;1986630912.000
09/18/2006;1576.81;1587.92;1569.15;1587.92;3321138;2185393920.000
09/19/2006;1590.38;1595.16;1576.45;1579.12;2500720;1680866048.000
09/20/2006;1577.72;1597.10;1567.34;1591.54;2540990;1735387264.000
09/21/2006;1593.31;1615.03;1591.48;1600.90;3393297;2191127552.000
09/22/2006;1602.16;1609.43;1590.15;1592.60;2879204;2067601920.000
09/25/2006;1588.59;1610.40;1582.15;1592.08;2187535;1592042880.000
09/26/2006;1588.47;1591.27;1562.55;1569.07;2153902;1506054656.000
09/27/2006;1566.61;1583.09;1558.59;1583.09;2358349;1593382144.000
09/28/2006;1584.01;1600.07;1581.95;1596.03;2451254;1616421504.000
09/29/2006;1597.69;1621.45;1597.69;1616.14;3047339;2158353664.000
10/09/2006;1630.72;1646.64;1619.48;1637.20;3915658;2778115584.000
10/10/2006;1640.50;1643.68;1622.57;1629.45;4031738;2590161920.000
10/11/2006;1628.03;1637.55;1622.51;1632.46;3200908;2044391808.000
10/12/2006;1633.46;1634.48;1615.19;1622.42;4451322;2696358912.000
10/13/2006;1619.43;1641.63;1618.04;1633.61;3617317;2374528768.000
10/16/2006;1633.62;1636.72;1609.87;1612.52;3110835;2083495552.000
10/17/2006;1611.98;1629.85;1605.11;1620.69;3023488;1879214208.000
10/18/2006;1621.02;1653.79;1619.83;1653.79;3287320;2199180544.000
10/19/2006;1653.23;1664.11;1647.66;1652.67;2917249;2058840832.000
10/20/2006;1654.50;1662.40;1644.94;1656.04;3270815;2210947840.000
10/23/2006;1656.61;1662.47;1612.15;1624.41;3089327;2140198656.000
10/24/2006;1627.23;1664.27;1627.23;1663.07;2862951;2059380480.000
10/25/2006;1669.44;1697.78;1668.16;1686.51;3672291;3136338176.000
10/26/2006;1688.82;1709.41;1672.44;1705.25;3636637;2737497344.000
10/27/2006;1703.81;1720.57;1683.82;1693.76;3940749;2992776704.000
10/30/2006;1687.48;1702.52;1672.00;1688.72;4569740;3079089408.000
10/31/2006;1690.69;1714.27;1690.69;1711.61;4170279;3043511808.000
11/01/2006;1714.88;1722.41;1700.55;1715.63;4272344;2983981568.000
11/02/2006;1716.83;1721.79;1699.27;1718.14;4947648;3328879360.000
11/03/2006;1719.43;1753.66;1719.16;1739.92;5093982;3647569408.000
11/06/2006;1727.02;1772.08;1718.75;1772.08;4816703;3328645120.000
11/07/2006;1777.65;1789.15;1756.63;1789.03;5626060;4286311424.000
11/08/2006;1787.77;1787.77;1758.19;1763.38;3623995;2742593024.000
11/09/2006;1757.53;1812.28;1750.61;1807.29;3846744;3104252160.000
11/10/2006;1807.76;1823.30;1760.84;1777.70;5017394;3779395072.000
11/13/2006;1767.92;1789.45;1724.45;1734.21;3975091;2895062528.000
11/14/2006;1733.46;1749.91;1701.17;1747.98;3153159;2378915072.000
11/15/2006;1748.87;1818.30;1748.82;1817.82;4019629;3337855744.000
11/16/2006;1824.15;1860.05;1818.39;1820.16;5092294;4269523968.000
11/17/2006;1816.37;1866.85;1804.57;1866.85;4586053;3613613056.000
11/20/2006;1875.18;1921.59;1875.18;1921.06;5994490;4835389952.000
11/21/2006;1922.54;1949.25;1886.56;1949.25;6934945;5533427200.000
11/22/2006;1946.71;1990.26;1934.22;1970.78;7095641;5633411072.000
11/23/2006;1970.09;1999.14;1956.20;1975.70;5957340;4673356288.000
11/24/2006;1973.43;1987.42;1945.21;1975.97;5815156;4714325504.000
11/27/2006;1971.22;2000.56;1961.36;2000.56;5665952;4509384704.000
11/28/2006;1998.20;2017.17;1976.77;1992.52;5112218;4165807360.000
11/29/2006;1956.49;2024.30;1941.03;2015.48;4732426;3905070848.000
11/30/2006;2021.28;2094.60;2021.28;2094.60;6959980;5562897920.000
12/01/2006;2100.14;2140.77;2100.14;2115.63;6412754;5655678976.000
12/04/2006;2112.33;2171.06;2110.50;2171.06;7484842;6249200640.000
12/05/2006;2173.32;2219.63;2158.06;2184.51;7544037;6588040704.000
12/06/2006;2186.21;2194.43;2083.01;2149.95;7618812;6492311040.000
12/07/2006;2139.65;2196.25;2131.99;2147.02;8082081;7141472256.000
12/08/2006;2121.48;2153.57;2089.06;2090.45;7324727;6175260672.000
12/11/2006;2090.15;2195.57;2089.36;2195.57;6575207;5395833856.000
12/12/2006;2208.55;2238.62;2174.15;2220.56;6285609;5739916800.000
12/13/2006;2222.72;2233.76;2189.08;2220.05;5691971;5057339904.000
12/14/2006;2220.96;2243.69;2204.33;2230.69;5363457;4532585984.000
12/15/2006;2239.16;2275.98;2221.38;2269.83;6543166;5726452736.000
12/18/2006;2275.38;2358.19;2275.38;2351.04;7647767;6678907904.000
12/19/2006;2359.56;2379.24;2299.75;2339.43;6914750;6363033088.000
12/20/2006;2323.80;2369.32;2304.08;2367.63;5717230;4889986560.000
12/21/2006;2367.77;2376.23;2333.20;2334.46;6634714;5452987904.000
12/22/2006;2322.14;2343.52;2300.99;2309.23;4767784;3937259776.000
12/25/2006;2308.23;2401.20;2308.23;2358.96;5766826;5471048704.000
12/26/2006;2367.44;2382.31;2319.56;2350.88;5491657;4730496000.000
12/27/2006;2349.21;2396.11;2343.75;2377.99;4918826;4431333376.000
12/28/2006;2385.86;2413.40;2339.37;2348.87;5589215;5137803776.000
12/29/2006;2364.10;2429.69;2364.10;2415.62;7585553;7038356480.000
01/04/2007;2445.90;2535.47;2427.73;2441.89;10797817;9754138624.000
01/05/2007;2426.44;2458.75;2398.40;2434.72;9002100;8312801280.000
01/08/2007;2433.62;2505.45;2433.62;2504.65;8928860;8182703104.000
01/09/2007;2516.23;2580.65;2497.54;2569.67;8358531;8175536640.000
01/10/2007;2583.44;2669.30;2571.14;2669.30;8897151;8930763776.000
01/11/2007;2664.27;2717.52;2638.00;2647.73;8580155;8707324928.000
01/12/2007;2638.36;2682.00;2574.03;2595.35;8373832;8519675904.000
01/15/2007;2593.21;2767.97;2593.21;2767.54;7794647;8414652416.000
01/16/2007;2789.81;2900.99;2786.80;2892.98;8157828;8648524800.000
01/17/2007;2879.37;2889.56;2741.04;2790.58;10329624;11331772416.000
01/18/2007;2743.93;2790.80;2671.04;2779.32;8958132;9663069184.000
01/19/2007;2779.68;2879.43;2779.68;2874.27;10167442;10892937216.000
01/22/2007;2914.93;2993.65;2903.03;2993.65;10288409;10937858048.000
01/23/2007;3003.45;3014.52;2883.33;2990.94;9821095;10596983808.000
01/24/2007;2983.37;3069.99;2952.77;3029.75;8254791;9112039424.000
01/25/2007;3003.21;3035.58;2934.23;2939.40;8397270;9810848768.000
01/26/2007;2900.77;3034.52;2849.64;3022.43;8378720;9358606336.000
01/29/2007;3039.41;3098.92;3030.50;3067.36;8193718;9202019328.000
01/30/2007;3082.38;3096.83;3034.00;3045.98;8035094;9316047872.000
01/31/2007;3048.80;3048.80;2807.80;2831.41;8932384;10172462080.000
02/01/2007;2785.33;2869.01;2739.66;2839.05;7044036;8014782464.000
02/02/2007;2835.22;2843.08;2703.39;2706.33;6223610;6950473216.000
02/05/2007;2687.06;2718.29;2630.58;2687.01;5141235;5800268288.000
02/06/2007;2684.60;2717.56;2595.51;2717.53;6550475;7613992448.000
02/07/2007;2744.47;2813.31;2744.47;2788.43;6539477;7157133312.000
02/08/2007;2794.96;2836.57;2767.50;2836.06;7090619;8035270656.000
02/09/2007;2844.65;2845.07;2785.39;2814.21;5440007;6087014400.000
02/12/2007;2810.34;2938.68;2807.68;2938.30;6114117;6687535104.000
02/13/2007;2967.22;3007.71;2946.57;2999.37;5775191;6843215872.000
02/14/2007;3003.24;3079.70;2995.11;3079.70;5947138;6887571456.000
02/15/2007;3097.79;3158.73;3097.79;3152.26;6702054;7786974208.000
02/16/2007;3175.72;3214.49;3129.81;3150.66;7264702;8534971904.000
02/26/2007;3146.31;3158.26;3087.72;3148.95;6204154;7586545152.000
02/27/2007;3157.78;3160.17;2867.69;2867.69;10066272;11646753792.000
02/28/2007;2804.47;2977.30;2804.47;2959.73;7787189;8816838656.000
03/01/2007;2971.18;2971.18;2826.45;2853.49;7082347;7541989376.000
03/02/2007;2853.57;2920.18;2835.82;2899.38;5231972;5869747200.000
03/05/2007;2898.55;2960.48;2812.81;2903.48;6288648;7250980352.000
03/06/2007;2893.80;2972.48;2868.33;2947.31;4562782;5378927616.000
03/07/2007;2968.03;3030.41;2966.00;3023.57;6517924;6955538432.000
03/08/2007;3030.59;3079.04;2994.60;3075.34;5775593;6295393280.000
03/09/2007;3077.40;3084.73;3018.08;3039.55;6875619;7513325568.000
03/12/2007;3033.49;3039.81;2966.12;3028.09;6411070;7136671744.000
03/13/2007;3028.74;3072.59;3007.92;3070.58;6924850;7673908224.000
03/14/2007;3031.26;3033.89;2946.71;3003.70;6678516;7591028736.000
03/15/2007;3005.54;3081.91;3005.39;3081.91;6740808;8145707008.000
03/16/2007;3096.61;3107.22;2999.63;3041.18;6506390;7600843776.000
03/19/2007;2953.34;3119.44;2935.12;3105.63;7690519;9035827200.000
03/20/2007;3118.80;3130.10;3084.39;3122.25;7153999;8584249856.000
03/21/2007;3141.29;3173.63;3125.81;3162.99;7369077;9094263808.000
03/22/2007;3177.47;3205.03;3153.45;3167.62;9661611;11844358144.000
03/23/2007;3161.15;3194.79;3117.55;3192.35;9258369;10883302400.000
03/26/2007;3200.65;3235.09;3184.11;3235.03;7816811;9421281280.000
03/27/2007;3241.94;3253.19;3215.50;3238.67;8305345;10410734592.000
03/28/2007;3243.49;3264.23;3127.06;3240.13;8434450;10762234880.000
03/29/2007;3253.18;3290.13;3223.15;3231.55;9968491;13323599872.000
03/30/2007;3216.51;3248.07;3190.02;3225.02;6037529;7732592128.000
04/02/2007;3234.85;3321.47;3234.85;3319.58;7379084;10015741952.000
04/03/2007;3335.33;3384.27;3326.00;3384.27;8782051;11762813952.000
04/04/2007;3388.12;3436.73;3377.68;3414.46;7714969;10624737280.000
04/05/2007;3410.48;3442.76;3393.58;3438.80;7270476;9623397376.000
04/06/2007;3418.39;3480.22;3401.16;3475.29;8363459;11225724928.000
04/09/2007;3497.52;3542.78;3497.52;3529.80;9715381;12788247552.000
04/10/2007;3539.71;3571.92;3466.42;3570.15;9256943;12965607424.000
04/11/2007;3580.16;3619.35;3535.33;3619.28;10472322;14856814592.000
04/12/2007;3626.50;3702.02;3608.38;3692.95;11343324;16209521664.000
04/13/2007;3699.90;3746.13;3688.80;3703.44;10142936;14608060416.000
04/16/2007;3721.39;3806.03;3710.45;3805.36;9938491;14745611264.000
04/17/2007;3835.76;3869.59;3731.94;3844.22;12682173;18828793856.000
04/18/2007;3849.58;3889.84;3801.70;3871.27;10339396;15792894976.000
04/19/2007;3854.60;3854.60;3553.89;3641.29;11255261;16554356736.000
04/20/2007;3647.94;3821.42;3647.94;3803.05;9140397;13386537984.000
04/23/2007;3842.82;3971.36;3842.82;3959.67;10920430;16486862848.000
04/24/2007;3997.38;4028.83;3932.51;3971.72;12971848;19448825856.000
04/25/2007;3954.15;3995.16;3878.48;3988.23;9342420;14203951104.000
04/26/2007;4014.21;4081.55;4014.21;4063.32;9090921;14356695040.000
04/27/2007;4063.28;4066.02;3974.13;3994.35;7153568;10456073216.000
04/30/2007;4017.39;4063.19;3995.12;4059.25;8859662;13993630720.000
05/08/2007;4145.62;4281.85;4139.12;4278.09;11016426;18186065920.000
05/09/2007;4338.92;4389.22;4179.75;4380.52;14413147;24001593344.000
05/10/2007;4391.14;4413.02;4331.36;4379.71;11587338;18841241600.000
05/11/2007;4330.60;4375.76;4259.71;4363.35;8457309;13942290432.000
05/14/2007;4305.15;4494.92;4263.34;4460.44;9083211;15553225728.000
05/15/2007;4468.13;4491.68;4311.60;4312.96;8905664;14587311104.000
05/16/2007;4299.19;4407.92;4239.20;4406.96;8290751;13025752064.000
05/17/2007;4444.34;4552.83;4429.05;4535.94;9989551;15873883136.000
05/18/2007;4544.90;4645.00;4501.64;4608.71;9664920;15959639040.000
05/21/2007;4456.82;4726.81;4440.74;4697.94;10999114;17855901696.000
05/22/2007;4716.15;4823.07;4716.15;4791.19;13723477;22720540672.000
05/23/2007;4807.59;4912.73;4768.44;4904.97;11688611;19624806400.000
05/24/2007;4932.75;4977.01;4793.83;4876.60;10938557;19283585024.000
05/25/2007;4869.62;4966.23;4857.34;4962.44;10279554;17690722304.000
05/28/2007;5022.71;5134.42;5022.71;5095.25;12288829;22289184768.000
05/29/2007;5133.61;5275.35;5127.15;5271.73;11250977;21536698368.000
05/30/2007;4927.69;5216.66;4818.52;4905.46;14439709;27622514688.000
05/31/2007;4869.89;5130.51;4647.08;5069.99;13872418;26320955392.000
06/01/2007;5092.89;5176.36;4810.68;4856.37;12602382;23781541888.000
06/04/2007;4846.80;4855.12;4467.59;4468.97;9375519;15859047424.000
06/05/2007;4337.69;4689.26;4146.95;4689.26;12520796;19185813504.000
06/06/2007;4732.13;4827.00;4596.47;4801.02;10476439;17863469056.000
06/07/2007;4824.60;4944.41;4809.74;4932.97;9209541;16770093056.000
06/08/2007;4940.25;5003.51;4887.62;4976.91;8579713;15622768640.000
06/11/2007;5008.94;5087.82;5000.47;5076.64;9051248;16917614592.000
06/12/2007;5100.36;5229.14;4963.75;5224.30;10776051;19813785600.000
06/13/2007;5274.44;5407.38;5274.44;5347.61;11303617;21343406080.000
06/14/2007;5324.29;5383.89;5213.16;5291.30;8876886;17161576448.000
06/15/2007;5251.62;5335.07;5220.49;5286.91;6824192;12839961600.000
06/18/2007;5414.56;5488.91;5405.61;5479.66;8933441;17458782208.000
06/19/2007;5485.86;5587.92;5423.91;5583.34;8757436;17050448896.000
06/20/2007;5738.30;5774.36;5496.38;5559.84;11693133;24064040960.000
06/21/2007;5525.20;5644.58;5496.10;5626.38;8457577;16427570176.000
06/22/2007;5642.83;5658.38;5315.46;5440.11;9519493;17856092160.000
06/25/2007;5456.91;5516.15;5172.60;5208.86;7944366;14971067392.000
06/26/2007;5128.10;5276.58;5029.57;5276.58;5796531;9563645952.000
06/27/2007;5315.40;5413.67;5224.75;5390.77;7095662;13938241536.000
06/28/2007;5390.86;5418.67;5129.22;5134.75;6662126;12701340672.000
06/29/2007;5116.25;5240.57;5035.72;5095.30;6745709;15077637120.000
07/02/2007;5051.21;5123.85;4909.76;5042.02;4532862;8508174336.000
07/03/2007;5079.39;5176.02;5040.81;5157.94;5118892;9802056704.000
07/04/2007;5171.78;5202.06;5024.95;5049.22;4575590;9284998144.000
07/05/2007;4963.42;5011.13;4757.74;4758.41;4837156;8537873920.000
07/06/2007;4737.67;4999.62;4680.35;4996.29;5589362;9567234048.000
07/09/2007;5038.23;5226.95;5036.06;5185.14;6099200;11819359232.000
07/10/2007;5193.02;5224.85;5100.05;5107.08;5830097;11577987072.000
07/11/2007;5093.98;5198.29;5078.03;5168.79;4023101;7755707904.000
07/12/2007;5178.55;5260.09;5160.70;5209.57;3001051;5736351744.000
07/13/2007;5220.38;5229.01;5151.87;5189.91;2125105;3616186112.000
07/16/2007;5189.50;5191.70;4996.77;4998.40;2731400;5198893056.000
07/17/2007;4981.92;5236.62;4958.40;5217.25;3585391;7296456704.000
07/18/2007;5224.39;5394.73;5194.08;5283.77;5263693;11303113728.000
07/19/2007;5247.38;5317.93;5221.39;5259.77;3023081;6154405888.000
07/20/2007;5249.38;5534.91;5247.62;5534.91;5374828;10220584960.000
07/23/2007;5632.98;5837.84;5632.98;5826.41;8697961;16931447808.000
07/24/2007;5877.38;5991.19;5810.48;5871.50;8544996;16076236800.000
07/25/2007;5886.19;5991.08;5862.22;5991.08;6715690;13630619648.000
07/26/2007;6018.59;6083.32;5937.65;6036.10;6734442;13488561152.000
07/27/2007;5984.22;6064.35;5911.29;6043.25;6689658;13740392448.000
07/30/2007;6012.44;6309.27;6012.44;6227.33;7738950;16161765376.000
07/31/2007;6214.33;6316.63;6161.21;6291.68;6769742;14617711616.000
08/01/2007;6310.49;6407.64;6080.75;6176.79;8334320;16580241408.000
08/02/2007;6224.42;6534.36;6224.42;6534.36;7184663;15884200960.000
08/03/2007;6593.51;6840.68;6593.51;6808.96;7640760;18950174720.000
08/06/2007;6863.97;6977.07;6799.66;6977.07;8303323;19422603264.000
08/07/2007;6981.30;7087.57;6816.29;7005.72;9280094;21611960320.000
08/08/2007;6909.60;6962.86;6670.23;6796.96;7239986;17417521152.000
08/09/2007;6795.96;7058.81;6794.15;7052.40;7141841;17272985600.000
08/10/2007;7012.50;7012.50;6744.42;6867.84;8537969;17829994496.000
08/13/2007;6805.47;6862.55;6700.69;6798.37;6450432;15151074304.000
08/14/2007;6788.33;6881.27;6727.07;6859.16;5257578;13060280320.000
08/15/2007;6895.75;6953.45;6740.62;6863.29;5312404;12698775552.000
08/16/2007;6803.03;6812.53;6636.02;6694.39;5930374;14304749568.000
08/17/2007;6640.65;6758.93;6498.04;6517.46;5497291;13261673472.000
08/20/2007;6679.97;6886.99;6679.97;6886.99;6332358;14083987456.000
08/21/2007;6956.15;7022.64;6905.81;6982.19;7808262;16607085568.000
08/22/2007;6933.52;7251.52;6909.86;7192.23;8689987;21035991040.000
08/23/2007;7244.16;7364.01;7159.07;7328.72;7918608;19901521920.000
08/24/2007;7347.68;7445.68;7347.68;7407.03;6331207;14519344128.000
08/27/2007;7433.52;7516.77;7398.98;7445.23;7188311;16376735744.000
08/28/2007;7421.32;7444.80;7303.38;7427.72;6305553;15111741440.000
08/29/2007;7375.37;7551.39;7243.12;7257.65;6805590;17646499840.000
08/30/2007;7275.13;7376.36;7206.48;7357.14;6167959;14805218304.000
08/31/2007;7359.30;7471.46;7310.37;7452.23;5987993;14129585152.000
09/03/2007;7486.85;7627.55;7486.85;7588.90;7309819;17702610944.000
09/04/2007;7615.71;7675.40;7526.70;7565.13;6884671;17580492800.000
09/05/2007;7565.99;7600.21;7393.31;7537.67;6301673;15868688384.000
09/06/2007;7574.01;7647.74;7498.42;7571.22;6198998;15045744640.000
09/07/2007;7532.10;7554.53;7391.51;7411.15;7005650;17165557760.000
09/10/2007;7321.00;7526.79;7259.53;7506.23;5920796;13727197184.000
09/11/2007;7511.03;7560.50;7144.25;7160.26;6021391;14823604224.000
09/12/2007;7124.28;7306.32;7096.58;7274.30;4687229;11868815360.000
09/13/2007;7319.09;7545.58;7292.09;7544.29;6201754;15257095168.000
09/14/2007;7573.76;7596.12;7437.67;7593.71;5453006;12314394624.000
09/17/2007;7564.29;7692.92;7538.29;7675.44;6028566;14836685824.000
09/18/2007;7696.41;7696.41;7474.82;7571.46;7874685;18965835776.000
09/19/2007;7593.93;7614.06;7456.13;7497.04;5386727;13494752256.000
09/20/2007;7523.20;7609.15;7479.11;7547.62;5716608;14783870976.000
09/21/2007;7568.24;7585.19;7350.37;7532.09;5742661;15049971712.000
09/24/2007;7549.76;7657.78;7450.19;7607.12;5404419;14122524672.000
09/25/2007;7612.74;7703.25;7529.62;7586.35;4164973;11681648640.000
09/26/2007;7543.96;7611.76;7376.07;7410.63;3909170;10480918528.000
09/27/2007;7389.34;7501.56;7308.31;7499.07;3346827;9441727488.000
09/28/2007;7569.24;7767.54;7569.24;7731.46;4949694;13788968960.000
10/08/2007;7909.64;7961.88;7770.83;7919.75;6153200;18444605440.000
10/09/2007;7908.50;7924.22;7811.79;7905.59;5363975;15709684736.000
10/10/2007;7915.25;8008.85;7858.13;7888.68;5045488;14487687168.000
10/11/2007;7890.40;7966.69;7832.85;7929.92;5711787;15933740032.000
10/12/2007;7928.49;7932.54;7408.18;7762.53;5939637;15339049984.000
10/15/2007;7713.74;7724.15;7552.05;7655.14;4873446;13094280192.000
10/16/2007;7655.46;7819.63;7629.27;7797.27;4324055;12366768128.000
10/17/2007;7781.73;7869.85;7727.45;7773.91;3486860;9369908224.000
10/18/2007;7769.92;7771.85;7520.36;7525.90;4379215;11486581760.000
10/19/2007;7557.55;7698.18;7506.86;7625.49;4737842;12985798656.000
10/22/2007;7489.64;7597.87;7401.13;7441.25;3817256;10032669696.000
10/23/2007;7423.62;7538.01;7311.36;7538.01;4233220;11884936192.000
10/24/2007;7551.52;7756.44;7550.90;7582.88;4587848;13819370496.000
10/25/2007;7553.78;7601.56;7259.73;7348.74;5187952;13738076160.000
10/26/2007;7298.72;7588.19;7297.75;7529.23;4315575;12562351104.000
10/29/2007;7601.60;7752.37;7601.60;7680.35;3504223;10464931840.000
10/30/2007;7719.10;7762.36;7651.86;7748.63;3348534;9751553024.000
10/31/2007;7831.55;8001.40;7730.10;8001.40;4398194;12671328256.000
11/01/2007;8015.13;8029.86;7869.68;7872.13;4278960;13191692288.000
11/02/2007;7734.19;7831.71;7614.27;7641.17;3730748;10289131520.000
11/05/2007;7595.76;7640.39;7397.00;7447.55;2867375;8447453696.000
11/06/2007;7423.62;7630.66;7418.78;7501.45;2284323;6389597696.000
11/07/2007;7553.27;7622.98;7447.05;7590.22;4454453;8925635584.000
11/08/2007;7577.55;7582.42;7320.81;7321.49;3721916;9802750976.000
11/09/2007;7248.81;7390.83;7126.54;7213.17;3663594;8628481024.000
11/12/2007;7056.89;7211.35;6857.55;7145.71;4269740;10368606208.000
11/13/2007;7226.05;7300.06;6915.88;6982.83;4066542;10278313984.000
11/14/2007;7085.18;7244.73;6891.44;7244.67;4071144;10350700544.000
11/15/2007;7210.54;7266.11;7093.20;7116.21;3538910;8468666880.000
11/16/2007;7027.69;7032.57;6819.96;6957.97;2701549;6988572160.000
11/19/2007;6960.19;6991.75;6871.74;6940.91;2608140;6397928960.000
11/20/2007;6871.48;7097.77;6814.87;7065.66;3652528;9359495168.000
11/21/2007;7081.69;7199.81;6964.09;6975.97;3135225;8109222912.000
11/22/2007;6818.94;6909.35;6638.22;6644.97;2719482;6997163008.000
11/23/2007;6576.58;6774.59;6576.58;6774.59;2069588;5378306560.000
11/26/2007;6887.03;6924.34;6697.17;6697.30;2377354;5817489408.000
11/27/2007;6637.10;6711.89;6552.15;6560.26;2223473;5607327744.000
11/28/2007;6581.18;6636.40;6414.57;6451.43;2294718;6076035584.000
11/29/2007;6534.06;6706.83;6383.95;6684.33;3483016;8413303296.000
11/30/2007;6704.74;6741.89;6553.70;6572.93;2376222;6262246400.000
12/03/2007;6546.85;6728.31;6506.37;6654.95;2315532;6323786240.000
12/04/2007;6677.92;6841.67;6677.92;6744.10;2434886;6280787456.000
12/05/2007;6750.90;6986.88;6713.17;6971.15;3772424;9498195968.000
12/06/2007;7003.62;7040.05;6891.99;6966.56;2526361;6389982720.000
12/07/2007;6980.35;7033.46;6944.63;7032.00;2766554;6678718976.000
12/10/2007;6896.78;7190.13;6879.27;7168.07;4587400;11222904832.000
12/11/2007;7194.16;7233.90;7038.37;7133.15;4632412;11019113472.000
12/12/2007;7075.21;7079.52;6945.09;7010.48;4914290;12759428096.000
12/13/2007;6948.64;6977.60;6676.36;6683.98;5032332;13353938944.000
12/14/2007;6603.00;6834.55;6549.79;6829.80;3780826;9256866816.000
12/17/2007;6821.93;6821.93;6616.87;6631.94;4874627;12344937472.000
12/18/2007;6592.63;6701.83;6557.45;6636.87;2997083;7024275968.000
12/19/2007;6692.77;6788.24;6673.33;6755.21;3816168;8437263872.000
12/20/2007;6790.33;6885.30;6715.51;6863.80;3820296;9363225600.000
12/21/2007;6827.60;6940.19;6813.59;6937.97;4126159;10901992448.000
12/24/2007;6990.77;7108.01;6959.29;7070.76;5968398;15353276416.000
12/25/2007;7079.43;7089.08;6999.93;7058.49;5377695;13563523072.000
12/26/2007;7066.71;7158.26;7034.83;7155.18;4918722;12479993856.000
12/27/2007;7176.60;7330.03;7115.29;7317.18;7057947;18567944192.000
12/28/2007;7321.84;7347.51;7267.53;7278.28;5022649;13476137984.000
01/02/2008;7294.43;7384.57;7181.04;7355.32;5143008;13391183872.000
01/03/2008;7365.78;7365.78;7233.84;7354.17;6907424;17729783808.000
01/04/2008;7372.23;7499.03;7333.82;7465.85;6295280;18100578304.000
01/07/2008;7462.70;7653.49;7454.71;7621.64;6313205;18595840000.000
01/08/2008;7623.28;7705.76;7493.48;7557.99;7676341;21123280896.000
01/09/2008;7529.12;7717.26;7510.62;7717.15;5442238;14894580736.000
01/10/2008;7746.02;7922.60;7712.30;7822.73;7912886;21283330048.000
01/11/2008;7850.30;7863.75;7750.61;7843.59;4517367;13366128640.000
01/14/2008;7851.17;7918.29;7796.48;7875.15;4957213;13503087616.000
01/15/2008;7878.98;7902.48;7772.63;7844.97;6519641;16886405120.000
01/16/2008;7758.77;7758.77;7508.86;7519.73;6643017;17503232000.000
01/17/2008;7456.14;7595.37;7136.39;7327.26;6807547;17505849344.000
01/18/2008;7328.48;7421.94;7248.05;7377.61;4684949;11562915840.000
01/21/2008;7393.07;7409.32;6994.82;7025.83;5264809;12591925248.000
01/22/2008;6850.32;6913.24;6454.54;6530.49;6835667;15920212992.000
01/23/2008;6586.85;6868.20;6550.76;6864.69;6104437;15501339648.000
01/24/2008;6933.05;7003.73;6789.74;6937.47;5462410;13584119808.000
01/25/2008;6922.34;7131.31;6852.96;7040.87;6106696;15801190400.000
01/28/2008;7007.02;7007.02;6559.33;6613.96;4702913;11201005568.000
01/29/2008;6612.06;6798.91;6557.64;6633.46;3191209;7668139008.000
01/30/2008;6739.54;6831.19;6452.33;6597.78;3524639;9260840960.000
01/31/2008;6609.87;6647.10;6483.31;6492.28;3196882;8240824320.000
02/01/2008;6481.69;6558.46;6223.91;6479.68;3845467;9208390656.000
02/04/2008;6655.27;7004.52;6655.27;7001.07;4130629;11373239296.000
02/05/2008;7003.16;7090.02;6892.31;6940.45;3387993;8542331392.000
02/13/2008;6863.61;6904.56;6726.26;6798.26;1855218;4456619008.000
02/14/2008;6850.05;6945.24;6829.29;6881.18;1805126;4366537216.000
02/15/2008;6845.69;6845.69;6698.96;6806.64;2692463;6060527616.000
02/18/2008;6900.91;7012.86;6860.11;6959.42;3446669;8109117952.000
02/19/2008;6982.08;7118.65;6917.96;7118.65;3710138;9563881472.000
02/20/2008;7119.78;7198.50;6951.35;6956.53;4624444;12129441792.000
02/21/2008;6915.52;6971.81;6768.13;6899.17;3441234;8806728704.000
02/22/2008;6873.18;6873.18;6572.94;6647.08;4066399;10097330176.000
02/25/2008;6654.24;6696.20;6347.30;6352.03;3371404;7823062528.000
02/26/2008;6525.74;6578.85;6105.14;6289.83;3685670;9352875008.000
02/27/2008;6322.81;6491.28;6264.75;6460.37;2895082;7312673792.000
02/28/2008;6474.10;6541.16;6418.28;6469.82;2781294;6524710912.000
02/29/2008;6456.92;6557.56;6429.80;6533.26;2647204;6031030784.000
03/03/2008;6496.52;6689.07;6395.87;6673.59;4029768;9699248128.000
03/04/2008;6693.24;6742.93;6466.81;6488.16;5064684;12578875392.000
03/05/2008;6454.16;6500.20;6225.26;6456.80;4722263;10895261696.000
03/06/2008;6449.84;6595.46;6368.72;6506.99;4365574;10453390336.000
03/07/2008;6448.53;6600.11;6394.51;6496.95;3055014;7613234688.000
03/10/2008;6455.01;6455.01;6138.74;6169.77;3572186;8556315648.000
03/11/2008;6096.11;6153.83;5955.33;6153.83;3030930;7085819904.000
03/12/2008;6280.59;6313.66;5962.00;5978.89;3144932;7331843584.000
03/13/2008;5909.50;5954.88;5689.02;5799.38;3541988;8568635392.000
03/14/2008;5761.59;5812.15;5637.14;5741.90;2314431;5489262592.000
03/17/2008;5718.36;5724.84;5511.49;5525.81;3168493;6877969920.000
03/18/2008;5465.35;5573.70;5170.70;5256.30;3901325;7928029696.000
03/19/2008;5380.06;5613.13;5346.43;5524.52;4835028;10716540928.000
03/20/2008;5468.56;5781.45;5225.07;5743.39;5703598;12580173824.000
03/21/2008;5755.85;5884.20;5708.00;5797.86;4782512;10535504896.000
03/24/2008;5874.56;5915.80;5540.18;5540.18;3651357;7942395392.000
03/25/2008;5457.04;5774.90;5391.38;5716.87;3646486;8107933184.000
03/26/2008;5736.81;5877.98;5708.85;5750.21;3267659;7683784704.000
03/27/2008;5670.26;5802.77;5592.04;5646.80;3795591;8454349824.000
03/28/2008;5599.12;5908.01;5511.29;5901.06;4698255;10733783040.000
03/31/2008;5743.53;5873.93;5714.39;5739.76;3110068;7080752128.000
04/01/2008;5727.01;5788.22;5365.70;5408.84;4290864;9409250304.000
04/02/2008;5444.00;5578.77;5259.76;5353.88;4221433;8996688896.000
04/03/2008;5299.76;5508.23;5203.17;5497.96;3536256;7366887424.000
04/07/2008;5421.87;5805.32;5378.12;5788.42;4376857;9211995136.000
04/08/2008;5792.03;5903.28;5745.76;5846.37;4642276;9965016064.000
04/09/2008;5819.36;5930.31;5613.27;5613.27;4225147;8823745536.000
04/10/2008;5517.84;5697.33;5461.28;5697.33;3349995;7263316480.000
04/11/2008;5733.82;5811.43;5679.71;5713.88;2588683;5631199744.000
04/14/2008;5575.01;5608.57;5275.85;5290.84;4056324;8355549696.000
04/15/2008;5243.46;5308.38;5052.90;5295.89;4476204;8624513024.000
04/16/2008;5259.13;5295.76;5130.68;5143.69;3202412;6357988864.000
04/17/2008;5172.05;5259.26;4874.90;4951.40;4026902;7847411200.000
04/18/2008;4889.46;4968.42;4737.77;4777.30;3174047;5891604480.000
04/21/2008;5115.95;5119.25;4582.88;4647.94;5199867;9712944128.000
04/22/2008;4539.87;4711.70;4457.38;4694.51;3746172;7274638848.000
04/23/2008;4683.92;4935.25;4667.45;4920.48;3523282;6170032640.000
04/24/2008;5338.61;5399.65;5247.95;5391.08;7592397;14502319104.000
04/25/2008;5433.36;5643.85;5372.69;5487.21;9206761;19243732992.000
04/28/2008;5393.25;5460.94;5300.62;5360.25;4432825;9062670336.000
04/29/2008;5319.65;5470.73;5305.85;5408.52;4217675;7858859520.000
04/30/2008;5413.49;5690.34;5413.49;5660.30;6777926;13440133120.000
05/05/2008;5727.12;5822.56;5684.71;5822.56;5870640;11645812736.000
05/06/2008;5788.68;5845.07;5689.68;5748.35;4967622;9855283200.000
05/07/2008;5712.68;5788.35;5438.64;5438.64;5132738;10477362176.000
05/08/2008;5384.27;5599.75;5360.33;5597.12;3680886;7570230272.000
05/09/2008;5645.78;5670.41;5421.49;5517.76;5905768;12212912128.000
05/12/2008;5422.44;5619.12;5342.91;5552.22;5100336;9693270016.000
05/13/2008;5378.09;5631.76;5357.09;5544.77;5765727;10283190272.000
05/14/2008;5533.73;5736.53;5533.73;5736.53;5904434;10862452736.000
05/15/2008;5789.90;5800.81;5656.61;5660.50;5584236;10854525952.000
05/16/2008;5641.84;5719.75;5529.67;5618.38;4336665;8125275136.000
05/19/2008;5604.85;5615.31;5520.61;5583.47;4323474;8128181760.000
05/20/2008;5581.13;5607.57;5264.62;5284.72;4682842;9200803840.000
05/21/2008;5233.45;5395.88;5120.56;5388.27;4907073;9089262592.000
05/22/2008;5330.61;5390.55;5287.65;5296.37;4567783;8110587392.000
05/23/2008;5287.53;5335.23;5150.97;5219.34;3188997;6131012608.000
05/26/2008;5166.55;5166.55;5021.21;5056.71;3190843;6085369344.000
05/27/2008;5045.46;5127.52;5020.17;5093.15;2407846;4928892416.000
05/28/2008;5104.50;5260.80;5076.48;5220.30;2904006;5736756736.000
05/29/2008;5207.51;5211.04;5062.98;5076.80;2542409;4972513792.000
05/30/2008;5077.51;5130.22;5027.57;5130.22;2649824;5373579264.000
06/02/2008;5109.17;5176.44;5063.62;5132.97;2612713;5267660288.000
06/03/2008;5144.19;5160.55;5064.81;5114.33;2583704;5024621056.000
06/04/2008;5111.35;5130.18;5015.09;5116.75;2982218;5926035456.000
06/05/2008;5086.24;5086.24;5022.56;5038.46;1552184;2936101120.000
06/06/2008;5037.93;5052.75;4956.81;4979.02;1976609;3937543168.000
06/10/2008;4776.58;4776.58;4562.33;4590.25;3150383;5470778880.000
06/11/2008;4492.61;4533.30;4401.64;4447.75;2887200;4838644224.000
06/12/2008;4440.19;4484.04;4309.74;4424.83;2848608;4969569792.000
06/13/2008;4412.73;4424.80;4253.76;4257.61;2397354;4115038464.000
06/16/2008;4254.61;4311.04;4143.81;4227.41;3027934;4202395392.000
06/17/2008;4208.87;4266.88;4019.83;4061.95;2768427;3921295872.000
06/18/2008;4024.30;4287.65;3929.17;4268.08;4669175;6510701056.000
06/19/2008;4222.24;4222.24;3933.21;3946.19;3938532;5554752512.000
06/20/2008;3976.39;4210.49;3838.95;4036.16;5239739;7342262272.000
06/23/2008;3975.61;4063.59;3933.65;3967.81;2612017;3704061440.000
06/24/2008;3951.00;4112.65;3939.90;4075.10;3420118;4630442496.000
06/25/2008;4066.66;4265.95;4050.96;4250.85;4778211;6666151936.000
06/26/2008;4241.29;4330.69;4189.82;4273.29;4808182;6576449024.000
06/27/2008;4140.98;4158.05;3992.26;4045.65;4909262;6677426688.000
06/30/2008;3992.67;4063.37;3951.92;4009.72;2680842;3571395584.000
07/01/2008;4024.22;4046.40;3893.66;3899.53;3373266;4208881408.000
07/02/2008;3910.52;3956.93;3876.31;3910.19;2877215;3619488768.000
07/03/2008;3848.87;4086.27;3809.58;4012.18;4721995;6767570944.000
07/04/2008;3995.93;4058.81;3967.06;4005.03;4478056;6295502848.000
07/07/2008;3999.82;4226.73;3999.82;4220.44;5740614;7723921408.000
07/08/2008;4248.59;4296.10;4178.81;4264.19;5423412;7692729344.000
07/09/2008;4282.48;4441.65;4282.48;4438.77;7555779;10088987648.000
07/10/2008;4375.41;4498.94;4332.04;4378.60;6309225;8578814976.000
07/11/2008;4355.71;4397.37;4259.24;4316.31;4743900;6033750528.000
07/14/2008;4279.55;4371.58;4261.52;4332.27;3483718;4671445504.000
07/15/2008;4349.42;4372.38;4144.29;4157.65;5189500;6511421440.000
07/16/2008;4114.88;4114.88;3941.01;4010.68;4274440;5188302336.000
07/17/2008;4062.92;4103.27;3959.21;3973.34;3315607;4021823744.000
07/18/2008;4007.59;4093.19;3919.43;4079.94;3399304;4465554432.000
07/21/2008;4068.21;4220.96;4034.03;4209.50;4001553;5342159360.000
07/22/2008;4209.26;4238.06;4176.05;4199.93;3373826;4407921152.000
07/23/2008;4221.84;4237.87;4141.59;4144.96;3443320;4543245824.000
07/24/2008;4164.24;4293.63;4164.24;4280.37;4874981;6191078912.000
07/25/2008;4233.62;4289.71;4198.42;4244.76;4480270;5394033664.000
07/28/2008;4271.79;4337.07;4249.87;4275.98;4303470;5658624512.000
07/29/2008;4211.49;4225.07;4172.08;4206.95;3265190;4432807936.000
07/30/2008;4241.60;4259.67;4137.42;4168.41;2734085;3689782272.000
07/31/2008;4179.10;4191.69;4055.06;4055.88;2769972;3500851456.000
08/01/2008;4031.52;4124.67;3958.63;4079.05;4258264;4763393536.000
08/04/2008;4050.52;4063.47;3970.19;3981.31;1957192;2570101760.000
08/05/2008;3973.84;4006.89;3839.20;3848.47;5289736;5784006656.000
08/06/2008;3866.42;3897.82;3771.23;3835.41;3448026;3945722624.000
08/07/2008;3824.26;3876.81;3804.91;3841.73;2120554;2512678656.000
08/08/2008;3848.48;3849.92;3670.64;3677.97;3017886;3640456960.000
08/11/2008;3668.62;3668.62;3462.22;3481.29;3277806;3623367680.000
08/12/2008;3445.33;3521.11;3427.22;3490.33;2681070;3071204864.000
08/13/2008;3469.23;3547.84;3404.60;3512.97;2652832;2738665984.000
08/14/2008;3498.43;3554.27;3464.99;3534.28;1950668;2121149696.000
08/15/2008;3543.45;3580.42;3501.25;3539.20;2034412;2143123840.000
08/18/2008;3545.81;3547.57;3371.74;3372.83;2734318;2766658560.000
08/19/2008;3340.41;3437.38;3314.14;3435.34;2012587;2012922240.000
08/20/2008;3414.67;3679.72;3388.62;3668.82;4198057;4463023104.000
08/21/2008;3631.55;3679.22;3542.34;3552.15;3578418;4114849024.000
08/22/2008;3531.56;3554.79;3425.50;3485.11;2098748;2453694208.000
08/25/2008;3489.68;3520.69;3436.06;3472.98;1472799;1719361024.000
08/26/2008;3440.55;3460.54;3356.27;3402.86;2175300;2278995200.000
08/27/2008;3390.49;3448.66;3329.25;3374.86;2101854;2206107136.000
08/28/2008;3378.20;3413.75;3355.00;3370.17;2017667;2199652608.000
08/29/2008;3383.02;3492.92;3365.08;3456.06;3460690;3508887552.000
09/01/2008;3431.88;3431.88;3302.96;3311.00;2348935;2606698240.000
09/02/2008;3289.51;3296.47;3249.12;3265.79;1684486;2160106496.000
09/03/2008;3245.24;3269.35;3165.29;3197.74;2248765;2673718528.000
09/04/2008;3184.36;3244.98;3166.83;3212.56;1631191;1830067200.000
09/05/2008;3136.24;3167.85;3107.99;3123.91;2093411;2177328640.000
09/08/2008;3131.28;3138.02;3001.82;3012.86;2208707;2031242752.000
09/09/2008;3019.41;3038.80;2985.99;3020.04;1643251;1579772544.000
09/10/2008;2998.24;3076.29;2961.30;3023.29;1862976;1793159552.000
09/11/2008;3014.25;3024.44;2912.47;2924.67;1986866;1824670208.000
09/12/2008;2915.14;2986.89;2915.14;2946.91;1986830;1773716992.000
09/16/2008;2941.36;2941.36;2868.80;2895.39;3331438;2881920256.000
09/17/2008;2877.71;2902.76;2796.78;2800.45;2955637;2717703424.000
09/18/2008;2735.85;2801.59;2626.65;2753.04;4350892;3921542400.000
09/19/2008;2982.00;2999.97;2953.02;2999.97;5383567;4976958464.000
09/22/2008;3193.65;3252.80;3027.35;3136.74;11217620;11104160768.000
09/23/2008;3025.16;3053.73;2968.96;2972.10;5757729;5663646720.000
09/24/2008;2913.58;2976.41;2883.56;2976.41;3708437;3481028096.000
09/25/2008;2982.95;3137.74;2975.79;3112.34;7721125;7114477568.000
09/26/2008;3123.66;3207.51;3096.48;3191.82;6962815;6313495552.000
10/06/2008;3128.56;3128.56;3040.48;3042.63;5569958;5099082240.000
10/07/2008;2937.19;3076.93;2905.50;3044.00;4780353;4230323200.000
10/08/2008;2959.73;3017.37;2930.98;2962.50;3873932;3476734720.000
10/09/2008;3017.57;3024.92;2893.72;2908.61;4169449;3450889216.000
10/10/2008;2797.69;2805.25;2738.61;2752.37;3742435;3143856384.000
10/13/2008;2737.61;2841.61;2652.55;2841.61;4206443;3634225408.000
10/14/2008;2923.33;2938.00;2806.41;2806.41;6314073;5332898816.000
10/15/2008;2776.04;2803.61;2756.07;2783.28;4228394;3272676096.000
10/16/2008;2679.35;2743.44;2665.48;2682.55;5638671;4370987008.000
10/17/2008;2703.22;2717.46;2638.25;2699.93;3816241;2944178432.000
10/20/2008;2702.40;2801.08;2654.02;2792.27;4535570;3539740416.000
10/21/2008;2790.95;2846.22;2779.80;2786.13;4769550;3884157440.000
10/22/2008;2744.82;2814.66;2724.00;2724.77;3769797;3021263104.000
10/23/2008;2697.79;2752.00;2669.04;2743.63;4618923;3752016128.000
10/24/2008;2737.52;2765.23;2646.13;2674.75;3721743;3056291072.000
10/27/2008;2634.79;2634.79;2494.24;2503.13;5407372;4204209408.000
10/28/2008;2434.90;2581.65;2433.25;2564.10;6967232;5160128512.000
10/29/2008;2598.09;2603.14;2523.96;2526.38;5104299;3829910528.000
10/30/2008;2535.49;2616.38;2513.77;2567.40;4785101;3648601344.000
10/31/2008;2561.25;2577.99;2532.76;2540.92;2739692;2078619648.000
11/03/2008;2520.20;2572.94;2515.46;2537.22;2525766;1902348544.000
11/04/2008;2529.54;2530.25;2454.59;2470.22;3181435;2268178944.000
11/05/2008;2493.27;2587.85;2493.27;2555.64;4091123;3098912512.000
11/06/2008;2501.76;2520.62;2479.58;2499.11;2977028;2057239552.000
11/07/2008;2462.19;2537.32;2447.62;2519.00;3103798;2320041984.000
11/10/2008;2564.24;2683.21;2564.24;2682.20;6501674;4949866496.000
11/11/2008;2677.26;2745.05;2652.01;2679.75;8483906;6511688704.000
11/12/2008;2644.63;2703.90;2633.17;2686.93;5314869;4255494400.000
11/13/2008;2654.26;2819.66;2635.87;2802.50;9841829;7839514112.000
11/14/2008;2829.74;2927.32;2800.22;2921.79;10981646;9180905472.000
11/17/2008;2915.06;2969.09;2881.11;2968.80;11230124;9481451520.000
11/18/2008;2945.72;2970.03;2735.04;2748.59;10507771;8637894656.000
11/19/2008;2731.49;2922.36;2720.35;2915.97;9018912;7173379072.000
11/20/2008;2858.44;2979.15;2843.97;2909.68;10671356;8761946112.000
11/21/2008;2829.30;2980.85;2774.41;2917.05;10891223;8653455360.000
11/24/2008;2911.79;2935.20;2814.96;2814.96;6199507;5205955584.000
11/25/2008;2860.12;2877.65;2785.66;2827.90;4762498;3975621120.000
11/26/2008;2837.63;2890.23;2800.78;2854.15;5900095;4525314048.000
11/27/2008;3040.68;3051.01;2923.35;2923.35;12286875;10308090880.000
11/28/2008;2884.60;2935.78;2867.32;2894.00;6072434;5156493824.000
12/01/2008;2886.64;2938.38;2871.97;2937.93;5623755;4898712576.000
12/02/2008;2874.33;2982.77;2864.28;2942.22;6539437;5610330624.000
12/03/2008;2961.32;3050.49;2961.32;3047.59;9019861;7815280640.000
12/04/2008;3084.72;3180.74;3074.16;3077.32;12520531;11389165568.000
12/05/2008;3069.91;3160.01;3064.61;3150.33;8920767;7818903552.000
12/08/2008;3188.73;3273.82;3181.38;3260.57;10942129;10228091904.000
12/09/2008;3276.64;3291.61;3195.78;3204.33;8973092;8752676864.000
12/10/2008;3183.21;3270.64;3147.05;3265.31;7987043;7576605696.000
12/11/2008;3254.29;3295.58;3198.92;3202.38;7595613;7278427648.000
12/12/2008;3179.76;3195.21;3034.57;3078.61;6815945;6236736512.000
12/15/2008;3119.12;3137.13;3018.24;3076.21;5239292;4991655424.000
12/16/2008;3056.22;3155.16;3023.58;3155.16;5410293;5000659456.000
12/17/2008;3162.07;3213.63;3155.52;3162.92;6043723;5729370624.000
12/18/2008;3163.21;3230.47;3133.10;3227.22;7433046;6780440064.000
12/19/2008;3215.61;3278.09;3204.02;3247.60;7336436;6985669632.000
12/22/2008;3243.09;3253.62;3135.08;3176.64;6232848;5660198912.000
12/23/2008;3183.85;3183.85;3035.33;3038.87;7463311;6621128704.000
12/24/2008;3004.99;3032.33;2965.88;2988.06;4483874;3918317568.000
12/25/2008;3001.31;3023.82;2937.11;2973.12;3762274;3493093120.000
12/26/2008;2952.19;2967.68;2911.43;2932.22;4508532;4035180288.000
12/29/2008;2888.05;2911.16;2816.33;2897.14;3667610;3131737088.000
12/30/2008;2892.36;2900.50;2834.85;2866.74;3616397;3144224256.000
12/31/2008;2861.72;2870.08;2818.67;2828.50;3240695;2800456960.000
01/05/2009;2850.32;2880.11;2830.24;2880.11;4153919;3751752704.000
01/06/2009;2881.65;2945.91;2866.47;2934.95;7380920;7362432000.000
01/07/2009;2922.85;2952.21;2907.53;2907.95;5927761;5913989120.000
01/08/2009;2856.97;2883.53;2828.18;2858.99;5904363;9126356992.000
01/09/2009;2859.97;2911.71;2859.64;2900.33;4920016;6537858560.000
01/12/2009;2885.81;2936.44;2875.81;2903.74;5369218;5969623552.000
01/13/2009;2850.09;2880.55;2830.32;2830.90;6566870;6845688320.000
01/14/2009;2824.35;2947.65;2824.35;2947.65;6351778;6782786048.000
01/15/2009;2913.34;2973.44;2903.76;2938.47;6843246;7412768768.000
01/16/2009;2951.42;3030.21;2951.42;2970.24;8131979;8389293056.000
01/19/2009;2989.85;3052.69;2973.93;3003.81;7115459;7651607552.000
01/20/2009;2997.88;3019.09;2968.48;3012.56;4509586;4772540928.000
01/21/2009;2968.63;3034.07;2950.03;3006.61;7846358;9048305664.000
01/22/2009;3015.46;3036.30;2978.80;3031.39;6504344;7187576832.000
01/23/2009;3018.55;3046.45;2998.44;3016.34;5558130;6045008384.000
02/02/2009;3044.59;3051.58;3006.89;3045.15;4797270;5390096896.000
02/03/2009;3044.99;3120.74;3026.44;3120.74;10377920;10287156224.000
02/04/2009;3130.92;3215.96;3125.04;3215.96;10714908;11365580800.000
02/05/2009;3214.16;3278.15;3160.26;3187.51;12484541;13555952640.000
02/06/2009;3194.99;3332.10;3194.99;3331.94;12180338;13099278336.000
02/09/2009;3384.56;3475.69;3372.14;3462.36;14078623;16066925568.000
02/10/2009;3453.20;3531.04;3401.31;3531.04;12370056;14431558656.000
02/11/2009;3469.67;3600.39;3447.92;3511.01;14396441;17051773952.000
02/12/2009;3518.55;3540.33;3383.53;3504.43;12958058;15317358592.000
02/13/2009;3506.66;3641.19;3485.74;3634.03;14660704;17006532608.000
02/16/2009;3660.57;3697.18;3607.45;3697.18;14659868;17713586176.000
02/17/2009;3695.39;3712.83;3565.02;3565.02;13787300;16239347712.000
02/18/2009;3492.59;3550.59;3397.07;3403.22;11634295;13466711040.000
02/19/2009;3423.92;3469.36;3367.26;3432.82;8790572;9937251328.000
02/20/2009;3442.74;3507.30;3405.30;3506.90;8132170;9735963648.000
02/23/2009;3516.26;3653.90;3502.84;3642.12;10895241;12505665536.000
02/24/2009;3605.56;3674.50;3501.54;3514.52;13454805;15646025728.000
02/25/2009;3518.90;3535.32;3349.63;3463.01;12610606;14581224448.000
02/26/2009;3443.68;3504.38;3210.69;3265.53;9996911;11387931648.000
02/27/2009;3231.35;3260.27;3139.62;3195.10;7973098;8384467456.000
03/02/2009;3162.18;3276.09;3151.94;3252.57;6619094;7076556288.000
03/03/2009;3168.64;3266.87;3147.64;3211.98;6904998;7432922624.000
03/04/2009;3228.74;3438.32;3228.74;3431.55;10222078;11443890176.000
03/05/2009;3477.96;3508.30;3382.06;3437.03;11195764;13081039872.000
03/06/2009;3381.08;3478.81;3369.03;3451.71;9169952;10279292928.000
03/09/2009;3477.82;3540.71;3334.92;3348.56;8336955;9250228224.000
03/10/2009;3304.05;3379.20;3277.66;3378.79;5684728;6051215872.000
03/11/2009;3457.27;3465.70;3334.12;3346.24;6587968;7476225536.000
03/12/2009;3333.43;3356.80;3248.81;3347.24;5760129;6271104512.000
03/13/2009;3360.45;3388.76;3310.54;3315.45;5085092;5661021696.000
03/16/2009;3302.06;3375.82;3280.04;3366.91;4861472;5236898304.000
03/17/2009;3368.72;3531.65;3365.22;3515.97;10713015;12083526656.000
03/18/2009;3537.16;3607.23;3525.71;3547.30;11541087;13836182528.000
03/19/2009;3552.61;3630.19;3548.41;3612.40;10088625;12467716096.000
03/20/2009;3622.64;3642.47;3545.31;3617.03;12332956;15829485568.000
03/23/2009;3619.25;3740.20;3605.62;3722.00;12706885;15321491456.000
03/24/2009;3776.76;3791.64;3724.21;3733.40;11573931;14399702016.000
03/25/2009;3706.41;3778.54;3668.25;3668.25;9114128;11411079168.000
03/26/2009;3661.92;3763.09;3614.15;3761.06;8749561;11235058688.000
03/27/2009;3785.55;3807.65;3738.30;3763.51;11064597;12961590272.000
03/30/2009;3766.58;3768.00;3702.70;3719.63;8250592;9781793792.000
03/31/2009;3656.63;3731.97;3636.14;3731.97;7195633;8308536832.000
04/01/2009;3753.26;3849.07;3753.26;3815.60;11851323;14670499840.000
04/02/2009;3828.12;3919.59;3828.12;3887.24;13273140;16640414720.000
04/03/2009;3919.85;3955.43;3862.86;3880.69;12860456;16085027840.000
04/07/2009;3886.64;3926.72;3838.57;3878.25;8708404;11264676864.000
04/08/2009;3865.50;3887.63;3749.04;3749.24;8764126;11398616064.000
04/09/2009;3748.41;3806.99;3717.87;3806.99;7510500;9425154048.000
04/10/2009;3831.43;3926.07;3824.98;3925.88;7276342;10349503488.000
04/13/2009;3973.82;4028.98;3966.28;4015.21;13823733;17484093440.000
04/14/2009;4008.85;4070.33;3982.25;4055.41;11406136;14365351936.000
04/15/2009;4038.82;4070.90;3963.94;4039.99;11309965;14709240832.000
04/16/2009;4049.85;4052.30;3963.65;4019.90;11219231;13712586752.000
04/17/2009;4004.40;4024.72;3937.38;3964.23;9720042;12555918336.000
04/20/2009;3953.29;4056.55;3949.23;4056.55;10487685;12889816064.000
04/21/2009;4005.55;4041.93;3942.40;4000.36;10456943;13268247552.000
04/22/2009;4011.77;4034.57;3813.89;3840.70;12072919;14974315520.000
04/23/2009;3818.98;3890.43;3797.24;3875.79;8032093;10202129408.000
04/24/2009;3894.03;3907.72;3845.63;3855.21;6305944;8273901568.000
04/27/2009;3849.42;3864.98;3754.80;3778.00;5548552;7201210880.000
04/28/2009;3750.31;3813.12;3748.25;3787.64;5599796;7582571520.000
04/29/2009;3791.24;3918.94;3788.18;3898.42;7235695;9521996800.000
04/30/2009;3934.07;3962.09;3904.11;3934.99;7894629;10025951232.000
05/04/2009;3959.44;4092.42;3958.25;4088.37;10582827;13846065152.000
05/05/2009;4108.24;4163.43;4091.71;4103.63;9263984;11755619328.000
05/06/2009;4083.20;4182.19;4075.19;4160.49;10747138;14395253760.000
05/07/2009;4181.28;4206.84;4076.82;4130.32;11383971;16567297024.000
05/08/2009;4095.41;4216.85;4079.85;4188.90;11139974;15163450368.000
05/11/2009;4224.44;4274.51;4082.91;4085.40;12026978;16339178496.000
05/12/2009;4051.10;4206.28;4047.53;4206.28;7201750;9855963136.000
05/13/2009;4213.27;4279.20;4210.86;4267.25;9018127;13494949888.000
05/14/2009;4222.61;4255.96;4172.60;4241.52;7409333;10550641664.000
05/15/2009;4253.64;4290.77;4208.70;4258.60;6061466;8482411520.000
05/18/2009;4232.49;4284.62;4167.54;4275.12;6005831;8578499072.000
05/19/2009;4321.21;4341.01;4291.57;4313.56;7819095;11860930560.000
05/20/2009;4329.25;4351.70;4300.05;4303.63;7812862;11627677696.000
05/21/2009;4273.47;4292.85;4155.38;4182.77;7834762;11749882880.000
05/22/2009;4155.14;4200.82;4116.77;4159.48;6260696;8767546368.000
05/25/2009;4067.39;4203.40;4045.81;4191.61;7175669;11204405248.000
05/26/2009;4189.00;4193.77;4118.50;4120.39;6453991;9588956160.000
05/27/2009;4155.38;4190.37;4118.50;4174.91;5566078;7828409344.000
06/01/2009;4236.24;4321.66;4236.24;4306.29;8004593;12113763328.000
06/02/2009;4342.97;4367.16;4319.71;4336.84;8635685;12977862656.000
06/03/2009;4336.90;4449.15;4329.03;4449.15;10359255;14488491008.000
06/04/2009;4423.94;4499.16;4399.42;4476.35;10445622;14572178432.000
06/05/2009;4489.25;4523.63;4442.48;4448.50;8845179;13284091904.000
06/08/2009;4442.81;4502.71;4404.43;4456.80;7872652;11001317376.000
06/09/2009;4461.47;4480.94;4385.12;4479.80;7173854;10361696256.000
06/10/2009;4496.36;4533.81;4481.75;4519.02;7359271;10450162688.000
06/11/2009;4514.07;4524.20;4444.33;4460.78;6955593;9557325824.000
06/12/2009;4451.06;4501.17;4374.26;4407.49;5875058;8294977024.000
06/15/2009;4446.77;4505.13;4407.67;4505.13;7315099;12101638144.000
06/16/2009;4459.40;4534.40;4440.26;4508.70;7441687;11746287616.000
06/17/2009;4501.50;4636.81;4453.30;4621.65;9594752;13302365184.000
06/18/2009;4616.31;4687.13;4615.62;4668.30;9708598;15242198016.000
06/19/2009;4672.17;4723.72;4644.96;4707.64;9340465;14055738368.000
06/22/2009;4735.62;4768.30;4695.85;4715.22;9908886;14240613376.000
06/23/2009;4647.08;4773.74;4609.96;4698.77;9010216;13076626432.000
06/24/2009;4692.78;4793.87;4676.88;4793.87;9433110;14882673664.000
06/25/2009;4801.32;4841.92;4771.87;4789.03;7185537;11610748928.000
06/26/2009;4813.83;4837.63;4781.73;4820.00;6859170;10834393088.000
06/29/2009;4821.53;4912.39;4791.77;4885.18;7316219;11394888704.000
06/30/2009;4905.14;4922.27;4858.67;4868.64;6762853;11098272768.000
07/01/2009;4857.12;4982.68;4844.45;4973.62;8033208;13448196096.000
07/02/2009;4984.47;5023.20;4959.48;5013.28;8185929;13763653632.000
07/03/2009;4971.45;5131.06;4963.35;5129.28;9022752;14667439104.000
07/06/2009;5144.05;5226.06;5144.05;5209.75;10955655;17695490048.000
07/07/2009;5195.68;5234.53;5125.32;5146.91;10826867;16764005376.000
07/08/2009;5094.00;5217.27;5044.01;5204.86;9498347;15150960640.000
07/09/2009;5211.25;5257.79;5177.05;5255.42;8882062;14585024512.000
07/10/2009;5260.85;5340.93;5247.32;5288.14;9631580;15552499712.000
07/13/2009;5272.55;5314.37;5238.17;5260.22;7997952;13107981312.000
07/14/2009;5277.52;5402.12;5277.52;5402.12;9758066;15978306560.000
07/15/2009;5414.41;5456.50;5395.37;5435.44;11392419;18777358336.000
07/16/2009;5471.17;5493.87;5415.12;5436.63;12495140;21155203072.000
07/17/2009;5431.97;5477.29;5389.40;5451.46;10053466;17198755840.000
07/20/2009;5454.32;5560.29;5415.05;5560.29;13830748;23136184320.000
07/21/2009;5548.23;5565.18;5457.18;5463.48;12259229;20414357504.000
07/22/2009;5429.83;5553.44;5429.83;5529.29;10552548;18329202688.000
07/23/2009;5531.56;5593.38;5504.92;5591.04;11210479;18856787968.000
07/24/2009;5620.15;5643.85;5478.08;5584.48;11714134;20155656192.000
07/27/2009;5613.26;5653.50;5558.89;5645.35;10557972;18961573888.000
07/28/2009;5669.87;5708.93;5594.56;5686.04;14355406;26368931840.000
07/29/2009;5668.97;5684.16;5247.13;5399.72;14540592;26118780928.000
07/30/2009;5422.61;5518.61;5282.95;5488.44;14650539;25604603904.000
07/31/2009;5530.32;5645.75;5488.18;5639.71;12150353;20501020672.000
08/03/2009;5657.18;5722.05;5589.97;5712.23;14047754;25245630464.000
08/04/2009;5736.11;5778.60;5627.74;5778.60;13407742;24768970752.000
08/05/2009;5768.85;5785.61;5640.49;5708.62;11261024;20579153920.000
08/06/2009;5666.50;5709.25;5497.91;5593.32;11590618;20110147584.000
08/07/2009;5586.33;5627.67;5378.95;5393.61;9406006;16953158656.000
08/10/2009;5440.55;5498.74;5283.09;5373.47;8364039;15330337792.000
08/11/2009;5402.90;5465.66;5348.98;5437.85;7362832;13489184768.000
08/12/2009;5417.62;5424.73;5192.53;5210.14;8896202;15043146752.000
08/13/2009;5216.85;5277.57;5109.72;5265.82;7849626;13169119232.000
08/14/2009;5272.17;5310.57;5132.50;5150.99;8069680;13817882624.000
08/17/2009;5063.43;5105.16;4775.92;4783.83;9163819;14137312256.000
08/18/2009;4742.72;4876.17;4719.82;4851.57;6825533;10778257408.000
08/19/2009;4879.80;4879.80;4565.36;4629.13;7899323;12187948032.000
08/20/2009;4631.05;4834.74;4631.05;4831.46;8266575;13654744064.000
08/21/2009;4812.04;4972.61;4789.53;4937.67;8177622;13522634752.000
08/24/2009;4961.63;5015.51;4916.10;4995.30;7510157;12385994752.000
08/25/2009;4970.54;4970.54;4685.30;4830.28;8578495;13473295360.000
08/26/2009;4793.27;4992.01;4776.41;4942.49;7297252;12050964480.000
08/27/2009;4893.30;5011.08;4851.20;4904.76;7987495;12509218816.000
08/28/2009;4895.46;4927.79;4696.46;4705.00;7435102;12341538816.000
08/31/2009;4645.44;4645.44;4343.32;4352.97;8708943;12719202304.000
09/01/2009;4308.51;4479.84;4287.80;4385.66;7912238;11388461056.000
09/02/2009;4348.41;4480.41;4330.18;4449.75;6025472;8907742208.000
09/03/2009;4464.33;4747.72;4460.99;4728.06;9384249;13999483904.000
09/04/2009;4732.96;4808.98;4713.03;4770.80;8020166;12484426752.000
09/07/2009;4801.69;4898.71;4771.51;4817.13;8130622;12860258304.000
09/08/2009;4785.37;4938.79;4737.44;4938.79;8390178;13897299968.000
09/09/2009;4962.36;5006.83;4911.93;5003.17;9052239;15572512768.000
09/10/2009;4977.19;5017.55;4927.92;4946.68;5921161;10047303680.000
09/11/2009;4928.45;5083.51;4927.71;5050.24;6792096;11432620032.000
09/14/2009;5069.07;5158.30;5056.51;5155.43;7373477;11816919040.000
09/15/2009;5163.23;5207.06;5136.07;5173.58;6096554;10545585152.000
09/16/2009;5157.66;5187.40;5030.93;5113.95;8444250;13453350912.000
09/17/2009;5126.17;5203.84;5126.17;5188.06;7473901;12001277952.000
09/18/2009;5195.08;5196.98;4916.18;4978.89;8128468;13018909696.000
09/21/2009;4912.87;5024.08;4815.84;5022.19;7025700;11415191552.000
09/22/2009;4996.56;5112.48;4944.37;4945.66;7301682;13179517952.000
09/23/2009;4930.04;4979.59;4773.88;4813.67;6412716;11027478528.000
09/24/2009;4782.58;4895.94;4665.05;4826.18;6491340;10154412032.000
09/25/2009;4783.33;4860.95;4730.47;4792.66;4340470;6689376768.000
09/28/2009;4810.03;4863.07;4650.42;4668.11;4060718;6479436800.000
09/29/2009;4670.20;4703.58;4587.84;4663.93;4285247;6463349248.000
09/30/2009;4700.12;4771.63;4699.79;4732.64;3992576;6336781824.000
10/09/2009;4843.14;4987.16;4828.30;4987.16;5441051;9281197056.000
10/12/2009;5000.88;5034.28;4956.92;4972.98;5316721;9124419584.000
10/13/2009;4960.62;5035.29;4948.64;5035.29;4719960;7778907648.000
10/14/2009;5053.05;5155.21;5046.87;5074.21;8445100;14070858752.000
10/15/2009;5118.57;5175.13;5076.35;5091.04;6347705;10986568704.000
10/16/2009;5109.79;5150.79;5024.39;5115.96;5232925;9530210304.000
10/19/2009;5116.02;5299.18;5109.51;5299.18;9378661;16233047040.000
10/20/2009;5326.96;5361.96;5295.13;5350.87;8525913;15246995456.000
10/21/2009;5361.75;5434.38;5339.67;5351.23;8200080;13965367296.000
10/22/2009;5335.02;5370.54;5294.54;5315.76;6052270;10723146752.000
10/23/2009;5330.82;5458.81;5330.82;5418.43;7842365;14698959872.000
10/26/2009;5435.83;5467.39;5380.34;5425.78;6124923;11622037504.000
10/27/2009;5386.56;5398.77;5273.54;5274.48;7028454;12713194496.000
10/28/2009;5248.55;5328.70;5204.98;5313.70;6117084;10805069824.000
10/29/2009;5217.00;5280.61;5193.39;5201.58;5981875;10847387648.000
10/30/2009;5299.40;5334.16;5246.32;5257.37;5341111;9798621184.000
11/02/2009;5133.75;5469.21;5109.01;5469.21;7590785;13605128192.000
11/03/2009;5478.83;5538.32;5470.83;5525.07;8288124;14042893312.000
11/04/2009;5526.21;5578.80;5477.44;5538.31;8759693;14921845760.000
11/05/2009;5543.02;5559.84;5462.92;5526.17;6849514;11696923648.000
11/06/2009;5566.87;5594.25;5538.62;5558.79;8703879;14342582272.000
11/09/2009;5555.29;5577.58;5494.98;5561.37;6897447;11668017152.000
11/10/2009;5605.94;5643.02;5601.27;5611.13;8285937;14632926208.000
11/11/2009;5605.88;5624.37;5544.07;5596.52;6147467;10767428608.000
11/12/2009;5606.88;5676.67;5599.09;5621.54;8209418;14061200384.000
11/13/2009;5605.17;5655.34;5536.07;5655.34;8401541;14745248768.000
11/16/2009;5694.96;5844.71;5694.96;5844.71;11508541;21381027840.000
11/17/2009;5867.30;5877.51;5818.47;5834.53;8779613;16306253824.000
11/18/2009;5842.77;5884.92;5798.50;5832.79;7573551;14583532544.000
11/19/2009;5847.51;5876.40;5796.84;5862.76;7925865;14481200128.000
11/20/2009;5842.68;5880.39;5780.32;5832.43;8343876;14424554496.000
11/23/2009;5840.79;5916.53;5816.10;5916.53;8685558;15622419456.000
11/24/2009;5936.06;5997.38;5712.93;5730.85;13833883;24091473920.000
11/25/2009;5715.54;5887.48;5686.11;5886.50;10046929;18548090880.000
11/26/2009;5894.55;5922.22;5624.00;5646.30;12333704;22017368064.000
11/27/2009;5556.65;5654.04;5447.17;5476.84;8754877;15526907904.000
11/30/2009;5529.09;5734.82;5529.09;5734.82;7461740;14433517568.000
12/01/2009;5736.96;5824.77;5677.44;5824.77;9144809;16910304256.000
12/02/2009;5845.04;5895.52;5835.52;5865.30;9607852;16988407808.000
12/03/2009;5857.79;5867.05;5774.79;5845.71;7769163;14046061568.000
12/04/2009;5841.22;5937.32;5726.54;5904.40;11089795;20446320640.000
12/07/2009;5912.77;5994.06;5893.56;5982.92;9263270;16427862016.000
12/08/2009;5992.80;5998.10;5881.30;5939.91;8413792;14881990656.000
12/09/2009;5873.55;5926.02;5843.56;5857.29;5610928;10387907584.000
12/10/2009;5887.04;5947.82;5839.79;5889.22;5693464;10225754112.000
12/11/2009;5910.95;5962.06;5873.25;5892.60;5212988;9433050112.000
12/14/2009;5891.07;5952.77;5753.98;5938.05;6713299;12356834304.000
12/15/2009;5905.75;5960.94;5875.16;5897.81;7208338;12233881600.000
12/16/2009;5870.36;5932.88;5835.52;5843.93;4637013;8695254016.000
12/17/2009;5853.68;5877.40;5688.19;5696.70;5156041;9342860288.000
12/18/2009;5644.34;5644.34;5489.93;5496.48;6613306;10964025344.000
12/21/2009;5490.79;5533.37;5449.68;5533.37;4438684;7554868224.000
12/22/2009;5547.06;5554.94;5366.25;5366.25;4893995;8767469568.000
12/23/2009;5366.47;5452.01;5366.47;5442.29;4381485;7928370688.000
12/24/2009;5464.21;5655.50;5446.23;5649.09;6028141;11244896256.000
12/25/2009;5644.13;5674.17;5614.29;5645.29;4105836;7607979520.000
12/28/2009;5652.52;5734.38;5652.52;5714.64;4609093;7980162048.000
12/29/2009;5725.31;5760.65;5668.04;5760.65;5011015;8653210624.000
12/30/2009;5760.40;5821.73;5740.00;5821.67;7093673;12288894976.000
12/31/2009;5811.89;5835.08;5750.95;5834.62;5637524;10161903616.000
01/04/2010;5863.71;5869.48;5761.93;5761.93;5472813;10279684096.000
01/05/2010;5761.86;5771.33;5660.73;5733.14;7393326;13657729024.000
01/06/2010;5730.05;5799.98;5705.62;5737.87;7433135;14453394432.000
01/07/2010;5736.83;5759.13;5601.43;5636.96;7138920;14163267584.000
01/08/2010;5622.42;5665.07;5572.77;5664.29;5734918;10795352064.000
01/11/2010;5778.98;5802.35;5589.51;5621.55;7915418;14427970560.000
01/12/2010;5643.40;5719.60;5555.47;5719.60;8689781;17947713536.000
01/13/2010;5571.52;5661.23;5542.21;5582.74;10413444;20898277376.000
01/14/2010;5588.27;5668.88;5562.37;5663.45;7553513;15269629952.000
01/15/2010;5674.86;5728.34;5632.42;5700.57;7188218;13692221440.000
01/18/2010;5691.16;5754.49;5667.78;5744.12;6862869;13940859904.000
01/19/2010;5759.20;5780.79;5721.97;5746.43;7014467;13829047296.000
01/20/2010;5757.08;5764.79;5530.04;5555.53;8041139;15398512640.000
01/21/2010;5563.49;5588.95;5472.49;5560.71;6012294;12243350528.000
01/22/2010;5493.06;5493.06;5326.27;5425.37;7209131;14478002176.000
01/25/2010;5390.96;5458.91;5365.62;5371.02;3847311;7116561408.000
01/26/2010;5379.62;5400.61;5192.37;5223.24;5708758;10589062144.000
01/27/2010;5224.00;5266.06;5134.39;5186.97;5153306;9790541824.000
01/28/2010;5177.83;5252.62;5142.01;5230.23;5044643;9039054848.000
01/29/2010;5203.49;5329.42;5179.43;5241.44;4898929;8756285440.000
02/01/2010;5232.41;5233.75;5112.41;5170.82;4848054;8675561472.000
02/02/2010;5187.91;5259.85;5151.38;5152.60;4593195;7852324864.000
02/03/2010;5174.00;5296.44;5051.77;5296.44;6988360;12582786048.000
02/04/2010;5268.74;5307.00;5231.47;5254.15;5900832;10294217728.000
02/05/2010;5137.94;5181.81;5098.95;5140.61;4864254;8726353920.000
02/08/2010;5133.67;5176.38;5107.04;5156.81;2981701;5507646976.000
02/09/2010;5156.92;5203.10;5145.92;5182.31;3638908;6498609152.000
02/10/2010;5231.71;5280.00;5225.29;5280.00;3346640;6655661568.000
02/11/2010;5281.23;5314.00;5270.50;5289.17;3093596;6206101504.000
02/12/2010;5301.85;5340.71;5297.30;5330.05;2922095;6260194816.000
02/22/2010;5322.34;5331.60;5285.70;5285.73;2889626;5655675904.000
02/23/2010;5274.81;5274.81;5154.13;5216.24;3613590;6912997376.000
02/24/2010;5187.13;5300.87;5163.81;5300.87;4303091;7744462336.000
02/25/2010;5315.54;5405.83;5315.54;5404.52;5632713;10553325568.000
02/26/2010;5399.96;5422.49;5375.24;5382.24;4266831;8578114560.000
03/01/2010;5392.86;5436.75;5385.31;5432.50;4940319;9272057856.000
03/02/2010;5441.22;5493.05;5414.57;5429.88;6294109;11066834944.000
03/03/2010;5430.38;5465.68;5388.21;5465.68;5448813;9495665664.000
03/04/2010;5471.34;5496.90;5319.90;5330.69;6045221;11150408704.000
03/05/2010;5324.69;5364.25;5295.95;5332.81;3884414;7608817664.000
03/08/2010;5348.74;5387.23;5325.98;5370.42;4041503;7931073024.000
03/09/2010;5374.45;5432.75;5312.32;5400.18;5617108;10213962752.000
03/10/2010;5395.26;5426.10;5337.42;5352.89;4319683;8164321792.000
03/11/2010;5360.26;5392.67;5306.44;5346.10;3955106;7439413760.000
03/12/2010;5345.09;5350.76;5252.02;5255.19;3725417;6893197312.000
03/15/2010;5252.28;5256.59;5133.54;5151.78;3238856;6091083264.000
03/16/2010;5165.76;5189.74;5120.55;5172.25;2647436;4916720640.000
03/17/2010;5196.22;5287.81;5180.46;5287.81;3711123;6791310336.000
03/18/2010;5297.35;5341.02;5278.56;5296.69;4247197;6910736384.000
03/19/2010;5310.21;5346.64;5273.01;5340.36;4492763;7727100928.000
03/22/2010;5344.31;5373.92;5326.63;5350.03;3867955;6933423104.000
03/23/2010;5355.66;5382.55;5324.83;5338.77;3908752;7782193664.000
